53.770580 19566514.000000 20 80 38 0.000000 0.866919 0.926521 0.984190 0.977067 0.943469 0.822157 0.385420 0.334508 0.251643 0.120461 0.027941 -0.111433 -0.387652 -0.483937 -0.589066 -0.717430 -0.809710 -0.970832 0.980081 0.965867 0.907201 0.622215 0.378822 0.295296 0.199371 0.115584 -0.048581 -0.120331 -0.334516 -0.509425 -0.633932 -0.701366 -0.845660 -0.978948 
60.576050 43946428.000000 36 36 36 0.853083 0.969705 0.980453 0.985772 0.975479 0.939299 0.876426 0.402022 0.369255 0.303201 0.177475 0.009918 -0.120839 -0.394277 -0.465583 -0.615998 -0.735369 -0.798814 -0.904878 0.986111 0.973854 0.940342 0.869012 0.406982 0.378797 0.254932 0.154106 0.027658 -0.120111 -0.379438 -0.448858 -0.620724 -0.729891 -0.799191 -0.949671 
60.346153 6976545.000000 36 36 34 0.989211 0.963972 0.943340 0.986294 0.981632 0.946598 0.866341 0.575729 0.428962 0.344016 0.262145 0.099049 -0.092755 -0.363539 -0.446637 -0.599632 -0.754733 -0.826610 -0.956303 0.985484 0.977527 0.939715 0.890158 0.446877 0.368724 0.325477 0.225981 0.038596 -0.135515 -0.371583 -0.451137 -0.600904 -0.768164 -0.817929 -0.926825 
60.657001 2824504.750000 36 36 34 0.936415 0.974173 0.964551 0.985722 0.982776 0.953151 0.853304 0.693130 0.597941 0.464555 0.219606 0.067843 -0.053205 -0.338176 -0.421127 -0.521551 -0.774952 -0.872868 -0.965132 0.985817 0.982626 0.958189 0.856235 0.670066 0.613308 0.433347 0.204932 0.074461 -0.119385 -0.357687 -0.424233 -0.561880 -0.768543 -0.856619 -0.966237 
61.443069 7724390.000000 36 34 34 0.922965 0.969329 0.955965 0.983844 0.980426 0.948756 0.866813 0.676578 0.553733 0.355361 0.180067 -0.025127 -0.300308 -0.429396 -0.544000 -0.633872 -0.769676 -0.842438 -0.973068 0.983947 0.980827 0.948191 0.861147 0.716211 0.585704 0.460921 0.235434 0.103732 -0.049437 -0.333336 -0.432324 -0.527331 -0.777067 -0.878756 -0.966548 
56.384907 10300646.000000 34 34 34 0.954852 0.916163 0.809958 0.982286 0.977687 0.938314 0.853287 0.525411 0.384646 0.286036 0.042616 -0.127445 -0.228611 -0.462913 -0.564632 -0.672211 -0.780029 -0.836439 -0.951480 0.983064 0.979056 0.941698 0.864586 0.629076 0.413942 0.289108 0.025489 -0.206161 -0.348327 -0.509728 -0.578758 -0.680266 -0.789661 -0.845887 -0.964137 
46.625458 11880017.000000 34 30 32 0.878854 0.623582 0.668115 0.975429 0.963883 0.850325 0.609107 0.446817 0.340959 0.223181 0.054150 -0.138227 -0.248656 -0.446882 -0.534337 -0.674878 -0.793723 -0.901166 -0.973080 0.981914 0.975344 0.911504 0.735977 0.477270 0.374340 0.265644 0.077413 -0.120620 -0.198453 -0.401072 -0.543314 -0.631449 -0.773396 -0.896638 -0.963657 
45.315056 10063366.000000 30 34 30 0.447613 0.820921 0.680642 0.982674 0.976227 0.852933 0.624187 0.390605 0.315711 0.195453 -0.040863 -0.149809 -0.281570 -0.459631 -0.546351 -0.641240 -0.799829 -0.892588 -0.972597 0.981500 0.973334 0.847693 0.601561 0.412217 0.318691 0.214912 -0.004267 -0.154050 -0.284813 -0.475953 -0.545059 -0.669215 -0.802043 -0.908781 -0.977689 
40.775837 3414158.000000 32 228 46 0.729691 0.417096 0.459316 0.981754 0.957869 0.801676 0.607336 0.419393 0.323822 0.231902 -0.003523 -0.110084 -0.255406 -0.415398 -0.567666 -0.662623 -0.812489 -0.908468 -0.976038 0.980853 0.968356 0.824548 0.617859 0.398966 0.305379 0.215327 -0.004257 -0.130086 -0.237271 -0.436013 -0.548561 -0.664783 -0.800769 -0.892331 -0.979170 
56.671886 12459505.000000 148 86 90 0.522627 0.898512 0.715156 0.977920 0.974590 0.926632 0.873734 0.618631 0.405502 0.348084 0.168689 -0.042671 -0.158258 -0.349557 -0.512989 -0.627695 -0.727395 -0.864661 -0.945963 0.977292 0.973192 0.863331 0.665584 0.471297 0.359987 0.290116 -0.008402 -0.079844 -0.250195 -0.420906 -0.548030 -0.654674 -0.812426 -0.900107 -0.968267 
63.602211 32175264.000000 60 64 68 0.799731 0.980521 0.954456 0.982359 0.980502 0.930698 0.789582 0.498633 0.416598 0.386148 0.170821 -0.053355 -0.153355 -0.353211 -0.574401 -0.634877 -0.719614 -0.835376 -0.923926 0.980841 0.978182 0.923673 0.865691 0.516372 0.415491 0.376366 0.139465 -0.054236 -0.146847 -0.357513 -0.543363 -0.628179 -0.703816 -0.845273 -0.911569 
59.881226 26550610.000000 34 36 38 0.973193 0.958574 0.896726 0.985647 0.980557 0.931301 0.835042 0.544096 0.465300 0.364808 0.099060 -0.070387 -0.252316 -0.502683 -0.652825 -0.725844 -0.892033 -0.969044 -0.990660 0.984273 0.981059 0.933791 0.803677 0.563365 0.448709 0.410638 0.181468 -0.043856 -0.164842 -0.383484 -0.586611 -0.655750 -0.754257 -0.892855 -0.980506 
51.733772 10668457.000000 38 38 34 0.915387 0.947011 0.715413 0.985652 0.978098 0.921233 0.774767 0.537934 0.462627 0.194677 -0.012571 -0.217285 -0.431722 -0.609541 -0.688461 -0.796909 -0.913197 -0.965659 -0.993474 0.986599 0.979493 0.924185 0.799187 0.548400 0.477003 0.297042 0.044801 -0.138681 -0.347643 -0.581242 -0.670604 -0.803678 -0.938937 -0.974864 -0.993314 
44.633736 6871479.000000 38 32 34 0.520179 0.765089 0.773172 0.981376 0.973237 0.872474 0.668931 0.499256 0.393845 0.140153 -0.086568 -0.272931 -0.460216 -0.588943 -0.690366 -0.828165 -0.918794 -0.971043 -0.993790 0.981880 0.974595 0.917162 0.746142 0.499658 0.406622 0.119772 -0.085158 -0.303387 -0.462743 -0.604244 -0.689260 -0.799064 -0.899397 -0.964953 -0.994009 
45.614456 4670972.000000 34 30 34 0.526207 0.476415 0.887692 0.982562 0.969815 0.853381 0.614239 0.521685 0.433054 0.149726 -0.056576 -0.197024 -0.406043 -0.584196 -0.676301 -0.836723 -0.935776 -0.977125 -0.994571 0.981312 0.972175 0.849308 0.640736 0.499759 0.399294 0.163072 -0.099046 -0.240175 -0.465398 -0.578959 -0.720332 -0.844792 -0.931476 -0.980256 -0.994633 
57.471104 19786036.000000 32 36 38 0.223769 0.884335 0.990763 0.986342 0.979024 0.943378 0.824222 0.562279 0.519812 0.394445 0.151113 0.039482 -0.131196 -0.497897 -0.575937 -0.645953 -0.787831 -0.951928 -0.988683 0.984690 0.979552 0.947181 0.778640 0.562747 0.516856 0.380787 0.077411 -0.031934 -0.233745 -0.527700 -0.606995 -0.691843 -0.871624 -0.970837 -0.992109 
57.348331 24691068.000000 38 40 44 0.993365 0.968673 0.845182 0.986134 0.967881 0.945778 0.783125 0.529532 0.487464 0.392600 0.151662 0.052830 -0.091984 -0.475416 -0.579006 -0.645497 -0.729054 -0.896713 -0.992300 0.986785 0.975074 0.943258 0.825220 0.556592 0.509676 0.397697 0.189880 0.060597 -0.023432 -0.439395 -0.570454 -0.630334 -0.754951 -0.937608 -0.988410 
55.527512 37076516.000000 44 44 48 0.902044 0.955387 0.934283 0.983718 0.966626 0.945248 0.739742 0.509385 0.441866 0.293718 0.124732 -0.005048 -0.265342 -0.492886 -0.614592 -0.661708 -0.812328 -0.928378 -0.970672 0.983225 0.965022 0.946725 0.741301 0.528998 0.468758 0.341309 0.150433 0.031519 -0.166812 -0.472241 -0.582194 -0.631626 -0.714398 -0.866054 -0.981165 
48.175426 1075009.625000 46 48 50 0.914558 0.911455 0.861866 0.992027 0.982757 0.957843 0.828137 0.567707 0.512402 0.351762 0.120290 0.035067 -0.212372 -0.495230 -0.602278 -0.697492 -0.849109 -0.935250 -0.983892 0.988467 0.972566 0.950754 0.775012 0.551200 0.470943 0.272781 0.131444 -0.042699 -0.319358 -0.558776 -0.631380 -0.719376 -0.883971 -0.934903 -0.974786 
44.943813 528813.625000 52 54 56 0.855021 0.693521 0.764805 0.993234 0.984089 0.949805 0.841460 0.553519 0.510667 0.344058 0.131139 0.077491 -0.105983 -0.465192 -0.596230 -0.700376 -0.832990 -0.936242 -0.985032 0.992699 0.986075 0.950289 0.789370 0.565845 0.519124 0.348035 0.129386 0.071854 -0.120781 -0.476109 -0.580615 -0.730077 -0.846560 -0.941235 -0.987924 
42.289177 290205.125000 56 60 58 0.788547 0.873950 0.851319 0.993981 0.983796 0.947433 0.840099 0.538461 0.496577 0.350564 0.171408 0.091973 -0.157423 -0.417449 -0.549554 -0.630867 -0.770342 -0.919096 -0.976266 0.993642 0.983243 0.951016 0.839158 0.529299 0.499125 0.325209 0.149958 0.098649 -0.106653 -0.436216 -0.566154 -0.657917 -0.801829 -0.929210 -0.976526 
46.050716 311552.687500 60 56 54 0.833471 0.907153 0.939287 0.993100 0.985634 0.963131 0.889842 0.586212 0.537581 0.409331 0.182319 0.004686 -0.208045 -0.401498 -0.548659 -0.635819 -0.712267 -0.883430 -0.980856 0.993754 0.986290 0.947948 0.858429 0.570820 0.524820 0.382626 0.185869 0.054777 -0.156806 -0.393124 -0.562872 -0.630283 -0.733045 -0.914608 -0.980209 
50.824471 361310.312500 54 54 54 0.941517 0.950216 0.747070 0.992310 0.984401 0.959392 0.908241 0.692224 0.587568 0.426711 0.268070 -0.021668 -0.155149 -0.237731 -0.465316 -0.635991 -0.739248 -0.891860 -0.980235 0.992686 0.984309 0.960444 0.899127 0.669695 0.568654 0.443655 0.231534 -0.034332 -0.186968 -0.355199 -0.516829 -0.631406 -0.704343 -0.883715 -0.980982 
53.882996 447906.968750 54 54 54 0.792108 0.974689 0.943150 0.992067 0.981249 0.964185 0.921126 0.735909 0.640543 0.501695 0.234191 -0.094215 -0.187188 -0.250157 -0.370824 -0.638341 -0.766729 -0.907702 -0.975751 0.991945 0.982565 0.963386 0.905186 0.727326 0.607569 0.447662 0.232604 -0.064630 -0.182273 -0.238455 -0.407710 -0.649132 -0.748258 -0.898554 -0.980317 
54.321751 502050.312500 54 54 52 0.954780 0.963395 0.971375 0.992111 0.981571 0.961033 0.895033 0.748995 0.709853 0.503318 0.217081 -0.123934 -0.182225 -0.253940 -0.333609 -0.604725 -0.745448 -0.892046 -0.976509 0.992304 0.981068 0.964327 0.903683 0.744046 0.656455 0.526143 0.254283 -0.118601 -0.178865 -0.231459 -0.298776 -0.642120 -0.747590 -0.901807 -0.976342 
60.053032 63765792.000000 54 50 50 0.960769 0.952942 0.990676 0.979709 0.966866 0.947497 0.774893 0.532317 0.456808 0.332269 0.190399 -0.015524 -0.252946 -0.349162 -0.445823 -0.551532 -0.675763 -0.776553 -0.888300 0.989488 0.974396 0.952243 0.805603 0.631954 0.493505 0.367959 0.223431 0.006734 -0.229708 -0.340953 -0.410476 -0.530079 -0.666415 -0.780744 -0.936940 
63.200500 100497784.000000 50 50 50 0.993503 0.987695 0.981952 0.976041 0.965842 0.945823 0.759293 0.502695 0.432085 0.327529 0.147973 0.006912 -0.236747 -0.392517 -0.502744 -0.568250 -0.675414 -0.760896 -0.930401 0.977044 0.966100 0.946133 0.770440 0.514843 0.438290 0.324110 0.160817 -0.018962 -0.245694 -0.378813 -0.475105 -0.558803 -0.664581 -0.767980 -0.902764 
63.143692 65577188.000000 50 50 50 0.982340 0.986372 0.923989 0.976409 0.966811 0.949101 0.759478 0.530621 0.463684 0.322245 0.151514 0.011803 -0.234067 -0.432050 -0.520367 -0.571404 -0.664102 -0.765776 -0.862569 0.975249 0.965896 0.946560 0.753052 0.512136 0.437665 0.333623 0.155734 0.011426 -0.228381 -0.404895 -0.512865 -0.572245 -0.675244 -0.767966 -0.901708 
56.011257 2453202.500000 50 52 52 0.983557 0.908752 0.904382 0.991281 0.978619 0.961346 0.887016 0.604578 0.530953 0.370345 0.178061 0.019816 -0.230256 -0.404775 -0.523123 -0.579179 -0.671335 -0.799666 -0.923801 0.983906 0.969741 0.955567 0.786119 0.558072 0.494977 0.339866 0.156494 0.008867 -0.253270 -0.449417 -0.529043 -0.577389 -0.654208 -0.781700 -0.899260 
54.679070 14007366.000000 52 52 52 0.953207 0.935000 0.896149 0.988273 0.973672 0.954893 0.784502 0.544812 0.490362 0.281347 0.132210 -0.024624 -0.299761 -0.433568 -0.505783 -0.598285 -0.684213 -0.740017 -0.854869 0.991260 0.979869 0.956898 0.888943 0.602273 0.538888 0.352636 0.166347 0.035860 -0.235200 -0.398067 -0.495968 -0.577285 -0.692445 -0.813628 -0.957583 
61.201687 44162440.000000 54 54 56 0.927396 0.983222 0.982766 0.981139 0.971727 0.953917 0.771366 0.527638 0.490130 0.281839 0.123682 0.012847 -0.225574 -0.431890 -0.513235 -0.604744 -0.677246 -0.789773 -0.819470 0.981397 0.971333 0.955532 0.793306 0.533774 0.484504 0.255839 0.118962 -0.013452 -0.268692 -0.433834 -0.521714 -0.612343 -0.672887 -0.767057 -0.835574 
57.764889 10330675.000000 56 58 60 0.988060 0.983044 0.886989 0.987666 0.975730 0.953612 0.854767 0.541835 0.486488 0.326033 0.125417 0.004201 -0.294255 -0.434694 -0.519208 -0.629532 -0.723562 -0.793576 -0.877771 0.984096 0.973511 0.953578 0.780067 0.542227 0.492364 0.316300 0.141010 0.027327 -0.234354 -0.409948 -0.494003 -0.613229 -0.666983 -0.775847 -0.814223 
48.106346 7214162.000000 60 66 50 0.920829 0.876148 0.606960 0.991246 0.976413 0.936076 0.716602 0.542746 0.432657 0.156003 0.007929 -0.170995 -0.373454 -0.528384 -0.621474 -0.770853 -0.861114 -0.944342 -0.989694 0.991271 0.979699 0.948493 0.861210 0.559904 0.470995 0.303536 0.091628 -0.061172 -0.315426 -0.468102 -0.543813 -0.683077 -0.773109 -0.858294 -0.935075 
46.389389 11379681.000000 52 50 50 0.411563 0.584593 0.671227 0.973427 0.966214 0.884578 0.629847 0.513155 0.359871 0.097598 -0.051243 -0.339111 -0.517157 -0.597867 -0.669544 -0.850871 -0.921916 -0.966473 -0.987420 0.980472 0.964168 0.907887 0.645634 0.534417 0.397037 0.111002 -0.017903 -0.248139 -0.482912 -0.578202 -0.657081 -0.811263 -0.906606 -0.958969 -0.985120 
50.276413 12852838.000000 50 62 24 0.827090 0.474260 0.574962 0.978309 0.965320 0.881668 0.627483 0.512577 0.330861 0.056795 -0.129236 -0.357503 -0.520689 -0.586388 -0.687082 -0.864023 -0.935010 -0.976224 -0.990799 0.976951 0.965288 0.873494 0.638722 0.505507 0.312940 0.077718 -0.111542 -0.324743 -0.511717 -0.588559 -0.673896 -0.841252 -0.928372 -0.969692 -0.988713 
53.530891 14419936.000000 54 56 54 0.767816 0.788233 0.733691 0.977240 0.968266 0.814132 0.568964 0.449969 0.309762 0.052483 -0.185349 -0.406170 -0.530482 -0.645546 -0.725561 -0.845485 -0.929786 -0.975082 -0.990886 0.974247 0.965131 0.856323 0.616249 0.500275 0.329651 0.053685 -0.146734 -0.414503 -0.534512 -0.613572 -0.707079 -0.869275 -0.935952 -0.977789 -0.988738 
51.226730 9398631.000000 54 80 190 0.795684 0.750457 0.708218 0.975087 0.958066 0.738037 0.553080 0.476417 0.275363 -0.035577 -0.243636 -0.409478 -0.526863 -0.668840 -0.775550 -0.839199 -0.897779 -0.936323 -0.979533 0.977566 0.963125 0.751885 0.525467 0.446180 0.292168 0.046664 -0.173478 -0.381567 -0.534494 -0.644581 -0.746973 -0.820295 -0.910452 -0.961820 -0.986663 
46.855614 2360388.250000 56 128 54 0.645930 0.582555 0.493656 0.985841 0.964768 0.835317 0.556207 0.460228 0.232029 -0.101053 -0.256645 -0.371869 -0.465440 -0.538991 -0.673409 -0.775295 -0.866231 -0.942765 -0.986817 0.977587 0.952736 0.743577 0.558015 0.486230 0.177227 -0.160823 -0.289955 -0.415203 -0.499992 -0.602527 -0.729428 -0.825119 -0.886529 -0.926087 -0.980133 
34.226067 1558497.875000 62 54 120 0.551448 0.548009 0.539809 0.978186 0.939411 0.744222 0.532921 0.452799 0.365404 0.260173 0.091169 -0.141812 -0.331828 -0.480264 -0.655953 -0.807261 -0.867900 -0.935533 -0.984081 0.986911 0.967536 0.844475 0.586813 0.452816 0.349442 0.136125 -0.145388 -0.296533 -0.431567 -0.527159 -0.695084 -0.801750 -0.879669 -0.938625 -0.980894 
40.809406 7739737.000000 74 104 54 0.566534 0.473897 0.595320 0.969894 0.905246 0.661408 0.613266 0.463576 0.390401 0.228351 -0.064969 -0.185521 -0.348168 -0.497176 -0.623904 -0.759244 -0.870564 -0.949033 -0.983341 0.967806 0.915883 0.724522 0.594151 0.452193 0.402667 0.308345 0.055579 -0.110724 -0.256460 -0.463065 -0.578867 -0.797418 -0.873091 -0.937609 -0.978992 
41.257343 5648112.500000 150 98 118 0.515192 0.532653 0.548011 0.966879 0.832679 0.691523 0.660094 0.528802 0.398192 0.242621 -0.009985 -0.238321 -0.334135 -0.473901 -0.639789 -0.765615 -0.853942 -0.940367 -0.985117 0.974923 0.883118 0.645586 0.615940 0.448891 0.365473 0.160738 -0.104745 -0.257492 -0.357819 -0.489910 -0.642299 -0.745960 -0.845227 -0.948251 -0.984033 
39.922432 3608472.500000 118 50 44 0.582108 0.335796 0.734800 0.975998 0.864709 0.746274 0.721405 0.618595 0.479796 0.292854 0.045508 -0.161650 -0.273739 -0.471155 -0.627441 -0.736579 -0.868441 -0.935938 -0.983886 0.956892 0.817183 0.726377 0.696062 0.581607 0.433898 0.256197 0.014551 -0.173518 -0.312256 -0.464231 -0.618613 -0.761065 -0.890699 -0.935832 -0.981899 
54.383652 4897325.500000 56 50 56 0.562935 0.709415 0.902727 0.980862 0.971365 0.946065 0.768135 0.701869 0.642679 0.544989 0.323256 0.040761 -0.123514 -0.375953 -0.582427 -0.712932 -0.819757 -0.926258 -0.985084 0.985826 0.972272 0.936757 0.769599 0.705156 0.577536 0.453395 0.230058 -0.053478 -0.247474 -0.425542 -0.608631 -0.729027 -0.843570 -0.932247 -0.980343 
59.468765 9859350.000000 56 58 60 0.923013 0.968388 0.955911 0.979518 0.973858 0.932208 0.790486 0.631652 0.583282 0.494018 0.421601 0.079053 -0.046936 -0.224383 -0.616109 -0.672869 -0.758352 -0.899510 -0.971150 0.979113 0.973476 0.934002 0.766532 0.683947 0.619476 0.550439 0.445715 0.063830 -0.051183 -0.376837 -0.597309 -0.694526 -0.807700 -0.926203 -0.984316 
59.709648 14393121.000000 60 62 62 0.970043 0.993193 0.990418 0.981511 0.974789 0.940947 0.782159 0.578983 0.519615 0.418947 0.344046 0.092414 -0.107025 -0.212438 -0.576532 -0.653488 -0.701517 -0.784466 -0.950016 0.980756 0.974368 0.936912 0.794759 0.585930 0.542756 0.436814 0.373101 0.075509 -0.053173 -0.205898 -0.600996 -0.661859 -0.718108 -0.823913 -0.963606 
60.204613 26062040.000000 62 62 62 0.990636 0.984998 0.982091 0.981796 0.975243 0.944976 0.760691 0.510037 0.445052 0.360599 0.254431 0.034326 -0.166922 -0.234947 -0.496995 -0.655616 -0.696255 -0.753704 -0.892544 0.981459 0.974907 0.941856 0.750823 0.545893 0.475158 0.378996 0.289124 0.065584 -0.126977 -0.217231 -0.527482 -0.649905 -0.691619 -0.753257 -0.922504 
60.075916 20189020.000000 62 62 60 0.984911 0.974319 0.936320 0.983402 0.976843 0.956216 0.765418 0.473377 0.411773 0.323185 0.239417 -0.005431 -0.199895 -0.290325 -0.409459 -0.577632 -0.691637 -0.727033 -0.911508 0.982524 0.975808 0.949875 0.770445 0.483375 0.428177 0.341750 0.252041 0.001897 -0.176653 -0.259255 -0.443740 -0.620346 -0.686217 -0.739207 -0.901166 
57.817768 7675069.500000 62 60 60 0.927130 0.941692 0.972640 0.987123 0.977296 0.963961 0.777142 0.497834 0.386888 0.318593 0.223196 0.077805 -0.214695 -0.299670 -0.417818 -0.576938 -0.657438 -0.728960 -0.943671 0.984634 0.976816 0.960835 0.751315 0.468813 0.392840 0.325345 0.224338 0.042565 -0.221388 -0.299872 -0.409410 -0.573711 -0.689675 -0.738390 -0.903783 
54.027653 2380554.000000 60 60 66 0.975897 0.960220 0.826864 0.988118 0.978831 0.968280 0.774613 0.604278 0.488634 0.323455 0.227710 -0.118483 -0.261042 -0.336414 -0.523601 -0.632420 -0.723646 -0.873402 -0.962857 0.987590 0.977781 0.965587 0.778729 0.591175 0.430420 0.309760 0.244062 0.067440 -0.230631 -0.312926 -0.445489 -0.592730 -0.650158 -0.798995 -0.958629 
46.827286 29859546.000000 66 56 56 0.714565 0.549395 0.734641 0.982866 0.965677 0.751606 0.535741 0.384090 0.301198 0.112443 -0.055280 -0.192142 -0.295919 -0.444551 -0.611208 -0.734992 -0.849211 -0.940977 -0.985470 0.983921 0.978402 0.871873 0.637977 0.549929 0.339008 0.199367 -0.013985 -0.159186 -0.291763 -0.377962 -0.545384 -0.695117 -0.812411 -0.918092 -0.975701 
52.460258 50187908.000000 56 60 88 0.766593 0.598297 0.481385 0.983351 0.944555 0.658004 0.449274 0.375454 0.225165 0.031320 -0.117186 -0.283963 -0.363197 -0.486702 -0.573576 -0.755344 -0.870201 -0.946199 -0.989077 0.981183 0.957005 0.669722 0.483157 0.369141 0.290252 0.069084 -0.084441 -0.229902 -0.338013 -0.477481 -0.581288 -0.734351 -0.857525 -0.957090 -0.987638 
56.208954 56158024.000000 176 60 60 0.415898 0.536732 0.593133 0.980645 0.933987 0.590457 0.448693 0.363601 0.143756 0.012534 -0.180767 -0.284202 -0.338197 -0.490135 -0.640343 -0.759537 -0.867123 -0.945881 -0.984524 0.983733 0.946750 0.622533 0.435208 0.356476 0.142441 0.029714 -0.168482 -0.290061 -0.352725 -0.487000 -0.592743 -0.760237 -0.868548 -0.942230 -0.984598 
53.495197 23969036.000000 60 62 62 0.745358 0.627758 0.556774 0.974862 0.919040 0.620680 0.479862 0.399871 0.191947 0.005550 -0.158459 -0.268648 -0.348665 -0.444447 -0.604735 -0.740663 -0.845817 -0.934280 -0.980495 0.975285 0.910191 0.580414 0.458217 0.369283 0.181542 -0.027155 -0.162821 -0.273149 -0.345463 -0.468498 -0.642723 -0.751965 -0.857788 -0.946325 -0.983682 
51.903244 15144363.000000 60 78 58 0.551891 0.653198 0.927154 0.992579 0.985274 0.853359 0.538287 0.458952 0.206883 0.054016 -0.142948 -0.199571 -0.293074 -0.402614 -0.560087 -0.714816 -0.794367 -0.901985 -0.968254 0.980132 0.911326 0.605856 0.497194 0.383854 0.144658 -0.004151 -0.161703 -0.234588 -0.355894 -0.445648 -0.603405 -0.733497 -0.830338 -0.916511 -0.982337 
49.559650 3780687.000000 58 64 66 0.784703 0.964403 0.950019 0.992865 0.980862 0.958068 0.847178 0.543007 0.421660 0.233834 0.037836 -0.145460 -0.261809 -0.381021 -0.566924 -0.715545 -0.832542 -0.929306 -0.974369 0.993271 0.983779 0.963497 0.684180 0.514837 0.377327 0.139318 -0.065964 -0.180898 -0.264115 -0.361643 -0.542287 -0.716581 -0.828909 -0.932451 -0.975833 
50.969959 3489028.500000 64 66 68 0.961387 0.967756 0.964976 0.991710 0.980451 0.960668 0.856477 0.577131 0.452724 0.200283 0.067397 -0.091476 -0.266479 -0.383923 -0.510301 -0.690021 -0.802802 -0.915949 -0.970446 0.991606 0.980223 0.957448 0.887359 0.545318 0.411755 0.231474 0.070103 -0.155288 -0.266454 -0.387332 -0.572361 -0.698245 -0.842722 -0.928385 -0.980520 
54.400257 12791630.000000 68 70 72 0.970320 0.918347 0.972762 0.986188 0.974256 0.945445 0.763221 0.646134 0.550638 0.205836 0.117064 -0.010796 -0.115076 -0.335877 -0.441771 -0.537029 -0.633222 -0.903634 -0.955231 0.989438 0.978340 0.953817 0.768665 0.606695 0.463365 0.200503 0.100387 -0.018080 -0.167406 -0.377978 -0.443392 -0.624050 -0.756014 -0.916081 -0.961276 
56.827320 10259617.000000 72 72 74 0.975657 0.991842 0.967356 0.985258 0.972965 0.943572 0.790605 0.663394 0.605883 0.266522 0.180780 -0.002047 -0.118330 -0.226158 -0.470292 -0.565860 -0.628578 -0.764804 -0.967471 0.985716 0.973412 0.945408 0.777171 0.652724 0.600064 0.215712 0.140709 -0.004617 -0.115577 -0.280215 -0.465079 -0.563892 -0.616866 -0.795033 -0.959881 
53.465393 1719654.250000 72 76 78 0.939065 0.957076 0.869398 0.985333 0.974289 0.949120 0.774885 0.692046 0.591094 0.304759 0.214032 0.016685 -0.123554 -0.212799 -0.446314 -0.573197 -0.670749 -0.872084 -0.968839 0.984319 0.973154 0.944302 0.784010 0.687338 0.608181 0.301097 0.215567 0.011951 -0.105629 -0.204772 -0.454649 -0.569624 -0.629654 -0.803396 -0.969678 
44.839417 428896.562500 78 78 78 0.882577 0.898377 0.759926 0.994684 0.984488 0.951132 0.774440 0.698480 0.560280 0.248677 0.145486 -0.004861 -0.161371 -0.280499 -0.411152 -0.611331 -0.756459 -0.898320 -0.968531 0.991410 0.975172 0.946504 0.762126 0.703323 0.570817 0.302944 0.169591 -0.001894 -0.158163 -0.268284 -0.411555 -0.580226 -0.720289 -0.876005 -0.968016 
40.023499 197082.171875 76 78 78 0.804885 0.620884 0.629439 0.993236 0.975544 0.944768 0.727214 0.668774 0.518110 0.232625 0.129977 -0.025227 -0.162836 -0.271991 -0.457002 -0.656188 -0.812824 -0.914071 -0.964427 0.994506 0.985787 0.957767 0.752847 0.682536 0.514321 0.229152 0.139009 -0.009124 -0.170464 -0.260099 -0.430400 -0.638653 -0.805507 -0.916240 -0.967108 
31.273193 299711.218750 78 80 82 0.561721 0.583807 0.490204 0.992294 0.974410 0.847683 0.679153 0.606190 0.388213 0.252851 0.086400 -0.148568 -0.232386 -0.341907 -0.493673 -0.690239 -0.820892 -0.910648 -0.979227 0.990622 0.972630 0.917107 0.684542 0.640478 0.389848 0.212388 0.077478 -0.099841 -0.234918 -0.336592 -0.492446 -0.698726 -0.825823 -0.907754 -0.974526 
23.666304 25022.083984 86 44 116 0.406196 0.550269 0.554208 0.986697 0.973540 0.906554 0.710862 0.670947 0.531443 0.244654 0.113171 -0.028336 -0.247729 -0.352435 -0.513761 -0.684281 -0.811447 -0.919639 -0.973192 0.987527 0.972453 0.889072 0.710687 0.642511 0.453169 0.259757 0.123774 -0.085240 -0.250480 -0.322429 -0.490572 -0.683111 -0.816319 -0.912821 -0.975855 
37.343513 4510167.000000 62 70 50 0.584234 0.658211 0.390571 0.970427 0.880228 0.801243 0.622085 0.470233 0.379505 0.072913 -0.041089 -0.185987 -0.373042 -0.494332 -0.600329 -0.694583 -0.773688 -0.915786 -0.964531 0.986389 0.966648 0.913879 0.732073 0.656923 0.539931 0.278411 0.106844 -0.044936 -0.225757 -0.386183 -0.532413 -0.698917 -0.817456 -0.919737 -0.963514 
50.456429 15652299.000000 54 54 34 0.489773 0.478657 0.634605 0.985847 0.978616 0.951618 0.580466 0.494930 0.393441 0.148804 0.013465 -0.326851 -0.423576 -0.531976 -0.689611 -0.731303 -0.789032 -0.911340 -0.970793 0.973706 0.892257 0.772547 0.578812 0.466356 0.303794 0.022999 -0.091178 -0.279458 -0.427321 -0.543840 -0.688456 -0.739440 -0.792684 -0.926733 -0.971963 
57.701698 26939626.000000 66 70 72 0.622867 0.959396 0.984536 0.984828 0.976397 0.951611 0.784344 0.517240 0.484105 0.267625 0.132442 -0.027046 -0.278794 -0.404207 -0.498905 -0.621917 -0.706136 -0.820548 -0.935144 0.985048 0.978290 0.952590 0.771536 0.513231 0.472957 0.238432 0.127138 -0.064753 -0.343590 -0.440014 -0.544873 -0.688025 -0.755228 -0.846009 -0.949769 
58.538204 19157896.000000 72 72 72 0.988839 0.979118 0.958645 0.983821 0.972545 0.953948 0.817693 0.543830 0.501708 0.297808 0.148301 0.040403 -0.233145 -0.379352 -0.483135 -0.623233 -0.745038 -0.800547 -0.900840 0.984416 0.974018 0.952843 0.805238 0.527345 0.488403 0.263469 0.141592 0.012765 -0.258292 -0.388722 -0.488044 -0.613871 -0.731266 -0.793412 -0.906960 
57.574265 7139976.000000 72 72 72 0.958014 0.941892 0.964218 0.983911 0.970250 0.957453 0.850221 0.578749 0.525333 0.323191 0.182674 0.031715 -0.249343 -0.382078 -0.457525 -0.591891 -0.728649 -0.794173 -0.910388 0.983511 0.971474 0.955494 0.816514 0.567743 0.504304 0.343599 0.161432 0.066727 -0.205642 -0.371079 -0.463195 -0.602344 -0.729747 -0.793398 -0.897043 
51.149452 10000228.000000 72 72 72 0.969521 0.909471 0.798189 0.986832 0.969657 0.951327 0.777266 0.558795 0.440384 0.167116 -0.022973 -0.271413 -0.405207 -0.482516 -0.650209 -0.789529 -0.873393 -0.925849 -0.962592 0.985906 0.969477 0.957437 0.876626 0.586197 0.537773 0.297130 0.133404 -0.051132 -0.319993 -0.414127 -0.497297 -0.627665 -0.757748 -0.880768 -0.963675 
49.933544 13611041.000000 72 74 72 0.782617 0.699408 0.422516 0.980009 0.966470 0.826895 0.613541 0.549543 0.191910 -0.055951 -0.218904 -0.386115 -0.473763 -0.595183 -0.731375 -0.851812 -0.922181 -0.948366 -0.983815 0.985281 0.970740 0.885884 0.625506 0.557041 0.223864 0.052923 -0.171342 -0.361506 -0.460109 -0.527604 -0.722545 -0.828628 -0.904056 -0.933563 -0.977468 
50.948463 7076397.500000 70 66 70 0.680362 0.570923 0.491215 0.981262 0.961648 0.837835 0.605830 0.523923 0.185061 -0.116978 -0.224158 -0.384462 -0.490974 -0.647525 -0.731414 -0.842594 -0.916966 -0.967646 -0.988191 0.982478 0.967948 0.858476 0.600644 0.532835 0.224680 -0.091206 -0.230131 -0.379067 -0.504208 -0.648011 -0.713990 -0.856779 -0.934685 -0.962661 -0.989964 
49.350060 4269098.000000 120 28 74 0.609062 0.449980 0.654512 0.978722 0.958701 0.815607 0.598022 0.509359 0.093167 -0.170545 -0.280886 -0.383730 -0.487473 -0.694323 -0.777890 -0.855384 -0.920236 -0.959376 -0.988442 0.979731 0.959401 0.810547 0.615712 0.517391 0.126947 -0.144401 -0.241519 -0.375511 -0.472221 -0.650622 -0.772915 -0.861471 -0.903323 -0.956620 -0.986071 
46.625626 2363644.000000 74 150 74 0.614400 0.470896 0.611812 0.981769 0.945141 0.836152 0.608648 0.502824 0.096600 -0.143851 -0.227483 -0.403843 -0.494717 -0.638801 -0.736931 -0.812987 -0.909122 -0.949595 -0.987712 0.981738 0.953369 0.834773 0.589899 0.497533 0.116899 -0.140636 -0.265685 -0.411254 -0.508177 -0.676706 -0.761552 -0.841058 -0.916989 -0.957619 -0.990100 
43.799843 4156928.500000 74 68 48 0.627316 0.420545 0.810554 0.987074 0.975218 0.938240 0.719809 0.635143 0.370937 0.012085 -0.198470 -0.338197 -0.484251 -0.635533 -0.749998 -0.809122 -0.881791 -0.950696 -0.975120 0.981063 0.949928 0.824531 0.638177 0.498047 0.099259 -0.141561 -0.219595 -0.382676 -0.474538 -0.638023 -0.747199 -0.805982 -0.910435 -0.956656 -0.979829 
53.755600 7243429.000000 48 52 58 0.716635 0.916455 0.797214 0.981761 0.971872 0.953525 0.787380 0.696834 0.627182 0.287356 0.159170 -0.034255 -0.329621 -0.466401 -0.623999 -0.753359 -0.834759 -0.929485 -0.971793 0.984020 0.971739 0.955826 0.761732 0.695790 0.594665 0.244054 0.068000 -0.267988 -0.424998 -0.584266 -0.715258 -0.782379 -0.840279 -0.939123 -0.978132 
42.928947 302558.437500 56 62 52 0.760929 0.450498 0.609192 0.987189 0.972459 0.923556 0.764713 0.667284 0.561502 0.258362 0.100854 -0.209103 -0.454736 -0.568398 -0.766715 -0.822814 -0.900782 -0.946001 -0.991793 0.983734 0.974008 0.947472 0.790690 0.698183 0.588298 0.276555 0.144122 -0.059004 -0.358957 -0.475381 -0.690521 -0.799500 -0.873349 -0.935764 -0.983243 
30.732056 116466.187500 54 26 146 0.593273 0.522526 0.603484 0.976893 0.970184 0.932011 0.761568 0.688569 0.583248 0.277556 0.084432 -0.218494 -0.435695 -0.640416 -0.759150 -0.821449 -0.909709 -0.943880 -0.985014 0.982700 0.967677 0.925386 0.753546 0.671457 0.566192 0.278510 0.088751 -0.223118 -0.463424 -0.608139 -0.763183 -0.822639 -0.906748 -0.951001 -0.990281 
27.170736 54412.675781 146 146 148 0.666252 0.658557 0.775014 0.977736 0.969284 0.918491 0.734041 0.685357 0.560459 0.270334 0.017878 -0.225119 -0.334154 -0.549857 -0.727141 -0.841885 -0.901987 -0.944811 -0.989137 0.977151 0.969179 0.922832 0.749439 0.689565 0.568733 0.261974 0.083559 -0.213230 -0.399670 -0.626906 -0.742330 -0.842735 -0.913505 -0.939599 -0.989582 
37.221569 2883178.000000 50 64 110 0.519115 0.424569 0.636160 0.968217 0.951639 0.809929 0.747040 0.620503 0.494893 0.059167 -0.148014 -0.262541 -0.331683 -0.565968 -0.732615 -0.769319 -0.830938 -0.937183 -0.989898 0.974521 0.952455 0.808365 0.753841 0.627806 0.496173 0.115966 -0.136800 -0.226969 -0.337897 -0.443954 -0.706937 -0.764479 -0.831264 -0.923649 -0.984507 
32.628742 532953.500000 110 74 116 0.569800 0.530047 0.498788 0.975844 0.960174 0.865400 0.739942 0.612180 0.397528 0.113006 -0.108357 -0.252717 -0.384936 -0.550816 -0.737893 -0.788274 -0.866273 -0.916363 -0.986051 0.973827 0.957252 0.840866 0.752334 0.629987 0.378719 0.077986 -0.113862 -0.265331 -0.376012 -0.604603 -0.741161 -0.780535 -0.849063 -0.929855 -0.987215 
28.770378 157958.937500 116 122 178 0.415619 0.399773 0.355741 0.983192 0.962846 0.859688 0.748628 0.634089 0.398068 0.177680 -0.111169 -0.288999 -0.385871 -0.638901 -0.716608 -0.796780 -0.853029 -0.900893 -0.984872 0.978661 0.961513 0.849188 0.731401 0.612167 0.424314 0.110142 -0.129992 -0.284297 -0.379289 -0.617188 -0.729763 -0.805355 -0.857781 -0.904881 -0.982367 
46.846535 284452.500000 60 46 52 0.435643 0.475506 0.962045 0.989227 0.975286 0.954280 0.913698 0.829560 0.757035 0.411883 0.132834 -0.137517 -0.293239 -0.463341 -0.664964 -0.728737 -0.801590 -0.890155 -0.975420 0.990475 0.981108 0.936369 0.850738 0.702507 0.488734 0.284467 0.002417 -0.270300 -0.379100 -0.580534 -0.682593 -0.767913 -0.861449 -0.923761 -0.984179 
55.660648 5419153.500000 52 52 52 0.935111 0.965145 0.975926 0.977306 0.963861 0.928449 0.855922 0.784655 0.732238 0.371388 0.046099 -0.032646 -0.216926 -0.320610 -0.511591 -0.640498 -0.754513 -0.794394 -0.910901 0.982880 0.968069 0.944860 0.880345 0.808724 0.767483 0.497389 0.040627 -0.062443 -0.231900 -0.336992 -0.610858 -0.693644 -0.774028 -0.817391 -0.949038 
56.170181 13118440.000000 52 52 50 0.964939 0.985776 0.969468 0.977452 0.961684 0.928445 0.799372 0.727812 0.655833 0.307174 0.120423 -0.023496 -0.227614 -0.365004 -0.449572 -0.636280 -0.725379 -0.797054 -0.848919 0.977217 0.961095 0.927791 0.840844 0.750723 0.697143 0.285950 0.088943 -0.031621 -0.219450 -0.364528 -0.476178 -0.633234 -0.737269 -0.793862 -0.848268 
55.227386 13776098.000000 50 50 48 0.937428 0.970493 0.945880 0.977708 0.963647 0.924223 0.793632 0.668503 0.590203 0.318935 0.149337 0.018411 -0.223694 -0.351585 -0.414454 -0.625394 -0.727506 -0.808830 -0.842954 0.977317 0.962923 0.925713 0.784245 0.703984 0.629562 0.327557 0.147855 0.010670 -0.220201 -0.357653 -0.428771 -0.614828 -0.731263 -0.803462 -0.842502 
52.408798 9216198.000000 48 46 44 0.951757 0.958312 0.957675 0.983323 0.964612 0.916665 0.819288 0.614254 0.541407 0.313634 0.158381 0.043458 -0.210893 -0.365391 -0.439013 -0.598648 -0.721963 -0.788381 -0.863361 0.979362 0.963084 0.926318 0.810796 0.627632 0.543294 0.341498 0.142357 0.028292 -0.198646 -0.358025 -0.433585 -0.589384 -0.723642 -0.798616 -0.848292 
49.204258 3332869.250000 44 42 42 0.961224 0.950289 0.845537 0.988297 0.976232 0.906022 0.817793 0.631351 0.537054 0.368424 0.149573 0.052173 -0.208760 -0.364699 -0.448217 -0.592027 -0.733889 -0.783753 -0.863647 0.986897 0.968731 0.903297 0.813161 0.614004 0.522302 0.333922 0.159287 0.057638 -0.171316 -0.373403 -0.452908 -0.592719 -0.715180 -0.787784 -0.837729 
50.488861 450588.843750 42 42 40 0.878804 0.834650 0.950491 0.989061 0.983974 0.947746 0.881628 0.730222 0.610046 0.434677 0.179961 0.080076 -0.137870 -0.351885 -0.410611 -0.602033 -0.759966 -0.873296 -0.965428 0.988970 0.982393 0.932595 0.841621 0.688066 0.566572 0.415761 0.185771 0.049357 -0.174054 -0.358001 -0.448140 -0.627917 -0.746402 -0.803175 -0.949374 
51.972092 273357.656250 42 42 40 0.944577 0.915932 0.809876 0.988648 0.983404 0.950960 0.912951 0.709546 0.604581 0.494279 0.189621 0.108892 -0.080556 -0.377108 -0.445477 -0.612429 -0.774817 -0.894671 -0.968232 0.988784 0.983377 0.951780 0.902547 0.724353 0.637491 0.450057 0.182433 0.117432 -0.075547 -0.364187 -0.421307 -0.569864 -0.762977 -0.889988 -0.967517 
47.586922 1501899.250000 40 40 42 0.934912 0.895741 0.940072 0.988067 0.980272 0.946262 0.893170 0.547244 0.458181 0.339060 0.112038 -0.027642 -0.358182 -0.507618 -0.611853 -0.706916 -0.765781 -0.824959 -0.972457 0.988729 0.978753 0.941901 0.889480 0.601110 0.506236 0.352108 0.138252 -0.020659 -0.400330 -0.511150 -0.620258 -0.707154 -0.778110 -0.833976 -0.959602 
45.855362 404269.906250 40 40 42 0.919171 0.901090 0.752794 0.988750 0.984576 0.949151 0.824052 0.590307 0.378550 0.251065 0.152307 -0.065186 -0.161233 -0.397128 -0.514175 -0.586849 -0.773266 -0.839007 -0.957955 0.988699 0.983251 0.953725 0.902333 0.602374 0.448585 0.285511 0.173557 -0.003857 -0.125916 -0.434998 -0.535079 -0.659845 -0.775700 -0.848903 -0.963782 
35.962345 573385.375000 42 44 34 0.901123 0.746388 0.354042 0.987723 0.980506 0.882651 0.725515 0.445174 0.282737 0.178890 -0.064069 -0.179484 -0.268159 -0.434379 -0.540806 -0.682753 -0.775711 -0.837927 -0.923962 0.988837 0.983651 0.913285 0.749169 0.468538 0.291319 0.215574 0.022050 -0.135180 -0.213122 -0.410758 -0.527518 -0.625190 -0.769012 -0.834958 -0.931696 
55.411457 20768018.000000 30 36 40 0.388098 0.919700 0.992808 0.987362 0.984380 0.956371 0.782336 0.357364 0.248393 0.149333 0.070286 -0.129069 -0.209292 -0.389470 -0.454068 -0.628031 -0.767079 -0.840297 -0.973443 0.986585 0.982726 0.946915 0.778625 0.442398 0.278827 0.167592 0.041874 -0.144073 -0.243758 -0.411531 -0.498427 -0.670408 -0.773990 -0.853046 -0.959069 
58.282959 22888526.000000 40 40 42 0.985207 0.991152 0.980022 0.988605 0.984102 0.955015 0.772044 0.366129 0.265119 0.167832 0.098569 -0.034431 -0.183033 -0.396990 -0.459517 -0.616307 -0.751778 -0.869471 -0.981685 0.988572 0.984636 0.962317 0.752043 0.335811 0.230821 0.148129 0.072653 -0.113408 -0.201738 -0.409437 -0.469726 -0.633350 -0.770152 -0.859017 -0.977533 
56.136013 11287442.000000 42 42 44 0.982769 0.983702 0.954029 0.989370 0.983922 0.942702 0.762376 0.558215 0.432363 0.231161 0.100471 0.028790 -0.188376 -0.350614 -0.417485 -0.670269 -0.721821 -0.890688 -0.972719 0.988872 0.984421 0.949306 0.722665 0.472188 0.337339 0.188988 0.105278 0.013974 -0.126754 -0.364712 -0.462171 -0.654745 -0.740375 -0.872282 -0.976859 
54.635239 1871970.500000 44 44 48 0.964265 0.935044 0.949777 0.990344 0.982428 0.951047 0.857459 0.744956 0.569691 0.277061 0.143059 0.047278 -0.126677 -0.375941 -0.457839 -0.619279 -0.708829 -0.818667 -0.962518 0.989982 0.985398 0.934746 0.821725 0.656150 0.556446 0.333371 0.121148 0.019004 -0.156028 -0.385801 -0.454285 -0.648943 -0.702494 -0.852963 -0.970034 
49.407333 406004.687500 48 52 52 0.925798 0.865301 0.916636 0.991444 0.979726 0.957917 0.902327 0.678306 0.491407 0.285319 0.154763 0.044773 -0.112025 -0.315965 -0.408508 -0.591168 -0.738116 -0.834127 -0.965917 0.990879 0.980114 0.956549 0.881740 0.731073 0.512906 0.278337 0.159540 0.052707 -0.121777 -0.327183 -0.419077 -0.578502 -0.724127 -0.811017 -0.962195 
47.764206 348359.562500 52 52 52 0.927030 0.865427 0.932900 0.990377 0.975548 0.962943 0.899977 0.720165 0.525559 0.298512 0.177542 0.054749 -0.184965 -0.362897 -0.453269 -0.528801 -0.681961 -0.850669 -0.970684 0.991635 0.976665 0.960295 0.902096 0.670584 0.489092 0.282746 0.170114 0.048418 -0.147203 -0.348526 -0.435350 -0.515751 -0.718513 -0.827781 -0.965628 
53.322365 1921675.375000 52 52 50 0.945117 0.970074 0.977164 0.988296 0.973529 0.959932 0.829261 0.732603 0.660279 0.286507 0.189943 0.080861 -0.183427 -0.375998 -0.451246 -0.566437 -0.643732 -0.759093 -0.956699 0.989421 0.974392 0.962395 0.855496 0.773328 0.658211 0.272803 0.189743 0.068270 -0.206853 -0.362597 -0.438562 -0.562203 -0.649429 -0.853920 -0.967501 
56.871410 15066752.000000 50 52 52 0.972021 0.975556 0.934698 0.987072 0.973069 0.956737 0.761829 0.644526 0.552689 0.248392 0.151060 0.001296 -0.334272 -0.433612 -0.524174 -0.591381 -0.668620 -0.741764 -0.940498 0.987069 0.972374 0.957287 0.783288 0.674967 0.575709 0.276324 0.181847 0.036591 -0.274717 -0.403168 -0.489088 -0.565108 -0.666125 -0.713093 -0.930633 
52.671013 18155030.000000 52 56 64 0.946992 0.938740 0.667828 0.988571 0.978682 0.934175 0.683054 0.632533 0.371092 0.182433 -0.005138 -0.316649 -0.497630 -0.597643 -0.748723 -0.842418 -0.912023 -0.962612 -0.990331 0.989134 0.976659 0.956987 0.758955 0.639894 0.516491 0.192586 0.117038 -0.214241 -0.452710 -0.532061 -0.641898 -0.740666 -0.838207 -0.939829 -0.978030 
44.448402 4105880.000000 64 50 50 0.727359 0.679120 0.757616 0.979420 0.969694 0.895035 0.674389 0.593026 0.279160 0.155508 0.009845 -0.265106 -0.468077 -0.571058 -0.715984 -0.849765 -0.923573 -0.958278 -0.991180 0.983934 0.971787 0.878956 0.662641 0.603227 0.303504 0.148600 -0.024087 -0.319379 -0.495159 -0.602875 -0.749600 -0.861252 -0.920430 -0.961270 -0.989860 
40.559441 3168234.000000 130 146 148 0.681578 0.663966 0.706948 0.981933 0.970362 0.846390 0.659883 0.578561 0.279646 0.072271 -0.098282 -0.263047 -0.452811 -0.594300 -0.729649 -0.843073 -0.906639 -0.960773 -0.989920 0.979650 0.970171 0.894528 0.673979 0.591639 0.295205 0.146449 -0.035657 -0.207576 -0.454182 -0.581617 -0.729758 -0.825897 -0.920604 -0.959143 -0.988855 
46.728592 14506318.000000 58 56 148 0.669691 0.554217 0.565500 0.967998 0.925785 0.838653 0.810090 0.610563 0.517636 0.153751 -0.007557 -0.301385 -0.478112 -0.611291 -0.726745 -0.846572 -0.900464 -0.945081 -0.988991 0.982563 0.925662 0.798057 0.682030 0.562659 0.346905 0.104294 -0.100346 -0.309079 -0.501645 -0.607861 -0.749987 -0.867365 -0.909289 -0.956445 -0.993569 
36.762314 514064.531250 76 148 76 0.582764 0.640856 0.576719 0.973082 0.947681 0.846809 0.816067 0.648521 0.496092 0.178330 -0.026593 -0.254829 -0.394178 -0.596465 -0.736843 -0.833390 -0.909755 -0.944021 -0.978650 0.968323 0.945116 0.842290 0.830152 0.669050 0.558466 0.253373 0.042317 -0.213723 -0.409916 -0.566710 -0.709909 -0.818519 -0.889271 -0.941537 -0.977705 
26.098228 150431.546875 76 112 50 0.642917 0.564784 0.554647 0.980355 0.941835 0.850871 0.762585 0.665927 0.508100 0.194501 -0.006635 -0.200212 -0.396312 -0.559482 -0.715083 -0.835653 -0.892085 -0.947048 -0.984564 0.976677 0.951761 0.870136 0.746858 0.664137 0.478178 0.179057 -0.024633 -0.227763 -0.373284 -0.576370 -0.740600 -0.829498 -0.906976 -0.946977 -0.976504 
24.495853 128800.093750 44 58 48 0.415185 0.649738 0.438994 0.976775 0.938099 0.864275 0.765241 0.659866 0.489622 0.177632 -0.056143 -0.258601 -0.352379 -0.559821 -0.731586 -0.836678 -0.902445 -0.947737 -0.980528 0.984486 0.948225 0.844214 0.764582 0.656588 0.510120 0.195921 0.005081 -0.221069 -0.430684 -0.616831 -0.740174 -0.828603 -0.890933 -0.942469 -0.984965 
46.554600 993047.937500 28 34 38 0.220025 0.644057 0.552985 0.952405 0.942009 0.905858 0.864988 0.785609 0.703837 0.441429 0.033767 -0.153967 -0.259596 -0.353605 -0.475650 -0.764687 -0.877136 -0.930847 -0.986164 0.946827 0.935872 0.897315 0.828606 0.755304 0.610816 0.253389 -0.057410 -0.191730 -0.276978 -0.383130 -0.540534 -0.778419 -0.880138 -0.934760 -0.979951 
40.791935 491225.125000 80 80 92 0.713690 0.498969 0.578923 0.956163 0.925127 0.861887 0.832810 0.691099 0.567997 0.371188 0.114260 -0.032640 -0.260028 -0.348369 -0.512631 -0.755292 -0.886968 -0.944066 -0.984984 0.954402 0.942591 0.900006 0.860393 0.781212 0.644117 0.427293 0.126138 -0.110802 -0.286529 -0.369074 -0.515251 -0.796285 -0.886867 -0.943628 -0.985050 
33.679039 382419.625000 92 54 150 0.469097 0.515325 0.515622 0.959177 0.926940 0.840230 0.767923 0.666699 0.561384 0.377268 0.064530 -0.082797 -0.234977 -0.318662 -0.501302 -0.689569 -0.890213 -0.948536 -0.979478 0.948192 0.923555 0.841594 0.799290 0.670345 0.561447 0.358696 0.118827 -0.024804 -0.225601 -0.311294 -0.504383 -0.689319 -0.850923 -0.941127 -0.977882 
42.031979 306169.156250 52 56 44 0.518011 0.326031 0.789020 0.985274 0.967298 0.934256 0.896073 0.792158 0.638988 0.383358 0.213374 -0.028879 -0.165664 -0.279589 -0.487959 -0.662818 -0.860081 -0.942577 -0.979540 0.964484 0.932330 0.855041 0.782226 0.673508 0.584014 0.354582 0.039071 -0.123060 -0.229028 -0.338369 -0.488706 -0.748165 -0.886377 -0.950509 -0.974390 
61.558842 17618632.000000 40 54 56 0.796606 0.968108 0.914742 0.967998 0.948048 0.917331 0.844071 0.817345 0.660129 0.377104 0.279726 0.033147 -0.142028 -0.182453 -0.447962 -0.588614 -0.668346 -0.818047 -0.967328 0.977403 0.955786 0.927830 0.864534 0.823711 0.726245 0.353782 0.269224 0.053831 -0.136024 -0.180549 -0.354543 -0.587178 -0.657901 -0.898934 -0.975717 
62.099895 30335666.000000 56 56 58 0.967242 0.970466 0.952352 0.961642 0.944431 0.902519 0.813220 0.742142 0.650949 0.419918 0.309156 0.075559 -0.163933 -0.225393 -0.449201 -0.651299 -0.739250 -0.780700 -0.872012 0.960442 0.944091 0.904789 0.829418 0.779822 0.660887 0.413636 0.283454 0.043354 -0.145707 -0.205694 -0.426824 -0.625829 -0.703977 -0.794280 -0.943502 
59.852211 33315274.000000 58 58 58 0.970963 0.977951 0.938277 0.967465 0.951596 0.917550 0.785824 0.634709 0.577791 0.439020 0.333503 0.045343 -0.172614 -0.246703 -0.402648 -0.662377 -0.739856 -0.778914 -0.844414 0.963957 0.947451 0.902859 0.803479 0.688404 0.632367 0.419640 0.317641 0.069292 -0.172502 -0.238409 -0.491332 -0.670216 -0.758418 -0.796574 -0.868596 
58.073448 24093596.000000 58 58 58 0.977711 0.953142 0.952577 0.977537 0.969210 0.924703 0.783961 0.541565 0.468078 0.390989 0.282129 0.053594 -0.225099 -0.286894 -0.416164 -0.659841 -0.718358 -0.777865 -0.842084 0.974592 0.958133 0.924861 0.766602 0.599386 0.519881 0.401987 0.320403 0.073077 -0.192287 -0.278956 -0.392351 -0.662987 -0.728504 -0.781588 -0.846236 
57.536743 8739495.000000 58 56 56 0.920732 0.947183 0.914127 0.978213 0.973243 0.938827 0.796275 0.614061 0.435823 0.337692 0.224943 0.045799 -0.185704 -0.330905 -0.454931 -0.638825 -0.739248 -0.784422 -0.861227 0.977777 0.973374 0.930052 0.771017 0.521569 0.430470 0.331082 0.264618 0.032868 -0.221269 -0.312199 -0.433146 -0.669647 -0.724661 -0.780244 -0.841533 
49.956436 1204906.250000 56 40 36 0.922457 0.640498 0.498033 0.985699 0.973299 0.916662 0.813058 0.660281 0.577257 0.379874 0.286114 0.105441 -0.072531 -0.361716 -0.482950 -0.608251 -0.745437 -0.778194 -0.925469 0.981518 0.974659 0.932200 0.813478 0.660234 0.502842 0.324982 0.200046 0.073303 -0.089184 -0.340941 -0.480312 -0.573912 -0.729164 -0.776284 -0.886387 
40.087017 462457.062500 36 56 56 0.696599 0.399076 0.467217 0.969450 0.939845 0.881956 0.810631 0.638919 0.583825 0.408849 0.309014 0.164350 -0.142924 -0.310458 -0.457691 -0.679841 -0.753720 -0.829054 -0.942561 0.974534 0.949851 0.899461 0.789616 0.662362 0.576406 0.445156 0.326627 0.202364 -0.063810 -0.296701 -0.434081 -0.678247 -0.747273 -0.801872 -0.942033 
33.517040 276409.875000 56 44 56 0.685092 0.303472 0.707646 0.972098 0.942647 0.860585 0.777909 0.588392 0.501903 0.386171 0.239513 -0.003976 -0.162572 -0.243183 -0.375361 -0.623332 -0.716273 -0.843484 -0.955219 0.967083 0.937326 0.874782 0.794549 0.632858 0.530455 0.387565 0.311817 0.160449 -0.133930 -0.317323 -0.416055 -0.657409 -0.752529 -0.827176 -0.952178 
37.849506 420899.718750 56 56 74 0.576526 0.677767 0.598277 0.967479 0.954548 0.897464 0.799440 0.641077 0.532870 0.378235 0.257681 0.022728 -0.143492 -0.255702 -0.368729 -0.606855 -0.697010 -0.853000 -0.965401 0.964366 0.947026 0.880203 0.750185 0.575563 0.507317 0.372167 0.130838 -0.037014 -0.182215 -0.251753 -0.383582 -0.611143 -0.697744 -0.819198 -0.962175 
37.880642 507487.187500 74 142 72 0.613225 0.370189 0.434838 0.968937 0.944712 0.877001 0.772822 0.686027 0.594652 0.385221 0.265199 0.009722 -0.080860 -0.232579 -0.300772 -0.415887 -0.748342 -0.860583 -0.948322 0.969061 0.951319 0.877109 0.775286 0.661093 0.554799 0.377500 0.286857 0.041242 -0.087264 -0.255825 -0.325792 -0.524473 -0.734378 -0.866271 -0.959902 
43.770561 1796896.625000 130 224 74 0.399481 0.491796 0.635909 0.972714 0.946464 0.867030 0.789396 0.724668 0.657378 0.393671 0.218339 0.065934 -0.098954 -0.223553 -0.304281 -0.717514 -0.837351 -0.896193 -0.917470 0.968304 0.945528 0.866103 0.752497 0.706161 0.625472 0.387120 0.223861 0.009884 -0.099045 -0.227919 -0.286077 -0.490987 -0.780672 -0.883218 -0.938264 
54.554298 21991686.000000 74 44 44 0.777242 0.449476 0.898855 0.971792 0.943090 0.860791 0.782837 0.738124 0.663801 0.356967 0.154894 0.039576 -0.138859 -0.273359 -0.415750 -0.699975 -0.772512 -0.885928 -0.911412 0.971583 0.944080 0.857135 0.787556 0.737882 0.674100 0.345612 0.184176 0.074742 -0.138461 -0.233414 -0.344361 -0.745172 -0.827767 -0.895242 -0.914659 
57.030098 37888252.000000 44 44 44 0.890691 0.879965 0.908656 0.975227 0.950330 0.865159 0.775476 0.724732 0.659405 0.368024 0.127718 0.015526 -0.181088 -0.285583 -0.428080 -0.702297 -0.782662 -0.867865 -0.901206 0.973631 0.947004 0.861241 0.774590 0.729941 0.667814 0.357903 0.119860 0.019203 -0.166775 -0.257282 -0.433121 -0.706778 -0.779588 -0.872780 -0.901914 
55.616867 16039988.000000 42 42 44 0.957532 0.969225 0.925711 0.984108 0.961123 0.890915 0.803947 0.722886 0.664946 0.436354 0.109892 -0.009396 -0.215110 -0.365525 -0.484477 -0.643342 -0.720140 -0.831485 -0.879066 0.978736 0.954554 0.882697 0.790943 0.724487 0.664824 0.461429 0.146940 0.022237 -0.179109 -0.305892 -0.460041 -0.669771 -0.750556 -0.856929 -0.899041 
52.198547 2057210.000000 44 42 44 0.943305 0.903130 0.979296 0.989148 0.982836 0.916607 0.812501 0.719670 0.667716 0.435766 0.140317 0.035420 -0.077709 -0.271398 -0.528335 -0.617809 -0.741421 -0.837242 -0.920050 0.988385 0.978128 0.889037 0.789396 0.720664 0.658936 0.383237 0.121915 0.003721 -0.233514 -0.390689 -0.507479 -0.618587 -0.699050 -0.810891 -0.887348 
52.968044 1577199.625000 44 44 44 0.973141 0.976817 0.969354 0.989854 0.982361 0.919698 0.854706 0.705035 0.668843 0.405616 0.158559 0.054076 -0.028672 -0.213737 -0.524951 -0.660315 -0.783995 -0.850049 -0.914864 0.989917 0.982931 0.914955 0.831109 0.726551 0.681689 0.423589 0.157488 0.055070 -0.031964 -0.182238 -0.519479 -0.651095 -0.776389 -0.843390 -0.927905 
51.576584 465566.218750 44 46 44 0.973563 0.949449 0.747699 0.989780 0.976524 0.949727 0.877058 0.733245 0.687105 0.506608 0.170112 0.035747 -0.084793 -0.278480 -0.490889 -0.642259 -0.742432 -0.881983 -0.965611 0.989754 0.982418 0.940248 0.880283 0.699368 0.664502 0.452353 0.144349 0.055371 -0.054879 -0.274301 -0.514860 -0.639556 -0.780555 -0.858912 -0.943922 
39.519638 3259560.000000 46 44 44 0.786311 0.659231 0.738280 0.985409 0.956411 0.849452 0.749948 0.660430 0.530161 0.190918 0.019812 -0.140871 -0.345002 -0.503319 -0.663882 -0.863054 -0.931793 -0.964729 -0.984444 0.982948 0.963468 0.905046 0.760759 0.696549 0.593284 0.296545 0.106608 -0.042216 -0.193621 -0.378277 -0.596624 -0.813790 -0.895244 -0.946494 -0.990431 
46.643940 4907234.000000 44 44 44 0.657511 0.751713 0.666049 0.988593 0.964800 0.855503 0.793287 0.689020 0.480819 0.069618 -0.144444 -0.401330 -0.497313 -0.644378 -0.742272 -0.870612 -0.937060 -0.970214 -0.991528 0.988077 0.968225 0.847693 0.787205 0.681266 0.493613 0.053952 -0.090289 -0.343816 -0.492696 -0.622365 -0.742360 -0.877153 -0.937990 -0.968881 -0.993922 
51.798534 3172375.500000 44 44 44 0.838888 0.581004 0.717820 0.985202 0.936621 0.792964 0.742027 0.645931 0.403135 0.075431 -0.083428 -0.365203 -0.489118 -0.663037 -0.809571 -0.885089 -0.955460 -0.983282 -0.991516 0.986788 0.951150 0.831566 0.756999 0.648505 0.452636 0.104387 -0.095866 -0.389210 -0.503353 -0.633126 -0.792869 -0.891153 -0.944553 -0.983707 -0.992117 
49.086514 3527135.000000 44 22 52 0.794565 0.364796 0.587443 0.976373 0.914151 0.775874 0.725412 0.624531 0.269460 0.021029 -0.160622 -0.428085 -0.535773 -0.688428 -0.792563 -0.881463 -0.930331 -0.963297 -0.982432 0.978938 0.912026 0.788384 0.732255 0.624818 0.289374 0.026216 -0.119381 -0.377326 -0.498282 -0.693043 -0.785646 -0.873546 -0.935461 -0.974179 -0.987120 
49.137169 2125674.500000 52 86 58 0.612223 0.383500 0.357268 0.977396 0.924428 0.791526 0.714066 0.534249 0.232507 0.024430 -0.132249 -0.381730 -0.497392 -0.634491 -0.811156 -0.884902 -0.931325 -0.964151 -0.985083 0.981181 0.925001 0.787750 0.725412 0.608038 0.286759 0.028861 -0.137730 -0.425239 -0.531224 -0.660293 -0.819371 -0.890873 -0.943598 -0.963090 -0.987442 
47.545845 2640386.000000 148 148 130 0.466456 0.399884 0.459384 0.977002 0.932666 0.768467 0.721245 0.570728 0.200960 0.029607 -0.146838 -0.451781 -0.494338 -0.670455 -0.806011 -0.881352 -0.933411 -0.958993 -0.983130 0.975572 0.933106 0.779589 0.713607 0.533571 0.207425 0.034078 -0.127331 -0.400802 -0.476300 -0.658796 -0.798286 -0.882812 -0.925575 -0.964658 -0.986087 
49.749714 5065605.000000 210 212 44 0.384005 0.325018 0.355252 0.977554 0.911952 0.770572 0.708154 0.364210 0.095430 -0.003142 -0.294926 -0.420951 -0.487060 -0.644638 -0.780356 -0.823076 -0.890874 -0.940426 -0.978036 0.977290 0.924306 0.777097 0.710801 0.520886 0.144684 0.015707 -0.270506 -0.463760 -0.499927 -0.691946 -0.799686 -0.853406 -0.926014 -0.953725 -0.981473 
46.261311 5985746.500000 44 60 34 0.634366 0.493897 0.886215 0.985219 0.974520 0.806704 0.677155 0.449764 0.140060 0.000765 -0.166327 -0.245541 -0.399778 -0.494622 -0.654664 -0.740505 -0.853024 -0.928720 -0.977379 0.977617 0.914523 0.774543 0.672712 0.211747 0.075879 -0.085952 -0.234836 -0.357179 -0.464296 -0.586614 -0.716345 -0.789243 -0.865274 -0.932046 -0.978170 
55.099926 24573598.000000 38 36 38 0.523917 0.884106 0.990634 0.984452 0.969232 0.924344 0.759194 0.670290 0.602771 0.385249 0.235326 -0.016059 -0.133924 -0.337973 -0.559967 -0.720826 -0.806722 -0.921550 -0.969520 0.984126 0.975075 0.906280 0.729132 0.659600 0.529666 0.281715 0.091157 -0.059139 -0.205279 -0.361786 -0.587999 -0.732433 -0.821186 -0.916973 -0.976982 
56.211166 11857143.000000 38 38 40 0.982059 0.987677 0.934022 0.982787 0.958662 0.934418 0.786579 0.699957 0.619459 0.551316 0.358023 0.035347 -0.095965 -0.429759 -0.582890 -0.761147 -0.834626 -0.946088 -0.971764 0.983972 0.963433 0.931588 0.790730 0.678337 0.622833 0.481643 0.299124 0.026462 -0.109070 -0.407695 -0.579533 -0.741788 -0.813002 -0.932441 -0.977037 
56.504898 7615818.500000 38 38 38 0.936606 0.950841 0.924442 0.980300 0.953326 0.939422 0.785297 0.707355 0.637170 0.566221 0.423612 0.015002 -0.055017 -0.384191 -0.577363 -0.761425 -0.862822 -0.940218 -0.982186 0.980571 0.954270 0.936717 0.788942 0.707224 0.625844 0.562248 0.405658 0.031635 -0.092974 -0.377797 -0.529085 -0.774029 -0.852466 -0.937242 -0.973235 
55.774616 4936287.000000 40 40 40 0.930599 0.924871 0.940613 0.978426 0.955109 0.936596 0.801214 0.708833 0.675058 0.588532 0.452389 -0.016634 -0.106528 -0.368085 -0.574966 -0.753613 -0.860510 -0.942592 -0.972522 0.979269 0.953884 0.935894 0.794512 0.708787 0.662347 0.565360 0.432311 0.008122 -0.104335 -0.383176 -0.587654 -0.749763 -0.866701 -0.946163 -0.973761 
53.631294 2204678.000000 40 40 44 0.951494 0.920635 0.842682 0.979659 0.961175 0.933515 0.757370 0.727251 0.669414 0.583410 0.453728 -0.000215 -0.094981 -0.243267 -0.581122 -0.763710 -0.870118 -0.947820 -0.973620 0.980516 0.957534 0.939145 0.770262 0.705288 0.659049 0.572524 0.456568 0.001343 -0.094398 -0.294535 -0.571063 -0.760763 -0.872496 -0.945091 -0.978575 
49.512115 752499.375000 42 44 48 0.854119 0.874105 0.365291 0.977152 0.965911 0.926409 0.800888 0.708317 0.640018 0.594215 0.484915 -0.006061 -0.096638 -0.242033 -0.556110 -0.789535 -0.852850 -0.935558 -0.977864 0.975667 0.960182 0.924467 0.771343 0.718055 0.647360 0.586550 0.480021 0.005235 -0.100308 -0.207086 -0.579448 -0.784461 -0.855813 -0.948158 -0.975795 
41.038811 146394.453125 48 36 40 0.431906 0.790366 0.879833 0.985611 0.978297 0.906747 0.757277 0.716055 0.638053 0.588935 0.450879 0.033056 -0.185062 -0.401370 -0.598128 -0.766391 -0.856789 -0.953070 -0.979486 0.978845 0.970843 0.926202 0.778625 0.695606 0.642018 0.594486 0.438093 -0.000165 -0.114585 -0.344228 -0.579239 -0.775119 -0.871001 -0.948581 -0.983566 
37.192684 72670.773438 40 54 178 0.805108 0.369781 0.543025 0.984373 0.969169 0.913954 0.762106 0.709168 0.655417 0.565061 0.427625 0.032052 -0.194159 -0.382252 -0.584961 -0.783276 -0.846220 -0.923526 -0.962331 0.987033 0.978746 0.897959 0.768480 0.714300 0.661513 0.585418 0.455962 0.090418 -0.213933 -0.383737 -0.591916 -0.795558 -0.853913 -0.933114 -0.971536 
33.825829 40302.421875 80 60 110 0.531085 0.469127 0.514614 0.979055 0.971605 0.906579 0.749936 0.699143 0.628325 0.586953 0.400911 -0.007679 -0.205072 -0.385359 -0.558859 -0.744676 -0.868981 -0.931564 -0.980509 0.980083 0.971186 0.910853 0.761260 0.707120 0.653902 0.571147 0.408515 0.002860 -0.195342 -0.384103 -0.574304 -0.746556 -0.862456 -0.926603 -0.969881 
33.988373 36149.937500 110 218 102 0.593975 0.527932 0.532793 0.982129 0.971961 0.943368 0.754877 0.694998 0.660814 0.566456 0.298419 0.085728 -0.149682 -0.434119 -0.572103 -0.706557 -0.848746 -0.940204 -0.981986 0.981070 0.975072 0.919811 0.729312 0.677518 0.639218 0.574128 0.311084 0.049812 -0.196533 -0.430325 -0.559954 -0.742429 -0.874969 -0.939008 -0.984897 
46.125225 72077.132812 102 78 90 0.577838 0.701649 0.868999 0.984141 0.975873 0.963780 0.890714 0.710884 0.664643 0.552696 0.334418 0.143605 -0.099470 -0.337260 -0.505913 -0.738630 -0.824763 -0.934061 -0.970430 0.983604 0.973396 0.963170 0.869677 0.701932 0.675231 0.560277 0.352720 0.086524 -0.139393 -0.394419 -0.543561 -0.715680 -0.816979 -0.936697 -0.976290 
47.038227 74472.468750 92 92 96 0.894412 0.914917 0.810832 0.987561 0.978391 0.964279 0.911932 0.686660 0.614414 0.543268 0.272319 0.176720 0.013949 -0.350627 -0.504430 -0.693217 -0.810382 -0.931131 -0.978872 0.986503 0.977517 0.961847 0.892707 0.697133 0.629461 0.543493 0.277145 0.168986 -0.014076 -0.329155 -0.471433 -0.730675 -0.830048 -0.930884 -0.971574 
43.911919 28200.896484 96 100 108 0.807805 0.700786 0.553934 0.989830 0.983060 0.963621 0.891952 0.703952 0.674937 0.547027 0.288306 0.098569 -0.143332 -0.377606 -0.569033 -0.719092 -0.833552 -0.938555 -0.972629 0.989284 0.978923 0.966129 0.921086 0.697190 0.661912 0.544085 0.281678 0.141262 -0.107203 -0.371611 -0.543438 -0.703183 -0.820100 -0.933480 -0.977898 
35.568253 23874.708984 110 116 118 0.641171 0.451316 0.652229 0.990699 0.977896 0.959626 0.771706 0.699965 0.630550 0.546296 0.305826 0.086200 -0.163379 -0.381419 -0.540777 -0.725614 -0.809399 -0.935604 -0.976096 0.991567 0.983583 0.951224 0.814125 0.691119 0.644190 0.556869 0.323703 0.067623 -0.158642 -0.357099 -0.557825 -0.733233 -0.822978 -0.937273 -0.972752 
31.592672 10482.691406 118 62 122 0.639408 0.675382 0.477882 0.992489 0.981448 0.953830 0.781511 0.695503 0.658037 0.421770 0.234452 0.044022 -0.232530 -0.379848 -0.559992 -0.737585 -0.844296 -0.934830 -0.981731 0.992359 0.980580 0.962793 0.774950 0.693326 0.660846 0.496187 0.264320 0.070317 -0.187789 -0.386965 -0.553664 -0.726286 -0.826024 -0.933078 -0.977068 
26.611584 6329.127441 80 96 96 0.570249 0.640693 0.708725 0.996435 0.983760 0.935443 0.797738 0.692969 0.600041 0.329016 0.204552 -0.004145 -0.224113 -0.406349 -0.600028 -0.722288 -0.860296 -0.932034 -0.970220 0.995585 0.982249 0.945022 0.792645 0.701355 0.654835 0.360970 0.210600 -0.015783 -0.230583 -0.373475 -0.588841 -0.732804 -0.851815 -0.939167 -0.974422 
21.402935 5575.411133 96 118 92 0.719861 0.504800 0.484499 0.991352 0.969426 0.933263 0.793314 0.674349 0.598253 0.356912 0.186330 0.009661 -0.230691 -0.430123 -0.597857 -0.719298 -0.845127 -0.926588 -0.977143 0.995321 0.978806 0.937262 0.806784 0.675204 0.577712 0.313484 0.193892 -0.012594 -0.211770 -0.443048 -0.599776 -0.725010 -0.851814 -0.932505 -0.968656 
16.419712 4762.668457 94 118 104 0.700788 0.357229 0.333415 0.985081 0.959853 0.912684 0.787634 0.692200 0.579581 0.321991 0.188428 -0.041421 -0.260268 -0.431049 -0.575433 -0.749587 -0.833222 -0.939431 -0.982292 0.986915 0.960271 0.920167 0.793275 0.689066 0.610002 0.384705 0.178481 -0.027032 -0.242452 -0.438859 -0.594867 -0.731622 -0.834030 -0.923704 -0.981654 
17.851068 4398.722656 130 88 86 0.541313 0.608063 0.564047 0.990536 0.970772 0.917936 0.798798 0.682069 0.538506 0.369110 0.179547 -0.029818 -0.252925 -0.392348 -0.573316 -0.746880 -0.839847 -0.934924 -0.979394 0.984989 0.970268 0.927905 0.794839 0.688746 0.526503 0.345922 0.199339 -0.033925 -0.265441 -0.399751 -0.575729 -0.752743 -0.823204 -0.938244 -0.980660 
15.657785 4257.375977 86 50 198 0.459933 0.459947 0.356509 0.986928 0.966760 0.916620 0.766446 0.686066 0.542868 0.373215 0.199605 -0.077819 -0.212917 -0.436271 -0.564759 -0.735950 -0.835144 -0.932361 -0.966805 0.988231 0.967912 0.909046 0.769343 0.678209 0.552703 0.362374 0.157953 -0.033353 -0.229731 -0.395728 -0.570909 -0.734841 -0.842578 -0.926083 -0.974842 
13.694806 1591.556152 52 96 32 0.348392 0.548461 0.949571 0.989998 0.963709 0.895855 0.797458 0.662596 0.530204 0.383905 0.110115 -0.053936 -0.250502 -0.379989 -0.546210 -0.725039 -0.826051 -0.937445 -0.973281 0.986475 0.966029 0.917539 0.786825 0.690799 0.561429 0.371012 0.221726 -0.074680 -0.218170 -0.449811 -0.578113 -0.739933 -0.836422 -0.935261 -0.965299 
