48.985729 1170443.500000 20 38 26 0.000000 0.563979 0.784106 0.981842 0.972307 0.960391 0.912338 0.519691 0.356704 0.309303 0.152275 -0.007912 -0.173459 -0.341200 -0.473696 -0.519103 -0.747911 -0.785874 -0.935995 0.986161 0.966216 0.921575 0.778957 0.532241 0.296622 0.171815 0.057867 -0.067487 -0.233373 -0.395549 -0.518458 -0.607619 -0.775080 -0.894132 -0.976371 
60.953182 14506711.000000 52 50 50 0.797455 0.961584 0.985429 0.980886 0.969319 0.961143 0.893530 0.440917 0.351306 0.314894 0.223975 -0.033006 -0.168067 -0.352980 -0.490904 -0.598054 -0.732869 -0.782324 -0.948018 0.981032 0.970719 0.962254 0.923523 0.450781 0.361564 0.303856 0.154238 -0.010390 -0.141036 -0.330839 -0.482440 -0.596091 -0.747830 -0.778726 -0.939579 
62.282528 57962292.000000 50 50 50 0.972322 0.989156 0.991471 0.982322 0.968502 0.959152 0.811904 0.429480 0.349128 0.296483 0.147527 -0.045818 -0.220497 -0.404742 -0.470530 -0.605443 -0.718163 -0.773941 -0.975967 0.981569 0.968624 0.960213 0.837645 0.438860 0.356353 0.309245 0.176346 -0.048697 -0.211167 -0.394861 -0.470376 -0.589683 -0.717177 -0.767122 -0.950765 
63.058247 73142128.000000 50 50 52 0.991026 0.979899 0.978289 0.981838 0.968844 0.958275 0.811243 0.413635 0.354305 0.303908 0.141523 -0.046838 -0.228084 -0.418737 -0.492689 -0.570711 -0.706213 -0.767437 -0.971201 0.982017 0.968581 0.958711 0.804200 0.405627 0.346377 0.289078 0.129652 -0.056347 -0.239566 -0.411085 -0.487165 -0.594397 -0.709700 -0.776703 -0.976684 
63.827888 91657424.000000 52 52 52 0.975402 0.996216 0.998993 0.980133 0.969171 0.956378 0.787787 0.428267 0.372243 0.316707 0.159165 -0.041381 -0.251314 -0.435549 -0.491313 -0.575910 -0.697509 -0.791977 -0.980940 0.980669 0.968925 0.956832 0.797039 0.416606 0.364663 0.307547 0.148715 -0.032058 -0.223265 -0.425030 -0.485734 -0.563063 -0.692580 -0.779750 -0.979737 
61.688808 49720752.000000 52 52 54 0.998494 0.997081 0.940725 0.982914 0.970175 0.957066 0.782147 0.460929 0.412825 0.277332 0.165736 -0.052814 -0.294733 -0.439270 -0.505692 -0.587861 -0.693597 -0.798699 -0.979799 0.981076 0.969545 0.956682 0.795700 0.434875 0.382397 0.302344 0.153436 -0.038067 -0.278754 -0.430690 -0.496424 -0.572682 -0.686734 -0.777203 -0.975158 
53.671223 1999125.625000 52 52 54 0.944671 0.931030 0.987188 0.992010 0.981485 0.953016 0.912210 0.587620 0.461193 0.331030 0.139610 0.035813 -0.147059 -0.410323 -0.499888 -0.593191 -0.704722 -0.855844 -0.976023 0.989455 0.974693 0.956230 0.854584 0.500140 0.465921 0.258020 0.159817 -0.014548 -0.299300 -0.460916 -0.517006 -0.603459 -0.695982 -0.849135 -0.982579 
53.327477 1292008.375000 54 54 54 0.983465 0.986597 0.976222 0.992262 0.982486 0.952580 0.912532 0.628440 0.474540 0.376910 0.162743 0.060451 -0.066098 -0.384662 -0.494010 -0.556744 -0.682786 -0.805667 -0.964570 0.992144 0.982521 0.949113 0.919793 0.611960 0.461846 0.368890 0.134700 0.066416 -0.147325 -0.384934 -0.476029 -0.572818 -0.687819 -0.843825 -0.967950 
53.255116 1194763.250000 54 54 54 0.976192 0.982572 0.989453 0.991739 0.981085 0.951776 0.922403 0.639898 0.493490 0.402375 0.146505 0.046304 -0.124781 -0.409636 -0.482754 -0.525880 -0.673703 -0.812783 -0.958685 0.992381 0.983084 0.947827 0.916303 0.612751 0.453265 0.358419 0.228016 0.058089 -0.124130 -0.391950 -0.496142 -0.563932 -0.666663 -0.790492 -0.951173 
53.712502 899686.125000 54 54 54 0.982412 0.990123 0.991808 0.991872 0.982695 0.953361 0.927767 0.646211 0.483020 0.415314 0.192564 0.055345 -0.057707 -0.399081 -0.496949 -0.553494 -0.653268 -0.848027 -0.961198 0.991480 0.980562 0.954649 0.925816 0.656944 0.478494 0.381870 0.204632 0.047119 -0.045676 -0.363545 -0.486415 -0.528665 -0.640498 -0.845750 -0.964659 
53.782444 747393.812500 54 54 54 0.989236 0.984075 0.975600 0.991918 0.983703 0.951111 0.930051 0.714751 0.477385 0.406046 0.142937 0.039914 -0.053601 -0.403457 -0.495156 -0.545677 -0.624317 -0.881457 -0.963114 0.992027 0.984019 0.950579 0.929436 0.689598 0.484859 0.418677 0.126591 0.054498 -0.076531 -0.406698 -0.493501 -0.547360 -0.617992 -0.861804 -0.964361 
53.750916 670566.687500 54 54 52 0.981513 0.969996 0.994365 0.991948 0.984303 0.951266 0.929012 0.729087 0.484608 0.430486 0.152543 0.037556 -0.109873 -0.408309 -0.501014 -0.552820 -0.618057 -0.888430 -0.961808 0.991958 0.983398 0.950792 0.925760 0.709586 0.487088 0.439949 0.130125 0.043404 -0.084842 -0.411068 -0.504083 -0.545735 -0.663123 -0.888694 -0.963882 
54.435062 3968198.250000 52 52 48 0.994464 0.980054 0.555207 0.991567 0.982319 0.943600 0.891980 0.594892 0.521723 0.295810 0.094792 -0.007598 -0.185745 -0.340060 -0.492706 -0.587859 -0.640168 -0.771105 -0.968276 0.992046 0.985029 0.951176 0.928274 0.700273 0.539926 0.458814 0.208026 0.033898 -0.141684 -0.434350 -0.541678 -0.576231 -0.663238 -0.874357 -0.970006 
63.911003 133276816.000000 48 48 46 0.780958 0.967457 0.980512 0.968438 0.959494 0.925823 0.761607 0.588884 0.534896 0.312980 0.168955 0.043559 -0.228352 -0.297255 -0.408849 -0.565269 -0.707206 -0.735099 -0.877751 0.979943 0.964825 0.940904 0.769079 0.557756 0.501048 0.298537 0.126752 0.000640 -0.232074 -0.303271 -0.503945 -0.590138 -0.670985 -0.698591 -0.929195 
65.892502 117272584.000000 46 44 44 0.988707 0.944175 0.975648 0.966249 0.952927 0.914028 0.798508 0.664459 0.622220 0.305890 0.194511 0.106107 -0.219474 -0.287353 -0.387260 -0.537045 -0.681982 -0.735417 -0.924227 0.967960 0.956549 0.919505 0.814203 0.612428 0.572250 0.331896 0.210061 0.068869 -0.200344 -0.295721 -0.385956 -0.516358 -0.686869 -0.728689 -0.893854 
66.145287 63424788.000000 44 42 40 0.973087 0.984383 0.944030 0.964428 0.953193 0.917386 0.801570 0.728689 0.663872 0.350007 0.227070 0.113385 -0.194206 -0.290910 -0.384956 -0.498870 -0.662622 -0.734691 -0.959111 0.965576 0.953636 0.914313 0.820050 0.683709 0.628414 0.366022 0.207034 0.099233 -0.210298 -0.305869 -0.352745 -0.518060 -0.678403 -0.724597 -0.947174 
65.560547 65651856.000000 42 40 38 0.942213 0.988738 0.946853 0.966053 0.950561 0.920043 0.825385 0.765763 0.609800 0.346718 0.165569 0.105158 -0.184402 -0.297665 -0.368880 -0.520536 -0.691144 -0.763441 -0.985774 0.966753 0.952691 0.925669 0.823845 0.723509 0.629074 0.358598 0.187711 0.139518 -0.184433 -0.282884 -0.364232 -0.528413 -0.685881 -0.729993 -0.973168 
64.742401 33218972.000000 40 38 36 0.914596 0.967503 0.972296 0.977880 0.953044 0.930895 0.877754 0.768207 0.653095 0.341771 0.205418 -0.002866 -0.240603 -0.300916 -0.343059 -0.571408 -0.689024 -0.854506 -0.993619 0.971117 0.950050 0.928494 0.833466 0.784530 0.681679 0.366971 0.180591 0.037569 -0.203657 -0.277912 -0.374551 -0.540881 -0.679423 -0.830890 -0.993589 
62.576706 12386518.000000 36 36 36 0.952062 0.916327 0.901333 0.983609 0.968641 0.928688 0.898275 0.797718 0.650738 0.321191 0.182687 0.093916 -0.106391 -0.354222 -0.394004 -0.569675 -0.674306 -0.896395 -0.991675 0.981876 0.960568 0.929813 0.896011 0.787325 0.633598 0.323044 0.198466 0.072356 -0.233296 -0.327150 -0.360325 -0.508302 -0.659491 -0.882377 -0.989596 
61.303059 7605773.500000 34 34 34 0.937307 0.963768 0.957918 0.983450 0.974288 0.930278 0.907777 0.761488 0.657749 0.364254 0.153228 0.055004 -0.216100 -0.299482 -0.404617 -0.587549 -0.711915 -0.969731 -0.983389 0.983552 0.972457 0.929727 0.908790 0.773321 0.621863 0.338427 0.160214 0.092688 -0.137869 -0.335746 -0.414694 -0.601543 -0.713094 -0.950377 -0.982844 
61.455940 4790517.000000 34 34 34 0.916710 0.956631 0.911969 0.984152 0.979481 0.937039 0.911251 0.757725 0.637193 0.361387 0.104607 0.003209 -0.190143 -0.303331 -0.426817 -0.519165 -0.758541 -0.975037 -0.986036 0.983675 0.977148 0.932233 0.907705 0.753547 0.648829 0.369379 0.126088 0.071453 -0.197464 -0.293105 -0.365529 -0.578714 -0.699329 -0.973382 -0.985537 
57.780704 1185791.875000 34 36 40 0.970014 0.843033 0.651481 0.985582 0.974942 0.928377 0.895960 0.759669 0.674815 0.458061 0.211525 0.079417 -0.119957 -0.346538 -0.403426 -0.561266 -0.766154 -0.936028 -0.990454 0.984600 0.978498 0.938995 0.899924 0.755222 0.663472 0.403177 0.163891 0.024222 -0.143841 -0.314671 -0.401821 -0.513469 -0.747660 -0.958801 -0.989560 
43.970222 226181.203125 40 38 38 0.677439 0.563176 0.650313 0.981822 0.968806 0.911737 0.834914 0.710863 0.633338 0.524250 0.220562 0.094543 -0.099201 -0.308467 -0.380564 -0.511783 -0.736339 -0.903527 -0.978396 0.983599 0.968059 0.924858 0.857710 0.763686 0.683875 0.505369 0.232430 0.100186 -0.094390 -0.262681 -0.355104 -0.553650 -0.730803 -0.921975 -0.985632 
43.648624 136535.421875 38 40 38 0.540990 0.769712 0.711596 0.974147 0.952550 0.939897 0.874789 0.783283 0.667365 0.502667 0.200042 0.081175 -0.037731 -0.299884 -0.411735 -0.572905 -0.774908 -0.900395 -0.968039 0.971796 0.953561 0.931337 0.846118 0.767183 0.624838 0.504036 0.195967 0.088545 -0.129655 -0.302622 -0.359400 -0.561342 -0.741621 -0.890089 -0.969990 
39.489944 104449.000000 38 36 36 0.522276 0.756679 0.589449 0.979483 0.964340 0.905346 0.829328 0.761512 0.668634 0.530342 0.150886 0.099817 -0.010947 -0.246241 -0.395024 -0.583027 -0.790265 -0.899969 -0.964303 0.981006 0.961044 0.929131 0.876631 0.762269 0.672771 0.483921 0.152376 0.095234 -0.015364 -0.290545 -0.389925 -0.643927 -0.801524 -0.910722 -0.957788 
45.218307 16190435.000000 68 36 52 0.714554 0.538892 0.504607 0.966867 0.949592 0.879623 0.768449 0.514353 0.352264 0.289655 0.148558 -0.087991 -0.250964 -0.470204 -0.571721 -0.683785 -0.722391 -0.885201 -0.966815 0.968692 0.940059 0.863529 0.767506 0.530012 0.350378 0.310635 0.151119 -0.107336 -0.242763 -0.468277 -0.562190 -0.659913 -0.701205 -0.823091 -0.959617 
40.715569 5043679.500000 28 36 22 0.603971 0.555623 0.610309 0.963596 0.947884 0.889261 0.676355 0.436259 0.337093 0.246626 0.040043 -0.161565 -0.255359 -0.417432 -0.537309 -0.698902 -0.804640 -0.905409 -0.980649 0.967727 0.946858 0.854110 0.708881 0.484926 0.326145 0.245430 0.031704 -0.146059 -0.277114 -0.454013 -0.558146 -0.712774 -0.814701 -0.901532 -0.974362 
40.410759 2918394.250000 102 50 38 0.689932 0.474472 0.459991 0.959738 0.944698 0.839514 0.698886 0.511844 0.353114 0.300395 0.093870 -0.089432 -0.274598 -0.376645 -0.558054 -0.678868 -0.749214 -0.841253 -0.946137 0.962854 0.954458 0.870463 0.696558 0.428032 0.345145 0.264487 0.064197 -0.121023 -0.297331 -0.406890 -0.563105 -0.682600 -0.762268 -0.891079 -0.964697 
58.474728 27393118.000000 42 38 36 0.544772 0.870295 0.921239 0.978914 0.956868 0.917412 0.876855 0.712019 0.513353 0.412256 0.239352 0.135273 -0.205901 -0.268787 -0.417589 -0.551711 -0.659911 -0.781453 -0.932322 0.983243 0.964929 0.913917 0.881625 0.658576 0.461909 0.360183 0.238186 0.103697 -0.195310 -0.291867 -0.431515 -0.594360 -0.702740 -0.802373 -0.928412 
61.832680 71928448.000000 38 38 40 0.948992 0.980419 0.943066 0.972905 0.946001 0.908995 0.836503 0.597345 0.511823 0.386958 0.290833 0.130760 -0.159463 -0.240128 -0.386603 -0.530818 -0.654461 -0.729809 -0.889705 0.976941 0.950785 0.914423 0.853031 0.612660 0.489740 0.402500 0.291555 0.098866 -0.195649 -0.267201 -0.380259 -0.561899 -0.665247 -0.740549 -0.873477 
62.415562 79150840.000000 40 42 44 0.974177 0.961546 0.992107 0.966950 0.934235 0.903556 0.814347 0.622835 0.539339 0.380288 0.305370 0.161251 -0.139075 -0.221170 -0.408986 -0.572198 -0.685750 -0.739254 -0.971531 0.967115 0.938983 0.903561 0.824404 0.615567 0.525376 0.379005 0.304402 0.157512 -0.146438 -0.238236 -0.356788 -0.547104 -0.669422 -0.738286 -0.948038 
63.190403 75050312.000000 44 44 46 0.992677 0.953226 0.979912 0.963712 0.927977 0.905378 0.794166 0.649666 0.561687 0.389434 0.326619 0.186972 -0.088565 -0.278396 -0.400919 -0.580644 -0.704877 -0.755274 -0.987736 0.963669 0.929430 0.903668 0.803501 0.632853 0.548345 0.382476 0.311023 0.187111 -0.103024 -0.262912 -0.422201 -0.570819 -0.688970 -0.754611 -0.986560 
63.901157 50073980.000000 46 46 46 0.973083 0.991900 0.958329 0.960304 0.927929 0.908099 0.791457 0.678387 0.589671 0.444755 0.393288 0.165721 -0.022982 -0.205844 -0.349718 -0.618087 -0.672616 -0.935568 -0.988494 0.961112 0.926919 0.906137 0.789984 0.655379 0.566130 0.422157 0.361748 0.154956 -0.057335 -0.253975 -0.375122 -0.645326 -0.688552 -0.871479 -0.990737 
63.857658 22374926.000000 46 46 48 0.974309 0.920371 0.975775 0.966748 0.934062 0.915133 0.832667 0.704947 0.618389 0.482941 0.444157 0.197877 0.007763 -0.108474 -0.370134 -0.576069 -0.731798 -0.957251 -0.987886 0.963675 0.931075 0.911708 0.803660 0.695473 0.615345 0.468956 0.422966 0.202306 -0.010754 -0.129776 -0.344667 -0.574481 -0.689119 -0.963261 -0.987172 
63.185612 13215303.000000 48 48 48 0.958933 0.986427 0.989461 0.968999 0.941942 0.914964 0.860070 0.713098 0.669873 0.506894 0.463775 0.190391 -0.000847 -0.099760 -0.464496 -0.634152 -0.742326 -0.973211 -0.991439 0.967987 0.938258 0.916027 0.852062 0.707936 0.654577 0.494443 0.468786 0.157533 -0.003759 -0.115379 -0.431697 -0.621661 -0.752707 -0.963065 -0.990180 
62.168320 6860265.000000 48 48 48 0.981273 0.990798 0.982610 0.969963 0.952087 0.912781 0.860812 0.721463 0.692185 0.546399 0.475902 0.215784 0.021539 -0.047856 -0.379530 -0.644128 -0.775633 -0.953408 -0.988102 0.970499 0.948692 0.914348 0.867273 0.719129 0.687214 0.522315 0.469480 0.201107 0.016788 -0.077201 -0.440997 -0.657322 -0.761240 -0.972593 -0.991011 
62.245823 7878231.000000 48 48 48 0.983020 0.982361 0.986903 0.970535 0.954265 0.911858 0.846017 0.711345 0.679255 0.526802 0.484807 0.264944 0.027841 -0.033769 -0.357729 -0.631746 -0.790327 -0.917141 -0.994526 0.970356 0.953978 0.912588 0.852125 0.718156 0.689204 0.537836 0.461199 0.213116 0.029038 -0.067490 -0.367420 -0.633337 -0.785017 -0.928451 -0.987766 
61.968861 14944236.000000 48 48 48 0.980194 0.967851 0.951479 0.972094 0.951109 0.915601 0.842151 0.658311 0.596144 0.483621 0.405873 0.312657 -0.035261 -0.126765 -0.310907 -0.577942 -0.635164 -0.913552 -0.996635 0.970933 0.952496 0.912646 0.824369 0.695532 0.637552 0.504601 0.469985 0.272891 0.048837 -0.079811 -0.245442 -0.577092 -0.766194 -0.918620 -0.997378 
61.483425 29528824.000000 48 48 50 0.938973 0.909205 0.957954 0.973834 0.943941 0.919325 0.776049 0.627472 0.595291 0.415330 0.370450 0.218813 -0.119199 -0.214542 -0.342424 -0.596764 -0.646403 -0.736261 -0.968788 0.972072 0.945969 0.916520 0.832593 0.633241 0.606671 0.417538 0.388747 0.247323 -0.095945 -0.141550 -0.385155 -0.579525 -0.617628 -0.841338 -0.984369 
57.890934 10097415.000000 50 50 50 0.940978 0.939245 0.962717 0.983170 0.960436 0.931040 0.843662 0.592756 0.527026 0.406169 0.336709 0.196253 -0.131778 -0.260119 -0.331359 -0.518979 -0.623124 -0.727198 -0.958767 0.980279 0.946912 0.922954 0.772146 0.616637 0.556497 0.424025 0.338146 0.227147 -0.120293 -0.227370 -0.300634 -0.586647 -0.650183 -0.714117 -0.957931 
51.760540 538292.875000 50 56 48 0.956168 0.587168 0.922953 0.979371 0.954793 0.923087 0.845444 0.660654 0.613682 0.466071 0.382819 0.170098 -0.063661 -0.267787 -0.384660 -0.551474 -0.663459 -0.850586 -0.967746 0.983226 0.968312 0.938447 0.886436 0.597248 0.514106 0.419148 0.346853 0.135252 -0.183219 -0.308988 -0.379451 -0.558348 -0.643911 -0.815847 -0.969555 
43.671589 271099.718750 50 48 48 0.841118 0.909471 0.911519 0.967920 0.957522 0.908152 0.822272 0.657007 0.601005 0.438593 0.393622 0.179813 -0.086109 -0.184165 -0.359553 -0.605765 -0.694685 -0.877739 -0.964949 0.966492 0.950264 0.913484 0.840413 0.640726 0.614908 0.434214 0.396839 0.216745 -0.071157 -0.221996 -0.392094 -0.593488 -0.685248 -0.876651 -0.964214 
41.854523 125639.609375 48 48 48 0.928758 0.893941 0.859051 0.968094 0.950080 0.918301 0.862453 0.643160 0.596194 0.486593 0.362240 0.268679 0.075165 -0.226257 -0.357023 -0.617035 -0.772480 -0.903781 -0.973829 0.968771 0.957937 0.916714 0.802147 0.637683 0.600361 0.473953 0.362187 0.254544 -0.041430 -0.204553 -0.300156 -0.594409 -0.745434 -0.881273 -0.960446 
36.567341 70967.734375 50 48 48 0.875875 0.815411 0.552292 0.964505 0.940325 0.877866 0.736207 0.695440 0.550590 0.499736 0.417428 0.291868 0.018788 -0.243165 -0.477740 -0.624341 -0.782917 -0.911391 -0.957952 0.964444 0.938491 0.911917 0.797550 0.704327 0.605188 0.464146 0.373084 0.277409 0.057668 -0.239762 -0.417446 -0.653397 -0.777643 -0.902277 -0.966420 
32.661831 40566.910156 48 48 48 0.654126 0.689100 0.837068 0.968839 0.931592 0.907461 0.741589 0.641076 0.589941 0.443583 0.376652 0.295615 0.005589 -0.255166 -0.445211 -0.654896 -0.775479 -0.897535 -0.967461 0.964897 0.942623 0.872570 0.721985 0.663534 0.564662 0.487882 0.399512 0.304352 0.018885 -0.235899 -0.454045 -0.639855 -0.792791 -0.895537 -0.972722 
42.128139 10924366.000000 48 50 146 0.827574 0.903233 0.410060 0.948045 0.904054 0.830948 0.605845 0.452980 0.373705 0.164567 -0.049647 -0.147545 -0.254122 -0.350833 -0.559460 -0.672134 -0.775293 -0.920833 -0.969506 0.969205 0.933951 0.910466 0.762878 0.651783 0.583671 0.458992 0.381569 0.303491 -0.074519 -0.321550 -0.500111 -0.659719 -0.771942 -0.905534 -0.972987 
50.512428 13609294.000000 144 48 130 0.413378 0.542161 0.581158 0.983759 0.974555 0.946852 0.683469 0.567482 0.466059 0.299261 0.206460 -0.137744 -0.220494 -0.346489 -0.488903 -0.654761 -0.768987 -0.916309 -0.975727 0.981888 0.947520 0.859379 0.655444 0.515078 0.375529 0.155084 -0.089912 -0.208209 -0.318732 -0.420490 -0.615452 -0.713754 -0.790958 -0.941662 -0.977906 
56.892998 8506000.000000 74 76 78 0.271448 0.921770 0.933507 0.981521 0.972390 0.953918 0.735510 0.599803 0.540143 0.368890 0.322509 0.031595 -0.113328 -0.197560 -0.500129 -0.585431 -0.692705 -0.844238 -0.949304 0.982498 0.972079 0.946510 0.707305 0.587211 0.514945 0.340024 0.283259 -0.037812 -0.140071 -0.267536 -0.519883 -0.606855 -0.728784 -0.852385 -0.956346 
57.618519 5482245.000000 78 82 84 0.929302 0.945028 0.980641 0.980558 0.972058 0.944611 0.758878 0.648502 0.576340 0.443696 0.386410 0.037336 -0.085223 -0.193251 -0.488333 -0.581746 -0.664689 -0.826619 -0.950394 0.980787 0.971850 0.951888 0.772989 0.624578 0.551841 0.409740 0.365534 0.048409 -0.091192 -0.197524 -0.493096 -0.581975 -0.681389 -0.830263 -0.951927 
55.311626 2565321.000000 84 84 84 0.987901 0.984879 0.973302 0.980694 0.972653 0.941574 0.778031 0.660933 0.589367 0.482831 0.409238 0.057279 -0.069710 -0.173283 -0.436789 -0.591387 -0.695895 -0.849106 -0.966020 0.980550 0.972873 0.940533 0.762238 0.661180 0.594542 0.470252 0.397549 0.042480 -0.076941 -0.183237 -0.474687 -0.590486 -0.677973 -0.810832 -0.954722 
54.561657 1491783.750000 84 84 84 0.982168 0.987796 0.975170 0.981951 0.973022 0.946009 0.796129 0.671208 0.629674 0.490396 0.416678 0.096876 -0.037012 -0.138165 -0.480075 -0.564944 -0.654106 -0.874011 -0.967216 0.981055 0.973130 0.944662 0.782054 0.663627 0.606094 0.486620 0.428966 0.114124 -0.054144 -0.114025 -0.432454 -0.582280 -0.704159 -0.844954 -0.962598 
54.008350 1159531.125000 84 84 84 0.979686 0.988937 0.985476 0.984529 0.975106 0.955912 0.793200 0.653636 0.610078 0.434441 0.380064 0.161214 -0.029012 -0.092245 -0.463157 -0.561542 -0.726469 -0.890201 -0.969036 0.983114 0.974264 0.951028 0.800603 0.665557 0.621349 0.468334 0.407538 0.132543 -0.031595 -0.103894 -0.474545 -0.561671 -0.668832 -0.878523 -0.967667 
52.673416 1034008.125000 84 86 86 0.984224 0.972974 0.970565 0.986096 0.976425 0.954556 0.782369 0.646725 0.598037 0.393779 0.318736 0.180434 -0.017118 -0.083594 -0.469539 -0.545723 -0.682423 -0.877709 -0.969466 0.985722 0.976464 0.956314 0.813365 0.648919 0.613709 0.425105 0.364708 0.203228 -0.019487 -0.071733 -0.441448 -0.562137 -0.696759 -0.878060 -0.972578 
50.267784 2335741.500000 86 86 86 0.970057 0.975039 0.939080 0.987851 0.978303 0.961891 0.708971 0.616705 0.484146 0.267921 0.166022 -0.100822 -0.150687 -0.340732 -0.492392 -0.614948 -0.713464 -0.909800 -0.957134 0.987378 0.977438 0.963014 0.772004 0.650355 0.586522 0.359991 0.282860 0.142143 -0.029403 -0.079679 -0.433558 -0.537581 -0.695016 -0.888298 -0.968193 
47.410641 14338902.000000 86 86 86 0.929911 0.940892 0.893670 0.988547 0.978348 0.910425 0.659455 0.593084 0.319577 0.059055 -0.222805 -0.322621 -0.422180 -0.585247 -0.708199 -0.766661 -0.853476 -0.911777 -0.982026 0.988131 0.978865 0.941620 0.665444 0.610965 0.348476 0.183272 -0.096273 -0.188917 -0.308457 -0.451551 -0.617023 -0.709955 -0.830290 -0.927497 -0.967911 
54.678864 21930018.000000 86 86 84 0.899403 0.881061 0.856396 0.990018 0.978892 0.801255 0.630709 0.551627 0.188835 -0.165829 -0.292606 -0.428424 -0.538547 -0.639961 -0.746631 -0.841059 -0.907361 -0.948960 -0.975231 0.990497 0.976549 0.841283 0.621302 0.542570 0.271624 -0.106943 -0.277267 -0.356175 -0.520494 -0.633925 -0.738347 -0.829051 -0.894051 -0.945442 -0.972533 
55.202221 6340614.500000 84 82 76 0.887185 0.708309 0.902886 0.992531 0.982072 0.866843 0.645489 0.601426 0.259886 -0.038503 -0.222874 -0.388942 -0.537458 -0.653621 -0.775920 -0.824430 -0.907181 -0.933244 -0.980628 0.990254 0.973882 0.831813 0.645490 0.556291 0.171223 -0.107109 -0.289125 -0.419918 -0.546245 -0.664455 -0.761144 -0.852855 -0.914784 -0.939166 -0.962943 
48.501282 8259684.500000 76 74 72 0.914729 0.913575 0.974773 0.987634 0.976154 0.954048 0.680969 0.622421 0.510570 0.302752 0.071271 -0.257306 -0.365184 -0.582167 -0.728247 -0.814926 -0.876080 -0.923605 -0.964003 0.990181 0.978687 0.939450 0.653439 0.618268 0.488214 0.173032 -0.205123 -0.339490 -0.474819 -0.656222 -0.788250 -0.838063 -0.906965 -0.936299 -0.977941 
51.608795 10561033.000000 72 72 72 0.976471 0.985795 0.961942 0.985695 0.975529 0.951856 0.724811 0.623775 0.534495 0.298313 0.226486 -0.213308 -0.396903 -0.474779 -0.665670 -0.792976 -0.857568 -0.928277 -0.965090 0.986441 0.976040 0.952321 0.706357 0.628826 0.541911 0.299364 0.228154 -0.250091 -0.393558 -0.503021 -0.703173 -0.803098 -0.866041 -0.925465 -0.954582 
51.083176 7163641.500000 72 74 74 0.963210 0.985512 0.938512 0.986177 0.975413 0.952548 0.717930 0.625598 0.565252 0.308728 0.235244 -0.175129 -0.410476 -0.458112 -0.662644 -0.813963 -0.892094 -0.946986 -0.986864 0.985894 0.974862 0.953903 0.740963 0.620206 0.546696 0.299880 0.237673 -0.183188 -0.408095 -0.486912 -0.667226 -0.794222 -0.855101 -0.918801 -0.955655 
47.710518 5255929.500000 74 78 76 0.923034 0.959689 0.877887 0.989283 0.974691 0.958441 0.672676 0.623471 0.456361 0.256381 -0.051435 -0.384240 -0.471712 -0.663868 -0.762583 -0.860234 -0.907656 -0.938147 -0.969092 0.987370 0.976637 0.954879 0.713592 0.625204 0.561991 0.290731 0.234885 -0.288749 -0.440400 -0.508769 -0.717354 -0.836306 -0.887903 -0.946047 -0.975068 
52.105881 6038893.500000 78 78 74 0.876696 0.755342 0.602437 0.992024 0.980798 0.865034 0.651956 0.578375 0.328282 -0.039220 -0.311022 -0.401838 -0.591328 -0.683735 -0.756357 -0.884201 -0.942391 -0.977218 -0.989718 0.991890 0.976439 0.945385 0.686346 0.588211 0.350727 0.169210 -0.295246 -0.376531 -0.489399 -0.652354 -0.750100 -0.867943 -0.923622 -0.966336 -0.988580 
53.252266 2366790.000000 74 76 72 0.736523 0.822840 0.823196 0.978763 0.961180 0.834857 0.656395 0.552095 0.326686 0.016446 -0.301764 -0.407152 -0.545049 -0.663564 -0.764316 -0.901623 -0.940289 -0.980828 -0.995374 0.988478 0.968315 0.838049 0.636456 0.569993 0.315372 -0.117959 -0.256445 -0.380399 -0.604832 -0.698559 -0.797170 -0.888989 -0.929144 -0.974942 -0.993822 
43.319450 674820.437500 72 42 76 0.835309 0.621543 0.737192 0.979787 0.960584 0.850915 0.651422 0.578325 0.262369 0.124824 -0.151458 -0.393642 -0.477121 -0.635294 -0.780092 -0.902412 -0.930392 -0.961170 -0.997275 0.979176 0.964567 0.850608 0.641675 0.583751 0.280930 0.064263 -0.285654 -0.447285 -0.558709 -0.653068 -0.774564 -0.901332 -0.928110 -0.956664 -0.991414 
39.828175 3178425.000000 76 68 56 0.749071 0.359600 0.906089 0.985473 0.961251 0.915931 0.752539 0.672339 0.570047 0.272534 0.205002 -0.160952 -0.408392 -0.478847 -0.700363 -0.855491 -0.908602 -0.941691 -0.989694 0.976225 0.960942 0.901498 0.672925 0.583003 0.309420 0.152287 -0.085233 -0.359195 -0.446500 -0.602488 -0.765556 -0.888023 -0.924634 -0.952566 -0.996028 
56.277317 29768380.000000 56 64 66 0.828378 0.928967 0.871023 0.978945 0.963862 0.927642 0.774203 0.660252 0.607589 0.330125 0.255257 -0.019759 -0.343261 -0.400915 -0.540113 -0.687797 -0.758058 -0.879414 -0.986241 0.978266 0.962689 0.927760 0.771650 0.674043 0.606006 0.329311 0.250293 0.012559 -0.357481 -0.411367 -0.565885 -0.718530 -0.826234 -0.926291 -0.986606 
48.480690 846028.062500 66 80 70 0.852912 0.538193 0.495968 0.988152 0.970144 0.935339 0.746472 0.671984 0.543661 0.313195 0.174959 -0.188353 -0.356775 -0.484389 -0.658158 -0.768402 -0.840472 -0.942179 -0.991144 0.981524 0.966085 0.934860 0.747094 0.663923 0.606924 0.326211 0.250880 -0.034707 -0.333037 -0.407758 -0.560272 -0.674811 -0.799104 -0.903386 -0.991833 
31.604343 238902.859375 74 72 100 0.490928 0.451222 0.499901 0.980731 0.963262 0.907881 0.737376 0.655392 0.590365 0.306919 0.251681 -0.110791 -0.394301 -0.487916 -0.673297 -0.764559 -0.884022 -0.947849 -0.995306 0.985754 0.969044 0.909801 0.744343 0.672952 0.574345 0.298357 0.231435 -0.163398 -0.380750 -0.541610 -0.687237 -0.797143 -0.875182 -0.944690 -0.991683 
28.340244 65842.828125 36 120 50 0.591051 0.518715 0.546964 0.981626 0.962646 0.882934 0.756602 0.649257 0.617363 0.329511 0.247684 -0.016719 -0.393415 -0.436097 -0.615077 -0.791307 -0.891245 -0.953994 -0.994278 0.978737 0.965014 0.881220 0.750721 0.647787 0.622404 0.305742 0.263323 0.003343 -0.396894 -0.449418 -0.648117 -0.734475 -0.887992 -0.963210 -0.992496 
42.930267 6605102.500000 54 60 44 0.510752 0.590834 0.559311 0.954595 0.933746 0.823890 0.711139 0.665753 0.620492 0.330268 0.064182 -0.107039 -0.339060 -0.482957 -0.552287 -0.643143 -0.747729 -0.938343 -0.984895 0.957622 0.919362 0.779192 0.676213 0.627334 0.505599 0.249801 0.093097 -0.105950 -0.248512 -0.386706 -0.555243 -0.624305 -0.772962 -0.944578 -0.986881 
39.548737 1908740.000000 24 24 22 0.539555 0.333785 0.417646 0.940700 0.911063 0.833787 0.728765 0.648948 0.565359 0.262326 0.063302 -0.182877 -0.361087 -0.495765 -0.621466 -0.711964 -0.798331 -0.935371 -0.979104 0.959586 0.950231 0.838411 0.729415 0.664321 0.627709 0.337660 0.042382 -0.172219 -0.361259 -0.485621 -0.596688 -0.675215 -0.787850 -0.928647 -0.985715 
38.327824 1507406.125000 44 26 62 0.459295 0.370585 0.590375 0.959436 0.895743 0.811237 0.737049 0.698428 0.515241 0.248811 -0.020420 -0.110938 -0.226458 -0.426433 -0.517596 -0.707317 -0.784250 -0.869022 -0.943757 0.940850 0.902705 0.793341 0.729600 0.679585 0.545594 0.215999 0.070073 -0.151330 -0.261578 -0.477329 -0.556895 -0.711989 -0.775300 -0.877890 -0.966181 
52.944065 8691303.000000 62 56 60 0.374877 0.831660 0.898999 0.981166 0.948182 0.898991 0.846556 0.755984 0.655799 0.387173 0.237280 0.130702 -0.133731 -0.243346 -0.369036 -0.583295 -0.737314 -0.839936 -0.965670 0.987393 0.955866 0.913814 0.839524 0.728920 0.666993 0.367684 0.158598 -0.043448 -0.194058 -0.265735 -0.516992 -0.676119 -0.783969 -0.847013 -0.974542 
58.101112 19861928.000000 60 62 62 0.964683 0.983218 0.981572 0.972832 0.939103 0.882210 0.841012 0.752102 0.660596 0.361183 0.207093 0.064502 -0.158940 -0.245694 -0.434786 -0.548822 -0.691960 -0.737131 -0.942203 0.974391 0.942490 0.888197 0.835653 0.753182 0.650368 0.390441 0.229604 0.107189 -0.127120 -0.233823 -0.396271 -0.548523 -0.661470 -0.752362 -0.958217 
57.813316 10713043.000000 62 62 62 0.990320 0.986924 0.993174 0.976088 0.944752 0.884142 0.851637 0.759595 0.685732 0.403377 0.211630 0.054681 -0.172894 -0.260623 -0.404554 -0.530064 -0.693279 -0.763519 -0.956117 0.974666 0.939687 0.881255 0.845535 0.749899 0.672902 0.382777 0.206828 0.063352 -0.171959 -0.259471 -0.414035 -0.546009 -0.697389 -0.748801 -0.942007 
57.236328 10784392.000000 62 62 62 0.993916 0.996862 0.997765 0.976226 0.945458 0.883803 0.844401 0.750176 0.672362 0.432156 0.204194 0.120467 -0.142325 -0.243849 -0.366752 -0.507094 -0.673290 -0.779952 -0.956446 0.976186 0.945658 0.883945 0.848465 0.757920 0.684256 0.398529 0.204168 0.106731 -0.146417 -0.236871 -0.380101 -0.517390 -0.679446 -0.762923 -0.955947 
58.197876 15416234.000000 62 62 62 0.998238 0.996463 0.992678 0.974967 0.945755 0.885482 0.840571 0.739121 0.679372 0.454586 0.196407 0.113665 -0.174271 -0.242846 -0.361659 -0.529266 -0.691448 -0.764939 -0.945173 0.976563 0.945954 0.884926 0.841807 0.747840 0.679367 0.429136 0.193621 0.110800 -0.160742 -0.239308 -0.360895 -0.488679 -0.659757 -0.779102 -0.956879 
58.873257 27697484.000000 62 62 62 0.992844 0.987761 0.972408 0.974926 0.948987 0.894044 0.821439 0.706932 0.661474 0.380013 0.185579 0.079130 -0.164337 -0.233536 -0.401568 -0.587917 -0.687207 -0.741014 -0.885668 0.974747 0.946201 0.887248 0.832898 0.722107 0.668530 0.438969 0.195969 0.104615 -0.182257 -0.238530 -0.388895 -0.567359 -0.702098 -0.771452 -0.901820 
55.525185 4307989.500000 62 62 62 0.980433 0.870242 0.946798 0.985505 0.963197 0.917932 0.787093 0.706306 0.629067 0.406739 0.212537 0.145475 -0.079529 -0.224480 -0.475876 -0.567721 -0.673279 -0.765898 -0.936940 0.977797 0.953917 0.907145 0.798676 0.698961 0.648371 0.389498 0.194404 0.100272 -0.119512 -0.221550 -0.427406 -0.573683 -0.654109 -0.700845 -0.914987 
49.824692 627343.750000 64 62 64 0.705663 0.974881 0.881305 0.988992 0.980105 0.946830 0.777098 0.725589 0.643163 0.467413 0.219071 0.118295 -0.097044 -0.253111 -0.463978 -0.625907 -0.696301 -0.809320 -0.957515 0.989447 0.978352 0.931554 0.797203 0.728700 0.665150 0.465583 0.234474 0.114001 -0.133691 -0.260852 -0.477507 -0.607985 -0.707266 -0.796250 -0.946423 
43.694588 239455.296875 64 62 62 0.888825 0.668274 0.904459 0.987310 0.956226 0.870022 0.806971 0.703933 0.658888 0.468906 0.208742 0.146208 -0.039148 -0.228462 -0.476392 -0.605620 -0.700595 -0.878077 -0.970293 0.987780 0.979005 0.921702 0.794922 0.723190 0.662251 0.493090 0.251556 0.120707 -0.134999 -0.258144 -0.466003 -0.616806 -0.692734 -0.863948 -0.958229 
43.410145 25223768.000000 62 62 62 0.775318 0.708641 0.652670 0.952232 0.917536 0.809414 0.677875 0.537062 0.390993 0.307702 0.085430 -0.130595 -0.275444 -0.418698 -0.599629 -0.765264 -0.867225 -0.936990 -0.971914 0.971792 0.926376 0.866595 0.753592 0.645844 0.512217 0.396846 0.309905 0.077622 -0.101361 -0.275878 -0.452378 -0.664817 -0.818619 -0.946438 -0.963872 
42.312847 12234166.000000 62 62 62 0.556514 0.734412 0.755773 0.949203 0.900506 0.769750 0.618960 0.492984 0.373522 0.276613 0.046296 -0.150365 -0.372324 -0.435120 -0.670916 -0.743084 -0.892315 -0.947931 -0.979082 0.949863 0.906365 0.803631 0.647622 0.466759 0.368883 0.204059 0.000305 -0.185546 -0.330268 -0.472574 -0.631735 -0.751915 -0.892493 -0.949697 -0.984244 
38.790733 3665456.500000 62 62 62 0.865705 0.482213 0.676847 0.957309 0.891264 0.788794 0.657608 0.554639 0.446510 0.307127 0.070617 -0.115201 -0.238688 -0.442371 -0.631559 -0.752284 -0.865744 -0.944778 -0.977586 0.950073 0.892151 0.761210 0.620795 0.533090 0.384121 0.254108 0.046533 -0.123437 -0.345908 -0.464140 -0.639792 -0.754107 -0.898873 -0.942723 -0.972860 
55.142548 7801503.500000 60 48 58 0.702825 0.686792 0.953218 0.979404 0.959646 0.924555 0.801842 0.681648 0.634808 0.540286 0.449407 0.118934 -0.011301 -0.138095 -0.490778 -0.687429 -0.800129 -0.913046 -0.971543 0.982994 0.961774 0.921794 0.804410 0.665655 0.593759 0.451026 0.265771 0.003241 -0.203150 -0.369987 -0.634881 -0.766817 -0.854943 -0.940723 -0.975791 
59.350914 11906593.000000 58 60 60 0.881341 0.978017 0.962414 0.969110 0.952300 0.918590 0.785447 0.688326 0.636002 0.490908 0.417088 0.221633 -0.040568 -0.120938 -0.379951 -0.662900 -0.714813 -0.847361 -0.957979 0.974352 0.954186 0.918777 0.785526 0.679241 0.638162 0.536378 0.432987 0.195578 -0.019360 -0.097041 -0.460817 -0.672740 -0.742532 -0.883633 -0.977827 
61.574142 37587180.000000 60 62 62 0.967892 0.941066 0.993108 0.964093 0.948178 0.915722 0.793852 0.662257 0.598262 0.400660 0.334287 0.113101 -0.134411 -0.185881 -0.443286 -0.605572 -0.735551 -0.769509 -0.871378 0.964772 0.949183 0.915894 0.785677 0.681262 0.609440 0.442583 0.373772 0.151536 -0.097116 -0.156017 -0.431091 -0.643734 -0.728754 -0.772574 -0.914078 
61.074947 43443208.000000 62 62 62 0.991026 0.957768 0.959555 0.965286 0.948990 0.915586 0.787499 0.642260 0.594825 0.384503 0.286097 0.068184 -0.164539 -0.239322 -0.426620 -0.593358 -0.724680 -0.786905 -0.849443 0.965216 0.948002 0.914381 0.779852 0.654136 0.591886 0.383886 0.311889 0.065998 -0.143611 -0.208988 -0.439928 -0.603387 -0.728156 -0.776410 -0.873735 
60.591873 42775836.000000 62 62 64 0.961263 0.942712 0.965829 0.966945 0.950404 0.916296 0.782343 0.648739 0.604234 0.360754 0.262303 0.075870 -0.184398 -0.252397 -0.421271 -0.591727 -0.733548 -0.782263 -0.917937 0.964362 0.950061 0.913273 0.788623 0.643600 0.597537 0.374449 0.277414 0.067764 -0.182102 -0.246621 -0.414849 -0.575451 -0.729621 -0.780399 -0.866145 
60.141014 25127512.000000 64 64 64 0.969332 0.987491 0.992026 0.970395 0.952641 0.925167 0.816335 0.652447 0.613882 0.374541 0.233897 0.126287 -0.152981 -0.239402 -0.396998 -0.600525 -0.723668 -0.772928 -0.898383 0.968333 0.950854 0.917699 0.786703 0.643715 0.611308 0.367159 0.243885 0.088249 -0.174733 -0.252376 -0.406038 -0.584546 -0.725836 -0.777559 -0.865953 
60.659607 15552484.000000 64 64 62 0.989740 0.983395 0.939449 0.974061 0.954165 0.931864 0.861194 0.653284 0.616349 0.408217 0.237974 0.122801 -0.147487 -0.302742 -0.471641 -0.569772 -0.690529 -0.772726 -0.903759 0.970901 0.953353 0.928230 0.842636 0.658335 0.622054 0.409055 0.238100 0.092914 -0.152016 -0.247477 -0.422059 -0.564867 -0.677079 -0.765988 -0.919564 
54.401508 4913525.500000 62 60 64 0.950971 0.909678 0.674105 0.986296 0.962628 0.927665 0.846597 0.660636 0.605198 0.368434 0.220304 0.077970 -0.173385 -0.348921 -0.513878 -0.644972 -0.799655 -0.936989 -0.974117 0.981332 0.957577 0.935234 0.867619 0.648252 0.603618 0.436183 0.228814 0.137319 -0.116566 -0.257313 -0.461810 -0.567169 -0.704997 -0.800390 -0.924076 
44.170631 8345049.500000 66 64 62 0.699817 0.574277 0.854881 0.977057 0.950852 0.898771 0.665440 0.634774 0.499446 0.278238 -0.020303 -0.306336 -0.447505 -0.531475 -0.733391 -0.834774 -0.895355 -0.961021 -0.990246 0.986886 0.963186 0.918304 0.709302 0.633445 0.566632 0.298352 0.125542 -0.204663 -0.364907 -0.496266 -0.607257 -0.772202 -0.892473 -0.967800 -0.982944 
46.417564 9210767.000000 62 62 62 0.810496 0.672367 0.694932 0.967551 0.946546 0.844853 0.670989 0.618080 0.387567 0.204030 -0.134264 -0.281159 -0.486351 -0.619989 -0.742948 -0.866300 -0.920506 -0.961305 -0.984185 0.962313 0.951506 0.882496 0.663022 0.612285 0.376335 0.244422 -0.071473 -0.287649 -0.400101 -0.573845 -0.715840 -0.863648 -0.913506 -0.962844 -0.988284 
44.942822 4656478.500000 64 62 64 0.582536 0.590158 0.813108 0.956499 0.944970 0.840080 0.669361 0.629762 0.517644 -0.013500 -0.109251 -0.310522 -0.392515 -0.493565 -0.671433 -0.780377 -0.858426 -0.952741 -0.981241 0.963447 0.934036 0.847428 0.648445 0.617835 0.442992 0.030628 -0.197002 -0.382795 -0.497075 -0.608703 -0.698195 -0.815041 -0.924246 -0.964823 -0.983285 
34.450001 369981.187500 62 62 64 0.859123 0.760732 0.631496 0.957328 0.939542 0.884450 0.730091 0.640240 0.607437 0.263008 -0.003665 -0.168878 -0.373544 -0.490788 -0.719471 -0.789048 -0.845100 -0.945156 -0.983182 0.955528 0.947431 0.871736 0.700489 0.657015 0.531951 0.052431 -0.065917 -0.153555 -0.307454 -0.482929 -0.665192 -0.819515 -0.882883 -0.961326 -0.976100 
28.384188 175401.640625 64 62 64 0.596998 0.514825 0.614276 0.966489 0.949790 0.869534 0.695909 0.636383 0.603686 0.396220 0.056612 -0.238471 -0.382876 -0.542920 -0.665569 -0.784046 -0.885094 -0.954367 -0.983285 0.967422 0.939688 0.893788 0.717569 0.656883 0.594698 0.339206 0.046837 -0.146974 -0.303117 -0.541959 -0.666365 -0.771133 -0.884721 -0.961547 -0.977811 
25.327393 66144.429688 64 64 62 0.679237 0.366027 0.456236 0.979952 0.952129 0.865527 0.690728 0.632945 0.602985 0.385410 0.156625 -0.134304 -0.353865 -0.448139 -0.659750 -0.819164 -0.876928 -0.952867 -0.980004 0.970734 0.944164 0.862816 0.680559 0.631315 0.601731 0.439595 0.119665 -0.128195 -0.392952 -0.488063 -0.672909 -0.820365 -0.884529 -0.952494 -0.982970 
38.711811 453946.656250 62 62 54 0.520222 0.634567 0.613335 0.987841 0.972506 0.947224 0.730635 0.628326 0.555603 0.386935 0.295309 0.006115 -0.156425 -0.220457 -0.419880 -0.677469 -0.847731 -0.934583 -0.961726 0.970470 0.955973 0.910390 0.657152 0.630969 0.553712 0.332625 -0.024811 -0.157098 -0.225888 -0.403288 -0.549701 -0.801097 -0.874494 -0.948387 -0.974434 
52.647247 5262726.000000 54 68 72 0.793126 0.931507 0.942267 0.986347 0.973858 0.945911 0.731467 0.597329 0.546517 0.343754 0.258702 0.022105 -0.166486 -0.209895 -0.404009 -0.569607 -0.674856 -0.933464 -0.966377 0.984807 0.971358 0.950289 0.757116 0.616865 0.582590 0.364363 0.299091 0.100648 -0.132316 -0.181718 -0.277940 -0.539802 -0.676844 -0.908821 -0.969886 
47.498215 1738379.250000 72 72 108 0.932434 0.397862 0.309995 0.988824 0.973616 0.920214 0.653237 0.565245 0.382117 0.046988 -0.081580 -0.178654 -0.249548 -0.327942 -0.504836 -0.667108 -0.815253 -0.938541 -0.965276 0.988014 0.974597 0.952925 0.684456 0.569216 0.455697 0.215274 -0.060993 -0.174301 -0.237352 -0.316237 -0.498057 -0.611645 -0.828086 -0.950966 -0.970079 
31.805346 319664.343750 102 34 74 0.370583 0.453445 0.560899 0.990237 0.978548 0.883105 0.639634 0.596396 0.478333 0.189605 -0.039992 -0.162286 -0.288983 -0.353744 -0.476869 -0.647199 -0.780482 -0.940453 -0.967384 0.988237 0.973791 0.932194 0.652398 0.605152 0.495729 0.255204 0.011871 -0.148295 -0.222728 -0.368129 -0.525842 -0.665023 -0.847463 -0.946014 -0.968092 
48.220314 17124436.000000 76 40 142 0.582517 0.475862 0.411836 0.973644 0.939139 0.597579 0.538419 0.451664 0.224277 0.043271 -0.205507 -0.297800 -0.353388 -0.508090 -0.645678 -0.757376 -0.867752 -0.940441 -0.975488 0.981599 0.953355 0.734536 0.554507 0.496558 0.269507 0.017589 -0.150247 -0.273608 -0.353497 -0.449441 -0.611509 -0.741614 -0.848030 -0.922841 -0.958574 
45.115017 3458423.000000 142 98 54 0.464292 0.492181 0.486187 0.973553 0.944530 0.635447 0.591934 0.502986 0.342344 0.031632 -0.186490 -0.257608 -0.326697 -0.487464 -0.616057 -0.757489 -0.871334 -0.936379 -0.976582 0.979595 0.927370 0.594390 0.525120 0.449244 0.277497 0.026178 -0.191030 -0.295204 -0.341623 -0.495022 -0.623331 -0.764372 -0.856103 -0.953446 -0.978707 
37.965996 1593044.125000 74 110 96 0.528722 0.508326 0.357412 0.978198 0.858034 0.688343 0.671645 0.569272 0.474362 0.242303 0.031433 -0.179282 -0.262280 -0.448364 -0.551195 -0.716860 -0.840621 -0.945109 -0.979919 0.976883 0.913903 0.660066 0.621191 0.540175 0.444202 0.128168 -0.088546 -0.210490 -0.286984 -0.476200 -0.596804 -0.774498 -0.857486 -0.939189 -0.969601 
33.150394 451097.875000 94 76 56 0.345541 0.412130 0.651271 0.989568 0.978563 0.809787 0.726697 0.665204 0.547899 0.300891 0.024563 -0.191641 -0.312061 -0.415337 -0.557381 -0.716844 -0.815313 -0.935858 -0.973691 0.975994 0.904656 0.726364 0.699357 0.610049 0.533992 0.243483 0.047273 -0.160298 -0.297646 -0.465350 -0.562265 -0.725307 -0.834884 -0.921145 -0.979333 
51.427135 2296695.250000 54 62 66 0.729437 0.847772 0.907561 0.987785 0.976559 0.951052 0.828473 0.667978 0.636750 0.392320 0.303382 -0.017815 -0.270568 -0.366971 -0.476441 -0.654036 -0.684000 -0.852534 -0.968485 0.990883 0.978086 0.963181 0.840120 0.686549 0.638503 0.425068 0.202109 -0.149338 -0.266581 -0.371561 -0.477730 -0.672208 -0.781968 -0.911130 -0.975867 
54.557209 9068925.000000 66 66 68 0.956951 0.962909 0.988805 0.986871 0.973821 0.946140 0.808802 0.534290 0.481173 0.341892 0.254892 0.100824 -0.250788 -0.362844 -0.447873 -0.614535 -0.699398 -0.727568 -0.864254 0.986798 0.974833 0.945377 0.796732 0.616030 0.575015 0.381248 0.285078 0.102821 -0.276130 -0.363216 -0.461447 -0.627831 -0.688582 -0.739349 -0.948045 
55.461140 12968626.000000 68 70 70 0.991759 0.964898 0.984672 0.987383 0.973879 0.948264 0.836072 0.452832 0.408725 0.294107 0.221317 0.061857 -0.215320 -0.406712 -0.460254 -0.622022 -0.736622 -0.794341 -0.853719 0.986905 0.973467 0.947407 0.816854 0.472552 0.431989 0.301987 0.226661 0.087351 -0.224484 -0.396175 -0.461366 -0.627702 -0.714791 -0.763395 -0.837992 
53.508904 2317263.000000 70 72 74 0.995637 0.969461 0.897984 0.989337 0.975195 0.957027 0.858486 0.551302 0.489269 0.354346 0.258019 0.112394 -0.196118 -0.387316 -0.455794 -0.588583 -0.757134 -0.814098 -0.917664 0.987600 0.974478 0.951771 0.842844 0.486023 0.433283 0.324456 0.224698 0.090934 -0.181044 -0.414972 -0.463435 -0.600661 -0.730316 -0.796072 -0.884518 
49.945168 392785.031250 76 74 74 0.858161 0.969066 0.966388 0.990189 0.982058 0.962735 0.910184 0.587696 0.470751 0.395058 0.268851 0.135557 -0.222312 -0.387228 -0.436471 -0.624021 -0.745635 -0.833192 -0.969813 0.990564 0.981631 0.959276 0.909382 0.605569 0.470034 0.371242 0.239305 0.135889 -0.248030 -0.370884 -0.443717 -0.645161 -0.760469 -0.822526 -0.953406 
49.652420 200473.828125 74 74 74 0.968262 0.976603 0.921472 0.990363 0.982796 0.966686 0.927214 0.652566 0.461493 0.400676 0.239647 0.192132 -0.127031 -0.377211 -0.438357 -0.587979 -0.768427 -0.888927 -0.973384 0.989466 0.981730 0.961447 0.921046 0.596044 0.460275 0.401155 0.244020 0.184443 -0.141690 -0.380391 -0.416595 -0.631935 -0.752786 -0.848446 -0.970211 
53.098759 4232091.500000 74 74 74 0.950251 0.964318 0.984324 0.988669 0.976368 0.961438 0.850934 0.453918 0.413999 0.297747 0.198505 0.088172 -0.117027 -0.398895 -0.437869 -0.509145 -0.641238 -0.872702 -0.964681 0.989647 0.979658 0.962483 0.905577 0.528164 0.471060 0.380533 0.220131 0.141262 -0.113687 -0.404597 -0.434676 -0.549805 -0.717827 -0.870027 -0.966898 
54.713100 4260031.000000 74 76 76 0.980229 0.992281 0.945780 0.988664 0.977425 0.962968 0.886950 0.395767 0.331972 0.230483 0.157079 0.030141 -0.130950 -0.392093 -0.449653 -0.507687 -0.589304 -0.863746 -0.970041 0.988234 0.976068 0.962079 0.854700 0.418132 0.363975 0.264619 0.176968 0.057629 -0.127612 -0.392715 -0.443404 -0.519244 -0.610058 -0.856403 -0.959323 
52.270638 1536637.000000 76 78 80 0.962361 0.970836 0.892474 0.989925 0.979987 0.964590 0.910506 0.406141 0.312686 0.214154 0.149466 0.027893 -0.116293 -0.369261 -0.434546 -0.502775 -0.573671 -0.852179 -0.958622 0.989424 0.977867 0.963192 0.910342 0.409494 0.323544 0.227559 0.159301 0.020296 -0.148601 -0.385585 -0.441684 -0.499426 -0.594108 -0.836145 -0.963855 
49.049282 1011030.250000 82 88 72 0.904276 0.631966 0.677578 0.988276 0.980919 0.966684 0.833309 0.343447 0.296513 0.204964 0.149749 0.030055 -0.164422 -0.367298 -0.428047 -0.484272 -0.609878 -0.891089 -0.933313 0.988609 0.980477 0.963383 0.881646 0.349935 0.263756 0.197624 0.141736 0.015029 -0.170398 -0.387726 -0.437668 -0.501100 -0.579538 -0.842722 -0.941617 
39.719269 82560.234375 72 78 84 0.723235 0.310423 0.408532 0.990062 0.974599 0.964190 0.882457 0.491569 0.374114 0.249749 0.183666 0.068159 -0.201742 -0.360475 -0.430800 -0.532274 -0.723118 -0.899296 -0.966151 0.987911 0.980439 0.968384 0.816536 0.391849 0.319756 0.228393 0.154928 0.079530 -0.195787 -0.380781 -0.435029 -0.491385 -0.682428 -0.896864 -0.938245 
30.063175 29315.351562 216 74 76 0.670044 0.534557 0.612434 0.989369 0.970908 0.955252 0.740657 0.473724 0.274975 0.214168 0.152922 0.076975 -0.134124 -0.390859 -0.465257 -0.574066 -0.759910 -0.905996 -0.975976 0.987949 0.973924 0.963426 0.828140 0.440841 0.322872 0.215782 0.143803 0.082318 -0.049424 -0.412861 -0.438110 -0.607284 -0.757712 -0.903669 -0.977398 
25.823410 56043.554688 78 74 120 0.693816 0.584870 0.436738 0.984449 0.968071 0.884635 0.732222 0.665218 0.290270 0.225184 0.141041 0.085348 -0.130336 -0.394545 -0.486382 -0.636754 -0.786016 -0.945274 -0.990320 0.985696 0.972081 0.923902 0.739417 0.524981 0.301662 0.230486 0.167547 0.076426 -0.125250 -0.396343 -0.452785 -0.669276 -0.786420 -0.900072 -0.972747 
43.460506 470512.937500 78 158 34 0.589290 0.620514 0.767803 0.949480 0.937768 0.907062 0.854177 0.740904 0.696833 0.448427 0.113460 0.068453 -0.071951 -0.356243 -0.478020 -0.673022 -0.857002 -0.938770 -0.952870 0.961994 0.931729 0.911535 0.759792 0.718354 0.605634 0.239589 0.170140 0.092732 -0.174071 -0.365380 -0.490796 -0.661058 -0.810644 -0.894850 -0.964299 
60.250435 65791300.000000 162 140 62 0.905080 0.559958 0.910783 0.952057 0.928473 0.908740 0.820197 0.733814 0.678397 0.240810 0.110362 -0.002116 -0.242226 -0.370531 -0.450802 -0.695216 -0.806268 -0.883428 -0.926110 0.953499 0.932535 0.907888 0.833945 0.732447 0.663545 0.232636 0.107851 -0.044948 -0.261418 -0.370203 -0.476358 -0.694751 -0.798824 -0.896393 -0.931417 
65.309448 170935760.000000 62 60 58 0.890390 0.921441 0.977228 0.958760 0.930630 0.907489 0.836908 0.730028 0.675747 0.198483 0.095846 -0.051593 -0.278393 -0.394641 -0.481206 -0.675350 -0.804286 -0.864515 -0.906064 0.955965 0.929395 0.910409 0.830474 0.736782 0.669915 0.219300 0.092583 -0.016233 -0.263497 -0.387530 -0.476865 -0.698471 -0.801730 -0.864578 -0.908837 
66.215347 158856000.000000 58 58 56 0.936964 0.980398 0.974454 0.957568 0.939897 0.905605 0.863787 0.728250 0.618013 0.249638 0.077549 -0.037549 -0.273352 -0.397087 -0.460176 -0.631821 -0.764108 -0.852112 -0.888244 0.957620 0.933998 0.906042 0.857677 0.721209 0.655032 0.178643 0.076956 -0.042356 -0.279212 -0.384484 -0.460762 -0.667810 -0.792431 -0.863000 -0.897101 
67.368774 376149504.000000 56 56 54 0.981858 0.920718 0.976476 0.954598 0.940792 0.900428 0.806269 0.754235 0.622741 0.234303 0.043716 -0.075761 -0.291188 -0.439229 -0.501207 -0.612179 -0.768312 -0.823186 -0.917159 0.954874 0.938133 0.899605 0.829131 0.743187 0.623034 0.244888 0.067452 -0.064300 -0.278585 -0.415056 -0.482454 -0.621419 -0.773913 -0.846044 -0.894496 
67.092529 285216672.000000 54 54 56 0.980216 0.981606 0.970315 0.963270 0.946306 0.913999 0.802990 0.755995 0.633559 0.266430 0.006322 -0.082812 -0.298428 -0.467123 -0.533344 -0.631324 -0.741397 -0.802580 -0.954996 0.957127 0.942486 0.906284 0.799408 0.756737 0.634587 0.242959 0.035465 -0.067038 -0.296589 -0.460407 -0.513588 -0.610219 -0.759317 -0.809418 -0.939049 
61.873173 33510734.000000 56 56 56 0.952902 0.957622 0.713328 0.978936 0.966553 0.902452 0.813573 0.771034 0.691226 0.268410 0.026753 -0.029530 -0.311988 -0.501085 -0.601755 -0.665725 -0.722469 -0.773638 -0.963941 0.971871 0.954165 0.916635 0.817025 0.763510 0.647369 0.252814 0.006978 -0.054941 -0.291989 -0.484930 -0.568946 -0.642679 -0.724128 -0.770601 -0.953515 
50.513008 3319186.750000 56 56 56 0.722682 0.810279 0.678872 0.984689 0.954104 0.883029 0.802879 0.767440 0.715866 0.441706 0.100814 0.044965 -0.280856 -0.424437 -0.537424 -0.606933 -0.753043 -0.815835 -0.947429 0.985683 0.961282 0.881041 0.822181 0.770240 0.729107 0.369654 0.094806 -0.021149 -0.312594 -0.440896 -0.575511 -0.660217 -0.745046 -0.806884 -0.968288 
45.434906 1219258.000000 56 64 56 0.764310 0.739597 0.787007 0.984934 0.949640 0.875438 0.811859 0.770939 0.709110 0.431399 0.059608 -0.039744 -0.342238 -0.447696 -0.531489 -0.621978 -0.737688 -0.812450 -0.895801 0.988409 0.956798 0.849003 0.797713 0.760172 0.707833 0.377361 0.106255 -0.000595 -0.329163 -0.438064 -0.527466 -0.606526 -0.739618 -0.793928 -0.932614 
48.904495 3346113.500000 56 56 56 0.689637 0.563213 0.905981 0.984424 0.964607 0.920245 0.882289 0.785436 0.735883 0.217685 0.037029 -0.060375 -0.410872 -0.500909 -0.622806 -0.741153 -0.875588 -0.941904 -0.975324 0.982832 0.944489 0.909475 0.850658 0.779558 0.741124 0.240968 0.020723 -0.103464 -0.418409 -0.511410 -0.601465 -0.723862 -0.891853 -0.924469 -0.957560 
58.251728 5662014.000000 56 56 56 0.854054 0.983227 0.980548 0.981196 0.973824 0.948639 0.878790 0.791766 0.724872 0.198385 -0.009480 -0.049372 -0.281193 -0.454084 -0.522145 -0.632194 -0.808204 -0.920741 -0.985038 0.982450 0.973798 0.945139 0.890402 0.806698 0.698216 0.226469 0.014506 -0.026341 -0.315789 -0.464732 -0.542608 -0.693276 -0.830540 -0.939918 -0.973944 
59.275074 5242679.000000 56 56 56 0.983775 0.962792 0.983588 0.980503 0.974155 0.945247 0.865664 0.802869 0.741752 0.314916 -0.045948 -0.093942 -0.325474 -0.469025 -0.551660 -0.612531 -0.761711 -0.931586 -0.982120 0.981327 0.974419 0.952682 0.867236 0.789000 0.734066 0.242671 -0.032308 -0.090003 -0.304920 -0.428118 -0.550844 -0.629239 -0.793772 -0.931290 -0.984863 
59.385651 22602610.000000 56 56 58 0.967951 0.962096 0.911328 0.977594 0.970619 0.928067 0.834324 0.730736 0.681127 0.283620 -0.029585 -0.068108 -0.307559 -0.437990 -0.495401 -0.582963 -0.767821 -0.912809 -0.979776 0.979375 0.973349 0.927944 0.844796 0.802727 0.666385 0.253622 -0.032073 -0.118673 -0.339338 -0.444099 -0.529648 -0.591428 -0.802083 -0.929831 -0.977113 
60.335075 43488728.000000 58 58 58 0.942523 0.936928 0.973595 0.978213 0.968941 0.931322 0.774165 0.646675 0.606659 0.376744 0.071548 -0.022811 -0.205127 -0.405286 -0.476043 -0.522124 -0.673758 -0.933524 -0.985708 0.978451 0.968902 0.930183 0.784264 0.699285 0.671081 0.342782 0.011012 -0.054645 -0.211756 -0.438720 -0.476532 -0.572613 -0.704692 -0.893255 -0.985776 
60.301571 49773900.000000 58 58 58 0.974795 0.986712 0.973286 0.979961 0.973367 0.940459 0.758665 0.502000 0.451060 0.324087 0.129922 0.013912 -0.188684 -0.413840 -0.464345 -0.527603 -0.645979 -0.934912 -0.975579 0.979267 0.971141 0.933344 0.744175 0.593150 0.524966 0.350574 0.103826 0.003766 -0.190582 -0.409416 -0.467387 -0.532209 -0.673827 -0.937516 -0.973530 
60.094315 35542064.000000 58 58 58 0.979946 0.978466 0.987606 0.980898 0.974985 0.950055 0.737670 0.484939 0.378506 0.286750 0.149925 0.047393 -0.190001 -0.378706 -0.481377 -0.535509 -0.659343 -0.954643 -0.979440 0.980105 0.974820 0.940541 0.732186 0.479826 0.418412 0.301692 0.146609 0.025201 -0.198607 -0.401183 -0.473107 -0.535338 -0.660226 -0.945153 -0.976847 
58.413429 29572516.000000 58 58 58 0.980436 0.989213 0.987749 0.982242 0.975482 0.952161 0.728768 0.494615 0.347145 0.260114 0.166565 0.026838 -0.168966 -0.422928 -0.468123 -0.577125 -0.674527 -0.914563 -0.983704 0.982660 0.975347 0.959221 0.719015 0.459072 0.353936 0.249466 0.154204 0.015851 -0.183718 -0.411192 -0.479085 -0.545044 -0.687121 -0.949013 -0.980944 
58.948231 35564056.000000 58 58 58 0.988020 0.957045 0.938841 0.981388 0.974908 0.950210 0.753026 0.446638 0.362344 0.269226 0.185602 0.004707 -0.210128 -0.394051 -0.476778 -0.550787 -0.647834 -0.865029 -0.990919 0.982313 0.975584 0.953565 0.732143 0.460887 0.349457 0.256312 0.173157 0.018348 -0.194268 -0.410714 -0.467382 -0.577372 -0.655449 -0.921943 -0.984205 
59.747715 48465204.000000 60 60 62 0.976944 0.945660 0.956547 0.981431 0.973517 0.936458 0.747984 0.468095 0.401745 0.310222 0.198776 0.030732 -0.235030 -0.375572 -0.465489 -0.535767 -0.692335 -0.756236 -0.979065 0.980727 0.974749 0.941299 0.729483 0.445146 0.377339 0.273199 0.178016 -0.005325 -0.235057 -0.401571 -0.476563 -0.546142 -0.684881 -0.790300 -0.989612 
58.931118 37138824.000000 62 64 66 0.970006 0.978015 0.970770 0.979343 0.963516 0.934090 0.778409 0.541622 0.477498 0.381340 0.251525 0.111252 -0.212479 -0.369863 -0.449228 -0.518162 -0.718981 -0.756079 -0.917720 0.981617 0.969550 0.934449 0.777072 0.507980 0.436683 0.355421 0.233844 0.087255 -0.212622 -0.351361 -0.461650 -0.519669 -0.712516 -0.755990 -0.941961 
60.374775 33981396.000000 66 68 68 0.982149 0.889785 0.984382 0.975602 0.959391 0.934586 0.789391 0.594986 0.534344 0.407540 0.271005 0.097038 -0.239058 -0.333738 -0.445631 -0.505596 -0.672818 -0.743638 -0.891635 0.976615 0.960876 0.933551 0.793840 0.572084 0.507565 0.407082 0.254582 0.106404 -0.213916 -0.358504 -0.444958 -0.525291 -0.693369 -0.753350 -0.875125 
59.396957 22859304.000000 68 70 70 0.987905 0.943514 0.933578 0.976570 0.960150 0.932225 0.780378 0.626988 0.586136 0.389619 0.265618 0.116002 -0.240645 -0.337234 -0.432525 -0.495428 -0.688985 -0.760622 -0.894651 0.976099 0.959141 0.933826 0.776294 0.613481 0.562087 0.402543 0.274666 0.094535 -0.231938 -0.339398 -0.436915 -0.494886 -0.678810 -0.758333 -0.893140 
56.151012 5959233.000000 70 72 82 0.930683 0.955184 0.540138 0.981425 0.967233 0.943440 0.764170 0.644258 0.588915 0.367694 0.230345 0.004790 -0.266879 -0.343575 -0.440849 -0.535468 -0.672103 -0.744579 -0.871383 0.979342 0.964204 0.936485 0.777681 0.636379 0.595208 0.354063 0.262159 0.042138 -0.267735 -0.361212 -0.452829 -0.544644 -0.700041 -0.748348 -0.856336 
45.286068 701416.875000 86 76 78 0.482109 0.817761 0.764785 0.989080 0.975214 0.937658 0.800737 0.636813 0.542633 0.410438 0.243821 0.163864 -0.158327 -0.364059 -0.442630 -0.494956 -0.713435 -0.772988 -0.946905 0.990256 0.977066 0.937953 0.749248 0.607998 0.530603 0.378825 0.257355 0.070079 -0.185531 -0.333853 -0.444680 -0.579006 -0.746927 -0.825707 -0.966830 
46.194492 423965.031250 78 78 78 0.821533 0.864099 0.889245 0.992884 0.979525 0.958086 0.808315 0.632899 0.578041 0.445406 0.274197 0.136876 -0.088416 -0.381452 -0.437316 -0.575388 -0.724399 -0.845495 -0.963208 0.992278 0.980982 0.943238 0.796712 0.632476 0.544487 0.397710 0.298819 0.124474 -0.216121 -0.347552 -0.439741 -0.517787 -0.684732 -0.812054 -0.962590 
47.595222 288931.437500 76 78 76 0.853980 0.811444 0.821895 0.990893 0.981651 0.952093 0.793504 0.680271 0.623390 0.464771 0.403808 0.188767 -0.007902 -0.267233 -0.442690 -0.583945 -0.750040 -0.896703 -0.964999 0.992748 0.981902 0.962326 0.828596 0.643320 0.604300 0.454381 0.310479 0.182771 -0.047445 -0.387959 -0.429290 -0.578954 -0.742782 -0.861391 -0.960842 
46.627266 236744.859375 76 78 82 0.797337 0.873589 0.791918 0.992694 0.979237 0.955996 0.777142 0.693337 0.642920 0.464184 0.341912 0.108824 -0.080996 -0.197179 -0.445448 -0.590289 -0.803973 -0.901430 -0.968445 0.990455 0.980478 0.949006 0.756298 0.687243 0.620542 0.447135 0.363006 0.113535 -0.035223 -0.128816 -0.405091 -0.571545 -0.753817 -0.902432 -0.967708 
39.677799 86224.375000 82 86 86 0.772662 0.801095 0.775407 0.995531 0.986284 0.934826 0.756214 0.659069 0.566020 0.436572 0.277817 0.056323 -0.175446 -0.374963 -0.486576 -0.701900 -0.831481 -0.922062 -0.973715 0.994704 0.984549 0.953599 0.766531 0.682037 0.585074 0.464948 0.322527 0.079569 -0.133085 -0.331557 -0.475549 -0.697719 -0.797970 -0.919898 -0.968508 
31.543577 49987.398438 88 90 86 0.670599 0.714632 0.573698 0.992032 0.976262 0.919660 0.715468 0.665781 0.536512 0.359423 0.217257 0.023905 -0.268642 -0.390645 -0.558084 -0.718056 -0.832703 -0.925092 -0.980133 0.995062 0.981978 0.936457 0.747739 0.662816 0.583091 0.382937 0.258635 0.075889 -0.234200 -0.397376 -0.554737 -0.734422 -0.826823 -0.920447 -0.975410 
24.558813 103665.859375 90 92 90 0.450245 0.731821 0.674976 0.989805 0.964668 0.907108 0.697132 0.599286 0.460230 0.279612 0.098803 -0.178508 -0.323637 -0.476469 -0.625792 -0.824106 -0.891789 -0.926232 -0.970603 0.992407 0.970540 0.898873 0.711685 0.637266 0.480709 0.353411 0.129964 -0.098575 -0.265819 -0.410428 -0.591660 -0.783947 -0.886015 -0.936143 -0.980108 
28.273762 454514.812500 90 86 48 0.651434 0.455635 0.564069 0.982383 0.952146 0.907589 0.730435 0.627685 0.474519 0.140588 0.016633 -0.213568 -0.333130 -0.504120 -0.746782 -0.830005 -0.883100 -0.939513 -0.979361 0.985855 0.960742 0.895404 0.702053 0.581495 0.418591 0.267501 0.018583 -0.172722 -0.364913 -0.477057 -0.705232 -0.841901 -0.891761 -0.935143 -0.983090 
59.291000 24697492.000000 74 62 60 0.388600 0.810189 0.962861 0.969280 0.954783 0.924079 0.858259 0.811108 0.654419 0.211493 0.066001 -0.045079 -0.243577 -0.288990 -0.408828 -0.654044 -0.745398 -0.828086 -0.935488 0.974733 0.959984 0.926965 0.861636 0.796830 0.691543 0.201397 0.049819 -0.060391 -0.244034 -0.285361 -0.521099 -0.757112 -0.835692 -0.901001 -0.967683 
64.816597 44677620.000000 60 58 58 0.978185 0.968515 0.979904 0.961292 0.949768 0.920219 0.860364 0.800657 0.668728 0.220258 0.074054 -0.022872 -0.229213 -0.289718 -0.422808 -0.634115 -0.738267 -0.840588 -0.942931 0.963677 0.951208 0.921846 0.859140 0.809518 0.679452 0.204496 0.083706 -0.049620 -0.236479 -0.302048 -0.431825 -0.641575 -0.744379 -0.851647 -0.939589 
64.985367 56089592.000000 58 56 56 0.998121 0.978410 0.948083 0.961803 0.946953 0.918273 0.856283 0.810746 0.660120 0.236970 0.028947 -0.061861 -0.248136 -0.330103 -0.421590 -0.608650 -0.729522 -0.825323 -0.966437 0.960561 0.948501 0.918166 0.860321 0.803528 0.657174 0.238999 0.050114 -0.033701 -0.254157 -0.305548 -0.417739 -0.630011 -0.741541 -0.830019 -0.939648 
64.849670 41228380.000000 56 54 52 0.952519 0.989230 0.980135 0.967801 0.946219 0.928316 0.878317 0.815853 0.688404 0.127054 -0.021005 -0.124344 -0.272162 -0.351054 -0.444829 -0.627790 -0.723906 -0.854098 -0.982060 0.964500 0.946205 0.925892 0.860818 0.819605 0.686111 0.179146 -0.002262 -0.093653 -0.241328 -0.349590 -0.442588 -0.617778 -0.721174 -0.857588 -0.979117 
63.224777 31447206.000000 52 50 50 0.977839 0.942167 0.913215 0.970075 0.956664 0.912510 0.885283 0.801923 0.711697 0.184939 -0.039568 -0.114899 -0.272999 -0.401420 -0.456812 -0.608054 -0.712988 -0.860428 -0.983006 0.969493 0.950278 0.922444 0.889300 0.807721 0.693861 0.118439 -0.026987 -0.145027 -0.287575 -0.376865 -0.447246 -0.631660 -0.732250 -0.844532 -0.979606 
63.698471 28321446.000000 50 48 46 0.934617 0.976303 0.939212 0.969120 0.960545 0.910867 0.873199 0.832157 0.730517 0.205883 -0.081678 -0.153272 -0.260893 -0.395878 -0.443975 -0.610450 -0.712179 -0.900244 -0.981340 0.969865 0.960451 0.906109 0.877445 0.810689 0.714636 0.206958 -0.062787 -0.131498 -0.262032 -0.398256 -0.465242 -0.587481 -0.718735 -0.891976 -0.983439 
64.347633 9682262.000000 48 46 44 0.890976 0.952054 0.968936 0.970852 0.961216 0.931942 0.898130 0.848886 0.759839 0.213844 -0.063892 -0.151216 -0.266324 -0.379704 -0.429976 -0.572242 -0.722704 -0.945744 -0.981922 0.969316 0.961050 0.926815 0.884333 0.843875 0.760740 0.134881 -0.056550 -0.178904 -0.262667 -0.414003 -0.453978 -0.601215 -0.721070 -0.925720 -0.981823 
60.066750 5675211.500000 44 44 44 0.979586 0.967384 0.910483 0.978411 0.962626 0.930874 0.902106 0.853803 0.740205 0.170609 -0.098979 -0.143194 -0.281397 -0.410523 -0.463646 -0.596060 -0.727123 -0.947906 -0.978428 0.974888 0.960968 0.928034 0.902642 0.854024 0.747172 0.269254 -0.093825 -0.146306 -0.260111 -0.389593 -0.434615 -0.541979 -0.720662 -0.946683 -0.977005 
52.856388 1145412.125000 44 46 50 0.935865 0.818112 0.835059 0.989864 0.971065 0.925010 0.877578 0.833662 0.785835 0.156222 -0.047349 -0.127827 -0.340067 -0.466269 -0.546905 -0.656539 -0.729826 -0.897027 -0.972739 0.983314 0.964931 0.933088 0.891165 0.833647 0.757589 0.078125 -0.087575 -0.138849 -0.301644 -0.454407 -0.522621 -0.647041 -0.707542 -0.902040 -0.978354 
45.697235 174229.421875 52 50 50 0.666025 0.727696 0.533933 0.984155 0.966438 0.935721 0.866728 0.837909 0.792314 0.401568 0.001752 -0.113420 -0.241923 -0.373965 -0.473438 -0.599945 -0.713897 -0.866765 -0.975380 0.991306 0.980116 0.930674 0.881410 0.820494 0.781948 0.297201 -0.012865 -0.120531 -0.295387 -0.387488 -0.484818 -0.651678 -0.730386 -0.911443 -0.978108 
42.997063 2569462.250000 120 50 92 0.567513 0.571797 0.419882 0.963138 0.940187 0.830833 0.758953 0.690243 0.650068 0.425873 0.037530 -0.072674 -0.343103 -0.454615 -0.530571 -0.584416 -0.777748 -0.933907 -0.967024 0.982448 0.961485 0.934577 0.881760 0.841030 0.797636 0.353934 -0.014459 -0.092714 -0.226853 -0.381349 -0.427047 -0.544696 -0.690296 -0.878974 -0.974178 
42.436966 819064.875000 224 36 42 0.373973 0.687122 0.735946 0.971612 0.938116 0.880325 0.814004 0.696162 0.623175 0.298521 0.034796 -0.130733 -0.251242 -0.382507 -0.537353 -0.588916 -0.816159 -0.939370 -0.968449 0.952155 0.932095 0.818905 0.742845 0.688843 0.653315 0.334814 0.010471 -0.103983 -0.300836 -0.458527 -0.526846 -0.566607 -0.783374 -0.934485 -0.964439 
56.474274 8776395.000000 48 48 50 0.346054 0.750279 0.972989 0.977692 0.965428 0.942568 0.776126 0.712692 0.631784 0.412226 0.319190 0.018866 -0.188436 -0.247469 -0.461928 -0.608108 -0.661448 -0.727478 -0.948410 0.985128 0.967777 0.929267 0.799960 0.686480 0.616139 0.364566 0.281477 -0.022618 -0.197227 -0.276443 -0.443567 -0.600524 -0.641941 -0.815873 -0.955838 
60.611710 9776847.000000 50 50 52 0.977098 0.951328 0.994149 0.974985 0.965173 0.930780 0.797684 0.732285 0.656864 0.470855 0.422850 -0.012438 -0.162645 -0.255226 -0.470906 -0.637677 -0.679929 -0.768853 -0.961354 0.974524 0.965441 0.937041 0.788551 0.726110 0.649614 0.446997 0.373630 -0.000567 -0.167347 -0.255126 -0.488298 -0.621231 -0.666847 -0.756852 -0.957211 
59.889584 6951467.000000 52 52 54 0.991973 0.973463 0.990190 0.975652 0.964253 0.925098 0.816122 0.738662 0.668640 0.527226 0.454627 0.004947 -0.124888 -0.229212 -0.518571 -0.638733 -0.693930 -0.786835 -0.959841 0.975050 0.964760 0.928740 0.807690 0.737197 0.673070 0.499393 0.442516 0.009182 -0.148911 -0.220014 -0.508099 -0.642071 -0.688434 -0.761807 -0.948994 
57.905388 2485863.250000 54 54 56 0.987568 0.967411 0.969357 0.976748 0.968661 0.924247 0.840750 0.722593 0.669474 0.574468 0.506456 0.024907 -0.141607 -0.176913 -0.511117 -0.665833 -0.718107 -0.793220 -0.962263 0.975613 0.965596 0.920498 0.822921 0.739547 0.663408 0.562056 0.484946 0.007060 -0.141732 -0.191503 -0.512568 -0.650002 -0.694576 -0.778402 -0.959943 
54.254524 734209.687500 56 60 52 0.979578 0.819424 0.710887 0.977081 0.970018 0.925434 0.781135 0.716920 0.666837 0.574580 0.524825 0.179699 -0.161132 -0.187549 -0.514017 -0.692506 -0.745924 -0.825803 -0.965543 0.977262 0.968601 0.927373 0.817422 0.710566 0.672336 0.565433 0.508057 0.161321 -0.138699 -0.170020 -0.520999 -0.686849 -0.732785 -0.809081 -0.966395 
43.838509 109532.757812 26 70 24 0.817996 0.566334 0.526876 0.978714 0.966073 0.906431 0.789693 0.719785 0.657584 0.543957 0.507309 0.279507 -0.150397 -0.251099 -0.462062 -0.656800 -0.787138 -0.869688 -0.960158 0.976202 0.969864 0.915940 0.778298 0.713682 0.663264 0.555158 0.508490 0.155312 -0.147308 -0.212012 -0.499799 -0.676243 -0.770381 -0.852951 -0.963965 
38.439217 39708.984375 162 54 52 0.545115 0.446519 0.759628 0.974956 0.963795 0.910929 0.822155 0.696477 0.629796 0.553939 0.490063 0.229146 -0.185543 -0.318573 -0.501734 -0.661800 -0.781396 -0.898846 -0.971916 0.973973 0.967659 0.908022 0.786552 0.715826 0.629490 0.524992 0.484412 0.240733 -0.157992 -0.277921 -0.481534 -0.660994 -0.801029 -0.901145 -0.972736 
31.153858 24553.734375 54 54 26 0.726962 0.462042 0.235478 0.964273 0.942631 0.874970 0.779613 0.729171 0.608321 0.534628 0.446244 0.099038 -0.149953 -0.314173 -0.519479 -0.648085 -0.817432 -0.904406 -0.986664 0.973510 0.963932 0.892565 0.793111 0.698108 0.608190 0.540355 0.468252 0.076018 -0.155580 -0.301148 -0.515093 -0.647186 -0.794252 -0.904110 -0.972459 
30.068901 129002.359375 72 52 48 0.445278 0.707721 0.823161 0.976852 0.966573 0.872113 0.749882 0.664738 0.458298 0.427473 0.239863 0.122477 -0.163263 -0.307874 -0.400832 -0.571152 -0.759171 -0.896268 -0.972716 0.973685 0.961330 0.875768 0.762615 0.713219 0.601914 0.534543 0.409817 0.022250 -0.161069 -0.373674 -0.508822 -0.621967 -0.797058 -0.911407 -0.968568 
56.280769 4994915.500000 52 62 56 0.585331 0.686042 0.973060 0.978687 0.972219 0.954215 0.889189 0.528072 0.451036 0.340806 0.195832 0.041562 -0.191353 -0.310901 -0.407752 -0.529012 -0.673220 -0.760589 -0.941016 0.980471 0.972069 0.953858 0.842922 0.577736 0.470270 0.381542 0.221169 0.052408 -0.166941 -0.294140 -0.376006 -0.502210 -0.655175 -0.807160 -0.962026 
60.811714 20293084.000000 56 54 52 0.983090 0.990261 0.987740 0.976255 0.968701 0.936807 0.867763 0.568792 0.467405 0.353244 0.197240 0.094641 -0.161508 -0.341766 -0.461536 -0.548290 -0.671982 -0.753868 -0.919230 0.977263 0.971264 0.944829 0.879410 0.528553 0.450593 0.342269 0.203261 0.082064 -0.198642 -0.333518 -0.462259 -0.537853 -0.688849 -0.763555 -0.913905 
62.350311 32044630.000000 52 50 50 0.983008 0.967605 0.923773 0.973962 0.963636 0.931804 0.861076 0.646329 0.600872 0.379934 0.164494 0.016439 -0.173047 -0.378778 -0.493009 -0.577585 -0.676706 -0.774562 -0.924247 0.975385 0.966294 0.935132 0.861918 0.607068 0.520236 0.378125 0.212484 0.041635 -0.166336 -0.371331 -0.486665 -0.561253 -0.680304 -0.765317 -0.933278 
63.179916 51942340.000000 50 48 46 0.948871 0.975706 0.965412 0.970786 0.960041 0.922879 0.868060 0.721256 0.649398 0.290946 0.003776 -0.101065 -0.235527 -0.411683 -0.498882 -0.605615 -0.669574 -0.911493 -0.983696 0.971881 0.960415 0.923712 0.853246 0.673790 0.621425 0.370691 0.093804 -0.032120 -0.173028 -0.408228 -0.489120 -0.604206 -0.664544 -0.843086 -0.944387 
62.694859 17335402.000000 46 46 46 0.971927 0.989787 0.927503 0.972806 0.962473 0.930560 0.875604 0.820303 0.664729 0.296972 -0.035673 -0.198361 -0.247629 -0.417792 -0.471357 -0.557047 -0.713637 -0.963972 -0.992134 0.970550 0.961300 0.925147 0.871157 0.783823 0.624092 0.312009 -0.010155 -0.163271 -0.235435 -0.407875 -0.467382 -0.575589 -0.689376 -0.962148 -0.987165 
56.702023 4294484.500000 46 46 46 0.968931 0.929247 0.954995 0.984053 0.966401 0.927990 0.899680 0.766372 0.623438 0.444538 0.015798 -0.173563 -0.223708 -0.321049 -0.460914 -0.535425 -0.773080 -0.968609 -0.992039 0.977142 0.963055 0.927952 0.885895 0.789080 0.617379 0.440894 0.038668 -0.196324 -0.239402 -0.358246 -0.468990 -0.555380 -0.712358 -0.960210 -0.992598 
54.332336 1786035.000000 46 46 48 0.969615 0.910109 0.958939 0.984240 0.969157 0.944725 0.907616 0.796027 0.624496 0.442637 0.080481 -0.121173 -0.258860 -0.340653 -0.428763 -0.511516 -0.749457 -0.962204 -0.989769 0.985229 0.967715 0.937299 0.897678 0.793687 0.657726 0.364933 0.084318 -0.148552 -0.223652 -0.346781 -0.436558 -0.519463 -0.761358 -0.963864 -0.986328 
54.258217 873402.437500 48 50 52 0.968662 0.950854 0.875795 0.983841 0.970595 0.951743 0.909860 0.798064 0.629714 0.511781 0.080210 -0.137145 -0.245622 -0.340013 -0.429313 -0.527156 -0.807819 -0.963406 -0.991410 0.984696 0.970687 0.948250 0.915343 0.815949 0.621303 0.461020 0.036230 -0.125913 -0.238568 -0.316366 -0.410541 -0.527299 -0.793387 -0.964387 -0.991383 
55.411888 553200.375000 52 52 54 0.899050 0.923672 0.949892 0.983860 0.972362 0.960377 0.915564 0.840948 0.718147 0.446839 0.062597 -0.150959 -0.215269 -0.306108 -0.427571 -0.546892 -0.822217 -0.941239 -0.980241 0.983672 0.971670 0.953586 0.904248 0.815869 0.666185 0.454022 0.081223 -0.131673 -0.246545 -0.322042 -0.407319 -0.518846 -0.817010 -0.958615 -0.988357 
58.683910 988225.125000 54 54 58 0.954265 0.938478 0.944966 0.980606 0.974162 0.955371 0.906449 0.869563 0.749900 0.387959 -0.007312 -0.154352 -0.204233 -0.305662 -0.402144 -0.633171 -0.845966 -0.949155 -0.984512 0.981906 0.973389 0.960683 0.909896 0.861922 0.734622 0.408455 0.012040 -0.164595 -0.215710 -0.313604 -0.392469 -0.600148 -0.809205 -0.948955 -0.981221 
59.860558 6669918.500000 58 58 58 0.947719 0.917995 0.854950 0.978343 0.967766 0.935341 0.888492 0.792125 0.745557 0.375319 -0.073584 -0.122080 -0.232134 -0.362447 -0.445250 -0.512545 -0.742996 -0.955575 -0.983375 0.980059 0.974385 0.946102 0.905725 0.865503 0.761590 0.320676 -0.061866 -0.120846 -0.183346 -0.313987 -0.410669 -0.614240 -0.863630 -0.959789 -0.986215 
61.253387 40534004.000000 60 60 60 0.894542 0.975011 0.968360 0.969114 0.953519 0.933670 0.837300 0.711950 0.662527 0.333823 -0.011268 -0.104079 -0.213673 -0.372543 -0.420483 -0.568640 -0.674042 -0.913552 -0.980936 0.972151 0.955485 0.933034 0.844476 0.741129 0.687017 0.340174 -0.023545 -0.121513 -0.228934 -0.367234 -0.436794 -0.581923 -0.687765 -0.941501 -0.982456 
63.436607 47266368.000000 60 62 64 0.968472 0.974352 0.949460 0.969971 0.956761 0.935825 0.847343 0.648690 0.609080 0.340467 0.093897 -0.032538 -0.179609 -0.335393 -0.413409 -0.549633 -0.702419 -0.828508 -0.980711 0.968098 0.954493 0.933553 0.849309 0.678546 0.640866 0.343662 0.031520 -0.072853 -0.193204 -0.371297 -0.432639 -0.574612 -0.696797 -0.885481 -0.984899 
63.277737 32220294.000000 64 64 66 0.941588 0.974173 0.929120 0.977889 0.963775 0.943379 0.836520 0.622062 0.575709 0.353694 0.151479 0.017636 -0.184331 -0.331511 -0.401509 -0.545314 -0.666334 -0.786680 -0.974630 0.972176 0.958934 0.940847 0.838057 0.629148 0.605130 0.341189 0.147126 0.002319 -0.182897 -0.333941 -0.403606 -0.539589 -0.669560 -0.793731 -0.968765 
57.682724 7404699.000000 66 68 80 0.947837 0.855171 0.592641 0.986032 0.975178 0.945610 0.820931 0.612754 0.536230 0.323472 0.127262 0.010516 -0.176423 -0.353279 -0.432136 -0.570058 -0.651788 -0.830827 -0.979037 0.983007 0.971372 0.944254 0.829333 0.604920 0.542302 0.322630 0.133206 0.020485 -0.186986 -0.333313 -0.415910 -0.543699 -0.650227 -0.742704 -0.967461 
44.604717 404090.843750 80 80 78 0.577540 0.537784 0.373693 0.991814 0.976878 0.928144 0.786111 0.646316 0.616987 0.465862 0.154533 0.032297 -0.158135 -0.330023 -0.419284 -0.593330 -0.698383 -0.838103 -0.965981 0.991759 0.972641 0.941500 0.828411 0.671750 0.604879 0.407150 0.135174 0.029299 -0.158925 -0.327577 -0.449126 -0.586595 -0.707336 -0.902019 -0.971311 
40.497913 6018798.500000 78 82 40 0.416850 0.621418 0.516271 0.985457 0.957641 0.855041 0.672518 0.582293 0.400999 0.234906 0.014702 -0.076395 -0.185480 -0.339197 -0.498357 -0.696913 -0.825552 -0.915631 -0.953575 0.988505 0.969865 0.922040 0.767075 0.649946 0.596134 0.396040 0.110152 0.021239 -0.122573 -0.325859 -0.422848 -0.592107 -0.738339 -0.879171 -0.950840 
47.870148 22428402.000000 82 82 144 0.522128 0.652230 0.593123 0.968095 0.952063 0.887217 0.576490 0.488627 0.155269 0.035620 -0.107569 -0.226132 -0.334307 -0.452936 -0.633640 -0.799459 -0.870381 -0.954971 -0.984073 0.967555 0.949590 0.877037 0.639425 0.483122 0.210602 0.033094 -0.088059 -0.192020 -0.315081 -0.450160 -0.612068 -0.790535 -0.864461 -0.944505 -0.981606 
48.105003 14831673.000000 148 64 66 0.574337 0.747264 0.897027 0.988798 0.980376 0.944918 0.575942 0.519526 0.334700 0.191387 0.019082 -0.134699 -0.224918 -0.393721 -0.617362 -0.720807 -0.878302 -0.937309 -0.979629 0.988374 0.961996 0.810236 0.598035 0.516855 0.198170 0.085655 -0.095692 -0.204329 -0.295626 -0.449877 -0.648301 -0.784305 -0.884756 -0.944208 -0.986769 
55.573521 11740074.000000 66 70 72 0.895495 0.924034 0.950336 0.986855 0.979331 0.959313 0.682161 0.572805 0.500767 0.314622 0.232715 -0.020364 -0.134854 -0.260388 -0.574919 -0.640577 -0.777478 -0.874889 -0.984865 0.987098 0.979309 0.959208 0.653494 0.540931 0.448289 0.249371 0.168232 -0.059023 -0.147605 -0.380668 -0.570994 -0.687116 -0.827797 -0.913988 -0.982530 
51.039322 732736.125000 72 76 80 0.932446 0.619712 0.750192 0.990971 0.973635 0.954109 0.752253 0.619133 0.538741 0.342609 0.193987 -0.072498 -0.194013 -0.394206 -0.525782 -0.665380 -0.828890 -0.925156 -0.973078 0.987673 0.977182 0.959711 0.758428 0.608707 0.555830 0.341923 0.283129 -0.033572 -0.106441 -0.264726 -0.564293 -0.633597 -0.767202 -0.893866 -0.977477 
38.970673 290751.500000 80 84 84 0.699750 0.595007 0.761681 0.994299 0.982428 0.953320 0.757501 0.573685 0.477413 0.274416 0.165747 -0.024467 -0.151639 -0.321535 -0.518553 -0.727817 -0.821368 -0.935087 -0.986036 0.994419 0.975488 0.950801 0.736356 0.609268 0.504452 0.275873 0.125289 -0.050993 -0.225216 -0.373432 -0.554013 -0.700402 -0.823812 -0.916967 -0.981502 
35.054188 80026.250000 82 82 82 0.803001 0.590942 0.502499 0.994781 0.981339 0.923767 0.664780 0.603002 0.500563 0.306976 0.183760 0.058515 -0.097957 -0.272045 -0.424498 -0.668033 -0.811866 -0.903164 -0.981623 0.995124 0.985087 0.945422 0.736346 0.576200 0.465856 0.283183 0.165219 0.013589 -0.077767 -0.246620 -0.479206 -0.697769 -0.833622 -0.916682 -0.978532 
31.150578 843607.062500 78 86 166 0.549613 0.689781 0.607549 0.989131 0.963002 0.883325 0.651363 0.549551 0.288308 0.225763 0.076186 -0.182715 -0.328256 -0.445488 -0.556792 -0.748621 -0.889903 -0.917618 -0.975410 0.994421 0.972827 0.937419 0.760886 0.609099 0.550044 0.289250 0.207275 -0.013318 -0.098255 -0.301075 -0.501459 -0.668137 -0.802268 -0.905863 -0.978803 
49.952469 6272645.500000 74 72 70 0.352825 0.635719 0.955868 0.982508 0.972667 0.951244 0.696013 0.633661 0.547581 0.273439 0.206165 -0.051075 -0.209711 -0.284768 -0.476647 -0.647228 -0.692669 -0.804594 -0.955117 0.983931 0.972658 0.856349 0.640809 0.602640 0.312869 0.246861 0.104764 -0.157676 -0.292084 -0.435948 -0.561618 -0.726619 -0.885011 -0.916952 -0.973511 
59.810112 27687702.000000 70 70 70 0.955761 0.986639 0.980990 0.979052 0.965592 0.946211 0.812414 0.636589 0.600902 0.259548 0.145532 0.025200 -0.257129 -0.328929 -0.449368 -0.607566 -0.727705 -0.763010 -0.859305 0.981957 0.968580 0.949123 0.780531 0.631932 0.598497 0.250538 0.167697 -0.034318 -0.234264 -0.313799 -0.466685 -0.640113 -0.716624 -0.771918 -0.887013 
63.028168 30393358.000000 70 70 70 0.990781 0.988939 0.982629 0.972938 0.962201 0.941732 0.840490 0.698137 0.640901 0.275344 0.093417 -0.016785 -0.253794 -0.354176 -0.440340 -0.578456 -0.719076 -0.758377 -0.867746 0.975080 0.963457 0.943718 0.831927 0.659913 0.608407 0.278770 0.123868 -0.002013 -0.253179 -0.340014 -0.436039 -0.585841 -0.718120 -0.761960 -0.843388 
62.996323 26146198.000000 70 70 70 0.984050 0.991971 0.985543 0.973369 0.962514 0.937538 0.862420 0.735510 0.652576 0.271495 0.028539 -0.090857 -0.268649 -0.374241 -0.437342 -0.568527 -0.717250 -0.788974 -0.891866 0.972748 0.961926 0.938672 0.855912 0.714290 0.643161 0.294031 0.067699 -0.060403 -0.262308 -0.366441 -0.437444 -0.568343 -0.702461 -0.767846 -0.891518 
61.438904 11844586.000000 70 70 70 0.981001 0.981186 0.959665 0.977145 0.966171 0.941654 0.879245 0.771978 0.623251 0.360484 0.023122 -0.107248 -0.274194 -0.383857 -0.468338 -0.597117 -0.733513 -0.787977 -0.889141 0.975270 0.964592 0.940873 0.876097 0.757281 0.638493 0.303287 0.019528 -0.102248 -0.272686 -0.380368 -0.448752 -0.593390 -0.732679 -0.786024 -0.883952 
58.586517 4976543.000000 70 68 68 0.950537 0.984435 0.951189 0.981305 0.968740 0.937352 0.883600 0.811909 0.688387 0.322125 0.026443 -0.133304 -0.270079 -0.362826 -0.446635 -0.571039 -0.725858 -0.770086 -0.921943 0.979622 0.967278 0.941476 0.883855 0.809483 0.657595 0.298140 0.028077 -0.120461 -0.267769 -0.378631 -0.459781 -0.580496 -0.731561 -0.776505 -0.894303 
57.354462 4035646.750000 68 66 66 0.951906 0.971692 0.929723 0.982037 0.969709 0.935473 0.876274 0.828633 0.731442 0.332605 -0.004059 -0.138850 -0.268530 -0.364339 -0.450409 -0.568264 -0.720607 -0.770005 -0.936819 0.982199 0.969809 0.935512 0.878943 0.823802 0.694214 0.364326 0.019728 -0.127541 -0.268944 -0.359607 -0.440912 -0.566073 -0.743151 -0.777073 -0.922045 
59.280888 8941347.000000 66 64 64 0.940589 0.971049 0.977948 0.976629 0.962282 0.937605 0.872496 0.815706 0.739232 0.282613 -0.065885 -0.149779 -0.303653 -0.380553 -0.458449 -0.575757 -0.740829 -0.784087 -0.909210 0.980609 0.967054 0.935092 0.872701 0.824340 0.748618 0.299282 -0.025057 -0.136527 -0.278438 -0.362619 -0.458944 -0.572039 -0.730996 -0.770180 -0.931804 
60.831753 15774736.000000 64 64 64 0.987144 0.983885 0.983673 0.975399 0.961751 0.936601 0.865792 0.763911 0.702397 0.301661 -0.049050 -0.114319 -0.276716 -0.388274 -0.470175 -0.558286 -0.732056 -0.778919 -0.886819 0.974207 0.960945 0.937232 0.872544 0.794368 0.726993 0.283195 -0.061226 -0.131643 -0.297559 -0.387247 -0.457751 -0.565177 -0.730180 -0.784981 -0.898310 
57.204151 8296896.500000 64 64 74 0.986406 0.902539 0.487943 0.981640 0.967720 0.927298 0.843638 0.729157 0.677493 0.148483 -0.042280 -0.123710 -0.301415 -0.379570 -0.482412 -0.591253 -0.697665 -0.782851 -0.958945 0.977207 0.963794 0.932215 0.859460 0.736930 0.675759 0.295419 -0.038649 -0.106826 -0.287886 -0.392422 -0.481701 -0.560903 -0.730647 -0.762486 -0.904584 
39.839870 199495.390625 76 68 66 0.512488 0.503135 0.581296 0.982801 0.967250 0.923700 0.803242 0.748222 0.684112 0.404406 -0.026173 -0.100541 -0.237283 -0.385678 -0.465965 -0.646068 -0.765495 -0.812739 -0.936936 0.988709 0.971729 0.925878 0.810740 0.740263 0.634893 0.158198 -0.050673 -0.169933 -0.283985 -0.364320 -0.468429 -0.629083 -0.755826 -0.841070 -0.972947 
38.401665 2296420.000000 66 72 62 0.531735 0.707894 0.429360 0.963896 0.944170 0.844262 0.763290 0.573498 0.420604 0.214779 0.012392 -0.159682 -0.272662 -0.362534 -0.481614 -0.594985 -0.713792 -0.889556 -0.978147 0.973808 0.963806 0.896728 0.816169 0.758231 0.687987 0.465274 -0.030334 -0.077227 -0.240900 -0.375536 -0.479519 -0.636462 -0.763229 -0.797860 -0.948177 
53.827652 18181942.000000 64 44 64 0.389929 0.561412 0.624565 0.961637 0.928520 0.775878 0.554506 0.469492 0.181842 0.025732 -0.211512 -0.324429 -0.387850 -0.440208 -0.592951 -0.703137 -0.847834 -0.936822 -0.976108 0.951167 0.907733 0.795825 0.593606 0.507513 0.275749 0.060724 -0.195794 -0.313004 -0.385568 -0.434096 -0.598973 -0.679044 -0.855637 -0.923773 -0.980436 
47.819332 7309420.000000 64 64 58 0.624587 0.301245 0.890291 0.989515 0.977270 0.962174 0.744126 0.443900 0.392049 0.227250 0.088716 -0.074812 -0.288663 -0.362887 -0.545614 -0.659173 -0.814294 -0.906204 -0.964604 0.981624 0.929070 0.831529 0.570671 0.496986 0.358664 0.089771 -0.020531 -0.271353 -0.375917 -0.448243 -0.607604 -0.703411 -0.829968 -0.920472 -0.973443 
56.608376 12840139.000000 58 60 62 0.850438 0.954685 0.976748 0.985636 0.977704 0.966376 0.728266 0.401862 0.356638 0.242681 0.153707 -0.036370 -0.242091 -0.378075 -0.447599 -0.590881 -0.662289 -0.767278 -0.947779 0.986628 0.976455 0.966404 0.750296 0.420379 0.386018 0.239237 0.139741 -0.046208 -0.221004 -0.355893 -0.442480 -0.615824 -0.660387 -0.828314 -0.957818 
55.262814 6040473.500000 64 64 66 0.958601 0.993845 0.975107 0.986941 0.979447 0.969889 0.743355 0.384781 0.339899 0.240593 0.174774 0.003613 -0.235166 -0.407085 -0.469389 -0.584319 -0.649954 -0.775882 -0.961978 0.985989 0.978605 0.967140 0.720988 0.383817 0.343551 0.235315 0.159810 -0.028397 -0.264371 -0.399037 -0.453976 -0.595689 -0.671104 -0.791841 -0.958308 
55.379974 7968889.000000 66 68 68 0.982175 0.958643 0.972240 0.986683 0.979119 0.965541 0.741699 0.409175 0.370742 0.252404 0.200573 0.032976 -0.232435 -0.386154 -0.455139 -0.542233 -0.637077 -0.700410 -0.903943 0.987112 0.980139 0.970338 0.710602 0.383295 0.343718 0.228965 0.177303 0.013404 -0.262033 -0.411201 -0.468124 -0.570735 -0.644908 -0.763401 -0.949284 
56.707397 11950794.000000 68 70 72 0.972478 0.976662 0.950753 0.984639 0.972123 0.953323 0.819342 0.505121 0.463114 0.287298 0.205500 0.046527 -0.257432 -0.340584 -0.434688 -0.558420 -0.669632 -0.712435 -0.858061 0.986104 0.976919 0.958908 0.768862 0.440201 0.405275 0.266281 0.200253 0.022753 -0.264735 -0.373755 -0.448611 -0.551666 -0.653735 -0.709775 -0.876934 
54.579945 1408736.500000 72 74 84 0.960485 0.871187 0.623496 0.984700 0.970402 0.955743 0.839568 0.628477 0.537099 0.311715 0.231355 0.043535 -0.196629 -0.271335 -0.450804 -0.620404 -0.686403 -0.771652 -0.935641 0.982867 0.969314 0.954016 0.825500 0.594375 0.529874 0.288538 0.207806 0.086455 -0.215040 -0.298619 -0.421941 -0.572618 -0.677321 -0.715903 -0.896114 
39.923439 216557.718750 80 76 86 0.449004 0.641351 0.587533 0.993597 0.980933 0.957230 0.830036 0.468248 0.407793 0.308967 0.216922 0.105548 -0.153633 -0.359538 -0.445898 -0.571395 -0.690093 -0.824480 -0.955001 0.990752 0.976601 0.948966 0.789059 0.533314 0.420148 0.318093 0.192072 0.054299 -0.137411 -0.361490 -0.479969 -0.590999 -0.711252 -0.813623 -0.958963 
34.820278 73958.804688 70 36 70 0.532130 0.670221 0.567825 0.987505 0.982002 0.935012 0.677644 0.553392 0.435189 0.281419 0.196270 0.110697 -0.207098 -0.385719 -0.434354 -0.574228 -0.705535 -0.894726 -0.973551 0.993386 0.980228 0.948474 0.746374 0.516363 0.415574 0.296540 0.195712 0.112533 -0.164621 -0.355568 -0.443890 -0.564711 -0.678471 -0.855060 -0.953676 
27.843454 37635.683594 106 38 48 0.565219 0.545200 0.761175 0.983527 0.967171 0.949021 0.703608 0.475881 0.409870 0.276369 0.224363 0.098617 -0.279438 -0.377470 -0.490225 -0.650172 -0.815020 -0.956824 -0.987354 0.986870 0.980061 0.926376 0.699023 0.520703 0.432752 0.331943 0.236345 0.125448 -0.230874 -0.365837 -0.431933 -0.571511 -0.741847 -0.903646 -0.975618 
49.024872 1641525.000000 24 78 74 0.574659 0.518690 0.855611 0.979965 0.968284 0.948166 0.839222 0.729685 0.663083 0.274931 0.202674 0.014414 -0.213791 -0.291178 -0.347554 -0.651442 -0.790760 -0.961387 -0.985730 0.977460 0.961055 0.907747 0.777600 0.581748 0.393330 0.289506 0.183322 -0.104253 -0.312262 -0.367725 -0.538955 -0.666689 -0.932865 -0.975254 -0.988664 
55.807415 2793246.250000 74 84 86 0.897932 0.752861 0.774872 0.980428 0.967694 0.941566 0.843580 0.756603 0.657852 0.302075 0.231681 0.063126 -0.134933 -0.204369 -0.383540 -0.704607 -0.781889 -0.820710 -0.938477 0.979210 0.968005 0.945885 0.860930 0.743786 0.685656 0.278482 0.213835 0.055290 -0.166095 -0.242097 -0.327332 -0.660740 -0.774130 -0.823055 -0.967203 
47.054672 110070.945312 88 100 88 0.836446 0.435277 0.736428 0.992269 0.983452 0.949450 0.846615 0.740718 0.543541 0.343826 0.254303 0.092527 -0.109552 -0.262399 -0.475610 -0.718082 -0.798784 -0.852328 -0.951737 0.984096 0.972765 0.949517 0.859344 0.780189 0.627280 0.307342 0.264217 0.078451 -0.086352 -0.180821 -0.438627 -0.709451 -0.787044 -0.831499 -0.950005 
43.724857 82775.062500 86 86 86 0.649867 0.871631 0.883853 0.993254 0.984825 0.952655 0.852283 0.791427 0.691186 0.358504 0.255112 0.085940 -0.135058 -0.266828 -0.475333 -0.637678 -0.804251 -0.869616 -0.965843 0.992628 0.985809 0.949503 0.839616 0.774504 0.617253 0.328406 0.255787 0.075902 -0.145650 -0.364702 -0.483660 -0.684951 -0.790717 -0.874585 -0.964984 
45.572083 70082.382812 86 86 86 0.871241 0.933726 0.951170 0.993532 0.987479 0.947582 0.851516 0.809432 0.696904 0.427889 0.229282 0.048221 -0.108692 -0.285240 -0.501482 -0.654534 -0.823916 -0.881734 -0.958631 0.992870 0.986866 0.946887 0.847058 0.804360 0.659768 0.382523 0.231604 0.060834 -0.115432 -0.277870 -0.443881 -0.621376 -0.813528 -0.882698 -0.966260 
46.475315 120874.578125 86 84 84 0.944479 0.954243 0.958346 0.993242 0.988091 0.945094 0.852690 0.821799 0.633798 0.400784 0.142194 -0.034113 -0.114596 -0.278543 -0.455556 -0.662613 -0.800641 -0.887523 -0.956634 0.992948 0.986932 0.949139 0.850247 0.813042 0.673139 0.422389 0.190483 -0.011810 -0.111455 -0.289833 -0.474554 -0.643236 -0.820424 -0.871855 -0.959751 
46.988556 234094.515625 82 82 82 0.962974 0.979880 0.969932 0.992887 0.987626 0.936426 0.851663 0.811371 0.603986 0.333413 0.045188 -0.054520 -0.106485 -0.213108 -0.414531 -0.651074 -0.821527 -0.851971 -0.937426 0.993440 0.988225 0.937146 0.851591 0.809899 0.593586 0.339933 0.136897 -0.027770 -0.114254 -0.210430 -0.405415 -0.624901 -0.797722 -0.878905 -0.955265 
50.754692 1577700.250000 82 82 80 0.971697 0.904383 0.638890 0.986788 0.969128 0.927467 0.890855 0.813576 0.697250 0.331533 0.061674 -0.032298 -0.109201 -0.175404 -0.458170 -0.747248 -0.824651 -0.866792 -0.907019 0.992399 0.986714 0.923517 0.842235 0.801345 0.610840 0.266057 0.058622 -0.047894 -0.097645 -0.194435 -0.429153 -0.653061 -0.807913 -0.852643 -0.918300 
57.709557 8187712.500000 80 78 78 0.692711 0.947704 0.975645 0.973123 0.947183 0.895145 0.869846 0.816589 0.700495 0.380175 0.056897 -0.010172 -0.125600 -0.158426 -0.464123 -0.708015 -0.800260 -0.873233 -0.889037 0.977207 0.955698 0.914163 0.881683 0.827366 0.718014 0.406974 0.060518 -0.007147 -0.103265 -0.138430 -0.476957 -0.752722 -0.820525 -0.876730 -0.892652 
59.157593 14432959.000000 78 76 74 0.985122 0.975758 0.941897 0.972129 0.938521 0.887553 0.858558 0.800018 0.665684 0.405085 0.076686 -0.018883 -0.138078 -0.185288 -0.388447 -0.670304 -0.762781 -0.858014 -0.890564 0.971089 0.940966 0.890134 0.863183 0.806230 0.686101 0.393709 0.056028 -0.023762 -0.137787 -0.182008 -0.441677 -0.695773 -0.791044 -0.870523 -0.897830 
60.611324 28614874.000000 76 74 72 0.903834 0.971530 0.951021 0.971126 0.931223 0.883218 0.850730 0.793035 0.650948 0.350700 0.084789 -0.016823 -0.140691 -0.200734 -0.390681 -0.662588 -0.750202 -0.865267 -0.887029 0.971801 0.933529 0.884997 0.855227 0.797363 0.662095 0.371205 0.079483 -0.017138 -0.140917 -0.198161 -0.404106 -0.662588 -0.759578 -0.862718 -0.890630 
61.278519 50914192.000000 72 70 68 0.959709 0.972165 0.952664 0.966708 0.923396 0.883986 0.841591 0.777596 0.616283 0.288397 0.096463 -0.009538 -0.143543 -0.210671 -0.412304 -0.644528 -0.752743 -0.860886 -0.898720 0.969236 0.927722 0.881535 0.847661 0.782581 0.631052 0.324089 0.090567 -0.010550 -0.150893 -0.210326 -0.414369 -0.644422 -0.754756 -0.863946 -0.896070 
62.542690 68994408.000000 68 66 66 0.961494 0.939432 0.970620 0.966912 0.917866 0.887508 0.841895 0.754900 0.607265 0.277539 0.137611 0.005315 -0.141972 -0.215417 -0.375084 -0.617089 -0.711410 -0.855520 -0.887015 0.964622 0.919452 0.885233 0.838355 0.766001 0.615361 0.274017 0.121690 0.007440 -0.146454 -0.211342 -0.369380 -0.634038 -0.732820 -0.856352 -0.889409 
63.174484 100765688.000000 66 64 62 0.950167 0.962425 0.975871 0.963181 0.931173 0.882990 0.825649 0.735518 0.615399 0.282205 0.162748 0.019654 -0.162828 -0.234006 -0.344977 -0.616846 -0.717842 -0.836062 -0.884055 0.967706 0.922508 0.885631 0.840950 0.742868 0.612727 0.282368 0.153862 0.002341 -0.151561 -0.215864 -0.357114 -0.623438 -0.712388 -0.840980 -0.883801 
63.230644 97275152.000000 62 60 60 0.961128 0.934647 0.957674 0.960269 0.938916 0.905759 0.807897 0.714279 0.619431 0.276308 0.173243 0.011851 -0.171666 -0.247216 -0.368508 -0.595173 -0.722718 -0.827760 -0.882118 0.959896 0.937183 0.891189 0.807554 0.726239 0.619815 0.274317 0.165204 0.023836 -0.160217 -0.245576 -0.351707 -0.607852 -0.710776 -0.837733 -0.881784 
60.958336 32859956.000000 60 60 66 0.959732 0.900123 0.295992 0.967596 0.949079 0.911657 0.796882 0.701643 0.551966 0.351547 0.253157 0.113216 -0.101303 -0.353232 -0.480063 -0.597790 -0.680439 -0.799628 -0.954390 0.962156 0.943154 0.910759 0.806512 0.702219 0.592138 0.281188 0.195796 0.054942 -0.189052 -0.313654 -0.450205 -0.608412 -0.704120 -0.796681 -0.907908 
53.624992 6706172.000000 74 58 56 0.452913 0.699930 0.919539 0.974128 0.961333 0.914582 0.777769 0.684697 0.588935 0.458563 0.362344 0.145558 0.023864 -0.106060 -0.394929 -0.586948 -0.762419 -0.832559 -0.962299 0.976400 0.951622 0.903375 0.805417 0.718384 0.584457 0.423421 0.234862 0.121974 -0.055508 -0.264628 -0.485713 -0.648586 -0.756826 -0.834500 -0.938475 
58.415710 7468271.000000 56 56 56 0.917017 0.954969 0.941020 0.976621 0.964957 0.920382 0.797171 0.668467 0.604819 0.528256 0.440031 0.118750 -0.009531 -0.105004 -0.347413 -0.575550 -0.723085 -0.842822 -0.963773 0.975703 0.961312 0.912708 0.801985 0.679985 0.608709 0.500472 0.392427 0.141999 0.004233 -0.073246 -0.341863 -0.566761 -0.770625 -0.851595 -0.959300 
58.496353 4140513.500000 56 56 56 0.953971 0.962721 0.954124 0.977067 0.967243 0.924207 0.808209 0.662448 0.615660 0.558357 0.442598 0.145709 -0.021103 -0.137292 -0.209559 -0.615496 -0.725277 -0.881293 -0.972084 0.976220 0.966068 0.919053 0.791564 0.667020 0.608652 0.540134 0.438917 0.112670 -0.019309 -0.124204 -0.336239 -0.601871 -0.710905 -0.873530 -0.973975 
57.776711 2628803.250000 56 56 56 0.959425 0.952617 0.934948 0.979108 0.970457 0.929836 0.791152 0.645284 0.613636 0.555328 0.471934 0.156033 -0.045787 -0.128637 -0.176103 -0.572886 -0.748518 -0.884727 -0.971914 0.977691 0.969347 0.923626 0.810558 0.653258 0.616010 0.561685 0.468156 0.182590 -0.056351 -0.139441 -0.190375 -0.607729 -0.734911 -0.886238 -0.970685 
52.973064 771274.875000 56 56 56 0.927302 0.846884 0.841177 0.986784 0.971177 0.938450 0.826957 0.667103 0.604436 0.547980 0.398030 0.107905 -0.044102 -0.127493 -0.275513 -0.545791 -0.723454 -0.889867 -0.966974 0.981343 0.971758 0.935861 0.756183 0.639694 0.604352 0.543974 0.448883 0.122926 -0.061193 -0.121338 -0.213160 -0.573643 -0.733889 -0.880896 -0.966603 
48.939056 270048.062500 58 56 62 0.839194 0.754942 0.870316 0.990543 0.979170 0.941738 0.862586 0.704980 0.606810 0.568169 0.435033 0.146675 -0.042652 -0.146628 -0.377802 -0.666653 -0.798243 -0.882745 -0.966671 0.990522 0.979048 0.929025 0.865874 0.716967 0.605818 0.569894 0.371240 0.119860 -0.059168 -0.117840 -0.358958 -0.632818 -0.765951 -0.891756 -0.967418 
43.778130 148880.312500 62 62 56 0.897049 0.615427 0.672639 0.988363 0.962151 0.890619 0.796190 0.660803 0.615631 0.576104 0.482195 0.185542 -0.099991 -0.250349 -0.436905 -0.661776 -0.803945 -0.905866 -0.966110 0.987821 0.975394 0.929788 0.838107 0.687364 0.617460 0.582833 0.494575 0.201926 -0.073078 -0.230719 -0.430294 -0.637435 -0.785371 -0.880955 -0.970947 
33.946472 54183.433594 56 40 56 0.648231 0.454412 0.548182 0.978228 0.930975 0.852284 0.777690 0.656704 0.612951 0.572967 0.370219 0.086387 -0.120705 -0.297503 -0.488435 -0.645579 -0.796436 -0.914240 -0.973923 0.987208 0.941322 0.855697 0.793872 0.679503 0.610046 0.580962 0.417373 0.128407 -0.090616 -0.274515 -0.456605 -0.670238 -0.819026 -0.918777 -0.963575 
30.258545 60873.535156 56 54 42 0.451545 0.662534 0.390993 0.971008 0.917956 0.849371 0.764918 0.663482 0.604049 0.554645 0.279822 0.019383 -0.180365 -0.350177 -0.449739 -0.632402 -0.779308 -0.887300 -0.968425 0.979192 0.933959 0.858033 0.800849 0.681904 0.608482 0.554382 0.381280 0.057943 -0.067356 -0.298077 -0.499229 -0.653894 -0.796340 -0.907661 -0.971937 
30.428585 1676452.125000 42 80 104 0.445264 0.682973 0.478858 0.961722 0.908153 0.824399 0.709300 0.600110 0.449005 0.164303 0.020137 -0.178731 -0.326450 -0.517725 -0.580696 -0.733467 -0.844766 -0.911089 -0.976093 0.963091 0.936417 0.856769 0.754319 0.692755 0.600608 0.550552 0.357597 -0.006466 -0.151249 -0.293849 -0.450633 -0.664918 -0.785545 -0.908540 -0.975101 
55.286175 54034272.000000 106 62 106 0.445322 0.206656 0.540441 0.959265 0.925575 0.712950 0.600419 0.392393 0.084087 -0.008089 -0.201251 -0.374601 -0.435515 -0.506499 -0.655991 -0.769441 -0.884235 -0.935545 -0.963563 0.950140 0.910260 0.808304 0.681878 0.457349 0.212939 0.037806 -0.090215 -0.302697 -0.434744 -0.515445 -0.604401 -0.781534 -0.871130 -0.945286 -0.975452 
49.144520 8893041.000000 50 114 216 0.551776 0.405552 0.290689 0.946286 0.883895 0.830737 0.648433 0.464301 0.285942 0.068370 -0.026008 -0.220656 -0.404978 -0.505796 -0.655983 -0.755596 -0.845764 -0.938330 -0.975881 0.962440 0.896391 0.734814 0.584852 0.431529 0.129793 0.019991 -0.176995 -0.386223 -0.443553 -0.504066 -0.627001 -0.795049 -0.892873 -0.934157 -0.970800 
40.514545 6357076.500000 112 68 58 0.401681 0.244466 0.633663 0.979469 0.922850 0.848698 0.678068 0.597944 0.438259 0.192952 0.027600 -0.184965 -0.295442 -0.371267 -0.570347 -0.710549 -0.750779 -0.889601 -0.955486 0.936612 0.901333 0.774336 0.615739 0.538140 0.317977 0.126475 -0.014602 -0.206794 -0.339530 -0.438341 -0.607045 -0.739722 -0.841685 -0.915656 -0.957119 
56.624748 22914090.000000 66 60 62 0.536790 0.949830 0.621853 0.970452 0.942568 0.905370 0.851363 0.706433 0.633974 0.396562 0.225070 0.066484 -0.161738 -0.313951 -0.450270 -0.618453 -0.757175 -0.855560 -0.951754 0.979458 0.946633 0.914191 0.853579 0.691637 0.591843 0.293494 0.150712 -0.026440 -0.193037 -0.330256 -0.491302 -0.632722 -0.730243 -0.894750 -0.949743 
60.407341 45212932.000000 60 70 78 0.942371 0.552611 0.886802 0.960749 0.925456 0.892185 0.817156 0.713661 0.633020 0.354789 0.247062 0.101786 -0.116715 -0.220470 -0.312098 -0.566798 -0.743869 -0.899361 -0.955604 0.966432 0.931868 0.894060 0.837760 0.707049 0.628666 0.374667 0.253254 0.103713 -0.111551 -0.217985 -0.350749 -0.595433 -0.769434 -0.876809 -0.956252 
61.769676 78931840.000000 80 84 86 0.879848 0.939311 0.952862 0.955943 0.920187 0.885564 0.788646 0.698881 0.624320 0.347689 0.239692 0.098329 -0.142622 -0.232159 -0.376634 -0.590577 -0.744176 -0.854768 -0.920846 0.959357 0.921584 0.889054 0.801153 0.709470 0.626735 0.338683 0.237737 0.079733 -0.142389 -0.241330 -0.376464 -0.600567 -0.735590 -0.866000 -0.942506 
62.719360 106010088.000000 86 86 86 0.973499 0.982646 0.962668 0.957328 0.919538 0.893192 0.771457 0.676338 0.599741 0.346514 0.241758 0.091321 -0.152625 -0.241986 -0.358981 -0.602988 -0.741805 -0.847477 -0.894475 0.955688 0.919321 0.886660 0.775427 0.689912 0.611603 0.346024 0.236895 0.096307 -0.149600 -0.230443 -0.372625 -0.609912 -0.754384 -0.848175 -0.919959 
61.799664 59684960.000000 86 84 86 0.931123 0.922703 0.950697 0.964254 0.928665 0.904748 0.796997 0.640464 0.590064 0.383442 0.278056 0.109409 -0.135308 -0.251558 -0.349856 -0.595910 -0.738823 -0.844745 -0.901129 0.959377 0.922426 0.898412 0.777679 0.653852 0.597090 0.354530 0.255284 0.082323 -0.154386 -0.246350 -0.357007 -0.606778 -0.737181 -0.844381 -0.884768 
59.050327 20444768.000000 86 86 88 0.958103 0.886872 0.905619 0.972307 0.946682 0.923842 0.821320 0.609860 0.538404 0.392559 0.299958 0.138580 -0.123364 -0.241488 -0.334406 -0.602782 -0.739521 -0.832816 -0.894316 0.967545 0.935876 0.911201 0.807510 0.622618 0.563243 0.389356 0.285678 0.118132 -0.130253 -0.251653 -0.333910 -0.611789 -0.740382 -0.854170 -0.891410 
57.960663 9594098.000000 88 88 88 0.907972 0.919238 0.864882 0.973772 0.962322 0.939030 0.805063 0.623602 0.494718 0.400992 0.296772 0.163900 -0.067029 -0.262583 -0.319766 -0.602713 -0.740962 -0.835994 -0.911479 0.972642 0.957277 0.934462 0.806683 0.637601 0.518706 0.414374 0.305112 0.173343 -0.098816 -0.240768 -0.308360 -0.605764 -0.748874 -0.831054 -0.912647 
55.363770 10613476.000000 90 88 88 0.879918 0.886143 0.882107 0.979749 0.969651 0.927562 0.782689 0.586933 0.446165 0.345208 0.275110 0.046664 -0.170785 -0.297614 -0.353572 -0.523485 -0.672733 -0.804006 -0.887091 0.977446 0.966048 0.943031 0.768764 0.596407 0.454909 0.368869 0.256449 0.109117 -0.120706 -0.266373 -0.325414 -0.484163 -0.716249 -0.804022 -0.914640 
55.358742 6002607.500000 90 90 88 0.895272 0.937042 0.944950 0.981105 0.976341 0.934316 0.771053 0.583723 0.416246 0.345736 0.273499 0.145332 -0.151436 -0.317113 -0.373656 -0.497125 -0.678270 -0.776411 -0.922842 0.980607 0.974405 0.930641 0.788313 0.570106 0.417675 0.337936 0.250810 0.076867 -0.167794 -0.310739 -0.372439 -0.526104 -0.683811 -0.785053 -0.904176 
51.468273 595614.375000 88 86 174 0.927767 0.676842 0.507570 0.983771 0.971046 0.916250 0.827514 0.643408 0.577848 0.398689 0.285084 0.178654 -0.080539 -0.317322 -0.387106 -0.513367 -0.700537 -0.832468 -0.963065 0.981634 0.975919 0.939565 0.780110 0.581124 0.475958 0.358597 0.288983 0.171218 -0.158960 -0.330316 -0.384022 -0.506162 -0.685894 -0.790211 -0.935921 
35.608086 110184.796875 62 86 86 0.521691 0.679413 0.717412 0.979428 0.945385 0.891205 0.833156 0.662665 0.579155 0.439169 0.303455 0.217913 -0.034406 -0.306291 -0.406364 -0.506904 -0.690957 -0.866364 -0.965925 0.979881 0.948738 0.896982 0.815877 0.650341 0.587433 0.414613 0.303022 0.167053 -0.096353 -0.293157 -0.384670 -0.516287 -0.722465 -0.851434 -0.968633 
33.462036 72485.851562 86 86 86 0.752728 0.531709 0.599243 0.981584 0.952599 0.887387 0.846613 0.683924 0.599209 0.425841 0.310942 0.198060 -0.082488 -0.339723 -0.393743 -0.609158 -0.781319 -0.883206 -0.961702 0.980915 0.950479 0.881912 0.840501 0.658988 0.573440 0.388827 0.317802 0.216912 -0.066308 -0.338682 -0.386842 -0.506542 -0.748252 -0.873351 -0.954223 
29.713097 44360.785156 86 86 86 0.578246 0.572706 0.412936 0.970295 0.934377 0.878913 0.773434 0.675678 0.616317 0.383933 0.305184 0.147692 -0.103766 -0.294817 -0.431759 -0.651613 -0.820593 -0.910462 -0.963359 0.976423 0.938908 0.890438 0.821659 0.675403 0.620305 0.379937 0.281335 0.207634 -0.056750 -0.305087 -0.391532 -0.677545 -0.825052 -0.893556 -0.968585 
28.735239 313099.343750 52 86 88 0.411831 0.740385 0.566463 0.963690 0.943430 0.822147 0.711875 0.624144 0.452474 0.353719 0.211369 -0.050621 -0.188108 -0.465641 -0.597989 -0.743884 -0.808163 -0.888565 -0.955958 0.961152 0.935418 0.866410 0.797357 0.669654 0.621327 0.372900 0.295951 0.196479 -0.072682 -0.328123 -0.463682 -0.635600 -0.784420 -0.897969 -0.961833 
29.810860 120101.343750 88 88 86 0.476025 0.607104 0.603693 0.970717 0.951838 0.878150 0.712568 0.617900 0.491701 0.370702 0.222818 -0.155439 -0.331544 -0.413074 -0.567188 -0.761601 -0.816514 -0.924420 -0.964540 0.968611 0.950700 0.797620 0.680564 0.589501 0.439177 0.353264 0.137521 -0.127323 -0.332239 -0.457312 -0.593119 -0.767155 -0.822681 -0.921663 -0.962622 
21.105999 16413.343750 86 90 92 0.639126 0.554584 0.467464 0.977330 0.961514 0.878847 0.762517 0.672517 0.525952 0.360518 0.255248 -0.032054 -0.206179 -0.394186 -0.548541 -0.757872 -0.800908 -0.904128 -0.969795 0.980139 0.959472 0.878405 0.723374 0.632965 0.515222 0.351604 0.229316 -0.060388 -0.261965 -0.396757 -0.512597 -0.759458 -0.785782 -0.899744 -0.956513 
