44.881561 5429468.000000 20 48 56 0.000000 0.616968 0.786349 0.975881 0.938969 0.895229 0.770396 0.604634 0.535972 0.363684 0.209757 0.071099 -0.036049 -0.249248 -0.360203 -0.545227 -0.726026 -0.819664 -0.879445 0.986096 0.955835 0.872661 0.765724 0.516520 0.413615 0.279686 0.150434 0.027678 -0.134238 -0.335147 -0.502334 -0.686377 -0.810078 -0.904319 -0.977536 
57.094940 60070944.000000 56 58 60 0.782484 0.974518 0.906493 0.975594 0.945768 0.901409 0.743506 0.595628 0.549159 0.337820 0.175175 0.065297 -0.076186 -0.297592 -0.403987 -0.571355 -0.716399 -0.808197 -0.854510 0.974308 0.941529 0.900310 0.756649 0.598521 0.549247 0.382990 0.196842 0.072335 -0.043086 -0.276908 -0.377275 -0.572937 -0.707670 -0.811364 -0.870012 
57.553040 35306168.000000 58 60 60 0.973816 0.914780 0.956708 0.977286 0.952054 0.910041 0.767718 0.614954 0.569994 0.392526 0.175027 0.060499 -0.053233 -0.264922 -0.394251 -0.516717 -0.698658 -0.801168 -0.864155 0.976603 0.949522 0.905150 0.741802 0.605158 0.553091 0.356659 0.190032 0.070761 -0.056528 -0.274450 -0.394614 -0.539160 -0.725991 -0.808559 -0.858391 
57.829361 37246768.000000 60 60 60 0.951913 0.931072 0.979802 0.978052 0.953528 0.909414 0.756006 0.606839 0.563005 0.407453 0.204420 0.075458 -0.025037 -0.282201 -0.395349 -0.525555 -0.704818 -0.792703 -0.851604 0.977582 0.952288 0.908320 0.754695 0.600485 0.554792 0.390193 0.204677 0.076032 -0.036165 -0.286434 -0.395744 -0.534149 -0.722098 -0.779343 -0.856084 
57.865559 37754624.000000 60 60 60 0.971802 0.975750 0.977568 0.979098 0.956380 0.910062 0.759720 0.606886 0.554943 0.409261 0.205379 0.062016 -0.043300 -0.271114 -0.373746 -0.530489 -0.700366 -0.781528 -0.856001 0.978834 0.955065 0.910531 0.765517 0.605696 0.556382 0.406647 0.207334 0.079058 -0.039372 -0.287589 -0.377188 -0.544463 -0.708252 -0.784279 -0.861397 
58.049847 29492528.000000 60 60 60 0.977449 0.988410 0.991552 0.979779 0.958468 0.916226 0.786676 0.610062 0.554783 0.421750 0.215375 0.060455 -0.034294 -0.248092 -0.379951 -0.530148 -0.690687 -0.777640 -0.864978 0.979915 0.958083 0.914808 0.775879 0.612413 0.561001 0.429687 0.219375 0.069574 -0.038047 -0.253128 -0.361582 -0.532997 -0.697644 -0.784139 -0.878688 
58.017063 31784660.000000 60 60 60 0.987806 0.973326 0.937325 0.980393 0.958197 0.917642 0.784535 0.616281 0.559702 0.412517 0.199292 0.057516 -0.041472 -0.268502 -0.418023 -0.524391 -0.682305 -0.775848 -0.847126 0.980194 0.958523 0.917161 0.788166 0.612973 0.559694 0.419783 0.196951 0.061034 -0.043605 -0.260440 -0.387853 -0.530310 -0.699640 -0.788996 -0.857122 
57.960487 28949640.000000 60 58 58 0.949712 0.879752 0.986766 0.978471 0.958214 0.921777 0.814938 0.604277 0.565587 0.412573 0.190535 0.036335 -0.089336 -0.351071 -0.461991 -0.542516 -0.667077 -0.781822 -0.851177 0.978309 0.956723 0.918483 0.791549 0.619626 0.566476 0.412696 0.200410 0.049456 -0.043050 -0.288405 -0.439491 -0.519121 -0.667992 -0.764853 -0.856186 
56.228870 9527196.000000 58 58 66 0.982599 0.983293 0.679388 0.983294 0.970677 0.934872 0.810839 0.604304 0.564041 0.425097 0.118765 0.035930 -0.115130 -0.398823 -0.509666 -0.584668 -0.694261 -0.833004 -0.925124 0.980415 0.961850 0.927345 0.807810 0.607999 0.566831 0.410608 0.146504 0.033090 -0.112771 -0.377952 -0.479210 -0.556299 -0.679207 -0.791395 -0.854808 
51.295021 889414.000000 62 58 58 0.771240 0.902140 0.951909 0.991171 0.978345 0.957560 0.860705 0.661407 0.540845 0.469621 0.269267 0.054543 -0.055162 -0.226752 -0.468768 -0.606175 -0.747293 -0.836763 -0.944418 0.991172 0.979690 0.955792 0.836744 0.626023 0.549925 0.462349 0.215314 0.043600 -0.078450 -0.370479 -0.506164 -0.601646 -0.745703 -0.867306 -0.950354 
48.305832 449514.312500 58 58 58 0.959946 0.963438 0.847228 0.992647 0.975798 0.942679 0.855255 0.665093 0.564061 0.448316 0.241084 0.042957 -0.012730 -0.189839 -0.422019 -0.560028 -0.673238 -0.846945 -0.967376 0.991374 0.976439 0.951159 0.874321 0.683089 0.555567 0.463696 0.254076 0.060397 -0.033938 -0.235585 -0.447821 -0.577889 -0.717206 -0.854918 -0.962848 
45.385338 5613819.000000 60 60 62 0.885609 0.766004 0.424850 0.991984 0.976071 0.929275 0.771783 0.604916 0.522351 0.202156 -0.029510 -0.319156 -0.439190 -0.509029 -0.605498 -0.769420 -0.858935 -0.932718 -0.965274 0.993737 0.980777 0.936622 0.807569 0.660413 0.593533 0.459667 0.249958 0.043522 -0.011806 -0.165919 -0.431997 -0.552926 -0.674920 -0.864511 -0.963968 
52.175365 39049804.000000 64 58 56 0.476628 0.747997 0.945488 0.987606 0.974633 0.936053 0.652368 0.550769 0.478186 0.141681 0.038813 -0.251106 -0.465772 -0.516128 -0.612717 -0.709729 -0.857574 -0.934689 -0.970504 0.988907 0.973863 0.926636 0.662065 0.580811 0.428195 0.098547 -0.099707 -0.401151 -0.468489 -0.554116 -0.644686 -0.801332 -0.876013 -0.932205 -0.960483 
57.258652 30347668.000000 56 54 54 0.941461 0.985414 0.986290 0.985775 0.972876 0.957972 0.766026 0.512453 0.484733 0.231469 0.082143 0.009704 -0.203013 -0.408571 -0.490434 -0.647137 -0.694885 -0.800980 -0.952272 0.985387 0.973613 0.944538 0.690465 0.531152 0.491767 0.206916 0.062881 -0.034423 -0.373098 -0.470329 -0.565991 -0.657058 -0.724869 -0.922440 -0.961917 
60.478977 21705684.000000 54 54 54 0.980384 0.982184 0.916902 0.984229 0.972640 0.959254 0.769091 0.564434 0.513929 0.337304 0.217107 0.051201 -0.208218 -0.289936 -0.425489 -0.642160 -0.688753 -0.828733 -0.949979 0.984864 0.972216 0.959218 0.773397 0.520711 0.491058 0.278453 0.134479 0.004369 -0.202733 -0.316899 -0.430800 -0.598601 -0.669301 -0.769285 -0.942976 
53.228729 1465093.125000 54 54 56 0.972140 0.752054 0.920528 0.992394 0.981828 0.951878 0.845254 0.637927 0.547014 0.347738 0.215377 0.027575 -0.189612 -0.354586 -0.538851 -0.670547 -0.799102 -0.897930 -0.952817 0.986988 0.974417 0.959241 0.768084 0.610753 0.566724 0.323004 0.239280 0.032773 -0.178660 -0.292520 -0.496500 -0.663032 -0.721497 -0.894178 -0.957263 
52.416710 1947324.750000 54 56 54 0.903792 0.809566 0.947307 0.992880 0.984267 0.958275 0.880100 0.630886 0.534078 0.317855 0.136903 -0.016912 -0.197542 -0.361367 -0.555027 -0.649296 -0.744125 -0.894783 -0.932420 0.993328 0.981269 0.957427 0.877124 0.632921 0.529128 0.355458 0.147673 0.004925 -0.199913 -0.380767 -0.553943 -0.653695 -0.791128 -0.903509 -0.938727 
55.061245 1522834.625000 56 54 56 0.884406 0.967524 0.943699 0.993048 0.986042 0.949556 0.893760 0.680063 0.547426 0.419804 0.216437 -0.018216 -0.180009 -0.273941 -0.493914 -0.651748 -0.697967 -0.868365 -0.951033 0.992710 0.985241 0.952693 0.889244 0.632349 0.534854 0.395104 0.186645 0.005910 -0.186090 -0.285027 -0.513663 -0.649967 -0.711778 -0.880337 -0.940111 
53.779755 426103.500000 54 56 56 0.969973 0.945755 0.796188 0.993294 0.988312 0.959713 0.869192 0.713546 0.561418 0.429910 0.216444 -0.006012 -0.174088 -0.333069 -0.510546 -0.598019 -0.723909 -0.879043 -0.958022 0.993232 0.987058 0.953869 0.894142 0.713591 0.566594 0.429882 0.229701 -0.056118 -0.179252 -0.308294 -0.508555 -0.620478 -0.705784 -0.869434 -0.954747 
41.889782 69649.171875 58 60 54 0.836506 0.552899 0.429445 0.991432 0.977240 0.952352 0.826230 0.599265 0.527137 0.430682 0.201804 0.053363 -0.112457 -0.330360 -0.541938 -0.660059 -0.797846 -0.901921 -0.965768 0.993470 0.987597 0.956472 0.844314 0.634589 0.567354 0.438023 0.234081 0.081002 -0.118611 -0.346343 -0.516001 -0.613354 -0.756780 -0.888905 -0.962529 
35.752304 443308.781250 54 58 46 0.631250 0.877949 0.295276 0.992828 0.974726 0.892196 0.786251 0.590165 0.520180 0.340753 0.118357 -0.092069 -0.202031 -0.372190 -0.505569 -0.617484 -0.821596 -0.934522 -0.952405 0.993621 0.982367 0.943190 0.860388 0.619307 0.533066 0.435894 0.196764 0.049777 -0.144900 -0.355306 -0.530690 -0.671093 -0.802354 -0.918027 -0.962502 
39.103081 1503157.375000 34 90 110 0.241607 0.345378 0.721450 0.989093 0.955286 0.859849 0.753992 0.581029 0.519573 0.309587 0.049931 -0.133410 -0.274622 -0.439641 -0.565813 -0.736062 -0.911958 -0.936004 -0.960997 0.980898 0.908826 0.865121 0.682007 0.576169 0.495906 0.291830 0.040659 -0.099046 -0.218920 -0.404628 -0.549781 -0.633067 -0.850376 -0.939885 -0.956019 
34.966103 1823942.375000 112 188 50 0.741217 0.481443 0.767388 0.991038 0.928262 0.797762 0.705331 0.561043 0.502075 0.244154 0.069077 -0.211900 -0.298059 -0.494146 -0.578094 -0.814232 -0.904023 -0.929147 -0.951600 0.987921 0.943022 0.823116 0.717740 0.577771 0.504252 0.267456 0.068469 -0.212661 -0.295202 -0.457356 -0.576534 -0.815500 -0.909361 -0.933048 -0.955809 
34.718189 1080882.625000 60 52 62 0.590643 0.573866 0.394593 0.980935 0.886170 0.786433 0.738536 0.627236 0.530183 0.341018 0.125430 -0.088406 -0.261674 -0.434333 -0.562981 -0.802838 -0.901017 -0.949382 -0.966713 0.988575 0.910990 0.789664 0.722621 0.577230 0.516361 0.276280 0.080393 -0.123398 -0.247990 -0.468315 -0.579941 -0.785495 -0.903198 -0.938833 -0.957790 
53.789795 1156417.000000 56 44 48 0.549543 0.702901 0.943396 0.989127 0.978483 0.938443 0.903446 0.760902 0.677782 0.519485 0.452101 0.059363 -0.102879 -0.293008 -0.518427 -0.648499 -0.864676 -0.936572 -0.969263 0.988815 0.978533 0.922613 0.818710 0.719083 0.580509 0.465832 0.287011 -0.030960 -0.228921 -0.409752 -0.516993 -0.732285 -0.891245 -0.950759 -0.971596 
61.594601 9896181.000000 48 48 50 0.966164 0.955766 0.960104 0.979157 0.966240 0.947536 0.817938 0.687385 0.627177 0.468086 0.368044 0.199946 -0.054256 -0.129350 -0.446224 -0.616555 -0.666465 -0.855407 -0.965757 0.986167 0.968173 0.947801 0.867611 0.714600 0.654462 0.491805 0.436573 0.202588 -0.063451 -0.132461 -0.453145 -0.620947 -0.736056 -0.909768 -0.964648 
63.367481 38241724.000000 50 50 50 0.976001 0.980832 0.981012 0.974198 0.965942 0.940781 0.771458 0.610799 0.548909 0.331380 0.243490 0.098444 -0.148457 -0.233156 -0.409510 -0.592639 -0.652346 -0.725213 -0.927928 0.975304 0.966120 0.942683 0.800491 0.636016 0.590160 0.395319 0.293748 0.177878 -0.059527 -0.194209 -0.392187 -0.607110 -0.650331 -0.774052 -0.953840 
62.812592 55233888.000000 50 48 48 0.979614 0.977804 0.987596 0.981015 0.966738 0.949693 0.796860 0.561666 0.511241 0.284588 0.119938 0.007161 -0.209827 -0.318354 -0.482605 -0.589020 -0.689796 -0.725068 -0.817640 0.976072 0.966072 0.944245 0.784351 0.568091 0.519761 0.302172 0.165828 0.046912 -0.198008 -0.285266 -0.441828 -0.567654 -0.674997 -0.720683 -0.862133 
59.661957 21882832.000000 48 48 48 0.993425 0.973077 0.967715 0.990313 0.977803 0.948768 0.826576 0.550980 0.494610 0.340480 0.075624 -0.010748 -0.200287 -0.422283 -0.511337 -0.580529 -0.657117 -0.742734 -0.857177 0.986836 0.969825 0.950450 0.806252 0.561134 0.506725 0.313185 0.086008 -0.016401 -0.207008 -0.374443 -0.513447 -0.589880 -0.680758 -0.724180 -0.842230 
55.741138 16119770.000000 48 50 52 0.971576 0.944950 0.921763 0.991002 0.980465 0.954776 0.769659 0.587489 0.506971 0.266199 0.079619 -0.126133 -0.356677 -0.549892 -0.612821 -0.768084 -0.883848 -0.938379 -0.982327 0.991341 0.982737 0.946571 0.837746 0.552978 0.499937 0.336216 0.082359 -0.043468 -0.286343 -0.498568 -0.571403 -0.642537 -0.759420 -0.905041 -0.962517 
50.366776 9480993.000000 54 54 52 0.928380 0.836831 0.661378 0.991850 0.982966 0.941823 0.717735 0.569703 0.478702 0.209671 0.034794 -0.162005 -0.459844 -0.564498 -0.713139 -0.848121 -0.907752 -0.957357 -0.987769 0.990286 0.977019 0.959047 0.726084 0.585004 0.474697 0.217304 0.055922 -0.162509 -0.443594 -0.563037 -0.679753 -0.850020 -0.896749 -0.942559 -0.982290 
49.229084 14479464.000000 56 50 54 0.867330 0.588553 0.917962 0.989239 0.977167 0.926756 0.697185 0.552701 0.470435 0.170870 -0.034945 -0.218219 -0.517740 -0.576858 -0.757231 -0.875263 -0.918648 -0.949652 -0.981727 0.991344 0.976293 0.913426 0.719624 0.544331 0.478560 0.176263 0.009724 -0.191779 -0.510926 -0.571729 -0.776479 -0.867998 -0.915972 -0.953508 -0.988086 
52.902740 9922603.000000 50 50 50 0.896921 0.949011 0.988659 0.991881 0.983171 0.957862 0.813859 0.599373 0.520475 0.240159 0.061408 -0.147017 -0.332715 -0.561306 -0.608175 -0.791064 -0.888761 -0.941070 -0.973564 0.991125 0.980447 0.955523 0.771514 0.563290 0.469620 0.213257 -0.046518 -0.212087 -0.485661 -0.581908 -0.680740 -0.838096 -0.904993 -0.947317 -0.976629 
57.442596 13978646.000000 50 50 50 0.985804 0.993743 0.960252 0.991291 0.979290 0.955219 0.846435 0.608109 0.568461 0.378099 0.140608 0.000159 -0.226586 -0.544753 -0.592454 -0.751283 -0.855996 -0.918190 -0.961051 0.991610 0.982066 0.954985 0.843423 0.609810 0.558819 0.322529 0.131639 -0.037353 -0.255735 -0.535293 -0.585141 -0.745130 -0.886996 -0.934110 -0.974333 
56.749477 6525181.500000 50 52 52 0.959450 0.987393 0.956778 0.992332 0.982287 0.953610 0.888163 0.618328 0.580077 0.388935 0.153514 -0.137147 -0.430830 -0.535026 -0.593585 -0.690847 -0.823060 -0.911915 -0.975162 0.991259 0.978270 0.955145 0.840643 0.607610 0.575729 0.361394 0.124068 -0.077442 -0.411551 -0.558368 -0.614565 -0.716047 -0.839293 -0.911524 -0.968906 
57.013088 1163031.250000 52 52 52 0.951947 0.965451 0.952037 0.992926 0.988465 0.951111 0.926645 0.708595 0.571156 0.495575 0.124238 0.032225 -0.198513 -0.484478 -0.588733 -0.747589 -0.861881 -0.932188 -0.985941 0.992858 0.987541 0.949445 0.919076 0.679301 0.567718 0.428133 0.150757 0.018621 -0.310348 -0.493983 -0.550048 -0.698377 -0.846881 -0.933542 -0.977962 
56.306686 584733.437500 52 52 52 0.956688 0.945431 0.942873 0.992997 0.988610 0.958206 0.930503 0.751082 0.599207 0.496159 0.154173 0.008806 -0.270386 -0.490254 -0.598603 -0.745589 -0.872598 -0.930979 -0.991300 0.993019 0.988504 0.952398 0.929945 0.740336 0.588284 0.510306 0.158481 0.017366 -0.232264 -0.479093 -0.613568 -0.751363 -0.867871 -0.931504 -0.991765 
54.678406 323981.468750 52 52 54 0.959756 0.913238 0.973162 0.992517 0.987194 0.955309 0.935100 0.831478 0.573770 0.478443 0.180804 0.032414 -0.229974 -0.454158 -0.580525 -0.731833 -0.902171 -0.941660 -0.993275 0.992640 0.988664 0.957830 0.929785 0.760658 0.594084 0.496367 0.166362 0.017795 -0.271320 -0.480355 -0.582658 -0.746152 -0.896425 -0.945228 -0.992135 
53.541916 139106.718750 54 54 56 0.975272 0.970952 0.975570 0.992921 0.985790 0.962982 0.942270 0.856909 0.607918 0.431364 0.212337 -0.003567 -0.173395 -0.386594 -0.559770 -0.694679 -0.871301 -0.942328 -0.994295 0.992848 0.986393 0.958676 0.937900 0.862670 0.593933 0.461140 0.213242 0.017370 -0.211521 -0.406929 -0.571064 -0.706070 -0.885645 -0.944704 -0.994082 
51.611462 82878.500000 56 56 54 0.976135 0.972572 0.760344 0.993237 0.985288 0.968751 0.956812 0.800019 0.592943 0.433125 0.166767 -0.022621 -0.212329 -0.365031 -0.574346 -0.710642 -0.852770 -0.923499 -0.988430 0.993022 0.984868 0.966972 0.950044 0.808817 0.599017 0.424365 0.192089 -0.017660 -0.173228 -0.347369 -0.563183 -0.699248 -0.860002 -0.933389 -0.992310 
49.951553 62634.843750 56 56 56 0.912219 0.918528 0.934336 0.993217 0.985078 0.968602 0.956788 0.805941 0.572717 0.457798 0.195841 -0.021225 -0.205085 -0.327882 -0.582714 -0.702337 -0.851328 -0.928875 -0.993220 0.992850 0.981275 0.968163 0.954041 0.799022 0.575024 0.440222 0.177280 -0.044421 -0.208019 -0.368270 -0.559961 -0.695093 -0.846086 -0.921645 -0.987770 
53.490242 2363300.250000 56 60 52 0.968746 0.951362 0.717855 0.991999 0.978514 0.962487 0.898571 0.590823 0.536890 0.256317 0.156624 0.016439 -0.211634 -0.354637 -0.421435 -0.617392 -0.716682 -0.832827 -0.963597 0.993843 0.986528 0.970841 0.959251 0.695075 0.626137 0.496227 0.209818 0.037656 -0.224669 -0.305434 -0.566502 -0.706223 -0.840968 -0.921628 -0.987871 
57.641605 13578775.000000 52 56 54 0.794632 0.942872 0.993446 0.985902 0.971285 0.949594 0.856180 0.564114 0.506165 0.349093 0.110103 0.014537 -0.256116 -0.373511 -0.466341 -0.597516 -0.711855 -0.754875 -0.880103 0.986343 0.972430 0.956596 0.839798 0.584118 0.532548 0.317597 0.154571 0.050031 -0.254944 -0.364549 -0.446083 -0.604188 -0.715443 -0.751174 -0.926041 
56.639957 9693254.000000 54 54 54 0.994871 0.992067 0.986092 0.987484 0.971799 0.952122 0.871071 0.596641 0.526928 0.308950 0.068799 -0.018962 -0.215167 -0.422918 -0.506256 -0.584866 -0.683393 -0.739108 -0.866292 0.986793 0.970921 0.949080 0.863932 0.557232 0.497932 0.319915 0.086041 -0.012378 -0.235562 -0.398944 -0.486739 -0.585581 -0.698133 -0.760105 -0.854090 
54.250797 1688357.125000 54 54 54 0.987556 0.940202 0.956808 0.992153 0.980997 0.947679 0.914461 0.575776 0.498630 0.424965 0.119863 -0.012522 -0.247983 -0.397983 -0.538876 -0.609396 -0.656610 -0.726859 -0.942017 0.988363 0.973269 0.951176 0.898874 0.558270 0.507007 0.384555 0.055403 -0.010564 -0.244988 -0.404925 -0.516293 -0.599342 -0.677836 -0.726665 -0.929000 
50.937584 214488.265625 54 54 54 0.909384 0.970700 0.924733 0.993335 0.989470 0.954568 0.924367 0.669478 0.514269 0.441943 0.181443 0.025847 -0.187678 -0.402918 -0.545384 -0.663000 -0.733954 -0.842949 -0.971705 0.993413 0.987882 0.946147 0.924329 0.642752 0.524738 0.427518 0.144327 0.021637 -0.241306 -0.433242 -0.541120 -0.614877 -0.679419 -0.808872 -0.967758 
44.166103 63192.679688 54 54 54 0.935234 0.931456 0.580573 0.992712 0.984833 0.951058 0.883559 0.550785 0.500261 0.418639 0.143806 0.018436 -0.236382 -0.417423 -0.513141 -0.650373 -0.707043 -0.860533 -0.977318 0.993268 0.987656 0.962177 0.924044 0.622218 0.513845 0.426271 0.142464 0.019806 -0.218577 -0.400264 -0.504477 -0.665878 -0.716496 -0.865905 -0.970759 
38.269470 3255098.250000 54 54 62 0.608719 0.525942 0.456136 0.979873 0.957783 0.880088 0.629547 0.468907 0.264415 0.098116 -0.083018 -0.188247 -0.281588 -0.419825 -0.537352 -0.657268 -0.804901 -0.926908 -0.969515 0.990219 0.976156 0.946342 0.864933 0.533460 0.498558 0.389307 0.183639 -0.012713 -0.243373 -0.407183 -0.506940 -0.651427 -0.749906 -0.900798 -0.969084 
48.488106 13702650.000000 64 62 46 0.481791 0.660546 0.486572 0.981174 0.947987 0.711005 0.565643 0.434975 0.169250 0.084000 -0.125657 -0.202703 -0.341350 -0.487228 -0.590040 -0.707552 -0.842340 -0.911140 -0.951400 0.972454 0.949437 0.814554 0.575712 0.432391 0.173362 0.010961 -0.126002 -0.223389 -0.328353 -0.496694 -0.578398 -0.697495 -0.850903 -0.918940 -0.961099 
39.681568 2498424.750000 50 54 54 0.388687 0.665079 0.679057 0.989996 0.965022 0.679063 0.608626 0.528470 0.289746 0.159259 0.019535 -0.176833 -0.297723 -0.462288 -0.597841 -0.734635 -0.844757 -0.912998 -0.949557 0.986319 0.952481 0.647858 0.579324 0.467168 0.227336 0.144431 -0.031639 -0.174188 -0.306836 -0.480182 -0.586452 -0.721050 -0.852935 -0.923084 -0.952626 
30.143278 380939.843750 52 190 54 0.685427 0.456835 0.670927 0.992327 0.977723 0.736378 0.651006 0.533009 0.314158 0.169949 0.002287 -0.156118 -0.302751 -0.430687 -0.550117 -0.722891 -0.824869 -0.904691 -0.938855 0.989370 0.967553 0.709669 0.643048 0.546736 0.329747 0.148581 0.023928 -0.155428 -0.289053 -0.430829 -0.575923 -0.718355 -0.833831 -0.906847 -0.943195 
26.997149 207926.359375 52 44 186 0.850853 0.349120 0.479083 0.989791 0.973205 0.856425 0.662389 0.541677 0.264887 0.161922 -0.008725 -0.169476 -0.293864 -0.461847 -0.563020 -0.697896 -0.821273 -0.903629 -0.936470 0.991656 0.977308 0.796235 0.634753 0.503066 0.313501 0.182741 -0.015588 -0.157205 -0.292612 -0.455499 -0.563810 -0.719475 -0.822251 -0.907787 -0.939086 
28.333197 457979.500000 148 110 92 0.689518 0.503477 0.572514 0.989875 0.959145 0.837259 0.668817 0.511135 0.316607 0.172600 -0.037903 -0.192963 -0.293117 -0.454074 -0.571563 -0.702548 -0.828954 -0.911903 -0.952510 0.988341 0.965437 0.870785 0.661805 0.536118 0.294678 0.153118 -0.046532 -0.186712 -0.300884 -0.464396 -0.558528 -0.682638 -0.821061 -0.903654 -0.940444 
33.600739 1587696.500000 92 90 56 0.595363 0.531078 0.479285 0.982290 0.902628 0.730707 0.696064 0.585270 0.314885 0.191422 0.020589 -0.163805 -0.300242 -0.415526 -0.498917 -0.768325 -0.862668 -0.919277 -0.953958 0.989399 0.939452 0.765130 0.703875 0.524869 0.289871 0.182373 -0.021977 -0.180502 -0.297607 -0.413050 -0.539366 -0.752563 -0.846962 -0.923327 -0.948853 
33.377869 459122.187500 78 74 44 0.554964 0.419686 0.817932 0.984973 0.964764 0.882800 0.744763 0.677689 0.575163 0.312860 0.189368 -0.094346 -0.241259 -0.429761 -0.511072 -0.730382 -0.828037 -0.900201 -0.948168 0.972800 0.912161 0.731602 0.691042 0.617002 0.365471 0.238592 0.064311 -0.153968 -0.291320 -0.430719 -0.505242 -0.784717 -0.855179 -0.911499 -0.948623 
53.776588 610115.437500 44 52 54 0.654172 0.631077 0.977967 0.984081 0.971951 0.953350 0.880118 0.733720 0.672996 0.608808 0.519393 0.014654 -0.140185 -0.254481 -0.439855 -0.662332 -0.789081 -0.912410 -0.963408 0.986118 0.970849 0.940346 0.889271 0.750804 0.661055 0.598210 0.433809 0.071539 -0.146097 -0.324254 -0.474979 -0.661763 -0.796627 -0.915854 -0.957779 
56.710732 1631250.125000 54 54 52 0.987973 0.969549 0.952209 0.986271 0.973156 0.960552 0.817607 0.682517 0.653715 0.556852 0.478578 -0.016770 -0.181342 -0.237902 -0.504247 -0.614987 -0.677143 -0.875342 -0.969375 0.984247 0.972277 0.957002 0.856225 0.703402 0.663070 0.592040 0.528844 0.020055 -0.153901 -0.216583 -0.476037 -0.650497 -0.723941 -0.889453 -0.966689 
53.952019 610076.937500 54 54 54 0.942161 0.955369 0.738407 0.991268 0.978951 0.963095 0.831627 0.649578 0.589350 0.500150 0.446681 -0.095102 -0.166492 -0.342318 -0.521939 -0.597805 -0.648196 -0.864686 -0.966988 0.989125 0.974916 0.962429 0.824955 0.668112 0.638042 0.514000 0.466821 -0.089144 -0.196185 -0.325910 -0.486153 -0.593871 -0.625062 -0.803753 -0.965681 
44.371643 57728.753906 56 56 60 0.773481 0.802305 0.872400 0.993176 0.984274 0.958110 0.887067 0.708809 0.629497 0.538915 0.406274 0.034341 -0.170956 -0.316091 -0.532757 -0.662576 -0.810430 -0.914448 -0.972931 0.992090 0.980980 0.950274 0.890779 0.691055 0.612449 0.521121 0.448073 -0.011577 -0.156240 -0.306832 -0.540324 -0.620655 -0.744627 -0.902635 -0.967769 
40.661373 29726.650391 60 60 60 0.918055 0.833203 0.706144 0.993234 0.983442 0.960526 0.813215 0.671376 0.617107 0.508284 0.396617 0.003793 -0.170940 -0.373503 -0.531338 -0.667689 -0.814419 -0.924742 -0.975194 0.992902 0.981182 0.966290 0.884481 0.702329 0.609349 0.521114 0.379389 0.023518 -0.189389 -0.352449 -0.541056 -0.668122 -0.817098 -0.925913 -0.974086 
31.991358 16824.109375 60 54 52 0.788645 0.575333 0.593782 0.989937 0.968307 0.937164 0.780690 0.687309 0.640496 0.514020 0.318845 -0.016289 -0.154197 -0.364857 -0.543831 -0.702134 -0.824050 -0.915572 -0.964984 0.992735 0.982978 0.949380 0.803777 0.677550 0.612274 0.497082 0.353195 -0.024833 -0.162445 -0.362428 -0.532824 -0.683746 -0.816323 -0.917370 -0.979767 
24.634207 9042.661133 52 108 92 0.505089 0.692284 0.481057 0.992694 0.978227 0.909951 0.767979 0.680429 0.565132 0.438667 0.259631 -0.002583 -0.205484 -0.353823 -0.552951 -0.740246 -0.841673 -0.896985 -0.985102 0.992144 0.978376 0.916789 0.771541 0.694226 0.607875 0.472438 0.307169 -0.034067 -0.182816 -0.373193 -0.553068 -0.732948 -0.837122 -0.918356 -0.962657 
22.345343 52766.816406 46 56 110 0.522862 0.600966 0.341676 0.990909 0.970313 0.911667 0.745774 0.614058 0.389627 0.151424 -0.007704 -0.165114 -0.317939 -0.459842 -0.581330 -0.713495 -0.808766 -0.898018 -0.954058 0.993413 0.979942 0.928559 0.797519 0.645194 0.554155 0.439559 0.258795 -0.038236 -0.191144 -0.382587 -0.554566 -0.719928 -0.835293 -0.909249 -0.979270 
47.803822 9449643.000000 28 24 64 0.410411 0.520506 0.615462 0.985915 0.972586 0.886627 0.655107 0.416339 0.155452 0.051284 -0.152655 -0.400991 -0.483597 -0.564666 -0.650801 -0.757551 -0.853990 -0.918181 -0.945087 0.974499 0.946605 0.794472 0.682798 0.335181 0.178436 0.023246 -0.106833 -0.331066 -0.464419 -0.560894 -0.649714 -0.738965 -0.841830 -0.914352 -0.948621 
57.275578 35765728.000000 64 68 74 0.514107 0.870313 0.951771 0.985422 0.976380 0.956225 0.754313 0.516739 0.463916 0.198327 0.092950 -0.019730 -0.267208 -0.413106 -0.511051 -0.632148 -0.736392 -0.768325 -0.888451 0.985884 0.978122 0.958330 0.718317 0.505506 0.416668 0.132443 0.068604 -0.154433 -0.353344 -0.471998 -0.559853 -0.680450 -0.773147 -0.865885 -0.930947 
61.238174 47342588.000000 74 76 76 0.963014 0.962271 0.880645 0.979639 0.968116 0.955070 0.808406 0.514523 0.467825 0.217400 0.121889 -0.001771 -0.222083 -0.418676 -0.487416 -0.616153 -0.733650 -0.800580 -0.833930 0.983782 0.970926 0.957859 0.783042 0.524264 0.472441 0.200140 0.109657 -0.003137 -0.255218 -0.405974 -0.499974 -0.620365 -0.739834 -0.780180 -0.864552 
59.176880 62760464.000000 76 78 78 0.913167 0.979271 0.734215 0.977487 0.955819 0.936189 0.768636 0.533669 0.493660 0.261372 0.148624 0.031576 -0.210181 -0.383850 -0.462886 -0.632547 -0.730905 -0.794323 -0.855839 0.977978 0.963574 0.942522 0.806105 0.522871 0.484927 0.233835 0.136429 0.010659 -0.207877 -0.404922 -0.465889 -0.659079 -0.739406 -0.797083 -0.850734 
59.199505 70597528.000000 78 76 76 0.740269 0.949640 0.964554 0.972784 0.948121 0.932823 0.783560 0.569710 0.533813 0.299652 0.153501 0.027618 -0.228864 -0.374133 -0.466599 -0.648347 -0.747088 -0.807685 -0.887533 0.972208 0.950514 0.934579 0.759976 0.553155 0.509592 0.291264 0.156277 0.020925 -0.211198 -0.369554 -0.478925 -0.636683 -0.736444 -0.799395 -0.867205 
59.045490 57839848.000000 76 74 70 0.961067 0.899392 0.971821 0.976469 0.946501 0.928842 0.802175 0.575834 0.541476 0.335882 0.163883 0.015756 -0.191895 -0.375486 -0.461219 -0.649458 -0.727724 -0.802717 -0.847116 0.974241 0.946964 0.930226 0.803999 0.573518 0.536282 0.334219 0.168463 0.032119 -0.209734 -0.389328 -0.450291 -0.654246 -0.745885 -0.814133 -0.866893 
56.526268 16043539.000000 70 68 66 0.968358 0.967465 0.616440 0.978323 0.953318 0.928613 0.858667 0.573607 0.537486 0.351940 0.150596 -0.000100 -0.181251 -0.361769 -0.430018 -0.616666 -0.738515 -0.798268 -0.834036 0.977677 0.949563 0.928218 0.822010 0.577129 0.544951 0.306452 0.148852 0.009666 -0.190546 -0.379030 -0.459410 -0.643670 -0.737212 -0.809837 -0.841922 
53.857445 8047400.000000 66 60 58 0.553480 0.782920 0.899120 0.985629 0.958396 0.940837 0.866934 0.570938 0.520907 0.371767 0.102437 0.020470 -0.157354 -0.379370 -0.478666 -0.619141 -0.719568 -0.794469 -0.849061 0.979807 0.954587 0.934023 0.840291 0.564690 0.520657 0.384632 0.142390 0.007672 -0.153380 -0.368110 -0.445118 -0.607916 -0.720707 -0.826142 -0.857692 
45.555489 2127417.250000 58 56 58 0.922293 0.702966 0.518300 0.976545 0.946025 0.924704 0.737658 0.566326 0.500002 0.247469 0.075486 -0.172791 -0.340893 -0.408410 -0.534479 -0.576376 -0.692567 -0.842802 -0.903637 0.988345 0.957181 0.935134 0.836433 0.592150 0.537706 0.249709 0.084298 -0.038400 -0.267165 -0.418449 -0.518859 -0.592983 -0.709378 -0.814990 -0.881238 
37.277275 436251.781250 40 38 62 0.600323 0.538981 0.531886 0.984782 0.952524 0.934123 0.783226 0.565448 0.516135 0.362245 0.149055 0.019077 -0.222074 -0.400271 -0.501630 -0.641205 -0.763600 -0.840647 -0.936873 0.977960 0.947860 0.932989 0.769025 0.554160 0.495835 0.335615 0.112029 -0.063565 -0.297086 -0.414472 -0.541921 -0.596364 -0.748443 -0.827908 -0.921140 
44.353935 12364091.000000 64 94 20 0.623727 0.490754 0.514833 0.967960 0.943385 0.903235 0.581842 0.512605 0.325214 0.106813 -0.146454 -0.314402 -0.402062 -0.456442 -0.615847 -0.736555 -0.834798 -0.933005 -0.954653 0.974079 0.947297 0.922244 0.683009 0.543525 0.441451 0.233388 0.002850 -0.239010 -0.348535 -0.442596 -0.550855 -0.701069 -0.816339 -0.915202 -0.962026 
47.003689 5970384.000000 126 128 74 0.527371 0.332823 0.492421 0.974894 0.947776 0.870781 0.560561 0.485352 0.218303 0.037636 -0.185646 -0.363814 -0.420662 -0.511532 -0.648691 -0.737928 -0.830213 -0.919365 -0.951931 0.963591 0.943957 0.871339 0.568363 0.468789 0.224080 0.039640 -0.173724 -0.354780 -0.421248 -0.492566 -0.658171 -0.719529 -0.829197 -0.923303 -0.957985 
40.019932 1436688.250000 74 100 76 0.506765 0.533727 0.571497 0.967693 0.934888 0.859009 0.557876 0.503449 0.319309 0.091552 -0.038497 -0.225572 -0.375424 -0.448885 -0.547392 -0.708619 -0.833079 -0.911511 -0.955532 0.973243 0.937199 0.861908 0.543765 0.495051 0.226284 0.049090 -0.122348 -0.310515 -0.405481 -0.472422 -0.626651 -0.726317 -0.835880 -0.906911 -0.944418 
30.630167 307746.125000 76 146 92 0.514087 0.516998 0.577183 0.973419 0.946496 0.913836 0.623068 0.520007 0.402067 0.123394 -0.034779 -0.187845 -0.301251 -0.417244 -0.532837 -0.714055 -0.772274 -0.881567 -0.959291 0.975199 0.947239 0.860568 0.580049 0.517714 0.389727 0.146958 -0.011220 -0.229240 -0.352255 -0.434972 -0.524623 -0.701198 -0.800995 -0.918525 -0.962380 
29.863718 267813.875000 112 132 106 0.557623 0.487155 0.487749 0.979426 0.942360 0.921295 0.673271 0.534266 0.416478 0.102089 0.027589 -0.203871 -0.316002 -0.398494 -0.473945 -0.664062 -0.769848 -0.863140 -0.942080 0.979915 0.944020 0.920369 0.672126 0.528545 0.419799 0.103274 -0.009962 -0.181188 -0.280851 -0.398723 -0.495330 -0.682248 -0.765413 -0.859390 -0.954732 
29.360443 176228.671875 106 100 56 0.448092 0.559159 0.473356 0.987539 0.946384 0.886019 0.680771 0.537968 0.447351 0.107370 -0.002171 -0.169498 -0.279898 -0.375329 -0.442904 -0.603069 -0.751898 -0.850142 -0.932702 0.987522 0.947068 0.904776 0.696060 0.537261 0.393520 0.105971 0.003062 -0.171324 -0.281201 -0.393111 -0.468082 -0.645199 -0.746638 -0.869913 -0.939647 
27.783234 129592.976562 146 148 54 0.415170 0.560003 0.595837 0.986983 0.953125 0.910914 0.694819 0.560778 0.419711 0.131362 0.044534 -0.098576 -0.226682 -0.337798 -0.442000 -0.560224 -0.762625 -0.877572 -0.953052 0.983037 0.956699 0.905086 0.672771 0.559178 0.454073 0.126637 0.011307 -0.154667 -0.263154 -0.359097 -0.442780 -0.582423 -0.740931 -0.848484 -0.945229 
43.397160 554912.625000 50 50 52 0.742962 0.548349 0.889304 0.992155 0.984389 0.912293 0.879622 0.633305 0.589530 0.307768 0.150985 0.043846 -0.081741 -0.343566 -0.417335 -0.607037 -0.759627 -0.847453 -0.965212 0.992062 0.976469 0.891572 0.797163 0.585339 0.485573 0.163634 0.081599 -0.019832 -0.167617 -0.334783 -0.434438 -0.594559 -0.773043 -0.887491 -0.959251 
52.632393 11029954.000000 52 54 54 0.937243 0.964508 0.960056 0.984773 0.951371 0.925957 0.839943 0.627710 0.587232 0.384818 0.168105 0.047880 -0.153609 -0.340307 -0.419323 -0.573837 -0.734182 -0.808166 -0.844928 0.989897 0.962148 0.914880 0.863102 0.630382 0.589845 0.400059 0.181594 0.057309 -0.126841 -0.337291 -0.416399 -0.574559 -0.752347 -0.793847 -0.877909 
55.380394 9116928.000000 54 54 54 0.969405 0.974583 0.965833 0.985479 0.953347 0.935891 0.851791 0.649161 0.607238 0.409264 0.168216 0.065726 -0.169333 -0.343207 -0.444995 -0.576247 -0.705080 -0.777658 -0.865824 0.984884 0.950973 0.933243 0.828202 0.644214 0.597297 0.428405 0.191217 0.070851 -0.152986 -0.348319 -0.438138 -0.556601 -0.724403 -0.805811 -0.874977 
53.289330 3947894.250000 54 54 58 0.981765 0.938941 0.861966 0.989445 0.971564 0.943725 0.888358 0.655932 0.600034 0.276405 0.100134 0.034706 -0.260491 -0.405389 -0.551084 -0.667534 -0.812486 -0.922001 -0.964933 0.987453 0.960563 0.938637 0.874576 0.643049 0.604218 0.408868 0.137845 0.074113 -0.133707 -0.339439 -0.453068 -0.542653 -0.687853 -0.758658 -0.904528 
47.438274 6837052.000000 58 56 54 0.936285 0.704657 0.627502 0.990799 0.968077 0.923715 0.748254 0.628775 0.506221 0.106609 -0.116257 -0.385748 -0.472805 -0.631846 -0.761409 -0.861186 -0.907526 -0.948886 -0.971325 0.990333 0.975307 0.941396 0.790616 0.648282 0.551146 0.147577 0.022195 -0.296227 -0.422373 -0.579940 -0.692780 -0.831460 -0.899627 -0.937800 -0.971712 
48.988846 4489854.000000 56 56 56 0.674618 0.721190 0.797561 0.987568 0.958215 0.914165 0.705235 0.608606 0.404271 0.083058 -0.136944 -0.390787 -0.473687 -0.692468 -0.798340 -0.877783 -0.932322 -0.967530 -0.989037 0.985175 0.958203 0.902895 0.717031 0.622560 0.404878 0.086645 -0.145130 -0.409489 -0.479824 -0.666909 -0.799888 -0.883474 -0.925370 -0.961690 -0.985911 
49.522507 3822082.500000 54 56 56 0.785021 0.583244 0.631505 0.982556 0.965679 0.894028 0.731119 0.618494 0.323719 0.021858 -0.193516 -0.381708 -0.498206 -0.644279 -0.766634 -0.884958 -0.929419 -0.952218 -0.979640 0.989332 0.962227 0.893486 0.696533 0.601659 0.297862 0.040649 -0.209811 -0.393801 -0.510931 -0.687605 -0.794094 -0.894833 -0.931916 -0.960306 -0.990333 
37.843010 449039.312500 94 144 36 0.362834 0.454962 0.575019 0.979608 0.958316 0.925816 0.870122 0.712996 0.516603 0.197352 -0.015448 -0.258596 -0.418828 -0.575415 -0.725518 -0.833491 -0.914685 -0.964978 -0.989974 0.980692 0.971184 0.928593 0.808335 0.655523 0.502542 0.116793 -0.078550 -0.338695 -0.462675 -0.592718 -0.728019 -0.856582 -0.917661 -0.948333 -0.979468 
41.367577 249900.171875 96 70 98 0.420025 0.684975 0.569727 0.966716 0.939401 0.928744 0.871498 0.768449 0.565124 0.197927 -0.007440 -0.222809 -0.387281 -0.555424 -0.740023 -0.831827 -0.921824 -0.963951 -0.988397 0.963623 0.940961 0.930925 0.884952 0.798975 0.582970 0.190288 0.002547 -0.199820 -0.366026 -0.477900 -0.694383 -0.799691 -0.925412 -0.960395 -0.984776 
26.091774 55451.074219 98 88 92 0.549739 0.325892 0.529650 0.989757 0.952068 0.914845 0.817931 0.641477 0.531025 0.258218 0.036936 -0.157640 -0.410392 -0.625621 -0.770102 -0.870812 -0.924165 -0.965702 -0.984423 0.986453 0.950378 0.926770 0.830392 0.640288 0.541428 0.266956 0.053921 -0.188962 -0.479360 -0.600843 -0.764188 -0.843839 -0.907707 -0.961686 -0.986820 
45.753407 343589.437500 94 36 62 0.606282 0.495684 0.538809 0.959383 0.940896 0.912265 0.889638 0.854474 0.755670 0.306587 0.152539 -0.047438 -0.223305 -0.469128 -0.768328 -0.860623 -0.937983 -0.960133 -0.987123 0.957128 0.939137 0.909291 0.873451 0.839828 0.624811 0.305052 0.106585 -0.095548 -0.293394 -0.532080 -0.796731 -0.873677 -0.941365 -0.964464 -0.982687 
53.978264 7146119.000000 48 60 72 0.516052 0.689245 0.606776 0.963987 0.930955 0.905571 0.878279 0.843320 0.572526 0.199574 0.146833 -0.099458 -0.151921 -0.352833 -0.648034 -0.794476 -0.821437 -0.939592 -0.980810 0.961224 0.930881 0.910309 0.884127 0.832983 0.566539 0.216358 0.132351 -0.104087 -0.166553 -0.450437 -0.714290 -0.812922 -0.889950 -0.962179 -0.984967 
59.496834 11928732.000000 70 64 62 0.686823 0.767886 0.970151 0.975943 0.941472 0.916513 0.885103 0.845200 0.672216 0.138490 0.077479 -0.078316 -0.159375 -0.288795 -0.538544 -0.774801 -0.814694 -0.907921 -0.974288 0.969615 0.938866 0.909888 0.884587 0.849260 0.638794 0.192994 0.127823 -0.069607 -0.148953 -0.306112 -0.589736 -0.791401 -0.817723 -0.933781 -0.981427 
59.697716 10308738.000000 62 62 62 0.960552 0.993049 0.991583 0.980789 0.949063 0.918081 0.886103 0.848699 0.732877 0.174068 0.053082 -0.057580 -0.191744 -0.278624 -0.515334 -0.733573 -0.771375 -0.911515 -0.978134 0.979257 0.946543 0.916951 0.884531 0.850000 0.703107 0.139980 0.051538 -0.043813 -0.185321 -0.275273 -0.488240 -0.747638 -0.806538 -0.889916 -0.971537 
60.063606 6462095.000000 62 62 62 0.990044 0.983045 0.990876 0.982787 0.954629 0.923573 0.897823 0.856739 0.759472 0.210450 -0.003355 -0.102261 -0.181262 -0.271498 -0.426207 -0.716457 -0.778415 -0.877864 -0.975584 0.982324 0.952812 0.921617 0.892743 0.853280 0.765261 0.201186 0.044197 -0.088009 -0.175829 -0.259134 -0.503460 -0.718552 -0.775116 -0.884042 -0.968292 
59.775143 3909565.500000 62 62 62 0.980111 0.989842 0.993801 0.983963 0.960206 0.929835 0.906853 0.867462 0.756089 0.294047 -0.052632 -0.129995 -0.211023 -0.273071 -0.441778 -0.673499 -0.757373 -0.852680 -0.976017 0.983600 0.958459 0.927193 0.904727 0.864505 0.777358 0.263815 -0.037923 -0.122606 -0.220290 -0.286915 -0.424996 -0.706765 -0.776772 -0.868450 -0.979982 
58.372593 1881344.125000 62 62 62 0.993308 0.985067 0.944438 0.986633 0.966136 0.934395 0.912302 0.871895 0.773673 0.318920 -0.060702 -0.143465 -0.233659 -0.298781 -0.384866 -0.625989 -0.762186 -0.862517 -0.979267 0.985521 0.963190 0.931949 0.910248 0.872665 0.768514 0.229598 -0.082891 -0.143838 -0.227612 -0.287339 -0.437181 -0.645289 -0.782948 -0.831738 -0.970464 
56.956779 621846.375000 62 64 64 0.967440 0.957848 0.834573 0.988708 0.972608 0.948678 0.921618 0.883597 0.774577 0.401762 -0.034731 -0.145703 -0.214261 -0.342234 -0.416859 -0.634216 -0.781418 -0.867109 -0.973789 0.987523 0.969074 0.941382 0.917204 0.882750 0.788660 0.351449 -0.058004 -0.159906 -0.222693 -0.302869 -0.396696 -0.604346 -0.767725 -0.875026 -0.972193 
50.214737 265479.156250 64 64 64 0.824374 0.788924 0.806983 0.993969 0.985062 0.940829 0.882865 0.855723 0.743047 0.340344 -0.014483 -0.165687 -0.317449 -0.372471 -0.443971 -0.581324 -0.790819 -0.901928 -0.969914 0.992102 0.978134 0.950044 0.914626 0.861983 0.762986 0.345514 -0.044608 -0.118021 -0.254898 -0.369561 -0.446166 -0.611459 -0.777017 -0.877130 -0.974980 
49.847824 308879.250000 64 64 66 0.769492 0.654086 0.895470 0.993551 0.981300 0.941643 0.896336 0.859920 0.781710 0.329125 -0.012922 -0.202334 -0.278449 -0.373923 -0.426348 -0.577622 -0.698537 -0.876712 -0.969867 0.993076 0.983496 0.940613 0.893363 0.863824 0.758667 0.352061 0.011548 -0.214837 -0.296167 -0.374668 -0.437302 -0.598120 -0.774129 -0.909874 -0.970334 
50.932594 261387.562500 66 68 68 0.897482 0.924543 0.936979 0.994444 0.983953 0.949568 0.895849 0.857910 0.775040 0.373437 -0.004571 -0.253548 -0.303211 -0.387724 -0.432490 -0.617591 -0.679993 -0.885450 -0.969312 0.994176 0.981790 0.947689 0.903085 0.860156 0.794661 0.351986 -0.044748 -0.226029 -0.284740 -0.377122 -0.439091 -0.585801 -0.678615 -0.879904 -0.969837 
50.861626 788065.187500 68 72 72 0.926356 0.828359 0.612006 0.990367 0.976381 0.944721 0.898648 0.860551 0.676129 0.336651 -0.025344 -0.139986 -0.288698 -0.355949 -0.439015 -0.658757 -0.746794 -0.864373 -0.960559 0.994159 0.984264 0.942526 0.890746 0.853465 0.709653 0.357298 0.002309 -0.218767 -0.296407 -0.362522 -0.430386 -0.622190 -0.708008 -0.878048 -0.967337 
55.577335 1468815.125000 72 76 76 0.712529 0.965615 0.941422 0.988346 0.972683 0.933108 0.899549 0.872914 0.785663 0.211389 -0.061264 -0.107276 -0.203076 -0.323757 -0.528327 -0.649747 -0.716517 -0.790206 -0.954594 0.986762 0.973118 0.940640 0.904859 0.874098 0.793360 0.317521 -0.050989 -0.108002 -0.239109 -0.355561 -0.525099 -0.672524 -0.741590 -0.846201 -0.953410 
54.813477 1520727.250000 76 78 80 0.937161 0.947944 0.966500 0.986450 0.968518 0.934670 0.894679 0.874186 0.771772 0.075063 -0.054367 -0.105643 -0.184846 -0.285366 -0.581503 -0.658079 -0.739970 -0.781366 -0.895115 0.988148 0.971458 0.933752 0.894583 0.873705 0.776863 0.145793 -0.072460 -0.113939 -0.201168 -0.301310 -0.558912 -0.650377 -0.728299 -0.782985 -0.932665 
53.881477 978533.062500 80 80 82 0.967818 0.935563 0.955274 0.986182 0.971518 0.934544 0.895321 0.878950 0.747534 0.164747 -0.035166 -0.090924 -0.159668 -0.251057 -0.593229 -0.664332 -0.722995 -0.784404 -0.942226 0.986453 0.971023 0.930966 0.894561 0.877108 0.724295 0.131097 -0.043158 -0.094463 -0.158857 -0.234295 -0.601486 -0.663401 -0.750193 -0.789252 -0.931240 
52.828232 450005.343750 82 82 82 0.971698 0.930902 0.857782 0.989204 0.979344 0.945831 0.895155 0.865765 0.781880 0.203706 0.002785 -0.047127 -0.198914 -0.229880 -0.525060 -0.697985 -0.716062 -0.821826 -0.964331 0.987458 0.974156 0.935389 0.894351 0.873333 0.743415 0.186055 -0.025274 -0.073993 -0.195317 -0.239115 -0.520594 -0.678885 -0.716168 -0.780685 -0.954328 
50.147518 158758.421875 82 80 78 0.829862 0.919856 0.917443 0.991080 0.979527 0.958455 0.909476 0.841234 0.715678 0.341525 0.042537 -0.098188 -0.220225 -0.270678 -0.459681 -0.677566 -0.719629 -0.885617 -0.971988 0.990601 0.980653 0.961040 0.908671 0.837679 0.767066 0.264778 0.016215 -0.074196 -0.209557 -0.248233 -0.515291 -0.687665 -0.707296 -0.850330 -0.969855 
42.925663 384147.625000 78 80 80 0.899258 0.758803 0.499587 0.990255 0.969672 0.918738 0.884289 0.800843 0.536831 0.097951 -0.077148 -0.212267 -0.384762 -0.512317 -0.615853 -0.693926 -0.774571 -0.879697 -0.950270 0.991944 0.978842 0.955423 0.903838 0.845149 0.704481 0.309793 -0.015599 -0.104481 -0.227587 -0.311021 -0.513852 -0.635172 -0.695297 -0.879683 -0.960413 
43.354721 2738215.500000 68 148 148 0.481103 0.553972 0.590108 0.986938 0.935142 0.896295 0.760431 0.641497 0.560952 -0.005995 -0.314901 -0.421426 -0.544058 -0.688391 -0.752750 -0.804326 -0.868074 -0.924750 -0.984914 0.986060 0.944324 0.895543 0.852176 0.664945 0.525936 0.047730 -0.183321 -0.381835 -0.495596 -0.610084 -0.705734 -0.763525 -0.829960 -0.917659 -0.970605 
53.799187 4623241.000000 78 152 66 0.583496 0.651383 0.388009 0.983131 0.919608 0.875384 0.684385 0.590824 0.372227 0.065010 -0.328901 -0.450042 -0.532723 -0.738121 -0.834724 -0.883652 -0.910268 -0.956072 -0.968643 0.987207 0.927577 0.884542 0.682133 0.622318 0.467832 -0.001056 -0.344754 -0.446682 -0.551086 -0.738720 -0.791282 -0.860276 -0.898833 -0.947867 -0.979859 
54.694412 3411291.250000 66 60 54 0.479840 0.359616 0.707611 0.985084 0.934154 0.847363 0.673096 0.541733 0.314559 -0.041001 -0.393758 -0.467667 -0.560019 -0.717470 -0.809852 -0.849787 -0.880922 -0.936164 -0.960739 0.982922 0.922851 0.869703 0.694589 0.553913 0.333399 0.053351 -0.368810 -0.467885 -0.545157 -0.729881 -0.828288 -0.876810 -0.912847 -0.958432 -0.966044 
51.508480 1493225.375000 54 78 62 0.549350 0.659402 0.564234 0.987188 0.944504 0.875068 0.682281 0.515902 0.212800 -0.198946 -0.334945 -0.424328 -0.542193 -0.683067 -0.771085 -0.831993 -0.872984 -0.920627 -0.971355 0.982923 0.939513 0.834391 0.669317 0.519234 0.263745 -0.192413 -0.386237 -0.455090 -0.555195 -0.694826 -0.793594 -0.835700 -0.868632 -0.921739 -0.975037 
38.591171 518044.781250 80 66 84 0.495666 0.385765 0.600567 0.994054 0.963866 0.900969 0.758328 0.522009 0.300848 -0.124133 -0.293355 -0.427921 -0.526288 -0.601835 -0.638051 -0.748860 -0.852323 -0.935502 -0.974345 0.990293 0.955246 0.901310 0.757560 0.521220 0.286103 -0.154154 -0.289726 -0.405600 -0.530296 -0.614052 -0.687767 -0.800499 -0.877871 -0.924591 -0.974708 
54.786644 18294996.000000 90 130 88 0.685375 0.570059 0.435037 0.976919 0.932410 0.743186 0.594356 0.551500 0.156744 -0.055601 -0.273857 -0.400829 -0.543959 -0.621293 -0.679308 -0.735936 -0.814581 -0.931570 -0.973399 0.984713 0.934399 0.800263 0.603100 0.536223 0.187145 -0.083881 -0.278629 -0.411107 -0.525227 -0.606803 -0.650554 -0.744967 -0.816854 -0.913059 -0.972609 
48.483498 2727939.500000 88 106 96 0.512504 0.442490 0.310552 0.983571 0.945541 0.760629 0.603189 0.550013 0.165437 -0.069474 -0.273113 -0.365416 -0.439694 -0.617081 -0.699452 -0.753614 -0.835615 -0.910841 -0.975695 0.981394 0.940704 0.721273 0.595565 0.519595 0.142958 -0.063570 -0.261702 -0.375449 -0.492641 -0.636505 -0.691457 -0.745246 -0.846115 -0.920297 -0.980232 
51.131905 13357403.000000 102 68 74 0.256362 0.731283 0.903858 0.986216 0.979942 0.951222 0.691109 0.601748 0.538343 0.174827 0.080070 -0.189521 -0.356988 -0.439954 -0.589577 -0.674523 -0.775299 -0.930024 -0.958089 0.990602 0.980074 0.963288 0.708880 0.583379 0.469595 0.087825 -0.079715 -0.355794 -0.396729 -0.539216 -0.664034 -0.746325 -0.820008 -0.923894 -0.972848 
54.395958 14064668.000000 74 78 80 0.939131 0.990804 0.967364 0.987180 0.977344 0.957011 0.710732 0.602276 0.534987 0.171214 0.098054 -0.159905 -0.319835 -0.439714 -0.556135 -0.652232 -0.748913 -0.877717 -0.950491 0.986694 0.977899 0.956222 0.716847 0.597632 0.548449 0.182807 0.108558 -0.157681 -0.327434 -0.441213 -0.593669 -0.668093 -0.746321 -0.913821 -0.952877 
50.510742 3170696.000000 80 82 82 0.966030 0.964089 0.890835 0.990168 0.981756 0.961011 0.757551 0.621374 0.566145 0.143205 0.063859 -0.208634 -0.346166 -0.482568 -0.570384 -0.735023 -0.816164 -0.924377 -0.955867 0.988520 0.979234 0.959025 0.721782 0.621279 0.544316 0.147033 0.073432 -0.199636 -0.337512 -0.464274 -0.561127 -0.673968 -0.783606 -0.906699 -0.951603 
49.574959 666722.562500 80 78 78 0.936293 0.762512 0.974268 0.991650 0.984534 0.973468 0.911031 0.629194 0.556324 0.187145 0.102053 -0.277890 -0.406398 -0.536533 -0.644685 -0.751733 -0.851483 -0.903904 -0.962998 0.990477 0.983461 0.967121 0.844980 0.641260 0.578958 0.176687 0.063248 -0.232790 -0.401689 -0.526492 -0.657322 -0.756858 -0.838407 -0.902683 -0.963010 
48.884285 325006.406250 78 78 78 0.973457 0.976051 0.960418 0.993273 0.984848 0.971535 0.933999 0.628470 0.586499 0.226875 0.113381 -0.265793 -0.420261 -0.512824 -0.634459 -0.738408 -0.843776 -0.899187 -0.958823 0.992715 0.984526 0.972009 0.921446 0.633958 0.584878 0.205406 0.111717 -0.269480 -0.406445 -0.529379 -0.627069 -0.763417 -0.847158 -0.911024 -0.963062 
44.882553 105715.765625 78 78 82 0.953236 0.904374 0.761146 0.994038 0.985189 0.972605 0.900775 0.620106 0.577199 0.260473 0.074973 -0.297432 -0.432493 -0.552714 -0.660856 -0.718208 -0.846018 -0.947111 -0.964898 0.993641 0.985451 0.972575 0.924409 0.631963 0.584170 0.310450 0.110346 -0.272120 -0.440980 -0.506783 -0.638340 -0.704381 -0.840795 -0.919916 -0.958762 
32.670193 27701.531250 86 78 78 0.688830 0.857423 0.643139 0.994059 0.984005 0.962374 0.835509 0.626395 0.539006 0.277436 0.086581 -0.256390 -0.374685 -0.518045 -0.650316 -0.722953 -0.829471 -0.926999 -0.967371 0.993932 0.982937 0.968489 0.872477 0.627219 0.564802 0.255928 0.066759 -0.245510 -0.389666 -0.566175 -0.651137 -0.711892 -0.835337 -0.950563 -0.966074 
44.544827 13999081.000000 80 48 58 0.687609 0.370911 0.389720 0.968712 0.947512 0.854734 0.609056 0.516293 0.293543 0.025225 -0.142789 -0.330535 -0.427772 -0.530805 -0.661530 -0.750338 -0.816225 -0.899548 -0.965000 0.994680 0.984452 0.932529 0.789087 0.605347 0.470904 0.267015 0.035592 -0.182614 -0.342498 -0.484378 -0.617522 -0.720803 -0.826724 -0.914658 -0.963515 
50.375755 5366520.500000 58 44 44 0.265825 0.511239 0.237140 0.968376 0.931782 0.799161 0.614933 0.569511 0.285975 0.027785 -0.131518 -0.403795 -0.471686 -0.531468 -0.673546 -0.783338 -0.833448 -0.912540 -0.978595 0.964865 0.945761 0.845512 0.583580 0.526580 0.265840 -0.005349 -0.181697 -0.413726 -0.468224 -0.567658 -0.686511 -0.775680 -0.820631 -0.908499 -0.969080 
35.261463 1784746.500000 44 148 148 0.394909 0.597202 0.482031 0.958881 0.903988 0.802851 0.674303 0.637270 0.436956 0.127249 0.011211 -0.227802 -0.318031 -0.412610 -0.598064 -0.750319 -0.809649 -0.890502 -0.952268 0.974388 0.919530 0.828656 0.656694 0.622290 0.388003 0.087646 -0.028806 -0.270679 -0.411818 -0.487389 -0.643735 -0.771661 -0.822003 -0.909338 -0.958776 
36.210537 1775195.750000 88 80 62 0.421837 0.366793 0.426932 0.956775 0.903593 0.858428 0.704948 0.657806 0.535673 0.133769 0.046405 -0.167927 -0.278690 -0.394119 -0.572036 -0.747724 -0.815431 -0.865312 -0.934217 0.948341 0.899083 0.835963 0.691904 0.645353 0.466381 0.131091 0.035407 -0.204612 -0.299777 -0.390926 -0.572098 -0.727235 -0.806028 -0.879299 -0.946558 
47.603737 3631047.250000 74 64 64 0.435304 0.629954 0.880069 0.991170 0.968143 0.909038 0.874235 0.745443 0.617431 0.201671 0.092761 -0.064521 -0.184183 -0.281475 -0.488710 -0.695111 -0.786286 -0.832743 -0.917632 0.992049 0.956439 0.885113 0.786240 0.668855 0.613466 0.159377 0.060413 -0.136759 -0.228364 -0.378000 -0.542332 -0.722282 -0.802268 -0.851247 -0.922356 
54.458878 7802373.000000 64 68 70 0.904592 0.898334 0.932975 0.985847 0.946322 0.905318 0.867324 0.746126 0.667837 0.344426 0.163402 0.069337 -0.119346 -0.210073 -0.397990 -0.578028 -0.755022 -0.813657 -0.914125 0.989392 0.960724 0.905543 0.875980 0.752645 0.655679 0.319202 0.125014 0.004342 -0.140245 -0.233224 -0.451609 -0.649479 -0.784876 -0.831015 -0.932308 
56.114811 12081299.000000 72 72 74 0.881268 0.907097 0.977239 0.981806 0.945362 0.899661 0.856664 0.746344 0.635236 0.325970 0.158351 0.078982 -0.114207 -0.186511 -0.364533 -0.568380 -0.719535 -0.769760 -0.889113 0.982740 0.943481 0.903472 0.856474 0.745226 0.656057 0.336197 0.163100 0.090109 -0.101523 -0.200058 -0.377571 -0.545907 -0.708581 -0.786508 -0.909341 
57.155880 22853092.000000 74 76 76 0.991153 0.974679 0.983174 0.980020 0.941993 0.896300 0.845160 0.719602 0.627649 0.302011 0.170691 0.078256 -0.120293 -0.201134 -0.426367 -0.600224 -0.696584 -0.757157 -0.855820 0.981253 0.943553 0.897529 0.851486 0.740923 0.631801 0.295967 0.160095 0.068598 -0.123948 -0.196332 -0.397566 -0.588639 -0.704730 -0.757200 -0.864980 
57.766457 27487310.000000 76 76 78 0.983007 0.951582 0.958411 0.977818 0.940483 0.899685 0.835108 0.694357 0.634490 0.312241 0.200168 0.084125 -0.123224 -0.192103 -0.425533 -0.620235 -0.712382 -0.767657 -0.836855 0.978165 0.940697 0.896326 0.843047 0.701992 0.628714 0.305182 0.176075 0.074959 -0.119498 -0.200859 -0.438249 -0.604759 -0.702932 -0.767042 -0.840204 
57.475277 31819872.000000 78 78 78 0.968221 0.981188 0.936811 0.979912 0.945607 0.903341 0.784755 0.664620 0.621745 0.347624 0.245089 0.102221 -0.121407 -0.219072 -0.444422 -0.628442 -0.708502 -0.764366 -0.822887 0.978224 0.942339 0.903078 0.804176 0.680150 0.630740 0.319957 0.240156 0.066264 -0.123862 -0.193257 -0.438175 -0.642274 -0.719901 -0.767658 -0.828601 
56.754601 21664080.000000 78 78 80 0.937196 0.917323 0.955009 0.981592 0.951097 0.916425 0.779665 0.637005 0.602444 0.382132 0.282802 0.109314 -0.141725 -0.198489 -0.476096 -0.626705 -0.717845 -0.772252 -0.854387 0.981780 0.947803 0.907013 0.784955 0.648100 0.613031 0.396973 0.271928 0.096463 -0.134603 -0.212483 -0.450924 -0.643924 -0.707469 -0.773496 -0.817456 
55.285282 10530892.000000 80 78 80 0.936523 0.766956 0.838048 0.985803 0.955123 0.931886 0.782174 0.601691 0.570845 0.451568 0.344976 0.082420 -0.137316 -0.193600 -0.524309 -0.669242 -0.751596 -0.780740 -0.896135 0.982715 0.953708 0.926993 0.785863 0.614218 0.579603 0.441082 0.307140 0.106101 -0.139063 -0.194346 -0.432284 -0.631204 -0.739383 -0.772761 -0.841070 
56.297089 10222135.000000 80 80 82 0.812276 0.940690 0.970783 0.985554 0.966401 0.932633 0.752799 0.618138 0.578659 0.486553 0.388618 0.070108 -0.113678 -0.196515 -0.488959 -0.666445 -0.739427 -0.782729 -0.855319 0.985868 0.962600 0.931491 0.766499 0.611772 0.574515 0.479341 0.372770 0.041891 -0.127479 -0.190694 -0.516731 -0.685259 -0.754281 -0.782591 -0.882024 
56.060867 7601992.000000 82 82 82 0.969729 0.965739 0.842721 0.985273 0.969517 0.935093 0.732423 0.629866 0.587086 0.505127 0.410934 0.099499 -0.160629 -0.224053 -0.550602 -0.644793 -0.728307 -0.794342 -0.882292 0.985674 0.967464 0.935288 0.747690 0.620570 0.582130 0.495342 0.387764 0.083438 -0.139316 -0.197443 -0.532597 -0.657211 -0.716540 -0.767797 -0.925128 
55.373466 5006737.500000 84 84 84 0.819529 0.867757 0.931677 0.986962 0.972737 0.936808 0.741385 0.645871 0.615762 0.544088 0.453693 0.039678 -0.177419 -0.259137 -0.581955 -0.657355 -0.723062 -0.785575 -0.919078 0.985161 0.971375 0.934485 0.739156 0.638929 0.608007 0.516496 0.448792 0.020891 -0.179235 -0.240492 -0.576348 -0.662498 -0.745531 -0.797479 -0.879309 
55.366241 3316064.750000 84 86 86 0.942026 0.697885 0.878356 0.985313 0.974316 0.935448 0.751903 0.665536 0.615065 0.572753 0.472232 0.069155 -0.212913 -0.301782 -0.577269 -0.673049 -0.759131 -0.801569 -0.889402 0.986856 0.975801 0.933588 0.733248 0.655063 0.613483 0.562668 0.471532 0.060733 -0.166711 -0.261948 -0.600799 -0.667964 -0.738237 -0.800941 -0.906595 
54.404907 3215744.500000 86 86 86 0.904166 0.891167 0.797737 0.983601 0.973433 0.938762 0.787526 0.668890 0.633810 0.552130 0.368715 -0.115359 -0.221012 -0.302674 -0.571891 -0.650228 -0.708025 -0.773386 -0.916926 0.985008 0.973136 0.938772 0.744024 0.665766 0.625359 0.568867 0.404945 -0.038572 -0.230365 -0.300173 -0.575925 -0.659676 -0.717412 -0.787981 -0.877965 
54.603531 7817024.000000 86 86 88 0.849313 0.960219 0.954301 0.983440 0.970900 0.936270 0.805551 0.680144 0.593053 0.436193 0.126927 -0.133409 -0.232348 -0.312524 -0.539102 -0.640202 -0.693086 -0.734849 -0.810114 0.983687 0.972792 0.941262 0.781126 0.674763 0.606580 0.515454 0.252263 -0.140495 -0.213486 -0.296127 -0.514238 -0.653035 -0.706614 -0.748322 -0.842006 
54.873474 9680600.000000 88 90 90 0.961410 0.813925 0.837363 0.978204 0.967130 0.932294 0.844072 0.685981 0.585453 0.239657 0.035525 -0.072308 -0.254974 -0.352273 -0.464621 -0.665699 -0.731479 -0.776841 -0.819386 0.980125 0.966779 0.936062 0.816103 0.678004 0.568299 0.302847 0.103613 -0.101038 -0.247070 -0.347337 -0.478392 -0.656376 -0.710356 -0.764413 -0.792433 
53.681446 3206322.250000 90 90 92 0.839431 0.948926 0.964751 0.982353 0.972944 0.935108 0.875296 0.700650 0.588646 0.418171 -0.016381 -0.097101 -0.199780 -0.291842 -0.460654 -0.621596 -0.736345 -0.786934 -0.883506 0.979253 0.970849 0.930344 0.868175 0.706513 0.578851 0.335240 -0.010037 -0.092046 -0.239612 -0.351300 -0.459248 -0.668522 -0.734683 -0.781093 -0.837374 
52.874226 754724.937500 92 94 94 0.971559 0.966966 0.955112 0.986244 0.977882 0.948993 0.890253 0.733977 0.594719 0.536202 0.171947 -0.098248 -0.155900 -0.254852 -0.356469 -0.657325 -0.741992 -0.835024 -0.962503 0.984505 0.976092 0.941859 0.889424 0.697512 0.599493 0.494687 0.026609 -0.092936 -0.179386 -0.263818 -0.429407 -0.624255 -0.718689 -0.776503 -0.933741 
52.693935 691688.187500 94 92 92 0.961697 0.950853 0.955154 0.984481 0.976004 0.946977 0.895644 0.815829 0.597964 0.540043 0.038346 -0.103742 -0.198120 -0.288285 -0.360457 -0.671877 -0.738863 -0.827866 -0.956468 0.986323 0.977819 0.945311 0.898008 0.794678 0.584486 0.542845 0.141937 -0.106816 -0.181430 -0.270708 -0.357632 -0.674345 -0.762478 -0.860730 -0.962373 
54.751301 3496928.500000 92 92 94 0.975021 0.965989 0.938889 0.982616 0.970318 0.951073 0.859367 0.720502 0.645023 0.261984 0.065490 -0.031118 -0.218769 -0.284299 -0.429972 -0.650053 -0.727276 -0.781563 -0.879429 0.982640 0.972121 0.948016 0.881138 0.784834 0.656349 0.406848 0.025805 -0.049953 -0.207426 -0.267638 -0.401182 -0.653114 -0.744228 -0.779043 -0.931050 
54.760098 5979091.500000 94 94 96 0.961477 0.961941 0.926283 0.983052 0.972097 0.951509 0.766438 0.631075 0.599925 0.263053 0.136498 0.016211 -0.215108 -0.272902 -0.422088 -0.612457 -0.715522 -0.754673 -0.835234 0.983435 0.970776 0.954057 0.829271 0.658026 0.626562 0.241614 0.104062 0.001180 -0.206943 -0.271506 -0.439589 -0.640317 -0.745280 -0.785022 -0.847478 
53.327713 3519834.000000 96 100 98 0.945197 0.911594 0.893627 0.986328 0.979514 0.958129 0.762771 0.583641 0.498427 0.251346 0.155231 0.021587 -0.225867 -0.278427 -0.434223 -0.589439 -0.669448 -0.729734 -0.876956 0.984409 0.976643 0.953912 0.729628 0.605565 0.554831 0.269185 0.142366 -0.000648 -0.210386 -0.273855 -0.419506 -0.604013 -0.687824 -0.742558 -0.863736 
53.081360 2323123.000000 96 96 94 0.945623 0.949956 0.936767 0.987508 0.979263 0.966241 0.801421 0.583655 0.387745 0.290340 0.169024 0.020021 -0.236122 -0.322847 -0.414165 -0.556700 -0.658162 -0.705556 -0.910529 0.987233 0.979001 0.964298 0.795581 0.569474 0.430443 0.258801 0.164568 0.022045 -0.217129 -0.293774 -0.432559 -0.575456 -0.647522 -0.705252 -0.903020 
52.361763 1448065.750000 94 92 92 0.910465 0.885512 0.956224 0.989128 0.981789 0.968129 0.847252 0.566952 0.367464 0.276830 0.180331 0.038830 -0.208448 -0.361833 -0.439762 -0.550979 -0.654353 -0.727844 -0.942199 0.989469 0.980458 0.967454 0.834294 0.614894 0.408392 0.306821 0.183824 -0.008296 -0.259268 -0.341810 -0.437490 -0.539845 -0.642211 -0.708215 -0.928116 
52.360733 1073839.500000 92 92 94 0.964480 0.945153 0.912858 0.989529 0.981165 0.970974 0.893222 0.477828 0.346168 0.249362 0.153925 0.031021 -0.222425 -0.404073 -0.466828 -0.541982 -0.598366 -0.779904 -0.951087 0.989543 0.982238 0.969936 0.867951 0.554012 0.393191 0.269628 0.192198 0.012863 -0.188998 -0.388461 -0.445922 -0.568156 -0.644449 -0.801799 -0.948303 
43.838295 71800.500000 94 70 96 0.911893 0.570390 0.793297 0.993255 0.985137 0.961850 0.912553 0.641792 0.434540 0.316758 0.215507 0.023669 -0.265458 -0.363036 -0.454845 -0.593193 -0.756952 -0.883723 -0.957476 0.991853 0.982060 0.969414 0.910587 0.536791 0.377391 0.288059 0.170658 0.002537 -0.281156 -0.407623 -0.472188 -0.546120 -0.615274 -0.828263 -0.956664 
36.587521 29409.865234 98 100 94 0.762962 0.476394 0.714320 0.994624 0.980220 0.965800 0.867517 0.582037 0.443954 0.304454 0.190450 0.050956 -0.249807 -0.386613 -0.476520 -0.641517 -0.757460 -0.900326 -0.965536 0.992452 0.983802 0.964551 0.896128 0.609546 0.426428 0.311084 0.197872 0.077505 -0.257403 -0.356670 -0.435244 -0.619939 -0.768147 -0.899197 -0.954668 
38.873985 3868840.750000 94 66 100 0.629475 0.539081 0.413708 0.987222 0.972975 0.833376 0.537242 0.436377 0.279776 0.129631 -0.082224 -0.251186 -0.321779 -0.478572 -0.576472 -0.664066 -0.758530 -0.918466 -0.965861 0.994062 0.976260 0.956438 0.822282 0.588764 0.467430 0.324395 0.213077 0.011849 -0.254108 -0.385713 -0.501999 -0.668482 -0.779060 -0.906978 -0.968651 
46.307228 1762854.625000 94 88 88 0.492775 0.852925 0.903777 0.988949 0.980241 0.970453 0.694063 0.505898 0.462366 0.222454 0.162643 -0.148793 -0.316214 -0.412809 -0.562714 -0.662937 -0.717466 -0.855691 -0.949672 0.985475 0.978841 0.943124 0.539612 0.480016 0.306991 0.155386 -0.044045 -0.251248 -0.327047 -0.500787 -0.584706 -0.685763 -0.736896 -0.920999 -0.964574 
51.426998 3094732.250000 88 86 78 0.910855 0.412274 0.768729 0.985636 0.978465 0.963584 0.700086 0.533592 0.487896 0.235255 0.178187 -0.034973 -0.303042 -0.362108 -0.524523 -0.650555 -0.711021 -0.789157 -0.851544 0.986978 0.979013 0.960472 0.656210 0.527083 0.456237 0.237380 0.163623 -0.013241 -0.285570 -0.357044 -0.511834 -0.644625 -0.700975 -0.789998 -0.856539 
51.669579 2609378.500000 78 84 138 0.687437 0.739312 0.594819 0.986177 0.976071 0.963954 0.770048 0.581259 0.538698 0.233103 0.177594 -0.075605 -0.294030 -0.397408 -0.481157 -0.670951 -0.731469 -0.820698 -0.861860 0.988136 0.977004 0.965846 0.819001 0.565786 0.523348 0.240395 0.186297 -0.034096 -0.283156 -0.375478 -0.536342 -0.651362 -0.726072 -0.815825 -0.869802 
46.390892 849025.500000 138 100 100 0.651472 0.712681 0.815072 0.987815 0.979149 0.960003 0.753661 0.596308 0.543111 0.248554 0.178480 -0.203759 -0.360617 -0.448025 -0.610143 -0.742049 -0.791207 -0.840751 -0.922922 0.987004 0.979818 0.959198 0.728411 0.594913 0.539244 0.245612 0.194984 -0.063131 -0.307466 -0.412841 -0.484901 -0.676522 -0.738783 -0.820652 -0.883867 
41.626526 1738340.250000 102 104 106 0.804888 0.527258 0.613545 0.991477 0.980169 0.873153 0.615840 0.555123 0.360898 0.170740 -0.281090 -0.436033 -0.525841 -0.661368 -0.742959 -0.821654 -0.863783 -0.925064 -0.964117 0.990828 0.979694 0.951040 0.639359 0.556896 0.443546 0.221271 0.004697 -0.377593 -0.427814 -0.600408 -0.688312 -0.795018 -0.824428 -0.888056 -0.954547 
48.485519 1339853.500000 104 50 104 0.581286 0.562103 0.544898 0.987700 0.966697 0.848988 0.647460 0.534120 0.299586 0.087731 -0.337933 -0.460807 -0.524099 -0.725235 -0.834948 -0.886361 -0.917920 -0.948340 -0.978400 0.987325 0.972287 0.861123 0.634109 0.562861 0.313741 0.118754 -0.339787 -0.453210 -0.555281 -0.712888 -0.800220 -0.864165 -0.906856 -0.941751 -0.974464 
50.401932 1499358.500000 106 192 102 0.622694 0.562191 0.654700 0.992168 0.959898 0.838977 0.698490 0.520234 0.315052 0.088920 -0.270649 -0.451891 -0.527747 -0.704826 -0.777280 -0.906539 -0.934823 -0.958886 -0.970618 0.988693 0.962196 0.841296 0.683898 0.516163 0.301663 0.075376 -0.316478 -0.467058 -0.531414 -0.709901 -0.826487 -0.899706 -0.925528 -0.957263 -0.971941 
52.594265 2248778.500000 104 98 100 0.633115 0.663560 0.669509 0.987525 0.947725 0.843179 0.675272 0.542586 0.321025 0.103038 -0.303129 -0.449883 -0.539485 -0.723056 -0.826752 -0.877636 -0.901648 -0.921459 -0.955486 0.990887 0.960767 0.837504 0.663682 0.536820 0.330609 0.042832 -0.380506 -0.451837 -0.556381 -0.705543 -0.791158 -0.884328 -0.913678 -0.953593 -0.969039 
52.775387 1114183.250000 102 100 94 0.697194 0.511358 0.524760 0.987902 0.954562 0.843635 0.646164 0.525508 0.269804 0.083844 -0.347864 -0.456625 -0.610779 -0.713627 -0.769263 -0.847815 -0.881673 -0.921938 -0.979077 0.984241 0.942405 0.845349 0.668059 0.535933 0.299465 0.105359 -0.227510 -0.479562 -0.576946 -0.723843 -0.829629 -0.879310 -0.895998 -0.921861 -0.965288 
40.893456 838068.125000 100 102 102 0.287715 0.794599 0.845446 0.984092 0.979611 0.954001 0.677580 0.634041 0.466524 0.231666 -0.003291 -0.360931 -0.408448 -0.579319 -0.721183 -0.800017 -0.879030 -0.939342 -0.966230 0.984923 0.979831 0.894811 0.661490 0.587915 0.363570 0.135620 -0.338069 -0.414417 -0.515535 -0.692522 -0.729777 -0.800011 -0.844866 -0.927852 -0.970177 
40.981377 250619.593750 102 102 100 0.825296 0.745118 0.698288 0.986083 0.977754 0.961005 0.767740 0.634832 0.571752 0.253175 0.136443 -0.327731 -0.466617 -0.647949 -0.771135 -0.852253 -0.900988 -0.939861 -0.975769 0.985931 0.978888 0.964515 0.726776 0.631685 0.583690 0.248800 0.148469 -0.301189 -0.387338 -0.534484 -0.678196 -0.841449 -0.908250 -0.946868 -0.973493 
30.175726 57720.167969 62 58 60 0.733834 0.448977 0.446000 0.989887 0.980055 0.931739 0.813032 0.607889 0.488564 0.287449 -0.045818 -0.279643 -0.470704 -0.744074 -0.797585 -0.850220 -0.904127 -0.952450 -0.977144 0.989723 0.982016 0.949123 0.770311 0.626976 0.492229 0.268008 0.060372 -0.299049 -0.493848 -0.731423 -0.778912 -0.855477 -0.901220 -0.942132 -0.973481 
24.986351 36612.027344 54 56 74 0.570658 0.496432 0.508485 0.990832 0.966080 0.923475 0.815366 0.610675 0.470552 0.238842 0.050221 -0.288869 -0.459231 -0.719323 -0.800164 -0.854552 -0.903302 -0.946714 -0.979135 0.992573 0.974563 0.917337 0.780180 0.605178 0.494765 0.283817 0.015281 -0.262417 -0.450846 -0.726283 -0.800539 -0.848711 -0.901963 -0.952665 -0.976472 
23.987257 22983.414062 72 40 94 0.547546 0.459656 0.391070 0.987055 0.970989 0.902832 0.755465 0.641122 0.441413 0.275815 0.081321 -0.235195 -0.378658 -0.652517 -0.797639 -0.871387 -0.906470 -0.938609 -0.984580 0.991725 0.972172 0.917780 0.808718 0.611319 0.454129 0.231047 0.026835 -0.245461 -0.441356 -0.723669 -0.804359 -0.871502 -0.900455 -0.939061 -0.976694 
37.572113 1525190.000000 82 22 106 0.470257 0.370354 0.585658 0.975863 0.947395 0.715664 0.658195 0.603125 0.439859 0.273498 0.217714 -0.150430 -0.270536 -0.357635 -0.633542 -0.705766 -0.788582 -0.880640 -0.949941 0.974821 0.934127 0.714276 0.662201 0.617440 0.497122 0.283574 0.237108 -0.165714 -0.244131 -0.355128 -0.609264 -0.733161 -0.824197 -0.899093 -0.953263 
37.652664 2224930.000000 106 206 46 0.537109 0.480496 0.451191 0.982119 0.942218 0.688666 0.546109 0.422351 0.299715 0.164266 0.031665 -0.217790 -0.342078 -0.436664 -0.642363 -0.715570 -0.791846 -0.882770 -0.952710 0.982502 0.924173 0.666280 0.582007 0.437814 0.330022 0.214658 0.120679 -0.150944 -0.303979 -0.381193 -0.648461 -0.714321 -0.795098 -0.885989 -0.943714 
36.479866 1060746.500000 86 76 118 0.516471 0.400569 0.415306 0.982851 0.942494 0.758063 0.596695 0.352699 0.255480 0.074284 -0.050982 -0.165507 -0.375249 -0.449690 -0.593062 -0.725472 -0.797948 -0.875661 -0.929747 0.983897 0.943460 0.735770 0.571498 0.386089 0.249289 0.084616 -0.028857 -0.171971 -0.364585 -0.442343 -0.602810 -0.728038 -0.797010 -0.876737 -0.935441 
44.504856 982320.812500 116 134 58 0.422138 0.348185 0.881263 0.993281 0.985195 0.967011 0.855030 0.506401 0.321936 0.221206 0.061691 -0.105354 -0.258732 -0.393291 -0.467015 -0.629953 -0.719058 -0.872467 -0.947720 0.989043 0.963594 0.792610 0.631258 0.405119 0.274238 0.153085 -0.056056 -0.146291 -0.348987 -0.426210 -0.546717 -0.687473 -0.788612 -0.874238 -0.925761 
55.838562 15296548.000000 56 60 60 0.784696 0.991026 0.990810 0.992077 0.979221 0.970896 0.830451 0.326570 0.281312 0.160675 0.038665 -0.130802 -0.257233 -0.410166 -0.458108 -0.603645 -0.699998 -0.920120 -0.957636 0.992705 0.980454 0.970404 0.830270 0.358881 0.295265 0.189143 0.053210 -0.098919 -0.226458 -0.391182 -0.457045 -0.596191 -0.680933 -0.892791 -0.961262 
56.564327 8386980.500000 60 60 58 0.987427 0.983971 0.904698 0.991964 0.978505 0.971455 0.883998 0.322629 0.247101 0.153162 0.051168 -0.105622 -0.215357 -0.390795 -0.446739 -0.544675 -0.699303 -0.883391 -0.944022 0.992064 0.979030 0.971612 0.864519 0.336776 0.269521 0.159877 0.056398 -0.119994 -0.238799 -0.378661 -0.434680 -0.591793 -0.696778 -0.897660 -0.950113 
55.480865 8708501.000000 58 58 58 0.987994 0.875991 0.959270 0.990151 0.977674 0.969752 0.869209 0.337121 0.256592 0.160454 0.054420 -0.103620 -0.217604 -0.391300 -0.440746 -0.580629 -0.725945 -0.870027 -0.938763 0.989385 0.977338 0.970318 0.886073 0.341809 0.235368 0.164792 0.059998 -0.098113 -0.204177 -0.395721 -0.444792 -0.557834 -0.721799 -0.878702 -0.937061 
56.858788 10987683.000000 60 60 62 0.970344 0.992622 0.987295 0.990273 0.978764 0.971575 0.835120 0.341395 0.275452 0.190111 0.078247 -0.077843 -0.199095 -0.340474 -0.410933 -0.596209 -0.702906 -0.853699 -0.938992 0.990221 0.978049 0.970574 0.860610 0.329593 0.262066 0.167831 0.063738 -0.088723 -0.204209 -0.360490 -0.426918 -0.583138 -0.719467 -0.847143 -0.943114 
58.253330 8338947.000000 62 64 66 0.983520 0.981264 0.958046 0.990900 0.980951 0.974431 0.815029 0.408363 0.334885 0.244227 0.166862 -0.058735 -0.204109 -0.294777 -0.360117 -0.617095 -0.679916 -0.853546 -0.951512 0.990683 0.979890 0.972723 0.826387 0.358422 0.294093 0.216278 0.119355 -0.060926 -0.205734 -0.327277 -0.376257 -0.604579 -0.686275 -0.859315 -0.938412 
58.779076 6812119.500000 66 72 74 0.967277 0.967232 0.937876 0.987649 0.982456 0.967184 0.739317 0.530632 0.459323 0.327638 0.277184 0.001655 -0.198157 -0.261041 -0.428964 -0.643528 -0.721063 -0.757316 -0.936813 0.989059 0.982117 0.973492 0.770097 0.475172 0.371388 0.284722 0.224431 -0.009500 -0.200410 -0.274353 -0.406842 -0.643955 -0.706273 -0.781106 -0.951572 
57.109089 3239800.500000 74 78 82 0.945676 0.948860 0.885126 0.987830 0.979712 0.962590 0.769094 0.606592 0.570517 0.458567 0.334684 0.010720 -0.176035 -0.232013 -0.438533 -0.650869 -0.750665 -0.780971 -0.923759 0.987897 0.982243 0.964339 0.750579 0.575165 0.522631 0.379978 0.307624 -0.007357 -0.186692 -0.248397 -0.443866 -0.649595 -0.732502 -0.762522 -0.916053 
55.412174 2241590.250000 82 86 88 0.900842 0.924709 0.920909 0.984236 0.976814 0.955091 0.737320 0.657599 0.607508 0.508027 0.359342 0.027359 -0.123192 -0.225755 -0.383473 -0.589189 -0.777707 -0.806789 -0.942351 0.985957 0.976827 0.961749 0.727750 0.649906 0.596727 0.507855 0.374233 0.027428 -0.158545 -0.211722 -0.382740 -0.657762 -0.752634 -0.794044 -0.938997 
54.414200 1520851.875000 90 92 92 0.971787 0.927470 0.848057 0.981907 0.975465 0.946307 0.800110 0.666804 0.612955 0.515700 0.309516 0.107708 -0.138194 -0.222230 -0.375945 -0.664351 -0.785569 -0.823183 -0.934406 0.982999 0.975742 0.951359 0.782593 0.670123 0.626434 0.489403 0.305761 0.038113 -0.146192 -0.201317 -0.397876 -0.640083 -0.788982 -0.814696 -0.926353 
53.260494 501254.156250 94 94 98 0.838447 0.844066 0.564857 0.983490 0.976955 0.944487 0.809939 0.703307 0.658268 0.578531 0.382619 0.202653 0.005086 -0.204570 -0.350083 -0.637526 -0.795124 -0.879162 -0.970949 0.982437 0.975670 0.949533 0.798017 0.703302 0.648667 0.562463 0.385638 0.157434 -0.062539 -0.225936 -0.351507 -0.665405 -0.788715 -0.858881 -0.967762 
50.594864 413732.156250 98 92 92 0.629178 0.810469 0.920553 0.984608 0.978265 0.951193 0.778410 0.692472 0.657401 0.536053 0.353524 0.220643 -0.106229 -0.207937 -0.371296 -0.695227 -0.818530 -0.857480 -0.957177 0.984724 0.979107 0.942928 0.788680 0.690033 0.643305 0.559772 0.367879 0.213154 -0.025265 -0.181563 -0.341101 -0.646171 -0.803332 -0.875053 -0.964462 
49.845463 214071.531250 92 98 110 0.919333 0.694839 0.764395 0.983407 0.977383 0.950200 0.757510 0.678778 0.654393 0.556316 0.396046 0.123945 -0.134505 -0.220416 -0.429301 -0.706162 -0.826146 -0.864951 -0.955930 0.983669 0.977227 0.952264 0.772516 0.686030 0.654643 0.588914 0.384045 0.181389 -0.138657 -0.220967 -0.451040 -0.738747 -0.823493 -0.859093 -0.948880 
49.517765 138909.406250 112 88 108 0.809904 0.467988 0.615890 0.982503 0.977762 0.954399 0.759524 0.679371 0.643631 0.571617 0.406872 0.108535 -0.096889 -0.256953 -0.467047 -0.715908 -0.812725 -0.875497 -0.960808 0.981333 0.976147 0.957775 0.773768 0.674887 0.642680 0.571145 0.414950 0.104149 -0.105053 -0.219464 -0.425173 -0.702925 -0.815755 -0.867923 -0.953240 
44.610462 153688.343750 74 40 44 0.662245 0.664286 0.764881 0.985301 0.979754 0.954480 0.745761 0.672448 0.616207 0.562380 0.494749 0.064318 -0.141030 -0.206472 -0.472582 -0.668242 -0.768680 -0.896047 -0.966162 0.987195 0.981351 0.931255 0.736452 0.680057 0.609172 0.557682 0.433502 0.079452 -0.110310 -0.258205 -0.496884 -0.673951 -0.786601 -0.898528 -0.969044 
39.318405 37575.707031 146 150 154 0.418988 0.699957 0.751040 0.990280 0.984887 0.946786 0.739170 0.686759 0.620266 0.552427 0.396105 0.095845 -0.149081 -0.264483 -0.504225 -0.699156 -0.797629 -0.903476 -0.973359 0.989902 0.983275 0.947975 0.740531 0.672502 0.607218 0.555214 0.449156 0.057585 -0.155424 -0.212577 -0.488204 -0.682988 -0.801745 -0.895036 -0.970003 
36.200287 21613.425781 152 54 82 0.707224 0.570768 0.497106 0.990253 0.982994 0.922924 0.728491 0.707031 0.597414 0.522229 0.306111 0.084784 -0.124337 -0.353226 -0.517017 -0.698998 -0.814598 -0.918144 -0.969848 0.990348 0.985578 0.947203 0.739600 0.695128 0.627065 0.536412 0.349485 0.112666 -0.149120 -0.322772 -0.523677 -0.698529 -0.793719 -0.917790 -0.974042 
24.136494 11091.335938 84 110 96 0.504979 0.413207 0.557836 0.991327 0.977476 0.871575 0.726100 0.678117 0.603114 0.476276 0.207003 0.071424 -0.180717 -0.358624 -0.554775 -0.718071 -0.843833 -0.919908 -0.970364 0.991655 0.979128 0.872749 0.729612 0.703721 0.583974 0.510522 0.249008 0.052812 -0.156639 -0.355527 -0.523436 -0.710321 -0.841329 -0.915312 -0.968640 
22.327915 9340.421875 96 102 88 0.396691 0.550200 0.528975 0.991232 0.979484 0.914756 0.720897 0.650932 0.599567 0.402478 0.189770 0.032274 -0.197032 -0.375324 -0.579540 -0.711076 -0.842623 -0.910027 -0.978291 0.991767 0.977789 0.896655 0.716984 0.661777 0.622379 0.407725 0.206743 0.045913 -0.204757 -0.353838 -0.572140 -0.729346 -0.840117 -0.919478 -0.966398 
22.265106 41386.640625 90 118 72 0.519630 0.527860 0.539638 0.983473 0.958254 0.894307 0.735610 0.601246 0.470740 0.327167 0.202854 0.027561 -0.130442 -0.313774 -0.452238 -0.604064 -0.794438 -0.890141 -0.971200 0.988706 0.978032 0.934348 0.734522 0.663448 0.603270 0.414372 0.190879 -0.005768 -0.156521 -0.404970 -0.580414 -0.729818 -0.845828 -0.920733 -0.985674 
40.677223 1032165.562500 94 52 102 0.529867 0.412318 0.598850 0.968592 0.955734 0.861444 0.678431 0.593243 0.398277 0.288430 0.199068 -0.057876 -0.157059 -0.365214 -0.466378 -0.666309 -0.785201 -0.872186 -0.955597 0.966304 0.953283 0.872119 0.683809 0.594238 0.440126 0.302406 0.218078 0.001138 -0.122009 -0.342851 -0.446457 -0.601062 -0.774846 -0.863916 -0.951870 
26.043873 51540.835938 110 90 102 0.383553 0.523761 0.594854 0.989229 0.956002 0.833841 0.697389 0.663219 0.371396 0.288736 0.195377 0.052645 -0.058555 -0.302095 -0.486370 -0.640051 -0.782226 -0.891389 -0.980658 0.985884 0.955602 0.823701 0.696073 0.626810 0.353468 0.297796 0.193844 0.007418 -0.120047 -0.329453 -0.482307 -0.632446 -0.778761 -0.879858 -0.957923 
22.813404 17707.267578 102 92 102 0.667127 0.520672 0.446403 0.993405 0.959653 0.885297 0.712399 0.687002 0.516802 0.297542 0.237451 0.069447 -0.053292 -0.321703 -0.477867 -0.656862 -0.829707 -0.907313 -0.979413 0.991805 0.958841 0.864872 0.698247 0.682812 0.482790 0.283749 0.202867 0.041656 -0.077700 -0.310378 -0.469255 -0.662201 -0.812423 -0.898755 -0.979909 
18.778980 7154.091309 102 88 90 0.490865 0.523190 0.473085 0.990624 0.966564 0.899748 0.731659 0.666071 0.491001 0.331123 0.256631 0.014905 -0.166217 -0.373882 -0.537825 -0.693371 -0.819523 -0.917317 -0.962842 0.992420 0.963067 0.911255 0.716492 0.674672 0.482182 0.310118 0.260417 0.046840 -0.099411 -0.306847 -0.513563 -0.676846 -0.810753 -0.920397 -0.976725 
16.789839 4933.206055 118 98 92 0.555416 0.418797 0.436276 0.989836 0.965880 0.925718 0.789547 0.638024 0.453459 0.337963 0.169654 -0.017411 -0.187820 -0.378946 -0.569745 -0.726034 -0.826851 -0.936374 -0.979862 0.989757 0.965874 0.927371 0.760213 0.640472 0.485644 0.339185 0.209992 -0.025828 -0.175745 -0.387885 -0.527853 -0.702408 -0.845380 -0.934443 -0.970636 
20.275978 4333.291504 114 102 94 0.511501 0.641069 0.650278 0.991949 0.985319 0.925756 0.838291 0.641896 0.482137 0.330556 0.175472 -0.065918 -0.214721 -0.403344 -0.596761 -0.753232 -0.856847 -0.915892 -0.973178 0.991994 0.975653 0.918477 0.812968 0.631914 0.439267 0.324309 0.184943 -0.065865 -0.196438 -0.391935 -0.596970 -0.738619 -0.824857 -0.915215 -0.978381 
18.880566 4073.260498 46 108 88 0.725726 0.411643 0.559364 0.994447 0.978777 0.912105 0.795008 0.646054 0.502625 0.322051 0.183394 -0.072163 -0.251086 -0.462382 -0.547535 -0.743587 -0.845223 -0.924122 -0.977320 0.992483 0.981274 0.932234 0.796200 0.649089 0.508595 0.328858 0.201176 -0.062189 -0.236450 -0.429552 -0.568249 -0.749322 -0.844861 -0.924616 -0.973708 
