39.460392 8922144.000000 50 60 60 0.000000 0.676028 0.851081 0.978005 0.963565 0.729716 0.696684 0.590045 0.457069 0.199635 0.037243 -0.040742 -0.167106 -0.484572 -0.548391 -0.774963 -0.858115 -0.938552 -0.970367 0.973296 0.934763 0.772898 0.707535 0.542519 0.420234 0.199468 0.022782 -0.088762 -0.201590 -0.460330 -0.583653 -0.735809 -0.881608 -0.950675 -0.976468 
39.339668 1153395.750000 24 22 46 0.799247 0.468097 0.839738 0.989412 0.973114 0.938212 0.797907 0.520613 0.453570 0.272941 0.085094 -0.034029 -0.302209 -0.449379 -0.506172 -0.622293 -0.840162 -0.870377 -0.931372 0.969359 0.964363 0.849126 0.586630 0.544576 0.444322 0.323545 0.067149 -0.058452 -0.363148 -0.393704 -0.521641 -0.672956 -0.861650 -0.878617 -0.978891 
60.552673 57774368.000000 46 48 48 0.796882 0.957525 0.993911 0.978940 0.964339 0.949839 0.799040 0.521295 0.421510 0.359838 0.165652 0.007139 -0.141015 -0.388299 -0.489579 -0.551748 -0.688147 -0.760792 -0.942580 0.985125 0.965922 0.946826 0.853705 0.519299 0.442418 0.358047 0.157115 0.011774 -0.175029 -0.397370 -0.489148 -0.569826 -0.704681 -0.807632 -0.925891 
64.042099 71542512.000000 48 46 46 0.994077 0.977534 0.988431 0.977032 0.962949 0.951895 0.765993 0.485376 0.432421 0.323652 0.171597 0.041887 -0.168670 -0.365126 -0.466303 -0.545380 -0.660563 -0.714122 -0.921958 0.975579 0.963825 0.950045 0.794762 0.506179 0.430881 0.344844 0.182653 0.040207 -0.133518 -0.344359 -0.477646 -0.540419 -0.640251 -0.716932 -0.933511 
59.434578 16711009.000000 46 46 48 0.992548 0.972254 0.766257 0.983658 0.966437 0.952762 0.748961 0.462786 0.394175 0.300192 0.212824 0.075835 -0.228521 -0.396680 -0.500238 -0.583773 -0.669657 -0.728446 -0.868206 0.980904 0.963114 0.951603 0.763212 0.472903 0.416715 0.308222 0.204979 0.058392 -0.186517 -0.377202 -0.479115 -0.549062 -0.658965 -0.711175 -0.871383 
41.971554 500958.531250 48 46 46 0.832335 0.854643 0.846858 0.974567 0.962147 0.915288 0.707102 0.566332 0.390727 0.327289 0.179541 0.054003 -0.101183 -0.357424 -0.488896 -0.584078 -0.667888 -0.792558 -0.929512 0.980317 0.966082 0.948555 0.753871 0.507747 0.389681 0.291889 0.178092 0.049535 -0.217273 -0.426901 -0.522077 -0.627204 -0.709266 -0.772523 -0.910238 
35.821007 460086.343750 46 46 46 0.817912 0.802800 0.843561 0.983287 0.958870 0.906202 0.725743 0.544012 0.426840 0.334354 0.212911 0.067557 -0.061039 -0.338278 -0.468494 -0.571836 -0.674988 -0.788165 -0.929469 0.977852 0.958845 0.902824 0.718382 0.594908 0.428683 0.340447 0.218093 0.079712 -0.032755 -0.380410 -0.469991 -0.575363 -0.688459 -0.789381 -0.943016 
38.493774 185941.328125 46 46 46 0.814790 0.929672 0.902608 0.971045 0.963469 0.942225 0.765053 0.525381 0.432312 0.314142 0.264435 0.061745 -0.029484 -0.302834 -0.451608 -0.571932 -0.679406 -0.825277 -0.967790 0.973913 0.959653 0.927928 0.799361 0.546807 0.426083 0.314738 0.250422 0.095774 -0.080737 -0.310974 -0.482755 -0.580891 -0.690626 -0.788516 -0.961915 
34.266563 129296.093750 46 46 46 0.912750 0.756125 0.921894 0.978295 0.962354 0.940829 0.772824 0.486233 0.403746 0.290164 0.202075 0.071379 -0.056808 -0.338395 -0.442287 -0.621938 -0.697800 -0.868302 -0.957415 0.976632 0.964225 0.939528 0.734830 0.555553 0.411391 0.309201 0.214275 0.108983 -0.062084 -0.359128 -0.471578 -0.596099 -0.664151 -0.847264 -0.959480 
37.195026 53647.789062 24 24 24 0.592369 0.842432 0.915859 0.971701 0.964616 0.952198 0.847978 0.556865 0.427613 0.309119 0.239713 0.083638 -0.020262 -0.394208 -0.448763 -0.585306 -0.733031 -0.896405 -0.954967 0.973219 0.962724 0.950199 0.820198 0.538669 0.421352 0.317512 0.238130 0.083900 -0.040375 -0.358785 -0.468363 -0.592060 -0.696012 -0.878747 -0.972993 
36.619820 34652.773438 24 24 22 0.953623 0.831200 0.917855 0.969939 0.963118 0.948321 0.885567 0.509592 0.419439 0.312776 0.276019 0.083109 -0.011118 -0.394148 -0.473111 -0.630538 -0.809321 -0.905245 -0.973859 0.971435 0.963701 0.951685 0.847021 0.513731 0.419943 0.316360 0.266243 0.090859 -0.014991 -0.378616 -0.464192 -0.587054 -0.810138 -0.906378 -0.970769 
30.798834 17789.197266 24 24 24 0.888452 0.708834 0.722577 0.972726 0.965049 0.948920 0.845384 0.479760 0.425776 0.300683 0.211947 0.090314 -0.026416 -0.395542 -0.488807 -0.683659 -0.788898 -0.920482 -0.984283 0.970402 0.962021 0.948074 0.864511 0.502036 0.427669 0.310353 0.228318 0.057361 -0.016868 -0.363588 -0.508320 -0.649090 -0.786075 -0.896588 -0.972973 
43.018608 15409171.000000 50 46 54 0.892122 0.599385 0.539897 0.945621 0.930189 0.785981 0.633559 0.520038 0.440563 0.105497 -0.166389 -0.273236 -0.427139 -0.583716 -0.653295 -0.829185 -0.868322 -0.941269 -0.994001 0.966622 0.958418 0.854786 0.691538 0.485666 0.352045 0.170081 -0.041648 -0.254521 -0.373106 -0.560480 -0.650109 -0.791139 -0.870487 -0.941345 -0.989796 
57.496124 52606244.000000 50 38 50 0.380398 0.809969 0.634189 0.977256 0.964659 0.940742 0.769744 0.625278 0.589140 0.269459 0.103462 -0.018093 -0.284950 -0.461247 -0.523004 -0.603380 -0.727091 -0.838977 -0.948342 0.984927 0.970811 0.927264 0.763819 0.588746 0.522916 0.242596 0.072676 -0.192041 -0.390424 -0.530845 -0.605872 -0.799423 -0.872728 -0.921377 -0.995130 
61.756306 60164052.000000 48 54 56 0.952949 0.952741 0.935653 0.973588 0.950242 0.932803 0.825563 0.634703 0.595801 0.272334 0.118866 0.036133 -0.273896 -0.384520 -0.475858 -0.594251 -0.719644 -0.767282 -0.949222 0.973858 0.960344 0.934140 0.813976 0.622314 0.583306 0.270008 0.104483 -0.013678 -0.273776 -0.432388 -0.503577 -0.591662 -0.711274 -0.767648 -0.912249 
61.830524 55392200.000000 56 56 58 0.939549 0.977530 0.966659 0.959753 0.944070 0.918074 0.796187 0.689991 0.625742 0.368983 0.178867 0.054819 -0.231509 -0.356674 -0.450036 -0.586487 -0.721122 -0.774579 -0.952159 0.964802 0.945090 0.928497 0.794114 0.655388 0.610163 0.356919 0.154294 0.056268 -0.241566 -0.373909 -0.460057 -0.590026 -0.721219 -0.775780 -0.926714 
60.350739 36206368.000000 58 58 58 0.962969 0.994952 0.987548 0.959540 0.942823 0.905541 0.802029 0.723515 0.651032 0.341683 0.198412 0.095945 -0.200681 -0.321580 -0.434594 -0.604809 -0.711921 -0.776756 -0.922390 0.960322 0.942914 0.908315 0.799218 0.711356 0.644547 0.363929 0.194963 0.088541 -0.213177 -0.330855 -0.440541 -0.605237 -0.713423 -0.780810 -0.957976 
58.926064 30037052.000000 58 58 56 0.991247 0.964366 0.975228 0.961510 0.940939 0.903585 0.804484 0.721277 0.629561 0.342275 0.206932 0.056735 -0.216037 -0.295535 -0.423804 -0.589810 -0.707656 -0.755485 -0.880552 0.960846 0.942747 0.905516 0.805047 0.728532 0.632561 0.343192 0.205580 0.067685 -0.212707 -0.294165 -0.416610 -0.574278 -0.714568 -0.748271 -0.919653 
58.244587 25520370.000000 56 56 54 0.971042 0.973122 0.978096 0.963165 0.938885 0.904650 0.822394 0.730470 0.623305 0.331685 0.198569 0.045441 -0.212976 -0.292922 -0.399752 -0.591425 -0.712036 -0.766797 -0.875401 0.961361 0.938800 0.901442 0.809695 0.723452 0.640157 0.342864 0.199955 0.036438 -0.217629 -0.298890 -0.416882 -0.596365 -0.707435 -0.762979 -0.890109 
57.399906 18342000.000000 54 52 52 0.967710 0.934505 0.909446 0.967854 0.940755 0.910493 0.824886 0.739945 0.637454 0.345402 0.195425 0.069140 -0.198471 -0.286475 -0.387939 -0.623691 -0.729541 -0.807301 -0.925070 0.963875 0.937927 0.905508 0.820187 0.734992 0.621624 0.318022 0.184890 0.084480 -0.214624 -0.291975 -0.373424 -0.585375 -0.707211 -0.773943 -0.866370 
52.288631 1734079.250000 52 50 54 0.970250 0.860166 0.506699 0.979500 0.949777 0.919218 0.818946 0.745346 0.658077 0.369290 0.197057 0.113501 -0.165522 -0.276844 -0.380927 -0.618118 -0.752070 -0.832655 -0.900903 0.975773 0.947682 0.912898 0.834249 0.743259 0.634402 0.360784 0.239979 0.075865 -0.184592 -0.271222 -0.355243 -0.603502 -0.729957 -0.831987 -0.880360 
39.279198 346193.968750 56 54 56 0.664137 0.417094 0.671438 0.956709 0.938892 0.889082 0.791631 0.695422 0.638984 0.452541 0.190031 0.126998 -0.104628 -0.304858 -0.426746 -0.626192 -0.739670 -0.804295 -0.947509 0.975277 0.946166 0.902830 0.796884 0.726940 0.622139 0.442835 0.174122 0.129088 -0.174289 -0.293040 -0.455292 -0.625666 -0.727647 -0.812368 -0.945337 
38.523232 181035.937500 56 54 56 0.701434 0.544498 0.477134 0.956239 0.942321 0.867565 0.784938 0.742362 0.666080 0.412538 0.212858 0.150775 -0.102970 -0.235031 -0.365591 -0.511504 -0.737448 -0.858372 -0.973714 0.962115 0.941039 0.872882 0.798011 0.715768 0.651826 0.429868 0.187976 0.134232 -0.060726 -0.309751 -0.426486 -0.564929 -0.734036 -0.853725 -0.971329 
34.671337 85949.632812 56 134 52 0.533232 0.402415 0.446973 0.956721 0.934113 0.850291 0.769574 0.717692 0.681395 0.427598 0.170256 0.131656 -0.090476 -0.284234 -0.367447 -0.596166 -0.792642 -0.898347 -0.966690 0.956868 0.935417 0.864475 0.781854 0.714076 0.653464 0.452473 0.176429 0.133414 -0.127666 -0.247692 -0.360633 -0.572038 -0.760056 -0.893263 -0.968244 
34.386520 54876.660156 132 56 54 0.510189 0.710063 0.490468 0.952945 0.928149 0.879298 0.803860 0.728216 0.688869 0.481507 0.192192 0.135601 -0.047645 -0.278991 -0.463278 -0.662280 -0.797816 -0.902892 -0.962959 0.954660 0.942726 0.872964 0.787380 0.730085 0.700954 0.443416 0.178601 0.149080 -0.100938 -0.273742 -0.420307 -0.654048 -0.783001 -0.889526 -0.965667 
29.510424 47308.000000 54 116 56 0.536894 0.672616 0.644862 0.954452 0.932956 0.851359 0.765025 0.722019 0.672175 0.395500 0.167159 0.107940 -0.258203 -0.420108 -0.522332 -0.637662 -0.841514 -0.901584 -0.976527 0.945516 0.916881 0.868161 0.781916 0.736021 0.682485 0.472479 0.173206 0.132259 -0.144027 -0.303232 -0.500984 -0.673038 -0.815739 -0.911490 -0.968377 
35.200275 152833.671875 72 38 54 0.447552 0.556698 0.809612 0.962442 0.948569 0.897394 0.801529 0.689968 0.623671 0.379796 0.164096 -0.023066 -0.326444 -0.415554 -0.521257 -0.655511 -0.869843 -0.887212 -0.984155 0.956536 0.942327 0.887613 0.763143 0.654362 0.559666 0.322591 0.127003 -0.070910 -0.355417 -0.432426 -0.535454 -0.638577 -0.868994 -0.890894 -0.984912 
28.362041 28196.349609 28 30 54 0.729501 0.659287 0.440094 0.972287 0.952285 0.863349 0.770588 0.655302 0.619770 0.510734 0.238376 0.073011 -0.166372 -0.386624 -0.471721 -0.649637 -0.819100 -0.890090 -0.965281 0.973290 0.965175 0.867053 0.789014 0.674993 0.625872 0.505671 0.192910 0.073662 -0.244995 -0.385493 -0.480357 -0.665369 -0.836861 -0.874857 -0.969874 
23.554209 13831.761719 56 154 56 0.447919 0.554579 0.555999 0.974406 0.960881 0.875427 0.797341 0.690015 0.608076 0.432339 0.225879 0.080932 -0.175018 -0.354648 -0.502440 -0.653408 -0.818374 -0.916035 -0.971944 0.975061 0.957976 0.844016 0.768840 0.678233 0.616066 0.493468 0.244843 0.062640 -0.194033 -0.323662 -0.490813 -0.661294 -0.836445 -0.908680 -0.979216 
19.805838 8740.562500 56 58 54 0.589514 0.289215 0.701041 0.978610 0.956821 0.879267 0.786411 0.722207 0.607315 0.371185 0.209759 0.055194 -0.222748 -0.356102 -0.534549 -0.741316 -0.829559 -0.906110 -0.974092 0.977703 0.961005 0.886632 0.781175 0.691506 0.583914 0.447212 0.233723 0.077882 -0.198330 -0.380795 -0.562839 -0.716040 -0.815519 -0.928246 -0.974612 
17.387236 6863.023926 56 98 56 0.676755 0.640514 0.694894 0.975691 0.957120 0.879388 0.778816 0.722962 0.572646 0.330887 0.195299 -0.022570 -0.248543 -0.346244 -0.553966 -0.691174 -0.837537 -0.901995 -0.972708 0.976119 0.953759 0.876274 0.779997 0.723341 0.604219 0.333456 0.201575 0.002405 -0.228073 -0.382967 -0.574563 -0.694201 -0.816832 -0.901057 -0.965769 
37.042252 879799.750000 56 48 46 0.755667 0.450054 0.649457 0.985727 0.955859 0.910136 0.759748 0.556447 0.476302 0.341847 0.191588 0.105283 -0.110778 -0.304092 -0.365465 -0.573927 -0.733965 -0.817271 -0.908593 0.971906 0.952477 0.782330 0.613509 0.522960 0.439025 0.319206 0.158530 0.082023 -0.152980 -0.302446 -0.350228 -0.508671 -0.754848 -0.889049 -0.951696 
52.860764 15765308.000000 46 64 64 0.821864 0.933783 0.963660 0.982631 0.963550 0.906979 0.821468 0.554634 0.481546 0.370968 0.224029 0.087205 -0.076123 -0.309950 -0.377987 -0.609987 -0.702181 -0.821224 -0.862209 0.983417 0.959866 0.905742 0.795882 0.551465 0.485032 0.363279 0.215908 0.081773 -0.094309 -0.309330 -0.380387 -0.612619 -0.719319 -0.830698 -0.865584 
54.890728 6214593.500000 64 64 66 0.973053 0.959774 0.951307 0.986088 0.972897 0.924145 0.845904 0.573651 0.480298 0.409120 0.268495 0.127668 -0.050648 -0.296558 -0.412199 -0.526631 -0.662607 -0.821109 -0.903847 0.984100 0.968533 0.912872 0.835067 0.555204 0.478292 0.395020 0.246104 0.099526 -0.055522 -0.286346 -0.378150 -0.530842 -0.660945 -0.787018 -0.890424 
50.233177 552779.250000 66 64 64 0.942164 0.950794 0.959196 0.990462 0.979690 0.944752 0.883328 0.689194 0.566620 0.424674 0.264181 0.123594 -0.043596 -0.324222 -0.410226 -0.626212 -0.718426 -0.863812 -0.966141 0.988827 0.976171 0.941580 0.873010 0.619162 0.513313 0.427129 0.285369 0.140491 -0.059698 -0.324158 -0.421591 -0.562481 -0.744417 -0.852200 -0.954714 
48.672375 427971.875000 64 64 64 0.945514 0.930144 0.906350 0.989793 0.979395 0.961469 0.876613 0.608041 0.520103 0.413431 0.284374 0.061774 -0.089273 -0.368845 -0.526944 -0.664396 -0.693762 -0.873978 -0.975158 0.990454 0.980241 0.956301 0.899269 0.681758 0.528342 0.451186 0.222707 0.111172 -0.111076 -0.306609 -0.475158 -0.669081 -0.707133 -0.844572 -0.970867 
41.140652 104243.234375 64 66 68 0.913233 0.584062 0.534667 0.987790 0.972491 0.928524 0.779452 0.574009 0.475324 0.366601 0.250820 0.111590 -0.039994 -0.305046 -0.475165 -0.652331 -0.740941 -0.881774 -0.974255 0.989559 0.979680 0.958674 0.800573 0.576149 0.506161 0.359623 0.235091 0.075591 -0.068583 -0.305945 -0.505708 -0.662069 -0.707962 -0.879688 -0.964939 
29.641418 33929.773438 68 64 66 0.374631 0.557330 0.532659 0.989196 0.967288 0.912686 0.827203 0.601369 0.514725 0.358719 0.260295 0.151761 -0.015078 -0.298229 -0.424957 -0.599246 -0.790543 -0.913857 -0.978706 0.987389 0.972439 0.911482 0.824022 0.581751 0.478743 0.358469 0.234243 0.156162 -0.114190 -0.307389 -0.407818 -0.655561 -0.744490 -0.910001 -0.969261 
25.535810 20220.990234 130 128 126 0.684311 0.611816 0.481571 0.986117 0.963377 0.922162 0.811733 0.545877 0.504242 0.405424 0.281571 0.079303 -0.191274 -0.354713 -0.502229 -0.716562 -0.813347 -0.925060 -0.972755 0.991162 0.964944 0.910926 0.827145 0.569804 0.520205 0.393900 0.258678 0.143316 -0.117020 -0.321570 -0.472510 -0.694584 -0.828284 -0.919649 -0.970747 
35.582893 2254894.750000 54 60 82 0.651103 0.664080 0.371535 0.964289 0.910894 0.736839 0.688711 0.619723 0.499038 0.199269 -0.040125 -0.219806 -0.344840 -0.470392 -0.602955 -0.657946 -0.737060 -0.826567 -0.966814 0.983935 0.964129 0.889501 0.730724 0.569491 0.494589 0.370563 0.236562 0.001628 -0.190275 -0.401978 -0.588706 -0.669483 -0.780556 -0.919823 -0.985686 
47.401054 5297085.500000 152 22 106 0.456783 0.591738 0.622595 0.957384 0.949050 0.845523 0.685239 0.647447 0.593948 0.381472 0.062161 -0.192987 -0.355450 -0.468991 -0.634155 -0.692480 -0.771111 -0.825580 -0.970173 0.952635 0.918236 0.749864 0.681889 0.643663 0.590943 0.374586 0.015992 -0.221155 -0.353621 -0.493788 -0.634399 -0.669814 -0.753771 -0.838559 -0.976871 
43.390869 9232717.000000 22 22 24 0.654112 0.739322 0.355942 0.949552 0.920916 0.812155 0.716625 0.656727 0.541638 0.266435 0.125030 -0.151889 -0.335451 -0.456222 -0.552575 -0.681109 -0.811853 -0.848921 -0.912520 0.956838 0.943262 0.830143 0.691762 0.654580 0.560478 0.252532 0.070191 -0.141622 -0.354080 -0.467872 -0.638911 -0.710711 -0.791918 -0.845996 -0.962187 
43.546032 7726176.500000 38 44 38 0.460790 0.539917 0.549760 0.933792 0.885237 0.803747 0.698520 0.634221 0.475597 0.214897 0.077212 -0.178746 -0.306959 -0.406699 -0.515765 -0.601414 -0.826200 -0.871524 -0.947905 0.939713 0.900243 0.794178 0.707016 0.629313 0.501976 0.249399 0.107287 -0.179966 -0.313774 -0.417508 -0.522448 -0.671988 -0.790803 -0.843654 -0.931842 
51.753975 9916778.000000 72 52 52 0.516538 0.541230 0.879749 0.981148 0.943310 0.903355 0.850818 0.744700 0.643290 0.428109 0.210000 0.042029 -0.224137 -0.310939 -0.461368 -0.649371 -0.712732 -0.834496 -0.964792 0.982082 0.940599 0.878198 0.751580 0.669633 0.562379 0.249718 0.099195 -0.112261 -0.312808 -0.359840 -0.556221 -0.618271 -0.820892 -0.872143 -0.967834 
59.313046 65939784.000000 52 56 58 0.925808 0.847379 0.944237 0.963706 0.935741 0.880208 0.811370 0.740002 0.599635 0.346456 0.215687 0.035816 -0.215067 -0.315611 -0.486254 -0.613865 -0.733230 -0.775555 -0.968716 0.970276 0.932462 0.896785 0.817750 0.740374 0.630797 0.390063 0.234553 0.069713 -0.199607 -0.311268 -0.459512 -0.608690 -0.719687 -0.775365 -0.974173 
59.306358 45082936.000000 58 58 58 0.966441 0.970480 0.991811 0.963460 0.938534 0.870330 0.809377 0.750556 0.618699 0.355086 0.218373 0.054217 -0.208019 -0.324888 -0.482381 -0.622353 -0.736869 -0.790527 -0.980252 0.963586 0.935126 0.869788 0.813308 0.748837 0.627044 0.358395 0.210166 0.066477 -0.234795 -0.335906 -0.485687 -0.606116 -0.740598 -0.777913 -0.955783 
57.551785 30166058.000000 58 58 56 0.990240 0.988803 0.974297 0.966975 0.943359 0.880101 0.800766 0.753275 0.601055 0.364951 0.234846 0.077287 -0.195953 -0.281521 -0.434640 -0.626469 -0.723944 -0.781519 -0.985132 0.967214 0.942774 0.870366 0.803313 0.752051 0.616893 0.370532 0.234348 0.055437 -0.202024 -0.299779 -0.483359 -0.620790 -0.736690 -0.786063 -0.981015 
56.436878 12407684.000000 56 56 54 0.972157 0.908066 0.901044 0.974920 0.938506 0.903977 0.820610 0.749463 0.637090 0.397137 0.244616 0.124013 -0.163052 -0.259152 -0.415165 -0.578582 -0.705050 -0.757824 -0.949876 0.970150 0.941527 0.898584 0.803031 0.753098 0.600167 0.352694 0.231472 0.085188 -0.209329 -0.302209 -0.443762 -0.593929 -0.718709 -0.769572 -0.973352 
51.523766 2436909.250000 54 54 56 0.914657 0.868581 0.675040 0.986459 0.953524 0.906136 0.827737 0.755394 0.663022 0.380915 0.261310 0.029564 -0.201897 -0.330004 -0.428933 -0.574840 -0.689236 -0.810066 -0.941683 0.980598 0.943711 0.902775 0.837104 0.760634 0.648496 0.416073 0.267839 0.124338 -0.216290 -0.295329 -0.432365 -0.602939 -0.691215 -0.773948 -0.966553 
43.072224 1143907.375000 56 56 58 0.811495 0.553964 0.574842 0.965179 0.923548 0.862162 0.822125 0.721520 0.641590 0.334890 0.198015 -0.070149 -0.255623 -0.354406 -0.567531 -0.636226 -0.728092 -0.802423 -0.955428 0.983908 0.937990 0.869738 0.834052 0.754157 0.643502 0.327773 0.190556 -0.114317 -0.252777 -0.325882 -0.451021 -0.572454 -0.708244 -0.774416 -0.943611 
38.386189 176981.578125 58 56 56 0.369174 0.439520 0.641635 0.969108 0.898982 0.855210 0.811169 0.752382 0.675857 0.391888 0.266615 0.174057 -0.093236 -0.344510 -0.456519 -0.676031 -0.723483 -0.869067 -0.957365 0.964005 0.916122 0.854635 0.821643 0.731787 0.645953 0.307526 0.265835 0.104091 -0.208664 -0.348029 -0.523726 -0.633350 -0.700386 -0.829466 -0.973850 
37.677296 71603.945312 58 58 58 0.658701 0.672427 0.475008 0.948727 0.914822 0.843136 0.807153 0.751220 0.710963 0.400996 0.238223 0.183226 -0.137959 -0.319429 -0.455172 -0.673846 -0.761140 -0.884666 -0.978513 0.966024 0.891982 0.850980 0.808633 0.740506 0.692921 0.423456 0.275586 0.159347 -0.206636 -0.311819 -0.439945 -0.641248 -0.729266 -0.875734 -0.962069 
33.343666 29432.230469 56 58 58 0.364895 0.514491 0.447440 0.964423 0.918239 0.849605 0.824436 0.734723 0.708738 0.442335 0.270701 0.148896 -0.168690 -0.322952 -0.546824 -0.678763 -0.775797 -0.904669 -0.979070 0.949420 0.921443 0.842982 0.820091 0.751365 0.720824 0.411893 0.252736 0.151144 -0.131476 -0.343649 -0.465553 -0.653656 -0.791770 -0.903043 -0.966968 
30.942966 20945.365234 58 56 56 0.467220 0.649396 0.654419 0.978056 0.927972 0.848288 0.813883 0.748255 0.718458 0.463502 0.259731 0.132705 -0.143136 -0.307543 -0.554940 -0.661820 -0.818849 -0.908796 -0.975140 0.958309 0.922880 0.848787 0.815265 0.735631 0.703912 0.495496 0.244244 0.134447 -0.186082 -0.306004 -0.551692 -0.664147 -0.783199 -0.912601 -0.978525 
27.820259 16240.080078 56 108 56 0.679820 0.468701 0.371774 0.975716 0.921853 0.832880 0.801423 0.725728 0.700020 0.442534 0.222265 0.083749 -0.179320 -0.343758 -0.521094 -0.701904 -0.840225 -0.906425 -0.979580 0.978315 0.917216 0.840764 0.796429 0.739531 0.697341 0.446964 0.217229 0.083419 -0.173086 -0.314428 -0.526283 -0.686437 -0.850486 -0.912305 -0.970333 
37.609909 5434839.500000 76 80 124 0.423223 0.565085 0.493744 0.964296 0.860308 0.798966 0.675669 0.498697 0.460832 0.153350 -0.022757 -0.148880 -0.369034 -0.582443 -0.644695 -0.761979 -0.816242 -0.894587 -0.992422 0.969659 0.919278 0.837612 0.815587 0.741619 0.706025 0.419610 0.224060 0.072270 -0.161706 -0.355775 -0.545286 -0.664494 -0.832032 -0.905875 -0.972559 
49.484638 13994935.000000 122 56 50 0.440658 0.475946 0.865681 0.987049 0.971950 0.944546 0.804365 0.549081 0.501133 0.319393 0.157753 -0.168137 -0.334148 -0.466067 -0.611470 -0.762259 -0.837651 -0.906895 -0.984661 0.980597 0.883892 0.818818 0.661366 0.501022 0.450074 0.133140 -0.020570 -0.241807 -0.375861 -0.571006 -0.642158 -0.797404 -0.834623 -0.948238 -0.990301 
57.833931 38600396.000000 50 54 60 0.872443 0.928272 0.965170 0.980246 0.969035 0.937189 0.739640 0.569230 0.516557 0.342227 0.210140 0.008135 -0.257144 -0.379897 -0.481828 -0.612314 -0.740841 -0.804239 -0.886895 0.982801 0.968955 0.948201 0.776428 0.564255 0.498957 0.364373 0.207650 0.010369 -0.259462 -0.389543 -0.487172 -0.635976 -0.751626 -0.822860 -0.941963 
58.323383 30842936.000000 58 60 62 0.949174 0.981803 0.970878 0.980931 0.971950 0.935394 0.725714 0.609920 0.556631 0.335906 0.183023 -0.023190 -0.281123 -0.362638 -0.483763 -0.560672 -0.715394 -0.779231 -0.935425 0.980073 0.969867 0.932481 0.735378 0.587792 0.542632 0.339902 0.209351 -0.006763 -0.276692 -0.375522 -0.481411 -0.595461 -0.725223 -0.798709 -0.880217 
53.920761 1578921.750000 62 64 60 0.981727 0.732380 0.935461 0.987468 0.977214 0.961911 0.853920 0.629392 0.559889 0.373962 0.220992 0.047581 -0.230959 -0.371777 -0.441709 -0.589383 -0.759787 -0.858445 -0.975349 0.983709 0.975337 0.940392 0.738112 0.625271 0.573285 0.336029 0.159961 -0.029920 -0.261551 -0.339431 -0.471901 -0.537265 -0.687402 -0.808105 -0.960120 
50.904190 694315.562500 62 62 64 0.932548 0.922250 0.911011 0.984565 0.976378 0.956511 0.834748 0.648792 0.581281 0.408284 0.280640 0.140488 -0.126466 -0.363456 -0.473131 -0.652381 -0.748507 -0.838807 -0.952314 0.986658 0.977225 0.963012 0.861044 0.625857 0.570238 0.406644 0.226577 0.098062 -0.213513 -0.378392 -0.446078 -0.658008 -0.762597 -0.853172 -0.958019 
46.661602 1192495.500000 64 58 44 0.925587 0.807208 0.337919 0.981339 0.963478 0.941455 0.791985 0.687576 0.569337 0.393245 0.159386 0.034851 -0.043955 -0.271459 -0.501582 -0.591255 -0.686067 -0.795253 -0.949007 0.983582 0.974445 0.946476 0.763854 0.653470 0.556010 0.359048 0.224295 0.078420 -0.010005 -0.251239 -0.449800 -0.587293 -0.725361 -0.830161 -0.962655 
41.660042 108283.710938 44 60 60 0.495692 0.557657 0.493416 0.977948 0.963508 0.923601 0.771888 0.617060 0.577228 0.364305 0.243783 0.094224 -0.201651 -0.373130 -0.434243 -0.594920 -0.704451 -0.824863 -0.981438 0.974130 0.959142 0.940019 0.824158 0.691474 0.592460 0.421191 0.214975 0.080174 -0.167821 -0.343576 -0.473604 -0.607107 -0.685236 -0.802625 -0.958895 
29.796139 52480.292969 58 58 34 0.614697 0.539603 0.596383 0.983449 0.973994 0.921825 0.747655 0.634001 0.558637 0.425116 0.176304 0.030755 -0.282612 -0.383869 -0.480258 -0.615677 -0.791630 -0.862162 -0.969264 0.980523 0.967897 0.897458 0.724871 0.635097 0.541461 0.370875 0.199295 0.063857 -0.286715 -0.390914 -0.474049 -0.596357 -0.798201 -0.847202 -0.968269 
39.444263 217219.750000 32 38 38 0.354401 0.568893 0.638309 0.959813 0.942438 0.896970 0.870028 0.758412 0.582951 0.196643 0.053149 -0.010978 -0.117047 -0.165688 -0.373993 -0.706042 -0.770229 -0.845959 -0.939460 0.972435 0.953342 0.915755 0.882458 0.775024 0.633251 0.539420 0.200835 0.004609 -0.126588 -0.322427 -0.424348 -0.599299 -0.782260 -0.877746 -0.956310 
43.640930 466420.281250 154 34 66 0.499568 0.466224 0.690102 0.980048 0.951686 0.923181 0.892721 0.814764 0.627453 0.362420 0.085026 0.008019 -0.074078 -0.198247 -0.591931 -0.744574 -0.779495 -0.854235 -0.967946 0.963102 0.943602 0.895552 0.874526 0.765476 0.567190 0.185614 0.060606 -0.002259 -0.117778 -0.156612 -0.362488 -0.710312 -0.776170 -0.838267 -0.947587 
57.626038 1690295.000000 66 64 64 0.693844 0.902242 0.855590 0.974858 0.956834 0.924824 0.903197 0.855597 0.777242 0.339042 0.099740 0.024528 -0.078260 -0.123688 -0.633850 -0.747727 -0.786800 -0.823746 -0.944754 0.976024 0.954997 0.925195 0.898691 0.854758 0.723166 0.231602 0.094308 0.003021 -0.082952 -0.153896 -0.659987 -0.744005 -0.783972 -0.817112 -0.923297 
58.064743 3843452.750000 62 62 60 0.976699 0.991007 0.965749 0.974505 0.955864 0.924475 0.890654 0.829958 0.707218 0.264690 0.118231 0.036469 -0.087116 -0.128709 -0.512395 -0.726115 -0.793202 -0.823309 -0.913968 0.975150 0.957588 0.924142 0.899015 0.838779 0.740230 0.352757 0.102685 0.021398 -0.079807 -0.136618 -0.587321 -0.731884 -0.793449 -0.829957 -0.949505 
58.622112 11055771.000000 60 60 58 0.947151 0.984612 0.989094 0.969696 0.950779 0.919975 0.875229 0.792217 0.640762 0.310859 0.123956 -0.005478 -0.120516 -0.195945 -0.479942 -0.695633 -0.772364 -0.816069 -0.867073 0.971611 0.953027 0.921587 0.883350 0.817415 0.669907 0.263740 0.097391 0.011940 -0.105036 -0.151018 -0.491023 -0.713304 -0.786600 -0.815818 -0.885864 
60.378002 22868604.000000 58 58 56 0.989997 0.930731 0.969024 0.967298 0.947151 0.923310 0.855892 0.760973 0.608488 0.334785 0.171437 -0.019222 -0.136892 -0.219938 -0.440809 -0.659860 -0.758549 -0.799292 -0.883282 0.968653 0.949125 0.921545 0.867222 0.775090 0.611264 0.342014 0.159651 0.012242 -0.129641 -0.204230 -0.466792 -0.668019 -0.772413 -0.810751 -0.885029 
60.505638 31419740.000000 56 54 54 0.985018 0.940655 0.935392 0.969458 0.947267 0.922804 0.829166 0.737909 0.609110 0.328677 0.166497 -0.019247 -0.143659 -0.210415 -0.501418 -0.631951 -0.708383 -0.793102 -0.865011 0.968665 0.946760 0.921363 0.844924 0.754485 0.626994 0.318808 0.178165 -0.042153 -0.148711 -0.219880 -0.447866 -0.651247 -0.764409 -0.803339 -0.854064 
55.266731 2071637.250000 54 62 54 0.970709 0.346033 0.884802 0.982004 0.954048 0.926599 0.849461 0.736489 0.591014 0.377347 0.233443 0.110961 -0.001020 -0.257693 -0.493808 -0.595331 -0.765435 -0.815228 -0.929341 0.974830 0.950593 0.929531 0.831410 0.719072 0.602035 0.347346 0.184651 0.064606 -0.072809 -0.197176 -0.467796 -0.578410 -0.680900 -0.789357 -0.914971 
57.854370 14867023.000000 54 54 54 0.873766 0.973852 0.993358 0.978118 0.953599 0.930218 0.813161 0.695222 0.638269 0.384791 0.229805 0.071579 -0.040539 -0.164122 -0.383615 -0.572946 -0.655539 -0.759951 -0.940563 0.977348 0.955458 0.929631 0.823581 0.701428 0.610768 0.370735 0.219171 0.086770 0.008776 -0.153830 -0.426299 -0.531278 -0.644096 -0.791466 -0.937998 
57.611126 5598775.000000 54 54 62 0.992289 0.976906 0.558828 0.983007 0.957987 0.936169 0.844938 0.705176 0.647281 0.416768 0.313687 0.036685 -0.109615 -0.179542 -0.391042 -0.660623 -0.689271 -0.747033 -0.949094 0.979772 0.954144 0.933170 0.821774 0.695484 0.642451 0.402270 0.268968 0.041550 -0.087360 -0.177361 -0.390345 -0.610841 -0.682785 -0.728873 -0.933849 
50.650387 592979.000000 56 56 58 0.748671 0.872282 0.910900 0.991491 0.976121 0.941275 0.879742 0.734123 0.674235 0.419431 0.277682 0.070745 -0.118582 -0.170898 -0.345312 -0.653930 -0.695516 -0.876922 -0.970652 0.989932 0.974716 0.934991 0.868952 0.740693 0.656188 0.373123 0.298847 0.088026 -0.084234 -0.172555 -0.428149 -0.652589 -0.692779 -0.826422 -0.967620 
50.289917 446040.000000 56 60 60 0.884364 0.872016 0.920758 0.992135 0.979626 0.955678 0.849098 0.702377 0.671260 0.382572 0.270198 0.067107 -0.109249 -0.208828 -0.262351 -0.633119 -0.746596 -0.896374 -0.970240 0.991235 0.975302 0.948573 0.864014 0.708215 0.675840 0.413956 0.260314 0.133699 -0.099713 -0.163950 -0.254677 -0.628516 -0.726469 -0.873910 -0.968745 
50.319675 268267.406250 60 60 62 0.924084 0.879836 0.926004 0.992316 0.982028 0.962440 0.867919 0.743495 0.635826 0.352201 0.295425 0.200526 -0.122055 -0.212655 -0.324021 -0.635090 -0.818303 -0.921641 -0.973015 0.991714 0.979901 0.956906 0.841567 0.717792 0.673785 0.372861 0.293948 0.151350 -0.130674 -0.203155 -0.279835 -0.636017 -0.750352 -0.902911 -0.974613 
50.346924 411909.687500 62 62 60 0.946179 0.940557 0.770593 0.990375 0.979652 0.957019 0.818328 0.710496 0.673593 0.456702 0.332926 0.201750 -0.165053 -0.227993 -0.380037 -0.624697 -0.771322 -0.923737 -0.986921 0.992066 0.981130 0.961629 0.867185 0.724526 0.691592 0.471880 0.305227 0.202310 -0.141816 -0.223312 -0.346429 -0.655384 -0.781151 -0.912347 -0.976791 
57.206635 19743528.000000 62 62 62 0.848961 0.655455 0.951210 0.975538 0.957416 0.905166 0.801828 0.653773 0.603828 0.453609 0.241706 0.123641 -0.098266 -0.302259 -0.352193 -0.523117 -0.703942 -0.758832 -0.923094 0.978873 0.963775 0.924818 0.800264 0.675691 0.625849 0.437204 0.293477 0.141314 -0.114273 -0.281454 -0.333270 -0.581882 -0.704729 -0.807913 -0.976271 
56.923553 26278018.000000 62 62 62 0.943757 0.955695 0.911981 0.976117 0.955638 0.895971 0.797765 0.651517 0.580771 0.423497 0.233682 0.111488 -0.143771 -0.302765 -0.399431 -0.594895 -0.711570 -0.774216 -0.950890 0.976577 0.956514 0.896295 0.804196 0.649533 0.597100 0.428999 0.228542 0.115301 -0.103367 -0.307441 -0.359246 -0.564897 -0.709077 -0.779499 -0.958115 
56.546215 39915368.000000 64 64 64 0.960458 0.972548 0.980306 0.978077 0.953469 0.891945 0.773929 0.634651 0.570895 0.389182 0.215793 0.101118 -0.141568 -0.299502 -0.419361 -0.596760 -0.716578 -0.781002 -0.950241 0.977363 0.954455 0.894562 0.781284 0.642759 0.571556 0.403040 0.218018 0.100439 -0.152064 -0.307335 -0.415983 -0.607168 -0.715248 -0.777736 -0.937670 
56.718639 38543676.000000 64 64 64 0.984369 0.985833 0.983890 0.977067 0.949078 0.887242 0.806350 0.643839 0.568925 0.390534 0.224596 0.103814 -0.144398 -0.297623 -0.428694 -0.590934 -0.707829 -0.778033 -0.947408 0.977306 0.951004 0.887692 0.781675 0.637288 0.568454 0.387107 0.214210 0.099629 -0.142170 -0.306293 -0.431987 -0.593527 -0.715581 -0.786154 -0.966876 
57.433167 36143008.000000 64 64 64 0.982252 0.990610 0.975752 0.977738 0.946928 0.886773 0.815851 0.654611 0.584548 0.413927 0.247106 0.115249 -0.136500 -0.306851 -0.434112 -0.597119 -0.684981 -0.772836 -0.947101 0.977317 0.947829 0.886637 0.815903 0.650959 0.581016 0.407662 0.241078 0.111337 -0.143420 -0.304284 -0.436311 -0.593146 -0.689934 -0.778555 -0.943457 
58.016838 41402912.000000 64 64 64 0.983545 0.957064 0.960053 0.975793 0.947888 0.891259 0.821637 0.650117 0.576177 0.403571 0.224168 0.119985 -0.141612 -0.306000 -0.440562 -0.585771 -0.683219 -0.771986 -0.939151 0.976913 0.947306 0.888500 0.821024 0.653148 0.569952 0.402023 0.235754 0.120717 -0.129436 -0.304886 -0.437379 -0.586119 -0.688312 -0.777265 -0.951671 
58.629524 49714964.000000 64 64 64 0.970225 0.969975 0.976931 0.974628 0.953325 0.912758 0.801398 0.644241 0.588887 0.379241 0.196874 0.113382 -0.205422 -0.352681 -0.522982 -0.636999 -0.736044 -0.844992 -0.952887 0.975096 0.950501 0.899576 0.811864 0.648206 0.580181 0.406181 0.211156 0.126683 -0.141327 -0.325596 -0.468604 -0.604110 -0.692521 -0.779151 -0.943717 
54.646000 2882507.250000 64 66 64 0.972777 0.550902 0.683027 0.985308 0.962312 0.930652 0.770406 0.638283 0.596869 0.351165 0.201754 0.124105 -0.216520 -0.346780 -0.461658 -0.574164 -0.706463 -0.830018 -0.960989 0.976653 0.959225 0.931655 0.812456 0.643445 0.603403 0.382473 0.204126 0.120480 -0.198053 -0.347466 -0.475714 -0.612338 -0.664216 -0.810988 -0.964626 
56.946655 20101014.000000 64 64 64 0.802317 0.964667 0.954754 0.978261 0.959904 0.944301 0.778263 0.604332 0.550121 0.346872 0.179817 0.093107 -0.176615 -0.320614 -0.446122 -0.576862 -0.657787 -0.700998 -0.898102 0.980294 0.962328 0.938586 0.747276 0.622332 0.568029 0.357256 0.191407 0.118540 -0.165398 -0.344722 -0.466114 -0.568605 -0.659775 -0.728563 -0.915205 
59.002777 19825286.000000 64 64 64 0.953451 0.930330 0.962299 0.976176 0.959384 0.939079 0.791367 0.588737 0.509454 0.405500 0.238401 0.088140 -0.146543 -0.252836 -0.377733 -0.588000 -0.670566 -0.718559 -0.915957 0.976666 0.959027 0.941871 0.790520 0.596351 0.530132 0.364746 0.187553 0.096315 -0.153307 -0.280963 -0.408382 -0.575189 -0.669364 -0.714276 -0.907852 
54.190735 2354852.000000 64 64 64 0.946703 0.969862 0.737195 0.982883 0.962921 0.935656 0.794869 0.592839 0.514260 0.429350 0.358147 0.079331 -0.162179 -0.236581 -0.378396 -0.555115 -0.638355 -0.769012 -0.947651 0.978321 0.960678 0.937936 0.796797 0.579090 0.500480 0.426277 0.329604 0.062716 -0.146322 -0.238618 -0.373506 -0.591037 -0.661663 -0.769989 -0.955338 
35.179199 226179.812500 64 64 62 0.674857 0.750454 0.732022 0.983417 0.956431 0.880458 0.786432 0.594259 0.514238 0.428706 0.217443 0.151943 -0.066712 -0.291593 -0.408419 -0.594126 -0.712628 -0.805624 -0.961843 0.982579 0.953582 0.888752 0.786801 0.628805 0.549434 0.421049 0.209842 0.123527 -0.080556 -0.281011 -0.395759 -0.587722 -0.687599 -0.803582 -0.957321 
33.735451 137282.515625 62 64 64 0.757637 0.795897 0.338897 0.966911 0.950518 0.881724 0.758253 0.616348 0.556690 0.416913 0.232375 0.125713 -0.060101 -0.232111 -0.369368 -0.565459 -0.699475 -0.869451 -0.955209 0.976047 0.953414 0.888526 0.750628 0.615467 0.543095 0.407656 0.229124 0.144335 -0.064976 -0.285882 -0.420405 -0.578183 -0.678499 -0.841616 -0.954735 
30.461658 62364.445312 126 126 126 0.491136 0.613199 0.575428 0.963281 0.942329 0.857739 0.730794 0.636833 0.542222 0.393278 0.265006 0.176720 -0.084756 -0.290635 -0.455804 -0.632421 -0.807006 -0.909342 -0.970443 0.967129 0.940829 0.852575 0.747704 0.617404 0.562587 0.385300 0.258075 0.100312 -0.001347 -0.169771 -0.390481 -0.584479 -0.748130 -0.868829 -0.953960 
30.380981 43621.890625 126 106 132 0.558261 0.480738 0.565189 0.970963 0.943271 0.863635 0.830145 0.629205 0.577085 0.439428 0.302359 0.074048 -0.168993 -0.346711 -0.523202 -0.660708 -0.823805 -0.907512 -0.967901 0.963611 0.942470 0.881299 0.843676 0.677146 0.558795 0.503580 0.287048 0.170821 -0.103229 -0.307300 -0.462408 -0.650429 -0.794721 -0.909306 -0.964822 
41.202080 58440.703125 76 62 62 0.356492 0.608188 0.863056 0.990447 0.979996 0.964482 0.907628 0.725127 0.554530 0.482360 0.273269 0.067980 -0.119866 -0.292406 -0.477330 -0.652041 -0.808951 -0.895600 -0.974885 0.989071 0.966659 0.895948 0.796143 0.623305 0.546721 0.426296 0.243809 -0.004339 -0.137387 -0.299017 -0.529382 -0.681176 -0.811923 -0.901804 -0.973003 
48.299656 51467.367188 64 70 72 0.887161 0.872310 0.967509 0.988317 0.977271 0.958662 0.937259 0.858576 0.637111 0.478300 0.316645 0.111670 -0.135712 -0.336155 -0.515683 -0.674175 -0.820089 -0.923168 -0.980290 0.989399 0.979166 0.960009 0.930304 0.818058 0.601560 0.461236 0.293404 0.106103 -0.133815 -0.327418 -0.525859 -0.631816 -0.825979 -0.928053 -0.979357 
48.714199 35979.023438 72 74 76 0.969736 0.964563 0.930233 0.987928 0.980370 0.958691 0.940326 0.848681 0.629619 0.486571 0.280153 0.106529 -0.133411 -0.326905 -0.527134 -0.674881 -0.829914 -0.921640 -0.979104 0.988033 0.978501 0.959154 0.940406 0.849001 0.644114 0.466892 0.282935 0.088586 -0.134491 -0.349497 -0.515023 -0.680754 -0.822037 -0.919568 -0.976431 
45.690800 29935.775391 76 78 78 0.941435 0.952204 0.958048 0.989388 0.980290 0.960911 0.940145 0.807347 0.619848 0.472530 0.230459 0.089071 -0.146153 -0.354463 -0.533170 -0.694008 -0.815075 -0.917816 -0.978593 0.988646 0.981359 0.962841 0.941567 0.806734 0.612984 0.467281 0.237393 0.103757 -0.137614 -0.372661 -0.537206 -0.696354 -0.820596 -0.915068 -0.981496 
42.794548 41061.265625 78 80 80 0.963594 0.946454 0.945998 0.991353 0.981231 0.963568 0.940012 0.761645 0.583020 0.433809 0.211202 -0.072328 -0.233524 -0.426114 -0.703702 -0.742257 -0.826864 -0.967451 -0.979840 0.991194 0.980936 0.962633 0.938459 0.797978 0.616687 0.466356 0.234973 0.054433 -0.181975 -0.348094 -0.557190 -0.704857 -0.800128 -0.911950 -0.974495 
42.926563 93952.023438 80 78 76 0.944947 0.970509 0.937938 0.989291 0.979607 0.963054 0.938125 0.758063 0.550826 0.344841 0.145880 -0.077545 -0.330741 -0.574467 -0.732982 -0.781558 -0.891570 -0.967485 -0.974744 0.990288 0.981636 0.962776 0.931892 0.751043 0.566584 0.397319 0.175076 -0.059730 -0.327460 -0.497348 -0.708962 -0.733689 -0.890776 -0.972266 -0.980373 
50.240631 113562.132812 76 76 74 0.950202 0.961745 0.956901 0.986034 0.976776 0.954600 0.927408 0.886013 0.707796 0.464620 0.276815 0.024464 -0.185987 -0.422847 -0.608818 -0.757150 -0.815934 -0.946368 -0.984467 0.987533 0.978292 0.957900 0.938823 0.842101 0.601044 0.451781 0.176101 -0.008331 -0.247322 -0.530372 -0.719984 -0.770044 -0.857210 -0.971108 -0.983042 
56.472084 268970.218750 74 72 72 0.966902 0.962382 0.912578 0.982364 0.970433 0.948728 0.901199 0.845395 0.791197 0.729491 0.379330 0.089924 -0.125987 -0.351250 -0.531188 -0.682638 -0.812490 -0.918024 -0.979783 0.984716 0.975627 0.949241 0.919999 0.870433 0.813158 0.611101 0.271940 0.086487 -0.158345 -0.380607 -0.561171 -0.689095 -0.823890 -0.928490 -0.979954 
60.244194 1002505.437500 72 72 74 0.964191 0.922226 0.905140 0.972430 0.959876 0.933085 0.875031 0.797428 0.717451 0.647385 0.593196 0.303339 -0.049514 -0.292831 -0.508756 -0.664208 -0.808862 -0.914733 -0.978680 0.976154 0.964784 0.943691 0.878339 0.815699 0.747636 0.707840 0.520429 0.120041 -0.093116 -0.331937 -0.515679 -0.677586 -0.811423 -0.917410 -0.978716 
59.660259 5886879.000000 74 74 74 0.937578 0.942865 0.973964 0.965753 0.943146 0.918265 0.828727 0.748087 0.660299 0.455544 0.392124 0.259692 0.104063 0.016807 -0.343577 -0.592988 -0.735030 -0.899805 -0.972777 0.969314 0.948671 0.923219 0.852143 0.773137 0.675242 0.541107 0.451652 0.319181 0.185945 -0.066903 -0.455837 -0.626884 -0.786887 -0.904766 -0.977319 
60.261379 25949884.000000 74 74 74 0.936390 0.990030 0.944947 0.964783 0.941287 0.914851 0.787486 0.682086 0.605595 0.412823 0.331604 0.131485 -0.050636 -0.151602 -0.426363 -0.629655 -0.690303 -0.738617 -0.922783 0.963519 0.941337 0.912932 0.803846 0.714642 0.639348 0.414055 0.355068 0.146839 0.014300 -0.109613 -0.402843 -0.634158 -0.670580 -0.836960 -0.969777 
59.483582 33250228.000000 74 72 72 0.952070 0.955370 0.909389 0.972331 0.948773 0.924301 0.757196 0.610576 0.554988 0.404873 0.319415 0.104799 -0.116546 -0.196094 -0.445298 -0.628847 -0.695925 -0.748203 -0.846592 0.966637 0.943286 0.916824 0.774346 0.648724 0.580263 0.402472 0.316756 0.104621 -0.099073 -0.190000 -0.476202 -0.632851 -0.698548 -0.745654 -0.861482 
59.414101 29865466.000000 72 72 72 0.938758 0.973609 0.928926 0.976962 0.965407 0.936931 0.796699 0.555330 0.469548 0.387322 0.258969 0.024841 -0.168022 -0.256862 -0.392946 -0.617618 -0.698834 -0.760109 -0.838674 0.976376 0.959274 0.927227 0.743611 0.578690 0.508088 0.387719 0.285789 0.059876 -0.143081 -0.219439 -0.374522 -0.621118 -0.691740 -0.752635 -0.841315 
59.252018 18696438.000000 72 74 74 0.943854 0.958549 0.974858 0.981791 0.970424 0.944902 0.796750 0.585067 0.427733 0.367632 0.247215 0.068022 -0.214480 -0.311039 -0.414313 -0.596924 -0.708304 -0.760970 -0.912249 0.978841 0.968078 0.944286 0.791106 0.576453 0.448875 0.385764 0.253138 0.035473 -0.187821 -0.289952 -0.383668 -0.605199 -0.711444 -0.776404 -0.856428 
53.056076 5298764.000000 74 74 74 0.972584 0.962742 0.822349 0.986075 0.974539 0.940157 0.772571 0.621684 0.485926 0.372154 0.252768 -0.006256 -0.231935 -0.364941 -0.516727 -0.680071 -0.772332 -0.887148 -0.981644 0.984704 0.972558 0.943651 0.790037 0.613185 0.459026 0.372238 0.294428 0.052753 -0.217741 -0.345016 -0.445353 -0.641936 -0.718089 -0.807246 -0.961078 
42.664085 13093484.000000 74 74 74 0.856509 0.622791 0.763659 0.979180 0.944863 0.816801 0.670845 0.570541 0.456323 0.278608 0.067594 -0.136751 -0.314587 -0.460025 -0.630545 -0.731256 -0.819288 -0.930480 -0.982336 0.981887 0.963192 0.842285 0.701591 0.597326 0.488891 0.279219 0.041812 -0.145976 -0.287903 -0.446535 -0.589213 -0.699750 -0.798284 -0.927611 -0.982328 
39.294189 6058152.500000 74 74 74 0.812526 0.807514 0.753997 0.971477 0.952977 0.819084 0.696068 0.562358 0.439269 0.269047 0.064598 -0.138438 -0.322292 -0.456548 -0.604574 -0.746734 -0.836230 -0.926576 -0.989961 0.972548 0.939414 0.828349 0.691345 0.573421 0.419910 0.285269 0.063581 -0.149093 -0.305490 -0.444157 -0.627374 -0.730903 -0.832649 -0.944936 -0.987108 
37.575516 4689055.500000 74 74 74 0.759276 0.719616 0.675690 0.966262 0.935558 0.754482 0.679371 0.510344 0.403293 0.215074 0.022165 -0.165673 -0.359864 -0.503201 -0.643976 -0.760157 -0.833665 -0.943936 -0.982452 0.967802 0.950388 0.782380 0.658816 0.549849 0.451190 0.269019 -0.021292 -0.151945 -0.294833 -0.467320 -0.620893 -0.749277 -0.801003 -0.948094 -0.990006 
37.537033 3780166.000000 74 74 74 0.737944 0.572260 0.641136 0.970392 0.926673 0.716609 0.677978 0.549791 0.426230 0.184864 -0.064393 -0.232301 -0.400201 -0.499849 -0.656060 -0.769695 -0.843142 -0.942655 -0.981297 0.965368 0.908947 0.752606 0.668139 0.487687 0.389815 0.192718 -0.048919 -0.212168 -0.398228 -0.538544 -0.661974 -0.770896 -0.845945 -0.937949 -0.989094 
36.228455 2235152.500000 74 72 74 0.610979 0.558200 0.557926 0.971395 0.950492 0.727173 0.627494 0.542048 0.434772 0.155039 -0.001333 -0.189323 -0.332661 -0.461316 -0.616661 -0.795250 -0.833865 -0.941550 -0.989319 0.969137 0.932872 0.723891 0.661189 0.500431 0.411253 0.140645 -0.009009 -0.146535 -0.318708 -0.450124 -0.597464 -0.763276 -0.820709 -0.943828 -0.987486 
30.042364 216679.031250 72 74 74 0.559782 0.482412 0.534757 0.972443 0.956571 0.867010 0.693487 0.522168 0.457640 0.316796 0.073929 -0.134046 -0.235055 -0.435842 -0.633131 -0.811378 -0.841174 -0.913535 -0.978611 0.972640 0.943427 0.809653 0.667501 0.515042 0.463352 0.304266 -0.016678 -0.221066 -0.285355 -0.471946 -0.657031 -0.799804 -0.833821 -0.927532 -0.986378 
43.480186 448139.625000 72 80 172 0.618583 0.656480 0.570813 0.981596 0.965002 0.940898 0.916129 0.809305 0.490979 0.318125 0.068828 -0.047488 -0.173120 -0.280404 -0.633020 -0.802138 -0.851204 -0.880025 -0.948527 0.986665 0.962748 0.941020 0.851939 0.575435 0.478311 0.351950 0.011872 -0.124285 -0.219608 -0.420162 -0.626144 -0.764632 -0.845229 -0.909911 -0.975397 
51.130699 270939.343750 174 84 68 0.736554 0.761880 0.845017 0.978120 0.965328 0.948483 0.918840 0.872658 0.591078 0.370355 0.082782 -0.057913 -0.164259 -0.214615 -0.531351 -0.786668 -0.848323 -0.879866 -0.941647 0.978702 0.966174 0.947129 0.921439 0.847225 0.555125 0.355738 0.077877 -0.048115 -0.157453 -0.216590 -0.670902 -0.823210 -0.852758 -0.880667 -0.926671 
53.745827 616526.437500 112 100 102 0.586995 0.762831 0.975987 0.977903 0.967523 0.947180 0.918906 0.875167 0.599638 0.123640 0.003023 -0.082286 -0.184882 -0.215634 -0.526589 -0.812488 -0.836004 -0.880245 -0.896373 0.976994 0.965732 0.947724 0.918777 0.873469 0.615848 0.153375 0.011081 -0.073044 -0.182560 -0.210528 -0.537329 -0.819510 -0.840831 -0.885382 -0.901014 
53.382629 559417.750000 102 96 96 0.974671 0.941076 0.895260 0.976898 0.965814 0.948110 0.925671 0.874116 0.600048 0.202678 -0.060247 -0.113370 -0.211765 -0.238746 -0.492281 -0.819726 -0.846933 -0.884309 -0.905182 0.977582 0.967757 0.948651 0.924480 0.869107 0.584495 0.233657 -0.002380 -0.063720 -0.187898 -0.213420 -0.488952 -0.782034 -0.829713 -0.864270 -0.907762 
51.261124 187030.765625 96 94 100 0.906400 0.953235 0.545804 0.981879 0.968754 0.948518 0.926901 0.887156 0.642371 0.353565 -0.068193 -0.149976 -0.204248 -0.256065 -0.331613 -0.749578 -0.854325 -0.877555 -0.929928 0.980204 0.966566 0.947593 0.925209 0.883526 0.663534 0.246573 -0.076525 -0.138292 -0.209746 -0.247839 -0.395431 -0.817173 -0.852247 -0.881125 -0.904828 
46.631989 90860.445312 100 96 88 0.535159 0.892315 0.720055 0.986265 0.971794 0.946891 0.925857 0.881612 0.611938 0.369066 -0.016518 -0.164391 -0.197975 -0.283365 -0.325886 -0.712078 -0.840342 -0.883060 -0.960161 0.984609 0.971333 0.947381 0.926953 0.858473 0.609398 0.402986 0.127259 -0.120848 -0.197863 -0.266453 -0.408406 -0.724637 -0.858233 -0.887547 -0.952201 
39.050941 25831.296875 88 90 92 0.717440 0.647586 0.666638 0.994551 0.973727 0.944329 0.910215 0.745825 0.509656 0.356996 0.019728 -0.204588 -0.256788 -0.302984 -0.350732 -0.690912 -0.805751 -0.897576 -0.968321 0.988144 0.973369 0.948989 0.929678 0.851905 0.535287 0.387032 0.037055 -0.170936 -0.206788 -0.300546 -0.342256 -0.662298 -0.836135 -0.904626 -0.965764 
26.840551 7537.869141 92 102 44 0.647178 0.554828 0.495581 0.986733 0.959840 0.934451 0.880544 0.687196 0.496346 0.323241 0.159299 -0.114057 -0.229343 -0.330076 -0.498871 -0.702528 -0.839489 -0.925049 -0.978868 0.993975 0.967067 0.944592 0.906055 0.733069 0.492248 0.307576 0.125813 -0.172604 -0.237064 -0.306053 -0.449213 -0.696462 -0.819812 -0.913607 -0.976447 
21.699865 6210.535156 46 52 96 0.486548 0.485881 0.648367 0.976999 0.962554 0.938350 0.875337 0.696816 0.509574 0.333093 0.132034 -0.094174 -0.256995 -0.393756 -0.551482 -0.725238 -0.828380 -0.936666 -0.976010 0.978993 0.961990 0.935942 0.843291 0.696563 0.477506 0.335166 0.159206 -0.130042 -0.262914 -0.364410 -0.555781 -0.733938 -0.835317 -0.937763 -0.979373 
18.191679 5920.056152 94 110 98 0.631144 0.378145 0.534517 0.988633 0.958197 0.918890 0.840549 0.651719 0.512588 0.299270 0.125413 -0.083155 -0.278022 -0.406180 -0.590756 -0.744058 -0.847950 -0.919576 -0.977662 0.978228 0.965585 0.931203 0.839993 0.668224 0.482875 0.357354 0.175294 -0.063623 -0.261737 -0.411812 -0.585716 -0.718781 -0.846914 -0.924803 -0.975894 
20.181210 4733.563477 98 50 74 0.524294 0.698212 0.545045 0.976562 0.964708 0.933911 0.827104 0.699314 0.523396 0.346778 0.130222 -0.067097 -0.235969 -0.383248 -0.572733 -0.726760 -0.832664 -0.916542 -0.971556 0.980307 0.960514 0.929014 0.856187 0.692787 0.528085 0.322507 0.179158 -0.082698 -0.219287 -0.432855 -0.564439 -0.712050 -0.850981 -0.922362 -0.978764 
15.525244 4560.785645 74 50 52 0.642304 0.527215 0.435970 0.985219 0.957615 0.914835 0.785919 0.650467 0.510784 0.305077 0.139039 -0.075147 -0.256773 -0.381135 -0.577174 -0.718209 -0.835994 -0.930265 -0.975596 0.980929 0.960750 0.926104 0.837999 0.693881 0.530295 0.345809 0.109495 -0.084086 -0.261534 -0.395777 -0.587129 -0.724231 -0.853391 -0.920056 -0.973573 
16.875626 4142.442871 98 124 78 0.500575 0.563236 0.471124 0.975624 0.964820 0.922465 0.782402 0.649019 0.550003 0.313459 0.112536 -0.112828 -0.242168 -0.407923 -0.611522 -0.712834 -0.832364 -0.921923 -0.981826 0.976638 0.964385 0.918082 0.804713 0.656774 0.540239 0.292910 0.131830 -0.082040 -0.226255 -0.369395 -0.549908 -0.747450 -0.844504 -0.930017 -0.969427 
13.796728 3744.403809 78 82 100 0.612155 0.490963 0.491191 0.974256 0.951891 0.914652 0.801741 0.635364 0.553700 0.352553 0.166795 -0.049907 -0.270323 -0.399585 -0.540655 -0.728649 -0.850808 -0.930649 -0.979885 0.976865 0.963925 0.893936 0.787162 0.654489 0.499989 0.330245 0.149966 -0.095390 -0.280140 -0.386577 -0.561691 -0.717119 -0.858349 -0.924508 -0.984396 
14.802542 3657.881836 100 104 34 0.515517 0.558851 0.402113 0.975905 0.957997 0.917311 0.791456 0.634054 0.537506 0.331345 0.139681 -0.088989 -0.258822 -0.395910 -0.537718 -0.703831 -0.834515 -0.924178 -0.969361 0.981420 0.965783 0.911624 0.797305 0.673705 0.548913 0.371174 0.182553 -0.062270 -0.282683 -0.408070 -0.577548 -0.741435 -0.844671 -0.915670 -0.976892 
13.958793 3596.119141 70 52 52 0.417195 0.532409 0.713266 0.972156 0.960470 0.901973 0.770235 0.642206 0.548539 0.326125 0.101775 -0.097348 -0.297110 -0.399842 -0.567361 -0.696227 -0.860371 -0.918225 -0.980178 0.976836 0.964526 0.915386 0.778800 0.616037 0.559310 0.318195 0.146810 -0.101279 -0.280609 -0.425122 -0.582348 -0.678451 -0.855349 -0.929346 -0.977546 
14.003489 4774.398926 52 54 56 0.580763 0.550117 0.375033 0.980942 0.953974 0.901142 0.762669 0.610867 0.520054 0.358222 0.081637 -0.087710 -0.209118 -0.384592 -0.531191 -0.737347 -0.832979 -0.918675 -0.967702 0.978638 0.965543 0.914369 0.776288 0.643052 0.492722 0.359199 0.147854 -0.094122 -0.252723 -0.348144 -0.550160 -0.684993 -0.833539 -0.920912 -0.976040 
14.969072 6801.819824 60 50 52 0.385297 0.560464 0.665217 0.983352 0.957993 0.907805 0.772616 0.603619 0.510452 0.352933 0.105818 -0.098720 -0.252100 -0.375180 -0.489967 -0.715078 -0.846861 -0.936276 -0.984503 0.981693 0.963313 0.909825 0.803674 0.601069 0.486924 0.357041 0.055680 -0.102845 -0.253623 -0.378610 -0.537054 -0.715802 -0.834250 -0.932376 -0.979427 
15.161226 11930.055664 208 52 106 0.488781 0.358330 0.431929 0.980702 0.950300 0.875107 0.671051 0.574483 0.486248 0.377640 0.101167 -0.076710 -0.204557 -0.312423 -0.525151 -0.683760 -0.845878 -0.923504 -0.985373 0.981200 0.963064 0.863624 0.684545 0.581900 0.522039 0.407925 0.135663 -0.093618 -0.238453 -0.362698 -0.516833 -0.680538 -0.840135 -0.927145 -0.982438 
20.059921 20424.115234 104 48 208 0.414514 0.750858 0.571490 0.980284 0.955689 0.868368 0.626208 0.533758 0.478241 0.394992 0.220177 -0.108122 -0.234134 -0.286920 -0.403947 -0.695302 -0.829835 -0.933153 -0.989857 0.976244 0.956980 0.891509 0.653271 0.549454 0.496590 0.410324 0.140883 -0.078203 -0.158153 -0.340183 -0.508679 -0.680400 -0.793211 -0.926693 -0.983392 
22.007908 25337.318359 58 124 26 0.524778 0.476186 0.671332 0.976254 0.959025 0.870180 0.593049 0.501028 0.406500 0.335870 0.092990 -0.061650 -0.214127 -0.255841 -0.387706 -0.571616 -0.829866 -0.941382 -0.988699 0.975568 0.962075 0.889390 0.603401 0.528867 0.457464 0.383137 0.212801 -0.136214 -0.210824 -0.303837 -0.446987 -0.630826 -0.787920 -0.951230 -0.985435 
24.251102 49819.714844 130 104 104 0.423341 0.568913 0.621564 0.973544 0.958724 0.802210 0.566832 0.507881 0.404331 0.276644 0.084428 -0.032935 -0.205936 -0.308344 -0.429890 -0.541984 -0.821429 -0.934025 -0.978154 0.970716 0.955760 0.829797 0.604271 0.515480 0.370766 0.311452 0.038609 -0.112636 -0.217333 -0.274628 -0.380573 -0.516120 -0.783611 -0.925065 -0.980534 
24.167149 40316.046875 104 102 80 0.648532 0.611249 0.439058 0.970609 0.943237 0.861868 0.609834 0.479176 0.425128 0.326882 0.133135 -0.018981 -0.229584 -0.338797 -0.374334 -0.541658 -0.737035 -0.924819 -0.984072 0.972540 0.951915 0.838505 0.570701 0.502985 0.407506 0.321636 0.108893 -0.041999 -0.195206 -0.320969 -0.402805 -0.538208 -0.760902 -0.939740 -0.982429 
24.248020 46885.875000 52 54 48 0.321372 0.666473 0.556349 0.972864 0.940578 0.867043 0.604891 0.463026 0.420742 0.270283 0.089587 -0.086909 -0.173657 -0.325533 -0.424143 -0.562876 -0.765058 -0.917296 -0.975376 0.973758 0.952175 0.848904 0.576984 0.467820 0.411537 0.291668 0.115669 -0.087525 -0.175434 -0.314866 -0.386905 -0.531784 -0.749972 -0.895478 -0.978679 
24.509966 37844.144531 46 50 128 0.312938 0.537874 0.293402 0.974672 0.952446 0.865934 0.587814 0.463031 0.370102 0.266895 0.102237 -0.032260 -0.182361 -0.245644 -0.347838 -0.592416 -0.769881 -0.921464 -0.972692 0.973472 0.957454 0.864321 0.634600 0.458251 0.405828 0.260292 0.107734 -0.077741 -0.173378 -0.298498 -0.373645 -0.562799 -0.726334 -0.897012 -0.973605 
21.599976 27050.195312 54 20 26 0.409734 0.484915 0.460743 0.970489 0.937786 0.887911 0.706583 0.479225 0.395786 0.285746 0.091980 -0.094360 -0.191320 -0.287091 -0.441858 -0.531557 -0.735725 -0.905072 -0.966113 0.980674 0.962396 0.887168 0.657419 0.475621 0.404805 0.277620 0.059850 -0.063007 -0.194397 -0.269860 -0.393891 -0.569965 -0.761110 -0.910737 -0.977155 
22.449425 25838.880859 28 74 26 0.443638 0.617390 0.800016 0.972128 0.932456 0.887663 0.794020 0.461925 0.380889 0.329855 0.161741 -0.042578 -0.141500 -0.258817 -0.408406 -0.622488 -0.785725 -0.913201 -0.984259 0.970886 0.945930 0.885386 0.735486 0.431438 0.393381 0.315152 0.146850 -0.070535 -0.201733 -0.301001 -0.439630 -0.535213 -0.750114 -0.917740 -0.981452 
23.777666 10493.672852 68 65 68 0.503236 0.691984 0.750565 0.979497 0.932296 0.921071 0.788969 0.595615 0.554456 0.364013 0.235282 -0.001855 -0.168508 -0.410684 -0.567286 -0.710275 -0.837540 -0.929476 -0.975312 0.969650 0.927937 0.919863 0.711616 0.592698 0.566948 0.401807 0.230780 0.116090 -0.091830 -0.322841 -0.504506 -0.714524 -0.824747 -0.912927 -0.976201 
16.107370 4819.042480 65 63 68 0.627352 0.652339 0.717827 0.985169 0.969438 0.924213 0.762314 0.613731 0.530534 0.276066 0.127568 -0.042653 -0.229768 -0.495799 -0.602328 -0.748002 -0.844819 -0.921605 -0.977987 0.985792 0.968555 0.920827 0.815738 0.616916 0.568791 0.325053 0.136324 -0.068075 -0.222221 -0.435197 -0.611225 -0.729503 -0.810295 -0.934965 -0.981636 
14.882420 3870.042725 133 115 65 0.598139 0.405308 0.538203 0.983247 0.971686 0.919224 0.809861 0.606606 0.482473 0.296456 0.119790 -0.080965 -0.266782 -0.446190 -0.595973 -0.754917 -0.846396 -0.927994 -0.968536 0.985604 0.971349 0.913357 0.806249 0.621470 0.514229 0.269934 0.104013 -0.032779 -0.287768 -0.459378 -0.587084 -0.752259 -0.859349 -0.927531 -0.977791 
18.177704 5996.763672 65 63 60 0.415887 0.630457 0.468958 0.984120 0.963197 0.939938 0.818761 0.675878 0.570678 0.331496 0.161536 -0.056475 -0.223452 -0.467182 -0.594240 -0.733273 -0.831628 -0.921936 -0.978889 0.981033 0.972725 0.905725 0.787487 0.629709 0.476188 0.280987 0.063729 -0.068706 -0.223618 -0.418409 -0.591958 -0.729488 -0.833646 -0.921901 -0.967589 
34.894924 78685.265625 66 44 148 0.456768 0.314506 0.315693 0.966653 0.943260 0.925514 0.844474 0.617375 0.564890 0.461534 0.416454 0.188214 0.053950 -0.283112 -0.454406 -0.596337 -0.784970 -0.895430 -0.962594 0.985863 0.948445 0.920229 0.794156 0.597620 0.509311 0.422164 0.249084 0.056760 -0.221805 -0.349201 -0.542203 -0.691957 -0.840441 -0.914682 -0.972827 
51.106628 8915761.000000 128 56 68 0.828972 0.834680 0.706196 0.965383 0.937085 0.913050 0.837730 0.615658 0.552272 0.396816 0.257634 0.078757 -0.174223 -0.351133 -0.417918 -0.583837 -0.726367 -0.865227 -0.889472 0.965500 0.939017 0.911331 0.832073 0.621855 0.555798 0.416296 0.241407 0.089478 -0.121176 -0.320703 -0.408281 -0.522587 -0.658951 -0.847551 -0.897065 
56.464020 44723968.000000 68 76 72 0.620643 0.910722 0.985619 0.966945 0.942035 0.917431 0.776257 0.596051 0.546570 0.359878 0.207019 0.069141 -0.180871 -0.355367 -0.433286 -0.604424 -0.743313 -0.876632 -0.897302 0.965703 0.937779 0.907646 0.767458 0.602614 0.540548 0.362255 0.231321 0.061735 -0.181165 -0.353680 -0.428423 -0.607820 -0.737288 -0.872440 -0.892985 
58.657906 22463652.000000 72 72 70 0.956796 0.946955 0.948068 0.974733 0.951400 0.931908 0.848489 0.613714 0.552196 0.407102 0.217850 0.091562 -0.125401 -0.357172 -0.457259 -0.604360 -0.739287 -0.864321 -0.890630 0.971308 0.946118 0.928220 0.832804 0.609100 0.559742 0.409175 0.235407 0.079818 -0.155376 -0.348530 -0.442481 -0.587033 -0.733989 -0.878886 -0.899563 
58.108864 17245486.000000 70 70 72 0.964307 0.940871 0.904273 0.978919 0.966665 0.944071 0.784069 0.615910 0.549718 0.400394 0.179470 0.085859 -0.157968 -0.427530 -0.507721 -0.581584 -0.730437 -0.870086 -0.909376 0.976645 0.960639 0.934984 0.839937 0.610129 0.553468 0.410437 0.201250 0.101249 -0.092313 -0.400789 -0.492358 -0.577966 -0.734758 -0.867818 -0.898267 
52.418083 21820716.000000 72 78 72 0.895037 0.881407 0.627898 0.985261 0.968558 0.915225 0.662709 0.571366 0.458644 0.193823 -0.031068 -0.319881 -0.455657 -0.570877 -0.721418 -0.864331 -0.926416 -0.978350 -0.994959 0.983234 0.970981 0.943659 0.759934 0.584644 0.539157 0.301469 0.152727 -0.093001 -0.382701 -0.493729 -0.581952 -0.814510 -0.876371 -0.954121 -0.982555 
47.422569 9679806.000000 72 72 76 0.658794 0.428436 0.476405 0.975886 0.939379 0.870319 0.696109 0.576468 0.406573 0.156884 -0.054998 -0.301484 -0.440141 -0.622284 -0.749197 -0.827851 -0.910025 -0.969559 -0.991101 0.978761 0.948280 0.883154 0.627871 0.578062 0.353427 0.143824 -0.028556 -0.351953 -0.443790 -0.617827 -0.719250 -0.845549 -0.917163 -0.974115 -0.994774 
45.690529 5979379.000000 76 72 140 0.469479 0.527214 0.594945 0.980506 0.939408 0.838660 0.669491 0.555427 0.388930 0.166552 -0.058634 -0.318452 -0.475014 -0.590677 -0.736875 -0.856363 -0.910246 -0.979520 -0.990022 0.974417 0.936588 0.836920 0.649808 0.566474 0.358401 0.174718 -0.027773 -0.265918 -0.468410 -0.576393 -0.720769 -0.844839 -0.912716 -0.968012 -0.989493 
52.722145 13479196.000000 80 72 72 0.480943 0.819741 0.378727 0.964798 0.949440 0.813394 0.617060 0.499347 0.267296 -0.047590 -0.211859 -0.403203 -0.520268 -0.604845 -0.764376 -0.872777 -0.908119 -0.967910 -0.982789 0.976215 0.956209 0.820970 0.687928 0.521477 0.316995 0.014806 -0.205001 -0.337537 -0.515935 -0.617911 -0.762858 -0.873911 -0.921723 -0.973496 -0.988903 
51.479195 14428494.000000 72 102 100 0.418601 0.408587 0.719935 0.968924 0.926319 0.739458 0.528415 0.410691 0.274367 -0.014910 -0.089600 -0.448654 -0.537592 -0.577758 -0.719806 -0.851621 -0.889039 -0.954296 -0.979021 0.963380 0.922939 0.768801 0.574119 0.452707 0.329865 0.045200 -0.126393 -0.427917 -0.510147 -0.581930 -0.760848 -0.847261 -0.888894 -0.962117 -0.982245 
52.568481 17626276.000000 74 70 74 0.719045 0.670868 0.589388 0.966886 0.887014 0.633994 0.494194 0.411427 0.268147 0.044383 -0.029149 -0.360925 -0.495254 -0.536628 -0.593079 -0.809001 -0.852489 -0.942402 -0.982134 0.965104 0.925924 0.680140 0.523071 0.409094 0.341435 0.027638 -0.064750 -0.407859 -0.522099 -0.548581 -0.683505 -0.830011 -0.866701 -0.921930 -0.976815 
44.152763 4193022.500000 72 48 76 0.587712 0.707463 0.348463 0.973236 0.947197 0.685614 0.601997 0.391847 0.237302 0.034088 -0.051231 -0.208527 -0.436906 -0.492693 -0.592998 -0.795649 -0.864807 -0.921332 -0.975848 0.967567 0.928215 0.664771 0.563508 0.396141 0.250352 0.046636 -0.042144 -0.288011 -0.453082 -0.533884 -0.589741 -0.775139 -0.853000 -0.919985 -0.979112 
50.722473 12787270.000000 76 52 56 0.453056 0.857952 0.964684 0.992418 0.979662 0.967846 0.784939 0.384098 0.287829 0.127507 0.014085 -0.151701 -0.260437 -0.433967 -0.492651 -0.654064 -0.819422 -0.932807 -0.971522 0.991441 0.981926 0.956788 0.717744 0.466654 0.330957 0.120366 -0.044163 -0.141299 -0.366053 -0.493997 -0.537938 -0.746340 -0.841147 -0.909033 -0.972406 
53.257118 12947830.000000 56 58 58 0.958621 0.977089 0.985922 0.992070 0.979043 0.964947 0.834791 0.372715 0.236928 0.132954 0.050338 -0.148537 -0.270392 -0.410311 -0.470797 -0.703586 -0.801136 -0.942951 -0.975990 0.992112 0.978983 0.963704 0.813496 0.387730 0.268514 0.140270 0.038810 -0.140910 -0.260081 -0.419661 -0.487825 -0.637357 -0.792222 -0.922071 -0.964694 
53.307495 12195998.000000 58 58 58 0.986370 0.984142 0.986819 0.991812 0.978985 0.965357 0.809385 0.383048 0.228913 0.145278 0.083318 -0.120373 -0.267389 -0.386671 -0.462649 -0.727334 -0.761949 -0.911582 -0.963059 0.991901 0.978752 0.964598 0.815017 0.379814 0.228522 0.141121 0.076615 -0.153860 -0.281849 -0.398158 -0.452330 -0.725548 -0.772672 -0.928390 -0.967944 
53.336456 8220182.000000 58 58 60 0.987894 0.988977 0.987840 0.991672 0.979087 0.969876 0.814841 0.386948 0.246898 0.152083 0.080708 -0.056345 -0.265465 -0.374295 -0.478790 -0.705510 -0.772377 -0.902005 -0.947509 0.991528 0.978835 0.965920 0.812768 0.387518 0.240662 0.155637 0.096382 -0.080245 -0.277511 -0.377349 -0.459499 -0.712132 -0.757223 -0.914280 -0.957767 
51.644100 6429744.000000 60 62 64 0.981231 0.978072 0.830857 0.987753 0.979563 0.958926 0.670133 0.554610 0.397180 0.279005 0.061742 -0.071527 -0.220093 -0.409533 -0.571560 -0.660386 -0.835507 -0.930938 -0.984519 0.991084 0.978685 0.971777 0.813753 0.458717 0.338100 0.176899 0.098149 -0.061346 -0.283421 -0.389947 -0.545616 -0.687736 -0.769526 -0.908315 -0.955338 
45.240372 7534194.500000 64 66 76 0.845663 0.759833 0.638696 0.984393 0.968431 0.777450 0.583924 0.513189 0.439589 0.360804 0.098250 -0.048756 -0.281222 -0.407038 -0.570815 -0.689292 -0.802676 -0.902074 -0.975490 0.989216 0.981115 0.846621 0.615055 0.528359 0.395448 0.342423 0.098793 -0.036408 -0.269826 -0.410730 -0.552255 -0.670401 -0.782449 -0.920683 -0.980452 
42.684059 2991423.500000 78 58 62 0.701480 0.671676 0.642090 0.982743 0.957023 0.742949 0.672040 0.600717 0.531398 0.326321 0.138163 -0.062652 -0.229818 -0.428036 -0.560633 -0.705993 -0.824705 -0.897143 -0.976480 0.987777 0.965230 0.724939 0.601418 0.568385 0.493792 0.374500 0.118690 -0.064427 -0.264225 -0.420939 -0.592189 -0.713197 -0.824138 -0.909165 -0.967692 
37.673412 1334742.500000 62 58 60 0.730754 0.682121 0.625972 0.986606 0.944935 0.760628 0.703676 0.637694 0.521527 0.331827 0.183185 -0.049302 -0.210858 -0.376838 -0.522452 -0.674015 -0.819207 -0.889585 -0.972803 0.979729 0.958657 0.740003 0.679535 0.633182 0.511118 0.283944 0.156135 -0.052898 -0.246750 -0.454968 -0.544382 -0.677027 -0.807471 -0.891973 -0.968215 
34.859024 479465.718750 52 58 122 0.669303 0.625692 0.391572 0.978495 0.908171 0.779820 0.750533 0.612633 0.529501 0.408614 0.206523 0.014079 -0.169725 -0.365098 -0.490847 -0.624166 -0.770999 -0.842716 -0.966061 0.989572 0.950647 0.770931 0.737334 0.613238 0.486656 0.353352 0.176597 -0.007859 -0.244580 -0.348718 -0.498634 -0.668983 -0.788715 -0.868935 -0.972751 
35.472599 210431.140625 166 66 68 0.459897 0.482667 0.556083 0.992724 0.973430 0.915651 0.779410 0.705540 0.592340 0.434167 0.261143 0.044182 -0.165485 -0.314197 -0.485597 -0.694437 -0.795776 -0.890661 -0.973503 0.983678 0.926389 0.787347 0.743300 0.634756 0.527213 0.402300 0.228202 0.001097 -0.158881 -0.336319 -0.450174 -0.699562 -0.774706 -0.889451 -0.978266 
52.528099 523956.968750 70 68 74 0.704455 0.932747 0.733281 0.980883 0.964870 0.941698 0.864505 0.788139 0.713480 0.629969 0.500148 0.139911 -0.147163 -0.216200 -0.469404 -0.704332 -0.767832 -0.892239 -0.973110 0.985444 0.966611 0.940259 0.888665 0.791285 0.689973 0.596290 0.334369 0.154180 -0.082917 -0.245650 -0.444941 -0.710678 -0.810683 -0.902989 -0.969971 
55.066677 375489.343750 74 80 82 0.742944 0.913705 0.952255 0.980498 0.969911 0.942137 0.865501 0.795327 0.737812 0.668729 0.510848 0.133684 -0.126780 -0.231748 -0.478772 -0.690744 -0.777018 -0.902503 -0.975917 0.979978 0.967779 0.940468 0.861514 0.784606 0.719697 0.652649 0.510428 0.121686 -0.137471 -0.209696 -0.481398 -0.705723 -0.766199 -0.891423 -0.976575 
54.776875 310922.312500 82 82 82 0.954955 0.975078 0.963691 0.980797 0.971447 0.945378 0.862295 0.805490 0.745122 0.691807 0.495980 0.121982 -0.087302 -0.325972 -0.508419 -0.674022 -0.809309 -0.923266 -0.978345 0.979752 0.970092 0.941658 0.861088 0.805118 0.739309 0.684247 0.504773 0.158648 -0.053887 -0.283027 -0.470650 -0.669084 -0.804973 -0.918240 -0.974631 
55.473900 221497.937500 82 82 82 0.967318 0.974948 0.965369 0.981360 0.972947 0.951532 0.866565 0.803726 0.755335 0.710176 0.544090 0.109619 -0.083659 -0.333276 -0.510104 -0.692627 -0.809810 -0.916000 -0.979983 0.980600 0.972243 0.946593 0.862753 0.801959 0.748600 0.689746 0.436317 0.113265 -0.080363 -0.320435 -0.498938 -0.682075 -0.813918 -0.918796 -0.977652 
55.612778 248147.640625 82 84 84 0.958603 0.974140 0.970497 0.982005 0.974080 0.955237 0.857313 0.773268 0.732743 0.682559 0.594430 0.108366 -0.091142 -0.305658 -0.503234 -0.688472 -0.817554 -0.915830 -0.977504 0.981463 0.973406 0.951966 0.856749 0.792314 0.743376 0.697075 0.552346 0.124862 -0.079128 -0.328463 -0.510551 -0.685225 -0.815856 -0.915222 -0.979806 
55.999245 308151.593750 84 84 84 0.976240 0.980302 0.977041 0.982975 0.975368 0.958484 0.845116 0.745678 0.706368 0.648550 0.597483 0.145393 -0.087436 -0.287655 -0.492102 -0.671603 -0.809516 -0.914923 -0.979155 0.982669 0.974647 0.958318 0.839546 0.758081 0.712515 0.667818 0.588850 0.107084 -0.099409 -0.319298 -0.497754 -0.679706 -0.809868 -0.917781 -0.978128 
55.161346 385534.281250 84 84 84 0.975757 0.987141 0.970036 0.984263 0.976869 0.958351 0.857764 0.715886 0.673682 0.580300 0.488529 0.196241 -0.112621 -0.189854 -0.486682 -0.653349 -0.761436 -0.906535 -0.976457 0.983011 0.975888 0.955147 0.845691 0.737499 0.685647 0.619564 0.556916 0.162984 -0.074111 -0.252113 -0.499708 -0.665762 -0.804485 -0.913792 -0.977874 
50.322029 154903.781250 84 86 92 0.962064 0.865344 0.676107 0.988164 0.979561 0.954421 0.802366 0.750755 0.664730 0.603086 0.223968 -0.022628 -0.117389 -0.201182 -0.427142 -0.626445 -0.743899 -0.911540 -0.964925 0.985902 0.977792 0.961493 0.837364 0.700642 0.657577 0.538101 0.378898 -0.000671 -0.127216 -0.195206 -0.409492 -0.642104 -0.688288 -0.890177 -0.970907 
40.092690 30717.919922 92 84 90 0.707659 0.884938 0.856126 0.992621 0.981726 0.940324 0.799197 0.749883 0.678888 0.645231 0.438898 0.068801 -0.153488 -0.343153 -0.553139 -0.684703 -0.814587 -0.915143 -0.982029 0.991825 0.982230 0.929524 0.808285 0.746129 0.680624 0.636507 0.434909 0.029086 -0.112251 -0.249553 -0.496993 -0.678285 -0.817934 -0.914940 -0.970915 
34.783249 19407.806641 92 82 92 0.843364 0.699478 0.675969 0.993413 0.979949 0.926486 0.798956 0.751806 0.661189 0.620664 0.304229 0.091765 -0.186083 -0.349664 -0.538471 -0.685623 -0.841659 -0.916780 -0.975660 0.994055 0.983061 0.925908 0.789465 0.734315 0.669872 0.635188 0.321173 0.075234 -0.172999 -0.378544 -0.528600 -0.689219 -0.819506 -0.913595 -0.965530 
31.837181 17737.224609 92 176 84 0.725737 0.720970 0.590751 0.990537 0.981062 0.888461 0.759632 0.730887 0.674278 0.580094 0.231301 -0.006114 -0.219795 -0.363026 -0.566078 -0.718306 -0.845179 -0.918467 -0.976822 0.992433 0.984288 0.927694 0.782777 0.744332 0.667366 0.613118 0.309609 0.056923 -0.223935 -0.338069 -0.554971 -0.736933 -0.843621 -0.919867 -0.972332 
33.310150 2648891.750000 92 58 92 0.586315 0.682466 0.340558 0.970180 0.922677 0.766882 0.703088 0.529029 0.474341 0.199507 -0.069726 -0.151053 -0.337176 -0.515952 -0.614401 -0.706227 -0.881238 -0.945974 -0.962461 0.989490 0.975481 0.859302 0.766382 0.730810 0.696318 0.489912 0.251333 -0.036044 -0.210372 -0.409271 -0.542994 -0.723478 -0.840493 -0.923863 -0.977193 
51.234516 4614516.500000 230 54 72 0.433361 0.568866 0.822969 0.979448 0.967865 0.950063 0.849842 0.726427 0.632961 0.172190 0.068436 -0.082092 -0.300876 -0.362457 -0.520119 -0.668855 -0.768317 -0.922828 -0.971785 0.979451 0.960320 0.816462 0.719281 0.611153 0.478356 0.314920 -0.041463 -0.167796 -0.358743 -0.444577 -0.608775 -0.696004 -0.883151 -0.944936 -0.964819 
56.987640 4413979.000000 72 76 76 0.954446 0.927343 0.953201 0.979595 0.967429 0.939899 0.868353 0.773833 0.674482 0.271499 0.057638 -0.061853 -0.238886 -0.320759 -0.428335 -0.619995 -0.711878 -0.849268 -0.964617 0.978441 0.967422 0.947438 0.868315 0.757086 0.665279 0.256092 0.059921 -0.043529 -0.261770 -0.330595 -0.417378 -0.649434 -0.732557 -0.897614 -0.972072 
54.323708 1862538.000000 76 76 76 0.953678 0.986162 0.965625 0.980514 0.969249 0.938195 0.896340 0.816184 0.669185 0.272403 -0.013914 -0.098701 -0.274205 -0.329072 -0.404569 -0.611516 -0.733713 -0.837308 -0.941323 0.979501 0.967757 0.938603 0.885331 0.783194 0.670429 0.268324 0.028643 -0.076453 -0.243043 -0.320472 -0.415528 -0.603399 -0.727055 -0.851230 -0.941406 
50.791660 267113.531250 76 78 76 0.979795 0.923862 0.974621 0.986335 0.977324 0.950759 0.899198 0.813913 0.701463 0.401870 0.017449 -0.111324 -0.251766 -0.326757 -0.400883 -0.639747 -0.732213 -0.840952 -0.970311 0.982473 0.972190 0.942409 0.900484 0.826722 0.690174 0.335224 -0.018351 -0.100573 -0.287806 -0.332162 -0.412168 -0.615416 -0.730919 -0.849537 -0.964535 
49.586212 151178.937500 76 76 76 0.970152 0.979954 0.972230 0.987519 0.979953 0.955389 0.912549 0.823884 0.724066 0.394095 0.047379 -0.072384 -0.209647 -0.290300 -0.406030 -0.683486 -0.754903 -0.881592 -0.968090 0.987476 0.979739 0.955990 0.910188 0.811574 0.712138 0.423596 0.025443 -0.059271 -0.234028 -0.308385 -0.441073 -0.676197 -0.731082 -0.871923 -0.967029 
49.350082 96142.648438 76 76 76 0.973937 0.969198 0.967975 0.987977 0.978144 0.961029 0.929892 0.862309 0.716292 0.345684 0.032556 -0.144440 -0.240473 -0.307549 -0.384911 -0.678988 -0.750795 -0.895182 -0.971079 0.987684 0.980102 0.955912 0.919661 0.835243 0.706765 0.373921 0.046392 -0.096208 -0.244639 -0.312405 -0.376878 -0.675212 -0.757089 -0.885389 -0.973836 
51.722565 236015.000000 76 78 78 0.961791 0.986209 0.977426 0.986686 0.974796 0.962708 0.921132 0.872427 0.714574 0.335159 -0.031742 -0.135673 -0.262080 -0.318590 -0.554122 -0.731609 -0.748992 -0.827896 -0.971384 0.987621 0.976065 0.962004 0.928024 0.869755 0.697616 0.330233 0.043257 -0.141198 -0.249870 -0.318342 -0.440439 -0.734981 -0.754141 -0.865916 -0.969091 
54.861431 2810567.250000 78 78 82 0.954811 0.661239 0.906731 0.976919 0.958585 0.931617 0.888032 0.807507 0.734654 0.267609 -0.025017 -0.091433 -0.278286 -0.341825 -0.436393 -0.600148 -0.752465 -0.778028 -0.981632 0.981343 0.969158 0.952132 0.910792 0.861507 0.717012 0.141808 -0.047281 -0.137693 -0.292366 -0.340103 -0.486665 -0.715222 -0.746417 -0.832100 -0.993665 
54.757427 8740165.000000 82 84 86 0.928048 0.942816 0.946452 0.971171 0.946248 0.918349 0.837734 0.741998 0.652253 0.341350 0.060010 -0.043373 -0.234443 -0.330663 -0.402438 -0.571839 -0.734696 -0.772384 -0.866955 0.971050 0.949409 0.927344 0.862314 0.778069 0.687754 0.354147 0.021090 -0.057029 -0.242455 -0.333519 -0.419059 -0.569055 -0.738214 -0.764846 -0.906445 
53.829887 16822290.000000 86 88 88 0.959985 0.949538 0.950588 0.971632 0.935486 0.909743 0.799243 0.700573 0.614441 0.323244 0.110202 0.011327 -0.204972 -0.314948 -0.422726 -0.651982 -0.743545 -0.820438 -0.901988 0.969604 0.939691 0.913380 0.819925 0.718604 0.644713 0.326164 0.089703 -0.017285 -0.202790 -0.328525 -0.389125 -0.591268 -0.721448 -0.776708 -0.860790 
52.366673 12827709.000000 88 90 90 0.956175 0.926684 0.916290 0.974189 0.932608 0.898262 0.801491 0.673793 0.608512 0.343549 0.169997 0.047990 -0.163305 -0.287525 -0.407120 -0.653295 -0.716816 -0.828851 -0.861320 0.972908 0.933814 0.902193 0.808658 0.685543 0.618651 0.321114 0.149787 0.048834 -0.166916 -0.288044 -0.396002 -0.654123 -0.722338 -0.823238 -0.862688 
51.584568 11569271.000000 90 90 90 0.939972 0.940263 0.967467 0.972510 0.931445 0.895541 0.805201 0.652453 0.591583 0.347035 0.198350 0.049731 -0.157079 -0.265038 -0.424705 -0.665376 -0.723384 -0.830716 -0.857206 0.974209 0.932385 0.895902 0.807193 0.663146 0.598177 0.340047 0.183387 0.047112 -0.148807 -0.268014 -0.417906 -0.666735 -0.719685 -0.829537 -0.858863 
50.912125 13213434.000000 90 90 90 0.959435 0.977843 0.980264 0.974625 0.932637 0.894994 0.786974 0.646457 0.596356 0.356846 0.216120 0.037268 -0.183070 -0.275891 -0.491673 -0.687406 -0.776771 -0.855395 -0.883372 0.973925 0.932080 0.895000 0.804066 0.646869 0.597754 0.356861 0.203133 0.069665 -0.157299 -0.294304 -0.445380 -0.658274 -0.735590 -0.843910 -0.865116 
50.005417 9248447.000000 90 90 90 0.975555 0.972869 0.967960 0.977046 0.938242 0.898210 0.803705 0.639750 0.601258 0.355711 0.192696 0.048803 -0.178863 -0.260215 -0.457431 -0.698575 -0.765978 -0.856043 -0.871285 0.976855 0.935799 0.898498 0.795390 0.644879 0.599863 0.363783 0.211144 0.077751 -0.170556 -0.255894 -0.469074 -0.675506 -0.766508 -0.859573 -0.888287 
49.405434 8465014.000000 90 88 88 0.960971 0.938727 0.942209 0.978044 0.941832 0.901438 0.802252 0.642707 0.597216 0.354966 0.214001 0.025043 -0.194862 -0.278409 -0.455734 -0.681200 -0.739600 -0.861023 -0.873396 0.976840 0.939685 0.901757 0.806385 0.643221 0.606249 0.364533 0.199754 0.043214 -0.174891 -0.264337 -0.465492 -0.682474 -0.747224 -0.852974 -0.869390 
47.632984 4687873.500000 88 88 88 0.934917 0.958314 0.920683 0.982369 0.948069 0.906405 0.792428 0.662780 0.580272 0.352925 0.212173 0.056866 -0.190449 -0.287453 -0.402413 -0.689703 -0.761269 -0.859209 -0.881670 0.980057 0.943238 0.902304 0.792995 0.652793 0.590457 0.371340 0.234691 0.051056 -0.194823 -0.269281 -0.427674 -0.681447 -0.744962 -0.862000 -0.876568 
45.245136 1702968.000000 88 88 88 0.931779 0.941835 0.942337 0.987962 0.955373 0.915129 0.830590 0.659113 0.580335 0.382054 0.202495 0.085149 -0.162258 -0.300296 -0.387719 -0.726303 -0.809351 -0.880800 -0.901379 0.984884 0.949650 0.914198 0.825471 0.656456 0.593914 0.346574 0.216500 0.045662 -0.193279 -0.297813 -0.361038 -0.694312 -0.784324 -0.852548 -0.880384 
41.392197 569632.750000 88 88 88 0.938206 0.851095 0.828890 0.993624 0.975099 0.914835 0.744296 0.648510 0.559139 0.349981 0.186285 -0.008610 -0.195862 -0.279156 -0.378154 -0.667628 -0.845057 -0.902488 -0.930466 0.990938 0.964744 0.923262 0.799721 0.644879 0.560387 0.405063 0.216482 0.056695 -0.170514 -0.311600 -0.400228 -0.752772 -0.827037 -0.891466 -0.909661 
34.803185 1750524.250000 88 90 90 0.848138 0.697557 0.388817 0.993175 0.940570 0.851444 0.692531 0.597326 0.381940 0.184444 -0.047343 -0.273525 -0.388453 -0.522961 -0.661585 -0.832181 -0.896428 -0.937358 -0.984098 0.995130 0.971026 0.892764 0.764097 0.619590 0.557715 0.309826 0.148251 -0.116730 -0.255255 -0.409996 -0.493449 -0.764913 -0.872775 -0.911640 -0.957541 
46.491680 3011299.250000 146 76 102 0.291264 0.505080 0.454201 0.984129 0.906466 0.782627 0.652066 0.609063 0.311413 -0.036231 -0.235080 -0.375846 -0.481700 -0.648939 -0.761523 -0.880365 -0.927030 -0.959597 -0.985895 0.980727 0.923782 0.814234 0.646854 0.598000 0.317581 0.086147 -0.158937 -0.355271 -0.446305 -0.597839 -0.769101 -0.890750 -0.919163 -0.947364 -0.980348 
49.615784 3763277.500000 178 180 180 0.548521 0.699985 0.676757 0.983729 0.929559 0.770185 0.636653 0.563753 0.157256 -0.043243 -0.296341 -0.404326 -0.539022 -0.642482 -0.760894 -0.885501 -0.923234 -0.953615 -0.972874 0.985817 0.945119 0.772803 0.632634 0.591281 0.224940 -0.120257 -0.233035 -0.401645 -0.472705 -0.642771 -0.742264 -0.859409 -0.933997 -0.952839 -0.980397 
52.159821 4427875.000000 104 102 104 0.522795 0.494446 0.519980 0.975671 0.923500 0.782762 0.636356 0.511220 0.051065 -0.149438 -0.301956 -0.448692 -0.548587 -0.690624 -0.765063 -0.874121 -0.919391 -0.957940 -0.982020 0.978528 0.936034 0.773190 0.632131 0.559214 0.125860 -0.126654 -0.339845 -0.424646 -0.545887 -0.642275 -0.778291 -0.873829 -0.910073 -0.950142 -0.975857 
51.559341 3469120.500000 104 100 72 0.492771 0.476141 0.505011 0.979277 0.921233 0.788587 0.642696 0.431195 0.085549 -0.125580 -0.292350 -0.431148 -0.563376 -0.673935 -0.704303 -0.807140 -0.917573 -0.955269 -0.994565 0.981281 0.927090 0.788252 0.648705 0.473284 0.040886 -0.141250 -0.292921 -0.418076 -0.609627 -0.691545 -0.722415 -0.857523 -0.906086 -0.956372 -0.993827 
39.014999 354996.093750 74 102 126 0.568369 0.597145 0.462662 0.981287 0.958013 0.856943 0.677736 0.613732 0.205140 -0.099258 -0.242032 -0.386521 -0.484535 -0.636196 -0.710755 -0.796515 -0.917785 -0.947274 -0.993176 0.979372 0.934079 0.794121 0.660958 0.470819 0.108554 -0.076077 -0.253656 -0.399121 -0.506113 -0.608564 -0.702233 -0.794004 -0.881518 -0.934163 -0.988957 
31.289614 567430.250000 180 180 76 0.574104 0.409058 0.475234 0.975358 0.928612 0.795582 0.647536 0.452375 0.169121 0.009139 -0.108069 -0.213668 -0.314617 -0.512740 -0.698963 -0.774347 -0.884906 -0.954164 -0.992087 0.979994 0.952228 0.866161 0.706797 0.593015 0.364857 0.061715 -0.191079 -0.348159 -0.494895 -0.665670 -0.730567 -0.809859 -0.914075 -0.952212 -0.980084 
45.739952 18373524.000000 78 90 76 0.551142 0.397101 0.698206 0.963777 0.879322 0.710665 0.592746 0.409768 0.182366 0.025328 -0.107804 -0.240553 -0.337836 -0.461141 -0.611954 -0.747875 -0.861615 -0.918952 -0.981641 0.967822 0.886417 0.729245 0.583263 0.446746 0.238236 0.055664 -0.081259 -0.194077 -0.294834 -0.409533 -0.635960 -0.719488 -0.857642 -0.942359 -0.980714 
53.503372 21872288.000000 76 94 82 0.576747 0.218028 0.431296 0.967858 0.883139 0.609524 0.479113 0.223940 0.054436 -0.068099 -0.152451 -0.259902 -0.352530 -0.485980 -0.682068 -0.784732 -0.881293 -0.925423 -0.966744 0.964754 0.912551 0.688708 0.527348 0.255684 0.060713 -0.049449 -0.147247 -0.253756 -0.359683 -0.481068 -0.648782 -0.784005 -0.891569 -0.921639 -0.980132 
54.003189 28187702.000000 54 54 58 0.660085 0.412502 0.532861 0.969857 0.886298 0.624238 0.475658 0.258638 0.062428 -0.041662 -0.111859 -0.222208 -0.361073 -0.499153 -0.632543 -0.788437 -0.887422 -0.927041 -0.976162 0.968100 0.877990 0.574061 0.471920 0.232339 0.061396 -0.011974 -0.140952 -0.241858 -0.336922 -0.536860 -0.683170 -0.795728 -0.874113 -0.933745 -0.967708 
52.801090 21916748.000000 184 72 46 0.617754 0.449527 0.445403 0.966686 0.854808 0.569326 0.491072 0.302106 0.079389 0.001945 -0.107251 -0.229094 -0.363680 -0.542169 -0.662145 -0.789931 -0.877978 -0.926536 -0.969597 0.966821 0.868813 0.573713 0.474471 0.208092 0.076631 -0.011856 -0.102565 -0.203554 -0.349855 -0.487590 -0.660495 -0.775841 -0.865898 -0.923787 -0.958729 
49.923332 13929116.000000 100 64 102 0.500678 0.490343 0.684335 0.973232 0.893810 0.537085 0.486776 0.275459 0.120136 0.036480 -0.147411 -0.249545 -0.362168 -0.539939 -0.672306 -0.777362 -0.874199 -0.935715 -0.972907 0.971526 0.878439 0.542490 0.479028 0.302653 0.109494 0.036402 -0.127387 -0.271382 -0.381222 -0.559904 -0.663821 -0.747844 -0.872875 -0.911570 -0.976108 
47.272133 11588207.000000 98 48 28 0.617839 0.418115 0.504498 0.980635 0.850685 0.584519 0.529945 0.320054 0.151163 0.017865 -0.123009 -0.237022 -0.427125 -0.554280 -0.679316 -0.779981 -0.895865 -0.932405 -0.982074 0.978384 0.888391 0.590876 0.521067 0.329968 0.158167 0.000032 -0.114997 -0.235687 -0.376063 -0.542401 -0.688744 -0.795338 -0.870795 -0.925025 -0.983470 
48.925514 14195047.000000 52 46 50 0.509877 0.663127 0.596066 0.973149 0.891677 0.572210 0.486201 0.243897 0.136276 0.035005 -0.136562 -0.254284 -0.361681 -0.543696 -0.670188 -0.779382 -0.884116 -0.926302 -0.976629 0.971382 0.887824 0.584249 0.505296 0.266115 0.151358 0.006626 -0.139121 -0.237893 -0.406901 -0.562509 -0.660366 -0.803269 -0.878697 -0.937817 -0.976948 
47.305485 10767720.000000 138 178 50 0.676685 0.549458 0.522696 0.974674 0.898337 0.588592 0.486798 0.271450 0.166515 0.063222 -0.142757 -0.234674 -0.361581 -0.586693 -0.688393 -0.771341 -0.861042 -0.936710 -0.985285 0.970730 0.902504 0.560815 0.501985 0.275388 0.171798 0.061344 -0.128742 -0.262320 -0.351633 -0.519245 -0.684361 -0.777227 -0.875308 -0.930405 -0.972815 
47.215763 11189315.000000 50 108 46 0.626725 0.499155 0.625628 0.971568 0.882640 0.603728 0.527612 0.287729 0.214156 0.096122 -0.065740 -0.240296 -0.356259 -0.504769 -0.631675 -0.776112 -0.883887 -0.935472 -0.976880 0.964069 0.835945 0.591628 0.504634 0.288525 0.188269 0.004896 -0.106854 -0.248057 -0.379160 -0.539564 -0.665530 -0.754652 -0.874292 -0.935293 -0.975815 
45.513298 5720768.000000 104 74 54 0.503771 0.455237 0.793325 0.986249 0.964511 0.937959 0.764559 0.606865 0.544586 0.326095 0.181706 -0.061539 -0.194910 -0.426661 -0.563845 -0.714732 -0.836893 -0.910485 -0.968830 0.978812 0.917791 0.624499 0.545380 0.397522 0.269357 0.146364 -0.048248 -0.191781 -0.292652 -0.447228 -0.596023 -0.766767 -0.868283 -0.935618 -0.971026 
57.200356 23654538.000000 54 64 66 0.769627 0.950966 0.867925 0.970311 0.954479 0.924419 0.781458 0.675173 0.595149 0.415191 0.277508 0.024659 -0.085878 -0.288062 -0.543659 -0.677665 -0.737342 -0.893794 -0.977020 0.977818 0.958294 0.933186 0.777765 0.656749 0.574442 0.430413 0.282776 0.050270 -0.051908 -0.294943 -0.557724 -0.688724 -0.782510 -0.911781 -0.981574 
55.317379 17016224.000000 66 70 74 0.884068 0.864728 0.873461 0.969444 0.942470 0.910429 0.804703 0.719043 0.597681 0.379317 0.266486 0.008618 -0.092456 -0.274868 -0.564976 -0.680404 -0.728352 -0.875763 -0.973756 0.972702 0.950447 0.914988 0.786271 0.705246 0.605029 0.417924 0.271022 -0.005414 -0.100136 -0.303098 -0.541060 -0.672712 -0.743408 -0.893723 -0.973866 
54.229465 9209101.000000 74 78 80 0.879708 0.922917 0.793207 0.969356 0.938302 0.896022 0.828043 0.751474 0.621669 0.372002 0.256976 0.059483 -0.123788 -0.218248 -0.521630 -0.676817 -0.749574 -0.811759 -0.958738 0.966849 0.940173 0.906312 0.810417 0.736996 0.624934 0.371331 0.248375 0.023181 -0.100545 -0.237520 -0.551180 -0.681384 -0.733606 -0.837503 -0.966226 
51.945820 7091166.000000 82 84 86 0.793176 0.929220 0.642832 0.974522 0.932156 0.886373 0.817827 0.748978 0.630608 0.374479 0.221331 0.063311 -0.149785 -0.217682 -0.488503 -0.671013 -0.757342 -0.826217 -0.884525 0.970064 0.932829 0.890607 0.827098 0.741213 0.618831 0.365635 0.227701 0.081715 -0.134071 -0.208957 -0.509510 -0.663660 -0.751048 -0.799564 -0.909345 
50.912357 4067679.500000 86 88 94 0.643593 0.935776 0.601962 0.972866 0.934522 0.889788 0.830606 0.757105 0.657383 0.393631 0.208655 0.077587 -0.158031 -0.215812 -0.455975 -0.699833 -0.788730 -0.853155 -0.887815 0.971722 0.929730 0.887113 0.832312 0.749919 0.624605 0.386642 0.216111 0.056858 -0.161643 -0.213020 -0.475308 -0.678214 -0.790486 -0.844997 -0.904944 
49.405369 1102376.625000 94 38 40 0.499531 0.593136 0.526979 0.980590 0.945194 0.896124 0.851172 0.760444 0.693865 0.479877 0.237422 0.113600 -0.098064 -0.209280 -0.296371 -0.640366 -0.824943 -0.872724 -0.929230 0.976039 0.941497 0.894601 0.851575 0.770607 0.687692 0.451190 0.245054 0.130756 -0.128389 -0.201432 -0.356374 -0.694249 -0.813753 -0.861452 -0.907371 
46.046585 978171.125000 172 172 102 0.780783 0.401241 0.606327 0.980337 0.947985 0.886805 0.833738 0.754990 0.681472 0.447810 0.240936 0.127453 -0.116621 -0.234873 -0.296469 -0.650403 -0.827156 -0.885909 -0.933504 0.978540 0.939155 0.886668 0.843875 0.762867 0.699309 0.489178 0.210193 0.114266 -0.135310 -0.208615 -0.301545 -0.656575 -0.838016 -0.877086 -0.935911 
46.909908 564686.125000 102 38 62 0.711079 0.584976 0.670601 0.974103 0.930532 0.886211 0.819565 0.741645 0.677828 0.349070 0.211192 0.080388 -0.170166 -0.243836 -0.346329 -0.722897 -0.860450 -0.894046 -0.918764 0.971731 0.933077 0.879244 0.818733 0.742685 0.674243 0.355705 0.210196 0.068176 -0.135569 -0.243275 -0.303335 -0.708282 -0.847896 -0.892065 -0.907564 
39.966919 161084.703125 62 56 164 0.482630 0.406931 0.551764 0.975203 0.945383 0.905988 0.839223 0.745463 0.689046 0.452881 0.234157 0.160014 -0.103369 -0.242961 -0.391912 -0.666717 -0.836439 -0.907430 -0.965336 0.983130 0.953678 0.914073 0.850669 0.751503 0.664622 0.428749 0.228866 0.124983 -0.121975 -0.247521 -0.418774 -0.683506 -0.822369 -0.895113 -0.944977 
36.241272 34348.980469 164 48 102 0.585971 0.350615 0.535091 0.964872 0.940542 0.873043 0.823827 0.749506 0.709505 0.341320 0.248283 0.131152 -0.134876 -0.310142 -0.581645 -0.708631 -0.815758 -0.918814 -0.971226 0.970708 0.940745 0.897816 0.847694 0.733228 0.704338 0.499994 0.239453 0.183526 -0.136581 -0.260429 -0.447236 -0.695571 -0.809461 -0.914762 -0.968364 
29.782562 22807.183594 102 144 36 0.437888 0.343719 0.456757 0.967946 0.936864 0.877618 0.823323 0.731608 0.682191 0.428225 0.230896 0.058788 -0.197017 -0.304088 -0.507956 -0.698025 -0.828164 -0.910033 -0.963492 0.969840 0.949314 0.892948 0.817821 0.721379 0.656774 0.537087 0.216054 0.110694 -0.160237 -0.298795 -0.464961 -0.673871 -0.801534 -0.917218 -0.978975 
27.507792 13208.174805 36 82 54 0.416031 0.538954 0.387194 0.976360 0.927628 0.868197 0.827966 0.772265 0.724883 0.444298 0.229625 0.077022 -0.210523 -0.380019 -0.536419 -0.719567 -0.818492 -0.911480 -0.972233 0.962537 0.923519 0.879081 0.820956 0.752765 0.709349 0.372842 0.222749 0.073973 -0.135164 -0.351002 -0.541312 -0.682464 -0.819621 -0.898502 -0.971666 
22.947063 9018.696289 52 48 150 0.451319 0.477893 0.510854 0.974601 0.945475 0.861012 0.815863 0.773955 0.661967 0.393753 0.164619 0.035258 -0.206105 -0.394828 -0.539456 -0.713283 -0.839155 -0.913866 -0.976079 0.967994 0.934143 0.880468 0.818012 0.763538 0.687537 0.368340 0.191189 0.019223 -0.241921 -0.386980 -0.547425 -0.700863 -0.836206 -0.910955 -0.975774 
19.049877 6932.198730 102 54 136 0.502577 0.702468 0.433936 0.981637 0.942420 0.869409 0.810701 0.737763 0.565581 0.322890 0.226772 -0.015846 -0.210465 -0.397635 -0.557581 -0.746103 -0.849091 -0.930154 -0.965960 0.983082 0.953283 0.879802 0.820665 0.755444 0.652183 0.368440 0.223522 -0.003715 -0.197045 -0.400879 -0.549107 -0.742277 -0.831517 -0.920266 -0.970501 
15.718977 4066.134033 212 102 24 0.375282 0.488171 0.438805 0.971574 0.957768 0.889374 0.808929 0.733440 0.551905 0.332128 0.171296 -0.075080 -0.217925 -0.421570 -0.568547 -0.718526 -0.860802 -0.932739 -0.968322 0.977529 0.948776 0.869798 0.816990 0.712241 0.542520 0.301881 0.179054 -0.053247 -0.195251 -0.387177 -0.567290 -0.744674 -0.843529 -0.921248 -0.965661 
14.923047 4311.575195 204 78 44 0.439360 0.615050 0.492258 0.975953 0.955019 0.889175 0.823825 0.704238 0.526171 0.293838 0.197024 -0.054241 -0.261298 -0.397918 -0.569234 -0.742673 -0.854398 -0.922493 -0.968221 0.971194 0.959257 0.864655 0.814130 0.694968 0.576605 0.262636 0.158084 -0.091431 -0.215406 -0.415225 -0.573531 -0.752305 -0.841944 -0.918312 -0.971807 
46.687832 4381143.000000 44 48 80 0.633224 0.428561 0.364184 0.969904 0.953307 0.818147 0.581078 0.473747 0.181522 -0.040931 -0.265019 -0.353994 -0.484829 -0.678308 -0.729530 -0.774437 -0.843413 -0.899445 -0.978902 0.968045 0.945684 0.852138 0.634076 0.500399 0.346087 0.051923 -0.089184 -0.306447 -0.384203 -0.580723 -0.704812 -0.762718 -0.831560 -0.927016 -0.979048 
49.963299 2676831.500000 54 52 24 0.475796 0.772018 0.425329 0.973284 0.934010 0.784572 0.565298 0.489927 0.199503 -0.064157 -0.307953 -0.402824 -0.464655 -0.622362 -0.686335 -0.716404 -0.792935 -0.892612 -0.958785 0.971650 0.943283 0.721406 0.584102 0.403482 0.098131 0.014548 -0.337073 -0.423864 -0.528280 -0.587446 -0.687619 -0.763044 -0.857915 -0.881747 -0.961398 
38.949596 420759.406250 208 78 22 0.421634 0.423669 0.412552 0.979846 0.946890 0.793507 0.568110 0.511513 0.222218 0.087563 -0.056567 -0.349650 -0.412659 -0.588149 -0.684111 -0.732984 -0.831420 -0.921892 -0.972807 0.968765 0.952945 0.812390 0.579021 0.503249 0.353699 0.038441 -0.184513 -0.303247 -0.441415 -0.622651 -0.667774 -0.704766 -0.841676 -0.878296 -0.961751 
27.306898 83527.468750 102 54 102 0.434427 0.625769 0.443255 0.971699 0.944974 0.876391 0.696443 0.533301 0.369871 0.133463 -0.052002 -0.334112 -0.443831 -0.612025 -0.696314 -0.748611 -0.846071 -0.891923 -0.969238 0.976153 0.956487 0.851264 0.632570 0.533393 0.254865 0.101906 -0.027847 -0.339004 -0.409657 -0.606923 -0.685474 -0.729308 -0.827038 -0.901798 -0.977326 
24.490551 35378.230469 52 126 126 0.528870 0.575657 0.654930 0.976149 0.963740 0.886671 0.777963 0.604366 0.384132 0.148720 -0.160237 -0.394334 -0.479394 -0.599212 -0.689149 -0.730420 -0.833618 -0.863862 -0.930251 0.971922 0.963211 0.885031 0.754689 0.592935 0.443748 0.167022 -0.152619 -0.330464 -0.455679 -0.596582 -0.692836 -0.723077 -0.829028 -0.892582 -0.969928 
22.821846 19514.248047 128 130 58 0.587513 0.498741 0.474295 0.982695 0.960931 0.904925 0.818489 0.652736 0.433583 0.192460 -0.086799 -0.354540 -0.477000 -0.594285 -0.680116 -0.724280 -0.786278 -0.845380 -0.921113 0.978241 0.963805 0.875433 0.758569 0.606685 0.404364 0.220885 -0.036932 -0.342880 -0.469985 -0.576947 -0.691191 -0.739585 -0.811413 -0.851863 -0.924017 
21.819508 12189.852539 46 208 52 0.448257 0.344395 0.389681 0.979180 0.958121 0.885375 0.789970 0.607719 0.446996 0.247359 -0.023567 -0.309298 -0.434833 -0.581064 -0.693795 -0.714160 -0.784348 -0.851523 -0.948671 0.980524 0.959837 0.881073 0.798269 0.594747 0.445419 0.257278 -0.043304 -0.368012 -0.454211 -0.605556 -0.689626 -0.729421 -0.762803 -0.846762 -0.940006 
17.709538 7691.099121 206 204 204 0.542118 0.573700 0.552547 0.979334 0.958197 0.915475 0.806827 0.631659 0.428192 0.241951 0.067801 -0.211935 -0.422222 -0.584868 -0.693350 -0.729529 -0.783702 -0.866070 -0.971108 0.976678 0.966262 0.906231 0.806712 0.658849 0.459593 0.271167 0.023611 -0.224099 -0.423623 -0.559563 -0.692422 -0.733806 -0.783980 -0.861529 -0.953151 
