47.418484 1463816.375000 20 52 46 0.000000 0.551649 0.922011 0.990667 0.984897 0.952234 0.919502 0.528090 0.287172 0.198190 0.073308 -0.073930 -0.196348 -0.355463 -0.517944 -0.710108 -0.792988 -0.841896 -0.907814 0.990624 0.983315 0.884750 0.670729 0.409217 0.200491 0.149881 -0.030075 -0.157670 -0.328872 -0.409227 -0.580532 -0.728162 -0.806263 -0.858143 -0.915124 
59.385674 87276912.000000 46 48 48 0.929686 0.988261 0.993541 0.990634 0.978826 0.953661 0.820980 0.394922 0.242160 0.140661 0.075762 -0.104133 -0.267399 -0.404860 -0.532196 -0.698760 -0.743145 -0.884564 -0.975677 0.990590 0.978618 0.953666 0.859839 0.392755 0.265112 0.155398 0.065405 -0.084492 -0.256127 -0.399598 -0.507328 -0.709849 -0.764327 -0.861246 -0.967308 
60.319332 46641140.000000 48 48 48 0.992717 0.997631 0.997048 0.991268 0.982442 0.956882 0.825077 0.435284 0.251208 0.147094 0.110449 -0.037208 -0.196006 -0.386586 -0.512701 -0.666244 -0.720308 -0.917684 -0.972871 0.991122 0.981561 0.956547 0.821109 0.419515 0.244163 0.139482 0.094853 -0.077262 -0.228555 -0.391937 -0.511010 -0.679112 -0.713532 -0.914755 -0.981209 
60.875290 51275676.000000 48 48 48 0.998043 0.991057 0.979093 0.990938 0.981513 0.956982 0.825716 0.421317 0.296987 0.209883 0.112169 0.010310 -0.145445 -0.393069 -0.460513 -0.678673 -0.753337 -0.937379 -0.982183 0.991161 0.982616 0.956302 0.818803 0.438685 0.271755 0.157636 0.104484 -0.000833 -0.169250 -0.381387 -0.490011 -0.667713 -0.741311 -0.923639 -0.980363 
56.962246 10037832.000000 48 50 54 0.986217 0.886843 0.911160 0.991779 0.978794 0.957720 0.776192 0.566303 0.482341 0.246788 0.138845 -0.001813 -0.208619 -0.408109 -0.479702 -0.680375 -0.766603 -0.937168 -0.980303 0.990769 0.976942 0.958369 0.791439 0.480298 0.358766 0.249956 0.151377 -0.000830 -0.166002 -0.414101 -0.471117 -0.692694 -0.772107 -0.932906 -0.975398 
51.315266 7996648.500000 54 54 56 0.927980 0.859945 0.701141 0.993146 0.988579 0.932912 0.725357 0.580641 0.374254 0.120502 0.050030 -0.208851 -0.346538 -0.492390 -0.599111 -0.728037 -0.809452 -0.902957 -0.973673 0.992514 0.985472 0.943320 0.767328 0.577346 0.464783 0.181638 0.077677 -0.097170 -0.271720 -0.437169 -0.555474 -0.720247 -0.796870 -0.908891 -0.978136 
48.608391 8056167.500000 56 56 56 0.797185 0.845213 0.615865 0.993104 0.987459 0.913208 0.630659 0.555268 0.384679 0.179706 0.048990 -0.133432 -0.311353 -0.463329 -0.575129 -0.691807 -0.806786 -0.907261 -0.977678 0.992962 0.987211 0.935451 0.685280 0.543284 0.412040 0.188276 -0.033665 -0.178333 -0.301676 -0.459623 -0.590768 -0.724497 -0.818028 -0.924200 -0.974067 
56.006580 72925944.000000 56 52 46 0.754400 0.896764 0.931066 0.983927 0.965476 0.938296 0.776200 0.526197 0.458106 0.285592 0.122573 0.032390 -0.230726 -0.458873 -0.537164 -0.605088 -0.684674 -0.933403 -0.986919 0.991552 0.978940 0.907264 0.719117 0.565523 0.462729 0.208938 0.105450 -0.041631 -0.262307 -0.435877 -0.545448 -0.697604 -0.826797 -0.941810 -0.987698 
66.825981 321543456.000000 48 46 46 0.948010 0.994427 0.982966 0.969625 0.960534 0.935563 0.781096 0.506422 0.451960 0.299125 0.134716 0.001085 -0.172709 -0.455187 -0.541273 -0.580961 -0.655752 -0.779453 -0.985126 0.974760 0.961762 0.941919 0.782224 0.505582 0.455291 0.293049 0.128326 -0.000704 -0.174129 -0.493832 -0.542007 -0.594454 -0.650620 -0.859396 -0.992334 
67.118179 337346496.000000 46 46 46 0.981182 0.958617 0.921262 0.969571 0.957935 0.920479 0.785972 0.516765 0.474353 0.308317 0.131540 0.002546 -0.194859 -0.426978 -0.515602 -0.554575 -0.679876 -0.773908 -0.947646 0.968222 0.959918 0.925175 0.776838 0.509538 0.461472 0.299154 0.123292 0.003287 -0.178055 -0.425596 -0.524759 -0.560267 -0.670852 -0.772906 -0.963901 
64.723709 328518208.000000 48 48 48 0.965053 0.966461 0.986149 0.968901 0.951879 0.908344 0.745509 0.550877 0.500891 0.324927 0.124423 0.020867 -0.201235 -0.405353 -0.495891 -0.558503 -0.697956 -0.760786 -0.886918 0.969527 0.955003 0.915006 0.772597 0.524286 0.486096 0.311604 0.117796 0.001136 -0.218191 -0.425239 -0.509759 -0.564137 -0.701709 -0.774757 -0.905044 
62.566269 222601824.000000 48 48 48 0.975110 0.990500 0.914637 0.969404 0.950723 0.890645 0.737874 0.575582 0.522856 0.351951 0.121401 0.034699 -0.181943 -0.404939 -0.490460 -0.581555 -0.694072 -0.775711 -0.908892 0.969518 0.951472 0.901497 0.731615 0.574847 0.515385 0.339798 0.131360 0.034916 -0.194549 -0.399261 -0.488400 -0.570009 -0.703590 -0.762031 -0.899631 
61.224564 130375800.000000 48 50 50 0.923102 0.979202 0.961992 0.972394 0.953364 0.901061 0.772055 0.615189 0.561562 0.319677 0.109368 0.034919 -0.192980 -0.395568 -0.444719 -0.589201 -0.697281 -0.748917 -0.839427 0.969564 0.947530 0.893251 0.756586 0.594862 0.541406 0.341602 0.115128 0.038875 -0.133861 -0.413462 -0.467494 -0.580150 -0.700065 -0.783670 -0.854760 
57.442932 9865368.000000 50 52 50 0.973931 0.712091 0.923545 0.983826 0.965448 0.925647 0.777568 0.629218 0.541870 0.411987 0.161407 0.040967 -0.052902 -0.284836 -0.495498 -0.559798 -0.656979 -0.757505 -0.904010 0.973973 0.962056 0.906817 0.773258 0.638261 0.576188 0.313939 0.111583 0.032691 -0.161528 -0.351621 -0.465412 -0.568641 -0.661161 -0.721132 -0.893533 
56.619156 14327908.000000 50 52 50 0.928578 0.892985 0.950360 0.979066 0.964405 0.928213 0.780686 0.667234 0.598515 0.394849 0.293340 0.042296 -0.031457 -0.173740 -0.459545 -0.559933 -0.631185 -0.739149 -0.936405 0.984640 0.966828 0.926776 0.764826 0.637894 0.546634 0.394896 0.264227 0.027400 -0.043164 -0.253950 -0.467234 -0.557543 -0.670480 -0.735107 -0.897248 
60.916634 21551646.000000 52 50 50 0.931884 0.959682 0.950983 0.976452 0.959474 0.911279 0.808249 0.701319 0.590795 0.512592 0.348379 0.036776 -0.034995 -0.127049 -0.363464 -0.544286 -0.655425 -0.798254 -0.960265 0.975980 0.961657 0.919672 0.795595 0.678203 0.602288 0.462354 0.335475 0.030206 -0.042753 -0.151402 -0.419827 -0.569670 -0.653535 -0.749837 -0.939072 
61.417046 17400030.000000 50 50 50 0.953688 0.966949 0.962882 0.976624 0.959157 0.913403 0.829301 0.750840 0.613589 0.533864 0.323470 -0.008938 -0.048024 -0.193462 -0.391375 -0.532771 -0.652266 -0.773065 -0.960522 0.975722 0.957837 0.911533 0.818924 0.727582 0.591631 0.532371 0.369814 0.009490 -0.046390 -0.187460 -0.392621 -0.549697 -0.675200 -0.757672 -0.956860 
60.651817 7363514.000000 50 50 50 0.972948 0.961653 0.965498 0.978765 0.966547 0.921210 0.845213 0.781474 0.654404 0.531522 0.221451 -0.007165 -0.055698 -0.187301 -0.373160 -0.542485 -0.669719 -0.798967 -0.964158 0.977401 0.963762 0.915677 0.841438 0.766502 0.663450 0.551903 0.225647 -0.005713 -0.051589 -0.165253 -0.388673 -0.546760 -0.635150 -0.802836 -0.966296 
57.245438 2777313.750000 50 52 52 0.979758 0.953823 0.933908 0.983274 0.969051 0.927294 0.864595 0.777047 0.622065 0.497371 0.255119 0.012169 -0.049248 -0.226988 -0.405627 -0.523364 -0.644600 -0.839255 -0.965448 0.981526 0.968503 0.930888 0.853261 0.792474 0.646614 0.518957 0.243045 -0.014109 -0.058813 -0.210342 -0.394668 -0.552756 -0.656960 -0.815546 -0.964111 
53.299271 1170005.000000 52 54 54 0.936225 0.852708 0.939769 0.984378 0.970663 0.928044 0.879153 0.743875 0.620861 0.507785 0.272042 0.013315 -0.042809 -0.166037 -0.413017 -0.529854 -0.721733 -0.897823 -0.977317 0.983695 0.967333 0.925307 0.877773 0.774299 0.631360 0.513696 0.284203 0.013739 -0.052813 -0.271205 -0.410466 -0.538252 -0.688708 -0.872232 -0.970628 
54.458351 1191708.125000 54 54 54 0.877795 0.933315 0.954931 0.985307 0.972475 0.938606 0.881690 0.823780 0.641886 0.510458 0.311043 0.019918 -0.037065 -0.317709 -0.510037 -0.548819 -0.725936 -0.890038 -0.974770 0.985529 0.971374 0.932497 0.896132 0.794707 0.597719 0.498146 0.291195 0.045435 -0.038143 -0.251281 -0.449989 -0.564749 -0.754737 -0.891392 -0.974204 
60.616562 2563425.500000 54 54 54 0.941936 0.940418 0.808724 0.978567 0.968858 0.940756 0.867530 0.820376 0.737441 0.579459 0.370406 0.067541 -0.024753 -0.251041 -0.491005 -0.651129 -0.798455 -0.910598 -0.977563 0.983439 0.971361 0.947774 0.882770 0.840160 0.729796 0.543714 0.336216 0.041287 -0.009468 -0.238967 -0.491290 -0.578696 -0.775598 -0.902389 -0.975871 
63.814892 11865778.000000 54 58 62 0.943650 0.854708 0.917284 0.965529 0.949312 0.918575 0.856588 0.795505 0.632487 0.451501 0.343522 0.201529 0.083541 -0.017733 -0.352135 -0.623844 -0.749881 -0.887892 -0.973275 0.973803 0.959475 0.925395 0.871754 0.788921 0.658647 0.544592 0.422253 0.189837 0.060273 -0.070794 -0.406326 -0.631389 -0.780831 -0.903130 -0.976469 
63.972633 34983996.000000 62 64 68 0.922108 0.807269 0.900973 0.962098 0.935408 0.898654 0.849453 0.797137 0.598661 0.321843 0.247228 0.123191 0.000742 -0.116389 -0.491133 -0.677599 -0.718669 -0.763038 -0.955771 0.964330 0.944067 0.907296 0.853487 0.798997 0.623039 0.359387 0.272769 0.155625 0.057790 -0.077288 -0.408960 -0.640158 -0.686449 -0.817358 -0.967533 
63.565067 18668386.000000 68 70 74 0.942197 0.883187 0.915301 0.964571 0.932864 0.906565 0.854886 0.807275 0.689994 0.375031 0.253221 0.122721 -0.071107 -0.167586 -0.536247 -0.694579 -0.762198 -0.801173 -0.938479 0.962290 0.932298 0.902526 0.853170 0.797142 0.642142 0.342540 0.240623 0.121173 -0.036065 -0.135692 -0.528707 -0.681601 -0.745794 -0.769324 -0.925110 
62.205574 14791953.000000 74 76 78 0.867542 0.848801 0.891341 0.970308 0.933725 0.896951 0.867703 0.805506 0.691467 0.393464 0.216174 0.086256 -0.114934 -0.175909 -0.523158 -0.716612 -0.787541 -0.835132 -0.876018 0.967678 0.933702 0.903437 0.855911 0.811956 0.714852 0.387333 0.242789 0.091422 -0.101900 -0.168891 -0.516628 -0.706581 -0.786341 -0.822322 -0.895674 
62.169552 50626436.000000 78 78 78 0.886924 0.904961 0.902707 0.962824 0.926915 0.890009 0.855611 0.729485 0.586866 0.317552 0.220500 0.099266 -0.108712 -0.217167 -0.462095 -0.678214 -0.766587 -0.825903 -0.854112 0.966125 0.932521 0.895075 0.869789 0.782526 0.634193 0.399677 0.225816 0.152416 -0.094496 -0.183434 -0.498799 -0.716731 -0.792809 -0.831038 -0.872157 
60.783562 51667896.000000 78 76 76 0.955479 0.963380 0.961353 0.967207 0.931802 0.894098 0.828003 0.695547 0.595790 0.313276 0.228841 0.114627 -0.109328 -0.224377 -0.417515 -0.687743 -0.760040 -0.828031 -0.847978 0.964854 0.925492 0.890309 0.846043 0.719237 0.597306 0.322385 0.228072 0.106618 -0.104561 -0.216964 -0.465081 -0.689377 -0.766353 -0.829171 -0.850295 
59.778915 70446000.000000 76 74 74 0.961918 0.937080 0.931759 0.968258 0.937784 0.906213 0.799523 0.653921 0.586501 0.302758 0.219632 0.062231 -0.150836 -0.240573 -0.395675 -0.681202 -0.748540 -0.823056 -0.841207 0.967292 0.937406 0.898991 0.813156 0.677942 0.591350 0.309141 0.225936 0.107408 -0.131050 -0.228458 -0.400612 -0.662964 -0.754080 -0.821835 -0.850604 
59.810482 74971616.000000 74 74 74 0.958955 0.930900 0.832551 0.971163 0.945615 0.911525 0.770928 0.613209 0.576443 0.324027 0.216913 0.071562 -0.156354 -0.237471 -0.374360 -0.664899 -0.748877 -0.827773 -0.852544 0.970362 0.941035 0.908385 0.798192 0.628970 0.573457 0.313638 0.214572 0.081621 -0.142033 -0.252375 -0.405518 -0.677589 -0.747765 -0.828258 -0.845690 
59.809742 41987664.000000 72 72 72 0.896987 0.879649 0.915910 0.976032 0.959199 0.921732 0.774856 0.590203 0.561085 0.368228 0.265345 0.121066 -0.138245 -0.236034 -0.390730 -0.677587 -0.744624 -0.804316 -0.847784 0.975475 0.952498 0.914935 0.781930 0.587947 0.563136 0.330356 0.237326 0.082035 -0.144754 -0.244441 -0.382491 -0.672429 -0.750168 -0.819517 -0.844123 
56.823402 4651436.000000 72 74 76 0.909711 0.910270 0.763489 0.980875 0.969577 0.933410 0.815834 0.637762 0.576444 0.419768 0.277166 0.114439 -0.163882 -0.250649 -0.481939 -0.688072 -0.745440 -0.819318 -0.955004 0.977152 0.964248 0.927597 0.797436 0.596654 0.560652 0.404563 0.289555 0.112334 -0.149930 -0.230410 -0.419218 -0.678667 -0.733742 -0.784884 -0.855017 
45.463108 1241429.875000 76 76 76 0.839995 0.787309 0.665232 0.979661 0.956738 0.891109 0.810599 0.658746 0.607410 0.431540 0.266630 0.107430 -0.187215 -0.284425 -0.490281 -0.626569 -0.777361 -0.840709 -0.953345 0.984526 0.972231 0.912014 0.824506 0.683741 0.606624 0.406687 0.239969 0.090843 -0.197073 -0.322555 -0.449519 -0.601785 -0.768485 -0.815276 -0.959681 
38.891174 3517962.500000 76 74 76 0.622568 0.597193 0.632664 0.978173 0.938403 0.836377 0.754450 0.633799 0.510451 0.296860 0.216500 -0.097055 -0.267625 -0.447739 -0.554663 -0.700372 -0.786211 -0.931546 -0.976269 0.972026 0.936561 0.857948 0.761578 0.631203 0.565485 0.387789 0.244539 -0.062436 -0.255707 -0.324545 -0.544849 -0.720554 -0.800862 -0.910215 -0.963750 
37.016048 3109073.000000 76 74 74 0.670310 0.721536 0.503846 0.963622 0.934028 0.864406 0.762541 0.620410 0.424398 0.257071 0.080485 -0.080025 -0.253843 -0.428233 -0.621555 -0.713430 -0.792278 -0.951886 -0.985954 0.977539 0.940271 0.846851 0.775596 0.624388 0.500136 0.298857 0.196577 -0.079825 -0.302399 -0.437684 -0.539787 -0.696215 -0.770102 -0.947053 -0.989444 
36.305954 377601.218750 74 76 74 0.508447 0.734189 0.757701 0.958318 0.941401 0.884177 0.801893 0.636514 0.584288 0.389340 0.234735 0.016367 -0.206160 -0.326880 -0.431970 -0.620780 -0.777433 -0.927455 -0.977520 0.960097 0.938799 0.888087 0.773439 0.628482 0.499498 0.314872 0.204960 -0.025381 -0.227532 -0.386972 -0.521669 -0.689345 -0.767057 -0.934535 -0.981361 
44.955719 18994900.000000 74 50 50 0.602859 0.539896 0.410882 0.955083 0.902721 0.815036 0.628816 0.534162 0.271732 0.036105 -0.152853 -0.246359 -0.366388 -0.522116 -0.600182 -0.694455 -0.853437 -0.934695 -0.979335 0.960917 0.940700 0.847474 0.720134 0.591836 0.452404 0.098319 -0.009042 -0.234559 -0.344097 -0.485649 -0.579780 -0.703165 -0.840105 -0.937415 -0.973276 
53.877850 35925580.000000 26 50 64 0.347067 0.721398 0.875942 0.978809 0.964993 0.923611 0.714185 0.625246 0.566395 0.245916 0.171761 -0.026960 -0.180691 -0.322963 -0.526546 -0.587434 -0.690771 -0.887734 -0.959658 0.983095 0.968745 0.922099 0.678625 0.601042 0.433774 0.192439 0.073436 -0.212609 -0.281540 -0.455887 -0.570295 -0.675476 -0.807655 -0.929109 -0.982548 
56.324242 29370710.000000 64 66 68 0.920088 0.932805 0.940910 0.976228 0.947917 0.908039 0.794819 0.679387 0.605557 0.282460 0.187044 0.057761 -0.108228 -0.256781 -0.544256 -0.647627 -0.727671 -0.785465 -0.926564 0.975091 0.956391 0.917964 0.748062 0.649189 0.586843 0.263842 0.178066 0.005542 -0.146510 -0.268647 -0.522300 -0.598367 -0.673125 -0.830523 -0.962382 
55.920425 16929118.000000 68 70 70 0.926336 0.966121 0.975508 0.972119 0.938332 0.902401 0.840700 0.732979 0.614129 0.333401 0.232567 0.080146 -0.105270 -0.243164 -0.542389 -0.672136 -0.777118 -0.822578 -0.881516 0.973656 0.940851 0.900379 0.823809 0.706654 0.602207 0.295252 0.210105 0.050739 -0.095799 -0.228118 -0.548595 -0.688427 -0.753094 -0.808620 -0.890058 
55.764717 9036136.000000 70 70 68 0.962315 0.943157 0.965761 0.975396 0.943171 0.907053 0.852850 0.756497 0.637787 0.358040 0.234874 0.110482 -0.139105 -0.220233 -0.496046 -0.657168 -0.762379 -0.828995 -0.858859 0.972746 0.940554 0.902995 0.848603 0.738563 0.632464 0.364864 0.236388 0.094658 -0.120566 -0.225450 -0.502026 -0.671352 -0.776377 -0.823514 -0.868328 
54.172409 3390020.750000 68 68 66 0.976851 0.978691 0.890938 0.983098 0.954532 0.910053 0.863553 0.772528 0.698614 0.403930 0.219535 0.128290 -0.163790 -0.250220 -0.411982 -0.664277 -0.758674 -0.823222 -0.912539 0.979408 0.948559 0.911027 0.855511 0.765422 0.677820 0.379872 0.225169 0.129294 -0.150733 -0.233382 -0.417007 -0.654273 -0.756458 -0.835366 -0.874522 
50.399075 703042.750000 68 68 68 0.910914 0.905187 0.861576 0.990006 0.976645 0.921575 0.840938 0.744280 0.669452 0.478556 0.266701 0.166219 -0.141805 -0.212203 -0.397804 -0.656822 -0.768611 -0.862193 -0.957229 0.986797 0.966812 0.914972 0.868655 0.771532 0.688263 0.448785 0.231183 0.162371 -0.150112 -0.256429 -0.412019 -0.647859 -0.763604 -0.823856 -0.924415 
48.646065 299553.812500 68 66 68 0.823874 0.850940 0.897550 0.992028 0.981047 0.940575 0.853103 0.755422 0.683363 0.548231 0.186301 0.123331 -0.107707 -0.283902 -0.366661 -0.602293 -0.724701 -0.890550 -0.969896 0.991478 0.980112 0.930290 0.841220 0.753284 0.668681 0.524905 0.191287 0.128958 -0.105418 -0.278917 -0.349685 -0.605682 -0.747736 -0.838427 -0.962027 
48.341236 104457.976562 66 66 66 0.896609 0.857645 0.844023 0.992146 0.982639 0.961267 0.884077 0.756164 0.680983 0.564044 0.238902 0.084241 -0.164851 -0.293932 -0.416847 -0.606562 -0.775800 -0.909173 -0.973041 0.992411 0.983329 0.950697 0.856559 0.750936 0.690230 0.546916 0.210900 0.126188 -0.143511 -0.292543 -0.396094 -0.648490 -0.766852 -0.881912 -0.974335 
44.286736 50960.292969 66 68 68 0.843263 0.903589 0.643299 0.992638 0.982859 0.943194 0.833031 0.766484 0.670873 0.567134 0.233763 0.079915 -0.167201 -0.300707 -0.484058 -0.702078 -0.793774 -0.927858 -0.971231 0.992332 0.982513 0.964916 0.864969 0.758568 0.686544 0.586799 0.285872 0.081477 -0.181763 -0.310091 -0.484408 -0.688353 -0.796951 -0.915945 -0.974173 
30.169914 122892.554688 68 68 116 0.583430 0.365201 0.457826 0.980309 0.947517 0.860049 0.799882 0.704361 0.587813 0.379338 0.165999 -0.073421 -0.289669 -0.453778 -0.616617 -0.713989 -0.893074 -0.950092 -0.980502 0.990728 0.971032 0.901713 0.842923 0.729554 0.671497 0.486773 0.215092 0.073820 -0.219761 -0.328145 -0.458898 -0.667144 -0.820100 -0.922626 -0.962681 
32.820148 1536489.000000 118 150 78 0.475477 0.428872 0.582304 0.974946 0.912946 0.831261 0.709917 0.546183 0.503483 0.227807 -0.056905 -0.188935 -0.416532 -0.517647 -0.641918 -0.757620 -0.880021 -0.955589 -0.991097 0.973424 0.945038 0.853776 0.724034 0.580142 0.512676 0.299761 0.085277 -0.181463 -0.434559 -0.536196 -0.663442 -0.808857 -0.933414 -0.959884 -0.991075 
30.842880 562994.250000 78 72 68 0.556247 0.332750 0.296437 0.976361 0.941733 0.805368 0.716660 0.560962 0.464857 0.100053 -0.069488 -0.275248 -0.421059 -0.533653 -0.630568 -0.748245 -0.877852 -0.948346 -0.977699 0.978421 0.921653 0.795303 0.682501 0.548286 0.477446 0.181617 -0.092361 -0.258020 -0.400022 -0.520491 -0.650354 -0.769705 -0.875147 -0.958440 -0.981691 
28.810745 379410.156250 38 138 36 0.483477 0.464653 0.451184 0.976039 0.937324 0.856767 0.683821 0.589780 0.469002 0.223201 -0.081758 -0.381837 -0.443974 -0.559549 -0.688027 -0.763235 -0.884092 -0.953801 -0.980443 0.982100 0.946811 0.864807 0.689342 0.556756 0.503579 0.119018 -0.064206 -0.330271 -0.440884 -0.515250 -0.647447 -0.780428 -0.888902 -0.944629 -0.983746 
27.755363 203156.234375 34 128 130 0.531430 0.466908 0.343748 0.981875 0.956998 0.826428 0.703096 0.596582 0.378621 0.137669 -0.086218 -0.324333 -0.446162 -0.561534 -0.692280 -0.789288 -0.914636 -0.952395 -0.990988 0.981795 0.947881 0.896718 0.708771 0.575658 0.414016 0.174139 -0.119215 -0.362216 -0.447670 -0.528221 -0.681347 -0.768876 -0.885828 -0.956897 -0.989869 
26.351044 188315.843750 106 108 176 0.423940 0.518282 0.428689 0.983299 0.964304 0.849163 0.750246 0.595273 0.389362 0.140060 -0.131815 -0.339751 -0.465969 -0.580588 -0.676673 -0.810878 -0.902483 -0.950628 -0.989459 0.981079 0.962095 0.847798 0.729129 0.589583 0.378709 0.110042 -0.046016 -0.306481 -0.417907 -0.568184 -0.710542 -0.792104 -0.900571 -0.962955 -0.987924 
36.880135 5541713.500000 100 114 96 0.287181 0.321713 0.608460 0.970454 0.943482 0.851952 0.601579 0.539001 0.438332 0.113283 -0.027448 -0.219946 -0.399407 -0.488303 -0.598842 -0.757100 -0.896010 -0.945555 -0.969180 0.979870 0.946773 0.836429 0.651364 0.531891 0.368285 0.077975 -0.089264 -0.262630 -0.449902 -0.576537 -0.693791 -0.774337 -0.886351 -0.948017 -0.978548 
59.968369 37407032.000000 120 84 44 0.521179 0.657060 0.956011 0.967018 0.955805 0.927178 0.810705 0.672944 0.613918 0.307809 0.193666 0.091144 -0.188899 -0.287046 -0.382668 -0.594314 -0.704480 -0.882067 -0.957126 0.979237 0.959442 0.932827 0.847800 0.656675 0.609455 0.308170 0.176013 0.029191 -0.241389 -0.342914 -0.481347 -0.619630 -0.867207 -0.936554 -0.957380 
64.619514 52115656.000000 44 42 42 0.958217 0.981772 0.990803 0.962321 0.954343 0.912441 0.802808 0.667681 0.599415 0.369237 0.259069 0.147929 -0.099666 -0.205069 -0.394761 -0.607705 -0.717839 -0.789988 -0.963829 0.963672 0.955343 0.916175 0.806596 0.663930 0.599275 0.306729 0.240891 0.096318 -0.157989 -0.233252 -0.404156 -0.598828 -0.701994 -0.819548 -0.955622 
64.282646 26399634.000000 42 40 40 0.996295 0.940505 0.985890 0.965497 0.952293 0.924600 0.784635 0.699340 0.612077 0.470789 0.391777 0.160004 -0.074994 -0.148930 -0.354670 -0.610934 -0.719105 -0.818051 -0.957048 0.962358 0.953482 0.914426 0.799851 0.679377 0.600704 0.411429 0.332717 0.096001 -0.082175 -0.156457 -0.385066 -0.606482 -0.729125 -0.804702 -0.963214 
59.921265 8061210.500000 40 40 40 0.990402 0.943562 0.944777 0.978287 0.954690 0.918521 0.834487 0.702460 0.679046 0.496474 0.430565 0.128513 -0.038139 -0.122341 -0.353055 -0.587756 -0.730620 -0.811841 -0.966764 0.972258 0.951043 0.919185 0.806348 0.701747 0.662251 0.480593 0.436049 0.157056 -0.033074 -0.139151 -0.340211 -0.601043 -0.713979 -0.821172 -0.966265 
58.945614 4847350.500000 40 40 40 0.939030 0.922030 0.958647 0.981888 0.959833 0.921764 0.852675 0.710909 0.673401 0.561273 0.466891 0.152026 -0.035358 -0.102852 -0.314790 -0.586725 -0.750702 -0.871849 -0.972932 0.979955 0.957273 0.919855 0.843049 0.706541 0.675683 0.540451 0.435892 0.090632 -0.041631 -0.121383 -0.360575 -0.612373 -0.743742 -0.856008 -0.972182 
58.246819 2957980.000000 40 40 40 0.949230 0.968300 0.982821 0.982929 0.961452 0.924111 0.851044 0.709349 0.682921 0.562724 0.483984 0.284894 -0.051223 -0.163960 -0.249852 -0.587398 -0.746308 -0.892098 -0.973309 0.982140 0.960586 0.926787 0.860198 0.713351 0.671761 0.569266 0.487792 0.181825 -0.036119 -0.142292 -0.283893 -0.578857 -0.746915 -0.880264 -0.971848 
58.091995 3678555.250000 40 40 40 0.984473 0.991768 0.984634 0.985113 0.966597 0.924894 0.792826 0.706728 0.679655 0.578855 0.516260 0.160148 -0.103490 -0.159332 -0.240921 -0.603554 -0.734217 -0.889825 -0.972370 0.985231 0.966321 0.920674 0.829011 0.707956 0.687322 0.580868 0.491843 0.200248 -0.071769 -0.165352 -0.226861 -0.594372 -0.742613 -0.891559 -0.973481 
57.506432 6266673.000000 40 40 40 0.987238 0.964188 0.918332 0.986073 0.971240 0.908138 0.787666 0.647504 0.605584 0.553050 0.453061 0.113873 -0.103269 -0.155396 -0.369879 -0.635074 -0.672707 -0.827705 -0.968725 0.985090 0.967480 0.918659 0.782310 0.696949 0.640504 0.571897 0.522765 0.136371 -0.114858 -0.152919 -0.295625 -0.643802 -0.691716 -0.839598 -0.969558 
56.639801 10585300.000000 40 42 44 0.926484 0.978710 0.964745 0.987250 0.972372 0.916221 0.740498 0.627043 0.582976 0.437647 0.317302 0.145946 -0.123905 -0.198147 -0.413647 -0.589272 -0.666074 -0.735616 -0.943148 0.986425 0.970489 0.907154 0.779088 0.628173 0.605003 0.517317 0.391114 0.111884 -0.095665 -0.168132 -0.387958 -0.608830 -0.653920 -0.758101 -0.960026 
54.902607 5791637.000000 44 44 46 0.941237 0.945580 0.859658 0.988493 0.975418 0.938763 0.800729 0.631253 0.570775 0.397142 0.171894 0.089760 -0.111569 -0.221167 -0.362890 -0.605296 -0.649503 -0.739280 -0.962035 0.988462 0.977000 0.916103 0.774282 0.612615 0.542048 0.390997 0.235190 0.101771 -0.120893 -0.175656 -0.347050 -0.574319 -0.644576 -0.702827 -0.942674 
51.171780 24045808.000000 46 48 42 0.854225 0.898830 0.735024 0.984312 0.968759 0.906102 0.678097 0.616452 0.539128 0.332882 -0.084168 -0.327699 -0.421164 -0.519956 -0.646047 -0.774529 -0.840835 -0.941852 -0.982334 0.987001 0.971670 0.941338 0.764713 0.632852 0.583196 0.415440 0.130119 -0.020119 -0.269276 -0.373596 -0.520658 -0.659244 -0.765107 -0.918769 -0.974758 
53.360592 32609880.000000 48 40 42 0.552064 0.406133 0.895951 0.975005 0.945725 0.769944 0.666527 0.585367 0.389161 0.018619 -0.200912 -0.397826 -0.502229 -0.637445 -0.762496 -0.827371 -0.871367 -0.939427 -0.978622 0.982364 0.959502 0.837726 0.673005 0.607772 0.511682 0.123162 -0.221435 -0.370182 -0.489639 -0.644491 -0.722755 -0.808424 -0.887751 -0.939920 -0.972447 
52.105827 14496926.000000 40 42 40 0.762632 0.776081 0.528724 0.970376 0.951413 0.875442 0.636681 0.548166 0.365522 0.052804 -0.266099 -0.418143 -0.515458 -0.661474 -0.744608 -0.845926 -0.913133 -0.946544 -0.981612 0.979869 0.958298 0.849674 0.665320 0.555284 0.367062 0.076084 -0.175646 -0.388260 -0.491740 -0.589692 -0.785561 -0.844045 -0.904203 -0.959211 -0.981511 
56.588921 12641245.000000 40 40 40 0.411475 0.878402 0.719309 0.972080 0.948974 0.833462 0.668628 0.566741 0.390699 0.079884 -0.347225 -0.451233 -0.542218 -0.592889 -0.747540 -0.900133 -0.927783 -0.941108 -0.965082 0.972652 0.950314 0.830962 0.687119 0.591119 0.374062 0.081181 -0.294511 -0.465327 -0.540568 -0.623933 -0.742217 -0.866706 -0.917498 -0.951969 -0.975524 
59.686008 10475761.000000 40 50 46 0.848724 0.418068 0.362248 0.974262 0.928658 0.779464 0.679968 0.522660 0.260393 -0.217491 -0.352245 -0.459323 -0.581375 -0.639364 -0.749249 -0.881064 -0.913185 -0.944265 -0.965353 0.977908 0.930115 0.791378 0.671731 0.539039 0.326855 -0.053882 -0.386401 -0.455362 -0.520142 -0.594935 -0.802036 -0.902321 -0.921142 -0.942114 -0.965667 
46.853565 928259.812500 46 40 40 0.568712 0.467250 0.387855 0.970750 0.953174 0.796845 0.696226 0.645614 0.356532 0.109056 -0.264199 -0.396779 -0.524823 -0.613828 -0.702589 -0.853691 -0.907050 -0.937098 -0.957792 0.973296 0.929600 0.764156 0.668641 0.554774 0.224423 -0.189929 -0.313364 -0.441882 -0.568806 -0.641859 -0.685589 -0.812018 -0.904910 -0.932662 -0.962232 
37.410149 1720616.875000 40 40 118 0.466806 0.638365 0.519811 0.981039 0.946524 0.728225 0.673338 0.523020 0.445016 -0.023391 -0.197633 -0.297655 -0.381144 -0.564567 -0.657950 -0.795484 -0.907915 -0.932041 -0.962576 0.984579 0.967285 0.821145 0.697990 0.673792 0.458843 0.228618 -0.221174 -0.375788 -0.553095 -0.625358 -0.721030 -0.854616 -0.908859 -0.941828 -0.957582 
47.755806 10359221.000000 112 130 78 0.471918 0.589559 0.867541 0.983670 0.973153 0.958631 0.628682 0.559487 0.460395 0.157988 0.067730 -0.260337 -0.350628 -0.472909 -0.605775 -0.690570 -0.843300 -0.927132 -0.949838 0.983800 0.954484 0.715198 0.586109 0.510385 0.292269 -0.014878 -0.162803 -0.312202 -0.413843 -0.519037 -0.676946 -0.752252 -0.880968 -0.937378 -0.970886 
57.091629 31189310.000000 78 76 76 0.723493 0.964419 0.843440 0.976895 0.967313 0.947563 0.734852 0.561971 0.531702 0.238524 0.162656 -0.005806 -0.256627 -0.363307 -0.522950 -0.689155 -0.744226 -0.907565 -0.942544 0.979728 0.969695 0.953209 0.702685 0.567390 0.523969 0.228811 0.136422 -0.041124 -0.287684 -0.385968 -0.589164 -0.680352 -0.821678 -0.918810 -0.939757 
54.942558 34394716.000000 78 78 78 0.850718 0.944006 0.965151 0.978990 0.961426 0.926177 0.766687 0.552044 0.510864 0.279936 0.175698 0.006552 -0.258024 -0.345773 -0.493517 -0.711345 -0.752488 -0.922374 -0.941401 0.977547 0.965122 0.933147 0.736482 0.557935 0.514402 0.245074 0.168951 -0.025389 -0.262845 -0.355917 -0.504772 -0.709440 -0.752542 -0.911499 -0.940533 
53.810314 29623186.000000 78 78 78 0.968039 0.990108 0.994289 0.980487 0.957291 0.927318 0.780367 0.551245 0.513941 0.295784 0.201211 0.010250 -0.228927 -0.341023 -0.457140 -0.693271 -0.760560 -0.889133 -0.938633 0.980291 0.958389 0.926083 0.773728 0.552939 0.514899 0.296266 0.201150 0.033488 -0.238735 -0.345329 -0.486114 -0.706918 -0.769107 -0.904886 -0.940154 
53.985100 23136942.000000 78 78 78 0.992554 0.986989 0.992474 0.980679 0.959267 0.931181 0.802664 0.535939 0.489698 0.281629 0.204257 0.040668 -0.213621 -0.349098 -0.439237 -0.688746 -0.753558 -0.895093 -0.933773 0.979900 0.957048 0.929247 0.792024 0.547763 0.509778 0.304592 0.206368 0.035785 -0.201311 -0.329124 -0.423590 -0.667090 -0.755412 -0.843609 -0.917913 
53.222092 16161891.000000 78 78 78 0.990298 0.995689 0.990586 0.981696 0.962451 0.931105 0.795063 0.526413 0.473315 0.305577 0.201361 0.067474 -0.167950 -0.342509 -0.434145 -0.661098 -0.745852 -0.857539 -0.919898 0.980981 0.961158 0.931289 0.796890 0.530021 0.487761 0.308606 0.206615 0.040745 -0.199971 -0.335522 -0.431386 -0.657557 -0.746032 -0.840893 -0.922686 
53.315239 15719320.000000 78 78 78 0.991412 0.995537 0.989494 0.980310 0.966165 0.935123 0.805448 0.494526 0.437389 0.292490 0.205364 0.039590 -0.202543 -0.350641 -0.430137 -0.661617 -0.738541 -0.849704 -0.929369 0.981498 0.964454 0.932576 0.792982 0.509969 0.457554 0.307858 0.212335 0.049335 -0.193269 -0.352365 -0.432348 -0.675729 -0.739864 -0.858415 -0.927302 
54.257996 9231508.000000 78 78 78 0.988318 0.969438 0.953066 0.981411 0.970005 0.950981 0.829024 0.460248 0.406198 0.278069 0.197311 0.038303 -0.209057 -0.354919 -0.434294 -0.610107 -0.716412 -0.791318 -0.892236 0.981363 0.969047 0.943000 0.826655 0.474368 0.422754 0.283826 0.203038 0.030095 -0.207030 -0.346019 -0.422798 -0.644675 -0.730120 -0.828372 -0.914803 
53.609215 3478111.250000 76 76 76 0.975237 0.981587 0.968821 0.985265 0.972087 0.961255 0.873556 0.429506 0.367520 0.251265 0.184221 0.042425 -0.198702 -0.375781 -0.435947 -0.602905 -0.699819 -0.804178 -0.914466 0.982970 0.971006 0.957634 0.848273 0.443552 0.389125 0.257973 0.188949 0.038890 -0.206010 -0.370727 -0.432487 -0.621347 -0.710025 -0.832438 -0.912651 
49.883919 1316507.750000 76 74 74 0.966159 0.963266 0.936190 0.987935 0.975395 0.960368 0.904193 0.433397 0.349180 0.248896 0.193115 0.046783 -0.219272 -0.393473 -0.438279 -0.592502 -0.682420 -0.869525 -0.937407 0.986757 0.973518 0.959463 0.852258 0.460211 0.387233 0.268795 0.197230 0.049517 -0.190041 -0.376734 -0.427447 -0.595541 -0.688387 -0.830043 -0.930213 
46.886410 381786.500000 72 72 72 0.965201 0.899084 0.881050 0.989155 0.980459 0.960727 0.893433 0.455622 0.377283 0.269066 0.196449 0.124486 -0.117153 -0.405533 -0.457160 -0.581339 -0.705786 -0.909895 -0.942597 0.988269 0.978630 0.962727 0.917655 0.433142 0.326785 0.246811 0.189115 0.087326 -0.210973 -0.399788 -0.440514 -0.579103 -0.673686 -0.877602 -0.948504 
40.809593 83923.960938 72 74 72 0.832044 0.824970 0.650739 0.994147 0.981437 0.957512 0.889103 0.500112 0.423581 0.299415 0.206290 0.145290 -0.141062 -0.415592 -0.448149 -0.589055 -0.805576 -0.906160 -0.955676 0.991338 0.980350 0.963946 0.900248 0.471831 0.397057 0.291229 0.210107 0.153869 -0.052645 -0.389047 -0.458841 -0.574022 -0.753156 -0.912560 -0.941221 
30.307009 41265.246094 72 78 74 0.652735 0.712623 0.524849 0.990047 0.976153 0.935206 0.779752 0.520140 0.420663 0.305782 0.204782 0.069804 -0.245208 -0.392806 -0.471578 -0.645475 -0.821757 -0.907332 -0.976108 0.993427 0.980228 0.956834 0.827636 0.518067 0.436154 0.304241 0.227217 0.104004 -0.155869 -0.386010 -0.449123 -0.676940 -0.828569 -0.919096 -0.963634 
20.905624 10904.791992 74 74 80 0.500559 0.570904 0.559940 0.986765 0.969566 0.927535 0.757272 0.538345 0.454962 0.307561 0.204454 0.077972 -0.230105 -0.351231 -0.538211 -0.683435 -0.837330 -0.936489 -0.971362 0.984471 0.973063 0.921839 0.782854 0.516904 0.421805 0.327303 0.219878 0.026670 -0.228689 -0.372218 -0.539673 -0.685952 -0.835777 -0.928467 -0.964582 
18.814760 7237.360840 80 144 50 0.481267 0.412491 0.587071 0.984772 0.973313 0.905315 0.774663 0.615319 0.450150 0.320264 0.219246 -0.040391 -0.241066 -0.407507 -0.551363 -0.692895 -0.855473 -0.933504 -0.973809 0.987769 0.971105 0.930393 0.799905 0.567427 0.462151 0.308599 0.204060 0.007965 -0.219904 -0.377424 -0.508224 -0.697091 -0.870630 -0.932372 -0.959103 
18.387218 8080.255859 76 100 76 0.558755 0.488548 0.365045 0.981917 0.966424 0.921324 0.796635 0.617946 0.472046 0.352628 0.183548 -0.049083 -0.193910 -0.398322 -0.528029 -0.719163 -0.837013 -0.906912 -0.975553 0.982005 0.964870 0.928438 0.781585 0.585637 0.448765 0.319934 0.183306 -0.004019 -0.245425 -0.385830 -0.564064 -0.731187 -0.852411 -0.931287 -0.967958 
17.672533 10250.719727 214 80 78 0.359856 0.391808 0.496538 0.983052 0.965534 0.904043 0.782168 0.597280 0.518044 0.328411 0.149167 -0.072159 -0.272218 -0.345038 -0.509475 -0.695946 -0.829314 -0.930416 -0.968758 0.989169 0.961223 0.912126 0.807763 0.602818 0.511220 0.346842 0.159059 -0.050848 -0.236707 -0.326487 -0.478980 -0.709152 -0.829219 -0.920390 -0.964048 
17.814074 10450.412109 78 94 52 0.521282 0.373926 0.521874 0.981385 0.962653 0.915716 0.724631 0.554060 0.512605 0.322140 0.153003 -0.040313 -0.269210 -0.342842 -0.486316 -0.670259 -0.828095 -0.902620 -0.983884 0.984652 0.957911 0.916076 0.779644 0.558807 0.503163 0.300969 0.132170 -0.077516 -0.247502 -0.343932 -0.474043 -0.697861 -0.795754 -0.906095 -0.974339 
17.912193 6912.366699 52 208 54 0.529687 0.544542 0.542367 0.978230 0.964234 0.917106 0.778284 0.614314 0.504580 0.315796 0.135466 -0.061595 -0.213505 -0.347992 -0.539879 -0.707629 -0.807769 -0.929933 -0.973754 0.983711 0.968278 0.920750 0.748839 0.585341 0.531798 0.352489 0.100122 -0.024838 -0.251932 -0.351761 -0.491066 -0.687544 -0.819017 -0.913352 -0.973197 
17.843742 8972.018555 54 132 78 0.602569 0.541655 0.478988 0.982266 0.965246 0.909252 0.810605 0.566636 0.524033 0.326032 0.182287 -0.080078 -0.204867 -0.328863 -0.490498 -0.696593 -0.839989 -0.909312 -0.980095 0.979640 0.958679 0.910832 0.789654 0.597472 0.524243 0.347281 0.189080 -0.059177 -0.252781 -0.377661 -0.544176 -0.708451 -0.815994 -0.911269 -0.967000 
16.092730 5643.374512 78 84 86 0.542162 0.521999 0.481772 0.988251 0.969477 0.922119 0.801780 0.594144 0.506103 0.341553 0.216383 -0.016889 -0.217791 -0.363391 -0.546289 -0.730758 -0.824751 -0.927580 -0.971410 0.984309 0.957679 0.904832 0.750285 0.572395 0.518725 0.285008 0.170662 -0.070124 -0.240361 -0.361927 -0.541076 -0.730885 -0.834828 -0.920305 -0.979323 
15.951664 3917.588379 86 206 48 0.399938 0.485884 0.676361 0.980345 0.962210 0.921867 0.820573 0.635539 0.494003 0.304960 0.163079 -0.039975 -0.265497 -0.414383 -0.564280 -0.737232 -0.832389 -0.919085 -0.971681 0.986845 0.962686 0.927704 0.822291 0.600088 0.504233 0.326327 0.155958 -0.071455 -0.223144 -0.395682 -0.532648 -0.696364 -0.806859 -0.924687 -0.982826 
13.771237 3352.755615 48 80 88 0.506473 0.481461 0.437960 0.988763 0.976086 0.895341 0.789986 0.674747 0.499176 0.341796 0.138091 -0.044859 -0.287122 -0.410706 -0.563701 -0.721725 -0.817079 -0.908578 -0.976346 0.983587 0.955493 0.917510 0.796978 0.630814 0.494357 0.349858 0.146473 -0.068384 -0.276982 -0.421491 -0.560188 -0.734466 -0.812924 -0.921841 -0.974884 
13.297025 3481.500732 88 50 48 0.481324 0.447348 0.474072 0.978754 0.961242 0.924399 0.805080 0.632914 0.487090 0.326194 0.219698 -0.107199 -0.275985 -0.446850 -0.559854 -0.753277 -0.854114 -0.932982 -0.980359 0.985135 0.958063 0.913855 0.784329 0.641859 0.436298 0.339163 0.154047 -0.106809 -0.267917 -0.430253 -0.577648 -0.733629 -0.815747 -0.921512 -0.975365 
11.846328 3063.541992 48 80 112 0.608382 0.475367 0.449211 0.985407 0.962312 0.913639 0.794440 0.634272 0.478628 0.367263 0.142694 -0.069751 -0.215785 -0.421480 -0.591025 -0.732277 -0.853301 -0.932375 -0.973981 0.984357 0.958482 0.911085 0.786515 0.645680 0.473844 0.303596 0.163227 -0.074808 -0.227192 -0.401864 -0.546139 -0.740693 -0.851487 -0.930910 -0.973920 
12.697562 2105.892822 112 82 82 0.441494 0.332768 0.524234 0.987334 0.964882 0.931034 0.837250 0.652137 0.499673 0.244318 0.164345 -0.029224 -0.241832 -0.439705 -0.587460 -0.738592 -0.863205 -0.930962 -0.967570 0.982962 0.958938 0.915404 0.795209 0.659914 0.519790 0.320398 0.195233 -0.088331 -0.218404 -0.374082 -0.557614 -0.707084 -0.833410 -0.931089 -0.974601 
13.291908 2630.404541 80 52 52 0.469373 0.543073 0.538535 0.987229 0.968763 0.920520 0.806756 0.647611 0.521672 0.329848 0.159774 -0.061703 -0.247607 -0.419833 -0.552654 -0.726278 -0.842731 -0.912597 -0.971481 0.983925 0.962657 0.915229 0.799609 0.633754 0.500308 0.315448 0.174990 -0.003652 -0.197136 -0.423221 -0.566621 -0.715147 -0.842506 -0.915747 -0.966195 
14.013738 2305.916016 50 44 22 0.409791 0.510780 0.461918 0.980898 0.965402 0.923376 0.824650 0.633618 0.512668 0.308395 0.200027 -0.062382 -0.264321 -0.412260 -0.542966 -0.702644 -0.842871 -0.938617 -0.981480 0.986171 0.965341 0.927478 0.840476 0.678846 0.493268 0.321046 0.161758 -0.039127 -0.284215 -0.396492 -0.551504 -0.721323 -0.857246 -0.927453 -0.975850 
37.089199 89278.179688 58 72 48 0.329633 0.474100 0.632084 0.992482 0.983018 0.957261 0.790399 0.578368 0.542549 0.353085 0.293989 0.112981 0.028319 -0.215231 -0.451778 -0.595309 -0.769321 -0.900216 -0.971032 0.990019 0.966691 0.923694 0.810387 0.671098 0.519050 0.317512 0.165902 -0.047155 -0.250872 -0.353499 -0.571685 -0.704498 -0.842109 -0.925579 -0.984031 
54.025745 6106782.500000 52 58 58 0.874410 0.965362 0.962849 0.980931 0.971183 0.939855 0.783299 0.646297 0.575066 0.351139 0.268077 0.082396 -0.139473 -0.222098 -0.493157 -0.574485 -0.659538 -0.699634 -0.917132 0.984404 0.972837 0.951930 0.791657 0.614922 0.564631 0.354295 0.266150 0.083177 -0.117144 -0.227490 -0.447605 -0.538558 -0.600355 -0.716629 -0.956915 
57.368347 12141641.000000 60 58 58 0.952637 0.978097 0.987206 0.979441 0.968338 0.932606 0.794494 0.719538 0.612150 0.334810 0.253691 0.055724 -0.172296 -0.260329 -0.495788 -0.611632 -0.706157 -0.728584 -0.872314 0.979973 0.969693 0.933869 0.794678 0.680655 0.589658 0.351961 0.261185 0.070652 -0.152647 -0.240194 -0.493257 -0.601611 -0.700428 -0.722712 -0.893679 
59.619438 10593748.000000 58 58 58 0.988240 0.988310 0.972872 0.979791 0.970314 0.936553 0.847961 0.780896 0.620474 0.297473 0.221194 -0.033432 -0.200308 -0.297204 -0.523500 -0.626482 -0.672074 -0.713170 -0.929371 0.979293 0.968627 0.934372 0.829679 0.732654 0.613094 0.309042 0.238330 0.012466 -0.183608 -0.284614 -0.527157 -0.620655 -0.687407 -0.730105 -0.913587 
60.777687 6532428.500000 58 58 56 0.977742 0.940175 0.988667 0.979999 0.973502 0.934152 0.864266 0.812398 0.631996 0.330247 0.216341 0.024022 -0.239350 -0.316970 -0.495448 -0.604921 -0.661700 -0.730419 -0.953029 0.979867 0.972227 0.934731 0.863680 0.782491 0.625282 0.305227 0.223560 -0.018147 -0.224234 -0.303194 -0.500822 -0.604291 -0.670804 -0.712940 -0.944042 
57.703152 1529558.625000 56 58 60 0.982763 0.960551 0.883905 0.983440 0.975651 0.942558 0.882335 0.821660 0.624747 0.350855 0.238605 -0.058272 -0.244017 -0.353439 -0.538593 -0.640409 -0.685515 -0.789833 -0.956512 0.981221 0.974119 0.944747 0.871905 0.832467 0.655651 0.344623 0.236218 -0.002868 -0.246205 -0.323627 -0.487510 -0.614796 -0.653450 -0.793356 -0.965246 
50.300350 2037286.250000 60 64 64 0.926061 0.868035 0.803937 0.989357 0.976281 0.935663 0.867825 0.761984 0.518976 0.353077 0.161682 -0.085077 -0.324125 -0.415978 -0.546139 -0.650296 -0.778781 -0.836456 -0.977578 0.987297 0.974966 0.937614 0.880192 0.768924 0.505144 0.360665 0.196091 -0.099848 -0.277839 -0.386583 -0.577428 -0.672133 -0.760672 -0.839525 -0.973674 
45.774113 1930100.375000 66 68 68 0.862877 0.646518 0.842211 0.992215 0.975778 0.925746 0.841827 0.728473 0.491749 0.338919 0.112812 -0.126930 -0.337300 -0.426150 -0.576878 -0.686213 -0.787906 -0.920252 -0.990834 0.992369 0.976024 0.932679 0.861907 0.665507 0.511730 0.349408 0.169585 -0.163900 -0.336278 -0.430366 -0.557633 -0.676993 -0.809896 -0.909457 -0.985753 
48.323456 4567774.500000 68 68 66 0.815507 0.904640 0.931900 0.988157 0.971593 0.925471 0.812318 0.716534 0.547662 0.330173 0.227465 -0.075130 -0.251849 -0.397209 -0.523543 -0.689107 -0.741508 -0.861612 -0.991208 0.992823 0.979352 0.917095 0.832422 0.736007 0.555596 0.349495 0.137076 -0.142065 -0.292395 -0.400758 -0.540675 -0.690602 -0.772207 -0.895399 -0.991009 
58.332676 23787894.000000 66 64 64 0.948413 0.982539 0.977434 0.980928 0.967845 0.928040 0.806187 0.663142 0.598354 0.357158 0.297597 0.103825 -0.225490 -0.290234 -0.488797 -0.654737 -0.751993 -0.783989 -0.865528 0.983220 0.970688 0.937449 0.802635 0.696011 0.600494 0.346580 0.285810 0.018108 -0.246667 -0.318569 -0.537425 -0.667036 -0.747823 -0.784859 -0.967162 
60.335003 36470256.000000 64 64 64 0.986931 0.977563 0.956529 0.977301 0.959474 0.920856 0.790101 0.626860 0.584614 0.381534 0.311774 0.137177 -0.154356 -0.251841 -0.445295 -0.649612 -0.742529 -0.791959 -0.848218 0.978042 0.961991 0.925984 0.804480 0.632246 0.596251 0.368733 0.303712 0.118899 -0.188020 -0.277528 -0.454409 -0.647857 -0.748198 -0.786788 -0.838105 
56.969139 20957730.000000 64 66 66 0.963064 0.965777 0.983288 0.981361 0.957025 0.898222 0.814204 0.646050 0.574260 0.372566 0.315553 0.093453 -0.113516 -0.215607 -0.447351 -0.643759 -0.737206 -0.797933 -0.825432 0.978972 0.958643 0.906800 0.803518 0.631357 0.574037 0.378278 0.312944 0.115723 -0.124974 -0.233486 -0.450905 -0.642805 -0.736131 -0.797150 -0.832245 
54.297516 5100904.500000 66 66 70 0.982154 0.979066 0.811116 0.983029 0.965300 0.906741 0.834172 0.701561 0.589229 0.410134 0.332717 0.156420 -0.108106 -0.166871 -0.485872 -0.662256 -0.757403 -0.794324 -0.901319 0.982708 0.958515 0.899848 0.824302 0.672834 0.592743 0.383638 0.325350 0.136057 -0.102128 -0.183368 -0.462864 -0.657073 -0.751785 -0.794074 -0.850533 
49.609455 1061624.125000 68 68 66 0.840263 0.727843 0.948416 0.989280 0.980802 0.928682 0.802069 0.669171 0.630427 0.468018 0.271906 -0.035179 -0.139997 -0.237017 -0.415059 -0.557358 -0.730187 -0.818714 -0.958636 0.986950 0.974529 0.916950 0.813740 0.677738 0.625738 0.437901 0.319605 0.094177 -0.134892 -0.193673 -0.416669 -0.582337 -0.755055 -0.800943 -0.917635 
48.886871 560874.500000 66 66 66 0.952591 0.948200 0.949781 0.989736 0.981449 0.946502 0.810758 0.742477 0.572455 0.422262 0.293646 -0.033464 -0.134266 -0.200948 -0.386957 -0.598664 -0.757577 -0.814909 -0.959745 0.989310 0.980965 0.926974 0.819389 0.709933 0.610591 0.417196 0.270283 0.000998 -0.133823 -0.213342 -0.395077 -0.549704 -0.724065 -0.801210 -0.953866 
47.419037 205075.515625 66 66 66 0.955569 0.959193 0.920684 0.992519 0.981901 0.948837 0.839094 0.707456 0.600018 0.434435 0.351903 0.181112 -0.125936 -0.201360 -0.329174 -0.615936 -0.753193 -0.886071 -0.968554 0.991403 0.982143 0.953489 0.815407 0.714082 0.565627 0.422853 0.342633 0.073063 -0.136164 -0.193514 -0.350849 -0.592180 -0.766267 -0.829947 -0.969926 
47.204369 4998059.500000 68 66 62 0.932472 0.732955 0.918819 0.985621 0.968051 0.908353 0.810132 0.684997 0.596083 0.467228 0.364548 -0.193822 -0.338828 -0.446284 -0.624319 -0.733455 -0.793329 -0.902516 -0.978222 0.992782 0.980493 0.925893 0.799729 0.665410 0.569122 0.423195 0.267561 -0.154258 -0.318254 -0.464902 -0.609762 -0.734363 -0.804298 -0.914101 -0.979092 
55.778584 13290485.000000 62 60 60 0.901618 0.957979 0.955549 0.980975 0.971355 0.924996 0.742075 0.632225 0.572582 0.449365 0.381866 0.060092 -0.234529 -0.304200 -0.550752 -0.661624 -0.738784 -0.764590 -0.912973 0.980612 0.970050 0.921473 0.780662 0.669425 0.601238 0.460975 0.390241 0.014908 -0.235509 -0.304241 -0.549919 -0.664512 -0.754441 -0.780130 -0.952577 
56.149136 6168224.000000 60 58 56 0.969225 0.971864 0.830748 0.985635 0.975361 0.953884 0.783083 0.575858 0.539075 0.414142 0.308805 0.015985 -0.211932 -0.273458 -0.514543 -0.664592 -0.701105 -0.753579 -0.976906 0.983488 0.973722 0.936364 0.757992 0.595223 0.554517 0.430954 0.357167 0.096037 -0.223836 -0.279233 -0.501441 -0.644784 -0.717255 -0.743401 -0.884977 
47.225552 2840807.750000 58 62 46 0.921664 0.509898 0.426172 0.983170 0.964616 0.820005 0.690959 0.618950 0.440789 0.178873 0.119530 -0.090395 -0.224846 -0.354529 -0.513785 -0.700052 -0.785450 -0.928967 -0.986691 0.984828 0.975010 0.942636 0.702102 0.576280 0.451890 0.212538 0.115579 -0.095869 -0.272737 -0.367874 -0.544901 -0.703015 -0.760986 -0.945321 -0.986513 
34.663757 215253.921875 22 60 60 0.613905 0.714832 0.821578 0.981725 0.972480 0.877607 0.705832 0.645690 0.523599 0.440186 0.235659 0.059362 -0.166455 -0.303978 -0.529525 -0.714135 -0.768980 -0.944336 -0.981594 0.985771 0.967961 0.874045 0.694043 0.659647 0.551727 0.415564 0.267986 0.002495 -0.183115 -0.289372 -0.504716 -0.707368 -0.780359 -0.937218 -0.982388 
40.137901 8887192.000000 60 60 206 0.800639 0.550453 0.368002 0.974879 0.941508 0.813699 0.597715 0.518241 0.314816 0.158220 -0.058624 -0.192488 -0.318069 -0.450031 -0.550912 -0.691436 -0.812803 -0.924471 -0.988926 0.978684 0.969218 0.865833 0.721319 0.623498 0.528867 0.446355 0.334712 0.080380 -0.212899 -0.294742 -0.455252 -0.684315 -0.743756 -0.917350 -0.976658 
49.917252 19740390.000000 184 64 20 0.322675 0.485326 0.484592 0.973961 0.922279 0.642681 0.562965 0.491242 0.172156 0.097169 -0.169739 -0.280477 -0.391207 -0.536847 -0.671778 -0.770001 -0.840690 -0.924577 -0.979773 0.958956 0.917488 0.765112 0.565355 0.519887 0.234353 0.120664 -0.184947 -0.274011 -0.382925 -0.505964 -0.639026 -0.749154 -0.833575 -0.902590 -0.987419 
41.084572 4149121.250000 62 42 48 0.323099 0.599527 0.291994 0.977698 0.907533 0.665637 0.631676 0.566281 0.378642 0.193905 0.021156 -0.244860 -0.323800 -0.502429 -0.636492 -0.731235 -0.844649 -0.934485 -0.983084 0.967647 0.908787 0.640479 0.597898 0.550616 0.242535 0.149048 -0.083303 -0.253294 -0.323183 -0.528321 -0.645688 -0.745325 -0.833684 -0.936513 -0.983859 
34.950108 1491137.250000 70 22 56 0.439956 0.471319 0.486489 0.976743 0.924975 0.766796 0.673231 0.549327 0.431318 0.241479 0.000363 -0.172706 -0.329184 -0.417204 -0.585755 -0.728261 -0.816110 -0.900051 -0.976861 0.972092 0.933208 0.721810 0.664544 0.530851 0.424999 0.210025 0.039439 -0.221990 -0.302342 -0.420248 -0.618541 -0.712556 -0.814317 -0.925786 -0.978799 
30.669525 459250.343750 56 52 212 0.470101 0.574976 0.510221 0.984940 0.933410 0.797539 0.646702 0.564506 0.467873 0.287239 -0.005115 -0.212979 -0.305466 -0.417254 -0.567324 -0.715387 -0.847887 -0.910254 -0.985873 0.981037 0.891909 0.760592 0.639103 0.564334 0.395484 0.249652 -0.045278 -0.226287 -0.304566 -0.446363 -0.581898 -0.690596 -0.853906 -0.921354 -0.983384 
49.059471 1054172.375000 50 60 60 0.322021 0.266244 0.907417 0.983771 0.966015 0.928047 0.909675 0.830598 0.653811 0.516688 0.069842 -0.094890 -0.228236 -0.419367 -0.581860 -0.654762 -0.825819 -0.879795 -0.969924 0.983920 0.959781 0.900670 0.708742 0.620488 0.530760 0.326833 0.027413 -0.206124 -0.301753 -0.406472 -0.563998 -0.750411 -0.839384 -0.906494 -0.968180 
55.790337 3378829.500000 60 64 66 0.652882 0.778702 0.903785 0.982628 0.962862 0.899289 0.876771 0.830937 0.671232 0.349631 0.207291 -0.018566 -0.167429 -0.255287 -0.543516 -0.642302 -0.696722 -0.740786 -0.965427 0.981971 0.962790 0.917918 0.897546 0.846786 0.711041 0.435231 0.187040 -0.106967 -0.173494 -0.353475 -0.570377 -0.659231 -0.716795 -0.826873 -0.956087 
54.233665 7064480.000000 66 68 68 0.900514 0.950155 0.918300 0.981336 0.957117 0.903129 0.838820 0.775467 0.635279 0.318061 0.226831 0.046178 -0.148559 -0.238359 -0.529499 -0.619325 -0.680490 -0.722426 -0.883638 0.983600 0.960486 0.896246 0.860959 0.814393 0.674364 0.314856 0.218942 0.038457 -0.155600 -0.249237 -0.549148 -0.642746 -0.695165 -0.733199 -0.939609 
54.256668 10741852.000000 70 70 70 0.929197 0.967973 0.969324 0.980533 0.957810 0.913357 0.797368 0.693924 0.598320 0.351867 0.247519 0.086288 -0.119416 -0.230092 -0.497760 -0.575984 -0.649480 -0.714218 -0.878365 0.980131 0.955376 0.909113 0.825110 0.737684 0.626708 0.337942 0.238572 0.084820 -0.135035 -0.238191 -0.510895 -0.599755 -0.666358 -0.718952 -0.869363 
53.559612 6592117.000000 70 70 74 0.969814 0.964121 0.668567 0.983273 0.966536 0.928466 0.744639 0.628906 0.576516 0.344883 0.246749 0.133704 -0.021655 -0.263487 -0.426735 -0.508326 -0.585434 -0.742748 -0.943860 0.981015 0.959415 0.919206 0.770267 0.647689 0.578813 0.351581 0.247106 0.089031 -0.096998 -0.225269 -0.480259 -0.535774 -0.613590 -0.707434 -0.904567 
50.166977 668201.500000 76 68 70 0.748388 0.940367 0.944186 0.988576 0.979193 0.940744 0.849126 0.723697 0.636035 0.434628 0.236910 0.151012 -0.074822 -0.394505 -0.430511 -0.543035 -0.678201 -0.836369 -0.967736 0.987567 0.974985 0.935324 0.814062 0.666523 0.617338 0.373045 0.248260 0.167139 -0.016486 -0.355531 -0.419773 -0.527108 -0.694012 -0.817646 -0.968772 
52.101234 8324378.500000 68 68 70 0.943708 0.844560 0.974081 0.985827 0.974881 0.940402 0.699767 0.538726 0.469417 0.329158 0.201755 0.112394 -0.156362 -0.313059 -0.437915 -0.496150 -0.588012 -0.685725 -0.928873 0.989069 0.978802 0.943913 0.826678 0.688189 0.590956 0.374853 0.213872 0.092138 -0.116345 -0.351148 -0.433595 -0.496897 -0.657164 -0.813166 -0.972947 
55.049599 13240767.000000 70 70 70 0.960837 0.972339 0.977010 0.986319 0.976654 0.943856 0.740193 0.469042 0.396313 0.317628 0.216368 0.075943 -0.263495 -0.337848 -0.466923 -0.572909 -0.648019 -0.719744 -0.837535 0.985501 0.974722 0.940266 0.698801 0.494991 0.411785 0.310354 0.197990 0.064686 -0.243366 -0.330785 -0.479108 -0.560017 -0.634685 -0.723977 -0.911051 
54.255127 5702707.000000 70 70 68 0.978978 0.967129 0.963514 0.988046 0.979475 0.953114 0.723492 0.537694 0.482503 0.339174 0.271649 0.084671 -0.303766 -0.352466 -0.464500 -0.583577 -0.666298 -0.716569 -0.906546 0.987086 0.977391 0.952991 0.732703 0.464823 0.410980 0.318151 0.239574 0.037239 -0.299832 -0.350131 -0.488046 -0.593122 -0.670423 -0.735065 -0.923198 
52.593781 805133.125000 68 68 70 0.964904 0.973503 0.965064 0.990295 0.982400 0.969046 0.843600 0.630814 0.495500 0.384931 0.261359 0.130050 -0.287706 -0.384109 -0.494222 -0.603022 -0.657309 -0.785753 -0.958816 0.989011 0.981462 0.963502 0.773453 0.580522 0.523427 0.346639 0.265323 0.124900 -0.291718 -0.373146 -0.457273 -0.596253 -0.657552 -0.733807 -0.943102 
49.556789 328186.281250 70 70 74 0.964128 0.900365 0.890278 0.990159 0.982913 0.957743 0.864108 0.661875 0.480417 0.406386 0.278858 0.205260 -0.200769 -0.328916 -0.469185 -0.587720 -0.681950 -0.841996 -0.962673 0.990196 0.983307 0.964829 0.847307 0.669198 0.483289 0.407096 0.274684 0.164705 -0.204230 -0.345103 -0.491303 -0.580555 -0.659519 -0.837910 -0.962890 
42.374645 116032.921875 76 76 78 0.876853 0.903100 0.627144 0.990172 0.977280 0.955543 0.816670 0.601034 0.512922 0.405133 0.254158 0.144854 -0.286337 -0.363553 -0.454736 -0.607506 -0.668165 -0.860315 -0.975183 0.989144 0.981048 0.948065 0.856756 0.622942 0.503096 0.425691 0.283360 0.216472 -0.251198 -0.337309 -0.451641 -0.587286 -0.684275 -0.869237 -0.961320 
39.381084 56557.062500 80 80 76 0.732155 0.867186 0.880071 0.995356 0.986999 0.965679 0.865010 0.576731 0.511168 0.380087 0.263308 -0.004813 -0.275840 -0.344050 -0.438115 -0.598244 -0.750594 -0.894191 -0.973184 0.994442 0.984664 0.956417 0.816794 0.605245 0.488530 0.399576 0.247059 0.139884 -0.275126 -0.344737 -0.442064 -0.602056 -0.738400 -0.890548 -0.964324 
42.203979 35805.074219 78 78 78 0.881570 0.890915 0.938409 0.992725 0.982060 0.967607 0.935137 0.680058 0.505414 0.392956 0.321912 0.106942 -0.255785 -0.336338 -0.473645 -0.661753 -0.787072 -0.907562 -0.971703 0.994068 0.984771 0.969590 0.900682 0.587936 0.506239 0.407536 0.324970 0.111733 -0.206225 -0.348855 -0.448681 -0.651706 -0.760007 -0.913008 -0.959313 
49.751183 75884.476562 78 80 80 0.929365 0.950677 0.939295 0.988506 0.979622 0.962185 0.931221 0.876029 0.652417 0.404134 0.299799 0.051183 -0.168095 -0.308920 -0.541752 -0.643318 -0.812575 -0.914523 -0.978817 0.990213 0.982394 0.964545 0.934940 0.855697 0.555651 0.413906 0.320909 0.083317 -0.211101 -0.332683 -0.507007 -0.648224 -0.822070 -0.913377 -0.971080 
54.626125 136095.640625 80 80 80 0.948798 0.941013 0.891893 0.982013 0.971860 0.958752 0.919755 0.891797 0.754867 0.396204 0.290354 0.012824 -0.080624 -0.319288 -0.519919 -0.670132 -0.815188 -0.914536 -0.977743 0.985968 0.975524 0.962077 0.931970 0.885430 0.685768 0.411849 0.310658 0.018248 -0.142727 -0.320230 -0.508717 -0.688051 -0.817005 -0.917329 -0.976912 
54.469955 527788.187500 80 80 80 0.966095 0.962381 0.946971 0.980285 0.961479 0.927426 0.899105 0.874294 0.775746 0.337103 0.163984 0.042990 -0.064113 -0.143960 -0.498688 -0.631942 -0.791607 -0.908404 -0.976962 0.980496 0.968465 0.942263 0.910243 0.885614 0.805399 0.393984 0.205428 -0.012953 -0.069991 -0.252575 -0.506221 -0.624069 -0.807316 -0.911352 -0.976477 
54.622341 1414690.750000 80 80 80 0.970280 0.981221 0.978056 0.979462 0.954669 0.902836 0.878808 0.846014 0.757959 0.332330 0.148586 0.072978 -0.095687 -0.142123 -0.599155 -0.725068 -0.760280 -0.803467 -0.936465 0.978872 0.959631 0.915672 0.888415 0.863147 0.789048 0.318546 0.155697 0.078740 -0.072892 -0.110445 -0.512634 -0.667759 -0.716098 -0.871092 -0.973492 
53.300323 3207391.250000 80 80 80 0.978323 0.933961 0.907691 0.979841 0.944350 0.896394 0.859898 0.790962 0.686794 0.346033 0.189990 0.126203 -0.132386 -0.171199 -0.474055 -0.714147 -0.767349 -0.807816 -0.865246 0.979562 0.948273 0.896522 0.869247 0.818179 0.719510 0.335385 0.166332 0.104053 -0.119077 -0.154646 -0.563682 -0.725392 -0.763114 -0.798988 -0.888784 
52.222477 4839534.500000 82 82 80 0.942319 0.930419 0.944533 0.978431 0.941882 0.895895 0.851316 0.730308 0.649022 0.367940 0.196124 0.138336 -0.147659 -0.220788 -0.376520 -0.696238 -0.768639 -0.828143 -0.858143 0.978580 0.943484 0.896341 0.858118 0.757022 0.640924 0.352524 0.197770 0.139627 -0.147081 -0.200819 -0.426128 -0.703612 -0.765272 -0.824438 -0.867254 
51.673904 5719183.500000 82 82 82 0.920213 0.923489 0.915827 0.979298 0.946582 0.901149 0.841992 0.690332 0.649999 0.347900 0.194179 0.110489 -0.128209 -0.281457 -0.387050 -0.641248 -0.749166 -0.831411 -0.856804 0.979063 0.943906 0.898651 0.847800 0.710287 0.658083 0.360953 0.199642 0.124533 -0.123090 -0.251373 -0.343103 -0.675364 -0.766557 -0.829367 -0.863128 
49.769978 6203132.000000 82 82 80 0.925046 0.785690 0.916071 0.979980 0.950350 0.912843 0.805997 0.635109 0.600810 0.297093 0.179167 0.081801 -0.192827 -0.317043 -0.424210 -0.656045 -0.733143 -0.811199 -0.839711 0.980313 0.949484 0.904939 0.825707 0.656527 0.622285 0.311353 0.178214 0.086123 -0.172775 -0.308181 -0.412035 -0.647983 -0.737514 -0.824510 -0.845239 
46.181366 857678.000000 80 84 86 0.789903 0.695869 0.759122 0.987592 0.972017 0.916416 0.769065 0.652513 0.597950 0.411583 0.191586 0.130099 -0.183513 -0.364258 -0.474830 -0.586859 -0.672998 -0.815651 -0.922477 0.981057 0.956978 0.913629 0.789339 0.624123 0.596890 0.341048 0.186153 0.115738 -0.164921 -0.356781 -0.478295 -0.605827 -0.701582 -0.791498 -0.845001 
43.596081 190611.921875 82 82 82 0.752531 0.860153 0.907304 0.989487 0.978907 0.937338 0.854119 0.671734 0.614548 0.534127 0.221530 0.148308 -0.108389 -0.323232 -0.456241 -0.631276 -0.783373 -0.858426 -0.967450 0.990689 0.979852 0.941951 0.827692 0.665572 0.618167 0.451851 0.226648 0.133628 -0.119792 -0.306557 -0.505410 -0.618561 -0.747119 -0.857625 -0.959779 
42.960171 70015.257812 82 80 80 0.929837 0.892330 0.917489 0.991148 0.981848 0.951544 0.867351 0.696196 0.620323 0.568773 0.228494 0.173697 -0.094995 -0.334127 -0.454783 -0.639277 -0.787248 -0.909719 -0.973273 0.990694 0.980354 0.936524 0.868820 0.699593 0.614393 0.570424 0.225930 0.170735 -0.020490 -0.349846 -0.437088 -0.644630 -0.782126 -0.890430 -0.972917 
41.316521 40705.441406 80 78 78 0.923491 0.844260 0.858177 0.992168 0.984118 0.956104 0.845176 0.744572 0.647077 0.562988 0.274284 0.103002 -0.115310 -0.378017 -0.506026 -0.718107 -0.819182 -0.921174 -0.975996 0.991680 0.982468 0.955093 0.844805 0.740686 0.646700 0.536323 0.245474 0.154475 -0.095634 -0.337006 -0.465647 -0.712249 -0.810245 -0.896504 -0.973339 
38.799370 17798.328125 150 72 72 0.859256 0.878314 0.700557 0.993642 0.985611 0.959415 0.852920 0.736876 0.640627 0.476999 0.209880 0.058942 -0.175066 -0.336335 -0.515500 -0.688091 -0.824864 -0.917561 -0.971696 0.991999 0.984046 0.953895 0.851281 0.750110 0.642953 0.583533 0.257429 0.060800 -0.104005 -0.340410 -0.533220 -0.687845 -0.823550 -0.899688 -0.965144 
32.226330 11279.942383 146 72 80 0.852132 0.806254 0.707879 0.994507 0.984165 0.938317 0.835210 0.678910 0.575505 0.382919 0.223287 0.010016 -0.152090 -0.358407 -0.539307 -0.672843 -0.819986 -0.923240 -0.966733 0.993877 0.986019 0.954183 0.848391 0.710139 0.629176 0.445061 0.206710 0.062206 -0.164055 -0.394362 -0.501319 -0.671016 -0.819739 -0.922859 -0.971808 
20.904293 6666.324219 80 82 82 0.660820 0.660444 0.773561 0.988551 0.970476 0.895389 0.829618 0.715036 0.550246 0.370568 0.195697 0.056934 -0.208008 -0.410670 -0.561659 -0.691105 -0.834297 -0.935224 -0.985504 0.994075 0.973670 0.900148 0.823366 0.701904 0.577295 0.372688 0.165657 -0.041015 -0.190633 -0.367670 -0.577990 -0.671016 -0.842356 -0.924050 -0.978759 
17.204229 5179.734375 82 150 130 0.767090 0.412450 0.530048 0.987830 0.963720 0.888068 0.803813 0.660097 0.561879 0.371439 0.198642 -0.044930 -0.253766 -0.392338 -0.586623 -0.689160 -0.847500 -0.918704 -0.974083 0.984085 0.964390 0.894716 0.813050 0.689122 0.578030 0.393172 0.205992 0.011066 -0.264776 -0.402825 -0.553553 -0.687886 -0.803290 -0.921377 -0.983702 
16.914824 5880.003906 128 80 82 0.455496 0.569536 0.540814 0.985172 0.961203 0.911859 0.808511 0.650669 0.571910 0.346469 0.150162 -0.010659 -0.220264 -0.421537 -0.540931 -0.748106 -0.829764 -0.916683 -0.966185 0.988215 0.964088 0.919820 0.811554 0.663107 0.570216 0.363599 0.167909 -0.003713 -0.220755 -0.433203 -0.555812 -0.716750 -0.813501 -0.936751 -0.972165 
15.328245 4258.179199 208 80 82 0.550433 0.574240 0.463664 0.982547 0.965053 0.907889 0.794264 0.690586 0.508288 0.358242 0.147334 -0.071706 -0.244816 -0.394979 -0.583454 -0.710328 -0.828711 -0.910831 -0.966580 0.986005 0.964586 0.900153 0.800353 0.679067 0.544262 0.358968 0.151341 -0.004480 -0.238525 -0.397912 -0.547229 -0.739119 -0.829075 -0.922337 -0.965277 
13.550572 3936.369385 82 120 96 0.528222 0.428936 0.575362 0.987530 0.959273 0.904911 0.800445 0.663592 0.551717 0.335951 0.178737 -0.073794 -0.240536 -0.388441 -0.559227 -0.709259 -0.841299 -0.925372 -0.980202 0.989167 0.965315 0.877249 0.790545 0.664761 0.524156 0.347955 0.165674 -0.086135 -0.260785 -0.437543 -0.580874 -0.703806 -0.840945 -0.921943 -0.970410 
13.977690 2936.404541 96 72 52 0.578866 0.557944 0.444989 0.977474 0.964278 0.918249 0.801759 0.662692 0.509467 0.342476 0.191947 -0.025812 -0.209596 -0.385181 -0.566475 -0.752282 -0.822983 -0.906136 -0.975976 0.986914 0.952230 0.902543 0.774938 0.651939 0.539412 0.336122 0.187629 -0.072906 -0.202262 -0.372889 -0.599630 -0.728536 -0.832807 -0.920692 -0.968686 
13.534003 2553.798828 52 56 78 0.672812 0.449321 0.374859 0.982805 0.962522 0.923810 0.838595 0.664401 0.532464 0.371842 0.138450 -0.072172 -0.250218 -0.413939 -0.609524 -0.736791 -0.835901 -0.926268 -0.978679 0.982411 0.963351 0.909208 0.774030 0.665006 0.547749 0.323670 0.176336 -0.057180 -0.248934 -0.428920 -0.577861 -0.729445 -0.820617 -0.907872 -0.976820 
13.381346 3019.085449 78 84 206 0.405434 0.528878 0.452790 0.986947 0.956775 0.917414 0.845783 0.648035 0.533091 0.342292 0.147173 -0.063834 -0.237530 -0.458635 -0.557529 -0.724114 -0.843243 -0.932300 -0.979060 0.985619 0.960684 0.907729 0.817587 0.681547 0.476595 0.293465 0.164695 -0.046150 -0.224560 -0.401158 -0.575667 -0.726789 -0.830428 -0.932416 -0.973952 
27.237465 3725.794189 98 98 220 0.339947 0.635728 0.408081 0.993350 0.989049 0.963218 0.843148 0.698071 0.564393 0.407986 0.209573 -0.039146 -0.211408 -0.406638 -0.608699 -0.750834 -0.832796 -0.919535 -0.961924 0.985015 0.958777 0.917434 0.798277 0.661586 0.501755 0.328411 0.168723 -0.061864 -0.223750 -0.444296 -0.580253 -0.742616 -0.847408 -0.912363 -0.973982 
45.263710 948229.125000 64 64 58 0.548511 0.897490 0.707589 0.991793 0.978638 0.952325 0.798901 0.631700 0.574603 0.329049 0.178201 0.024158 -0.241741 -0.394337 -0.543091 -0.585562 -0.724405 -0.771032 -0.969892 0.994168 0.989900 0.975605 0.964424 0.694641 0.574185 0.395746 0.204421 -0.011387 -0.204913 -0.392046 -0.561784 -0.722270 -0.829375 -0.924909 -0.980673 
52.820667 16540597.000000 60 68 68 0.699503 0.942159 0.953870 0.982161 0.948820 0.907735 0.809195 0.622365 0.592062 0.405361 0.222047 0.037843 -0.180562 -0.374492 -0.471021 -0.619045 -0.721341 -0.777436 -0.862536 0.984100 0.961483 0.919470 0.795794 0.620593 0.587959 0.386848 0.159221 0.048849 -0.262727 -0.394436 -0.512950 -0.593196 -0.718107 -0.750944 -0.945779 
55.156269 24029602.000000 68 70 72 0.948943 0.973122 0.942327 0.977658 0.944177 0.907326 0.785340 0.624730 0.583560 0.390317 0.235379 0.107444 -0.093385 -0.336717 -0.435569 -0.634438 -0.727209 -0.806553 -0.840331 0.979417 0.943081 0.904184 0.804054 0.625774 0.595244 0.383707 0.228939 0.079225 -0.135610 -0.344596 -0.440097 -0.634717 -0.724052 -0.807000 -0.837463 
55.352955 25087944.000000 72 72 72 0.949667 0.987610 0.980824 0.978031 0.950595 0.908267 0.773981 0.583532 0.555429 0.375202 0.223680 0.118223 -0.086430 -0.337542 -0.432007 -0.627113 -0.713205 -0.803097 -0.832365 0.977118 0.947263 0.904856 0.774384 0.605402 0.566878 0.392747 0.225336 0.126100 -0.073607 -0.334485 -0.430119 -0.630840 -0.720306 -0.807604 -0.836202 
54.148811 17898484.000000 72 72 72 0.974017 0.978333 0.949608 0.981031 0.960523 0.925419 0.753295 0.535814 0.484254 0.329280 0.211090 0.083293 -0.113528 -0.338370 -0.433723 -0.603118 -0.702598 -0.786655 -0.827465 0.979079 0.953672 0.918595 0.759202 0.566108 0.534123 0.345621 0.217964 0.088723 -0.096225 -0.335968 -0.428406 -0.607778 -0.706453 -0.801011 -0.828677 
52.887856 10050154.000000 72 74 74 0.952325 0.961071 0.966331 0.982267 0.968324 0.934987 0.760184 0.535682 0.421273 0.319301 0.217230 0.054431 -0.139416 -0.338102 -0.429271 -0.568459 -0.680169 -0.762650 -0.827665 0.980872 0.964411 0.929198 0.756130 0.528767 0.452026 0.326315 0.212952 0.074128 -0.119218 -0.332424 -0.434741 -0.585183 -0.689695 -0.770348 -0.825135 
51.120781 2944052.000000 74 74 74 0.943856 0.967058 0.956981 0.987491 0.974650 0.952416 0.798348 0.553487 0.401254 0.287408 0.215407 0.069539 -0.127161 -0.351665 -0.433926 -0.523926 -0.665120 -0.758671 -0.921641 0.984795 0.971582 0.943931 0.764551 0.558013 0.400763 0.307388 0.217062 0.060993 -0.144872 -0.344724 -0.435867 -0.545970 -0.679880 -0.763677 -0.857658 
47.826004 445408.656250 74 74 76 0.945806 0.917251 0.822199 0.990597 0.975553 0.954748 0.860537 0.600262 0.476435 0.396102 0.273656 0.123455 -0.018316 -0.342945 -0.472807 -0.604221 -0.723033 -0.807534 -0.957149 0.989284 0.975952 0.954489 0.844036 0.589410 0.435185 0.298001 0.229027 0.117944 -0.069140 -0.347817 -0.445344 -0.514663 -0.683234 -0.799760 -0.940668 
41.396851 174475.703125 76 78 76 0.834361 0.849888 0.569271 0.992425 0.977478 0.944009 0.801883 0.604027 0.532179 0.374052 0.274571 0.057156 -0.119293 -0.343759 -0.430036 -0.595433 -0.717386 -0.837029 -0.963322 0.992794 0.980668 0.955419 0.796000 0.611487 0.476908 0.396155 0.263174 0.085786 -0.131691 -0.303241 -0.449118 -0.619571 -0.723080 -0.844794 -0.962563 
34.221794 142308.468750 78 72 72 0.603561 0.751223 0.683552 0.985469 0.960586 0.937180 0.772205 0.581178 0.492641 0.366158 0.199976 0.001177 -0.243820 -0.390566 -0.508049 -0.573937 -0.685529 -0.883201 -0.955784 0.991341 0.965578 0.937509 0.834189 0.601237 0.546558 0.413714 0.237102 0.056056 -0.079505 -0.325879 -0.431396 -0.592538 -0.719911 -0.878659 -0.965779 
30.968128 63657.140625 72 72 74 0.648477 0.643371 0.692070 0.983490 0.970325 0.938098 0.678857 0.594567 0.507491 0.390133 0.275714 0.126107 -0.148319 -0.356586 -0.453896 -0.601379 -0.777661 -0.880010 -0.960172 0.980027 0.966398 0.918370 0.641254 0.585058 0.472173 0.365171 0.238854 0.078613 -0.188869 -0.396777 -0.497629 -0.579981 -0.700135 -0.886453 -0.950139 
42.540031 11053712.000000 74 44 188 0.617307 0.410159 0.406818 0.978069 0.965595 0.754721 0.501832 0.379314 0.229760 0.067435 -0.064450 -0.224260 -0.414307 -0.567771 -0.683300 -0.747256 -0.819999 -0.926338 -0.987500 0.978952 0.966977 0.861916 0.641019 0.544699 0.360624 0.226179 -0.017748 -0.149883 -0.337126 -0.455898 -0.632585 -0.700578 -0.797532 -0.902815 -0.982129 
42.926216 3322857.500000 28 54 72 0.750329 0.543768 0.503552 0.982508 0.955934 0.704756 0.485090 0.335277 0.273788 0.092608 -0.059671 -0.267966 -0.402858 -0.527744 -0.683797 -0.741092 -0.834287 -0.931017 -0.983937 0.978417 0.968389 0.724788 0.445904 0.332164 0.229636 0.022749 -0.024672 -0.330925 -0.410861 -0.545034 -0.697738 -0.764725 -0.853195 -0.927401 -0.982730 
36.743244 1303903.250000 74 218 76 0.584433 0.437237 0.450316 0.984014 0.955191 0.673627 0.553450 0.421941 0.244389 0.119567 -0.011033 -0.163572 -0.395029 -0.441885 -0.675354 -0.721347 -0.809662 -0.926320 -0.982443 0.974603 0.939044 0.741686 0.534678 0.344564 0.264597 0.115638 -0.005524 -0.226718 -0.398710 -0.505246 -0.681037 -0.750171 -0.831667 -0.932294 -0.987283 
44.616722 969529.937500 56 64 64 0.466682 0.699179 0.898741 0.993562 0.982899 0.975024 0.865116 0.390161 0.259004 0.194850 0.107128 -0.081315 -0.324325 -0.406380 -0.530427 -0.683749 -0.757072 -0.892368 -0.961941 0.993116 0.986895 0.866185 0.585877 0.451620 0.266898 0.167358 -0.010544 -0.110293 -0.377786 -0.427138 -0.638727 -0.715383 -0.789209 -0.918427 -0.971154 
50.214012 1566265.500000 64 70 72 0.881531 0.944469 0.982694 0.990830 0.980201 0.966925 0.905123 0.407663 0.297113 0.190927 0.140343 0.006147 -0.228672 -0.379366 -0.440874 -0.567498 -0.754591 -0.878684 -0.956438 0.991620 0.980698 0.969878 0.877343 0.412485 0.309346 0.201601 0.144272 -0.031228 -0.245970 -0.392861 -0.464644 -0.660485 -0.763930 -0.879565 -0.970258 
50.242119 900444.375000 72 72 74 0.978698 0.986443 0.982537 0.990188 0.980590 0.966168 0.928746 0.417389 0.275660 0.195350 0.140280 0.033301 -0.219035 -0.383140 -0.437203 -0.517166 -0.705475 -0.820763 -0.948792 0.990347 0.980659 0.965701 0.922216 0.424482 0.282094 0.194987 0.142345 0.026471 -0.228662 -0.388129 -0.440652 -0.521914 -0.753901 -0.843287 -0.957217 
50.171963 750753.937500 74 74 76 0.985918 0.968491 0.980749 0.989374 0.980756 0.964689 0.922951 0.457873 0.314319 0.223775 0.156725 0.078914 -0.163823 -0.392823 -0.431589 -0.507902 -0.634265 -0.855277 -0.975205 0.989417 0.980818 0.966128 0.923036 0.429111 0.287321 0.199860 0.140717 0.055564 -0.191082 -0.394724 -0.436848 -0.503344 -0.660897 -0.832663 -0.969589 
49.858631 266195.281250 74 74 76 0.961332 0.973386 0.976702 0.991153 0.981188 0.966203 0.938341 0.583649 0.438454 0.337965 0.190224 0.121522 -0.166488 -0.362612 -0.433711 -0.525607 -0.740895 -0.896384 -0.973523 0.990050 0.980876 0.965497 0.927739 0.499100 0.368654 0.268950 0.170736 0.113977 -0.152827 -0.383490 -0.436260 -0.503003 -0.670925 -0.880548 -0.982136 
46.936378 65296.183594 76 76 78 0.975533 0.962364 0.950064 0.994289 0.984566 0.966177 0.943273 0.797345 0.427674 0.253511 0.179453 0.074136 -0.147856 -0.400476 -0.445020 -0.608976 -0.807264 -0.901533 -0.963845 0.993216 0.982907 0.965992 0.945293 0.713899 0.462857 0.346268 0.174661 0.066045 -0.187807 -0.368648 -0.462692 -0.553991 -0.800462 -0.886633 -0.966803 
44.239655 34475.199219 78 80 82 0.944619 0.917756 0.748680 0.994404 0.986337 0.969864 0.930772 0.737606 0.463877 0.280783 0.184730 0.026752 -0.164629 -0.346023 -0.474765 -0.620493 -0.828244 -0.912361 -0.967192 0.994010 0.985592 0.967464 0.940069 0.805448 0.439622 0.298618 0.176838 0.103122 -0.195182 -0.368496 -0.488408 -0.624658 -0.805681 -0.916030 -0.970269 
33.912003 138860.000000 80 76 74 0.621000 0.739991 0.577570 0.994590 0.980178 0.938860 0.801241 0.562391 0.396794 0.209410 0.079430 -0.210523 -0.388860 -0.520836 -0.634590 -0.728673 -0.860608 -0.960903 -0.984134 0.996029 0.987092 0.958069 0.896200 0.654833 0.487234 0.270413 0.166924 0.024477 -0.183824 -0.401383 -0.469453 -0.705419 -0.812531 -0.908358 -0.975801 
42.742943 2416780.500000 74 42 66 0.708581 0.593539 0.413857 0.987817 0.967425 0.876681 0.645487 0.345859 0.149058 0.017069 -0.236239 -0.392560 -0.504007 -0.664333 -0.734994 -0.779550 -0.930143 -0.962341 -0.987033 0.986239 0.973236 0.904926 0.675281 0.467823 0.271228 0.079903 -0.107238 -0.339647 -0.446471 -0.601231 -0.709603 -0.785753 -0.900708 -0.958674 -0.986608 
48.957748 3134657.750000 52 78 76 0.407535 0.629458 0.668417 0.985055 0.950084 0.838796 0.588592 0.417943 0.176240 -0.032571 -0.209335 -0.366109 -0.485350 -0.658369 -0.754394 -0.840788 -0.948299 -0.968742 -0.996438 0.986789 0.938467 0.826562 0.640411 0.375221 0.154075 -0.065283 -0.242099 -0.358191 -0.467360 -0.670630 -0.739918 -0.828027 -0.921152 -0.979811 -0.997008 
48.070282 2232110.250000 76 224 224 0.678462 0.544509 0.556246 0.983945 0.947102 0.804515 0.574738 0.402976 0.146848 -0.041618 -0.224548 -0.387214 -0.505926 -0.575376 -0.726115 -0.845882 -0.943930 -0.966586 -0.988108 0.981230 0.941200 0.819345 0.622777 0.412679 0.174923 -0.083933 -0.192642 -0.433689 -0.512688 -0.612830 -0.722391 -0.871557 -0.954316 -0.973589 -0.993829 
41.102402 1435868.000000 146 78 52 0.502847 0.481760 0.631271 0.982481 0.957190 0.795902 0.519970 0.444463 0.176706 0.073694 -0.188634 -0.350498 -0.466846 -0.541751 -0.702985 -0.809501 -0.930043 -0.957483 -0.979997 0.981478 0.956896 0.802561 0.534948 0.454803 0.167138 -0.038146 -0.209609 -0.368417 -0.498407 -0.579492 -0.715933 -0.816573 -0.930719 -0.967811 -0.987538 
46.491512 2407451.000000 52 54 134 0.472050 0.320276 0.460425 0.988019 0.977105 0.965550 0.822148 0.512852 0.477657 0.278741 0.197680 -0.004905 -0.388050 -0.470733 -0.583965 -0.769323 -0.897644 -0.949748 -0.981342 0.987517 0.967088 0.901905 0.607179 0.481425 0.339823 0.157206 0.024304 -0.346228 -0.450320 -0.537821 -0.677000 -0.806629 -0.914820 -0.954145 -0.982533 
52.718124 4200301.500000 60 74 76 0.934875 0.826680 0.691296 0.984037 0.973579 0.962453 0.820222 0.518541 0.479781 0.299780 0.214076 0.084159 -0.313378 -0.434599 -0.494807 -0.715732 -0.829649 -0.948919 -0.974220 0.985694 0.974720 0.961569 0.798016 0.518018 0.488797 0.267154 0.199973 -0.016428 -0.351704 -0.446365 -0.518814 -0.709036 -0.816022 -0.933094 -0.973438 
52.015167 5084596.000000 78 82 84 0.632469 0.825870 0.966649 0.984121 0.974438 0.961246 0.726253 0.485739 0.441651 0.311382 0.240482 0.006794 -0.354821 -0.435258 -0.529344 -0.669204 -0.772586 -0.917538 -0.982799 0.983410 0.972808 0.957422 0.754328 0.503986 0.462484 0.295727 0.231056 0.062770 -0.334474 -0.432429 -0.511952 -0.679953 -0.809703 -0.930501 -0.982438 
46.068363 457233.781250 84 82 78 0.951147 0.783835 0.555732 0.989512 0.977207 0.964281 0.767770 0.471283 0.426738 0.343671 0.277544 -0.000240 -0.357796 -0.462830 -0.564093 -0.664665 -0.829092 -0.945889 -0.981048 0.986681 0.976820 0.965939 0.735834 0.471196 0.422191 0.325316 0.269622 0.032134 -0.362386 -0.450797 -0.534367 -0.658843 -0.772721 -0.920272 -0.974271 
30.185911 78696.789062 78 72 78 0.426249 0.409844 0.657301 0.986895 0.973251 0.937972 0.747393 0.501003 0.446328 0.295854 0.226200 -0.125656 -0.331536 -0.402025 -0.561579 -0.664187 -0.840530 -0.946408 -0.984150 0.989812 0.970343 0.947659 0.745988 0.508379 0.435638 0.294807 0.133942 -0.238962 -0.326272 -0.408753 -0.535452 -0.622698 -0.834994 -0.945216 -0.973621 
28.320436 31605.408203 78 52 78 0.578523 0.647789 0.463311 0.984982 0.972253 0.946699 0.738106 0.481208 0.443301 0.361601 0.261415 0.095871 -0.263544 -0.412683 -0.501251 -0.644696 -0.838367 -0.930771 -0.991360 0.986627 0.976955 0.940034 0.731180 0.505638 0.470149 0.338720 0.268549 -0.012955 -0.305771 -0.384534 -0.523375 -0.619506 -0.831912 -0.942200 -0.988495 
32.315262 532820.875000 78 76 26 0.524547 0.512520 0.805294 0.976744 0.958722 0.768893 0.602249 0.571080 0.474369 0.393043 0.208438 -0.062631 -0.359278 -0.560526 -0.670075 -0.782762 -0.830751 -0.937054 -0.987967 0.983953 0.969819 0.802635 0.613008 0.567556 0.467274 0.388448 0.247756 -0.082370 -0.336506 -0.556484 -0.670476 -0.761065 -0.823093 -0.937314 -0.985541 
40.029434 3441323.250000 52 52 36 0.577339 0.375783 0.442684 0.976383 0.949179 0.623856 0.563280 0.488375 0.392741 0.091644 -0.170338 -0.355638 -0.454756 -0.599094 -0.726080 -0.822841 -0.912002 -0.947902 -0.985963 0.972925 0.961247 0.705077 0.569878 0.500831 0.436213 0.268519 -0.061319 -0.215472 -0.453980 -0.572783 -0.705918 -0.791731 -0.898941 -0.961304 -0.983536 
41.978180 1890164.000000 38 34 116 0.563200 0.481543 0.523248 0.980879 0.941734 0.721723 0.570900 0.521722 0.270046 -0.010340 -0.213679 -0.377368 -0.480977 -0.617477 -0.717643 -0.827272 -0.911925 -0.964992 -0.984220 0.970100 0.929247 0.650507 0.534914 0.472497 0.298932 -0.003666 -0.187437 -0.336135 -0.463172 -0.595308 -0.737639 -0.814540 -0.911566 -0.955308 -0.988468 
36.589554 143470.390625 202 52 54 0.580434 0.568505 0.520658 0.973841 0.962703 0.880150 0.646930 0.528981 0.407190 0.089732 -0.105933 -0.289306 -0.480022 -0.590999 -0.717757 -0.866218 -0.917503 -0.957353 -0.983577 0.976192 0.954408 0.814402 0.585446 0.556940 0.257207 0.027356 -0.210721 -0.365866 -0.494223 -0.597297 -0.686531 -0.839363 -0.929561 -0.970817 -0.985209 
22.799782 36279.246094 28 144 22 0.712066 0.365845 0.447148 0.979190 0.954463 0.875785 0.733996 0.584771 0.455247 0.344700 -0.021431 -0.308672 -0.394431 -0.561947 -0.666369 -0.863595 -0.915624 -0.944826 -0.972314 0.979835 0.960584 0.901911 0.753521 0.569407 0.476463 0.217312 -0.108079 -0.288340 -0.396340 -0.581142 -0.737434 -0.876671 -0.908562 -0.960398 -0.981256 
27.834795 301147.937500 86 84 80 0.624704 0.507479 0.542932 0.985191 0.949528 0.871851 0.659614 0.508773 0.369860 0.061145 -0.159621 -0.365709 -0.455686 -0.602371 -0.693282 -0.781228 -0.852149 -0.935048 -0.977236 0.981899 0.962637 0.909172 0.774799 0.579074 0.456559 0.337574 -0.071686 -0.326806 -0.405083 -0.563123 -0.692103 -0.827584 -0.906425 -0.930207 -0.970763 
39.048370 2000459.500000 80 50 54 0.662910 0.617335 0.583002 0.986884 0.952165 0.763970 0.437027 0.395814 0.250433 0.086736 -0.072946 -0.342684 -0.454718 -0.609356 -0.691813 -0.767002 -0.852716 -0.938966 -0.984919 0.980490 0.951808 0.829459 0.528076 0.407634 0.213141 -0.060565 -0.271047 -0.381687 -0.505530 -0.616272 -0.725579 -0.797658 -0.858871 -0.949772 -0.980653 
45.557819 733056.937500 74 64 76 0.565523 0.767532 0.916106 0.989608 0.982628 0.974137 0.877481 0.397341 0.368802 0.239363 0.142655 -0.036237 -0.348288 -0.429791 -0.569089 -0.767135 -0.839009 -0.941600 -0.975093 0.992019 0.982166 0.972523 0.710324 0.407559 0.373062 0.198491 0.125725 -0.184199 -0.393224 -0.497699 -0.667460 -0.763190 -0.848373 -0.933034 -0.976785 
48.152802 666871.437500 76 146 74 0.878011 0.895189 0.850765 0.989365 0.981492 0.969570 0.911717 0.410891 0.340772 0.226021 0.125745 -0.007086 -0.303288 -0.421847 -0.481868 -0.674478 -0.791837 -0.903069 -0.970224 0.989696 0.981674 0.970845 0.916771 0.440135 0.362200 0.260495 0.139449 0.028828 -0.319401 -0.422724 -0.497787 -0.688578 -0.826948 -0.916009 -0.972063 
46.565266 197578.000000 74 150 76 0.859165 0.974099 0.801953 0.989986 0.983105 0.970808 0.933289 0.444623 0.330286 0.271507 0.128805 0.040435 -0.256182 -0.417599 -0.469097 -0.604730 -0.768943 -0.871389 -0.961637 0.989727 0.982748 0.970865 0.925362 0.453489 0.339231 0.254881 0.136935 0.029707 -0.285827 -0.408396 -0.490894 -0.680670 -0.780165 -0.881958 -0.965523 
44.685154 120475.500000 76 76 74 0.799709 0.937071 0.948192 0.991323 0.982765 0.970925 0.936247 0.485822 0.327195 0.256257 0.140255 0.052773 -0.265358 -0.405379 -0.450606 -0.527130 -0.771233 -0.893647 -0.955557 0.991310 0.982767 0.971001 0.931001 0.458728 0.331164 0.263988 0.131177 0.037311 -0.218643 -0.417716 -0.455359 -0.574990 -0.763400 -0.876443 -0.958381 
40.577198 46645.730469 74 76 78 0.942945 0.926190 0.887888 0.994746 0.985597 0.969829 0.914018 0.554682 0.364729 0.286766 0.179761 0.117218 -0.268020 -0.417303 -0.460128 -0.668862 -0.795910 -0.910518 -0.975517 0.993486 0.983051 0.970486 0.919228 0.485258 0.343256 0.262000 0.159604 0.086753 -0.280057 -0.403105 -0.449331 -0.537516 -0.795771 -0.901158 -0.957695 
33.683372 41357.589844 78 92 74 0.829500 0.760638 0.459481 0.994100 0.979174 0.940000 0.806288 0.519937 0.384477 0.267236 0.139088 0.030036 -0.282576 -0.421236 -0.534021 -0.753011 -0.872143 -0.941594 -0.988641 0.994664 0.986679 0.970646 0.852846 0.545580 0.376834 0.279732 0.166725 0.071790 -0.309703 -0.422870 -0.508350 -0.692313 -0.849457 -0.927166 -0.979336 
24.453066 16572.302734 72 92 84 0.472509 0.364366 0.540749 0.991538 0.977353 0.926017 0.825552 0.619741 0.467960 0.271628 0.150257 -0.030625 -0.285468 -0.462993 -0.540074 -0.761065 -0.856878 -0.922379 -0.991482 0.994962 0.981211 0.932240 0.812014 0.599344 0.429142 0.272339 0.141335 -0.070954 -0.271796 -0.399932 -0.584053 -0.740357 -0.860841 -0.951518 -0.993826 
18.396772 21618.255859 86 80 80 0.516697 0.484263 0.477269 0.983009 0.962193 0.910329 0.790194 0.585187 0.451098 0.249026 0.103773 -0.163767 -0.303664 -0.452176 -0.579618 -0.819837 -0.859154 -0.905068 -0.982274 0.988083 0.961453 0.925119 0.798330 0.620157 0.454539 0.293466 0.066473 -0.076682 -0.285545 -0.492168 -0.609809 -0.801915 -0.862578 -0.910405 -0.974973 
20.891016 45700.429688 52 90 112 0.557828 0.516794 0.387984 0.985088 0.958138 0.896083 0.638460 0.540434 0.512521 0.271873 0.089499 -0.182462 -0.348569 -0.483977 -0.604507 -0.824459 -0.858259 -0.885232 -0.963049 0.981969 0.965963 0.912335 0.761177 0.547813 0.468379 0.303994 0.076847 -0.106639 -0.340731 -0.457883 -0.590317 -0.797632 -0.861949 -0.879921 -0.984678 
27.355209 205106.875000 112 100 132 0.537008 0.503251 0.421718 0.982798 0.951317 0.778724 0.574497 0.554300 0.321622 0.213493 0.052184 -0.270620 -0.319502 -0.396886 -0.603631 -0.736751 -0.805817 -0.855698 -0.983759 0.981961 0.959199 0.836715 0.573193 0.533378 0.490221 0.343844 0.059775 -0.228898 -0.377127 -0.408855 -0.694279 -0.819332 -0.839141 -0.882776 -0.986433 
32.054970 307259.437500 52 62 178 0.403743 0.501561 0.483115 0.978980 0.953386 0.695112 0.573770 0.554061 0.395590 0.280352 0.177524 -0.151943 -0.276841 -0.398062 -0.570350 -0.671384 -0.755804 -0.884036 -0.985006 0.979567 0.940328 0.693021 0.559853 0.542568 0.402073 0.219686 0.134119 -0.220827 -0.289884 -0.428753 -0.595277 -0.699875 -0.771447 -0.873162 -0.984115 
28.170710 60594.703125 52 44 48 0.406818 0.461120 0.803211 0.986616 0.966359 0.843056 0.646977 0.628566 0.507261 0.405909 0.259819 0.031915 -0.222170 -0.337962 -0.497407 -0.669501 -0.762428 -0.879927 -0.964091 0.978588 0.953124 0.708812 0.621339 0.531186 0.429268 0.335809 0.218839 -0.065236 -0.254087 -0.352689 -0.523198 -0.660744 -0.745479 -0.888286 -0.980558 
48.525101 150122.234375 50 52 54 0.443792 0.762535 0.828373 0.984930 0.973049 0.960478 0.856349 0.754912 0.695097 0.557089 0.520893 0.188434 -0.125737 -0.258658 -0.518522 -0.672105 -0.819627 -0.910237 -0.970034 0.989542 0.975956 0.956285 0.841950 0.721304 0.649679 0.523166 0.415623 0.118227 -0.145010 -0.293262 -0.511982 -0.668675 -0.794440 -0.913055 -0.969134 
55.223557 563340.500000 54 54 52 0.832006 0.934889 0.960021 0.980478 0.971414 0.956903 0.839661 0.706844 0.653696 0.563835 0.511726 0.328687 -0.067697 -0.243272 -0.491090 -0.680066 -0.776462 -0.902329 -0.975645 0.981634 0.972143 0.957243 0.845267 0.740291 0.680434 0.565425 0.525446 0.272069 -0.083745 -0.270662 -0.494922 -0.663166 -0.789948 -0.904057 -0.974374 
57.198853 2809703.000000 54 54 54 0.947191 0.957177 0.987446 0.979472 0.971479 0.953963 0.749333 0.605322 0.575197 0.493749 0.450415 0.204044 -0.139961 -0.196953 -0.350831 -0.676184 -0.745087 -0.820518 -0.963979 0.980230 0.971250 0.956740 0.803105 0.660774 0.627137 0.533753 0.486462 0.328012 -0.134213 -0.202552 -0.353304 -0.679940 -0.755878 -0.882785 -0.974017 
57.501045 7941973.500000 54 54 56 0.992991 0.973790 0.961329 0.979833 0.973029 0.949290 0.676883 0.538059 0.498196 0.414487 0.361123 0.122080 -0.179638 -0.251012 -0.398240 -0.647572 -0.750501 -0.790389 -0.893270 0.979660 0.972045 0.951806 0.698969 0.568758 0.522859 0.457494 0.400230 0.183863 -0.150467 -0.229154 -0.397927 -0.665845 -0.755598 -0.803993 -0.947662 
55.784531 8795873.000000 56 58 60 0.980428 0.979333 0.987475 0.980748 0.975321 0.948153 0.695731 0.505088 0.419223 0.350247 0.252443 0.049978 -0.187776 -0.270353 -0.398154 -0.604744 -0.743145 -0.792474 -0.864592 0.980456 0.974489 0.948686 0.664658 0.527670 0.460139 0.368612 0.299578 0.087921 -0.181014 -0.265757 -0.387689 -0.622360 -0.750947 -0.794277 -0.859405 
54.237495 6812770.000000 60 62 66 0.986188 0.970065 0.894443 0.982722 0.977892 0.949363 0.692900 0.494589 0.384639 0.303033 0.195969 0.029500 -0.197934 -0.300447 -0.378820 -0.598134 -0.724688 -0.788158 -0.835525 0.981613 0.976596 0.946766 0.700057 0.506907 0.408373 0.320284 0.216994 0.030589 -0.193222 -0.286701 -0.381860 -0.606313 -0.726044 -0.790572 -0.833150 
51.912113 4091085.750000 64 68 72 0.900641 0.892042 0.886036 0.985884 0.978460 0.955725 0.718124 0.492563 0.378474 0.262018 0.182784 0.016141 -0.196834 -0.329391 -0.405108 -0.580763 -0.712906 -0.778332 -0.860365 0.984650 0.979100 0.952189 0.673961 0.510541 0.400724 0.286068 0.197138 0.023719 -0.182751 -0.313334 -0.383304 -0.574783 -0.708716 -0.779049 -0.842747 
48.259796 1286474.625000 74 76 76 0.923752 0.948991 0.889980 0.988378 0.982297 0.955353 0.717551 0.505660 0.411619 0.253912 0.184514 0.058702 -0.200651 -0.348966 -0.414479 -0.539953 -0.702564 -0.764207 -0.927431 0.987511 0.979477 0.956094 0.737277 0.490385 0.387777 0.252070 0.177446 0.036243 -0.203159 -0.347481 -0.405392 -0.551067 -0.706809 -0.763059 -0.920400 
43.462811 244316.296875 78 78 78 0.899250 0.850072 0.874611 0.990726 0.978502 0.964304 0.780671 0.514354 0.458218 0.308995 0.205137 0.106390 -0.067500 -0.339967 -0.405482 -0.533276 -0.693252 -0.828855 -0.969127 0.988476 0.978728 0.963807 0.773132 0.509645 0.429386 0.247628 0.181960 0.061696 -0.150993 -0.354558 -0.417976 -0.545952 -0.696728 -0.798801 -0.961229 
36.275837 79045.796875 78 78 74 0.844005 0.609266 0.637022 0.995221 0.985264 0.950719 0.651428 0.545122 0.459588 0.374996 0.215830 0.065739 -0.135253 -0.349747 -0.404010 -0.519769 -0.739759 -0.873458 -0.965034 0.993190 0.980015 0.963616 0.780112 0.516276 0.450433 0.308185 0.198996 0.074101 -0.153265 -0.344200 -0.405385 -0.515978 -0.725859 -0.877268 -0.963604 
32.856441 37994.339844 74 84 80 0.615208 0.641367 0.791953 0.995308 0.981000 0.953621 0.704922 0.532943 0.459135 0.327945 0.235084 0.072564 -0.104659 -0.344783 -0.401294 -0.653467 -0.794806 -0.900201 -0.975158 0.995608 0.987482 0.938141 0.662994 0.537444 0.460690 0.377493 0.246441 0.081236 -0.122986 -0.355771 -0.396982 -0.593046 -0.769531 -0.875197 -0.973439 
26.924755 24947.158203 82 94 48 0.712320 0.509744 0.553678 0.989467 0.973160 0.916109 0.727872 0.532564 0.425807 0.375266 0.176816 0.091053 -0.048582 -0.316754 -0.456082 -0.677044 -0.796256 -0.896895 -0.965858 0.994992 0.983298 0.940955 0.678351 0.521199 0.442637 0.328144 0.236988 0.083457 -0.112286 -0.362441 -0.424934 -0.612705 -0.815175 -0.901725 -0.970334 
19.302433 11225.150391 38 102 74 0.434117 0.475766 0.557670 0.982856 0.954990 0.895987 0.793931 0.544458 0.425949 0.311027 0.121674 0.069253 -0.175163 -0.334135 -0.459627 -0.661467 -0.839296 -0.921962 -0.967258 0.986157 0.971771 0.892078 0.738277 0.536577 0.415589 0.312351 0.121430 0.091673 -0.027132 -0.356754 -0.491090 -0.683325 -0.823170 -0.912480 -0.974974 
19.357983 6655.748535 156 78 84 0.410492 0.555410 0.537508 0.986272 0.972425 0.934758 0.792630 0.587837 0.436960 0.335081 0.175181 0.046827 -0.160472 -0.374658 -0.554869 -0.723082 -0.822999 -0.915293 -0.966398 0.988878 0.970280 0.923077 0.770249 0.604947 0.442729 0.319281 0.113738 0.048384 -0.187230 -0.370522 -0.528780 -0.673757 -0.837496 -0.927982 -0.962427 
16.989729 6115.368164 84 88 84 0.557249 0.447115 0.470146 0.985815 0.966325 0.917674 0.816060 0.619919 0.467326 0.356925 0.232440 0.003458 -0.213120 -0.397539 -0.544726 -0.737194 -0.820538 -0.913043 -0.971078 0.988205 0.961915 0.915400 0.800651 0.658266 0.452989 0.335404 0.221370 0.019304 -0.194374 -0.383413 -0.530357 -0.739451 -0.840306 -0.903597 -0.971215 
16.463615 6183.928711 208 76 40 0.357148 0.522047 0.482144 0.979099 0.964904 0.915113 0.791559 0.637012 0.474294 0.341975 0.198270 0.008893 -0.262932 -0.429030 -0.569681 -0.720198 -0.831469 -0.933710 -0.979440 0.978078 0.963378 0.911836 0.779868 0.619835 0.502435 0.343725 0.219095 -0.045256 -0.251921 -0.422469 -0.579543 -0.694094 -0.828617 -0.905076 -0.971272 
16.128695 4507.517578 40 80 52 0.527989 0.475439 0.394023 0.988964 0.970123 0.907820 0.830856 0.647868 0.488239 0.378692 0.200529 0.010014 -0.226445 -0.383237 -0.589683 -0.699381 -0.848833 -0.919521 -0.973610 0.988007 0.962794 0.914563 0.797380 0.620928 0.495776 0.345916 0.164297 -0.010847 -0.271941 -0.403726 -0.541771 -0.748987 -0.834182 -0.913111 -0.976553 
16.724478 3918.831543 90 82 82 0.430055 0.432700 0.585061 0.979762 0.969413 0.911479 0.799755 0.641178 0.445251 0.366577 0.209423 -0.036352 -0.232152 -0.414677 -0.565292 -0.749293 -0.843009 -0.941095 -0.980846 0.987697 0.974259 0.911627 0.807426 0.631455 0.485467 0.360062 0.155307 -0.045636 -0.240725 -0.396912 -0.563036 -0.723581 -0.844468 -0.922503 -0.976234 
15.193376 3546.290771 82 100 102 0.600832 0.500257 0.510995 0.987398 0.962127 0.918438 0.840183 0.632048 0.475440 0.351492 0.181105 -0.032214 -0.214360 -0.393659 -0.606823 -0.725286 -0.828654 -0.924932 -0.979163 0.985881 0.956052 0.916057 0.823505 0.656588 0.524796 0.352849 0.209617 -0.044948 -0.198857 -0.424608 -0.560435 -0.706564 -0.838466 -0.932527 -0.984824 
13.828871 3704.297607 104 52 102 0.575867 0.595374 0.335563 0.979893 0.962796 0.921045 0.803325 0.642226 0.462543 0.336785 0.200820 -0.061948 -0.260209 -0.418822 -0.532044 -0.721463 -0.850249 -0.922757 -0.975466 0.980104 0.953669 0.912120 0.810336 0.641844 0.487153 0.333033 0.155494 -0.049849 -0.233887 -0.413794 -0.578101 -0.745649 -0.853217 -0.922226 -0.979303 
14.242295 3272.074707 178 112 42 0.412718 0.311930 0.477209 0.984748 0.966935 0.913264 0.811240 0.618806 0.492338 0.345642 0.201559 -0.034005 -0.289806 -0.409519 -0.551338 -0.702202 -0.844816 -0.933146 -0.982965 0.984118 0.961006 0.926786 0.794225 0.643617 0.508140 0.356484 0.197064 -0.041318 -0.294489 -0.406376 -0.566830 -0.723310 -0.861000 -0.915594 -0.974075 
14.108958 2945.310059 84 82 80 0.430456 0.450844 0.502270 0.985950 0.963362 0.927619 0.827716 0.615366 0.509085 0.327008 0.172797 -0.103877 -0.253120 -0.438284 -0.581613 -0.706552 -0.848295 -0.914627 -0.971393 0.985101 0.966355 0.914129 0.804542 0.644145 0.511595 0.317659 0.174712 -0.005879 -0.282286 -0.429098 -0.559597 -0.707680 -0.829211 -0.933531 -0.976757 
14.178548 2977.847656 80 178 60 0.577859 0.469814 0.464823 0.986710 0.970625 0.930409 0.790304 0.645515 0.512504 0.368868 0.141918 -0.094625 -0.265778 -0.420616 -0.540487 -0.727804 -0.826276 -0.920842 -0.980713 0.980891 0.959059 0.915389 0.793200 0.630487 0.517725 0.392484 0.158809 -0.057841 -0.237389 -0.463275 -0.597247 -0.728742 -0.820558 -0.915615 -0.982121 
12.574049 2376.232422 60 52 86 0.530915 0.555424 0.423709 0.987035 0.963601 0.911095 0.821290 0.698798 0.505441 0.307805 0.134544 -0.052440 -0.227720 -0.416938 -0.575910 -0.725997 -0.863739 -0.933080 -0.983777 0.984478 0.957635 0.906020 0.814729 0.685584 0.515280 0.342204 0.125116 -0.047702 -0.258760 -0.406963 -0.533170 -0.695559 -0.841635 -0.929808 -0.980157 
12.889507 2256.590088 86 24 38 0.416335 0.506398 0.554657 0.986385 0.964402 0.921630 0.845262 0.683927 0.504864 0.314845 0.104413 -0.087980 -0.246202 -0.434324 -0.591053 -0.735530 -0.820046 -0.934721 -0.980802 0.988333 0.960657 0.914394 0.817108 0.667674 0.522431 0.333672 0.158449 -0.058536 -0.236263 -0.430441 -0.564096 -0.724538 -0.831762 -0.914072 -0.983532 
11.755159 2031.782227 50 132 84 0.480348 0.422945 0.318588 0.981622 0.962931 0.919301 0.807192 0.672332 0.533304 0.390461 0.133370 -0.069161 -0.210361 -0.425266 -0.570505 -0.734150 -0.872047 -0.926477 -0.973494 0.981146 0.960067 0.904735 0.815570 0.626739 0.528896 0.350976 0.120706 -0.050948 -0.228687 -0.426151 -0.575204 -0.754854 -0.858858 -0.913124 -0.972440 
13.790799 2276.040039 182 144 182 0.477406 0.428089 0.359054 0.987749 0.968358 0.917553 0.819768 0.636249 0.499870 0.354892 0.159627 -0.045067 -0.245638 -0.438950 -0.554373 -0.724389 -0.857472 -0.930836 -0.986829 0.991002 0.971341 0.923290 0.831492 0.650099 0.526537 0.379698 0.160664 -0.063935 -0.253907 -0.475015 -0.581211 -0.717858 -0.865675 -0.920260 -0.973906 
26.629105 147722.125000 52 50 60 0.393184 0.504658 0.512107 0.967269 0.945240 0.869472 0.531282 0.469996 0.408073 0.286288 0.046651 -0.147136 -0.288474 -0.382963 -0.495704 -0.625204 -0.750050 -0.814364 -0.911244 0.976548 0.952288 0.863732 0.574770 0.478482 0.411210 0.270000 0.057174 -0.142641 -0.279398 -0.388109 -0.506064 -0.620522 -0.757573 -0.819253 -0.945456 
31.506845 136621.250000 58 52 74 0.597146 0.467059 0.410577 0.989692 0.955410 0.927081 0.870421 0.457311 0.396518 0.307666 0.175640 0.054376 -0.067331 -0.268919 -0.350865 -0.590711 -0.723247 -0.833109 -0.956489 0.973424 0.953316 0.879305 0.611570 0.467698 0.397340 0.230527 0.130581 -0.090314 -0.280394 -0.354636 -0.463164 -0.636671 -0.763074 -0.858243 -0.961729 
49.041466 3829963.000000 64 68 70 0.441838 0.809107 0.962700 0.987013 0.965136 0.926502 0.853893 0.526424 0.457659 0.349383 0.229385 0.092003 -0.112466 -0.317564 -0.384393 -0.548917 -0.691949 -0.795464 -0.893872 0.984140 0.958989 0.934340 0.850844 0.536073 0.459584 0.359221 0.240705 0.117160 -0.079270 -0.280664 -0.370643 -0.474121 -0.656523 -0.776305 -0.911387 
50.937592 7705520.000000 70 74 76 0.961849 0.958218 0.976819 0.984346 0.961033 0.925767 0.826646 0.533705 0.465473 0.340118 0.209753 0.091346 -0.115559 -0.318291 -0.383143 -0.571999 -0.724819 -0.840520 -0.894809 0.985879 0.961084 0.924499 0.819999 0.525606 0.469110 0.319405 0.212964 0.076444 -0.135615 -0.326720 -0.393399 -0.599198 -0.724267 -0.837996 -0.883872 
49.565880 3384967.000000 76 78 80 0.978678 0.969262 0.950501 0.984948 0.964833 0.926035 0.832729 0.550204 0.496384 0.366563 0.222781 0.106314 -0.070530 -0.317929 -0.392934 -0.523111 -0.689192 -0.813338 -0.910164 0.984571 0.964649 0.922590 0.837890 0.547051 0.484928 0.370371 0.224732 0.104594 -0.086784 -0.305014 -0.387864 -0.540632 -0.677387 -0.839517 -0.907674 
48.586502 1205076.250000 80 78 80 0.934450 0.970292 0.926787 0.986641 0.971516 0.937998 0.860136 0.591665 0.521154 0.435036 0.240460 0.151044 -0.094856 -0.330843 -0.403545 -0.497696 -0.691623 -0.829094 -0.955068 0.985500 0.966998 0.930715 0.851963 0.563699 0.505329 0.404166 0.229682 0.128147 -0.089617 -0.333711 -0.401449 -0.497188 -0.666873 -0.837494 -0.925732 
44.750145 185572.734375 80 80 80 0.919880 0.850875 0.819852 0.990811 0.977412 0.949419 0.858147 0.637526 0.494420 0.438113 0.316004 0.030388 -0.144719 -0.312585 -0.417767 -0.489451 -0.724846 -0.908635 -0.963929 0.987632 0.973712 0.952224 0.861000 0.608901 0.531969 0.406321 0.270820 0.131955 -0.122265 -0.342960 -0.397098 -0.523527 -0.674358 -0.861765 -0.967116 
41.144821 80279.968750 82 80 80 0.732545 0.911385 0.886907 0.993093 0.981851 0.957477 0.844217 0.605806 0.503343 0.431498 0.273481 0.153037 -0.081565 -0.358608 -0.394926 -0.558232 -0.801967 -0.906481 -0.966624 0.992686 0.981981 0.954066 0.839934 0.621092 0.495906 0.432366 0.309943 0.122067 -0.100838 -0.335292 -0.406877 -0.477845 -0.751865 -0.895993 -0.967356 
40.047970 38783.156250 78 80 70 0.903600 0.868909 0.508956 0.994151 0.984890 0.967306 0.862100 0.611670 0.516563 0.419811 0.228380 0.112169 -0.080324 -0.365979 -0.427727 -0.652142 -0.813848 -0.927074 -0.975097 0.993953 0.983112 0.966520 0.867322 0.616026 0.505647 0.412136 0.271270 0.125201 -0.080814 -0.367740 -0.415296 -0.589609 -0.811388 -0.928202 -0.967397 
35.206955 25956.080078 70 74 76 0.715163 0.596961 0.279844 0.994594 0.986579 0.952368 0.805548 0.560410 0.481576 0.386642 0.249777 0.037719 -0.158864 -0.349564 -0.514636 -0.698005 -0.811955 -0.914107 -0.970677 0.995048 0.985518 0.970286 0.825531 0.558078 0.515863 0.412817 0.260770 0.081923 -0.143590 -0.370672 -0.446400 -0.691377 -0.818386 -0.915506 -0.978051 
38.623138 2550184.000000 94 72 62 0.486470 0.441256 0.775498 0.990688 0.946867 0.719599 0.648471 0.619231 0.383464 0.103797 -0.062971 -0.118773 -0.272786 -0.420280 -0.569600 -0.693545 -0.760333 -0.937180 -0.958934 0.984363 0.943579 0.841355 0.632692 0.594992 0.408387 0.187075 0.023224 -0.076727 -0.206852 -0.366814 -0.459743 -0.658857 -0.722360 -0.908058 -0.957159 
29.875347 79712.804688 66 80 76 0.604825 0.815553 0.457315 0.994586 0.973482 0.840996 0.711894 0.635993 0.448008 0.246388 0.076093 -0.112896 -0.279172 -0.360130 -0.504346 -0.712141 -0.763386 -0.933111 -0.957684 0.995031 0.978952 0.765694 0.680292 0.646047 0.474981 0.212246 0.025303 -0.145605 -0.205721 -0.392785 -0.533467 -0.665920 -0.761743 -0.937694 -0.963561 
21.014896 36219.500000 76 80 64 0.488577 0.538043 0.342283 0.982719 0.963026 0.859527 0.716598 0.630254 0.558198 0.309483 0.041863 -0.081019 -0.277830 -0.384474 -0.503356 -0.692686 -0.782549 -0.924550 -0.967387 0.979854 0.966351 0.855406 0.699658 0.608288 0.509399 0.297265 0.064721 -0.073415 -0.271202 -0.379773 -0.546929 -0.705002 -0.760013 -0.923369 -0.969538 
18.352249 16171.200195 78 230 230 0.399585 0.508065 0.555456 0.990640 0.959545 0.870480 0.739413 0.642567 0.541892 0.310056 0.027106 -0.065288 -0.234622 -0.392752 -0.516438 -0.681896 -0.834022 -0.927753 -0.980494 0.986273 0.964287 0.888112 0.704436 0.637847 0.578288 0.291956 0.031592 -0.056538 -0.215674 -0.367301 -0.495862 -0.707744 -0.780261 -0.931671 -0.967722 
18.311924 12681.530273 152 80 38 0.452667 0.512606 0.611466 0.981655 0.953208 0.916293 0.800027 0.660189 0.534366 0.317202 0.071094 -0.123156 -0.342341 -0.467144 -0.500486 -0.625596 -0.853570 -0.912958 -0.959109 0.988124 0.962490 0.912867 0.763330 0.647126 0.534787 0.351809 0.139898 -0.065711 -0.216124 -0.402221 -0.518062 -0.713331 -0.862888 -0.911886 -0.969859 
24.612272 10337.460938 230 52 146 0.354187 0.561485 0.515088 0.981374 0.953374 0.928380 0.850116 0.638582 0.477886 0.326965 0.115025 -0.140878 -0.374058 -0.476732 -0.519935 -0.674338 -0.826767 -0.929903 -0.975105 0.966452 0.952086 0.927214 0.885911 0.652575 0.531566 0.312729 0.067069 -0.215424 -0.430135 -0.468493 -0.511793 -0.557453 -0.834877 -0.916037 -0.972750 
18.316914 11306.561523 148 138 122 0.512132 0.449592 0.344575 0.978221 0.953258 0.889522 0.835803 0.678947 0.521944 0.377691 0.139321 -0.035521 -0.265081 -0.461886 -0.548892 -0.726508 -0.846764 -0.924241 -0.976642 0.982180 0.956969 0.891707 0.823260 0.682193 0.501967 0.348070 0.133661 -0.085757 -0.302784 -0.452136 -0.523489 -0.726648 -0.840033 -0.926357 -0.983105 
36.579239 20910.042969 126 50 54 0.384663 0.307429 0.778938 0.989585 0.978249 0.944636 0.910162 0.872299 0.642404 0.440798 0.215630 -0.005486 -0.203080 -0.354331 -0.573893 -0.691530 -0.836283 -0.928729 -0.980503 0.981618 0.961402 0.898614 0.842795 0.671849 0.532283 0.383004 0.169979 -0.065652 -0.209334 -0.395802 -0.543059 -0.719031 -0.861163 -0.931513 -0.981112 
52.216934 148454.609375 54 62 62 0.663089 0.883300 0.934135 0.983079 0.976989 0.947585 0.901574 0.871669 0.824839 0.423733 0.214631 -0.095784 -0.207426 -0.267321 -0.536128 -0.624721 -0.791648 -0.914864 -0.973077 0.985590 0.976832 0.958917 0.908372 0.880986 0.822624 0.429995 0.267204 0.016887 -0.221020 -0.340024 -0.537880 -0.698770 -0.823676 -0.923629 -0.976353 
53.602924 240022.140625 62 64 66 0.933927 0.883566 0.768126 0.982429 0.973143 0.943452 0.898690 0.863409 0.813017 0.393697 0.240306 -0.033718 -0.204016 -0.238116 -0.473877 -0.621880 -0.751082 -0.904560 -0.976933 0.983179 0.975799 0.948822 0.900203 0.869674 0.825484 0.386532 0.235014 -0.048711 -0.212065 -0.252743 -0.500548 -0.619690 -0.777899 -0.913157 -0.975838 
53.736652 522148.875000 66 68 68 0.802167 0.852667 0.921372 0.980150 0.966700 0.939283 0.886174 0.851602 0.788343 0.358253 0.249327 0.028669 -0.194320 -0.236902 -0.468052 -0.622968 -0.752098 -0.904515 -0.974463 0.981604 0.970250 0.941222 0.892631 0.856207 0.791777 0.354229 0.262604 0.002166 -0.201147 -0.240226 -0.473111 -0.630920 -0.734236 -0.904530 -0.972276 
55.194069 720985.500000 68 68 70 0.915148 0.923433 0.955922 0.976897 0.963857 0.938567 0.882351 0.852300 0.788058 0.315129 0.239782 0.033229 -0.196487 -0.244341 -0.436504 -0.613173 -0.696276 -0.888508 -0.969218 0.977465 0.963848 0.940262 0.881630 0.850148 0.783247 0.319764 0.255207 0.004339 -0.194878 -0.235896 -0.462383 -0.610358 -0.689522 -0.885395 -0.970338 
55.207489 631592.812500 70 72 74 0.959793 0.952825 0.958969 0.976676 0.965410 0.942838 0.890958 0.841401 0.756946 0.310323 0.243942 0.060223 -0.190724 -0.230384 -0.413744 -0.618421 -0.716933 -0.897401 -0.971027 0.977610 0.964529 0.942901 0.889821 0.851918 0.767551 0.286432 0.232615 0.027209 -0.189218 -0.232495 -0.440897 -0.612055 -0.703315 -0.892162 -0.970017 
53.211514 348048.406250 74 76 78 0.957970 0.953204 0.864256 0.979952 0.968307 0.939469 0.886415 0.841359 0.799092 0.317439 0.242209 0.076633 -0.193558 -0.233815 -0.365861 -0.595065 -0.777483 -0.900516 -0.974562 0.978773 0.966028 0.942639 0.887364 0.836004 0.779667 0.330058 0.246606 0.069573 -0.189850 -0.224905 -0.384132 -0.592380 -0.723198 -0.894085 -0.971254 
50.083691 118644.671875 78 78 76 0.870679 0.790451 0.786262 0.982806 0.970263 0.946769 0.894479 0.848240 0.810198 0.328480 0.254530 0.091083 -0.194491 -0.244731 -0.481454 -0.622016 -0.813307 -0.919686 -0.972163 0.981079 0.969270 0.941275 0.887662 0.846462 0.798956 0.340654 0.236835 0.047937 -0.201351 -0.237849 -0.402652 -0.632167 -0.800290 -0.915604 -0.975993 
46.929916 36755.078125 76 146 60 0.733593 0.563423 0.630407 0.986296 0.972966 0.956403 0.899396 0.852492 0.791774 0.415083 0.260418 -0.026024 -0.201440 -0.301173 -0.533323 -0.683442 -0.851118 -0.920376 -0.974387 0.984891 0.971401 0.951107 0.898651 0.854255 0.791777 0.429643 0.265379 0.060375 -0.177954 -0.281376 -0.516604 -0.654105 -0.821788 -0.912293 -0.978612 
45.565075 35258.250000 60 140 140 0.745576 0.906550 0.678138 0.985455 0.976568 0.961747 0.893185 0.848183 0.790817 0.370341 0.245232 0.029928 -0.239052 -0.306830 -0.468022 -0.668805 -0.834789 -0.907829 -0.978735 0.986150 0.975629 0.954144 0.887769 0.852141 0.805967 0.447210 0.267923 0.028985 -0.193221 -0.311713 -0.536457 -0.688252 -0.837448 -0.921760 -0.970364 
32.462002 11165.041992 120 98 74 0.428637 0.454942 0.396527 0.978464 0.966199 0.943321 0.874170 0.835623 0.614047 0.351707 0.220833 -0.018279 -0.202848 -0.384235 -0.584254 -0.694675 -0.838824 -0.934233 -0.982676 0.983559 0.972616 0.949943 0.879776 0.839802 0.708222 0.344720 0.222164 -0.008784 -0.234207 -0.353660 -0.578698 -0.688339 -0.857624 -0.936556 -0.973426 
28.154961 7105.035645 76 90 72 0.456257 0.585271 0.441330 0.970233 0.958325 0.915083 0.863680 0.827776 0.600187 0.405846 0.186638 -0.050765 -0.222225 -0.384784 -0.601613 -0.734704 -0.836664 -0.923554 -0.974786 0.977128 0.965296 0.932350 0.873540 0.841190 0.581718 0.396404 0.226709 -0.043243 -0.229905 -0.434733 -0.554086 -0.695503 -0.846040 -0.940040 -0.978822 
24.962849 6220.002930 48 54 56 0.852424 0.445864 0.518018 0.969711 0.961783 0.890767 0.852355 0.736599 0.502352 0.355378 0.205677 -0.011353 -0.300078 -0.438687 -0.594886 -0.739459 -0.851442 -0.926363 -0.976044 0.973852 0.965627 0.902390 0.865144 0.820712 0.567329 0.379815 0.226502 -0.036952 -0.217626 -0.427387 -0.601449 -0.759537 -0.822257 -0.921080 -0.973103 
17.733532 4427.927246 76 144 80 0.454414 0.419086 0.671056 0.982668 0.968115 0.896196 0.859504 0.690917 0.511470 0.395884 0.189815 -0.026019 -0.229159 -0.418456 -0.591227 -0.747400 -0.830199 -0.914508 -0.966181 0.972753 0.958471 0.898262 0.841358 0.694641 0.487542 0.335984 0.145274 -0.021350 -0.256395 -0.431148 -0.590180 -0.747920 -0.829113 -0.913020 -0.976653 
19.431799 4756.544922 82 50 208 0.534664 0.417771 0.517037 0.976971 0.962861 0.916231 0.841081 0.723663 0.527372 0.339801 0.161944 0.007809 -0.197704 -0.416602 -0.575794 -0.692524 -0.863227 -0.929655 -0.983496 0.981690 0.967837 0.899276 0.846322 0.730798 0.521075 0.410570 0.177085 0.049826 -0.234086 -0.431967 -0.575247 -0.728967 -0.851868 -0.899031 -0.975871 
16.219639 4288.458496 208 48 26 0.624540 0.678944 0.489359 0.981933 0.966228 0.903598 0.846126 0.665572 0.512436 0.353496 0.121764 -0.046836 -0.218893 -0.428024 -0.582606 -0.702143 -0.845238 -0.915048 -0.980184 0.983037 0.964153 0.887926 0.839690 0.697531 0.527635 0.333912 0.159152 -0.013610 -0.230840 -0.404271 -0.592337 -0.698058 -0.837266 -0.917036 -0.976384 
13.005591 561.553162 80 50 42 0.432750 0.560461 0.950889 0.983387 0.967958 0.903712 0.821147 0.671977 0.554680 0.340211 0.132881 -0.129405 -0.269120 -0.439989 -0.591774 -0.714957 -0.859844 -0.930811 -0.968800 0.980075 0.968780 0.906205 0.816173 0.675628 0.520449 0.352093 0.139346 -0.079062 -0.232566 -0.456604 -0.573830 -0.752236 -0.872328 -0.927358 -0.975052 
