41.255211 6689.274902 20 58 52 0.000000 0.832295 0.888586 0.992415 0.988985 0.965101 0.946325 0.882648 0.604099 0.425044 0.204452 0.009684 -0.170735 -0.398326 -0.552434 -0.687600 -0.827304 -0.915514 -0.978931 0.993883 0.987137 0.942624 0.867542 0.709753 0.542362 0.377701 0.235808 -0.046738 -0.227376 -0.392562 -0.556530 -0.708040 -0.818631 -0.910927 -0.977729 
50.653290 67277.859375 52 58 56 0.810824 0.969911 0.796338 0.993575 0.989056 0.959874 0.944221 0.789418 0.603430 0.535966 0.108523 0.017802 -0.122411 -0.381729 -0.506799 -0.596398 -0.790018 -0.905616 -0.976443 0.993545 0.989017 0.962903 0.946294 0.876496 0.583662 0.476972 0.135520 0.029809 -0.083142 -0.395756 -0.530368 -0.664497 -0.820168 -0.915888 -0.978976 
58.348045 48769248.000000 58 54 54 0.905097 0.921924 0.929123 0.981236 0.966136 0.936321 0.758972 0.625554 0.592105 0.324240 0.101939 -0.001582 -0.157480 -0.317169 -0.472463 -0.559763 -0.650211 -0.704857 -0.837364 0.993300 0.985420 0.958519 0.917500 0.659887 0.614196 0.400820 0.114649 -0.049695 -0.160019 -0.364569 -0.494125 -0.574408 -0.633980 -0.811855 -0.966572 
62.998508 265822576.000000 54 54 52 0.756542 0.964914 0.983864 0.978694 0.946403 0.895145 0.754938 0.661329 0.588571 0.294892 0.082655 -0.008035 -0.189928 -0.337960 -0.456665 -0.575023 -0.690973 -0.757386 -0.877939 0.977787 0.958690 0.912380 0.775615 0.620648 0.584509 0.304955 0.080002 -0.016595 -0.175383 -0.317971 -0.454318 -0.584213 -0.634636 -0.753288 -0.807191 
63.550430 324472352.000000 52 52 52 0.956801 0.993424 0.934143 0.976630 0.933521 0.880254 0.789154 0.685650 0.616699 0.277624 0.072750 -0.017852 -0.212461 -0.322502 -0.453638 -0.576183 -0.713206 -0.777736 -0.955286 0.977647 0.937805 0.885233 0.760886 0.673953 0.601314 0.285133 0.085437 -0.003626 -0.199165 -0.332750 -0.443453 -0.564120 -0.708915 -0.769110 -0.903574 
63.280582 183664048.000000 52 50 50 0.966471 0.978943 0.966255 0.976524 0.935754 0.875026 0.818052 0.714557 0.631757 0.282006 0.091750 -0.009235 -0.180089 -0.290045 -0.432094 -0.560849 -0.715696 -0.767389 -0.970276 0.976537 0.934580 0.877519 0.805979 0.704878 0.628726 0.291560 0.084684 -0.022828 -0.194434 -0.306681 -0.442791 -0.554898 -0.706781 -0.770280 -0.949774 
63.001419 133787768.000000 50 48 48 0.982479 0.960473 0.974320 0.974899 0.944895 0.866736 0.824230 0.739801 0.635223 0.252520 0.105203 0.001310 -0.160720 -0.291165 -0.398731 -0.573858 -0.693923 -0.808018 -0.969751 0.976087 0.940053 0.870319 0.822599 0.728456 0.629499 0.268518 0.090461 -0.012418 -0.178905 -0.307341 -0.432823 -0.588388 -0.721669 -0.797141 -0.979631 
63.425270 73116592.000000 48 46 46 0.987660 0.926848 0.990094 0.973146 0.955035 0.876731 0.819323 0.762374 0.680346 0.341856 0.129282 0.001907 -0.138692 -0.262978 -0.425713 -0.560998 -0.693898 -0.811071 -0.969290 0.973661 0.949210 0.868394 0.826376 0.750393 0.663004 0.274371 0.109265 -0.000234 -0.167636 -0.294083 -0.398993 -0.572336 -0.714389 -0.831351 -0.969794 
63.047012 43874136.000000 46 44 44 0.989872 0.942602 0.939372 0.971559 0.955866 0.894565 0.818202 0.760360 0.673458 0.397166 0.151456 0.052207 -0.098600 -0.266051 -0.374049 -0.514549 -0.656748 -0.878032 -0.978882 0.972303 0.955808 0.888094 0.813867 0.763965 0.670669 0.367028 0.128038 0.030138 -0.112459 -0.265353 -0.388593 -0.511017 -0.650010 -0.841399 -0.973010 
61.637375 25897354.000000 44 44 44 0.946082 0.662977 0.986345 0.972843 0.954895 0.912811 0.809311 0.746301 0.675756 0.401377 0.188832 0.079381 -0.035478 -0.197505 -0.330962 -0.503705 -0.670480 -0.922626 -0.972511 0.974140 0.956183 0.894012 0.812090 0.752619 0.686122 0.384787 0.156102 0.045986 -0.093206 -0.249222 -0.335015 -0.493451 -0.637311 -0.881453 -0.975952 
62.005417 10026403.000000 44 44 44 0.987787 0.979448 0.779791 0.972245 0.956527 0.926227 0.835777 0.753991 0.686892 0.401781 0.206554 0.129870 0.052107 -0.157323 -0.294420 -0.567756 -0.685187 -0.888182 -0.978873 0.971147 0.955554 0.919844 0.823326 0.742435 0.664491 0.403506 0.179017 0.114908 0.000592 -0.190007 -0.337105 -0.589862 -0.686785 -0.897991 -0.976052 
51.823837 1270743.125000 44 44 44 0.814029 0.815528 0.883366 0.989314 0.979853 0.892515 0.826529 0.743499 0.663228 0.494259 0.248239 0.075392 -0.035589 -0.207604 -0.317981 -0.494520 -0.627403 -0.863580 -0.966794 0.982597 0.962879 0.922754 0.821253 0.754083 0.672060 0.418981 0.247367 0.122128 0.016048 -0.159412 -0.314425 -0.506731 -0.657625 -0.863150 -0.973640 
52.401920 858993.687500 44 44 44 0.859619 0.921488 0.914737 0.989938 0.983089 0.895910 0.840068 0.753587 0.689804 0.497318 0.223925 0.062597 -0.038368 -0.191494 -0.328871 -0.498853 -0.674834 -0.877075 -0.971815 0.990226 0.982746 0.896603 0.825922 0.751160 0.682683 0.483198 0.214995 0.064942 -0.051578 -0.193176 -0.309563 -0.498690 -0.628643 -0.872641 -0.968536 
52.172478 849467.062500 44 44 44 0.891498 0.915056 0.876593 0.987284 0.973718 0.924723 0.860925 0.767909 0.697785 0.527926 0.194768 0.063282 -0.030447 -0.183196 -0.321034 -0.490334 -0.700366 -0.872580 -0.968929 0.988909 0.980089 0.922168 0.853426 0.770557 0.683195 0.483556 0.234764 0.063149 -0.034001 -0.177531 -0.327511 -0.504948 -0.721827 -0.888804 -0.970450 
51.920982 583482.125000 44 44 44 0.828452 0.904938 0.948552 0.985253 0.968886 0.934312 0.871836 0.792155 0.717738 0.549590 0.235329 0.042320 -0.018273 -0.170226 -0.307547 -0.519201 -0.747530 -0.890454 -0.973592 0.986043 0.971880 0.929203 0.875027 0.775864 0.685960 0.519057 0.190562 0.055598 -0.016448 -0.181253 -0.344785 -0.498339 -0.714508 -0.883445 -0.973634 
52.807140 483099.000000 44 44 44 0.959347 0.941561 0.808716 0.986593 0.968540 0.946613 0.866298 0.810614 0.724891 0.547801 0.192647 0.066646 -0.047814 -0.184028 -0.311359 -0.535937 -0.765386 -0.896221 -0.971598 0.985794 0.969225 0.943020 0.871110 0.789240 0.711054 0.566086 0.207535 0.043950 -0.045305 -0.180628 -0.296969 -0.497194 -0.762730 -0.893931 -0.971240 
53.498672 496298.437500 44 44 44 0.852939 0.986846 0.984785 0.986335 0.967365 0.945977 0.857541 0.811720 0.688053 0.644180 0.358447 0.074624 -0.016452 -0.200658 -0.291968 -0.597317 -0.783349 -0.901932 -0.974872 0.986865 0.967998 0.943896 0.855444 0.809452 0.698877 0.622882 0.248222 0.072108 -0.030284 -0.179254 -0.321737 -0.600495 -0.777551 -0.900746 -0.974254 
56.457451 867928.000000 44 44 44 0.985407 0.988961 0.985915 0.985640 0.964656 0.950240 0.850328 0.767512 0.691312 0.639309 0.535195 0.060164 -0.037827 -0.159263 -0.332523 -0.647271 -0.784419 -0.911992 -0.975828 0.985850 0.966102 0.947907 0.855192 0.786662 0.682632 0.643698 0.442932 0.040891 -0.051092 -0.186898 -0.298016 -0.631271 -0.784095 -0.906343 -0.975507 
58.644947 1370213.500000 44 44 44 0.989754 0.959180 0.912654 0.986440 0.962981 0.949658 0.836070 0.747743 0.725933 0.618909 0.521579 0.082106 -0.039413 -0.160262 -0.390084 -0.641691 -0.793054 -0.911105 -0.977509 0.985268 0.962904 0.950751 0.838793 0.753474 0.714343 0.637462 0.565865 0.047913 -0.015056 -0.156130 -0.415521 -0.645031 -0.795236 -0.910699 -0.977688 
58.194065 1284367.625000 44 44 46 0.887403 0.975493 0.930046 0.987586 0.970825 0.943801 0.851982 0.742976 0.701559 0.588717 0.526448 0.228828 -0.083017 -0.148689 -0.348860 -0.632801 -0.773297 -0.907255 -0.979067 0.987041 0.967290 0.947568 0.850545 0.746507 0.716030 0.596534 0.514730 0.172875 -0.075413 -0.140953 -0.354709 -0.637627 -0.789509 -0.917645 -0.981220 
56.322346 1127247.875000 46 48 50 0.935160 0.942981 0.770129 0.989420 0.973350 0.954993 0.875071 0.724058 0.665623 0.472655 0.374151 0.113150 -0.079005 -0.283684 -0.474913 -0.613858 -0.746904 -0.897270 -0.982640 0.988080 0.971958 0.951364 0.880860 0.715090 0.684726 0.544391 0.452865 0.177631 -0.042731 -0.173853 -0.406430 -0.627677 -0.757731 -0.902174 -0.976283 
44.986618 10272696.000000 52 56 46 0.817821 0.504940 0.739120 0.981078 0.957988 0.877405 0.724506 0.640611 0.480994 0.266743 0.044424 -0.140431 -0.306475 -0.448201 -0.560974 -0.717862 -0.810428 -0.933925 -0.979370 0.989486 0.969648 0.912258 0.776631 0.682615 0.560007 0.358058 0.167497 -0.099054 -0.225019 -0.396986 -0.524058 -0.701226 -0.788464 -0.907450 -0.984856 
43.165962 14290093.000000 46 46 44 0.718742 0.814358 0.557741 0.976812 0.951874 0.814006 0.686114 0.564709 0.373803 0.203389 0.031414 -0.125241 -0.355743 -0.458231 -0.614043 -0.715482 -0.814814 -0.922408 -0.971342 0.978921 0.957088 0.852709 0.693275 0.610142 0.396668 0.230089 0.006650 -0.154379 -0.342203 -0.460686 -0.598025 -0.724258 -0.834376 -0.936287 -0.979866 
41.783676 12495223.000000 46 46 46 0.594402 0.728183 0.420578 0.979736 0.927566 0.793901 0.679919 0.567674 0.386972 0.162558 -0.014426 -0.156951 -0.342867 -0.468008 -0.570796 -0.721491 -0.828896 -0.923823 -0.971422 0.980446 0.934429 0.797791 0.698514 0.545065 0.373626 0.195422 0.033656 -0.115065 -0.352023 -0.472773 -0.589109 -0.708368 -0.818363 -0.920587 -0.970485 
40.252586 7544872.000000 46 48 44 0.346180 0.622571 0.376008 0.977258 0.923273 0.812377 0.674339 0.525410 0.350690 0.142741 -0.007847 -0.199714 -0.372386 -0.469772 -0.580165 -0.718349 -0.804469 -0.939622 -0.980542 0.979621 0.931266 0.788925 0.682524 0.554108 0.382697 0.135124 -0.014641 -0.154814 -0.318892 -0.454789 -0.561248 -0.715475 -0.821619 -0.940427 -0.976092 
40.413994 6883972.000000 44 46 22 0.387217 0.469761 0.296921 0.942681 0.870537 0.740448 0.662211 0.538803 0.396314 0.187167 0.008651 -0.191087 -0.363917 -0.472736 -0.594631 -0.713641 -0.814916 -0.937435 -0.980553 0.946196 0.902694 0.792669 0.671099 0.526878 0.365350 0.135348 -0.001129 -0.239557 -0.384248 -0.474189 -0.589663 -0.710074 -0.811975 -0.929227 -0.979152 
39.983765 7012422.000000 130 148 148 0.338831 0.585523 0.425113 0.934080 0.852180 0.715915 0.633192 0.542412 0.388162 0.224595 -0.033327 -0.195012 -0.332120 -0.462113 -0.627752 -0.748856 -0.849819 -0.952055 -0.978969 0.929119 0.847369 0.717323 0.638701 0.528573 0.413240 0.210916 -0.011243 -0.181870 -0.321955 -0.462280 -0.618804 -0.735742 -0.826212 -0.949609 -0.982009 
36.947784 2407209.500000 98 56 50 0.372273 0.401423 0.404761 0.958380 0.894941 0.782191 0.682674 0.587983 0.411965 0.244269 0.020799 -0.149495 -0.357208 -0.463713 -0.604622 -0.762624 -0.901765 -0.954762 -0.977523 0.933629 0.868571 0.738823 0.649257 0.564217 0.394015 0.234788 -0.015482 -0.180957 -0.361462 -0.463031 -0.634107 -0.749774 -0.890460 -0.950953 -0.980007 
56.465038 3802123.500000 50 48 56 0.486738 0.833591 0.886868 0.977914 0.963167 0.930040 0.875685 0.782810 0.642133 0.587758 0.444513 0.055804 -0.044985 -0.346022 -0.504186 -0.727152 -0.848643 -0.949290 -0.973079 0.983917 0.964861 0.926342 0.871771 0.709152 0.603237 0.506493 0.198299 -0.019545 -0.230436 -0.434916 -0.543677 -0.754937 -0.864748 -0.949356 -0.971623 
61.129627 3141391.500000 56 60 62 0.849048 0.967418 0.988556 0.973487 0.959310 0.932872 0.876598 0.804246 0.689079 0.623283 0.477413 0.112911 -0.000435 -0.278852 -0.519239 -0.677589 -0.858263 -0.955084 -0.982690 0.975750 0.960082 0.930526 0.872793 0.789764 0.670219 0.612271 0.479273 0.066944 -0.023635 -0.279496 -0.493033 -0.670780 -0.852881 -0.953431 -0.979464 
61.868587 1842757.625000 62 64 64 0.977442 0.923494 0.983996 0.974179 0.961442 0.933566 0.880409 0.813318 0.714990 0.646735 0.549398 0.102544 -0.023192 -0.252202 -0.502653 -0.672767 -0.835718 -0.950144 -0.983203 0.973608 0.960499 0.933546 0.880437 0.815019 0.699802 0.639069 0.530939 0.140215 -0.009468 -0.309455 -0.520869 -0.681372 -0.858583 -0.950804 -0.980335 
62.062946 1703450.375000 64 64 64 0.980601 0.988463 0.993100 0.974947 0.962127 0.931068 0.878898 0.824229 0.727513 0.669142 0.531660 0.073498 -0.014225 -0.233554 -0.491884 -0.675521 -0.824188 -0.950455 -0.981794 0.974315 0.961793 0.932480 0.880138 0.819111 0.726628 0.652541 0.553850 0.085992 -0.018761 -0.249410 -0.498099 -0.674360 -0.826061 -0.951514 -0.983956 
61.746780 1213922.125000 64 64 64 0.991822 0.984285 0.932857 0.976800 0.963230 0.935112 0.883629 0.837655 0.733968 0.675282 0.569761 0.052081 -0.062060 -0.238559 -0.495034 -0.669312 -0.813257 -0.931509 -0.980208 0.975609 0.962836 0.928899 0.878876 0.825987 0.725805 0.668030 0.547677 0.096011 -0.040080 -0.231182 -0.480418 -0.664485 -0.820757 -0.943173 -0.980853 
62.231514 3201601.750000 64 64 64 0.934610 0.990966 0.974893 0.972878 0.960926 0.926607 0.884558 0.808864 0.656808 0.606359 0.497466 0.081750 -0.043415 -0.199073 -0.521098 -0.628144 -0.727764 -0.894988 -0.974000 0.975195 0.962414 0.933491 0.886638 0.832903 0.711028 0.652345 0.545099 0.079970 -0.041741 -0.225978 -0.511706 -0.650602 -0.792772 -0.920638 -0.977562 
62.786171 8582497.000000 64 64 64 0.983203 0.976412 0.928693 0.970744 0.959400 0.928962 0.878393 0.799522 0.594636 0.451188 0.365706 0.053797 -0.132246 -0.291031 -0.474921 -0.617663 -0.676297 -0.775814 -0.964867 0.971476 0.960297 0.924226 0.883928 0.786726 0.625492 0.523343 0.413948 0.074235 -0.075495 -0.239069 -0.505857 -0.619789 -0.691494 -0.822543 -0.970168 
63.497585 16878502.000000 64 64 64 0.927557 0.965421 0.995440 0.970161 0.959136 0.929675 0.874403 0.811447 0.534523 0.340551 0.220706 0.047548 -0.162716 -0.267254 -0.479867 -0.600216 -0.679321 -0.757740 -0.940609 0.969081 0.958746 0.934097 0.876211 0.813154 0.554594 0.397461 0.315870 0.026361 -0.150935 -0.277917 -0.482800 -0.615987 -0.673385 -0.770576 -0.962153 
63.672024 23608108.000000 64 64 64 0.996064 0.994728 0.995562 0.970115 0.959080 0.927374 0.876252 0.822068 0.580277 0.191022 0.066014 -0.041976 -0.209093 -0.316458 -0.476451 -0.580055 -0.698347 -0.748684 -0.899454 0.969457 0.958697 0.926021 0.872539 0.814928 0.559320 0.254712 0.121831 -0.009660 -0.194798 -0.274942 -0.498834 -0.603473 -0.690541 -0.743778 -0.909667 
62.251610 12148090.000000 64 64 64 0.997392 0.993703 0.983229 0.976135 0.963356 0.935470 0.882703 0.839936 0.628491 0.202909 0.004088 -0.127078 -0.268063 -0.348007 -0.462667 -0.554825 -0.673789 -0.768934 -0.913496 0.972517 0.960549 0.933110 0.880609 0.831290 0.614096 0.192682 0.021993 -0.057208 -0.255692 -0.357132 -0.463797 -0.562517 -0.693670 -0.749223 -0.908601 
58.930008 5661635.500000 64 64 64 0.986897 0.991790 0.986706 0.981829 0.973455 0.933469 0.882176 0.833276 0.601178 0.234040 0.003592 -0.118318 -0.278993 -0.388475 -0.465275 -0.550020 -0.646598 -0.715973 -0.920623 0.979631 0.967958 0.931594 0.881231 0.833589 0.618952 0.192058 -0.003913 -0.108662 -0.280588 -0.366127 -0.462213 -0.551755 -0.657342 -0.739447 -0.914190 
57.547970 2261770.250000 64 64 64 0.977139 0.981554 0.975978 0.982821 0.976880 0.945078 0.890463 0.835160 0.614062 0.235601 0.030617 -0.143379 -0.260775 -0.353882 -0.443028 -0.550051 -0.622800 -0.758177 -0.958629 0.982669 0.976543 0.941432 0.888090 0.839164 0.591956 0.274491 0.023743 -0.170563 -0.269783 -0.369969 -0.459662 -0.543876 -0.645325 -0.747317 -0.940374 
57.949036 5357686.500000 64 62 64 0.977603 0.962805 0.894341 0.980598 0.971133 0.938171 0.893661 0.854550 0.648942 0.055380 -0.043039 -0.178170 -0.274639 -0.362885 -0.454466 -0.560743 -0.672141 -0.778334 -0.915118 0.982842 0.976793 0.948750 0.894563 0.847978 0.673483 0.181167 -0.023316 -0.162507 -0.281778 -0.379741 -0.465620 -0.575733 -0.644704 -0.769679 -0.954146 
62.285469 10401149.000000 64 66 66 0.911253 0.982865 0.993689 0.972765 0.961656 0.933924 0.888790 0.865560 0.662783 0.146659 -0.031656 -0.145074 -0.251281 -0.348341 -0.477728 -0.602855 -0.675799 -0.763162 -0.918283 0.975069 0.962369 0.935038 0.889295 0.858762 0.660140 0.091937 -0.051981 -0.164464 -0.267105 -0.361645 -0.483093 -0.563784 -0.684262 -0.773786 -0.898603 
62.681309 10329592.000000 66 66 68 0.992355 0.958616 0.954395 0.973623 0.963195 0.931561 0.889260 0.856454 0.643712 0.218533 0.012072 -0.116936 -0.239027 -0.314041 -0.484132 -0.596260 -0.696734 -0.784147 -0.925922 0.972766 0.962044 0.931370 0.888170 0.860042 0.650144 0.194254 -0.019817 -0.135140 -0.241541 -0.318339 -0.475183 -0.596798 -0.681511 -0.770143 -0.921433 
57.102127 1241638.625000 68 70 68 0.958897 0.907653 0.786859 0.983887 0.971920 0.940900 0.890446 0.825118 0.625763 0.256530 0.092736 -0.039396 -0.215981 -0.286884 -0.498303 -0.614830 -0.743376 -0.839876 -0.924888 0.976714 0.965885 0.933898 0.890236 0.844268 0.630736 0.227268 0.058514 -0.076435 -0.213844 -0.312083 -0.502366 -0.599526 -0.703291 -0.803751 -0.904980 
46.693001 299389.781250 68 68 66 0.741337 0.609586 0.688630 0.991011 0.976321 0.941908 0.891504 0.818416 0.646486 0.231945 0.068005 -0.060755 -0.243233 -0.334174 -0.460515 -0.597673 -0.704513 -0.850609 -0.969711 0.989404 0.977169 0.944116 0.879431 0.803041 0.615389 0.222016 0.091609 -0.049854 -0.204346 -0.295724 -0.441014 -0.614850 -0.734549 -0.835667 -0.935548 
44.203407 432120.156250 68 72 66 0.612958 0.597913 0.743701 0.988862 0.973760 0.936654 0.887300 0.829478 0.606912 0.201674 0.031242 -0.120716 -0.250992 -0.357098 -0.471859 -0.581616 -0.733245 -0.912088 -0.972288 0.991235 0.975336 0.944913 0.888345 0.827549 0.640596 0.252938 0.064726 -0.046136 -0.253432 -0.367178 -0.467845 -0.597851 -0.718029 -0.914014 -0.980322 
59.588619 13281447.000000 66 66 66 0.810687 0.932187 0.989480 0.971970 0.956230 0.924636 0.884127 0.822669 0.633702 0.216518 0.061644 -0.057880 -0.226771 -0.327209 -0.435931 -0.581220 -0.681380 -0.782040 -0.938463 0.976424 0.960166 0.933793 0.888133 0.836309 0.646611 0.171439 0.064205 -0.062323 -0.231625 -0.322277 -0.433035 -0.567469 -0.669264 -0.829777 -0.954258 
60.250793 17272058.000000 66 66 66 0.992287 0.993027 0.906516 0.974238 0.947995 0.906948 0.878049 0.819814 0.616147 0.252301 0.058680 -0.049240 -0.214264 -0.304212 -0.451326 -0.565251 -0.672809 -0.759849 -0.916820 0.973201 0.952522 0.915012 0.877972 0.818101 0.625319 0.244456 0.055964 -0.060210 -0.215987 -0.320167 -0.433452 -0.562649 -0.676420 -0.767404 -0.890886 
59.871834 19326086.000000 66 66 66 0.919288 0.840129 0.904927 0.972172 0.942469 0.897317 0.875898 0.813253 0.626068 0.260716 0.054300 -0.090903 -0.225195 -0.320497 -0.438652 -0.556184 -0.693217 -0.772079 -0.948464 0.976772 0.944100 0.903549 0.877224 0.829845 0.640262 0.248605 0.052062 -0.076450 -0.218397 -0.292922 -0.419755 -0.550056 -0.677928 -0.758230 -0.921887 
60.454887 23273242.000000 66 64 64 0.929307 0.963527 0.980825 0.969977 0.942979 0.892141 0.873584 0.792534 0.612582 0.252211 0.041637 -0.043860 -0.182313 -0.322873 -0.452471 -0.550845 -0.679842 -0.761240 -0.914902 0.971306 0.942433 0.893465 0.873724 0.794089 0.619309 0.257949 0.051338 -0.052539 -0.203791 -0.317029 -0.444441 -0.550875 -0.678594 -0.758280 -0.915412 
60.329704 15348672.000000 64 64 62 0.978198 0.917256 0.823357 0.968448 0.948571 0.883713 0.868879 0.801964 0.625381 0.292376 0.083670 -0.045918 -0.203724 -0.317232 -0.432809 -0.573842 -0.666147 -0.747105 -0.938937 0.969517 0.944270 0.889026 0.872674 0.798685 0.607726 0.270255 0.055998 -0.039542 -0.189868 -0.314809 -0.448236 -0.565454 -0.655701 -0.740436 -0.934844 
59.882668 14234055.000000 62 62 60 0.828984 0.973548 0.969568 0.970485 0.948490 0.887717 0.865102 0.812721 0.638236 0.366520 0.047237 -0.076622 -0.196703 -0.292153 -0.404460 -0.545854 -0.660783 -0.750969 -0.914171 0.970250 0.949246 0.885867 0.867753 0.812033 0.625544 0.350048 0.030930 -0.061457 -0.196000 -0.287741 -0.407415 -0.560831 -0.679736 -0.755220 -0.938136 
59.335865 12658751.000000 60 60 60 0.939385 0.992858 0.991336 0.971699 0.949932 0.892619 0.861668 0.827449 0.630643 0.351131 0.058396 -0.053033 -0.212640 -0.300872 -0.418605 -0.532005 -0.644640 -0.717712 -0.929497 0.971138 0.948858 0.889872 0.862649 0.821514 0.622940 0.353782 0.057117 -0.081140 -0.209478 -0.283432 -0.403621 -0.535870 -0.649993 -0.722685 -0.921944 
58.696144 9304243.000000 60 60 58 0.989377 0.967357 0.953794 0.971409 0.951962 0.903728 0.858495 0.823933 0.667289 0.414392 0.073511 -0.049441 -0.185568 -0.301980 -0.409908 -0.523943 -0.636300 -0.729525 -0.952474 0.971082 0.951176 0.896420 0.860421 0.826840 0.640221 0.369226 0.076701 -0.048633 -0.208457 -0.311167 -0.394819 -0.545158 -0.661362 -0.744880 -0.951637 
58.006954 10762781.000000 58 58 58 0.945829 0.970928 0.984469 0.973046 0.951417 0.915172 0.855214 0.804664 0.658988 0.412487 0.031481 -0.055792 -0.188776 -0.289511 -0.397231 -0.521862 -0.647386 -0.747928 -0.952304 0.972444 0.951351 0.908765 0.855312 0.814363 0.662046 0.398778 0.027511 -0.052395 -0.177588 -0.295222 -0.409787 -0.508336 -0.635027 -0.724520 -0.945094 
57.037621 8952683.000000 58 58 58 0.988028 0.752452 0.976035 0.980444 0.953481 0.925478 0.856316 0.782097 0.658482 0.428858 0.064597 -0.036510 -0.183165 -0.304679 -0.419222 -0.510785 -0.653366 -0.782887 -0.953769 0.972459 0.951748 0.919251 0.860547 0.805691 0.668950 0.431336 0.052946 -0.061271 -0.204622 -0.304015 -0.400963 -0.535873 -0.674073 -0.795051 -0.960100 
55.043976 7510433.500000 58 58 60 0.962764 0.966477 0.864790 0.987395 0.961995 0.935673 0.865616 0.739522 0.670895 0.374786 0.061286 -0.076863 -0.237172 -0.415953 -0.495565 -0.666259 -0.843085 -0.933643 -0.970915 0.984178 0.956497 0.930090 0.858980 0.771807 0.673102 0.441455 0.083865 -0.045613 -0.183865 -0.314614 -0.443395 -0.531951 -0.641811 -0.838650 -0.961180 
49.434277 7995802.500000 58 60 62 0.855304 0.741433 0.765742 0.987948 0.975654 0.898172 0.835476 0.738910 0.601767 0.104151 -0.081456 -0.243861 -0.416891 -0.550602 -0.700932 -0.822657 -0.929590 -0.955759 -0.992541 0.987960 0.969159 0.931056 0.838449 0.732655 0.651037 0.272096 -0.005724 -0.147003 -0.392300 -0.501695 -0.645199 -0.796144 -0.915143 -0.948768 -0.983480 
46.123459 6591169.500000 64 60 60 0.760876 0.790037 0.705037 0.987207 0.948134 0.897451 0.819217 0.732163 0.517824 0.083836 -0.148836 -0.364985 -0.445378 -0.616958 -0.744974 -0.863576 -0.918819 -0.953423 -0.984831 0.990395 0.972518 0.891592 0.832453 0.745499 0.586141 0.064041 -0.119173 -0.330424 -0.418792 -0.561435 -0.712472 -0.840592 -0.925578 -0.954413 -0.984875 
47.836479 5268630.500000 58 58 60 0.571750 0.769560 0.797666 0.969043 0.937705 0.883736 0.826795 0.722167 0.425708 -0.026485 -0.233585 -0.414394 -0.508049 -0.669001 -0.799385 -0.858800 -0.910126 -0.949239 -0.978194 0.971392 0.942924 0.900021 0.822221 0.722293 0.463624 -0.003112 -0.208559 -0.360361 -0.496494 -0.630326 -0.770450 -0.861173 -0.899654 -0.943500 -0.978380 
46.437485 2585376.750000 60 58 62 0.676972 0.673523 0.382491 0.958681 0.921224 0.859829 0.816682 0.649147 0.344756 0.128637 -0.121136 -0.353452 -0.485471 -0.652728 -0.763176 -0.844142 -0.903737 -0.937168 -0.972239 0.967997 0.931359 0.858530 0.804521 0.666691 0.358181 0.060499 -0.220778 -0.428710 -0.536319 -0.694564 -0.775575 -0.866289 -0.915761 -0.945708 -0.978617 
34.541813 310385.531250 60 58 60 0.511844 0.681705 0.627672 0.955199 0.936998 0.863017 0.845993 0.730012 0.532376 0.178585 -0.075259 -0.298841 -0.383896 -0.558338 -0.748883 -0.841220 -0.910977 -0.939777 -0.979646 0.957357 0.919910 0.859904 0.831932 0.688658 0.388927 0.144063 -0.087045 -0.309079 -0.391842 -0.596322 -0.741146 -0.840756 -0.901345 -0.934605 -0.965984 
29.971552 91827.992188 60 60 96 0.636280 0.847378 0.497698 0.966204 0.943907 0.882580 0.842297 0.781891 0.592437 0.241257 0.000444 -0.199009 -0.428949 -0.621548 -0.771368 -0.866590 -0.904115 -0.949028 -0.981013 0.960803 0.941195 0.878661 0.845835 0.771169 0.600102 0.227479 -0.012660 -0.275859 -0.419459 -0.588012 -0.774766 -0.854655 -0.904192 -0.935733 -0.978037 
38.611488 121420.078125 36 50 62 0.622092 0.512492 0.660063 0.990384 0.975382 0.951235 0.898899 0.813882 0.631170 0.370166 0.151338 -0.090062 -0.278833 -0.524911 -0.755485 -0.850070 -0.905776 -0.947738 -0.977947 0.977162 0.946375 0.880843 0.851152 0.768226 0.535525 0.253754 0.010686 -0.163603 -0.372515 -0.659978 -0.776942 -0.870751 -0.904333 -0.945435 -0.974314 
53.232578 893936.375000 64 70 74 0.705394 0.862762 0.910492 0.986172 0.973063 0.952690 0.906614 0.863289 0.698937 0.186530 0.144896 -0.036035 -0.082606 -0.364707 -0.584959 -0.731060 -0.876210 -0.939060 -0.974252 0.988238 0.975442 0.955045 0.914077 0.865464 0.782919 0.272103 0.148956 0.012637 -0.159078 -0.458384 -0.694010 -0.824151 -0.893330 -0.948229 -0.975828 
56.101578 1633992.125000 76 78 78 0.908536 0.965105 0.969323 0.982713 0.971732 0.949482 0.905162 0.874616 0.603601 0.154402 0.115237 -0.017173 -0.080146 -0.453210 -0.599709 -0.674894 -0.750358 -0.904791 -0.962133 0.984478 0.973198 0.951143 0.906686 0.867161 0.618291 0.186705 0.135259 -0.022766 -0.073013 -0.324879 -0.599966 -0.662426 -0.816481 -0.929633 -0.970223 
55.922523 3019433.000000 78 80 80 0.976191 0.956853 0.967794 0.982007 0.966423 0.938609 0.899895 0.861645 0.589167 0.140832 0.079558 -0.035841 -0.123851 -0.389130 -0.581756 -0.684669 -0.755466 -0.835178 -0.914576 0.981207 0.969331 0.943383 0.902935 0.868823 0.592990 0.144550 0.099952 -0.037457 -0.105074 -0.440034 -0.607552 -0.694557 -0.747589 -0.846636 -0.940756 
55.557503 2965860.500000 80 80 80 0.978006 0.974770 0.993523 0.982150 0.959548 0.938733 0.901744 0.870146 0.591928 0.111788 0.041680 -0.069647 -0.161819 -0.358964 -0.565815 -0.674641 -0.760671 -0.806983 -0.876710 0.982763 0.962753 0.938894 0.902400 0.866625 0.573521 0.144468 0.058177 -0.053429 -0.160882 -0.377887 -0.562787 -0.685298 -0.761900 -0.806587 -0.890749 
56.082756 3449967.750000 80 80 80 0.993033 0.969064 0.919153 0.980787 0.958733 0.936577 0.909246 0.873414 0.524291 0.096144 0.006480 -0.070003 -0.143752 -0.373174 -0.528490 -0.642215 -0.757821 -0.820185 -0.877340 0.980897 0.957853 0.938624 0.904254 0.873306 0.553326 0.125654 0.022554 -0.062543 -0.181140 -0.367688 -0.532861 -0.654023 -0.755941 -0.821238 -0.866200 
56.170097 2954415.500000 80 80 78 0.928667 0.966816 0.697716 0.978617 0.959658 0.934869 0.908862 0.868999 0.577247 0.132163 0.008176 -0.100772 -0.170566 -0.373049 -0.543709 -0.662457 -0.755345 -0.830358 -0.887715 0.979337 0.957321 0.934079 0.908361 0.865805 0.545302 0.107630 -0.003754 -0.070430 -0.158968 -0.367253 -0.532973 -0.635171 -0.763172 -0.816513 -0.907484 
56.127163 3667884.750000 78 80 78 0.692719 0.941479 0.965025 0.981179 0.959857 0.937019 0.903504 0.871941 0.624504 0.072684 -0.008307 -0.091449 -0.220103 -0.385996 -0.524933 -0.636252 -0.757611 -0.831648 -0.878369 0.981481 0.959790 0.937855 0.910372 0.876386 0.626197 0.094516 0.011365 -0.083381 -0.184131 -0.382684 -0.541009 -0.670358 -0.759374 -0.835716 -0.893509 
56.174618 3854267.750000 78 78 78 0.957814 0.988141 0.970951 0.980241 0.963361 0.938106 0.901591 0.865423 0.648990 0.008904 -0.042579 -0.156823 -0.222654 -0.367177 -0.530817 -0.643019 -0.744945 -0.831813 -0.863963 0.980069 0.960580 0.935624 0.900214 0.862250 0.600662 0.034566 -0.021522 -0.110394 -0.203357 -0.359919 -0.502149 -0.664320 -0.776974 -0.832897 -0.888649 
56.397816 2976898.250000 78 76 76 0.962974 0.964488 0.978351 0.980942 0.966749 0.941359 0.905604 0.871959 0.621410 0.042128 -0.055053 -0.137788 -0.232826 -0.342827 -0.501996 -0.619301 -0.722303 -0.799325 -0.881153 0.980652 0.965008 0.938723 0.902506 0.868977 0.617535 0.040313 -0.050367 -0.145016 -0.225688 -0.349148 -0.517709 -0.631997 -0.728178 -0.820723 -0.879469 
55.649323 1490216.250000 76 76 76 0.985193 0.976573 0.955676 0.983469 0.972113 0.949638 0.909411 0.867887 0.645503 0.109275 -0.068636 -0.156749 -0.245062 -0.331851 -0.507109 -0.615075 -0.695503 -0.790654 -0.953282 0.982488 0.969509 0.947970 0.907646 0.877175 0.646322 0.030483 -0.064394 -0.153220 -0.240401 -0.333147 -0.509873 -0.620003 -0.710987 -0.795251 -0.901972 
52.733757 546674.125000 76 76 76 0.931710 0.928951 0.832073 0.986570 0.976250 0.954342 0.917028 0.865465 0.624487 0.142173 -0.051282 -0.138660 -0.286149 -0.362248 -0.526067 -0.636349 -0.772902 -0.924222 -0.961834 0.985915 0.974633 0.955423 0.914896 0.882295 0.718041 0.079511 -0.057330 -0.165539 -0.259633 -0.343659 -0.482775 -0.614148 -0.679235 -0.795956 -0.958743 
41.984070 202246.750000 76 78 78 0.834721 0.809032 0.666609 0.988359 0.966875 0.933100 0.898518 0.787912 0.503412 0.177822 -0.015661 -0.138004 -0.319660 -0.454278 -0.590041 -0.747737 -0.907866 -0.939311 -0.975507 0.987102 0.975920 0.943484 0.893786 0.798237 0.469730 0.106507 -0.039153 -0.191990 -0.352405 -0.474766 -0.605873 -0.725091 -0.909364 -0.943172 -0.979796 
34.899300 25085.486328 78 76 80 0.704379 0.709650 0.590762 0.978535 0.965592 0.929575 0.903232 0.850199 0.601570 0.285365 -0.001950 -0.093489 -0.237490 -0.356996 -0.548991 -0.724569 -0.889058 -0.927804 -0.962372 0.984165 0.960787 0.931883 0.907095 0.853349 0.577220 0.251538 -0.012054 -0.119058 -0.251323 -0.368234 -0.553128 -0.731892 -0.890931 -0.932288 -0.967502 
28.309311 8661.472656 80 76 80 0.616424 0.686000 0.527078 0.978926 0.955775 0.928086 0.895036 0.788705 0.565306 0.392615 0.116984 -0.062286 -0.213731 -0.378923 -0.566889 -0.684767 -0.844688 -0.916136 -0.958994 0.976165 0.955899 0.924985 0.898956 0.834721 0.565903 0.378478 0.069833 -0.069353 -0.227869 -0.367342 -0.533668 -0.706365 -0.859262 -0.926770 -0.954260 
24.044281 5156.887207 98 78 96 0.583586 0.794189 0.569997 0.983024 0.953326 0.942382 0.879122 0.702906 0.531536 0.333290 0.109492 -0.066441 -0.219787 -0.395882 -0.569367 -0.732458 -0.859441 -0.925619 -0.972756 0.979245 0.954500 0.941319 0.897041 0.748235 0.553941 0.358328 0.096577 -0.060619 -0.190940 -0.370636 -0.559202 -0.741486 -0.862516 -0.915958 -0.968974 
34.156498 1188309.125000 42 78 70 0.662452 0.562533 0.253425 0.967816 0.942552 0.781265 0.593348 0.525837 0.339638 0.203767 -0.084484 -0.302419 -0.433924 -0.573162 -0.649501 -0.749527 -0.821507 -0.906744 -0.967345 0.966061 0.946499 0.800211 0.617929 0.534361 0.357280 0.211656 -0.056049 -0.277560 -0.453485 -0.557397 -0.652026 -0.757127 -0.821920 -0.916361 -0.968345 
18.237188 16277.795898 48 132 86 0.565324 0.542967 0.594546 0.982618 0.966257 0.917905 0.796330 0.580546 0.492460 0.248650 0.037096 -0.258725 -0.387938 -0.567841 -0.698487 -0.768846 -0.821722 -0.912138 -0.958390 0.981234 0.960155 0.891140 0.696639 0.559296 0.462746 0.260816 0.041469 -0.247453 -0.414102 -0.541680 -0.659780 -0.748874 -0.815095 -0.905044 -0.973141 
16.616308 8009.968750 86 98 76 0.603055 0.351151 0.515915 0.985452 0.959325 0.917851 0.832193 0.652261 0.500126 0.294711 0.035990 -0.129476 -0.346908 -0.541097 -0.624001 -0.716986 -0.789604 -0.868259 -0.971464 0.983868 0.964502 0.918728 0.801753 0.618146 0.502242 0.278916 0.044426 -0.168849 -0.391687 -0.532783 -0.633291 -0.746060 -0.821560 -0.901893 -0.961045 
15.591556 4134.443848 74 96 94 0.489497 0.467522 0.495277 0.983784 0.963361 0.924380 0.811240 0.657624 0.519082 0.347129 0.092914 -0.109073 -0.297811 -0.471832 -0.630679 -0.713589 -0.807761 -0.889885 -0.980474 0.987831 0.963390 0.910782 0.823986 0.651252 0.515983 0.325643 0.064179 -0.141338 -0.323206 -0.540003 -0.644102 -0.712336 -0.788510 -0.887646 -0.972835 
25.818184 280802.187500 94 86 48 0.516546 0.697781 0.515448 0.980457 0.952444 0.802517 0.609294 0.475186 0.310273 0.070958 -0.111808 -0.298249 -0.441346 -0.564564 -0.676864 -0.787151 -0.865312 -0.930572 -0.975152 0.982710 0.966841 0.921692 0.792066 0.648484 0.505510 0.320803 0.128264 -0.088474 -0.269589 -0.452136 -0.598786 -0.720287 -0.833611 -0.914366 -0.975479 
39.916035 1912275.750000 124 120 96 0.433133 0.600312 0.354455 0.972505 0.931070 0.751688 0.579898 0.497567 0.285289 -0.001261 -0.173768 -0.375328 -0.492291 -0.622280 -0.733183 -0.827610 -0.892667 -0.940880 -0.967026 0.978747 0.944879 0.741773 0.596498 0.477349 0.305854 0.048335 -0.150302 -0.343226 -0.473020 -0.597053 -0.728326 -0.815520 -0.883459 -0.939785 -0.974871 
47.002312 3075486.000000 94 74 56 0.428572 0.313658 0.565089 0.981537 0.922231 0.696559 0.582341 0.510460 0.260958 0.012364 -0.248474 -0.388453 -0.477148 -0.588911 -0.764097 -0.845639 -0.900713 -0.935854 -0.964132 0.974052 0.926935 0.695557 0.578826 0.498821 0.231621 -0.001832 -0.233131 -0.386591 -0.493663 -0.620842 -0.758593 -0.836248 -0.909596 -0.941577 -0.968356 
42.508736 3099454.500000 96 80 148 0.503003 0.482912 0.545632 0.973123 0.937969 0.654336 0.568779 0.498064 0.260684 0.056125 -0.101778 -0.322489 -0.434288 -0.563047 -0.751218 -0.808711 -0.865499 -0.927749 -0.971983 0.977792 0.929627 0.680034 0.575306 0.513257 0.238507 0.057566 -0.166998 -0.363816 -0.453266 -0.573817 -0.758798 -0.828986 -0.880996 -0.933148 -0.969172 
47.213387 4825043.000000 146 54 56 0.417317 0.238964 0.955412 0.991562 0.978028 0.962670 0.794313 0.599923 0.522054 0.243707 0.087160 -0.243815 -0.420309 -0.472058 -0.659309 -0.800613 -0.848585 -0.914873 -0.965864 0.988495 0.965684 0.777914 0.578555 0.523091 0.314303 0.117384 -0.085184 -0.308550 -0.434214 -0.527602 -0.738203 -0.804709 -0.860050 -0.921624 -0.969968 
58.085636 24979792.000000 56 60 62 0.914111 0.943252 0.988287 0.984245 0.975877 0.952073 0.753448 0.623648 0.578989 0.311000 0.212935 -0.107374 -0.329011 -0.439813 -0.495531 -0.659172 -0.789021 -0.864608 -0.929169 0.988114 0.975818 0.958744 0.774075 0.622818 0.570326 0.305506 0.174865 -0.105878 -0.321790 -0.440871 -0.509695 -0.710284 -0.820287 -0.874093 -0.932690 
58.628994 10794018.000000 62 62 64 0.983917 0.976254 0.976836 0.984920 0.976913 0.954938 0.768026 0.634375 0.613744 0.332299 0.217992 0.016980 -0.357238 -0.431105 -0.500711 -0.584465 -0.752606 -0.882117 -0.948930 0.983847 0.976712 0.952131 0.755348 0.623747 0.596871 0.326836 0.216957 -0.021073 -0.364146 -0.429668 -0.493194 -0.610195 -0.742582 -0.860380 -0.937608 
52.201477 1662625.875000 64 66 68 0.967639 0.925903 0.824992 0.988652 0.975221 0.954398 0.813233 0.658983 0.616855 0.349584 0.240587 -0.061681 -0.356885 -0.441448 -0.506358 -0.663829 -0.854079 -0.914493 -0.971768 0.986348 0.975853 0.953560 0.800497 0.658426 0.630741 0.376027 0.255466 -0.002925 -0.337204 -0.435981 -0.486732 -0.639890 -0.845930 -0.904970 -0.960970 
43.642601 2040121.500000 68 70 70 0.886470 0.601865 0.921196 0.992644 0.980208 0.939344 0.712352 0.642404 0.522259 0.312099 0.121751 -0.168380 -0.361023 -0.462972 -0.555118 -0.806131 -0.872655 -0.930652 -0.971541 0.991109 0.978946 0.948233 0.780393 0.647428 0.573220 0.327724 0.229759 -0.119270 -0.335428 -0.439545 -0.523327 -0.680669 -0.851835 -0.913846 -0.978855 
47.279778 6104275.500000 70 70 66 0.918476 0.935502 0.938465 0.988368 0.973705 0.943422 0.717295 0.627054 0.575164 0.305650 0.129520 -0.027667 -0.327942 -0.465378 -0.533140 -0.761788 -0.877733 -0.915849 -0.963352 0.990446 0.978138 0.923349 0.675433 0.630133 0.522010 0.302653 0.077068 -0.088866 -0.344902 -0.463760 -0.547479 -0.807631 -0.876199 -0.920100 -0.973534 
53.745827 10107290.000000 68 66 64 0.950867 0.952518 0.969696 0.988385 0.976896 0.952806 0.768478 0.615993 0.574324 0.302402 0.188143 -0.001761 -0.358119 -0.450602 -0.513411 -0.599656 -0.833215 -0.913780 -0.936284 0.987965 0.974048 0.949363 0.753043 0.625409 0.590870 0.340245 0.181481 -0.029122 -0.332859 -0.467512 -0.518565 -0.657585 -0.878695 -0.918417 -0.954828 
54.651672 8855004.000000 64 64 64 0.970547 0.971380 0.957013 0.988491 0.978600 0.958076 0.743939 0.621389 0.577010 0.287467 0.164531 -0.005113 -0.377886 -0.489564 -0.549313 -0.684095 -0.858039 -0.926094 -0.957094 0.988453 0.978297 0.955285 0.746873 0.617100 0.563414 0.311878 0.179121 0.044645 -0.355192 -0.445702 -0.522639 -0.585016 -0.809605 -0.918807 -0.942369 
48.152290 6095301.500000 64 68 70 0.950574 0.818886 0.657564 0.988823 0.978733 0.938369 0.635884 0.529928 0.398851 0.150291 -0.030131 -0.306567 -0.464046 -0.514744 -0.677092 -0.832957 -0.890677 -0.936339 -0.975780 0.988834 0.977760 0.959145 0.756495 0.611387 0.550259 0.222190 0.103763 -0.155236 -0.453870 -0.505115 -0.658650 -0.814200 -0.890042 -0.936376 -0.984888 
49.443405 10357564.000000 72 64 62 0.654765 0.498680 0.719841 0.984097 0.962173 0.825743 0.571682 0.495742 0.281990 0.078377 -0.204306 -0.426702 -0.504457 -0.597994 -0.714418 -0.862864 -0.924971 -0.946573 -0.981635 0.987913 0.968592 0.833041 0.585735 0.523143 0.321129 0.093308 -0.179874 -0.408878 -0.491658 -0.566123 -0.734809 -0.843723 -0.915018 -0.939068 -0.967733 
48.662643 4976651.000000 106 64 46 0.500205 0.593733 0.507827 0.987448 0.957836 0.761486 0.564423 0.485930 0.340639 0.107839 -0.126206 -0.400259 -0.491622 -0.571167 -0.750156 -0.871321 -0.926428 -0.951416 -0.977497 0.986863 0.965793 0.813958 0.541483 0.465480 0.297161 0.089081 -0.107248 -0.408269 -0.492108 -0.577358 -0.715567 -0.861890 -0.930335 -0.956606 -0.978080 
43.210377 1573928.000000 168 132 108 0.516046 0.685628 0.342809 0.988454 0.953939 0.759199 0.603041 0.513428 0.313642 0.055329 -0.254845 -0.406404 -0.508753 -0.607373 -0.773884 -0.836354 -0.911978 -0.962014 -0.980903 0.985575 0.955589 0.739794 0.590616 0.510832 0.354284 0.079298 -0.172492 -0.397204 -0.493513 -0.605513 -0.773254 -0.858509 -0.920706 -0.955849 -0.976314 
46.818100 3195928.000000 62 58 132 0.406906 0.640061 0.615878 0.986180 0.935378 0.767244 0.564429 0.471518 0.322421 0.020239 -0.257688 -0.447987 -0.525321 -0.621499 -0.750125 -0.843004 -0.938687 -0.957618 -0.980390 0.988166 0.948842 0.770305 0.585631 0.488147 0.329019 0.062244 -0.268041 -0.405523 -0.511028 -0.611697 -0.767920 -0.851170 -0.929087 -0.957908 -0.978610 
45.789188 3820109.250000 66 100 56 0.379373 0.550914 0.551304 0.977873 0.951477 0.767412 0.539523 0.443255 0.158561 -0.022518 -0.181089 -0.376971 -0.494354 -0.548054 -0.741241 -0.839409 -0.911710 -0.949650 -0.985937 0.978281 0.937058 0.769828 0.550470 0.459239 0.222962 -0.017067 -0.183907 -0.399518 -0.523581 -0.589072 -0.740672 -0.839783 -0.925293 -0.957761 -0.983664 
44.420959 3066499.500000 92 50 50 0.391160 0.339439 0.751036 0.990369 0.975351 0.871694 0.552913 0.443788 0.202812 0.081521 -0.032972 -0.351508 -0.463117 -0.507209 -0.698771 -0.824081 -0.907647 -0.933031 -0.974386 0.976428 0.945457 0.740862 0.527241 0.423137 0.141579 0.042913 -0.161661 -0.409310 -0.478533 -0.531120 -0.713971 -0.850048 -0.908761 -0.937143 -0.968007 
54.424480 24108440.000000 54 64 64 0.407018 0.801142 0.987265 0.986767 0.978302 0.962797 0.724056 0.484643 0.409659 0.224492 0.065830 -0.048901 -0.334505 -0.427782 -0.519795 -0.640846 -0.834911 -0.917976 -0.964112 0.990757 0.978141 0.959747 0.749401 0.482156 0.424425 0.206452 0.066664 -0.091218 -0.334137 -0.438610 -0.585480 -0.771076 -0.879408 -0.920881 -0.973617 
57.331238 11832523.000000 64 66 68 0.983275 0.984490 0.966909 0.987470 0.980330 0.969399 0.809779 0.430823 0.389839 0.209630 0.061735 -0.045790 -0.255799 -0.397999 -0.517067 -0.626894 -0.743137 -0.922336 -0.966321 0.986369 0.979164 0.964941 0.759089 0.463013 0.404760 0.209683 0.064387 -0.036163 -0.273673 -0.417269 -0.498020 -0.641338 -0.772187 -0.921102 -0.969423 
55.170635 7110227.500000 68 72 76 0.964637 0.959993 0.956060 0.988586 0.982488 0.965523 0.796207 0.444379 0.350287 0.205207 0.099915 -0.057162 -0.245281 -0.373081 -0.476233 -0.626959 -0.719581 -0.904224 -0.960595 0.987833 0.981412 0.967158 0.792334 0.439582 0.366004 0.214531 0.079978 -0.047042 -0.234917 -0.369254 -0.484861 -0.636730 -0.720408 -0.910104 -0.951704 
47.171055 1279593.375000 76 36 68 0.968349 0.467505 0.724684 0.990335 0.981761 0.949307 0.631920 0.471687 0.367388 0.232428 0.097539 -0.195990 -0.387964 -0.525232 -0.627549 -0.719579 -0.801319 -0.902434 -0.960160 0.989521 0.983385 0.967456 0.731214 0.445669 0.388248 0.214857 0.104085 -0.148813 -0.321818 -0.442141 -0.572991 -0.685456 -0.764052 -0.900283 -0.960340 
34.735199 123797.781250 68 68 72 0.613970 0.695812 0.676550 0.990453 0.983615 0.959741 0.727031 0.469510 0.371387 0.267900 0.116765 -0.015718 -0.190553 -0.418228 -0.568223 -0.711485 -0.823235 -0.928461 -0.966634 0.991256 0.981269 0.956983 0.693407 0.488215 0.390612 0.262635 0.110608 -0.050457 -0.323072 -0.502757 -0.603352 -0.709942 -0.802093 -0.903876 -0.961496 
31.846218 47859.800781 74 70 78 0.596448 0.449288 0.826151 0.989772 0.980787 0.960125 0.788559 0.454324 0.366109 0.295655 0.143047 0.003637 -0.214834 -0.373217 -0.521596 -0.666320 -0.825012 -0.925777 -0.979565 0.989445 0.982252 0.960299 0.761003 0.462579 0.361432 0.287185 0.124879 -0.025023 -0.204522 -0.398574 -0.553331 -0.676014 -0.810661 -0.930068 -0.966920 
27.411539 59506.753906 78 78 78 0.862325 0.662096 0.328310 0.983165 0.949029 0.871952 0.838262 0.715521 0.516059 0.344822 0.234036 0.016458 -0.332859 -0.486230 -0.547810 -0.614947 -0.772856 -0.928938 -0.966313 0.989074 0.981564 0.944639 0.791488 0.511380 0.378693 0.314438 0.179074 0.029178 -0.233497 -0.404436 -0.534222 -0.649295 -0.824344 -0.929902 -0.965061 
35.169823 55439.390625 36 68 44 0.561926 0.600469 0.477743 0.966718 0.928537 0.876759 0.853459 0.807727 0.610342 0.362485 0.274098 0.030060 -0.274757 -0.475590 -0.573127 -0.637776 -0.741583 -0.899212 -0.968523 0.959600 0.914952 0.882647 0.848939 0.774268 0.624158 0.375930 0.265085 0.027452 -0.356674 -0.489398 -0.561962 -0.611889 -0.719555 -0.903818 -0.971340 
38.031555 87113.156250 36 62 52 0.577056 0.350024 0.282492 0.990052 0.976681 0.951407 0.867485 0.744790 0.678177 0.418878 0.271012 -0.041781 -0.216655 -0.373378 -0.574700 -0.650197 -0.797162 -0.922844 -0.969083 0.974563 0.932668 0.868807 0.832708 0.734747 0.533130 0.331395 0.226276 -0.038655 -0.248649 -0.418838 -0.587578 -0.667051 -0.769739 -0.907727 -0.965623 
53.085205 934048.312500 72 72 74 0.492409 0.903545 0.964390 0.984291 0.974443 0.953202 0.834691 0.685297 0.644869 0.528009 0.469515 0.067559 -0.101391 -0.152926 -0.463396 -0.631026 -0.699356 -0.875885 -0.967176 0.986068 0.974854 0.954671 0.852035 0.713805 0.683883 0.537019 0.471703 0.110294 -0.128644 -0.200148 -0.499765 -0.631476 -0.766026 -0.915229 -0.967673 
54.380470 1921113.375000 74 76 78 0.967210 0.964279 0.938953 0.985283 0.973941 0.955211 0.807833 0.613627 0.569799 0.437393 0.341114 0.051254 -0.049250 -0.158697 -0.474614 -0.603407 -0.644336 -0.824774 -0.959241 0.984656 0.973346 0.952224 0.821242 0.639631 0.596122 0.482045 0.405066 0.060764 -0.065595 -0.154316 -0.503871 -0.614505 -0.645216 -0.824498 -0.961172 
47.835785 2102885.250000 78 82 84 0.928437 0.830399 0.716625 0.988287 0.974891 0.943113 0.673713 0.595849 0.407474 0.212621 0.028439 -0.133611 -0.236238 -0.344911 -0.461586 -0.589003 -0.664590 -0.783995 -0.942193 0.986746 0.975268 0.957534 0.780547 0.592458 0.537378 0.344152 0.221622 0.028047 -0.114311 -0.253427 -0.404971 -0.557830 -0.622976 -0.819198 -0.949922 
33.149376 76056.757812 88 74 76 0.441334 0.709016 0.535362 0.987127 0.977633 0.932305 0.742652 0.618539 0.531431 0.445217 0.203885 -0.069105 -0.235733 -0.361303 -0.501414 -0.629734 -0.711240 -0.866988 -0.974467 0.989463 0.974417 0.928652 0.696016 0.607120 0.465083 0.220308 -0.012952 -0.145585 -0.243573 -0.354924 -0.480870 -0.592930 -0.663243 -0.803351 -0.958400 
28.236824 25757.451172 80 78 76 0.592669 0.617168 0.828948 0.983531 0.972527 0.916314 0.722505 0.634152 0.539441 0.414284 0.285516 -0.026599 -0.196858 -0.303915 -0.492643 -0.624521 -0.770983 -0.907601 -0.959430 0.985236 0.975218 0.922670 0.738260 0.622419 0.540018 0.437950 0.295862 -0.025072 -0.220011 -0.339461 -0.505436 -0.627183 -0.732342 -0.874316 -0.973673 
28.233688 136888.687500 74 78 72 0.841136 0.688914 0.317571 0.984155 0.972663 0.875789 0.684276 0.591893 0.489771 0.278027 -0.057431 -0.367064 -0.461222 -0.602217 -0.768605 -0.863620 -0.928801 -0.950460 -0.978810 0.985867 0.977418 0.909896 0.725638 0.631208 0.543984 0.395962 0.232237 -0.078956 -0.209136 -0.370995 -0.547553 -0.764910 -0.891552 -0.947704 -0.973191 
41.563091 598731.562500 38 120 50 0.432692 0.487830 0.674681 0.987137 0.960358 0.823212 0.655031 0.556274 0.383955 -0.026692 -0.358681 -0.460660 -0.548784 -0.664738 -0.790544 -0.879595 -0.933350 -0.960531 -0.981033 0.983090 0.961950 0.854539 0.669329 0.572019 0.405269 0.135496 -0.320011 -0.444117 -0.508047 -0.656440 -0.761482 -0.860029 -0.932394 -0.952936 -0.977325 
49.065380 938754.625000 46 86 56 0.614343 0.530948 0.645692 0.981052 0.949261 0.823618 0.668420 0.518606 0.325235 -0.004814 -0.376386 -0.444029 -0.573391 -0.731330 -0.797714 -0.894570 -0.930074 -0.957150 -0.977503 0.984429 0.947641 0.818953 0.666042 0.534489 0.338018 -0.002365 -0.330068 -0.436726 -0.546291 -0.722052 -0.807000 -0.903422 -0.935684 -0.960164 -0.977199 
46.227203 944631.062500 80 80 118 0.531527 0.460471 0.661479 0.979476 0.945516 0.836199 0.674387 0.506927 0.273466 0.049359 -0.319951 -0.448413 -0.534000 -0.719359 -0.799118 -0.869096 -0.940239 -0.970540 -0.981284 0.981805 0.953868 0.832741 0.671955 0.506048 0.307199 0.035355 -0.353398 -0.445725 -0.540649 -0.725589 -0.788076 -0.864851 -0.919585 -0.963376 -0.980795 
53.068298 1366372.875000 82 130 148 0.504411 0.552140 0.385895 0.981222 0.935805 0.820334 0.679382 0.508198 0.297603 0.015433 -0.300367 -0.432749 -0.480885 -0.687855 -0.802366 -0.888631 -0.953724 -0.968861 -0.977986 0.978282 0.939465 0.828773 0.686936 0.518488 0.308983 0.074249 -0.280444 -0.436580 -0.506713 -0.717517 -0.803135 -0.898221 -0.955531 -0.973063 -0.979428 
48.699898 2923365.000000 148 122 52 0.695618 0.600854 0.477320 0.979366 0.932355 0.769947 0.616537 0.466709 0.169534 0.030768 -0.326263 -0.421255 -0.524762 -0.703202 -0.774413 -0.870697 -0.901221 -0.940806 -0.974737 0.979353 0.931403 0.804597 0.645143 0.521487 0.244624 -0.016547 -0.304640 -0.440422 -0.486389 -0.669504 -0.799345 -0.886749 -0.916652 -0.960673 -0.978630 
42.950584 1694286.125000 50 74 50 0.370862 0.488443 0.695100 0.988092 0.969459 0.883324 0.716715 0.513150 0.203961 0.088917 -0.102465 -0.309384 -0.395089 -0.554292 -0.737515 -0.822335 -0.888270 -0.930851 -0.973330 0.976419 0.936798 0.767861 0.616256 0.421772 0.156904 0.072368 -0.278491 -0.387082 -0.468878 -0.678994 -0.759297 -0.835184 -0.888706 -0.927100 -0.962717 
52.711597 21201480.000000 192 58 64 0.331869 0.873378 0.923244 0.981397 0.965797 0.923664 0.741625 0.668199 0.569144 0.363159 0.191163 0.018035 -0.071676 -0.447572 -0.555741 -0.707322 -0.846129 -0.936796 -0.972193 0.987577 0.968111 0.939240 0.748612 0.658662 0.545200 0.230395 0.137212 -0.028639 -0.160615 -0.458566 -0.597037 -0.788431 -0.873396 -0.936032 -0.974683 
57.185440 16295772.000000 64 66 68 0.979587 0.952113 0.983545 0.977341 0.963851 0.929759 0.771900 0.689798 0.615403 0.460965 0.302482 0.032998 -0.033896 -0.363264 -0.581356 -0.695726 -0.827715 -0.937172 -0.973113 0.978877 0.964516 0.927066 0.759901 0.682610 0.599434 0.414331 0.265327 0.019419 -0.042784 -0.374370 -0.594539 -0.657129 -0.832026 -0.942834 -0.970033 
58.426594 9597533.000000 68 70 70 0.987530 0.943339 0.989434 0.975905 0.963470 0.933179 0.797510 0.707951 0.641210 0.551446 0.371870 0.013678 -0.058895 -0.372608 -0.605643 -0.670954 -0.777064 -0.939031 -0.973158 0.975734 0.963103 0.932229 0.782584 0.698572 0.623161 0.523290 0.352231 0.024539 -0.057822 -0.397331 -0.610676 -0.662494 -0.798548 -0.932792 -0.970059 
58.402668 6307439.000000 70 72 72 0.992878 0.963599 0.990755 0.977030 0.963948 0.935593 0.805357 0.714658 0.662807 0.589690 0.408181 -0.006670 -0.063434 -0.342351 -0.644981 -0.705768 -0.758312 -0.905482 -0.972703 0.976210 0.964224 0.934416 0.801786 0.710656 0.653491 0.576670 0.384443 0.013313 -0.052964 -0.361187 -0.621617 -0.700325 -0.751642 -0.907485 -0.974382 
57.709854 4811076.000000 72 72 72 0.987884 0.982460 0.944731 0.979326 0.964685 0.936655 0.817395 0.721922 0.675697 0.581072 0.452531 -0.019584 -0.064574 -0.374189 -0.601448 -0.687272 -0.734184 -0.896142 -0.966947 0.978050 0.964165 0.936529 0.813276 0.717334 0.671676 0.585255 0.402452 -0.013794 -0.064850 -0.373347 -0.626703 -0.701584 -0.765805 -0.913493 -0.968404 
57.037598 3063947.000000 72 74 74 0.933170 0.991608 0.984668 0.980751 0.967259 0.938199 0.822001 0.724576 0.675157 0.587402 0.498524 -0.019471 -0.089596 -0.308085 -0.587620 -0.685406 -0.735680 -0.831505 -0.960067 0.980497 0.966097 0.934886 0.816233 0.722762 0.676190 0.583319 0.470846 -0.032453 -0.082893 -0.319702 -0.607833 -0.693380 -0.733107 -0.852366 -0.961572 
55.048225 1044996.625000 74 74 76 0.985181 0.924114 0.927444 0.983869 0.970345 0.941857 0.830640 0.743268 0.685414 0.600537 0.534492 -0.045988 -0.094226 -0.286410 -0.601538 -0.694201 -0.735262 -0.856238 -0.966676 0.981904 0.968174 0.939725 0.819577 0.730785 0.672601 0.592125 0.497183 -0.037357 -0.096198 -0.269724 -0.593853 -0.694379 -0.735407 -0.834338 -0.962086 
46.590481 174782.765625 76 80 80 0.920879 0.912641 0.849508 0.988195 0.973147 0.943608 0.836996 0.738300 0.650397 0.597020 0.447322 -0.027196 -0.104327 -0.392422 -0.616596 -0.688855 -0.770571 -0.884944 -0.965651 0.984841 0.970053 0.939230 0.829684 0.738886 0.676665 0.608002 0.522621 -0.058644 -0.106035 -0.396691 -0.609133 -0.680724 -0.754265 -0.871031 -0.964581 
40.962418 62721.335938 80 80 74 0.779545 0.713193 0.502030 0.992183 0.980964 0.930268 0.799648 0.732470 0.656545 0.578634 0.401046 0.042177 -0.173724 -0.361857 -0.545903 -0.716709 -0.832929 -0.925650 -0.970988 0.990328 0.980937 0.942452 0.821167 0.736553 0.660868 0.590636 0.464851 0.021062 -0.120605 -0.313188 -0.563970 -0.701109 -0.788925 -0.914864 -0.971876 
38.138859 81768.132812 74 74 70 0.579488 0.638372 0.660353 0.991116 0.978387 0.941520 0.812131 0.729720 0.665034 0.556821 0.308821 -0.061340 -0.199282 -0.384058 -0.532725 -0.724206 -0.835376 -0.935793 -0.965898 0.991480 0.978619 0.914092 0.798748 0.730934 0.663994 0.564255 0.397790 -0.014445 -0.199120 -0.359269 -0.520837 -0.729817 -0.832985 -0.924724 -0.965853 
44.556751 98755.257812 70 80 84 0.691554 0.628020 0.640879 0.989595 0.972367 0.953066 0.903551 0.730870 0.678344 0.593989 0.426368 0.072862 -0.134941 -0.329822 -0.523419 -0.691600 -0.785044 -0.914384 -0.969268 0.992323 0.974185 0.949359 0.852125 0.729530 0.678787 0.569603 0.345055 -0.015339 -0.189051 -0.371383 -0.543376 -0.701866 -0.800758 -0.936984 -0.964397 
50.816986 136389.968750 84 70 74 0.526682 0.784645 0.594302 0.985684 0.968845 0.957892 0.912053 0.718267 0.661197 0.578491 0.418120 0.122508 -0.058292 -0.277124 -0.492046 -0.671599 -0.788926 -0.907909 -0.974116 0.985983 0.968580 0.954513 0.917889 0.727471 0.679636 0.591335 0.480343 0.109955 -0.085990 -0.290835 -0.498668 -0.679020 -0.793550 -0.908257 -0.975791 
49.724579 1036958.875000 74 76 80 0.500751 0.667270 0.822376 0.981076 0.966703 0.946439 0.800726 0.660464 0.614727 0.473721 0.307754 0.146814 -0.060835 -0.176367 -0.378400 -0.615477 -0.750435 -0.832869 -0.935724 0.983725 0.968506 0.947572 0.850627 0.675045 0.637078 0.477473 0.342168 0.120729 -0.033570 -0.158800 -0.415891 -0.619285 -0.753862 -0.856716 -0.958682 
46.462212 429074.125000 80 54 58 0.833975 0.512458 0.723499 0.985866 0.968598 0.944414 0.813935 0.649795 0.609692 0.444787 0.279862 0.164735 -0.018631 -0.199429 -0.365002 -0.574904 -0.790773 -0.879225 -0.948234 0.985005 0.967277 0.946560 0.845818 0.665532 0.625100 0.432560 0.306670 0.165359 -0.045051 -0.189918 -0.382235 -0.589120 -0.761137 -0.866162 -0.952596 
44.515396 117209.234375 150 74 148 0.782403 0.648880 0.804960 0.987460 0.971687 0.953147 0.898405 0.660553 0.617274 0.443440 0.286524 0.205963 -0.080739 -0.267053 -0.399020 -0.622543 -0.794799 -0.905030 -0.967299 0.985721 0.967493 0.947200 0.859017 0.657409 0.618756 0.452906 0.281547 0.180736 0.003518 -0.222145 -0.370979 -0.579526 -0.803578 -0.882996 -0.965871 
41.261017 1302453.000000 74 86 76 0.625889 0.369671 0.506733 0.988085 0.978845 0.927610 0.673849 0.630831 0.355143 0.170577 -0.127346 -0.283066 -0.445765 -0.604387 -0.644304 -0.712542 -0.774173 -0.878254 -0.955665 0.988250 0.973547 0.958127 0.868062 0.648637 0.617622 0.291654 0.221761 -0.073490 -0.252483 -0.419175 -0.597284 -0.658706 -0.744492 -0.841950 -0.946006 
48.558746 4728759.000000 38 132 178 0.541496 0.541770 0.409479 0.982035 0.961496 0.832647 0.664715 0.575325 0.147587 -0.058963 -0.229307 -0.433128 -0.554213 -0.590908 -0.639480 -0.765254 -0.880261 -0.939936 -0.964115 0.986000 0.972313 0.861800 0.671372 0.605937 0.260342 -0.011685 -0.208853 -0.392362 -0.546426 -0.580322 -0.651761 -0.733595 -0.854867 -0.914016 -0.964806 
53.033653 5884232.000000 148 78 80 0.466407 0.577709 0.392605 0.977917 0.942308 0.768523 0.636016 0.478394 0.035291 -0.180793 -0.296247 -0.475872 -0.569886 -0.647468 -0.746611 -0.804475 -0.902320 -0.954308 -0.967738 0.976302 0.947014 0.781858 0.640155 0.491272 0.076155 -0.109495 -0.309358 -0.481303 -0.573042 -0.611361 -0.711367 -0.781129 -0.879547 -0.947110 -0.964167 
53.529247 4369664.500000 42 42 148 0.381532 0.668886 0.680119 0.981507 0.927936 0.801249 0.658875 0.482877 0.236128 -0.076567 -0.317665 -0.416041 -0.531005 -0.693965 -0.779211 -0.873758 -0.927271 -0.962130 -0.973350 0.982031 0.938846 0.785504 0.653430 0.476186 0.150288 -0.161930 -0.283421 -0.432294 -0.531281 -0.670700 -0.758399 -0.853602 -0.933402 -0.958873 -0.969170 
54.423443 6435251.000000 148 114 44 0.705478 0.544923 0.609652 0.977439 0.925658 0.804515 0.655864 0.469723 0.228219 -0.079899 -0.342651 -0.442331 -0.577971 -0.702379 -0.791512 -0.879647 -0.905626 -0.956466 -0.978285 0.979612 0.934485 0.800196 0.648526 0.464059 0.155337 -0.159147 -0.367016 -0.434241 -0.579678 -0.705877 -0.786208 -0.868239 -0.903396 -0.960923 -0.977921 
54.913979 3436737.250000 134 56 138 0.599745 0.419491 0.301721 0.977912 0.924394 0.794641 0.645797 0.465751 0.145646 -0.153138 -0.289167 -0.442876 -0.533799 -0.709492 -0.811934 -0.877412 -0.913866 -0.969981 -0.985466 0.977751 0.922730 0.802192 0.650800 0.461205 0.187551 -0.152437 -0.319162 -0.458166 -0.570947 -0.719928 -0.819174 -0.878570 -0.908205 -0.956511 -0.979492 
50.753841 1359880.625000 134 76 146 0.329770 0.378803 0.651661 0.978659 0.949504 0.857788 0.692497 0.516404 0.294007 -0.005508 -0.301784 -0.444099 -0.568069 -0.677568 -0.792535 -0.881308 -0.953352 -0.978215 -0.987109 0.979479 0.933399 0.822096 0.665211 0.494214 0.234259 -0.065120 -0.258655 -0.430431 -0.538396 -0.681742 -0.800011 -0.874458 -0.932663 -0.979465 -0.986795 
54.284214 2105912.500000 148 120 88 0.528455 0.590769 0.638781 0.980159 0.925643 0.815843 0.680948 0.502908 0.303194 0.011493 -0.250989 -0.363906 -0.529221 -0.710275 -0.816224 -0.913970 -0.940540 -0.957769 -0.969475 0.978222 0.940161 0.830523 0.687531 0.510509 0.311261 0.026071 -0.262227 -0.428201 -0.576883 -0.710692 -0.808595 -0.914281 -0.946619 -0.968407 -0.979663 
46.614143 680701.625000 90 68 86 0.690685 0.513834 0.330100 0.976009 0.946853 0.835289 0.678733 0.504784 0.219505 -0.091189 -0.259532 -0.399960 -0.545559 -0.683687 -0.749850 -0.854765 -0.945359 -0.984776 -0.994074 0.980700 0.934012 0.812975 0.667717 0.481845 0.229479 -0.073141 -0.249600 -0.382021 -0.502425 -0.699612 -0.769735 -0.891135 -0.942424 -0.959356 -0.983680 
46.476532 841848.687500 130 80 86 0.505761 0.430262 0.343509 0.978721 0.941607 0.832195 0.647569 0.450539 0.064611 -0.121789 -0.230839 -0.363212 -0.509676 -0.610057 -0.757445 -0.896078 -0.931799 -0.967305 -0.982905 0.979154 0.943225 0.824405 0.675397 0.486827 0.225149 -0.114188 -0.274602 -0.401892 -0.539244 -0.653581 -0.732885 -0.868508 -0.954342 -0.983938 -0.990498 
34.538082 128065.992188 80 92 108 0.349161 0.543621 0.452844 0.981699 0.952351 0.885989 0.733824 0.519589 0.249141 0.043072 -0.105257 -0.287072 -0.467919 -0.634783 -0.796161 -0.863162 -0.915863 -0.967157 -0.990909 0.984938 0.957127 0.869595 0.662040 0.379211 0.104536 -0.043640 -0.158566 -0.294009 -0.478194 -0.588258 -0.779471 -0.873128 -0.918593 -0.951800 -0.987741 
27.750511 48347.449219 108 96 88 0.417684 0.511284 0.439336 0.985572 0.965660 0.910542 0.752767 0.619622 0.415773 0.223214 -0.066701 -0.314524 -0.514562 -0.654644 -0.781577 -0.878307 -0.922867 -0.972756 -0.988752 0.981248 0.959406 0.901115 0.773214 0.583066 0.406689 0.172498 -0.125034 -0.349722 -0.521103 -0.642547 -0.789976 -0.884747 -0.919782 -0.969428 -0.984436 
26.901623 20981.726562 166 132 130 0.524415 0.721757 0.500694 0.986912 0.968649 0.898418 0.785842 0.554123 0.455671 0.225751 0.041964 -0.212403 -0.478804 -0.652584 -0.843600 -0.895240 -0.936087 -0.981294 -0.990905 0.989804 0.970733 0.889191 0.765285 0.586490 0.433888 0.223931 0.003068 -0.276439 -0.495539 -0.666315 -0.794881 -0.887393 -0.935367 -0.979232 -0.990158 
22.367895 13310.273438 88 80 92 0.570913 0.496450 0.600761 0.986768 0.966681 0.918055 0.763811 0.619928 0.444157 0.231517 0.002451 -0.190086 -0.363502 -0.579522 -0.809359 -0.888807 -0.934412 -0.970044 -0.989953 0.985870 0.962035 0.905165 0.780710 0.584317 0.449015 0.216213 -0.013053 -0.174890 -0.428751 -0.620473 -0.839315 -0.896797 -0.927428 -0.977929 -0.989431 
20.769835 11887.318359 90 80 130 0.613558 0.352607 0.617241 0.987302 0.973019 0.914823 0.774948 0.583444 0.468233 0.268043 0.042977 -0.164652 -0.355770 -0.568297 -0.752353 -0.906582 -0.941965 -0.977680 -0.990940 0.989485 0.972722 0.917278 0.780761 0.600537 0.428416 0.248892 0.037037 -0.182051 -0.353339 -0.572035 -0.761774 -0.904506 -0.939079 -0.969847 -0.988259 
19.218714 9429.708008 38 84 38 0.613347 0.548359 0.659690 0.984872 0.970053 0.922293 0.790304 0.651282 0.524509 0.288829 0.040229 -0.176297 -0.339017 -0.557948 -0.701495 -0.883558 -0.936904 -0.977898 -0.985977 0.984851 0.969684 0.910177 0.793008 0.625229 0.473029 0.279478 0.064272 -0.155070 -0.333412 -0.579691 -0.720806 -0.878056 -0.943707 -0.980750 -0.989496 
15.047915 5843.145508 132 116 38 0.501508 0.478863 0.418514 0.987427 0.964464 0.892314 0.791995 0.621796 0.505305 0.284435 0.093811 -0.129082 -0.287620 -0.495887 -0.650166 -0.841344 -0.923050 -0.970341 -0.983059 0.986512 0.964068 0.901682 0.782472 0.634541 0.491342 0.287719 0.124554 -0.161412 -0.324159 -0.527793 -0.682478 -0.879549 -0.939335 -0.974202 -0.984041 
