45.395046 3766436.750000 20 142 52 0.000000 0.422986 0.793738 0.982463 0.963713 0.936292 0.840424 0.611212 0.570254 0.340013 0.118753 -0.004984 -0.231950 -0.453376 -0.520309 -0.672907 -0.792178 -0.959774 -0.979971 0.969491 0.924684 0.812289 0.637967 0.565433 0.467169 0.206187 0.048992 -0.156240 -0.360153 -0.517621 -0.610720 -0.750399 -0.840913 -0.957125 -0.977485 
61.407867 140963888.000000 52 60 60 0.761029 0.975870 0.975780 0.974411 0.957318 0.932900 0.760981 0.567331 0.512349 0.313476 0.108971 0.000698 -0.192414 -0.429082 -0.487455 -0.552434 -0.649073 -0.788084 -0.878982 0.976653 0.959005 0.935096 0.793625 0.591164 0.554007 0.347335 0.117931 0.019398 -0.215138 -0.417863 -0.490795 -0.564552 -0.671636 -0.791226 -0.940722 
63.990498 220493584.000000 60 62 62 0.978130 0.963268 0.971267 0.976959 0.963016 0.932235 0.779519 0.484137 0.421633 0.294818 0.113146 -0.006377 -0.191551 -0.426479 -0.470602 -0.573221 -0.667180 -0.812013 -0.838955 0.974658 0.959057 0.931516 0.769799 0.530475 0.459543 0.300906 0.103827 0.000904 -0.190003 -0.433603 -0.478313 -0.564297 -0.661515 -0.804831 -0.847497 
64.107239 160959296.000000 62 60 60 0.968317 0.985761 0.950362 0.979243 0.971668 0.935280 0.744773 0.450639 0.368151 0.263227 0.169772 0.031978 -0.200841 -0.412071 -0.461365 -0.578488 -0.664171 -0.811520 -0.847453 0.978753 0.967809 0.932302 0.759749 0.457060 0.390515 0.272605 0.149604 -0.015665 -0.211218 -0.421334 -0.475097 -0.581005 -0.683086 -0.823112 -0.850791 
61.710186 61283360.000000 60 60 62 0.941868 0.958139 0.748230 0.979126 0.972471 0.932991 0.707649 0.432826 0.359687 0.253470 0.174718 0.082284 -0.261162 -0.439535 -0.490420 -0.614929 -0.715546 -0.806035 -0.868127 0.979075 0.972821 0.941250 0.781824 0.439788 0.364158 0.266146 0.183996 0.069246 -0.210969 -0.434508 -0.469150 -0.597543 -0.699270 -0.812079 -0.857030 
52.993149 7482387.500000 60 50 138 0.829413 0.773764 0.760022 0.972986 0.960594 0.941225 0.782138 0.596409 0.479446 0.303619 0.183343 0.023945 -0.134165 -0.436212 -0.472109 -0.572137 -0.725094 -0.827309 -0.890680 0.978800 0.969030 0.945543 0.760641 0.502801 0.408212 0.250028 0.165840 0.073869 -0.228093 -0.441793 -0.486877 -0.608306 -0.730278 -0.829558 -0.883284 
49.391655 2028036.250000 138 40 46 0.756580 0.855608 0.443240 0.957786 0.947641 0.925738 0.767824 0.551591 0.447476 0.345984 0.172141 0.029568 -0.202852 -0.351744 -0.458089 -0.552266 -0.751566 -0.816000 -0.889547 0.965245 0.953110 0.937368 0.755493 0.625990 0.507348 0.366903 0.262699 0.010108 -0.152657 -0.408765 -0.448434 -0.549419 -0.718585 -0.818545 -0.903576 
48.388412 2234409.250000 38 150 116 0.364707 0.663029 0.714646 0.959173 0.944189 0.911012 0.849412 0.675221 0.445465 0.306590 0.198968 0.044748 -0.140153 -0.245073 -0.458070 -0.534127 -0.723676 -0.827338 -0.928739 0.958302 0.941765 0.915507 0.814093 0.720168 0.476407 0.282095 0.208354 0.058232 -0.173630 -0.310135 -0.438908 -0.526565 -0.716801 -0.823035 -0.888658 
53.218048 5888222.500000 114 142 142 0.589675 0.597117 0.667329 0.954369 0.942161 0.910427 0.878168 0.794772 0.441074 0.247209 0.156095 0.011270 -0.096094 -0.312707 -0.513308 -0.688241 -0.821014 -0.875699 -0.912311 0.960544 0.937809 0.913355 0.871178 0.735360 0.443035 0.325938 0.158814 0.009570 -0.132617 -0.349076 -0.507361 -0.590418 -0.793146 -0.845793 -0.902655 
59.286808 8736199.000000 120 38 70 0.761145 0.648372 0.939958 0.957498 0.944148 0.920414 0.890760 0.831103 0.535739 0.233326 0.119038 -0.014277 -0.093667 -0.324292 -0.512052 -0.739714 -0.823431 -0.869318 -0.901999 0.959189 0.944540 0.915628 0.886306 0.831670 0.544051 0.244567 0.138041 0.000203 -0.088811 -0.308259 -0.509422 -0.750508 -0.836406 -0.873988 -0.906294 
62.402744 8136112.000000 70 62 64 0.906576 0.826566 0.962268 0.964542 0.948966 0.920535 0.897184 0.850119 0.666101 0.235962 0.107892 -0.045345 -0.102330 -0.264481 -0.543613 -0.723091 -0.821649 -0.877391 -0.910315 0.960481 0.946075 0.917276 0.892512 0.826011 0.571098 0.230788 0.102720 -0.040311 -0.094638 -0.312591 -0.537339 -0.743505 -0.817307 -0.879618 -0.904615 
60.834118 6901316.000000 64 64 62 0.935440 0.948474 0.954271 0.967322 0.951047 0.921173 0.896966 0.841468 0.651930 0.316613 0.129081 -0.031804 -0.126281 -0.295716 -0.495587 -0.700066 -0.799763 -0.905061 -0.932144 0.967923 0.950512 0.923971 0.900146 0.857708 0.686481 0.316147 0.118730 -0.031964 -0.103228 -0.270901 -0.482645 -0.685216 -0.819694 -0.875525 -0.930775 
62.282909 17707902.000000 62 64 60 0.937937 0.953944 0.945196 0.965877 0.951754 0.920507 0.886081 0.840091 0.640048 0.201412 0.061808 -0.073459 -0.143471 -0.283304 -0.487101 -0.678523 -0.801868 -0.861667 -0.894248 0.966000 0.950739 0.915819 0.887496 0.824752 0.582113 0.213900 0.069916 -0.059304 -0.133794 -0.267934 -0.485700 -0.676468 -0.801375 -0.862135 -0.899876 
63.943245 37187752.000000 62 60 58 0.953725 0.930013 0.985578 0.962087 0.949930 0.924557 0.878074 0.821365 0.588462 0.193079 0.034552 -0.097297 -0.169382 -0.296728 -0.507165 -0.703871 -0.806344 -0.866507 -0.888932 0.963345 0.951201 0.921435 0.882552 0.827768 0.611955 0.170348 0.033459 -0.089035 -0.162228 -0.321572 -0.496782 -0.688553 -0.807033 -0.865231 -0.889668 
64.309868 30568398.000000 58 56 56 0.980138 0.951537 0.991034 0.965406 0.948930 0.930940 0.882417 0.811242 0.580188 0.204765 0.037401 -0.089454 -0.187183 -0.284191 -0.505619 -0.696106 -0.805115 -0.862414 -0.891988 0.962393 0.949302 0.930625 0.883528 0.815205 0.585676 0.173632 0.014485 -0.111837 -0.183619 -0.286063 -0.503272 -0.700610 -0.806649 -0.873280 -0.891516 
60.918537 9747962.000000 56 56 54 0.975933 0.917399 0.948427 0.974340 0.948755 0.935527 0.900319 0.808623 0.603448 0.241150 0.056644 -0.084886 -0.214144 -0.295243 -0.464729 -0.667170 -0.764911 -0.869276 -0.888306 0.971616 0.949631 0.934914 0.887496 0.813426 0.603002 0.233039 0.054433 -0.088865 -0.188567 -0.290490 -0.479702 -0.679765 -0.787916 -0.858414 -0.886483 
53.530464 1286402.000000 54 56 56 0.962631 0.725295 0.719130 0.985267 0.951339 0.934507 0.884931 0.835294 0.683149 0.166330 0.035515 -0.079634 -0.193529 -0.339084 -0.522286 -0.684206 -0.830435 -0.875645 -0.955232 0.983317 0.950570 0.936352 0.899976 0.836145 0.646752 0.288398 0.066980 -0.086332 -0.209539 -0.286042 -0.437004 -0.674059 -0.800497 -0.864687 -0.892996 
45.769508 9840143.000000 58 56 58 0.699279 0.882260 0.792147 0.962614 0.947115 0.915561 0.848875 0.677832 0.365269 0.145854 -0.080253 -0.307122 -0.414855 -0.588169 -0.722361 -0.830265 -0.887088 -0.921671 -0.985986 0.966568 0.946366 0.926041 0.870743 0.768683 0.519413 0.123565 -0.017130 -0.109034 -0.309969 -0.454874 -0.568783 -0.760188 -0.868906 -0.914704 -0.971343 
50.659008 17664300.000000 58 58 56 0.818867 0.602673 0.627860 0.957772 0.941071 0.899736 0.741613 0.564414 0.352123 0.089014 -0.146029 -0.383259 -0.478336 -0.627343 -0.753468 -0.864770 -0.923175 -0.957605 -0.985525 0.965776 0.943217 0.893517 0.806837 0.552551 0.324741 0.140769 -0.104933 -0.327715 -0.452429 -0.594762 -0.725950 -0.867663 -0.914976 -0.964685 -0.982350 
52.853794 8738363.000000 58 58 150 0.658522 0.637994 0.606196 0.949706 0.934637 0.868382 0.806768 0.536531 0.357136 0.018457 -0.131839 -0.341924 -0.487279 -0.653812 -0.779929 -0.887637 -0.928668 -0.973761 -0.989137 0.953881 0.939284 0.892380 0.752165 0.571294 0.379694 0.108280 -0.101627 -0.408363 -0.472835 -0.660879 -0.773716 -0.875380 -0.935434 -0.975972 -0.989128 
50.286461 8264042.500000 36 58 20 0.390321 0.758632 0.781125 0.948290 0.943369 0.887961 0.763721 0.562550 0.382523 0.069202 -0.129486 -0.332386 -0.500716 -0.609447 -0.778229 -0.879897 -0.929325 -0.978185 -0.991190 0.952155 0.943986 0.881763 0.774134 0.588339 0.430182 0.028591 -0.144081 -0.310913 -0.498565 -0.638042 -0.752069 -0.876384 -0.931492 -0.962829 -0.994608 
50.585629 11392390.000000 58 54 56 0.857255 0.717288 0.825096 0.952397 0.938946 0.864563 0.685653 0.614275 0.470027 0.030732 -0.112242 -0.315347 -0.508184 -0.573386 -0.691661 -0.848264 -0.921758 -0.973295 -0.990613 0.951160 0.939511 0.842614 0.678449 0.591464 0.311995 0.046596 -0.111195 -0.293560 -0.457910 -0.591452 -0.739961 -0.884135 -0.931011 -0.974066 -0.990138 
42.614883 3898477.250000 56 56 34 0.759891 0.718022 0.357133 0.967750 0.942343 0.881051 0.762575 0.617651 0.536352 0.119922 -0.080656 -0.302301 -0.454503 -0.495406 -0.702906 -0.838302 -0.902262 -0.948059 -0.982866 0.949882 0.940682 0.879679 0.681312 0.596368 0.469682 0.078742 -0.083371 -0.327191 -0.512726 -0.557527 -0.691358 -0.850147 -0.905775 -0.957437 -0.984304 
58.383327 87402568.000000 44 38 44 0.468388 0.856843 0.922918 0.978311 0.957950 0.928655 0.792661 0.651018 0.599248 0.248156 0.095958 -0.029348 -0.259299 -0.359294 -0.477383 -0.675215 -0.739413 -0.895775 -0.986207 0.983099 0.961446 0.925224 0.807779 0.670854 0.611437 0.276648 0.067697 -0.060395 -0.295814 -0.398708 -0.527771 -0.680140 -0.806693 -0.923768 -0.985599 
62.288841 68087280.000000 44 42 44 0.921498 0.948034 0.943169 0.969993 0.956479 0.925025 0.804416 0.683940 0.615427 0.305423 0.167873 0.014134 -0.214608 -0.320885 -0.465749 -0.653975 -0.770510 -0.832279 -0.978480 0.971382 0.956631 0.926873 0.790668 0.657471 0.609262 0.278456 0.134828 -0.010440 -0.241806 -0.329317 -0.458933 -0.653080 -0.748246 -0.834150 -0.985121 
62.205864 37809364.000000 44 44 42 0.943667 0.926927 0.972506 0.971445 0.956836 0.927290 0.828166 0.740337 0.637621 0.292470 0.202907 -0.042777 -0.185975 -0.294416 -0.459347 -0.669962 -0.779284 -0.865708 -0.983317 0.970795 0.956462 0.924124 0.803429 0.724154 0.633560 0.302971 0.197774 -0.014326 -0.192126 -0.305020 -0.471518 -0.673982 -0.784465 -0.842239 -0.982875 
60.903095 15413984.000000 42 42 42 0.970614 0.968743 0.984082 0.970223 0.957088 0.924021 0.843906 0.805567 0.626502 0.312704 0.194954 0.008964 -0.187591 -0.268471 -0.464725 -0.672765 -0.740985 -0.885896 -0.980871 0.971184 0.957350 0.924266 0.846307 0.779793 0.635626 0.307849 0.201646 0.030007 -0.184832 -0.264816 -0.451906 -0.639041 -0.755946 -0.870408 -0.981166 
57.677902 3398727.250000 42 42 26 0.978311 0.981350 0.710513 0.975463 0.959694 0.938436 0.888035 0.791709 0.695602 0.346975 0.131949 -0.019415 -0.201272 -0.297072 -0.448211 -0.714199 -0.780227 -0.944143 -0.986921 0.973053 0.957661 0.939019 0.856588 0.801638 0.645294 0.316131 0.151647 -0.014765 -0.193893 -0.286047 -0.478950 -0.689617 -0.752216 -0.942458 -0.991490 
51.987411 1025800.187500 26 28 26 0.740026 0.820231 0.458100 0.974694 0.964554 0.918589 0.878236 0.769979 0.707857 0.498934 0.166581 0.072005 -0.228994 -0.298032 -0.405675 -0.677343 -0.760502 -0.904474 -0.986834 0.975345 0.968297 0.919093 0.882282 0.756903 0.707809 0.447513 0.150556 0.048242 -0.190577 -0.311880 -0.446312 -0.697347 -0.773192 -0.939462 -0.986214 
49.773937 786534.437500 110 70 78 0.625595 0.780398 0.748957 0.972448 0.950610 0.936009 0.887403 0.752357 0.679298 0.289177 0.224087 0.104124 -0.198969 -0.285763 -0.317620 -0.617667 -0.790612 -0.899840 -0.970947 0.972015 0.962414 0.923755 0.876854 0.773961 0.711213 0.316616 0.167563 0.101446 -0.192173 -0.304717 -0.331241 -0.621315 -0.783220 -0.925970 -0.981386 
50.477596 2084655.375000 78 76 72 0.686289 0.815894 0.872455 0.965139 0.943990 0.923355 0.827453 0.678572 0.644683 0.406349 0.225380 0.174325 -0.179954 -0.295481 -0.315867 -0.573268 -0.826558 -0.841079 -0.942176 0.968972 0.947951 0.930822 0.847498 0.730116 0.685337 0.362624 0.226810 0.182706 -0.147915 -0.276411 -0.310129 -0.572933 -0.781456 -0.881335 -0.975589 
48.236347 1272169.625000 36 34 44 0.949377 0.682793 0.511182 0.969017 0.942794 0.912723 0.853971 0.666093 0.628804 0.444555 0.273393 0.178177 -0.157598 -0.285275 -0.345032 -0.613176 -0.828907 -0.853096 -0.950756 0.975382 0.949915 0.920626 0.836485 0.663114 0.628341 0.453628 0.262837 0.203892 -0.089697 -0.288118 -0.314419 -0.615224 -0.824608 -0.846915 -0.953126 
56.161877 29767132.000000 44 98 48 0.512570 0.575802 0.714865 0.968158 0.937086 0.900973 0.772550 0.636781 0.609266 0.352432 0.240129 0.175878 -0.099449 -0.268791 -0.355579 -0.588350 -0.731119 -0.847618 -0.879826 0.958504 0.927397 0.883526 0.744988 0.633507 0.585592 0.327560 0.237393 0.126675 -0.121715 -0.274949 -0.365243 -0.650206 -0.752125 -0.843274 -0.871804 
58.267956 36821972.000000 50 48 48 0.609223 0.954795 0.937455 0.973168 0.930583 0.892394 0.802767 0.629508 0.600941 0.387218 0.260283 0.161855 -0.072735 -0.252786 -0.353434 -0.564492 -0.725388 -0.823413 -0.880573 0.975307 0.933723 0.893211 0.812849 0.639492 0.597390 0.424127 0.257484 0.194255 -0.030798 -0.243445 -0.342047 -0.543658 -0.710079 -0.821864 -0.894048 
58.913643 31099672.000000 48 48 48 0.932970 0.993627 0.974526 0.976756 0.935070 0.893964 0.817211 0.624838 0.598553 0.414616 0.254602 0.173347 -0.062173 -0.244663 -0.384898 -0.526726 -0.678414 -0.805667 -0.916328 0.974530 0.931134 0.892105 0.807282 0.625459 0.599325 0.379031 0.259250 0.158761 -0.078168 -0.247122 -0.376526 -0.549049 -0.702573 -0.827217 -0.890676 
56.600574 12438108.000000 48 48 48 0.984020 0.933258 0.959597 0.984803 0.958970 0.888268 0.849888 0.643840 0.584902 0.498184 0.225869 0.109792 -0.116957 -0.337489 -0.423296 -0.555398 -0.683415 -0.805183 -0.906310 0.979020 0.942165 0.891046 0.836448 0.634232 0.595950 0.484794 0.242446 0.152491 -0.039025 -0.273944 -0.389783 -0.526420 -0.678381 -0.805589 -0.943583 
52.471992 3298809.750000 46 48 48 0.959466 0.951182 0.740848 0.989063 0.968827 0.921181 0.863455 0.630958 0.604148 0.450525 0.245218 0.088262 -0.145318 -0.372357 -0.530831 -0.584036 -0.739439 -0.944950 -0.986530 0.987582 0.966906 0.915891 0.863141 0.635512 0.584847 0.467215 0.273001 0.107161 -0.093417 -0.344717 -0.464597 -0.561390 -0.675748 -0.856502 -0.944407 
45.595558 10972644.000000 50 48 48 0.770291 0.632176 0.402355 0.977684 0.902193 0.851332 0.654984 0.598853 0.487269 0.236053 0.028427 -0.301829 -0.474577 -0.578884 -0.671152 -0.878979 -0.929858 -0.966493 -0.992662 0.989746 0.963745 0.881228 0.750137 0.614834 0.551657 0.292238 0.181507 -0.126639 -0.351880 -0.539637 -0.619756 -0.795208 -0.912235 -0.963712 -0.990461 
46.988327 7599169.000000 62 82 96 0.478625 0.489410 0.542780 0.969152 0.923037 0.869561 0.630191 0.606285 0.445098 0.214461 0.006295 -0.414129 -0.488357 -0.651360 -0.757400 -0.863784 -0.916691 -0.972706 -0.990997 0.982811 0.921442 0.853103 0.652439 0.605195 0.538204 0.235525 0.055038 -0.324261 -0.467110 -0.590119 -0.705726 -0.834887 -0.913951 -0.979386 -0.995471 
51.249889 8885080.000000 96 48 48 0.596587 0.575376 0.502734 0.962752 0.895109 0.841492 0.656588 0.583098 0.449244 0.148301 -0.241085 -0.461261 -0.547737 -0.681451 -0.791234 -0.864500 -0.926441 -0.963112 -0.988423 0.964417 0.909215 0.847308 0.661448 0.610510 0.414936 0.205572 -0.081847 -0.412393 -0.522498 -0.710426 -0.775687 -0.859166 -0.915011 -0.968625 -0.993460 
55.818336 16115885.000000 48 48 48 0.560190 0.601827 0.601129 0.965507 0.903879 0.802670 0.631805 0.499915 0.303923 0.096315 -0.232526 -0.389829 -0.484599 -0.596783 -0.785974 -0.848295 -0.883457 -0.911893 -0.971127 0.962933 0.903217 0.844069 0.675724 0.527075 0.370798 0.169982 -0.222926 -0.478380 -0.522931 -0.669261 -0.833400 -0.879234 -0.901409 -0.953587 -0.990358 
48.679161 21877272.000000 48 48 40 0.653954 0.399198 0.646410 0.984288 0.970081 0.925925 0.732389 0.607392 0.464602 0.250966 0.157085 -0.140484 -0.292570 -0.445119 -0.629151 -0.813206 -0.876020 -0.895865 -0.954848 0.968707 0.909469 0.790726 0.646068 0.537293 0.242502 0.086686 -0.225279 -0.330908 -0.411299 -0.507538 -0.676690 -0.770851 -0.868416 -0.908678 -0.980892 
55.734249 24668836.000000 82 42 42 0.528603 0.912068 0.963331 0.980199 0.961502 0.931449 0.664884 0.624633 0.576781 0.374390 0.302016 0.031447 -0.062271 -0.370102 -0.599076 -0.738807 -0.865263 -0.896364 -0.968759 0.982982 0.964648 0.932143 0.705182 0.620546 0.571928 0.310874 0.236385 0.033169 -0.100018 -0.388739 -0.547057 -0.739694 -0.863133 -0.904323 -0.968627 
54.487335 8721326.000000 42 42 42 0.970085 0.926164 0.873544 0.984183 0.966920 0.927423 0.673415 0.620860 0.592351 0.438609 0.324497 0.075184 -0.027194 -0.281077 -0.598027 -0.711585 -0.863083 -0.911784 -0.978626 0.981888 0.963127 0.931278 0.674972 0.622000 0.593212 0.393228 0.329828 0.043581 -0.061885 -0.311681 -0.606190 -0.729281 -0.855982 -0.892005 -0.964628 
47.741692 1216663.125000 42 46 44 0.902649 0.846030 0.639287 0.989334 0.981477 0.929178 0.717856 0.611726 0.559348 0.420310 0.198101 0.025706 -0.236795 -0.458774 -0.619687 -0.830180 -0.868369 -0.916792 -0.980094 0.987241 0.974504 0.916512 0.658556 0.623987 0.567094 0.461333 0.280681 0.063316 -0.096082 -0.414479 -0.592323 -0.783371 -0.872214 -0.904047 -0.986372 
34.233532 270842.343750 44 120 36 0.714629 0.646630 0.448095 0.984926 0.966263 0.890522 0.640619 0.614076 0.492129 0.387162 0.265470 0.046251 -0.136889 -0.403550 -0.688006 -0.846767 -0.875410 -0.908766 -0.965604 0.986520 0.976878 0.902793 0.674441 0.616718 0.505823 0.389300 0.203614 0.024410 -0.155414 -0.457415 -0.644107 -0.842514 -0.883296 -0.924887 -0.978921 
31.301725 108503.750000 90 84 84 0.488122 0.724036 0.651615 0.982896 0.964521 0.854262 0.640506 0.615560 0.514539 0.413117 0.336424 0.054512 -0.251832 -0.434199 -0.647873 -0.824830 -0.884222 -0.904707 -0.964825 0.986715 0.972234 0.881671 0.639529 0.615185 0.509497 0.397706 0.307315 0.045870 -0.154005 -0.445975 -0.615792 -0.850771 -0.874532 -0.907332 -0.964354 
34.878708 1839215.375000 84 84 96 0.558948 0.650623 0.420519 0.969911 0.935311 0.709716 0.619384 0.555140 0.315497 0.153637 -0.123729 -0.245679 -0.385479 -0.436696 -0.581067 -0.718768 -0.830487 -0.899969 -0.987571 0.975825 0.951709 0.843967 0.635298 0.613990 0.528328 0.416359 0.314271 0.054752 -0.231481 -0.458253 -0.625726 -0.817311 -0.886124 -0.900432 -0.952634 
55.411003 40073108.000000 42 90 90 0.650039 0.507528 0.611289 0.974222 0.915971 0.702997 0.556509 0.379045 0.147238 0.009838 -0.274871 -0.363549 -0.468750 -0.514174 -0.694858 -0.760742 -0.834085 -0.931836 -0.980532 0.961103 0.913387 0.778469 0.610081 0.450414 0.252264 0.034554 -0.215543 -0.329345 -0.376373 -0.499234 -0.619679 -0.758656 -0.866167 -0.926688 -0.980206 
49.114513 6101475.000000 44 46 128 0.466796 0.526829 0.490457 0.969076 0.892666 0.714228 0.532838 0.395806 0.282877 0.073201 -0.030993 -0.351859 -0.445338 -0.521613 -0.629637 -0.754523 -0.843012 -0.940863 -0.984820 0.976832 0.905118 0.661057 0.481614 0.348205 0.139780 0.029539 -0.195141 -0.380872 -0.466407 -0.547631 -0.661619 -0.777759 -0.840201 -0.939451 -0.983085 
38.336731 3406663.750000 126 82 52 0.566821 0.530392 0.654467 0.989708 0.969071 0.855463 0.597501 0.454115 0.371932 0.267212 0.078364 -0.110778 -0.393333 -0.469546 -0.611594 -0.732098 -0.814666 -0.900570 -0.965251 0.977874 0.913307 0.729369 0.571193 0.401914 0.316494 0.127233 -0.005989 -0.241375 -0.406972 -0.480477 -0.603771 -0.748719 -0.836757 -0.890568 -0.980769 
53.467300 18002024.000000 50 52 52 0.658171 0.965779 0.904560 0.987652 0.965533 0.929678 0.880547 0.584721 0.436895 0.342132 0.195545 0.038762 -0.255933 -0.422606 -0.511419 -0.636785 -0.768859 -0.865809 -0.947450 0.988961 0.968569 0.931332 0.894974 0.552024 0.406776 0.293533 0.102182 -0.067533 -0.356846 -0.445746 -0.522398 -0.700438 -0.812729 -0.903640 -0.947972 
55.885273 56550656.000000 52 60 72 0.979842 0.771650 0.871370 0.980733 0.960398 0.918907 0.746389 0.501158 0.414665 0.295642 0.170906 0.063745 -0.188482 -0.374114 -0.466830 -0.605892 -0.733438 -0.830142 -0.881429 0.985578 0.960092 0.926944 0.824582 0.542335 0.441746 0.348751 0.184889 0.078522 -0.158514 -0.404662 -0.487443 -0.651222 -0.780013 -0.847844 -0.942570 
55.539200 22088532.000000 72 74 78 0.860420 0.956906 0.928329 0.980846 0.965930 0.936373 0.762524 0.469117 0.404545 0.286038 0.185395 0.079133 -0.170982 -0.378194 -0.453772 -0.625867 -0.722045 -0.821299 -0.854254 0.978887 0.962422 0.930942 0.740529 0.479222 0.409831 0.283979 0.183745 0.067948 -0.192376 -0.387384 -0.472638 -0.624221 -0.725003 -0.824992 -0.859886 
51.171982 6797034.500000 80 84 84 0.917309 0.888059 0.943598 0.984790 0.970962 0.938901 0.799914 0.435776 0.367423 0.279694 0.184160 0.091098 -0.162014 -0.384992 -0.461997 -0.609774 -0.721163 -0.804075 -0.857404 0.983655 0.969300 0.938597 0.762551 0.462929 0.383490 0.290186 0.184384 0.082262 -0.180742 -0.394549 -0.474096 -0.623038 -0.737234 -0.819552 -0.888394 
49.878345 2630160.500000 86 88 88 0.894075 0.928801 0.905977 0.984251 0.971659 0.941997 0.857100 0.488716 0.364793 0.302404 0.204954 0.133457 -0.084063 -0.375950 -0.458499 -0.610523 -0.733942 -0.801386 -0.883010 0.985533 0.973239 0.942700 0.834387 0.430357 0.359713 0.287806 0.187375 0.107963 -0.144099 -0.389079 -0.463184 -0.611733 -0.746281 -0.809226 -0.868876 
47.785019 1303988.375000 88 90 90 0.861656 0.929752 0.920736 0.985047 0.973076 0.948528 0.882846 0.494750 0.336026 0.260168 0.183545 0.105850 -0.121170 -0.382784 -0.443948 -0.586218 -0.711803 -0.797839 -0.908203 0.985731 0.972679 0.944365 0.875529 0.480408 0.349587 0.280264 0.187971 0.107031 -0.100678 -0.366597 -0.452618 -0.603142 -0.734147 -0.772870 -0.909114 
46.461845 548247.125000 90 94 90 0.946003 0.875357 0.921196 0.986861 0.976016 0.959017 0.887568 0.446429 0.338448 0.258704 0.167913 0.106033 -0.044710 -0.417754 -0.468089 -0.592217 -0.668640 -0.830043 -0.954941 0.985861 0.975663 0.955060 0.906029 0.509648 0.355521 0.274969 0.183952 0.109188 -0.090725 -0.394821 -0.457399 -0.585466 -0.697175 -0.812644 -0.952289 
44.289852 171009.125000 90 98 78 0.932299 0.669402 0.702873 0.988321 0.979503 0.966176 0.878406 0.471578 0.387832 0.268975 0.195384 0.112293 -0.007233 -0.413301 -0.494651 -0.578189 -0.720162 -0.863689 -0.961798 0.985797 0.976124 0.959523 0.885257 0.439159 0.342697 0.259666 0.182506 0.121658 -0.012995 -0.410420 -0.473445 -0.582371 -0.677545 -0.823488 -0.947205 
42.484550 95158.335938 78 64 96 0.832012 0.787933 0.671755 0.991082 0.981850 0.968652 0.925277 0.564510 0.390066 0.279612 0.174996 0.093173 -0.059019 -0.380246 -0.507992 -0.654421 -0.748272 -0.874616 -0.965687 0.991521 0.980199 0.966768 0.909240 0.505587 0.395491 0.300123 0.184858 0.111245 -0.122883 -0.434058 -0.496013 -0.604628 -0.745883 -0.859587 -0.976025 
40.190605 71692.695312 96 72 96 0.643509 0.771529 0.553680 0.987246 0.979540 0.967781 0.928326 0.527602 0.362204 0.267648 0.164042 0.115178 -0.072464 -0.432078 -0.574458 -0.627742 -0.765880 -0.892330 -0.977425 0.991340 0.981958 0.960585 0.864202 0.551359 0.368088 0.284783 0.181105 0.110466 -0.031330 -0.402173 -0.506940 -0.658988 -0.769036 -0.911256 -0.973847 
36.432529 37850.839844 96 114 74 0.473273 0.738908 0.411209 0.993040 0.984701 0.963770 0.899177 0.597185 0.425909 0.272950 0.193236 0.089247 -0.144014 -0.425171 -0.541761 -0.661932 -0.793067 -0.918125 -0.972171 0.990517 0.979269 0.968005 0.895432 0.549120 0.392056 0.254189 0.188375 0.100291 -0.135171 -0.402398 -0.557098 -0.640082 -0.782072 -0.913699 -0.979021 
40.355064 21672.513672 62 76 144 0.805444 0.906017 0.722378 0.992875 0.986027 0.975241 0.920067 0.678255 0.484279 0.339377 0.229548 0.031643 -0.206042 -0.410075 -0.542754 -0.685465 -0.826248 -0.896601 -0.979833 0.992425 0.984455 0.970440 0.915687 0.674349 0.474282 0.319357 0.163255 0.076192 -0.206327 -0.384348 -0.560150 -0.634583 -0.790685 -0.909945 -0.970037 
36.876656 14790.025391 146 146 144 0.785166 0.936080 0.800136 0.991906 0.986184 0.969678 0.892109 0.666058 0.491322 0.361991 0.200897 0.064741 -0.247605 -0.434317 -0.536535 -0.689224 -0.818283 -0.927438 -0.975902 0.990845 0.984942 0.969428 0.894714 0.642412 0.514408 0.343303 0.211028 0.056974 -0.225593 -0.378923 -0.536460 -0.731460 -0.835712 -0.909340 -0.981274 
36.844971 13682.922852 140 136 136 0.878350 0.797436 0.905870 0.992527 0.986020 0.968653 0.905607 0.677437 0.543216 0.376826 0.161312 0.018808 -0.225095 -0.382811 -0.547002 -0.674386 -0.831060 -0.911506 -0.963225 0.992100 0.986047 0.965775 0.914988 0.667494 0.527720 0.357783 0.183376 0.078496 -0.234589 -0.426502 -0.555120 -0.714168 -0.802017 -0.911365 -0.972174 
34.912121 8189.975098 136 136 138 0.873844 0.813670 0.836547 0.994456 0.987987 0.967311 0.902591 0.683094 0.520332 0.364709 0.225499 -0.011021 -0.209914 -0.448315 -0.519075 -0.751792 -0.827266 -0.920513 -0.985132 0.993082 0.986824 0.964636 0.908216 0.695662 0.551388 0.364530 0.227963 0.040116 -0.200269 -0.433935 -0.558539 -0.710273 -0.825318 -0.912933 -0.977139 
36.674656 2020883.375000 66 74 144 0.596644 0.530318 0.298803 0.988853 0.958056 0.857204 0.579129 0.484242 0.333621 0.093637 -0.125344 -0.322531 -0.416594 -0.496270 -0.597427 -0.712614 -0.789677 -0.938670 -0.986015 0.994254 0.987634 0.952912 0.870247 0.689813 0.510171 0.349351 0.201418 0.018466 -0.238976 -0.412808 -0.578997 -0.696751 -0.830608 -0.916375 -0.971962 
53.591919 10833267.000000 124 122 212 0.253593 0.525961 0.394908 0.973643 0.941427 0.787502 0.548739 0.267141 0.181423 -0.100515 -0.300673 -0.376775 -0.527917 -0.615588 -0.667361 -0.722285 -0.840258 -0.930586 -0.975595 0.978602 0.948734 0.702241 0.532692 0.325660 0.196432 -0.077822 -0.279723 -0.375596 -0.450204 -0.574651 -0.658775 -0.735484 -0.792681 -0.949862 -0.984789 
55.212288 5319094.500000 208 230 34 0.372400 0.433105 0.485359 0.973006 0.926143 0.731266 0.587148 0.404126 0.173437 0.034901 -0.293382 -0.434949 -0.498089 -0.530321 -0.649870 -0.715098 -0.778212 -0.919584 -0.966720 0.981121 0.929409 0.774113 0.608337 0.306525 0.187558 -0.093669 -0.300557 -0.413304 -0.512297 -0.599888 -0.660125 -0.694678 -0.812157 -0.923598 -0.976375 
46.235954 988788.500000 166 52 88 0.269334 0.404961 0.399640 0.976767 0.934959 0.706988 0.573060 0.550647 0.207354 0.087198 -0.161134 -0.362041 -0.484483 -0.527296 -0.658297 -0.720174 -0.819331 -0.913764 -0.974484 0.975626 0.933884 0.656858 0.567345 0.474668 0.174159 0.083379 -0.249639 -0.411369 -0.495956 -0.536304 -0.683793 -0.718728 -0.776599 -0.907995 -0.981327 
31.580954 146356.156250 84 230 28 0.436814 0.294801 0.562986 0.978681 0.957509 0.852208 0.612586 0.546691 0.285021 0.108298 -0.096308 -0.386076 -0.449339 -0.577108 -0.653634 -0.701903 -0.819380 -0.920447 -0.970130 0.979015 0.953884 0.825450 0.607324 0.555320 0.318511 0.032077 -0.123699 -0.381363 -0.474890 -0.529667 -0.651415 -0.704564 -0.822970 -0.921169 -0.969006 
27.522587 65545.468750 52 116 88 0.466180 0.442754 0.477922 0.986471 0.963314 0.897107 0.740503 0.542122 0.420976 0.137861 -0.200188 -0.367468 -0.461893 -0.570568 -0.647857 -0.711991 -0.768378 -0.885936 -0.955726 0.980810 0.963396 0.884117 0.685598 0.556442 0.389244 0.132229 -0.089650 -0.361064 -0.427760 -0.590332 -0.648655 -0.698233 -0.797336 -0.893411 -0.960843 
23.967651 36866.550781 40 228 50 0.426264 0.386812 0.523779 0.976324 0.953791 0.896231 0.768868 0.553372 0.410155 0.232309 -0.136971 -0.370599 -0.450484 -0.543265 -0.628112 -0.675801 -0.771769 -0.854543 -0.953374 0.982352 0.957446 0.900715 0.777673 0.578674 0.411769 0.186611 -0.132033 -0.362737 -0.454281 -0.547727 -0.635067 -0.693641 -0.771559 -0.914103 -0.952702 
22.827759 26094.515625 84 86 86 0.519407 0.652847 0.427064 0.983893 0.964353 0.901013 0.753257 0.558260 0.451407 0.272238 -0.028691 -0.275673 -0.444493 -0.546442 -0.613403 -0.684364 -0.714736 -0.862276 -0.966067 0.984893 0.959406 0.914343 0.765952 0.551245 0.427796 0.251757 -0.074272 -0.308364 -0.462196 -0.535084 -0.627573 -0.700719 -0.753022 -0.868127 -0.950912 
20.531857 25247.353516 206 206 208 0.475890 0.479871 0.454753 0.983470 0.962649 0.876371 0.764448 0.596189 0.432026 0.204805 0.000119 -0.262678 -0.403176 -0.533932 -0.648454 -0.694476 -0.744709 -0.876117 -0.965645 0.981970 0.968100 0.879436 0.756763 0.572737 0.443459 0.225473 -0.108064 -0.298825 -0.411839 -0.531720 -0.619061 -0.690666 -0.727490 -0.888052 -0.960434 
32.474915 913265.812500 52 168 50 0.509606 0.463358 0.908184 0.979942 0.964312 0.899100 0.663486 0.619008 0.480382 0.235375 0.151326 -0.190449 -0.396967 -0.446663 -0.589260 -0.700160 -0.892568 -0.935915 -0.983574 0.971985 0.937698 0.803943 0.643286 0.594107 0.406987 0.224803 0.122009 -0.169719 -0.405791 -0.471821 -0.615700 -0.698203 -0.887720 -0.945158 -0.986178 
52.715660 2869529.250000 48 62 64 0.728566 0.916056 0.943942 0.974885 0.957960 0.940607 0.855815 0.649809 0.618777 0.467822 0.267915 0.201606 -0.155993 -0.380051 -0.419921 -0.592491 -0.726928 -0.913447 -0.944097 0.980533 0.963619 0.943929 0.871528 0.647778 0.613069 0.439249 0.247661 0.185856 -0.286590 -0.414839 -0.557782 -0.649011 -0.818046 -0.936393 -0.959287 
57.144642 5877390.500000 64 64 64 0.938959 0.963564 0.939339 0.971920 0.955525 0.933110 0.847816 0.654176 0.613972 0.431480 0.271746 0.205448 -0.090823 -0.342948 -0.402007 -0.527389 -0.651144 -0.827345 -0.943594 0.971255 0.956115 0.934778 0.848093 0.649556 0.614486 0.438880 0.276020 0.206715 -0.066917 -0.340491 -0.398185 -0.492509 -0.677421 -0.872995 -0.949164 
58.255280 15696254.000000 66 66 66 0.944221 0.943296 0.969875 0.970806 0.954094 0.926826 0.818371 0.649635 0.609579 0.377570 0.270678 0.177916 -0.147997 -0.354181 -0.409377 -0.568862 -0.739602 -0.826618 -0.896318 0.971277 0.954542 0.929235 0.832017 0.649570 0.613102 0.400047 0.281288 0.197141 -0.138008 -0.350712 -0.408410 -0.561974 -0.709506 -0.808164 -0.925848 
58.243324 29502246.000000 66 66 68 0.979563 0.957974 0.712776 0.973030 0.958865 0.927444 0.771725 0.648351 0.591374 0.299309 0.248447 0.015751 -0.274139 -0.382313 -0.467409 -0.588659 -0.693889 -0.861768 -0.958417 0.970834 0.954529 0.923401 0.786516 0.644673 0.598477 0.321764 0.250359 0.068707 -0.278721 -0.388044 -0.483879 -0.684195 -0.759188 -0.894115 -0.956500 
50.791035 9204871.000000 68 64 64 0.824746 0.823037 0.869390 0.980604 0.964245 0.928634 0.748620 0.647438 0.586612 0.332287 0.259819 0.029099 -0.173604 -0.338985 -0.484418 -0.585038 -0.653482 -0.894461 -0.960303 0.982291 0.965939 0.937278 0.776272 0.654320 0.560356 0.292647 0.248258 -0.045677 -0.260249 -0.376490 -0.457245 -0.576310 -0.717656 -0.921809 -0.964572 
60.038296 28886642.000000 64 64 66 0.934458 0.981073 0.983451 0.974179 0.960206 0.931928 0.737721 0.638391 0.596361 0.338275 0.294354 0.088173 -0.116503 -0.254526 -0.470017 -0.543130 -0.596267 -0.736072 -0.926391 0.974463 0.959181 0.927692 0.724747 0.634251 0.587047 0.330108 0.275669 0.074104 -0.126966 -0.275810 -0.452282 -0.549505 -0.594918 -0.742952 -0.941567 
55.751915 1977461.500000 66 70 72 0.975585 0.627263 0.836298 0.982363 0.969835 0.942029 0.749731 0.667612 0.614033 0.352083 0.292161 0.001211 -0.151570 -0.263325 -0.457932 -0.537053 -0.635564 -0.834249 -0.946932 0.976777 0.963608 0.934920 0.744575 0.654459 0.603478 0.348199 0.303244 0.062978 -0.132319 -0.255234 -0.446333 -0.530786 -0.594629 -0.744016 -0.929331 
44.249443 482864.468750 72 72 72 0.799745 0.814367 0.818449 0.989757 0.979841 0.934314 0.776235 0.656114 0.615960 0.393880 0.305860 0.093794 -0.163485 -0.348092 -0.500564 -0.575438 -0.702268 -0.877059 -0.952634 0.989355 0.980583 0.931208 0.756667 0.650671 0.617179 0.353038 0.289909 -0.013921 -0.139677 -0.268304 -0.490185 -0.566871 -0.695782 -0.846113 -0.951499 
46.055763 409662.687500 72 72 72 0.836107 0.885900 0.812120 0.989105 0.979455 0.951033 0.790644 0.649345 0.619979 0.375563 0.305605 0.040578 -0.106978 -0.277216 -0.487491 -0.565607 -0.711718 -0.881329 -0.964976 0.988509 0.979704 0.954397 0.822106 0.645134 0.591044 0.365642 0.296873 0.045489 -0.122236 -0.306391 -0.503380 -0.585911 -0.731255 -0.855945 -0.961916 
46.798393 201468.515625 72 72 74 0.831984 0.831555 0.879646 0.989167 0.982068 0.960392 0.861677 0.664976 0.617157 0.388792 0.289310 0.050330 -0.138744 -0.238738 -0.501844 -0.594208 -0.751873 -0.901446 -0.976774 0.989530 0.980064 0.954008 0.821696 0.653343 0.630894 0.418888 0.290641 0.111562 -0.135255 -0.259626 -0.467724 -0.574156 -0.704681 -0.873813 -0.957567 
46.195568 100045.226562 74 74 74 0.899674 0.848915 0.648715 0.990967 0.981243 0.959414 0.906532 0.677434 0.640710 0.488947 0.313441 0.086970 -0.130179 -0.325020 -0.510791 -0.643939 -0.809445 -0.908158 -0.970451 0.990114 0.982953 0.958834 0.869231 0.688046 0.640724 0.409118 0.321358 0.067598 -0.126811 -0.266549 -0.518097 -0.609441 -0.801843 -0.909234 -0.964334 
42.408623 62518.750000 74 80 82 0.626590 0.862952 0.909794 0.994347 0.984721 0.961414 0.844227 0.658642 0.643682 0.449488 0.302464 0.120265 -0.163958 -0.402967 -0.542200 -0.687691 -0.795596 -0.929259 -0.975221 0.992473 0.981452 0.960122 0.891719 0.653585 0.640041 0.494932 0.320436 0.054948 -0.150564 -0.352553 -0.536070 -0.635080 -0.777844 -0.907286 -0.965627 
39.684330 31360.878906 82 80 88 0.880909 0.766710 0.817404 0.994594 0.985655 0.958434 0.809484 0.664733 0.645550 0.466513 0.246675 0.026273 -0.176368 -0.356789 -0.523894 -0.707880 -0.823224 -0.901446 -0.980639 0.993599 0.985879 0.967616 0.820948 0.677518 0.639800 0.495392 0.295338 0.018018 -0.183518 -0.352544 -0.542323 -0.668176 -0.796095 -0.901713 -0.974458 
39.190746 249180.390625 88 154 44 0.865625 0.407015 0.398298 0.971785 0.955395 0.901065 0.876230 0.780507 0.653156 0.462258 0.211592 -0.179309 -0.445452 -0.498508 -0.565147 -0.632778 -0.699008 -0.839357 -0.991787 0.993249 0.978951 0.957065 0.885592 0.657451 0.645675 0.417670 0.262349 0.045552 -0.165426 -0.351495 -0.486927 -0.746825 -0.846158 -0.922410 -0.975745 
51.339272 1362902.500000 44 62 60 0.450678 0.423035 0.880081 0.982874 0.973665 0.937774 0.877665 0.853506 0.716284 0.217667 0.132225 -0.118711 -0.376151 -0.431045 -0.564243 -0.616523 -0.687034 -0.936374 -0.981335 0.963326 0.951847 0.895172 0.870624 0.781613 0.673071 0.442438 0.172993 -0.368245 -0.457384 -0.512583 -0.580781 -0.626827 -0.708142 -0.938616 -0.988988 
62.337437 7432778.000000 60 64 62 0.817197 0.950711 0.969888 0.980616 0.971842 0.933798 0.890974 0.856549 0.715314 0.188952 0.083718 0.007589 -0.237444 -0.332506 -0.447345 -0.577382 -0.642621 -0.803945 -0.974307 0.981543 0.974407 0.940262 0.892058 0.859042 0.738998 0.171605 0.101820 -0.042979 -0.277084 -0.372632 -0.427814 -0.575736 -0.691745 -0.846056 -0.974404 
61.536812 4676442.500000 62 62 58 0.973232 0.965628 0.964791 0.980330 0.971346 0.939163 0.901149 0.860247 0.712117 0.137829 0.078352 -0.070383 -0.180610 -0.327714 -0.497103 -0.627242 -0.747040 -0.782332 -0.949916 0.980828 0.970292 0.939102 0.893192 0.864824 0.739211 0.154840 0.072081 -0.011984 -0.189226 -0.311087 -0.499474 -0.630182 -0.712555 -0.788516 -0.958805 
61.386295 4873539.000000 58 58 58 0.948490 0.967640 0.929922 0.979593 0.972384 0.943965 0.909701 0.857760 0.668780 0.100115 0.028677 -0.074975 -0.237011 -0.331635 -0.487970 -0.604631 -0.764635 -0.814054 -0.936319 0.979641 0.971558 0.940320 0.902260 0.857798 0.677984 0.100082 0.052750 -0.085556 -0.203611 -0.321657 -0.513394 -0.622018 -0.770720 -0.798312 -0.935957 
61.758228 5082726.500000 56 56 54 0.942453 0.957305 0.973617 0.978723 0.972270 0.946129 0.912621 0.845031 0.645620 0.108166 -0.003419 -0.099791 -0.245574 -0.305371 -0.518478 -0.597332 -0.755452 -0.805862 -0.929655 0.978735 0.972192 0.943082 0.907822 0.850132 0.670831 0.101443 0.013416 -0.076674 -0.229554 -0.326834 -0.499830 -0.591890 -0.743163 -0.805894 -0.942861 
62.825970 4038594.250000 54 54 50 0.959912 0.945657 0.968766 0.978017 0.970928 0.955253 0.921428 0.861843 0.605911 0.122362 -0.028297 -0.127636 -0.258796 -0.326394 -0.517619 -0.599187 -0.742572 -0.823589 -0.950719 0.978047 0.971540 0.950878 0.913332 0.862080 0.632450 0.101622 -0.007621 -0.133133 -0.264343 -0.332506 -0.511246 -0.600018 -0.750695 -0.808814 -0.928351 
63.271793 1929877.625000 52 50 48 0.943237 0.980980 0.988043 0.978588 0.969386 0.958435 0.934557 0.878138 0.635866 0.146983 -0.049993 -0.122922 -0.244240 -0.343531 -0.519515 -0.598618 -0.706587 -0.838151 -0.967239 0.978134 0.969601 0.957549 0.922518 0.858318 0.638328 0.147795 -0.029358 -0.083984 -0.263353 -0.333669 -0.512198 -0.604505 -0.723918 -0.823922 -0.960412 
60.950264 2197288.500000 48 48 46 0.972521 0.973379 0.985736 0.979418 0.966840 0.952985 0.922035 0.875888 0.646965 0.152509 -0.050525 -0.154527 -0.287598 -0.313876 -0.502728 -0.612550 -0.703210 -0.779702 -0.960736 0.977956 0.967741 0.955227 0.926691 0.882708 0.654040 0.159031 -0.048599 -0.175824 -0.261985 -0.310941 -0.515241 -0.602836 -0.691800 -0.829719 -0.966359 
58.843681 2223963.750000 46 46 46 0.978564 0.985963 0.959703 0.982025 0.965959 0.950064 0.915486 0.880557 0.659398 0.028312 -0.078696 -0.124625 -0.284759 -0.365539 -0.524463 -0.595960 -0.670274 -0.720395 -0.941242 0.980358 0.966205 0.950810 0.919065 0.876935 0.639744 0.129691 -0.062832 -0.115885 -0.299205 -0.344309 -0.509175 -0.602557 -0.681780 -0.749379 -0.956908 
55.997501 1804497.750000 46 44 44 0.958628 0.943868 0.955655 0.986309 0.969253 0.944099 0.910301 0.870107 0.675007 0.006379 -0.088541 -0.173456 -0.256313 -0.367103 -0.502124 -0.590081 -0.629873 -0.676509 -0.951886 0.983929 0.966828 0.948588 0.911895 0.877181 0.667805 -0.012547 -0.091452 -0.155526 -0.269573 -0.366682 -0.522897 -0.599741 -0.638111 -0.703584 -0.938266 
51.778336 439969.375000 44 44 48 0.951187 0.910274 0.766183 0.989602 0.977326 0.946977 0.906365 0.841380 0.684070 0.228802 0.009774 -0.110009 -0.213480 -0.320658 -0.431279 -0.550852 -0.671737 -0.847550 -0.968224 0.987552 0.972305 0.944473 0.910223 0.862469 0.696851 0.069462 -0.057908 -0.166751 -0.237403 -0.356388 -0.469086 -0.549938 -0.625036 -0.721433 -0.962776 
42.226257 55754.613281 46 46 46 0.744072 0.902116 0.682558 0.989408 0.977147 0.943979 0.903449 0.834419 0.640147 0.237879 -0.045469 -0.107177 -0.200475 -0.342701 -0.498451 -0.608002 -0.676187 -0.862672 -0.964374 0.990399 0.979459 0.946490 0.906633 0.850977 0.658768 0.259760 -0.018324 -0.098996 -0.167651 -0.358781 -0.472714 -0.595055 -0.699385 -0.866445 -0.968439 
39.395496 1535385.875000 48 48 50 0.526347 0.887756 0.687601 0.978427 0.947689 0.871342 0.747902 0.650694 0.582577 0.472359 0.334555 0.059975 -0.218204 -0.381437 -0.554332 -0.633918 -0.822816 -0.956284 -0.974858 0.978317 0.962884 0.917764 0.825949 0.688949 0.585738 0.479126 0.265361 -0.083908 -0.206515 -0.352739 -0.483996 -0.600352 -0.653779 -0.884903 -0.969520 
32.398823 430395.343750 42 46 48 0.551117 0.711205 0.643923 0.982599 0.962389 0.901896 0.770337 0.636007 0.453292 0.315830 0.170453 -0.171889 -0.337240 -0.460694 -0.578821 -0.734039 -0.891119 -0.948934 -0.988838 0.983264 0.955840 0.889060 0.758259 0.622991 0.551826 0.399593 0.123774 -0.205105 -0.289534 -0.468811 -0.560507 -0.711338 -0.895057 -0.963769 -0.980552 
33.912369 262179.406250 48 52 48 0.782699 0.268012 0.787816 0.990241 0.979813 0.901990 0.801945 0.650520 0.576895 0.442944 0.111726 -0.098578 -0.311636 -0.491560 -0.562135 -0.721172 -0.906203 -0.968042 -0.982743 0.979999 0.958987 0.868152 0.747510 0.626882 0.502392 0.355740 0.134624 -0.176753 -0.345264 -0.524903 -0.620596 -0.737575 -0.915475 -0.970805 -0.989967 
48.343662 215224.078125 46 54 54 0.696808 0.924477 0.963118 0.987816 0.975478 0.957587 0.864793 0.808022 0.704512 0.568756 0.345596 0.094453 -0.153694 -0.401964 -0.548438 -0.686492 -0.824645 -0.942794 -0.987900 0.989869 0.979866 0.926875 0.846511 0.765552 0.618106 0.550584 0.320677 0.084505 -0.206512 -0.428204 -0.552778 -0.659459 -0.849848 -0.955746 -0.977004 
55.477020 378382.875000 54 54 54 0.942998 0.977670 0.964848 0.984200 0.974106 0.957297 0.897203 0.816190 0.763503 0.615449 0.309083 0.086062 -0.132429 -0.338072 -0.526637 -0.681212 -0.821849 -0.916552 -0.978059 0.986623 0.974682 0.959395 0.895516 0.819608 0.759766 0.628329 0.381911 0.081926 -0.148495 -0.353200 -0.541254 -0.657054 -0.818598 -0.927782 -0.979394 
60.490856 610029.062500 54 56 56 0.977349 0.985434 0.985448 0.980520 0.973612 0.956776 0.879467 0.832199 0.764898 0.667157 0.444037 0.072850 -0.114522 -0.358332 -0.523156 -0.671541 -0.811568 -0.917935 -0.979581 0.982426 0.973667 0.958716 0.894279 0.822091 0.768178 0.652449 0.352806 0.082557 -0.128244 -0.340838 -0.530400 -0.672354 -0.819810 -0.918702 -0.978176 
62.509659 2865400.750000 56 56 58 0.984920 0.926287 0.948112 0.978167 0.970273 0.933996 0.881308 0.796232 0.669226 0.599885 0.477748 0.137468 -0.079863 -0.291526 -0.532991 -0.596987 -0.761671 -0.907070 -0.977045 0.978545 0.972727 0.945209 0.872748 0.829751 0.727557 0.667232 0.543474 0.098203 -0.111478 -0.376014 -0.550528 -0.623115 -0.796787 -0.915073 -0.978020 
60.515015 5737188.000000 58 60 62 0.967525 0.947921 0.933933 0.976939 0.957878 0.926812 0.868899 0.804569 0.626277 0.406512 0.346108 0.157628 -0.075455 -0.154290 -0.431401 -0.601815 -0.639399 -0.846785 -0.971018 0.976725 0.963141 0.928849 0.872471 0.803151 0.628997 0.473157 0.388647 0.141584 -0.081151 -0.170943 -0.483257 -0.597748 -0.647768 -0.874403 -0.973159 
53.705868 590883.437500 60 62 64 0.855971 0.758352 0.678214 0.988642 0.963793 0.934834 0.874885 0.817611 0.671861 0.365690 0.261035 0.188612 -0.081548 -0.190981 -0.438602 -0.593527 -0.739849 -0.905132 -0.972175 0.983336 0.961107 0.930839 0.890049 0.806840 0.649159 0.377454 0.321904 0.202128 -0.079675 -0.164235 -0.474194 -0.618488 -0.688919 -0.888083 -0.972646 
40.784309 1328410.125000 64 62 56 0.758987 0.376816 0.599951 0.988172 0.948162 0.892166 0.810340 0.639845 0.529303 0.254361 0.154659 -0.054055 -0.235712 -0.309023 -0.541978 -0.684031 -0.827215 -0.924602 -0.972377 0.988379 0.960248 0.921659 0.869547 0.727182 0.569830 0.400271 0.243413 0.160094 -0.091348 -0.240353 -0.471828 -0.616012 -0.735769 -0.897608 -0.970545 
39.345966 6014374.500000 56 60 58 0.767392 0.446764 0.556109 0.972715 0.936362 0.860304 0.762238 0.618098 0.449975 0.271165 0.102567 -0.122264 -0.300231 -0.438920 -0.595204 -0.752320 -0.875313 -0.932135 -0.982246 0.973263 0.930704 0.872372 0.763876 0.639881 0.541390 0.213847 0.063154 -0.117856 -0.261717 -0.421657 -0.583154 -0.729472 -0.836933 -0.934984 -0.981553 
37.239948 3204344.000000 58 40 46 0.601416 0.435740 0.704999 0.958665 0.931914 0.852374 0.754886 0.632077 0.500361 0.220790 0.002023 -0.138280 -0.312857 -0.499412 -0.603223 -0.770528 -0.877141 -0.937850 -0.979172 0.965603 0.930973 0.850055 0.715608 0.635548 0.472307 0.268357 0.089881 -0.169083 -0.323120 -0.452871 -0.591354 -0.729059 -0.884084 -0.935175 -0.980783 
32.343830 962509.875000 46 58 58 0.463801 0.620946 0.450574 0.970647 0.934209 0.835685 0.751640 0.583077 0.422532 0.228116 0.006134 -0.210819 -0.403249 -0.521612 -0.631733 -0.784497 -0.880577 -0.949753 -0.978674 0.962809 0.917931 0.852622 0.748974 0.604101 0.469350 0.195775 0.007415 -0.199894 -0.339501 -0.506055 -0.617466 -0.798058 -0.893701 -0.948646 -0.983904 
27.803080 238367.546875 56 58 174 0.374243 0.676160 0.592898 0.982046 0.932165 0.860789 0.784232 0.633369 0.508159 0.305365 0.049260 -0.269511 -0.405466 -0.536436 -0.652897 -0.788829 -0.869530 -0.950671 -0.985638 0.982935 0.937610 0.865101 0.796874 0.617479 0.468977 0.258777 0.000382 -0.260054 -0.413837 -0.511156 -0.662686 -0.785286 -0.885227 -0.953330 -0.977907 
24.290222 67167.859375 58 58 78 0.508885 0.513197 0.643709 0.977114 0.953983 0.901380 0.828614 0.679944 0.509737 0.320183 0.074996 -0.203512 -0.452596 -0.525632 -0.680090 -0.811954 -0.879041 -0.951060 -0.981747 0.970163 0.940674 0.884711 0.824832 0.630798 0.483006 0.281628 0.111938 -0.311307 -0.431799 -0.501353 -0.646204 -0.791986 -0.867910 -0.953896 -0.988598 
22.167973 20578.488281 78 82 52 0.666142 0.314993 0.526622 0.984376 0.959352 0.888151 0.820406 0.672599 0.529383 0.340776 0.180705 -0.145133 -0.315130 -0.476152 -0.603185 -0.737593 -0.888557 -0.939011 -0.988768 0.979002 0.956815 0.920281 0.842692 0.708484 0.508825 0.338693 0.103612 -0.191567 -0.367909 -0.504860 -0.654077 -0.805845 -0.890638 -0.947596 -0.978558 
27.873837 752911.812500 50 58 140 0.422982 0.593819 0.368183 0.971565 0.956006 0.855928 0.676414 0.565979 0.345734 0.128909 -0.008991 -0.211844 -0.351092 -0.476065 -0.605801 -0.743512 -0.886440 -0.949738 -0.977626 0.983296 0.963149 0.903084 0.784279 0.583766 0.429234 0.241605 0.052153 -0.113607 -0.359714 -0.474738 -0.597987 -0.728244 -0.862742 -0.943802 -0.978703 
50.750923 5714087.500000 54 40 44 0.685351 0.371779 0.749091 0.980401 0.949253 0.914934 0.883556 0.771076 0.642987 0.333610 0.161486 -0.002749 -0.230979 -0.352041 -0.531450 -0.665393 -0.845731 -0.923251 -0.971426 0.972594 0.948457 0.747311 0.627975 0.587383 0.349076 0.197237 -0.010767 -0.256553 -0.359322 -0.476165 -0.628523 -0.742285 -0.874386 -0.928483 -0.980494 
63.104595 43402980.000000 44 50 50 0.688533 0.953671 0.933302 0.969077 0.935729 0.898317 0.855895 0.800424 0.627061 0.310194 0.180636 0.086478 -0.177145 -0.223913 -0.395304 -0.553825 -0.747483 -0.921615 -0.970338 0.974504 0.937940 0.911474 0.868168 0.790313 0.640547 0.327297 0.183826 0.089000 -0.159371 -0.228710 -0.369325 -0.558214 -0.795779 -0.904012 -0.968368 
63.247917 36860356.000000 50 48 48 0.955038 0.983445 0.938992 0.970087 0.932306 0.878496 0.853902 0.796107 0.620496 0.342480 0.181886 0.099715 -0.189212 -0.251196 -0.364467 -0.534071 -0.736685 -0.936748 -0.978352 0.970369 0.932356 0.884859 0.853904 0.795958 0.627067 0.320467 0.178237 0.101982 -0.186383 -0.234220 -0.375784 -0.536743 -0.789497 -0.929392 -0.977744 
59.891975 20005438.000000 48 46 46 0.967408 0.974235 0.975257 0.976412 0.946391 0.871906 0.841774 0.773147 0.653968 0.371412 0.199934 0.099373 -0.109146 -0.265827 -0.367682 -0.526242 -0.767533 -0.947204 -0.971020 0.973332 0.937456 0.872783 0.848245 0.783944 0.635923 0.351866 0.202180 0.098502 -0.149166 -0.276415 -0.356533 -0.544934 -0.797489 -0.944521 -0.972727 
57.062931 9147322.000000 46 44 44 0.974841 0.955200 0.969787 0.982125 0.953064 0.874913 0.831457 0.754259 0.678345 0.416488 0.212152 0.105200 -0.060041 -0.232822 -0.295905 -0.467525 -0.669822 -0.928581 -0.962594 0.977918 0.948026 0.873990 0.839414 0.763958 0.666053 0.399308 0.192301 0.100114 -0.088590 -0.229826 -0.331372 -0.509618 -0.695269 -0.938158 -0.969719 
55.271488 6577441.500000 44 44 44 0.965278 0.977296 0.931449 0.982448 0.954981 0.870739 0.813062 0.732579 0.677898 0.467381 0.254361 0.118885 -0.028540 -0.219008 -0.292703 -0.427845 -0.633293 -0.905013 -0.964065 0.983769 0.955378 0.878619 0.821677 0.742036 0.689401 0.434617 0.257127 0.102262 -0.037858 -0.224330 -0.281991 -0.427397 -0.650796 -0.903437 -0.967512 
55.720741 9223180.000000 44 46 46 0.951432 0.945628 0.973154 0.980309 0.954706 0.888512 0.806651 0.675472 0.645202 0.431315 0.270425 0.123053 0.024221 -0.183577 -0.312756 -0.434274 -0.681730 -0.864260 -0.968077 0.980905 0.952766 0.873103 0.832150 0.707880 0.659156 0.482670 0.257710 0.140549 -0.007169 -0.196803 -0.296621 -0.411297 -0.652717 -0.880551 -0.967800 
55.376968 8202553.500000 46 46 48 0.974998 0.948660 0.971530 0.980778 0.961382 0.925888 0.809563 0.613257 0.517392 0.396299 0.265567 0.138034 0.051147 -0.180104 -0.264262 -0.419798 -0.715712 -0.802394 -0.949409 0.979834 0.961012 0.914758 0.768609 0.654249 0.580389 0.416679 0.270105 0.138629 0.043493 -0.157344 -0.277500 -0.383086 -0.655628 -0.822816 -0.959144 
55.235939 8311780.000000 48 48 50 0.976208 0.938937 0.944422 0.983871 0.965883 0.920589 0.851410 0.629312 0.414449 0.364593 0.212533 0.144536 -0.032100 -0.238724 -0.353464 -0.476449 -0.649412 -0.778698 -0.943910 0.982544 0.962492 0.919999 0.839436 0.619994 0.459839 0.383564 0.242758 0.145828 0.029116 -0.224476 -0.292388 -0.476075 -0.670778 -0.770694 -0.940662 
53.497383 6759486.500000 50 50 54 0.943145 0.854977 0.884462 0.985282 0.969660 0.927868 0.836981 0.635829 0.401686 0.332079 0.218672 0.137006 -0.065810 -0.309989 -0.399954 -0.525018 -0.635300 -0.708367 -0.929961 0.983448 0.966560 0.921039 0.853132 0.624717 0.401708 0.330733 0.218550 0.135796 -0.035086 -0.261651 -0.389861 -0.484481 -0.661912 -0.745217 -0.928693 
53.610062 4896591.500000 54 56 62 0.859549 0.943465 0.828669 0.985908 0.973768 0.930813 0.839373 0.603517 0.400966 0.346539 0.202139 0.116204 -0.067215 -0.262732 -0.398521 -0.482396 -0.593969 -0.709939 -0.949767 0.986453 0.972600 0.931040 0.829437 0.636721 0.397107 0.330228 0.215395 0.132098 -0.079879 -0.313666 -0.409326 -0.528397 -0.604487 -0.703678 -0.943471 
50.536873 567462.875000 60 62 68 0.815297 0.837475 0.904501 0.989016 0.977763 0.946988 0.858762 0.748940 0.589746 0.434518 0.247017 0.146787 0.028190 -0.304901 -0.408392 -0.507916 -0.687037 -0.877537 -0.969812 0.987718 0.975873 0.938277 0.849481 0.702351 0.518926 0.366918 0.247368 0.118956 -0.006963 -0.225985 -0.386310 -0.468073 -0.617304 -0.850555 -0.966202 
51.062130 2266794.500000 68 74 72 0.915547 0.861940 0.816483 0.987775 0.975791 0.942883 0.798499 0.600635 0.520124 0.354955 0.296134 0.095930 -0.009940 -0.236442 -0.401924 -0.485137 -0.620690 -0.836991 -0.958734 0.989151 0.978795 0.948928 0.865087 0.723179 0.556004 0.421750 0.224503 0.146178 -0.000483 -0.300368 -0.402971 -0.459642 -0.732124 -0.875413 -0.967680 
53.586281 4223834.500000 74 82 84 0.856400 0.893429 0.888502 0.982574 0.969793 0.923116 0.742799 0.633661 0.582648 0.405584 0.360521 0.137378 -0.039888 -0.115752 -0.487635 -0.615851 -0.663236 -0.743606 -0.948826 0.983012 0.971093 0.935140 0.723248 0.602916 0.536497 0.367651 0.324343 0.087768 -0.028687 -0.162306 -0.439209 -0.572267 -0.623139 -0.728412 -0.956975 
52.078823 825921.062500 86 90 92 0.902043 0.829856 0.853364 0.982257 0.965885 0.938364 0.848645 0.693871 0.652555 0.502206 0.411138 0.225848 0.017019 -0.141318 -0.487991 -0.666075 -0.699779 -0.860818 -0.967763 0.983975 0.969546 0.934180 0.799582 0.661049 0.628311 0.463506 0.404255 0.138343 -0.021629 -0.093908 -0.476311 -0.658364 -0.688474 -0.811060 -0.962473 
52.218014 587273.875000 94 96 96 0.950705 0.945162 0.919942 0.979432 0.962533 0.934498 0.846908 0.722133 0.658853 0.578633 0.460073 0.207651 0.041278 -0.078144 -0.349001 -0.644233 -0.760961 -0.882471 -0.978360 0.980178 0.963890 0.939282 0.857237 0.710217 0.662118 0.552657 0.429448 0.224009 0.044390 -0.094584 -0.446471 -0.661387 -0.729742 -0.899563 -0.973423 
50.182045 451167.687500 98 98 98 0.942806 0.968220 0.933496 0.979721 0.961501 0.931186 0.822311 0.726136 0.654588 0.588349 0.487983 0.179893 -0.026380 -0.062295 -0.401487 -0.705658 -0.756704 -0.860533 -0.970139 0.979263 0.962302 0.931060 0.828679 0.720341 0.651082 0.583979 0.484402 0.223800 -0.009184 -0.061812 -0.385745 -0.684967 -0.758082 -0.872758 -0.973273 
48.346466 223697.984375 96 96 98 0.864722 0.786941 0.439248 0.984834 0.965791 0.940285 0.841127 0.719326 0.650977 0.592025 0.458446 0.180779 -0.017436 -0.152711 -0.457421 -0.697336 -0.790615 -0.903589 -0.968129 0.982558 0.963963 0.934741 0.831960 0.724370 0.662790 0.599051 0.509584 0.194829 -0.027856 -0.091542 -0.400602 -0.694337 -0.775739 -0.885175 -0.975033 
44.219849 128698.257812 74 72 98 0.852212 0.729649 0.669838 0.985843 0.969733 0.942163 0.806984 0.715733 0.669023 0.606144 0.499649 0.163511 -0.052112 -0.258351 -0.508919 -0.663048 -0.797166 -0.897407 -0.973128 0.985498 0.968249 0.942445 0.849046 0.737754 0.691093 0.569606 0.449158 0.187400 -0.018374 -0.249021 -0.508545 -0.675803 -0.794777 -0.907937 -0.973451 
39.423950 35831.046875 168 170 74 0.878033 0.676347 0.763127 0.989039 0.970762 0.942087 0.801444 0.713779 0.648720 0.590648 0.473075 0.013390 -0.114747 -0.297649 -0.435170 -0.732173 -0.821040 -0.912288 -0.970236 0.989992 0.970001 0.943165 0.833090 0.727341 0.671782 0.611081 0.508675 0.142157 -0.047203 -0.335961 -0.505870 -0.667882 -0.798316 -0.904364 -0.973353 
31.686689 25639.113281 74 82 78 0.775677 0.689650 0.473246 0.992682 0.970876 0.895779 0.736140 0.680470 0.627738 0.557911 0.320071 0.027966 -0.155412 -0.336655 -0.541278 -0.697822 -0.832333 -0.922375 -0.967886 0.993075 0.975916 0.922937 0.772286 0.711085 0.627691 0.578176 0.387645 0.050419 -0.141007 -0.291168 -0.564747 -0.691132 -0.817706 -0.902299 -0.972918 
26.404209 13299.416992 78 88 86 0.430598 0.468721 0.707571 0.981970 0.966138 0.843686 0.709115 0.675988 0.605730 0.525497 0.300518 0.018077 -0.172543 -0.415801 -0.564063 -0.700131 -0.820255 -0.915864 -0.979737 0.989022 0.966986 0.789151 0.716730 0.673875 0.606474 0.555350 0.347586 0.021060 -0.140526 -0.348708 -0.563038 -0.702210 -0.829410 -0.931219 -0.972785 
20.827721 9152.072266 86 54 60 0.618342 0.474070 0.714357 0.982151 0.963841 0.896382 0.761668 0.697608 0.632227 0.442445 0.264971 0.033313 -0.251122 -0.378523 -0.520588 -0.723414 -0.818032 -0.900744 -0.956246 0.983920 0.965013 0.875825 0.724322 0.672661 0.609481 0.467463 0.241715 0.061703 -0.179101 -0.399980 -0.534070 -0.703349 -0.839498 -0.929386 -0.971260 
17.534525 6467.440918 58 42 174 0.748221 0.350254 0.370968 0.978096 0.956610 0.898983 0.791373 0.677890 0.599536 0.402771 0.218727 0.032646 -0.222381 -0.407057 -0.574969 -0.739742 -0.837531 -0.926441 -0.969430 0.981137 0.956471 0.903126 0.765219 0.663563 0.571761 0.411078 0.247994 -0.002578 -0.239255 -0.410055 -0.576538 -0.692546 -0.824909 -0.919811 -0.972091 
18.204910 16893.179688 96 92 56 0.554279 0.378317 0.552598 0.988033 0.962896 0.883981 0.789487 0.634536 0.528002 0.347304 0.129785 -0.196038 -0.334701 -0.548042 -0.639615 -0.676700 -0.744872 -0.898952 -0.969070 0.986840 0.956900 0.894806 0.755094 0.652211 0.512617 0.314054 0.192695 -0.090612 -0.245507 -0.455693 -0.626213 -0.679746 -0.770268 -0.909036 -0.977010 
17.565134 7548.277344 56 150 38 0.537227 0.463066 0.824050 0.986465 0.956419 0.911449 0.772565 0.664709 0.572961 0.339590 0.219091 0.039169 -0.221494 -0.401862 -0.585528 -0.696563 -0.820670 -0.920023 -0.974574 0.986779 0.960191 0.919232 0.753262 0.638353 0.563208 0.402513 0.206879 -0.025836 -0.235209 -0.451137 -0.634735 -0.691738 -0.827239 -0.923204 -0.972716 
