35.633530 8052.227539 20 172 62 0.000000 0.718166 0.560877 0.991011 0.978974 0.952186 0.930209 0.863306 0.661866 0.451878 0.248338 0.040686 -0.172678 -0.364779 -0.521605 -0.695791 -0.826928 -0.921539 -0.979214 0.988766 0.972225 0.932344 0.828365 0.645421 0.515181 0.351902 0.103544 -0.057114 -0.266419 -0.424230 -0.556206 -0.730326 -0.864723 -0.920198 -0.970944 
52.714821 207448.609375 64 66 66 0.672521 0.898988 0.890920 0.984514 0.979214 0.950032 0.920295 0.884671 0.770343 0.226753 0.186023 0.075363 -0.321009 -0.370955 -0.551596 -0.610007 -0.669971 -0.895774 -0.975607 0.986597 0.978812 0.954290 0.924420 0.902262 0.733331 0.463478 0.273415 0.058387 -0.184949 -0.356491 -0.514524 -0.684781 -0.821597 -0.919208 -0.979289 
58.590469 5184151.500000 68 68 68 0.939626 0.869176 0.877827 0.983085 0.974694 0.933938 0.843341 0.788451 0.727087 0.301047 0.198760 0.114721 -0.254660 -0.335482 -0.467167 -0.626777 -0.680007 -0.731919 -0.953234 0.983917 0.977135 0.939855 0.886205 0.838620 0.756496 0.245797 0.187387 0.072949 -0.275374 -0.356720 -0.479806 -0.611741 -0.642941 -0.813568 -0.969856 
59.283375 17331978.000000 68 68 70 0.927637 0.934398 0.971476 0.982660 0.971576 0.942633 0.769285 0.649423 0.607866 0.330644 0.222846 0.111950 -0.218392 -0.302554 -0.405755 -0.611736 -0.712992 -0.743850 -0.872471 0.982665 0.972297 0.938052 0.806202 0.719246 0.671644 0.337336 0.210670 0.121810 -0.239850 -0.316928 -0.438055 -0.613234 -0.699079 -0.736896 -0.908493 
58.741795 20163330.000000 70 72 74 0.974084 0.963772 0.956455 0.984838 0.974083 0.951290 0.770039 0.548209 0.445905 0.283099 0.217032 0.076260 -0.206113 -0.302927 -0.391463 -0.635304 -0.706410 -0.766280 -0.854281 0.983604 0.972726 0.946892 0.771062 0.604277 0.539727 0.283873 0.229044 0.087900 -0.212567 -0.298465 -0.392666 -0.632382 -0.721407 -0.761533 -0.855207 
52.929649 5156589.500000 74 74 66 0.953933 0.893907 0.583263 0.985646 0.975242 0.928965 0.771050 0.577121 0.383107 0.250192 0.154307 -0.045835 -0.236966 -0.353573 -0.500324 -0.614827 -0.773933 -0.842584 -0.991674 0.985719 0.973561 0.951147 0.780191 0.531330 0.394793 0.292852 0.189567 0.108687 -0.213534 -0.295616 -0.424063 -0.619282 -0.698034 -0.757739 -0.917377 
37.812698 360844.375000 66 72 72 0.722960 0.740176 0.793703 0.985270 0.970313 0.926047 0.745362 0.628045 0.503574 0.362358 0.247527 0.135622 -0.244398 -0.324226 -0.489483 -0.642020 -0.725408 -0.832479 -0.964489 0.986250 0.972758 0.859379 0.746066 0.617553 0.460818 0.314379 0.202635 -0.004811 -0.234647 -0.333554 -0.473209 -0.599464 -0.779742 -0.860704 -0.989368 
38.540947 3367185.750000 72 74 44 0.836844 0.798417 0.465291 0.980508 0.963968 0.816930 0.706485 0.538540 0.332736 0.204136 0.066184 -0.067407 -0.162570 -0.367505 -0.532477 -0.662262 -0.767455 -0.879897 -0.979621 0.987836 0.973522 0.908747 0.757717 0.641437 0.496873 0.385049 0.257896 0.137278 -0.225469 -0.324481 -0.492989 -0.639908 -0.718162 -0.779228 -0.946742 
49.543686 32824644.000000 118 92 34 0.559182 0.572335 0.743492 0.973218 0.954268 0.798925 0.528948 0.312650 0.149087 0.075067 -0.126122 -0.203171 -0.309778 -0.493576 -0.622359 -0.748456 -0.845506 -0.952901 -0.987028 0.973965 0.955637 0.780099 0.678543 0.419838 0.235363 0.106036 -0.022856 -0.116997 -0.244372 -0.503007 -0.618546 -0.755476 -0.843995 -0.941712 -0.982652 
51.238487 39601668.000000 70 72 66 0.735158 0.730015 0.485840 0.980959 0.952386 0.673627 0.516397 0.275076 0.205526 0.075324 -0.070412 -0.249166 -0.399118 -0.563281 -0.675089 -0.788969 -0.872182 -0.946392 -0.986262 0.981063 0.960799 0.741368 0.539761 0.317655 0.152735 0.068813 -0.112316 -0.233673 -0.376406 -0.546642 -0.653495 -0.787052 -0.865552 -0.936273 -0.988180 
47.848824 12600657.000000 34 46 40 0.547580 0.541222 0.466415 0.974693 0.952577 0.714210 0.612227 0.525793 0.274686 0.193487 0.078716 -0.137426 -0.263605 -0.460872 -0.667370 -0.799355 -0.854231 -0.927459 -0.985484 0.972170 0.931183 0.680341 0.545230 0.275811 0.202570 0.148050 0.015757 -0.228747 -0.357358 -0.526232 -0.603550 -0.783603 -0.869182 -0.956863 -0.983302 
59.891136 90704520.000000 46 44 44 0.401187 0.684573 0.941282 0.971764 0.951262 0.912833 0.772821 0.676453 0.624834 0.325083 0.271246 0.024070 -0.122076 -0.280469 -0.578535 -0.727254 -0.764459 -0.830833 -0.940691 0.980845 0.953332 0.916338 0.760732 0.672890 0.615471 0.336604 0.264248 -0.012237 -0.142157 -0.320880 -0.636248 -0.722222 -0.785345 -0.900410 -0.972603 
62.155411 52266220.000000 44 44 44 0.927404 0.986308 0.934166 0.965519 0.952990 0.891962 0.820601 0.727035 0.572740 0.332479 0.252619 0.074210 -0.032450 -0.205752 -0.549535 -0.715729 -0.790268 -0.838963 -0.921023 0.967692 0.951922 0.900098 0.800172 0.714475 0.568689 0.315298 0.277960 0.061324 -0.067968 -0.285297 -0.601660 -0.719855 -0.791241 -0.836054 -0.928124 
62.104301 36782328.000000 44 42 42 0.960883 0.986583 0.991478 0.960365 0.949885 0.872947 0.832553 0.772382 0.568644 0.363428 0.262400 0.065362 -0.023282 -0.211118 -0.467899 -0.622688 -0.789165 -0.875352 -0.970613 0.962227 0.952190 0.881765 0.832878 0.745411 0.554655 0.366527 0.249359 0.054197 -0.027302 -0.190461 -0.480033 -0.680186 -0.796972 -0.844074 -0.959388 
61.505951 20675154.000000 42 42 44 0.994152 0.992615 0.934269 0.964606 0.950012 0.886291 0.837670 0.781172 0.595907 0.386641 0.261401 0.120357 -0.008228 -0.174891 -0.460386 -0.596032 -0.688614 -0.896785 -0.976902 0.961045 0.949189 0.875524 0.832779 0.780205 0.583919 0.378081 0.266537 0.101944 -0.017757 -0.174730 -0.442675 -0.597707 -0.753944 -0.868987 -0.972482 
59.696674 13300150.000000 42 44 46 0.958603 0.984699 0.944070 0.969034 0.947636 0.903836 0.858868 0.759829 0.645000 0.342743 0.280888 0.085183 0.016943 -0.147297 -0.494738 -0.635352 -0.759079 -0.902018 -0.979330 0.968061 0.949598 0.897515 0.851184 0.771656 0.631308 0.385359 0.257931 0.110878 0.009598 -0.188050 -0.484109 -0.613986 -0.749054 -0.906921 -0.974844 
59.750137 15095168.000000 46 46 48 0.949191 0.892538 0.842289 0.967781 0.937439 0.905427 0.834541 0.779031 0.655892 0.373937 0.308330 0.097593 0.023107 -0.104011 -0.474759 -0.622914 -0.677697 -0.915881 -0.986173 0.967952 0.942581 0.904888 0.845613 0.765740 0.656140 0.354427 0.308779 0.100879 0.012940 -0.150558 -0.454182 -0.636798 -0.718225 -0.913818 -0.985058 
62.034916 20373818.000000 48 52 54 0.853895 0.935726 0.939569 0.955600 0.934779 0.896538 0.839049 0.782029 0.625350 0.377893 0.318901 0.085509 0.018947 -0.144776 -0.453698 -0.603008 -0.646873 -0.912524 -0.985879 0.964159 0.934016 0.903105 0.833821 0.797839 0.669404 0.355963 0.304926 0.099356 0.032149 -0.133251 -0.485138 -0.615769 -0.664506 -0.920112 -0.989246 
61.596874 18174390.000000 54 56 58 0.949922 0.972859 0.972807 0.958645 0.937614 0.897429 0.820411 0.774254 0.673192 0.407645 0.316088 0.091720 -0.019191 -0.126901 -0.454158 -0.577635 -0.639579 -0.908532 -0.983515 0.958853 0.936631 0.900323 0.832053 0.766894 0.647722 0.395157 0.312297 0.082697 -0.002854 -0.120678 -0.449487 -0.598625 -0.657059 -0.909018 -0.983757 
60.837082 16640256.000000 58 60 60 0.974968 0.898337 0.975028 0.958677 0.940293 0.883359 0.814433 0.755463 0.657627 0.500350 0.327909 0.059360 -0.026915 -0.134182 -0.402611 -0.629161 -0.755253 -0.818535 -0.981541 0.957749 0.936570 0.886427 0.815433 0.769162 0.664460 0.450884 0.315233 0.086362 -0.035082 -0.120789 -0.451960 -0.561152 -0.716390 -0.864525 -0.981104 
59.808537 11061316.000000 60 60 60 0.970599 0.984959 0.952510 0.963669 0.942648 0.894106 0.809042 0.752983 0.659572 0.566906 0.382297 0.082999 -0.035385 -0.149353 -0.400322 -0.713143 -0.751079 -0.794656 -0.980085 0.960917 0.940621 0.886649 0.813117 0.760794 0.660853 0.546810 0.357390 0.068880 -0.022893 -0.148689 -0.389208 -0.702075 -0.752868 -0.819035 -0.984373 
59.016312 8813956.000000 60 60 58 0.971378 0.922965 0.986505 0.963879 0.943723 0.896496 0.800022 0.746354 0.648659 0.585058 0.437976 0.088247 -0.043573 -0.098142 -0.468100 -0.717435 -0.765255 -0.797666 -0.971509 0.961954 0.941421 0.894729 0.805720 0.748456 0.652204 0.583289 0.402351 0.070985 -0.031136 -0.115179 -0.459999 -0.727249 -0.761590 -0.791534 -0.972074 
58.895081 8539878.000000 58 56 56 0.980721 0.945979 0.866347 0.963675 0.942816 0.904122 0.797036 0.731254 0.645765 0.587302 0.444827 0.091715 -0.035376 -0.107186 -0.400379 -0.726336 -0.761135 -0.836408 -0.973102 0.963773 0.943268 0.900466 0.803886 0.742504 0.652815 0.587951 0.439595 0.144814 -0.047770 -0.099105 -0.378864 -0.721248 -0.755334 -0.821047 -0.971200 
58.494678 5725763.500000 54 54 54 0.901798 0.958731 0.338459 0.962729 0.940897 0.915968 0.788558 0.719756 0.633560 0.580885 0.440640 0.081326 -0.022499 -0.088383 -0.263234 -0.732908 -0.763303 -0.817062 -0.974757 0.961114 0.942803 0.906836 0.787985 0.735284 0.636488 0.594945 0.437468 0.079772 -0.034026 -0.083622 -0.265261 -0.719686 -0.756971 -0.829374 -0.976888 
54.524006 1422838.250000 54 54 58 0.626616 0.364090 0.264620 0.960656 0.940927 0.918879 0.795492 0.727504 0.647728 0.567656 0.378383 0.082130 -0.020526 -0.086828 -0.249893 -0.719226 -0.765815 -0.831819 -0.971131 0.966987 0.943918 0.917744 0.794141 0.723578 0.652511 0.572560 0.381858 0.089909 -0.014252 -0.084351 -0.245629 -0.718571 -0.760373 -0.806204 -0.976690 
47.793304 341999.750000 206 20 20 0.666837 0.534044 0.490213 0.956644 0.940972 0.895400 0.794160 0.735881 0.631510 0.531285 0.305035 0.224584 0.025692 -0.095331 -0.208539 -0.663273 -0.751362 -0.872652 -0.966382 0.962916 0.942736 0.906093 0.809007 0.734160 0.658293 0.478634 0.296496 0.226861 0.008889 -0.094373 -0.201801 -0.679561 -0.758800 -0.872735 -0.966947 
41.828266 243446.500000 40 36 34 0.440670 0.545010 0.690764 0.977198 0.955429 0.913222 0.837759 0.725936 0.642143 0.522951 0.329191 0.098200 0.029947 -0.152319 -0.272822 -0.605510 -0.786433 -0.869571 -0.973792 0.960157 0.944369 0.905314 0.797714 0.695023 0.612513 0.531162 0.350532 0.174025 0.061198 -0.147028 -0.371864 -0.689097 -0.782056 -0.871206 -0.964896 
43.162323 148462.000000 32 30 30 0.762370 0.639236 0.779588 0.979478 0.968048 0.912117 0.838479 0.745452 0.685658 0.534159 0.359812 0.100582 -0.012725 -0.160057 -0.362941 -0.689003 -0.774665 -0.897098 -0.970464 0.978809 0.958887 0.914647 0.858918 0.743737 0.677700 0.493324 0.326254 0.054576 -0.003609 -0.187646 -0.284859 -0.627264 -0.777426 -0.874979 -0.963920 
43.823540 78467.625000 30 32 32 0.718559 0.666475 0.842060 0.981549 0.972558 0.936215 0.881384 0.755480 0.680850 0.544387 0.464800 0.073380 -0.038373 -0.244755 -0.451610 -0.611920 -0.834269 -0.908820 -0.977888 0.980484 0.975381 0.890796 0.811434 0.761476 0.659904 0.541987 0.430187 0.123366 -0.024394 -0.163991 -0.408328 -0.617597 -0.793133 -0.901417 -0.978415 
43.130604 33494.085938 34 34 34 0.815807 0.622093 0.794539 0.981926 0.975095 0.917433 0.842813 0.769881 0.689352 0.548234 0.490532 0.145326 -0.097870 -0.317991 -0.504700 -0.657739 -0.814108 -0.908159 -0.968846 0.983245 0.978082 0.945495 0.889215 0.733935 0.663391 0.540191 0.466167 0.131938 -0.053912 -0.281274 -0.479562 -0.638452 -0.804542 -0.909404 -0.978285 
44.014378 58608.335938 34 34 36 0.800308 0.697232 0.230818 0.984772 0.978564 0.950750 0.860743 0.763936 0.664676 0.582284 0.502494 0.063176 -0.142418 -0.287560 -0.453225 -0.694996 -0.828278 -0.904439 -0.972825 0.985114 0.980407 0.921578 0.839686 0.754802 0.675995 0.574044 0.524195 0.151060 -0.084333 -0.260917 -0.460022 -0.650639 -0.835335 -0.908416 -0.971665 
47.468647 75889.351562 32 82 82 0.709235 0.662738 0.885738 0.985633 0.978062 0.959096 0.879363 0.791142 0.684567 0.598029 0.452820 0.011248 -0.137307 -0.283125 -0.437722 -0.676121 -0.814159 -0.907276 -0.972049 0.984609 0.979038 0.951960 0.860712 0.771695 0.665905 0.596970 0.478515 0.037862 -0.113853 -0.301578 -0.497683 -0.674302 -0.828056 -0.907806 -0.973480 
50.885235 404399.375000 84 86 88 0.908553 0.890568 0.883064 0.988035 0.976624 0.946812 0.895882 0.817290 0.726223 0.473451 0.079113 -0.066845 -0.145140 -0.267569 -0.306858 -0.702130 -0.825687 -0.916792 -0.985567 0.986740 0.978329 0.956801 0.881532 0.797351 0.704471 0.608583 0.372474 -0.019850 -0.158394 -0.275067 -0.383592 -0.686904 -0.814535 -0.910470 -0.976094 
56.710018 12175858.000000 44 44 46 0.953361 0.915708 0.963355 0.978024 0.947632 0.914051 0.860450 0.769294 0.720479 0.300616 0.083583 -0.061956 -0.116412 -0.256831 -0.358483 -0.544632 -0.753550 -0.856055 -0.987781 0.983902 0.962348 0.923083 0.878896 0.809129 0.729477 0.304247 0.045585 -0.066132 -0.167316 -0.276040 -0.316587 -0.543987 -0.806616 -0.901844 -0.990599 
60.861923 77138560.000000 46 46 46 0.989772 0.991309 0.993730 0.973023 0.939124 0.891840 0.793677 0.750670 0.668305 0.362656 0.050972 -0.052503 -0.131628 -0.290018 -0.374204 -0.603606 -0.749786 -0.865842 -0.977487 0.974368 0.941036 0.903063 0.804762 0.763189 0.700089 0.296778 0.050886 -0.059655 -0.128685 -0.295066 -0.374292 -0.580227 -0.768769 -0.858651 -0.981499 
61.340328 89917328.000000 46 46 46 0.994592 0.994386 0.981207 0.976781 0.940226 0.904229 0.805049 0.683774 0.630635 0.376719 0.105515 -0.039242 -0.099092 -0.288571 -0.366560 -0.497993 -0.807269 -0.878280 -0.971606 0.974217 0.939655 0.893836 0.796520 0.720166 0.649350 0.384067 0.066199 -0.045800 -0.109109 -0.302944 -0.367559 -0.576589 -0.755684 -0.857642 -0.976212 
59.754925 36463488.000000 46 46 46 0.983805 0.956662 0.957062 0.983435 0.959641 0.921509 0.845956 0.605523 0.536908 0.377176 0.167988 0.064849 -0.050902 -0.250416 -0.358085 -0.508439 -0.770778 -0.923408 -0.976594 0.980225 0.947861 0.912819 0.829248 0.627977 0.576045 0.350480 0.137861 -0.002450 -0.100497 -0.264081 -0.377706 -0.514394 -0.839721 -0.885414 -0.960948 
56.776257 9435410.000000 46 46 46 0.933898 0.937483 0.897393 0.989522 0.980368 0.931791 0.785222 0.663366 0.453946 0.292768 0.208368 0.082859 -0.099025 -0.287566 -0.423973 -0.494672 -0.779365 -0.971662 -0.981028 0.986680 0.969952 0.936350 0.843872 0.604478 0.464572 0.337382 0.207137 0.084892 -0.063691 -0.259321 -0.381967 -0.500058 -0.791284 -0.922836 -0.981614 
47.083286 641413.000000 46 46 46 0.890814 0.892606 0.930592 0.988660 0.975401 0.860721 0.768114 0.673253 0.579686 0.418263 0.246911 -0.042199 -0.085260 -0.267499 -0.389505 -0.531678 -0.774853 -0.945693 -0.976953 0.989943 0.981892 0.900368 0.770029 0.698579 0.554664 0.322071 0.209477 0.070887 -0.067504 -0.265407 -0.431987 -0.520630 -0.762166 -0.962876 -0.982226 
40.847057 5850237.500000 46 46 46 0.950715 0.837027 0.894650 0.980403 0.953464 0.850563 0.734870 0.658691 0.469189 0.298147 0.166903 0.019781 -0.154668 -0.459618 -0.589007 -0.733328 -0.881885 -0.942273 -0.971983 0.985785 0.966604 0.877397 0.777045 0.681524 0.510323 0.396937 0.215972 -0.025187 -0.116451 -0.293894 -0.431436 -0.611287 -0.839203 -0.940830 -0.970101 
39.450230 880695.687500 46 44 46 0.843244 0.915734 0.945379 0.986196 0.952993 0.898260 0.799604 0.725274 0.491303 0.397802 0.217549 -0.026573 -0.137479 -0.373767 -0.540314 -0.690481 -0.817861 -0.908774 -0.977337 0.983226 0.947254 0.873090 0.772069 0.674019 0.513143 0.349224 0.136329 -0.009903 -0.144399 -0.422439 -0.596779 -0.732816 -0.848118 -0.911274 -0.980229 
36.204773 173258.187500 46 46 46 0.919093 0.928206 0.907590 0.982437 0.938262 0.908923 0.841169 0.702400 0.544405 0.423717 0.317553 0.007943 -0.111751 -0.313921 -0.419504 -0.632436 -0.809730 -0.909898 -0.954883 0.987160 0.957656 0.910880 0.844566 0.678141 0.545108 0.400784 0.213575 0.038210 -0.196347 -0.370948 -0.495930 -0.724757 -0.831782 -0.917708 -0.969495 
32.980175 183644.937500 46 46 46 0.923748 0.832322 0.615944 0.951611 0.922211 0.900258 0.762854 0.654411 0.537919 0.389004 0.182704 -0.003845 -0.134318 -0.463679 -0.586431 -0.748582 -0.841825 -0.906702 -0.984970 0.971115 0.926055 0.906016 0.821517 0.686489 0.567397 0.483529 0.299491 0.053764 -0.098078 -0.305014 -0.384663 -0.583773 -0.786380 -0.928299 -0.959978 
51.199116 6317109.500000 44 44 48 0.557155 0.405972 0.912467 0.988235 0.975294 0.955097 0.804327 0.616616 0.551198 0.248219 0.147231 0.058665 -0.170233 -0.445112 -0.478454 -0.670969 -0.737409 -0.919572 -0.983463 0.985922 0.976853 0.921726 0.764033 0.631641 0.546453 0.248495 0.128932 0.044008 -0.303705 -0.481454 -0.528418 -0.753198 -0.830368 -0.918119 -0.988383 
52.124374 1495990.500000 46 48 58 0.902840 0.944963 0.828329 0.991353 0.978131 0.958814 0.797837 0.626130 0.563473 0.273961 0.156874 0.099682 -0.180699 -0.441843 -0.483385 -0.594619 -0.689474 -0.872904 -0.976719 0.989234 0.973087 0.957366 0.786961 0.625466 0.564837 0.252388 0.159020 0.093836 -0.128818 -0.446908 -0.477235 -0.609854 -0.673212 -0.851617 -0.978374 
43.754700 92903.953125 60 58 64 0.748340 0.837085 0.738819 0.993405 0.983134 0.957465 0.854626 0.669898 0.590231 0.446730 0.222152 0.098570 -0.120134 -0.395840 -0.471786 -0.636213 -0.712688 -0.876925 -0.974903 0.993302 0.985275 0.958893 0.859804 0.664248 0.599111 0.431217 0.200913 0.063869 -0.132694 -0.437738 -0.511426 -0.630150 -0.748337 -0.875730 -0.974743 
40.066925 37659.207031 64 66 70 0.682775 0.860102 0.808199 0.994271 0.980916 0.960321 0.912305 0.614393 0.563266 0.410859 0.194262 0.121066 -0.092631 -0.445179 -0.489277 -0.602590 -0.740894 -0.900762 -0.975374 0.994011 0.982662 0.960534 0.886768 0.642601 0.570965 0.394825 0.215669 0.101520 -0.133516 -0.411243 -0.461190 -0.630749 -0.742608 -0.904298 -0.972233 
33.938568 14299.164062 72 72 80 0.814655 0.805770 0.482759 0.993566 0.984342 0.961070 0.817106 0.660453 0.609248 0.287426 0.153186 0.046096 -0.175576 -0.448352 -0.485821 -0.628180 -0.786398 -0.920411 -0.974666 0.993675 0.978294 0.961360 0.880115 0.633535 0.589980 0.391024 0.178605 0.074086 -0.197984 -0.456049 -0.489481 -0.631752 -0.784421 -0.900104 -0.977946 
30.903419 44683.492188 142 48 52 0.659843 0.807834 0.315966 0.976033 0.948662 0.887631 0.817346 0.713455 0.678113 0.610317 0.276395 0.023666 -0.131668 -0.424462 -0.478086 -0.621347 -0.783199 -0.888947 -0.969229 0.992007 0.987223 0.913792 0.764731 0.701550 0.500872 0.274058 0.116283 -0.039520 -0.274555 -0.448386 -0.493086 -0.663728 -0.791425 -0.906021 -0.973403 
38.025314 87032.898438 74 24 50 0.310926 0.525806 0.575119 0.970852 0.929999 0.869828 0.844291 0.695659 0.662317 0.580640 0.306862 0.065353 -0.098506 -0.421949 -0.473568 -0.687085 -0.781852 -0.856768 -0.977794 0.971508 0.952434 0.885789 0.837419 0.740685 0.678084 0.654354 0.520714 0.097010 -0.036157 -0.390369 -0.480279 -0.651366 -0.774468 -0.922154 -0.961971 
45.056419 97899.500000 50 52 56 0.288167 0.773039 0.945577 0.988916 0.978524 0.948914 0.854736 0.830294 0.657359 0.622199 0.396619 0.124434 -0.109742 -0.356323 -0.507691 -0.649226 -0.795493 -0.897102 -0.978088 0.990776 0.980011 0.901978 0.848893 0.724658 0.645172 0.596843 0.240155 0.046306 -0.143466 -0.345673 -0.493726 -0.715348 -0.766047 -0.873043 -0.981130 
53.855721 750090.750000 56 52 50 0.972488 0.881867 0.943864 0.985341 0.973075 0.933887 0.815250 0.775065 0.694659 0.591086 0.502073 0.170310 0.105066 -0.021084 -0.452803 -0.602837 -0.792690 -0.904171 -0.974943 0.987678 0.976004 0.947186 0.832242 0.816504 0.698785 0.625741 0.493772 0.169918 0.032925 -0.293616 -0.485394 -0.665196 -0.808216 -0.912724 -0.977004 
60.709373 12052252.000000 50 48 46 0.930471 0.956300 0.973808 0.977089 0.965131 0.941771 0.754490 0.659999 0.592184 0.410419 0.342299 0.225391 0.068683 -0.033324 -0.397141 -0.561155 -0.616495 -0.886876 -0.968498 0.981637 0.968367 0.943541 0.756150 0.709259 0.652266 0.508462 0.389355 0.236270 0.091679 -0.004369 -0.502745 -0.560580 -0.684425 -0.901239 -0.971025 
62.437588 47490764.000000 46 46 44 0.937275 0.949037 0.952376 0.978133 0.961633 0.943190 0.751393 0.571388 0.511698 0.329522 0.216571 0.094741 -0.081034 -0.193792 -0.373348 -0.612556 -0.635826 -0.830593 -0.974886 0.975086 0.962928 0.943532 0.742654 0.594078 0.547631 0.365360 0.277842 0.132375 -0.015146 -0.139014 -0.379109 -0.583495 -0.606491 -0.849393 -0.967909 
58.326988 38104616.000000 44 42 40 0.960802 0.926062 0.956404 0.985098 0.967731 0.930836 0.783042 0.533188 0.376150 0.271366 0.167765 0.041508 -0.112635 -0.280542 -0.336030 -0.593300 -0.646543 -0.856031 -0.986148 0.982303 0.962466 0.939573 0.761609 0.569476 0.444740 0.319994 0.188222 0.064904 -0.102521 -0.233340 -0.317787 -0.599883 -0.642994 -0.854603 -0.982836 
56.570183 27014380.000000 40 38 38 0.956364 0.969191 0.955376 0.985508 0.975018 0.927638 0.750313 0.536195 0.388297 0.268200 0.113081 0.043150 -0.119698 -0.261417 -0.332981 -0.508983 -0.738608 -0.845426 -0.987529 0.985742 0.971994 0.927728 0.778464 0.547162 0.383572 0.256282 0.153188 0.044556 -0.120229 -0.269948 -0.349980 -0.553258 -0.673731 -0.845290 -0.981626 
56.767029 14728697.000000 38 38 38 0.929109 0.954214 0.930580 0.985916 0.981016 0.942805 0.767298 0.513559 0.337755 0.215540 0.088439 0.010281 -0.095131 -0.288634 -0.394281 -0.624904 -0.721380 -0.842941 -0.958496 0.986137 0.979832 0.935268 0.755112 0.503991 0.377809 0.250473 0.091552 0.027097 -0.078384 -0.295090 -0.332569 -0.582889 -0.768850 -0.852808 -0.983400 
55.131638 4552095.000000 38 38 38 0.914333 0.935211 0.801609 0.987413 0.983500 0.955840 0.795150 0.526654 0.367359 0.226281 0.172803 -0.011741 -0.121074 -0.284702 -0.452014 -0.588523 -0.798776 -0.835716 -0.959694 0.986190 0.982054 0.950065 0.770051 0.509416 0.345747 0.209772 0.142876 -0.002462 -0.094792 -0.260138 -0.493378 -0.599705 -0.772014 -0.841895 -0.925736 
44.801010 361285.031250 40 44 38 0.937387 0.611818 0.574625 0.985025 0.974602 0.944950 0.803888 0.567813 0.450169 0.352651 0.195048 0.060552 -0.094973 -0.248387 -0.385540 -0.588070 -0.725515 -0.833232 -0.953296 0.987755 0.982887 0.951450 0.777342 0.548386 0.438837 0.298099 0.176902 0.031786 -0.130126 -0.251894 -0.430754 -0.589300 -0.789271 -0.849079 -0.962069 
37.425117 128439.117188 40 42 40 0.605532 0.756668 0.766001 0.982763 0.970918 0.936951 0.747285 0.539398 0.486759 0.343551 0.206807 0.042102 -0.030703 -0.240135 -0.343540 -0.531154 -0.727440 -0.857342 -0.952199 0.984393 0.974988 0.941643 0.752480 0.552873 0.492185 0.334419 0.199084 0.086285 -0.061789 -0.225698 -0.378677 -0.553017 -0.720015 -0.827242 -0.954973 
34.100338 71126.859375 38 38 34 0.578686 0.875994 0.566907 0.984170 0.978700 0.928088 0.706813 0.562831 0.471976 0.301496 0.199927 0.071980 -0.063304 -0.202294 -0.376975 -0.582247 -0.750810 -0.890338 -0.970619 0.985833 0.978579 0.924203 0.726269 0.568298 0.439211 0.358816 0.217430 0.039516 -0.023928 -0.218212 -0.312938 -0.528528 -0.735784 -0.886564 -0.973062 
32.276817 42097.648438 68 72 42 0.797850 0.542375 0.940489 0.987888 0.982431 0.945310 0.740186 0.559637 0.527724 0.287524 0.203331 0.081112 -0.050433 -0.228999 -0.415085 -0.652881 -0.794510 -0.910792 -0.976252 0.983902 0.976303 0.918697 0.690398 0.536792 0.485029 0.322584 0.198207 0.091238 -0.073054 -0.178045 -0.341376 -0.586547 -0.768184 -0.880759 -0.956254 
36.685986 709571.125000 44 50 58 0.736228 0.900069 0.756748 0.992475 0.988662 0.878619 0.559242 0.411555 0.309092 0.235127 0.105538 -0.098144 -0.266578 -0.422997 -0.546418 -0.638795 -0.748417 -0.834191 -0.889739 0.990825 0.985398 0.956750 0.751805 0.566940 0.490257 0.316483 0.209262 0.133332 -0.013736 -0.248605 -0.472428 -0.677996 -0.803615 -0.897102 -0.972437 
35.075920 53168.773438 56 60 64 0.766300 0.857312 0.877496 0.994023 0.987505 0.961607 0.785146 0.531610 0.443145 0.257302 0.150117 -0.026293 -0.185863 -0.354455 -0.544253 -0.654833 -0.776432 -0.858775 -0.949804 0.993322 0.985299 0.936356 0.620238 0.416900 0.325219 0.243413 0.143833 -0.070427 -0.252244 -0.415711 -0.543678 -0.626532 -0.749746 -0.833239 -0.895405 
35.800926 23323.208984 64 66 66 0.887614 0.751897 0.848938 0.994502 0.988436 0.968986 0.844508 0.600744 0.443167 0.322280 0.198634 0.077880 -0.147755 -0.390762 -0.570002 -0.656996 -0.794564 -0.911893 -0.972989 0.994634 0.988767 0.959535 0.805763 0.532815 0.432822 0.267160 0.188914 0.048710 -0.191598 -0.350408 -0.536251 -0.694319 -0.784529 -0.893122 -0.980206 
32.349407 11579.215820 66 70 70 0.841396 0.799056 0.847291 0.994857 0.987598 0.959765 0.830454 0.627864 0.459885 0.330449 0.236742 0.019512 -0.144018 -0.382138 -0.591815 -0.688538 -0.824319 -0.920814 -0.969574 0.995060 0.989737 0.963506 0.829000 0.582498 0.430880 0.305126 0.200924 0.042705 -0.159797 -0.374884 -0.560382 -0.680698 -0.810473 -0.918510 -0.966049 
34.753941 1995962.625000 70 66 68 0.870025 0.671947 0.287921 0.989516 0.941500 0.803435 0.704686 0.517647 0.308501 0.104683 0.016617 -0.133343 -0.290472 -0.385086 -0.573982 -0.644094 -0.756220 -0.943575 -0.985018 0.995008 0.988253 0.952457 0.835453 0.638595 0.462909 0.330997 0.158507 -0.011448 -0.190310 -0.334631 -0.547690 -0.698289 -0.816946 -0.922431 -0.970526 
49.227211 12532914.000000 68 60 58 0.442956 0.495827 0.914062 0.986299 0.977195 0.952545 0.704421 0.519920 0.249246 0.184552 0.019139 -0.111572 -0.260318 -0.376941 -0.485876 -0.644175 -0.854988 -0.932075 -0.976324 0.971100 0.928834 0.804211 0.678405 0.518684 0.269153 0.084223 -0.001151 -0.141623 -0.285062 -0.389607 -0.584184 -0.644337 -0.804813 -0.943562 -0.980462 
59.773121 46291872.000000 56 58 60 0.859037 0.972257 0.981435 0.981317 0.974979 0.960231 0.821912 0.389211 0.263577 0.189604 0.082499 -0.070439 -0.206452 -0.337604 -0.418039 -0.624127 -0.834630 -0.947703 -0.980591 0.984387 0.974862 0.965401 0.818586 0.401286 0.270992 0.190875 0.056394 -0.096749 -0.234580 -0.343892 -0.440010 -0.648910 -0.839243 -0.939758 -0.981735 
61.212238 84077528.000000 60 62 64 0.978329 0.987736 0.981704 0.981787 0.975685 0.945778 0.788960 0.375171 0.261116 0.168041 0.059066 -0.075338 -0.206607 -0.337274 -0.429520 -0.679274 -0.811580 -0.945267 -0.985005 0.981064 0.975670 0.951602 0.812258 0.362719 0.266665 0.182316 0.068920 -0.074071 -0.196620 -0.334443 -0.403977 -0.642970 -0.821715 -0.936617 -0.979119 
59.896679 66315336.000000 64 64 64 0.977317 0.991558 0.990574 0.982153 0.976255 0.945563 0.789995 0.409264 0.248072 0.153491 0.061721 -0.060222 -0.193478 -0.339882 -0.420437 -0.711573 -0.786548 -0.941216 -0.986356 0.982371 0.975721 0.946431 0.789950 0.380956 0.258819 0.158745 0.061310 -0.066186 -0.194501 -0.343669 -0.432511 -0.703470 -0.781892 -0.941580 -0.984852 
59.475456 40259296.000000 64 62 62 0.991054 0.981216 0.947306 0.982592 0.977279 0.958018 0.789551 0.400270 0.231121 0.141626 0.042479 -0.052349 -0.201322 -0.326404 -0.487690 -0.706759 -0.776564 -0.870169 -0.980158 0.982482 0.976947 0.947843 0.789659 0.410673 0.236954 0.148676 0.049977 -0.051031 -0.207078 -0.324271 -0.442228 -0.721040 -0.768147 -0.930891 -0.987388 
55.943329 10113726.000000 62 58 56 0.965180 0.937958 0.962357 0.987788 0.975436 0.966067 0.837983 0.439758 0.244298 0.110089 0.029495 -0.057757 -0.143175 -0.391151 -0.588611 -0.697205 -0.801960 -0.853424 -0.976772 0.983915 0.976641 0.963482 0.810786 0.428520 0.212252 0.123896 0.024573 -0.062340 -0.178736 -0.338008 -0.553648 -0.704995 -0.793901 -0.855713 -0.977241 
50.785980 3005882.000000 56 54 54 0.971851 0.947481 0.909293 0.991888 0.979175 0.965659 0.878188 0.393298 0.216257 0.088591 0.010204 -0.092065 -0.195453 -0.378969 -0.563894 -0.681206 -0.822411 -0.852667 -0.963947 0.989766 0.976164 0.966618 0.864639 0.428365 0.235720 0.112370 0.015619 -0.055539 -0.171974 -0.409712 -0.587139 -0.688126 -0.820057 -0.859929 -0.974945 
47.735207 1026142.000000 54 54 52 0.877764 0.844279 0.896590 0.993101 0.987800 0.970642 0.871750 0.369895 0.243407 0.122453 0.040738 -0.105494 -0.188305 -0.350185 -0.532105 -0.711232 -0.813670 -0.852903 -0.946079 0.992854 0.985916 0.964199 0.865972 0.409544 0.214420 0.137409 0.031161 -0.109213 -0.196607 -0.389761 -0.567570 -0.677316 -0.828182 -0.856427 -0.943748 
44.509377 259848.812500 54 52 60 0.898746 0.914177 0.756770 0.992348 0.984972 0.962631 0.826243 0.355647 0.259277 0.185871 0.066628 -0.098899 -0.205884 -0.383003 -0.522521 -0.665250 -0.813075 -0.864081 -0.938535 0.992800 0.988334 0.971328 0.860937 0.369185 0.250600 0.130547 -0.000646 -0.108347 -0.199331 -0.353786 -0.514016 -0.688026 -0.827056 -0.858566 -0.928515 
30.139736 62311.664062 58 58 58 0.784997 0.660153 0.337553 0.990512 0.976800 0.936082 0.780009 0.444242 0.256687 0.144428 0.026457 -0.049590 -0.208264 -0.340867 -0.497746 -0.712627 -0.819657 -0.856022 -0.944773 0.986802 0.976851 0.957745 0.798394 0.431963 0.243223 0.177438 0.046112 -0.041205 -0.234925 -0.360079 -0.471865 -0.720336 -0.808862 -0.866956 -0.930651 
24.685944 20255.023438 78 60 60 0.305968 0.731798 0.504084 0.985587 0.975550 0.939882 0.780340 0.558821 0.270457 0.194532 0.117462 -0.043786 -0.138638 -0.282689 -0.432827 -0.689601 -0.824693 -0.868571 -0.985597 0.985295 0.974493 0.935195 0.757790 0.486076 0.252515 0.177986 0.038273 -0.051338 -0.161579 -0.275389 -0.434863 -0.671285 -0.839709 -0.866742 -0.963452 
20.449553 16138.508789 60 36 50 0.526626 0.370451 0.370273 0.988298 0.971123 0.926995 0.800747 0.586958 0.361541 0.182805 0.064674 -0.016177 -0.096162 -0.363756 -0.538266 -0.676666 -0.813651 -0.898395 -0.972582 0.988379 0.974797 0.918434 0.758551 0.563546 0.292120 0.205562 0.104673 -0.057920 -0.104906 -0.340591 -0.484451 -0.707701 -0.815342 -0.890644 -0.981041 
31.640247 292345.406250 54 122 52 0.552313 0.440380 0.550655 0.985493 0.963215 0.860068 0.680082 0.478985 0.207437 0.105396 -0.148252 -0.348184 -0.524840 -0.602709 -0.723934 -0.830754 -0.904874 -0.976608 -0.994559 0.986420 0.963846 0.840962 0.701011 0.570937 0.348964 0.154557 0.039569 -0.082363 -0.380996 -0.544224 -0.681368 -0.792268 -0.876431 -0.959100 -0.989208 
42.298157 972511.937500 54 108 58 0.551047 0.500588 0.566283 0.984552 0.963177 0.827274 0.631090 0.421674 0.154050 -0.003332 -0.261264 -0.400823 -0.546480 -0.658061 -0.739931 -0.840842 -0.918917 -0.964650 -0.996418 0.980588 0.959061 0.804473 0.644988 0.420220 0.180111 -0.029859 -0.266085 -0.349943 -0.521968 -0.643573 -0.773208 -0.855494 -0.919163 -0.978010 -0.994828 
48.623924 2725559.000000 90 118 86 0.418385 0.599327 0.753740 0.975538 0.926038 0.788147 0.608749 0.385084 0.099329 -0.104219 -0.269500 -0.383954 -0.526317 -0.644958 -0.780725 -0.841546 -0.933365 -0.974188 -0.995738 0.975818 0.941559 0.807329 0.624816 0.329775 0.087663 -0.087863 -0.258201 -0.367245 -0.498679 -0.626505 -0.753123 -0.842137 -0.928938 -0.973983 -0.996389 
45.709209 1545534.625000 86 86 44 0.743534 0.410385 0.607479 0.976940 0.942197 0.779756 0.538504 0.500329 0.294197 -0.072875 -0.182448 -0.299983 -0.525893 -0.596594 -0.743238 -0.836874 -0.901601 -0.950400 -0.992953 0.985520 0.950662 0.783347 0.563099 0.466275 0.112454 -0.058371 -0.190331 -0.382912 -0.547023 -0.621277 -0.752762 -0.853206 -0.925546 -0.969360 -0.995916 
49.218102 6669682.500000 42 44 50 0.617031 0.475301 0.919704 0.987386 0.975095 0.956018 0.788618 0.570795 0.535668 0.248829 0.082806 0.004995 -0.151986 -0.489652 -0.555842 -0.622824 -0.831517 -0.956268 -0.988999 0.988055 0.978731 0.936008 0.682301 0.533996 0.465988 0.122256 -0.065910 -0.223588 -0.443128 -0.585355 -0.694473 -0.818499 -0.913010 -0.951418 -0.996236 
56.686829 16392097.000000 50 54 56 0.802844 0.953243 0.989358 0.981257 0.971727 0.956416 0.790151 0.563329 0.524351 0.284525 0.082204 0.023526 -0.176532 -0.454401 -0.544179 -0.602787 -0.824310 -0.960244 -0.991334 0.983292 0.970179 0.956525 0.781396 0.569479 0.523319 0.279672 0.082029 0.022075 -0.150426 -0.490644 -0.550456 -0.620574 -0.834136 -0.953031 -0.989909 
56.987267 8068438.500000 56 58 60 0.965702 0.970412 0.945946 0.983260 0.975093 0.962205 0.783662 0.580478 0.554783 0.311380 0.084942 0.034502 -0.147168 -0.456497 -0.521094 -0.638589 -0.831510 -0.954702 -0.989105 0.981942 0.973547 0.957562 0.781528 0.567080 0.538979 0.327959 0.084106 0.021771 -0.158550 -0.470960 -0.529940 -0.587802 -0.814914 -0.959710 -0.989912 
50.993118 994210.062500 58 60 60 0.962951 0.649980 0.965252 0.991305 0.978530 0.963803 0.875291 0.648983 0.603923 0.387274 0.136986 0.056135 -0.227988 -0.454600 -0.533975 -0.653356 -0.849423 -0.950584 -0.994554 0.987259 0.977424 0.963855 0.815413 0.615642 0.571336 0.348761 0.103559 0.042672 -0.169050 -0.441645 -0.527077 -0.703796 -0.866136 -0.957708 -0.983579 
50.276855 600041.812500 60 62 62 0.962497 0.935518 0.929211 0.991521 0.980727 0.964740 0.903160 0.665466 0.602097 0.384019 0.125542 0.055598 -0.326059 -0.428451 -0.477948 -0.694436 -0.854222 -0.960059 -0.994702 0.992030 0.980252 0.962361 0.880082 0.669699 0.628743 0.382772 0.121870 0.054755 -0.217160 -0.452363 -0.497767 -0.669182 -0.863512 -0.956180 -0.990896 
50.147282 1395980.750000 62 66 64 0.930585 0.944841 0.866334 0.990370 0.980102 0.966138 0.830579 0.604550 0.549366 0.323739 0.084865 0.016860 -0.210308 -0.449811 -0.501512 -0.726001 -0.858893 -0.946514 -0.986149 0.991652 0.981477 0.967932 0.909688 0.643976 0.598721 0.338129 0.108951 0.028876 -0.334803 -0.406142 -0.488671 -0.708195 -0.822312 -0.955173 -0.981669 
53.255901 16128615.000000 64 68 70 0.926251 0.911656 0.968753 0.986260 0.976701 0.955108 0.787176 0.413608 0.339951 0.227140 0.083728 -0.017945 -0.135332 -0.452236 -0.483910 -0.730923 -0.841219 -0.895132 -0.957947 0.986065 0.976934 0.954813 0.768799 0.502441 0.420643 0.245761 0.088793 -0.003521 -0.146537 -0.443470 -0.479779 -0.755583 -0.847536 -0.907563 -0.973651 
53.641159 7972440.000000 70 70 72 0.973588 0.944480 0.948623 0.987678 0.980043 0.962608 0.869881 0.347836 0.245389 0.150233 0.057451 -0.061352 -0.177789 -0.448706 -0.500252 -0.690995 -0.840918 -0.875646 -0.961607 0.987352 0.977371 0.958756 0.833043 0.358918 0.282716 0.179141 0.056270 -0.043959 -0.161790 -0.451519 -0.495136 -0.732090 -0.838492 -0.882942 -0.967132 
49.765381 1847424.000000 72 76 74 0.958511 0.869068 0.808392 0.986783 0.979866 0.959173 0.844336 0.443978 0.262560 0.146640 0.090529 -0.052143 -0.168195 -0.447896 -0.480467 -0.642348 -0.849932 -0.879262 -0.967946 0.987367 0.980269 0.963966 0.901062 0.386278 0.228467 0.141914 0.057747 -0.070030 -0.186760 -0.446187 -0.480821 -0.691375 -0.844843 -0.879146 -0.964601 
44.666420 188786.437500 76 62 60 0.828978 0.345292 0.765573 0.986574 0.978302 0.968780 0.900679 0.490678 0.356943 0.177842 0.127957 -0.012258 -0.095305 -0.413967 -0.461397 -0.644753 -0.833960 -0.893362 -0.958394 0.986001 0.977788 0.965139 0.895455 0.453506 0.348221 0.161570 0.114556 -0.027820 -0.132228 -0.420855 -0.469536 -0.611088 -0.838995 -0.893935 -0.969315 
32.192478 33968.531250 58 40 38 0.760513 0.803714 0.612916 0.987025 0.977404 0.957621 0.865762 0.487409 0.348356 0.180280 0.121641 -0.001523 -0.108915 -0.421723 -0.502296 -0.645179 -0.845078 -0.882640 -0.952901 0.988981 0.979534 0.961391 0.834752 0.495924 0.350230 0.200134 0.129914 -0.008893 -0.123425 -0.397111 -0.482047 -0.659820 -0.856194 -0.876563 -0.956330 
27.518406 20409.910156 34 42 34 0.370755 0.790585 0.644923 0.990147 0.980111 0.945430 0.802948 0.544409 0.417378 0.232136 0.094301 -0.027922 -0.161346 -0.423656 -0.496351 -0.638217 -0.837426 -0.911026 -0.965982 0.987513 0.980797 0.951910 0.830447 0.508205 0.336682 0.168756 0.097287 -0.015275 -0.141408 -0.453076 -0.484958 -0.647662 -0.843278 -0.910828 -0.977777 
44.573952 3780864.500000 46 64 54 0.507888 0.691031 0.670602 0.971584 0.934886 0.913193 0.816431 0.590130 0.531945 0.313524 0.204216 0.092888 -0.125152 -0.285849 -0.402840 -0.628837 -0.765628 -0.862706 -0.879801 0.983915 0.949990 0.916861 0.830523 0.583093 0.531885 0.365677 0.226257 0.120245 -0.067962 -0.262854 -0.344278 -0.582086 -0.782572 -0.865460 -0.915293 
57.101120 65644988.000000 148 130 62 0.744262 0.851768 0.547300 0.957186 0.921884 0.890764 0.774285 0.626128 0.588508 0.326529 0.192858 0.077560 -0.159967 -0.322939 -0.400297 -0.614400 -0.766230 -0.853390 -0.878021 0.958674 0.924980 0.893707 0.741697 0.599648 0.550145 0.286306 0.186459 0.056020 -0.176138 -0.314595 -0.455216 -0.642350 -0.772200 -0.858677 -0.881118 
60.434502 120577984.000000 64 58 58 0.814455 0.938872 0.916770 0.958059 0.920367 0.868461 0.732365 0.653534 0.614692 0.309957 0.195684 0.103650 -0.170832 -0.314078 -0.416318 -0.546810 -0.739163 -0.853714 -0.894274 0.958583 0.921906 0.882938 0.750264 0.644640 0.600766 0.318218 0.196470 0.108490 -0.152142 -0.324441 -0.390439 -0.577162 -0.759856 -0.852803 -0.877030 
60.955009 88932760.000000 58 56 54 0.935426 0.983012 0.936076 0.960626 0.925659 0.863103 0.775176 0.692946 0.618392 0.355754 0.205082 0.133370 -0.166466 -0.262899 -0.403478 -0.562756 -0.704779 -0.832539 -0.921527 0.960399 0.922072 0.858006 0.756807 0.661605 0.610102 0.354515 0.211752 0.116784 -0.161246 -0.286893 -0.425035 -0.533183 -0.719138 -0.832724 -0.925252 
60.828117 40649460.000000 54 54 52 0.936930 0.941858 0.954784 0.964106 0.934345 0.895621 0.801050 0.748080 0.661868 0.335608 0.174218 0.089145 -0.170999 -0.246192 -0.392154 -0.559936 -0.686809 -0.803093 -0.936039 0.959609 0.932622 0.871670 0.781222 0.726515 0.629578 0.342529 0.190139 0.111363 -0.172328 -0.260125 -0.393273 -0.540876 -0.693703 -0.818614 -0.933061 
59.977318 18365594.000000 52 52 52 0.948611 0.924581 0.925547 0.972456 0.941800 0.910332 0.829997 0.792864 0.680494 0.463255 0.109298 0.047549 -0.187108 -0.255470 -0.413593 -0.555835 -0.770866 -0.846944 -0.925817 0.965624 0.937711 0.899520 0.830106 0.763455 0.661897 0.438076 0.135933 0.069786 -0.162311 -0.248889 -0.365210 -0.559195 -0.702439 -0.816527 -0.908134 
57.633720 4157875.000000 52 50 50 0.927814 0.945334 0.924566 0.984284 0.947335 0.920159 0.871405 0.778480 0.704970 0.495405 0.208998 0.103660 -0.121196 -0.246081 -0.353886 -0.550452 -0.788685 -0.849446 -0.929683 0.978228 0.942099 0.917649 0.837972 0.786892 0.667069 0.511018 0.166641 0.033127 -0.172297 -0.272517 -0.364052 -0.541381 -0.793059 -0.849336 -0.898904 
52.284527 1126782.125000 50 52 52 0.916973 0.915411 0.803133 0.989934 0.966417 0.917510 0.842009 0.779725 0.708043 0.463284 0.235853 0.137769 -0.058542 -0.260758 -0.386781 -0.586955 -0.723493 -0.871342 -0.968144 0.989095 0.956540 0.918262 0.865119 0.798175 0.717587 0.498347 0.212510 0.102945 -0.042998 -0.268216 -0.399383 -0.552049 -0.792801 -0.861908 -0.936374 
44.969254 798525.625000 52 52 62 0.825107 0.552361 0.559663 0.985540 0.933326 0.849571 0.809898 0.704767 0.614411 0.450087 0.236693 0.138060 -0.197512 -0.288252 -0.422900 -0.625354 -0.791804 -0.924763 -0.973965 0.990277 0.966359 0.886313 0.838627 0.739145 0.650440 0.506575 0.261194 0.116138 -0.173080 -0.273829 -0.346044 -0.545728 -0.733303 -0.875311 -0.964473 
40.410439 3927438.500000 62 52 52 0.523385 0.603972 0.702685 0.971454 0.911470 0.858148 0.738539 0.653755 0.522938 0.307916 0.227404 -0.108768 -0.249475 -0.413509 -0.565734 -0.694672 -0.832888 -0.897951 -0.975732 0.965636 0.890682 0.827779 0.758967 0.657474 0.532087 0.276586 0.190271 -0.040875 -0.228504 -0.385812 -0.577585 -0.665214 -0.846274 -0.927375 -0.976411 
37.605976 1004417.187500 52 52 46 0.730881 0.490472 0.818541 0.987949 0.958942 0.856722 0.783682 0.653827 0.541212 0.380676 0.253193 0.043735 -0.226279 -0.381096 -0.548405 -0.688853 -0.810641 -0.916144 -0.987511 0.971660 0.889417 0.847951 0.701805 0.627383 0.463232 0.317551 0.236517 -0.059361 -0.226348 -0.406010 -0.595133 -0.700625 -0.803412 -0.905269 -0.969874 
53.037567 851083.250000 44 50 52 0.596766 0.947436 0.985912 0.988392 0.971707 0.945830 0.856790 0.742219 0.689489 0.599506 0.495714 0.175352 -0.154222 -0.272870 -0.508626 -0.669201 -0.699646 -0.889233 -0.975702 0.989218 0.973153 0.937887 0.831414 0.734932 0.665909 0.591983 0.377902 0.172815 -0.138270 -0.300239 -0.514312 -0.660996 -0.748616 -0.894939 -0.983024 
55.939919 643025.187500 52 52 54 0.983660 0.971543 0.976967 0.987494 0.972906 0.946804 0.873397 0.791881 0.715403 0.614932 0.550607 0.175468 -0.146093 -0.261384 -0.575934 -0.642178 -0.727010 -0.899699 -0.973526 0.987524 0.971666 0.948057 0.868405 0.763763 0.707330 0.616818 0.517596 0.136081 -0.135651 -0.259766 -0.554871 -0.650196 -0.684695 -0.894991 -0.975395 
56.689629 544134.062500 54 54 56 0.950273 0.987382 0.960973 0.987008 0.973879 0.948420 0.876576 0.817105 0.701034 0.618478 0.559730 0.195811 -0.175582 -0.273968 -0.446023 -0.645397 -0.772645 -0.909828 -0.977002 0.987185 0.973766 0.947119 0.870785 0.811115 0.722062 0.615021 0.554585 0.191178 -0.130514 -0.291749 -0.532722 -0.657266 -0.756531 -0.910855 -0.979879 
56.107246 283670.125000 54 56 58 0.952699 0.976818 0.883731 0.986876 0.976194 0.950711 0.891779 0.843027 0.709901 0.621200 0.524862 0.123029 -0.147782 -0.279799 -0.496444 -0.655868 -0.794240 -0.911937 -0.976998 0.987489 0.974732 0.948748 0.881185 0.830997 0.687918 0.612748 0.521135 0.116212 -0.165706 -0.281100 -0.466143 -0.655577 -0.787933 -0.913084 -0.976707 
50.984360 118750.742188 58 62 64 0.894469 0.828319 0.826031 0.988447 0.978904 0.947801 0.897815 0.823209 0.677691 0.613515 0.417495 0.127095 -0.132734 -0.300845 -0.455421 -0.679873 -0.800316 -0.906576 -0.973739 0.987731 0.977941 0.944861 0.887894 0.828406 0.720561 0.634049 0.466544 0.131165 -0.133521 -0.283478 -0.506281 -0.662665 -0.783426 -0.906289 -0.973876 
46.555630 63394.707031 64 66 68 0.851542 0.760119 0.811083 0.991115 0.977949 0.947890 0.892111 0.782461 0.682132 0.608252 0.417955 0.105345 -0.153420 -0.309589 -0.498468 -0.648932 -0.788761 -0.905306 -0.976802 0.990012 0.979458 0.941508 0.889713 0.805176 0.696621 0.616981 0.403504 0.106059 -0.154453 -0.307612 -0.517195 -0.618135 -0.781796 -0.898149 -0.975278 
43.578560 33380.328125 68 70 74 0.775422 0.653846 0.780940 0.994118 0.983169 0.953680 0.878491 0.782975 0.723221 0.612823 0.356383 0.059252 -0.148034 -0.339374 -0.518202 -0.677637 -0.813855 -0.922697 -0.980201 0.993035 0.978898 0.952375 0.883685 0.793134 0.695427 0.593059 0.368522 0.092657 -0.184468 -0.332213 -0.523118 -0.655074 -0.795095 -0.920089 -0.974066 
40.553322 24490.992188 74 72 76 0.834920 0.767282 0.728855 0.992927 0.982490 0.948885 0.870550 0.803092 0.701347 0.560005 0.244528 0.103536 -0.112972 -0.384754 -0.571033 -0.676675 -0.822485 -0.918373 -0.969189 0.994248 0.985550 0.948586 0.856756 0.770171 0.686100 0.589027 0.339254 0.060374 -0.129310 -0.298463 -0.512687 -0.684999 -0.797207 -0.908880 -0.977027 
46.174526 55532.097656 72 72 72 0.717216 0.875396 0.900027 0.987188 0.978775 0.959288 0.928027 0.793189 0.731199 0.483432 0.184026 0.056738 -0.148928 -0.313189 -0.504364 -0.669827 -0.810362 -0.908581 -0.975155 0.990382 0.979005 0.962507 0.918033 0.807025 0.723712 0.496637 0.234327 0.032593 -0.146366 -0.370648 -0.516033 -0.701133 -0.812824 -0.909621 -0.967335 
52.162750 328630.937500 72 72 74 0.922277 0.949989 0.966608 0.985590 0.978110 0.950563 0.926722 0.852390 0.657594 0.162936 0.122768 0.000162 -0.082289 -0.194724 -0.545533 -0.685867 -0.758514 -0.826625 -0.965831 0.986030 0.978415 0.954218 0.931812 0.838552 0.700298 0.237504 0.114383 -0.009282 -0.088573 -0.225330 -0.531942 -0.689378 -0.760395 -0.866427 -0.972960 
55.304169 790952.500000 74 74 74 0.950697 0.942352 0.944805 0.981298 0.970633 0.954123 0.925293 0.877218 0.470000 0.163423 0.140124 -0.021292 -0.086600 -0.228530 -0.577002 -0.645162 -0.731159 -0.815255 -0.960505 0.985179 0.975606 0.952080 0.925404 0.874020 0.524585 0.157881 0.136868 0.011804 -0.083192 -0.188254 -0.569169 -0.653930 -0.714356 -0.823013 -0.960293 
57.012905 1266685.250000 74 74 78 0.949038 0.913983 0.866483 0.977662 0.966665 0.946122 0.914804 0.874703 0.512001 0.141565 0.109708 -0.036059 -0.109292 -0.266920 -0.584622 -0.671488 -0.755902 -0.789007 -0.929695 0.978765 0.968870 0.954311 0.921822 0.875982 0.515868 0.158757 0.117993 -0.042697 -0.095716 -0.282631 -0.569769 -0.657495 -0.754257 -0.800753 -0.955317 
54.838379 1892551.500000 80 80 82 0.857743 0.979855 0.932967 0.976841 0.959280 0.939194 0.910800 0.871215 0.506004 0.134017 0.095868 -0.049220 -0.133762 -0.285149 -0.567041 -0.676728 -0.764617 -0.805497 -0.884885 0.978143 0.961616 0.938745 0.911326 0.868597 0.497590 0.145666 0.111530 -0.039604 -0.107921 -0.282985 -0.576565 -0.677061 -0.757596 -0.792504 -0.932656 
55.997612 2524812.000000 82 84 84 0.956409 0.936113 0.967887 0.976194 0.957722 0.939175 0.913997 0.870582 0.448042 0.130104 0.085120 -0.076470 -0.159495 -0.333167 -0.602089 -0.709673 -0.779775 -0.818829 -0.878496 0.974728 0.957020 0.938108 0.911621 0.868623 0.435564 0.134751 0.105163 -0.055000 -0.130118 -0.320121 -0.567371 -0.698332 -0.772598 -0.807095 -0.877146 
56.903553 2730487.250000 84 84 86 0.977731 0.943572 0.972243 0.974293 0.957415 0.938015 0.913722 0.871060 0.469618 0.111799 0.085246 -0.091710 -0.166823 -0.357276 -0.567718 -0.707487 -0.774029 -0.825423 -0.861952 0.973736 0.957222 0.937631 0.912394 0.866900 0.508512 0.113891 0.080697 -0.081190 -0.159012 -0.328046 -0.572776 -0.711518 -0.773003 -0.816099 -0.857498 
57.235302 3161767.500000 86 86 86 0.979014 0.974419 0.955857 0.973343 0.955535 0.936941 0.913258 0.872543 0.462800 0.110902 0.062115 -0.101445 -0.196075 -0.323562 -0.570246 -0.690572 -0.778712 -0.819868 -0.871764 0.973414 0.957032 0.937600 0.912854 0.865421 0.455933 0.116740 0.087576 -0.084650 -0.180942 -0.355356 -0.563067 -0.701393 -0.770171 -0.824425 -0.859197 
57.345970 2664531.750000 86 86 86 0.952281 0.975482 0.948643 0.970549 0.955624 0.936194 0.914725 0.865489 0.518199 0.109423 0.061734 -0.084135 -0.187147 -0.333461 -0.561792 -0.688876 -0.780095 -0.827917 -0.861375 0.971998 0.955150 0.935469 0.912322 0.867524 0.507636 0.105259 0.067787 -0.102037 -0.195955 -0.326971 -0.568033 -0.684340 -0.768439 -0.823104 -0.855944 
57.420765 2722600.250000 84 84 84 0.962639 0.984933 0.987896 0.972567 0.954173 0.933740 0.914361 0.864712 0.572436 0.103425 0.043327 -0.090681 -0.201153 -0.291214 -0.552027 -0.677417 -0.782029 -0.821046 -0.874958 0.971006 0.955221 0.934840 0.914750 0.863931 0.537382 0.107288 0.053983 -0.087537 -0.196697 -0.310608 -0.543361 -0.680845 -0.773308 -0.819832 -0.876107 
56.816925 2281330.500000 84 82 80 0.962704 0.978974 0.974161 0.975286 0.955110 0.933588 0.915456 0.867813 0.603816 0.069907 0.028245 -0.096855 -0.197605 -0.306002 -0.561915 -0.676420 -0.771512 -0.813832 -0.905513 0.973931 0.954500 0.934417 0.915895 0.870795 0.614407 0.077535 0.042225 -0.088322 -0.204252 -0.321266 -0.561243 -0.678730 -0.778242 -0.823795 -0.882756 
55.264908 1737280.125000 80 78 76 0.972511 0.933840 0.882616 0.972997 0.952759 0.935572 0.911172 0.865030 0.603955 0.063617 0.010094 -0.076250 -0.193256 -0.276573 -0.552651 -0.632361 -0.758607 -0.814669 -0.917084 0.973753 0.954277 0.934337 0.914075 0.873649 0.602741 0.067476 0.025513 -0.102719 -0.194954 -0.316902 -0.550893 -0.658906 -0.773513 -0.818644 -0.884146 
56.195492 1965586.125000 74 72 68 0.925461 0.888091 0.913286 0.976916 0.958247 0.935195 0.920871 0.863424 0.651990 0.071609 -0.014309 -0.104727 -0.211488 -0.293559 -0.553889 -0.647541 -0.792318 -0.820426 -0.917921 0.977253 0.956490 0.937665 0.916463 0.861543 0.630983 0.066574 0.005964 -0.093511 -0.193004 -0.269607 -0.543513 -0.640126 -0.763510 -0.825583 -0.915583 
55.303211 1617374.375000 68 64 60 0.912471 0.953933 0.970836 0.977522 0.961223 0.935571 0.913598 0.864646 0.692013 0.047883 -0.052167 -0.122999 -0.208905 -0.288584 -0.531928 -0.673495 -0.792799 -0.817151 -0.887458 0.977545 0.960422 0.932704 0.916634 0.869965 0.687074 0.063614 -0.025675 -0.106746 -0.203251 -0.292933 -0.510715 -0.667293 -0.785533 -0.814805 -0.894403 
53.995289 1162608.125000 60 58 56 0.970138 0.980940 0.938455 0.979842 0.962961 0.942929 0.923085 0.834022 0.726349 0.058752 -0.108193 -0.167213 -0.236491 -0.301930 -0.549399 -0.671694 -0.785815 -0.826420 -0.883828 0.978218 0.961924 0.942791 0.917636 0.834115 0.709842 0.080097 -0.073111 -0.150001 -0.231778 -0.300174 -0.564542 -0.677462 -0.796522 -0.818742 -0.904327 
52.277184 538454.937500 56 52 50 0.950150 0.966609 0.925846 0.987742 0.967349 0.934474 0.921680 0.859521 0.743388 0.280499 -0.134665 -0.173205 -0.263379 -0.301418 -0.473723 -0.700206 -0.776100 -0.820682 -0.922101 0.982906 0.964401 0.939650 0.926839 0.853291 0.715019 0.214763 -0.134912 -0.176448 -0.248863 -0.290873 -0.528747 -0.679698 -0.764165 -0.822315 -0.897860 
47.319984 88392.421875 50 48 48 0.923168 0.959892 0.861649 0.989350 0.978019 0.948820 0.916698 0.854753 0.750277 0.353358 -0.004685 -0.137864 -0.237287 -0.282193 -0.453043 -0.717026 -0.796155 -0.845552 -0.952041 0.989790 0.978181 0.934842 0.918615 0.860416 0.724902 0.312273 -0.081345 -0.184707 -0.244187 -0.290340 -0.467459 -0.716212 -0.788257 -0.823725 -0.934808 
42.168945 30792.361328 48 48 44 0.819997 0.787837 0.537665 0.988326 0.973870 0.943634 0.913476 0.853245 0.632442 0.374398 0.012116 -0.134893 -0.207755 -0.298335 -0.424978 -0.692075 -0.799563 -0.878853 -0.971111 0.989286 0.975724 0.956601 0.925056 0.848259 0.698569 0.364992 0.049158 -0.114864 -0.228929 -0.290423 -0.418130 -0.712676 -0.810526 -0.863979 -0.969162 
30.776894 17327.503906 44 50 20 0.667105 0.694617 0.645333 0.975953 0.954454 0.934469 0.899357 0.795047 0.549040 0.324005 0.047230 -0.189334 -0.266144 -0.313867 -0.443602 -0.682139 -0.802783 -0.902252 -0.977260 0.985984 0.966751 0.931682 0.906314 0.815327 0.558913 0.340066 0.058841 -0.144974 -0.253104 -0.325054 -0.387076 -0.691110 -0.805399 -0.898745 -0.972790 
27.380829 8031.182617 54 36 62 0.696249 0.646661 0.559915 0.979458 0.957884 0.931827 0.901116 0.750463 0.522022 0.305927 0.069197 -0.106475 -0.252516 -0.296741 -0.495962 -0.711501 -0.826492 -0.907920 -0.973949 0.966270 0.951456 0.932576 0.906089 0.758610 0.523918 0.320124 0.012796 -0.180375 -0.265469 -0.302627 -0.437195 -0.683304 -0.846925 -0.912745 -0.977099 
21.953335 6770.726562 206 98 138 0.556749 0.603359 0.519625 0.981578 0.956341 0.930568 0.871935 0.705862 0.547601 0.313608 0.069086 -0.110747 -0.268525 -0.411785 -0.588582 -0.728783 -0.842721 -0.897066 -0.976192 0.972146 0.949401 0.932816 0.883475 0.725150 0.522574 0.342838 0.075475 -0.110463 -0.239887 -0.309089 -0.525443 -0.703887 -0.826530 -0.904594 -0.962683 
19.646532 4563.642090 60 46 86 0.504644 0.746028 0.571104 0.985065 0.971757 0.927340 0.855292 0.681347 0.494608 0.297478 0.130300 -0.101536 -0.213882 -0.346166 -0.545647 -0.729755 -0.836503 -0.921085 -0.976735 0.983912 0.960995 0.937797 0.856950 0.667522 0.477682 0.305160 0.083706 -0.133473 -0.284387 -0.437805 -0.601845 -0.752536 -0.853420 -0.906186 -0.975461 
17.015657 4280.706543 88 88 86 0.593383 0.664214 0.583556 0.978512 0.947910 0.923005 0.852402 0.666015 0.527144 0.365504 0.154657 -0.074276 -0.233683 -0.424936 -0.560826 -0.747092 -0.842790 -0.929299 -0.970087 0.985749 0.962025 0.922374 0.874365 0.657376 0.550172 0.326897 0.145113 -0.089859 -0.223148 -0.390189 -0.600940 -0.715066 -0.829224 -0.923829 -0.967148 
17.448362 5380.917480 86 82 84 0.522648 0.536031 0.427394 0.980440 0.954865 0.916970 0.818823 0.675691 0.581042 0.371911 0.157750 -0.134950 -0.172170 -0.419665 -0.532409 -0.714884 -0.822768 -0.906057 -0.974730 0.981222 0.954322 0.921567 0.858715 0.666751 0.543053 0.361104 0.161616 -0.123563 -0.208382 -0.415031 -0.553816 -0.671835 -0.858935 -0.914001 -0.978829 
17.429140 4652.527832 50 128 128 0.610296 0.599152 0.600949 0.986284 0.971463 0.901811 0.808947 0.642894 0.551716 0.331733 0.181374 -0.094451 -0.210009 -0.358118 -0.552543 -0.718522 -0.814514 -0.913986 -0.981451 0.983275 0.964828 0.917283 0.799890 0.650859 0.552091 0.384832 0.213891 -0.118386 -0.195645 -0.366000 -0.563940 -0.713244 -0.818346 -0.916037 -0.973565 
16.389256 5368.061035 88 86 92 0.581284 0.472301 0.602734 0.988590 0.963878 0.912448 0.795178 0.659492 0.565857 0.367063 0.160082 -0.088586 -0.226250 -0.404322 -0.547210 -0.699684 -0.822147 -0.898928 -0.966244 0.986518 0.969562 0.897352 0.778370 0.654292 0.573275 0.310317 0.162110 -0.068784 -0.238667 -0.392820 -0.586626 -0.728077 -0.824033 -0.897962 -0.981667 
14.581026 4160.671387 88 122 82 0.558791 0.502786 0.525441 0.987306 0.968224 0.906066 0.790511 0.646911 0.594932 0.273735 0.115811 -0.085652 -0.218103 -0.388792 -0.573781 -0.728619 -0.815475 -0.922163 -0.978362 0.987478 0.966581 0.894940 0.806426 0.626183 0.579970 0.350298 0.083228 -0.119521 -0.226358 -0.367837 -0.549724 -0.697082 -0.835816 -0.912056 -0.961894 
15.272991 3878.818604 42 90 86 0.582245 0.465791 0.589525 0.979512 0.956741 0.917406 0.784757 0.665226 0.566981 0.317859 0.147581 -0.017523 -0.225291 -0.405110 -0.574090 -0.700257 -0.849280 -0.932557 -0.987276 0.987950 0.969716 0.903088 0.812025 0.653336 0.539376 0.307128 0.152706 -0.095935 -0.211610 -0.397403 -0.546265 -0.708943 -0.807410 -0.923022 -0.978095 
13.298526 2722.104492 86 40 86 0.481323 0.692455 0.441285 0.986293 0.969951 0.890541 0.785614 0.636373 0.548019 0.331372 0.147459 -0.131644 -0.252912 -0.413365 -0.553887 -0.687591 -0.827787 -0.932559 -0.972884 0.985311 0.967807 0.912334 0.781865 0.663294 0.552924 0.311870 0.138884 -0.071076 -0.222373 -0.390465 -0.566210 -0.703650 -0.872045 -0.918878 -0.979812 
13.547648 2844.286133 52 38 84 0.488666 0.581514 0.547738 0.986608 0.968461 0.932056 0.791674 0.641033 0.502354 0.321551 0.096189 -0.050703 -0.266846 -0.399939 -0.573667 -0.721105 -0.814944 -0.940839 -0.971619 0.984635 0.967161 0.895474 0.803599 0.635406 0.533694 0.296458 0.133872 -0.098310 -0.235509 -0.432585 -0.560049 -0.725931 -0.837741 -0.924323 -0.966168 
12.375870 2802.246826 86 124 48 0.494158 0.504047 0.603826 0.986584 0.967242 0.903615 0.782495 0.677433 0.544451 0.262817 0.062713 -0.105888 -0.204972 -0.451518 -0.554945 -0.747082 -0.830473 -0.931412 -0.978352 0.986409 0.968284 0.894047 0.816071 0.653215 0.513988 0.328750 0.121967 -0.114434 -0.234825 -0.444763 -0.561621 -0.715732 -0.858142 -0.939543 -0.970271 
13.185128 2704.268311 48 50 80 0.644849 0.418405 0.556303 0.980999 0.965768 0.923662 0.783499 0.611939 0.488337 0.302923 0.071806 -0.092024 -0.279495 -0.392002 -0.557198 -0.734536 -0.863240 -0.918232 -0.983364 0.988808 0.970191 0.920126 0.815332 0.678973 0.495031 0.267065 0.097408 -0.075031 -0.243058 -0.400904 -0.518342 -0.713684 -0.843742 -0.909356 -0.977116 
12.918045 2883.510986 82 42 82 0.584519 0.558642 0.483537 0.985253 0.968529 0.907636 0.827470 0.660659 0.496099 0.316427 0.115723 -0.086818 -0.246248 -0.434303 -0.573664 -0.712105 -0.856145 -0.936163 -0.983149 0.986741 0.969933 0.901118 0.801984 0.628309 0.504886 0.268832 0.123559 -0.086913 -0.255413 -0.424924 -0.557923 -0.722705 -0.858678 -0.918155 -0.976033 
14.393957 1818.171265 176 86 86 0.520542 0.528282 0.643213 0.986414 0.975495 0.914286 0.818166 0.651408 0.537426 0.376260 0.136804 -0.089933 -0.231798 -0.466010 -0.608188 -0.742965 -0.854851 -0.905691 -0.977097 0.987164 0.972924 0.918360 0.833686 0.675960 0.500396 0.287216 0.143813 -0.091103 -0.245062 -0.422498 -0.588987 -0.749335 -0.833981 -0.930222 -0.975524 
10.158959 1249.405884 88 86 86 0.571748 0.367787 0.510878 0.979052 0.964224 0.915141 0.808046 0.675006 0.521781 0.305476 0.187508 -0.032585 -0.240426 -0.437118 -0.564972 -0.727680 -0.849133 -0.930234 -0.966684 0.986464 0.960580 0.910010 0.802812 0.660753 0.482398 0.348507 0.127481 -0.044891 -0.258622 -0.453010 -0.603432 -0.762758 -0.839475 -0.928820 -0.970209 
9.800633 1372.779785 86 88 86 0.522737 0.537265 0.664781 0.983314 0.968908 0.910866 0.789803 0.653520 0.509089 0.366385 0.094218 -0.100958 -0.294102 -0.436508 -0.590800 -0.707161 -0.830907 -0.934102 -0.978071 0.983821 0.965108 0.898793 0.803976 0.664286 0.501614 0.342255 0.139356 -0.031769 -0.291385 -0.456993 -0.572963 -0.728372 -0.802301 -0.928028 -0.976647 
11.521954 1441.511230 86 96 84 0.489169 0.616680 0.572183 0.986276 0.971400 0.918379 0.835396 0.650618 0.509555 0.281464 0.101867 -0.058313 -0.252370 -0.456559 -0.573472 -0.729686 -0.842470 -0.941600 -0.972882 0.986314 0.967848 0.920430 0.820812 0.658792 0.514143 0.300059 0.134243 -0.103307 -0.241904 -0.432149 -0.551824 -0.730500 -0.857427 -0.938792 -0.976399 
14.569239 5637.045410 214 46 34 0.630186 0.628403 0.453569 0.973602 0.943177 0.911775 0.849588 0.768043 0.557728 0.233561 0.058690 -0.030287 -0.157275 -0.248635 -0.485495 -0.680180 -0.824518 -0.916280 -0.973291 0.987252 0.972178 0.907780 0.833553 0.613471 0.478702 0.321528 0.099453 -0.046642 -0.222226 -0.439570 -0.570273 -0.732386 -0.845962 -0.934273 -0.981602 
43.731152 309711.781250 88 52 218 0.261562 0.667944 0.711035 0.975182 0.948293 0.924816 0.877072 0.802163 0.735879 0.248946 0.054604 0.011262 -0.125311 -0.223085 -0.265689 -0.459440 -0.859965 -0.904176 -0.939429 0.948088 0.937780 0.918618 0.852086 0.806508 0.723444 0.102769 0.056399 -0.049271 -0.130880 -0.232864 -0.290059 -0.582619 -0.827826 -0.909486 -0.946680 
55.291843 1501277.500000 70 70 74 0.480564 0.918757 0.892718 0.979211 0.950997 0.934237 0.889447 0.814293 0.760856 0.386215 0.110860 0.074682 -0.079590 -0.184923 -0.255635 -0.591446 -0.808773 -0.880073 -0.961470 0.978675 0.947323 0.927585 0.876474 0.806232 0.751171 0.437761 0.108992 0.038660 -0.076809 -0.185855 -0.268273 -0.603648 -0.805164 -0.891218 -0.942017 
54.798080 388560.406250 74 72 74 0.871761 0.935559 0.972958 0.983543 0.964893 0.938130 0.909123 0.828349 0.793352 0.416329 0.192034 0.132731 -0.132122 -0.202056 -0.308935 -0.615896 -0.782258 -0.899815 -0.975731 0.981374 0.956592 0.933763 0.898301 0.820373 0.767210 0.429646 0.151428 0.100756 -0.047079 -0.188815 -0.265480 -0.550215 -0.774714 -0.889257 -0.974089 
49.918640 582213.250000 74 74 76 0.974480 0.924722 0.884714 0.985313 0.963780 0.929198 0.881299 0.820996 0.751750 0.280988 0.212909 0.088956 -0.188540 -0.289328 -0.533239 -0.668103 -0.855871 -0.946410 -0.985233 0.984017 0.964875 0.937426 0.903987 0.835128 0.784768 0.356222 0.203634 0.152277 -0.085743 -0.231818 -0.349587 -0.626824 -0.809841 -0.916166 -0.981414 
43.971275 806615.312500 76 78 76 0.915542 0.859101 0.780808 0.988598 0.970841 0.924424 0.851565 0.788871 0.600483 0.287434 0.134601 -0.090900 -0.287490 -0.372226 -0.614920 -0.758619 -0.869842 -0.938914 -0.983922 0.987025 0.965044 0.923222 0.861139 0.807223 0.663819 0.303628 0.179512 0.015299 -0.249393 -0.309313 -0.494790 -0.727942 -0.814565 -0.950104 -0.987605 
40.842548 748281.687500 76 76 76 0.803503 0.648966 0.605232 0.992112 0.966826 0.912159 0.856947 0.725938 0.461362 0.253347 0.120318 -0.074571 -0.240686 -0.355543 -0.479569 -0.706301 -0.917925 -0.960798 -0.993874 0.990600 0.974603 0.915054 0.860456 0.773783 0.558169 0.282621 0.107610 -0.086983 -0.262285 -0.369406 -0.520547 -0.738672 -0.896079 -0.937411 -0.986905 
38.555290 655624.187500 88 166 88 0.597255 0.630510 0.556881 0.993548 0.977335 0.898307 0.820900 0.732359 0.327168 0.245388 0.086820 -0.106484 -0.255170 -0.394347 -0.598434 -0.675436 -0.858005 -0.956391 -0.978178 0.993336 0.971781 0.917150 0.854191 0.677221 0.411613 0.228109 0.083757 -0.096722 -0.231992 -0.397542 -0.593237 -0.725549 -0.898292 -0.958303 -0.988023 
32.547134 40404.976562 94 94 90 0.593268 0.461121 0.428594 0.987178 0.959847 0.918389 0.878339 0.784139 0.539573 0.314497 0.169326 -0.034197 -0.194552 -0.355527 -0.553953 -0.738150 -0.871923 -0.955396 -0.983165 0.991568 0.970896 0.919554 0.855308 0.756951 0.478489 0.295474 0.128781 -0.105909 -0.253013 -0.396981 -0.598993 -0.717524 -0.851157 -0.942158 -0.977239 
25.883091 8069.938477 222 222 148 0.510705 0.526119 0.648798 0.984972 0.949611 0.929319 0.843934 0.803942 0.574503 0.374788 0.220053 0.031988 -0.189075 -0.417058 -0.538805 -0.752033 -0.848152 -0.933671 -0.975422 0.981537 0.944777 0.923271 0.850264 0.798805 0.577675 0.349604 0.215174 -0.025750 -0.214518 -0.376963 -0.514442 -0.700519 -0.859941 -0.949272 -0.974494 
19.143656 4908.468262 74 76 130 0.445939 0.687959 0.285997 0.980534 0.941113 0.907648 0.854247 0.738603 0.535599 0.333205 0.181445 -0.011156 -0.192223 -0.371631 -0.555054 -0.715546 -0.828142 -0.935340 -0.983840 0.983634 0.947751 0.909458 0.841244 0.775608 0.551131 0.391912 0.202353 -0.000970 -0.190521 -0.358876 -0.542631 -0.728930 -0.842394 -0.925838 -0.977480 
15.302933 2887.018066 90 86 88 0.333925 0.398644 0.361296 0.984382 0.964186 0.910544 0.836407 0.720870 0.515548 0.374453 0.183213 -0.035402 -0.219184 -0.399280 -0.561101 -0.721894 -0.847737 -0.910723 -0.967276 0.983333 0.960240 0.904752 0.835598 0.740565 0.506744 0.343018 0.159435 -0.067122 -0.260526 -0.411938 -0.544943 -0.700381 -0.801779 -0.924216 -0.981031 
15.048597 2817.748779 92 46 88 0.401771 0.487798 0.474137 0.987477 0.968607 0.924995 0.833033 0.669667 0.553221 0.293763 0.167774 -0.073996 -0.292673 -0.440100 -0.551302 -0.718161 -0.872653 -0.921575 -0.972016 0.986385 0.964173 0.929864 0.824348 0.680243 0.533511 0.322863 0.193148 -0.065904 -0.272853 -0.417652 -0.585370 -0.724308 -0.839531 -0.914183 -0.954387 
35.177433 2929478.750000 92 84 44 0.608690 0.390651 0.316009 0.964815 0.950900 0.817771 0.699151 0.620474 0.451751 0.269737 0.098797 -0.089251 -0.256632 -0.399017 -0.596318 -0.694793 -0.789564 -0.900472 -0.960407 0.978730 0.903880 0.770244 0.682500 0.576916 0.412004 0.234331 0.076418 -0.120543 -0.260790 -0.413330 -0.571744 -0.708584 -0.804813 -0.904331 -0.953036 
36.858994 127874.312500 88 72 66 0.207138 0.333644 0.695809 0.990599 0.980832 0.939716 0.853884 0.726585 0.615927 0.367159 0.185253 -0.030390 -0.240986 -0.356448 -0.573270 -0.706382 -0.814614 -0.905284 -0.972403 0.968899 0.953336 0.878213 0.714632 0.639521 0.471697 0.296570 0.041859 -0.116160 -0.261452 -0.387006 -0.642526 -0.698351 -0.823891 -0.915882 -0.968941 
53.539471 443407.531250 64 66 64 0.563430 0.938942 0.955214 0.983244 0.976449 0.945395 0.891244 0.820797 0.693870 0.636340 0.440728 0.024115 -0.142592 -0.353577 -0.679966 -0.795298 -0.826201 -0.856641 -0.937112 0.985029 0.977136 0.947518 0.893993 0.815517 0.697408 0.532800 0.276441 0.058237 -0.181010 -0.332021 -0.544080 -0.704848 -0.799678 -0.881874 -0.968054 
57.305717 1679952.625000 64 62 60 0.975060 0.958042 0.848783 0.978624 0.965398 0.934977 0.848899 0.784267 0.716287 0.622680 0.556864 0.055271 -0.050921 -0.236119 -0.678032 -0.817023 -0.840085 -0.875178 -0.907457 0.981715 0.973484 0.940322 0.878529 0.802830 0.707129 0.625592 0.557549 0.044590 -0.096212 -0.333131 -0.716458 -0.808200 -0.834996 -0.864683 -0.913138 
60.907749 19586472.000000 60 58 54 0.966770 0.936828 0.967506 0.965366 0.946247 0.922581 0.785428 0.711792 0.642166 0.569467 0.439295 0.138059 -0.023361 -0.094422 -0.703828 -0.812561 -0.842298 -0.876390 -0.941050 0.971436 0.954603 0.923411 0.811652 0.760474 0.673825 0.612045 0.511236 0.108785 -0.036199 -0.118208 -0.700526 -0.824454 -0.843179 -0.877704 -0.907657 
62.652557 84050960.000000 54 52 50 0.951152 0.914016 0.974688 0.958541 0.933566 0.902462 0.759052 0.670057 0.596401 0.355385 0.283082 0.106315 -0.043594 -0.147353 -0.376007 -0.693174 -0.814615 -0.855693 -0.941448 0.957717 0.939890 0.914059 0.761054 0.687511 0.620373 0.474991 0.339268 0.184287 -0.042163 -0.088507 -0.533861 -0.794856 -0.825840 -0.868497 -0.934243 
62.387192 158864432.000000 50 48 46 0.962774 0.936931 0.977825 0.964334 0.922992 0.879366 0.761088 0.642099 0.584198 0.362396 0.204277 0.089609 -0.119233 -0.218591 -0.378437 -0.597862 -0.739078 -0.784049 -0.961696 0.961369 0.926596 0.890584 0.763768 0.648726 0.596247 0.339138 0.224960 0.084165 -0.084358 -0.178166 -0.359735 -0.606471 -0.776051 -0.839826 -0.959053 
61.106915 191872976.000000 46 44 44 0.961693 0.910346 0.975006 0.970329 0.923047 0.865525 0.748018 0.651346 0.551714 0.356019 0.189845 0.082432 -0.164768 -0.270539 -0.428042 -0.604499 -0.783358 -0.827849 -0.909984 0.968073 0.923376 0.870519 0.748008 0.647456 0.556565 0.359684 0.196514 0.078064 -0.149448 -0.247404 -0.416714 -0.591360 -0.766024 -0.798258 -0.952907 
59.389378 123376296.000000 44 44 44 0.976240 0.922232 0.964286 0.973986 0.927935 0.861078 0.751949 0.653983 0.559234 0.391517 0.189578 0.085002 -0.138935 -0.280543 -0.474337 -0.594212 -0.765519 -0.843134 -0.934885 0.972611 0.926746 0.861650 0.762107 0.656473 0.554241 0.363422 0.191877 0.078493 -0.146801 -0.284124 -0.447336 -0.597914 -0.754776 -0.843476 -0.887485 
57.764870 72993240.000000 44 44 46 0.958700 0.916805 0.907132 0.973762 0.918971 0.867294 0.796484 0.624108 0.561982 0.399277 0.177781 0.083923 -0.103774 -0.294669 -0.443143 -0.599161 -0.728852 -0.826077 -0.943447 0.975050 0.925858 0.859774 0.763066 0.637070 0.560609 0.386552 0.196114 0.086483 -0.110818 -0.290661 -0.457707 -0.588242 -0.735817 -0.831147 -0.950823 
57.361946 51021892.000000 46 50 54 0.946320 0.865458 0.889052 0.974130 0.925236 0.879437 0.788333 0.648139 0.576297 0.406216 0.193821 0.102108 -0.109608 -0.278835 -0.463136 -0.594986 -0.740788 -0.833281 -0.915065 0.974371 0.915465 0.870257 0.782710 0.640365 0.579472 0.394478 0.184729 0.104011 -0.112231 -0.283559 -0.463428 -0.597151 -0.745159 -0.830364 -0.947776 
54.154938 31299402.000000 52 60 66 0.853740 0.823311 0.777618 0.967546 0.919424 0.867667 0.770469 0.635736 0.565693 0.360436 0.207363 0.079075 -0.090594 -0.296481 -0.436796 -0.609087 -0.740703 -0.855429 -0.892546 0.968528 0.928056 0.876725 0.764892 0.639062 0.573401 0.372999 0.191624 0.085999 -0.103499 -0.280415 -0.475442 -0.595666 -0.743373 -0.837916 -0.919355 
52.373241 13790319.000000 66 74 76 0.697487 0.839260 0.669391 0.969819 0.919158 0.869409 0.803004 0.645817 0.592472 0.391033 0.212862 0.092858 -0.066262 -0.298678 -0.421915 -0.609496 -0.734706 -0.868869 -0.899858 0.964479 0.919532 0.872489 0.781968 0.632818 0.572572 0.387658 0.193907 0.078231 -0.088122 -0.310251 -0.430956 -0.604172 -0.721398 -0.861767 -0.886178 
51.762108 28075292.000000 76 150 90 0.603339 0.709594 0.399563 0.964372 0.907906 0.871251 0.739530 0.614942 0.569758 0.321754 0.172122 0.066582 -0.132974 -0.343556 -0.443298 -0.695947 -0.790408 -0.915274 -0.932682 0.971292 0.916456 0.865335 0.762292 0.624017 0.566294 0.336476 0.185548 0.068058 -0.118312 -0.331354 -0.441774 -0.679209 -0.782498 -0.900017 -0.927514 
44.709221 1417591.750000 220 220 90 0.540508 0.609394 0.726073 0.965147 0.932997 0.882481 0.834732 0.643367 0.601876 0.423326 0.198553 0.084075 -0.031533 -0.305243 -0.411049 -0.611485 -0.794769 -0.902421 -0.929006 0.962105 0.934138 0.881943 0.837820 0.649104 0.589661 0.452581 0.195708 0.082842 -0.037929 -0.306649 -0.408447 -0.602530 -0.756920 -0.915585 -0.935667 
41.005558 912627.750000 90 78 76 0.659354 0.544155 0.575828 0.988047 0.941656 0.880444 0.822518 0.664181 0.560753 0.440225 0.243737 0.152679 -0.028203 -0.303893 -0.430747 -0.639054 -0.798951 -0.888087 -0.936654 0.983797 0.927646 0.877421 0.827583 0.663556 0.581071 0.403098 0.207305 0.107524 -0.057903 -0.353187 -0.423219 -0.670661 -0.787995 -0.894794 -0.945108 
40.227413 512112.500000 74 90 86 0.639838 0.692855 0.668407 0.992064 0.944444 0.888463 0.793985 0.645318 0.580812 0.380997 0.209690 0.086642 -0.025187 -0.255835 -0.359679 -0.455520 -0.704556 -0.877523 -0.963458 0.987880 0.945552 0.894284 0.831789 0.669163 0.575301 0.420470 0.254581 0.100934 -0.036600 -0.268962 -0.404860 -0.516530 -0.767161 -0.888763 -0.940592 
37.269863 299862.281250 84 86 84 0.736046 0.683897 0.694606 0.994515 0.939508 0.878560 0.811088 0.634592 0.543986 0.333551 0.211641 0.023289 -0.031822 -0.237055 -0.336474 -0.462050 -0.725330 -0.889688 -0.956935 0.994164 0.945820 0.864468 0.807135 0.626754 0.575670 0.341680 0.190919 0.080154 -0.054923 -0.240682 -0.341972 -0.408109 -0.711491 -0.886899 -0.956364 
32.556862 599669.312500 84 90 90 0.643214 0.722677 0.404279 0.985429 0.886879 0.849059 0.762674 0.628180 0.553506 0.296720 0.075332 -0.025775 -0.264763 -0.446638 -0.557764 -0.707964 -0.890534 -0.958766 -0.977325 0.990655 0.927231 0.884832 0.785326 0.644173 0.569167 0.412462 0.190105 0.055123 -0.029476 -0.181471 -0.403237 -0.564790 -0.754583 -0.894524 -0.970484 
37.116436 2516977.250000 138 58 100 0.373423 0.410904 0.359084 0.956249 0.863300 0.838557 0.670438 0.604274 0.286440 0.049489 -0.043863 -0.282513 -0.378510 -0.482861 -0.688442 -0.807538 -0.903657 -0.966798 -0.995446 0.953115 0.885299 0.834484 0.681709 0.587695 0.381592 0.128426 0.008768 -0.266196 -0.362164 -0.467614 -0.689474 -0.796699 -0.899849 -0.961292 -0.990496 
41.914757 2732720.000000 88 130 80 0.344144 0.372976 0.492039 0.961276 0.871245 0.793782 0.700671 0.554564 0.279970 0.086492 -0.027552 -0.318145 -0.446551 -0.612081 -0.734726 -0.831324 -0.945934 -0.969959 -0.990308 0.968623 0.866168 0.820740 0.674179 0.574077 0.320640 0.059680 -0.045159 -0.257925 -0.399602 -0.514377 -0.742240 -0.813026 -0.906848 -0.971676 -0.991313 
44.477577 2642874.000000 130 98 132 0.468657 0.297190 0.287868 0.959628 0.878335 0.791890 0.704697 0.587671 0.234723 0.065380 -0.198479 -0.279149 -0.421214 -0.592072 -0.735866 -0.833183 -0.948710 -0.966347 -0.984272 0.957010 0.882859 0.789589 0.710306 0.567760 0.281703 0.067549 -0.125055 -0.277726 -0.401990 -0.603351 -0.710992 -0.858027 -0.947051 -0.969498 -0.982081 
41.918369 2379141.500000 132 54 54 0.449242 0.642555 0.453344 0.980722 0.901174 0.819622 0.662222 0.571521 0.260293 0.001353 -0.194727 -0.317908 -0.415802 -0.528483 -0.742175 -0.847154 -0.924974 -0.963505 -0.986334 0.979699 0.897272 0.788006 0.703568 0.594720 0.333798 0.031388 -0.186323 -0.333760 -0.459443 -0.583866 -0.759332 -0.842927 -0.933214 -0.959418 -0.984371 
40.057774 1019775.687500 170 58 44 0.494594 0.348271 0.453307 0.975674 0.901623 0.825730 0.692046 0.560073 0.224455 -0.082887 -0.185112 -0.357869 -0.432964 -0.575747 -0.778365 -0.839541 -0.893665 -0.959207 -0.976698 0.983206 0.922327 0.836964 0.697062 0.550565 0.249532 -0.032555 -0.204046 -0.367068 -0.437581 -0.574756 -0.722834 -0.863661 -0.925088 -0.952658 -0.987588 
40.795784 922490.000000 44 96 46 0.463517 0.501422 0.497760 0.977144 0.924878 0.814997 0.691105 0.540754 0.164174 -0.083732 -0.246261 -0.344475 -0.446548 -0.607875 -0.717479 -0.855358 -0.935109 -0.959914 -0.979302 0.988290 0.954746 0.835050 0.680310 0.515318 0.134162 -0.102510 -0.222579 -0.341652 -0.421494 -0.591501 -0.789367 -0.839315 -0.905594 -0.965243 -0.983653 
38.725327 417980.562500 120 94 82 0.405949 0.682543 0.560814 0.986895 0.955880 0.848382 0.733614 0.497455 0.250681 -0.016700 -0.147213 -0.326552 -0.472501 -0.635804 -0.768424 -0.869337 -0.938400 -0.966491 -0.989502 0.984724 0.933304 0.823602 0.723992 0.510758 0.161798 0.012267 -0.235305 -0.349814 -0.466228 -0.611611 -0.741034 -0.843279 -0.932801 -0.959928 -0.978710 
26.700537 44007.453125 86 84 86 0.586155 0.375817 0.696876 0.986566 0.959579 0.874471 0.800772 0.599542 0.477897 0.145645 -0.110179 -0.298786 -0.391566 -0.555890 -0.692735 -0.838320 -0.909800 -0.961403 -0.994657 0.982782 0.939498 0.863903 0.746018 0.564617 0.378606 -0.005345 -0.170720 -0.325564 -0.438339 -0.607270 -0.745815 -0.821044 -0.903772 -0.953303 -0.989141 
19.985615 23134.046875 86 88 88 0.702994 0.680650 0.521072 0.987390 0.974380 0.862899 0.773706 0.601368 0.523231 0.270423 0.060580 -0.288129 -0.383043 -0.536648 -0.722403 -0.840253 -0.929031 -0.953328 -0.982092 0.987611 0.963550 0.876818 0.785303 0.598909 0.500166 0.257616 0.001979 -0.315592 -0.397917 -0.584081 -0.706838 -0.816516 -0.927776 -0.956894 -0.978352 
15.701331 12638.669922 174 174 38 0.558122 0.516905 0.691107 0.984841 0.956565 0.885660 0.810313 0.634313 0.500100 0.315623 0.112038 -0.119923 -0.349214 -0.488531 -0.678110 -0.849009 -0.919189 -0.954813 -0.981988 0.986320 0.950333 0.885065 0.821047 0.610124 0.502062 0.283984 0.078120 -0.206255 -0.379744 -0.478673 -0.727294 -0.832452 -0.903869 -0.946403 -0.987584 
16.587076 8916.804688 38 46 38 0.453434 0.540888 0.711210 0.985659 0.971106 0.888286 0.810662 0.654666 0.511559 0.281783 0.108972 -0.158772 -0.312053 -0.474770 -0.668076 -0.812947 -0.929355 -0.960736 -0.987993 0.986922 0.967743 0.882500 0.802217 0.625302 0.504698 0.267801 0.117111 -0.166643 -0.318729 -0.494577 -0.667995 -0.834728 -0.932229 -0.962478 -0.983443 
18.229769 9976.252930 128 130 132 0.568939 0.628085 0.607436 0.988144 0.976436 0.910671 0.797429 0.612030 0.461277 0.267940 0.039896 -0.126114 -0.240046 -0.447954 -0.615734 -0.784619 -0.903539 -0.943451 -0.977466 0.987986 0.975544 0.889761 0.769622 0.625811 0.470264 0.213600 0.002150 -0.115196 -0.211099 -0.360503 -0.616592 -0.783419 -0.906669 -0.954644 -0.979259 
16.080362 5489.855469 86 86 86 0.542412 0.708210 0.672045 0.986492 0.975763 0.897288 0.812775 0.613995 0.524295 0.333602 0.096112 -0.063063 -0.303903 -0.474020 -0.610208 -0.758639 -0.873962 -0.951975 -0.973167 0.989373 0.968695 0.911890 0.821524 0.627539 0.500969 0.303869 0.149538 -0.083622 -0.261771 -0.469271 -0.623923 -0.798238 -0.885057 -0.938027 -0.977835 
30.435268 167666.625000 90 90 84 0.790143 0.315274 0.339672 0.936889 0.919392 0.816860 0.701019 0.599643 0.563395 0.345434 0.239325 0.101195 -0.175524 -0.277844 -0.333943 -0.637936 -0.808486 -0.880622 -0.962121 0.976513 0.927098 0.842919 0.721238 0.619071 0.555750 0.346453 0.235649 0.073055 -0.202599 -0.280082 -0.392653 -0.692309 -0.832910 -0.938801 -0.970970 
48.532047 7904268.500000 50 40 54 0.506078 0.561751 0.816571 0.975965 0.941350 0.885356 0.797425 0.620803 0.576922 0.390171 0.249041 0.140602 -0.020857 -0.240563 -0.319307 -0.586354 -0.753192 -0.838931 -0.896836 0.981118 0.935501 0.873686 0.741428 0.608251 0.544909 0.325004 0.272246 0.068093 -0.029100 -0.259497 -0.306920 -0.550779 -0.776193 -0.822204 -0.952728 
56.780777 42867820.000000 54 54 52 0.587753 0.979348 0.981896 0.967215 0.936844 0.891680 0.754947 0.622737 0.571897 0.355179 0.227954 0.121502 -0.051884 -0.253845 -0.334357 -0.628747 -0.747764 -0.837639 -0.880157 0.968118 0.935689 0.882918 0.749739 0.618942 0.568969 0.343742 0.231995 0.126106 -0.044740 -0.257253 -0.329582 -0.658118 -0.760639 -0.846506 -0.887473 
58.228039 65050576.000000 52 50 50 0.990699 0.960085 0.983433 0.972757 0.935289 0.903351 0.760191 0.621183 0.555524 0.351609 0.214959 0.106919 -0.070553 -0.244655 -0.365703 -0.627689 -0.754500 -0.822968 -0.892915 0.971748 0.936733 0.902818 0.764795 0.620407 0.561154 0.373362 0.231600 0.107868 -0.059692 -0.241919 -0.344877 -0.622627 -0.729452 -0.828194 -0.873323 
58.697868 59578460.000000 50 48 46 0.984227 0.986021 0.975042 0.976177 0.939760 0.896539 0.769183 0.629748 0.585020 0.372749 0.180506 0.099414 -0.049359 -0.232480 -0.443531 -0.637404 -0.705939 -0.819084 -0.881127 0.974154 0.934389 0.904252 0.770916 0.633871 0.569463 0.364877 0.202666 0.118699 -0.050223 -0.253516 -0.391855 -0.643475 -0.731007 -0.822822 -0.869167 
58.279808 41311032.000000 46 44 44 0.978598 0.959002 0.969368 0.975686 0.955113 0.903742 0.772857 0.659207 0.589186 0.352276 0.178442 0.108945 -0.029233 -0.291491 -0.514201 -0.632892 -0.704190 -0.805961 -0.865790 0.976398 0.951017 0.894998 0.772646 0.638283 0.578585 0.365826 0.190197 0.095371 -0.041725 -0.234495 -0.495938 -0.624060 -0.728953 -0.808142 -0.888085 
55.139931 3855702.000000 44 44 44 0.949805 0.890432 0.928185 0.987511 0.972714 0.919944 0.812555 0.655523 0.625150 0.459846 0.202178 0.106121 0.009270 -0.378319 -0.490006 -0.625931 -0.724730 -0.786235 -0.916616 0.979072 0.959794 0.921659 0.776697 0.654313 0.615776 0.388628 0.181160 0.103577 -0.007330 -0.353596 -0.486188 -0.641183 -0.715160 -0.789599 -0.869883 
52.007214 1166970.875000 44 44 44 0.879307 0.858511 0.848019 0.989607 0.985202 0.904911 0.816489 0.656257 0.614573 0.461637 0.241277 0.127545 0.012964 -0.294307 -0.492667 -0.623482 -0.730011 -0.829840 -0.953699 0.989532 0.984253 0.919187 0.812884 0.656408 0.622220 0.484248 0.235321 0.123420 0.041467 -0.331928 -0.462817 -0.576878 -0.758876 -0.839657 -0.939559 
49.223537 492434.093750 44 44 46 0.843445 0.905926 0.833727 0.990116 0.981876 0.931861 0.841003 0.687120 0.608498 0.429744 0.250507 0.119502 -0.009475 -0.266435 -0.501038 -0.623229 -0.704923 -0.832414 -0.958950 0.989919 0.985642 0.912749 0.825637 0.669615 0.602070 0.405756 0.237269 0.140712 0.017129 -0.268015 -0.508081 -0.600446 -0.732601 -0.834659 -0.967155 
42.842957 389687.593750 46 48 50 0.858120 0.633919 0.326954 0.988993 0.967560 0.906627 0.824131 0.659953 0.610834 0.365214 0.220888 0.115539 -0.110480 -0.340110 -0.468461 -0.618056 -0.713466 -0.833623 -0.942033 0.989179 0.972285 0.931797 0.857453 0.683667 0.611826 0.473923 0.299852 0.157028 0.046202 -0.230595 -0.471949 -0.618923 -0.684810 -0.865936 -0.962018 
45.003723 11696810.000000 48 46 118 0.703695 0.519656 0.553607 0.976909 0.968100 0.890224 0.686626 0.614499 0.433104 0.160344 -0.003160 -0.177336 -0.340562 -0.484657 -0.622485 -0.683547 -0.789415 -0.884766 -0.956387 0.974236 0.950457 0.854279 0.723497 0.593191 0.391375 0.198619 0.009289 -0.148682 -0.323331 -0.455042 -0.618812 -0.691710 -0.791807 -0.879767 -0.968303 
49.106987 847641.375000 28 24 46 0.611846 0.856974 0.680088 0.968872 0.963873 0.938674 0.790186 0.625768 0.604786 0.277535 0.086269 0.020525 -0.190747 -0.383301 -0.563804 -0.683923 -0.766402 -0.894132 -0.954473 0.971446 0.965065 0.935520 0.784560 0.630702 0.595864 0.271101 0.072940 0.018771 -0.149629 -0.299935 -0.508973 -0.618927 -0.701459 -0.863834 -0.952355 
34.460365 288403.750000 46 44 42 0.783994 0.552064 0.781912 0.967619 0.954855 0.881380 0.729226 0.654557 0.575342 0.361563 0.155771 0.023910 -0.192397 -0.343539 -0.519217 -0.644218 -0.777083 -0.880998 -0.936650 0.975446 0.961087 0.911629 0.795585 0.644226 0.583810 0.416177 0.186337 0.047343 -0.200591 -0.383646 -0.549450 -0.670229 -0.779035 -0.893492 -0.953951 
35.428169 107366.390625 22 138 138 0.614877 0.418598 0.411385 0.972294 0.957327 0.901073 0.739618 0.678094 0.589172 0.371180 0.168646 0.057851 -0.198192 -0.317339 -0.505265 -0.644994 -0.735811 -0.851600 -0.956311 0.962415 0.953743 0.913562 0.736532 0.673973 0.610547 0.268855 0.163301 0.071559 -0.187050 -0.343550 -0.505959 -0.619614 -0.739687 -0.879258 -0.936409 
26.490744 36582.058594 86 52 86 0.431217 0.493279 0.594235 0.975566 0.955819 0.903213 0.715964 0.636288 0.606071 0.339441 0.148528 0.109354 -0.164684 -0.384062 -0.553675 -0.649664 -0.713281 -0.890683 -0.973319 0.976528 0.957239 0.881590 0.734800 0.646892 0.589094 0.234223 0.172150 0.087866 -0.182974 -0.357707 -0.580765 -0.652841 -0.718115 -0.876210 -0.961566 
22.078363 18445.820312 86 48 84 0.589713 0.498102 0.630805 0.974865 0.952192 0.847142 0.806348 0.678776 0.590221 0.393599 0.180685 0.111535 -0.166412 -0.300707 -0.549534 -0.664160 -0.798978 -0.892231 -0.975147 0.980467 0.960453 0.906937 0.739581 0.650750 0.599532 0.391042 0.162626 0.061836 -0.187387 -0.367404 -0.558707 -0.646107 -0.786190 -0.892549 -0.969286 
40.910526 76571.156250 84 52 66 0.610764 0.596697 0.735045 0.985303 0.962632 0.944288 0.882850 0.831176 0.770178 0.391924 0.197725 0.102678 -0.111815 -0.251180 -0.453927 -0.662050 -0.790020 -0.907256 -0.974368 0.982863 0.959670 0.871716 0.820581 0.731713 0.609963 0.381468 0.176223 0.077355 -0.138046 -0.280261 -0.484446 -0.611932 -0.797707 -0.876038 -0.979239 
54.885120 358874.781250 66 70 72 0.685994 0.939965 0.949052 0.981307 0.967356 0.950863 0.908710 0.857914 0.806803 0.260740 0.153993 0.080342 -0.174915 -0.230130 -0.339032 -0.621182 -0.767941 -0.905509 -0.975892 0.979555 0.964416 0.946744 0.905467 0.844752 0.795348 0.377203 0.172338 0.134455 -0.142032 -0.252035 -0.447483 -0.660038 -0.794779 -0.910614 -0.975476 
55.540504 400148.437500 72 74 74 0.943834 0.952764 0.949732 0.982349 0.969860 0.949343 0.900293 0.866776 0.800191 0.381678 0.129878 0.089203 -0.099434 -0.249441 -0.368595 -0.654629 -0.788268 -0.913662 -0.977353 0.982322 0.968542 0.947193 0.899390 0.858879 0.804361 0.319656 0.128395 0.080235 -0.155941 -0.256897 -0.325344 -0.610970 -0.759905 -0.904415 -0.977540 
55.351006 184119.390625 74 70 68 0.936334 0.944805 0.907803 0.985705 0.974535 0.948044 0.920845 0.891797 0.790842 0.467005 0.136250 0.056162 -0.072765 -0.292901 -0.467083 -0.678095 -0.802495 -0.916644 -0.978429 0.983953 0.972235 0.951143 0.919820 0.879353 0.807364 0.482602 0.156280 0.095744 -0.137974 -0.285053 -0.437411 -0.671699 -0.802404 -0.915743 -0.976859 
53.386238 112825.875000 68 66 68 0.941481 0.933206 0.773964 0.988688 0.975664 0.944928 0.924898 0.899757 0.791949 0.484998 0.162202 0.035994 -0.111625 -0.319414 -0.474586 -0.690317 -0.807609 -0.913832 -0.977565 0.987708 0.977785 0.945859 0.924343 0.904188 0.778748 0.445862 0.123130 0.046127 -0.056219 -0.302732 -0.488947 -0.686369 -0.802257 -0.916883 -0.977463 
45.748554 29518.876953 68 72 72 0.832302 0.660006 0.753414 0.992269 0.972999 0.937843 0.891600 0.857177 0.710476 0.427997 0.214849 0.037228 -0.194888 -0.389432 -0.515676 -0.710637 -0.821156 -0.923716 -0.977277 0.989645 0.974689 0.944323 0.917272 0.872106 0.758793 0.468202 0.252223 0.036109 -0.113138 -0.369395 -0.510465 -0.686885 -0.814461 -0.924309 -0.979218 
35.107067 10269.839844 72 72 70 0.732443 0.600194 0.698506 0.992638 0.971407 0.937979 0.903140 0.850245 0.660379 0.454129 0.223409 0.008303 -0.147647 -0.415014 -0.525455 -0.687489 -0.817073 -0.910470 -0.976985 0.989720 0.969816 0.940126 0.886526 0.865368 0.762280 0.450994 0.219795 0.010970 -0.175075 -0.358837 -0.531848 -0.656261 -0.832574 -0.925256 -0.976898 
32.487854 7329.743164 70 72 72 0.686867 0.538222 0.666272 0.989062 0.971348 0.943139 0.897083 0.844753 0.621696 0.442026 0.225414 -0.034018 -0.225117 -0.379764 -0.577275 -0.700037 -0.809430 -0.939040 -0.983457 0.991308 0.968908 0.941156 0.901636 0.852199 0.653488 0.470609 0.242840 -0.025913 -0.173363 -0.389423 -0.534202 -0.704681 -0.841673 -0.930026 -0.981253 
36.719097 4121761.000000 72 74 44 0.659365 0.686802 0.554793 0.964530 0.906601 0.805120 0.746057 0.627050 0.429495 0.252333 0.151938 -0.023478 -0.257567 -0.419389 -0.526526 -0.696621 -0.823295 -0.883148 -0.947487 0.984718 0.964529 0.931098 0.893779 0.786004 0.589191 0.418550 0.259645 0.020872 -0.215860 -0.347303 -0.568262 -0.717798 -0.829366 -0.944383 -0.982719 
42.458462 316767.375000 44 66 52 0.432414 0.583503 0.808329 0.989727 0.974648 0.943477 0.846215 0.719601 0.649733 0.334907 0.184525 0.040479 -0.199821 -0.353048 -0.519054 -0.674544 -0.835084 -0.903522 -0.984215 0.964471 0.937243 0.811297 0.763302 0.626437 0.435073 0.254926 0.153943 -0.009707 -0.241665 -0.415383 -0.524855 -0.701322 -0.834024 -0.886382 -0.972101 
55.789371 7297342.500000 52 58 64 0.762762 0.942128 0.909328 0.982881 0.974470 0.940901 0.743730 0.656806 0.603482 0.311993 0.195315 0.118498 -0.090088 -0.208903 -0.327227 -0.587498 -0.618910 -0.767873 -0.962764 0.986668 0.973436 0.951497 0.792210 0.699693 0.652100 0.357053 0.180368 0.126131 -0.170099 -0.254173 -0.408491 -0.597955 -0.712170 -0.877095 -0.972053 
56.089195 9003886.000000 64 64 68 0.923934 0.942631 0.963821 0.983603 0.971776 0.935514 0.722660 0.637994 0.536481 0.284449 0.217308 0.085712 -0.020117 -0.113140 -0.439135 -0.569559 -0.602420 -0.803103 -0.910987 0.983002 0.973729 0.932684 0.708852 0.638565 0.569081 0.278410 0.200093 0.091640 -0.065533 -0.166357 -0.402244 -0.575105 -0.621360 -0.775306 -0.929403 
50.986832 742426.250000 68 70 68 0.944012 0.770207 0.959650 0.991480 0.981243 0.961451 0.781404 0.665255 0.592274 0.329366 0.253488 0.082742 0.029252 -0.349998 -0.482060 -0.535412 -0.682945 -0.820671 -0.959293 0.986114 0.971160 0.945956 0.733227 0.642357 0.558346 0.311374 0.255066 0.114996 0.030730 -0.114884 -0.443001 -0.543258 -0.594334 -0.799004 -0.949884 
50.943851 1258516.125000 68 68 68 0.951398 0.973198 0.941943 0.990518 0.980633 0.959625 0.761553 0.684170 0.587695 0.357546 0.144509 0.083550 -0.018518 -0.368481 -0.493214 -0.575578 -0.733011 -0.790550 -0.939058 0.990878 0.981026 0.966030 0.785553 0.663357 0.592923 0.319248 0.169362 0.084161 -0.015631 -0.364808 -0.488159 -0.551781 -0.709582 -0.818080 -0.953245 
54.080750 9982996.000000 68 66 68 0.913785 0.848021 0.959638 0.981861 0.961547 0.921935 0.788186 0.722824 0.600666 0.297702 0.164266 0.055018 -0.035124 -0.129270 -0.432667 -0.539260 -0.680170 -0.782603 -0.901857 0.986494 0.972320 0.924845 0.744535 0.692791 0.535178 0.333449 0.252243 0.061887 -0.024485 -0.249497 -0.457730 -0.522857 -0.728572 -0.782443 -0.927442 
56.136009 10096807.000000 68 68 68 0.959529 0.963501 0.985734 0.979488 0.956437 0.916015 0.840096 0.768916 0.681332 0.330199 0.058703 -0.009213 -0.105267 -0.183733 -0.443492 -0.690277 -0.745975 -0.806387 -0.849077 0.980360 0.958597 0.919286 0.826134 0.753118 0.661395 0.327071 0.098678 0.040747 -0.071858 -0.132367 -0.355561 -0.607569 -0.700913 -0.754673 -0.912042 
55.647934 4964222.500000 68 70 70 0.991577 0.959463 0.984516 0.980163 0.955805 0.918305 0.867663 0.785748 0.699875 0.500255 0.116933 -0.062842 -0.198642 -0.266328 -0.502785 -0.702810 -0.768394 -0.827532 -0.862150 0.980089 0.955125 0.918282 0.853098 0.781692 0.694875 0.407467 0.061388 -0.022425 -0.139708 -0.235534 -0.468016 -0.716471 -0.764961 -0.828047 -0.853908 
54.666603 3663468.000000 70 70 70 0.982048 0.984284 0.912663 0.982518 0.961228 0.930989 0.879248 0.776414 0.667623 0.374718 0.085127 -0.030072 -0.137660 -0.256225 -0.465451 -0.673390 -0.762963 -0.807178 -0.860489 0.981701 0.957231 0.920733 0.873073 0.790134 0.683340 0.421324 0.111537 -0.052953 -0.188676 -0.261767 -0.463783 -0.686399 -0.769811 -0.817889 -0.871450 
50.429939 1670498.750000 70 70 70 0.917211 0.524347 0.967387 0.989742 0.977606 0.901811 0.831979 0.755827 0.639222 0.308074 0.035077 -0.050265 -0.166425 -0.307686 -0.398179 -0.606442 -0.720491 -0.796117 -0.840808 0.982982 0.964467 0.934339 0.863351 0.763220 0.673760 0.323255 0.060600 -0.037265 -0.140485 -0.293861 -0.430315 -0.640864 -0.765110 -0.804019 -0.865729 
48.676048 1661514.375000 70 70 70 0.962051 0.955563 0.976491 0.990495 0.979259 0.908331 0.833568 0.785063 0.610224 0.213038 0.037430 -0.065103 -0.184035 -0.321657 -0.408334 -0.604571 -0.739189 -0.798727 -0.864078 0.989433 0.978402 0.904542 0.830279 0.771293 0.605990 0.243525 0.039879 -0.055902 -0.156076 -0.304010 -0.395894 -0.607222 -0.732097 -0.801088 -0.863258 
48.459965 969450.187500 70 70 70 0.974404 0.957045 0.963544 0.991173 0.982207 0.922367 0.838813 0.780877 0.623288 0.237475 0.056037 -0.050441 -0.216355 -0.309372 -0.386047 -0.590870 -0.732931 -0.794557 -0.869575 0.990681 0.980614 0.912531 0.831396 0.782452 0.601113 0.229628 0.031572 -0.069275 -0.199871 -0.321542 -0.396074 -0.606153 -0.746832 -0.807209 -0.882009 
51.036674 2968189.500000 70 70 70 0.966810 0.943267 0.536734 0.986341 0.971959 0.937407 0.860597 0.773876 0.665255 0.292190 0.030400 -0.033931 -0.220434 -0.270072 -0.448072 -0.689540 -0.766021 -0.843293 -0.935395 0.991632 0.981996 0.928391 0.845586 0.781151 0.641476 0.258886 0.059877 -0.036068 -0.254423 -0.318927 -0.419829 -0.601369 -0.749873 -0.796097 -0.938425 
57.439667 3832465.500000 70 70 72 0.539449 0.955355 0.990843 0.980382 0.967423 0.950033 0.874095 0.813394 0.631028 0.163961 0.087714 0.013525 -0.136998 -0.204324 -0.478109 -0.728286 -0.788478 -0.824376 -0.859953 0.980147 0.966020 0.944859 0.862164 0.800110 0.663612 0.200459 0.043405 -0.009057 -0.166215 -0.237885 -0.400176 -0.703654 -0.778422 -0.828527 -0.871660 
56.632748 1708287.500000 72 72 72 0.990015 0.966410 0.900597 0.983546 0.971317 0.951657 0.894470 0.836087 0.610385 0.178227 0.107889 0.027270 -0.107348 -0.212076 -0.618335 -0.736006 -0.767875 -0.806221 -0.911753 0.981823 0.969366 0.951104 0.891362 0.830661 0.604590 0.180684 0.106137 0.032779 -0.122611 -0.208080 -0.526723 -0.733752 -0.775922 -0.812195 -0.879803 
50.993996 307645.250000 74 74 76 0.958014 0.911427 0.616088 0.986574 0.973970 0.952785 0.905208 0.801629 0.670947 0.200588 0.113730 0.034852 -0.105610 -0.212460 -0.528060 -0.710641 -0.775167 -0.825933 -0.940300 0.984891 0.972953 0.954219 0.909751 0.821289 0.622539 0.166235 0.121575 0.036280 -0.091708 -0.206464 -0.599822 -0.729291 -0.768871 -0.813339 -0.936450 
45.151901 86243.710938 78 76 78 0.656608 0.805575 0.658880 0.989705 0.975883 0.958370 0.892545 0.837297 0.742837 0.288352 0.091393 0.010481 -0.131829 -0.203113 -0.518408 -0.727443 -0.787237 -0.844334 -0.961738 0.989061 0.976728 0.954693 0.889369 0.827242 0.638299 0.220140 0.099272 0.021848 -0.123963 -0.235254 -0.563202 -0.712146 -0.776398 -0.836677 -0.949340 
41.768639 30350.964844 80 84 84 0.675340 0.566196 0.753534 0.991920 0.978094 0.954456 0.900266 0.841641 0.725420 0.290418 0.121669 0.033176 -0.119551 -0.214659 -0.512230 -0.721553 -0.785870 -0.902462 -0.975780 0.992080 0.981549 0.947239 0.890704 0.851847 0.730251 0.297964 0.097326 0.036789 -0.124483 -0.218541 -0.499594 -0.746477 -0.777835 -0.883759 -0.960877 
42.165421 20132.679688 84 84 84 0.794401 0.884821 0.854735 0.990383 0.980788 0.962979 0.932728 0.835642 0.623010 0.397140 0.128594 0.042396 -0.130621 -0.302263 -0.536548 -0.691889 -0.804857 -0.910245 -0.975723 0.991710 0.982716 0.965856 0.912554 0.836016 0.696347 0.305215 0.146934 -0.018713 -0.124214 -0.284916 -0.512827 -0.699664 -0.801959 -0.884987 -0.980667 
45.787807 24511.093750 84 82 82 0.865559 0.873167 0.955665 0.988000 0.980492 0.966118 0.953231 0.841546 0.591293 0.330309 0.106129 0.044135 -0.134576 -0.304289 -0.536364 -0.688905 -0.824504 -0.907382 -0.975529 0.989023 0.981068 0.966551 0.943466 0.847439 0.616409 0.364899 0.111324 0.042175 -0.159713 -0.337037 -0.538023 -0.699594 -0.800049 -0.904336 -0.976780 
49.666828 86867.312500 82 82 82 0.963030 0.941829 0.944892 0.985574 0.976670 0.963128 0.936571 0.892805 0.590170 0.165318 0.091003 0.025293 -0.030163 -0.176556 -0.535593 -0.739365 -0.799327 -0.876463 -0.977578 0.987592 0.980255 0.965370 0.946307 0.857671 0.587025 0.192946 0.083539 0.025956 -0.048139 -0.216114 -0.518678 -0.686645 -0.795439 -0.902158 -0.975963 
53.127842 181922.687500 82 82 82 0.949055 0.927590 0.916748 0.981038 0.972148 0.951305 0.921624 0.894272 0.693040 0.165532 0.101980 0.020083 -0.027101 -0.126787 -0.581792 -0.770867 -0.796510 -0.840706 -0.966966 0.981750 0.974238 0.958129 0.927996 0.881115 0.615641 0.188127 0.092301 0.023658 -0.031007 -0.152791 -0.571618 -0.756352 -0.798070 -0.856759 -0.971531 
52.680737 397877.843750 82 82 80 0.900645 0.971273 0.970375 0.978272 0.958675 0.941510 0.913585 0.866473 0.727951 0.189434 0.127231 0.050762 -0.029709 -0.084831 -0.578784 -0.762982 -0.783913 -0.828548 -0.957891 0.979641 0.964805 0.941062 0.918095 0.867381 0.695105 0.196747 0.120743 0.034134 -0.028034 -0.161531 -0.591491 -0.765224 -0.793452 -0.849572 -0.968753 
54.507507 1389554.125000 80 80 78 0.960165 0.985760 0.980386 0.971770 0.949827 0.932752 0.893227 0.850087 0.649176 0.224081 0.144589 0.046502 -0.035625 -0.085547 -0.588897 -0.727212 -0.773606 -0.805376 -0.936875 0.975529 0.953191 0.937720 0.901437 0.858298 0.686380 0.213565 0.135538 0.052694 -0.025516 -0.110956 -0.623600 -0.748372 -0.784652 -0.818329 -0.947655 
56.300030 3673286.750000 78 76 74 0.984196 0.967417 0.969371 0.972750 0.949533 0.927167 0.883331 0.831816 0.633119 0.245861 0.155376 0.059591 -0.048338 -0.093751 -0.505572 -0.737348 -0.798288 -0.828389 -0.898142 0.969772 0.949240 0.927809 0.886687 0.833883 0.634854 0.245546 0.150007 0.056688 -0.044861 -0.081825 -0.542336 -0.725695 -0.791619 -0.820333 -0.902343 
58.762878 10871865.000000 74 72 70 0.955164 0.980059 0.916751 0.967715 0.944466 0.921442 0.863497 0.811482 0.639028 0.249036 0.158786 0.049607 -0.074129 -0.129994 -0.502400 -0.741071 -0.803908 -0.837011 -0.877445 0.970613 0.946517 0.923889 0.874786 0.824082 0.649393 0.263868 0.152097 0.057077 -0.059374 -0.104396 -0.516178 -0.743383 -0.799254 -0.833852 -0.880362 
59.640633 19164054.000000 70 70 70 0.924369 0.969518 0.974034 0.967336 0.942942 0.914271 0.838649 0.784492 0.639405 0.265871 0.164428 0.059338 -0.087208 -0.156681 -0.411636 -0.749386 -0.800447 -0.851845 -0.875682 0.967840 0.943493 0.919540 0.850801 0.801475 0.651217 0.248873 0.163192 0.060358 -0.084503 -0.143556 -0.446137 -0.744546 -0.797151 -0.844711 -0.867435 
56.635788 6291592.000000 70 70 70 0.970938 0.949982 0.877785 0.976359 0.944713 0.919549 0.846720 0.765591 0.678757 0.388667 0.163499 0.105780 -0.110161 -0.154056 -0.341719 -0.722746 -0.804701 -0.862303 -0.884998 0.971517 0.944341 0.916829 0.832824 0.771832 0.639826 0.280835 0.164590 0.060701 -0.105945 -0.173659 -0.392662 -0.751369 -0.799964 -0.859296 -0.874293 
50.253811 873922.687500 68 64 70 0.908931 0.800763 0.646044 0.988928 0.958462 0.912712 0.866195 0.766810 0.647040 0.367582 0.175789 0.041245 -0.088300 -0.184866 -0.372370 -0.654409 -0.806913 -0.858566 -0.942140 0.984858 0.953978 0.926114 0.887574 0.779802 0.719483 0.424754 0.165137 0.091824 -0.131252 -0.192707 -0.357084 -0.644390 -0.810850 -0.859801 -0.920654 
43.399223 1132777.250000 68 58 58 0.642065 0.433583 0.691429 0.981902 0.955143 0.886657 0.826435 0.750544 0.522912 0.365321 0.269340 0.041105 -0.101847 -0.327318 -0.520753 -0.754626 -0.826130 -0.911321 -0.990247 0.987839 0.955421 0.902407 0.831027 0.725665 0.598291 0.345493 0.270816 0.026477 -0.107810 -0.289110 -0.503389 -0.756991 -0.831217 -0.896977 -0.988952 
42.335022 10691398.000000 58 68 56 0.610734 0.546414 0.656280 0.967287 0.924730 0.869281 0.758209 0.560047 0.298528 0.202412 0.105365 -0.074304 -0.193429 -0.411668 -0.628117 -0.728983 -0.813774 -0.911372 -0.985475 0.968704 0.937854 0.867569 0.758885 0.602533 0.424468 0.256078 0.160165 0.042549 -0.149995 -0.330393 -0.510735 -0.692477 -0.854145 -0.908620 -0.972248 
39.872452 1520551.250000 56 140 70 0.672554 0.668021 0.475473 0.959013 0.928585 0.874263 0.755444 0.526717 0.333803 0.294743 0.198727 0.003730 -0.160313 -0.449192 -0.548413 -0.686604 -0.819560 -0.870501 -0.986266 0.963453 0.921721 0.884572 0.773878 0.445424 0.299537 0.223740 0.120999 -0.084402 -0.219044 -0.436052 -0.595870 -0.724352 -0.810402 -0.921134 -0.989762 
43.428696 884455.750000 68 66 70 0.455539 0.408629 0.683038 0.985458 0.964290 0.927259 0.802802 0.678146 0.628899 0.515637 0.320229 0.100950 -0.069189 -0.214766 -0.536457 -0.680433 -0.830960 -0.899406 -0.952976 0.981412 0.947226 0.907734 0.821219 0.657946 0.436599 0.320461 0.236567 -0.024315 -0.166698 -0.349948 -0.552882 -0.724295 -0.821255 -0.922440 -0.988845 
51.621838 1664408.250000 70 78 88 0.823970 0.847214 0.658442 0.978252 0.963932 0.928832 0.771302 0.703479 0.635327 0.562620 0.426721 0.084884 -0.021641 -0.106686 -0.474274 -0.786121 -0.844705 -0.881721 -0.908705 0.979391 0.965040 0.930977 0.778579 0.691148 0.636897 0.545809 0.401797 0.078010 -0.034516 -0.139114 -0.490412 -0.743683 -0.847574 -0.892771 -0.913686 
52.555050 691304.375000 90 90 90 0.521471 0.819054 0.571317 0.976572 0.964194 0.947027 0.804202 0.721987 0.661161 0.597620 0.487076 0.085604 0.002455 -0.163717 -0.573149 -0.792122 -0.837653 -0.875624 -0.937415 0.976676 0.964070 0.942222 0.775585 0.710521 0.648586 0.586134 0.478864 0.082715 -0.011605 -0.091957 -0.513915 -0.769945 -0.839291 -0.875243 -0.919120 
49.632263 197926.937500 68 72 72 0.558031 0.664185 0.677072 0.975445 0.965854 0.950234 0.822742 0.738031 0.681857 0.614813 0.531773 0.113230 -0.001851 -0.186452 -0.482371 -0.644604 -0.830785 -0.899114 -0.965674 0.980480 0.966218 0.947474 0.848159 0.729220 0.674366 0.578553 0.449072 0.126535 -0.008973 -0.236155 -0.506335 -0.740513 -0.837301 -0.882965 -0.957925 
46.468388 106913.101562 70 72 44 0.736845 0.588273 0.499036 0.977917 0.966514 0.948069 0.821441 0.746083 0.698201 0.643991 0.566072 0.118816 -0.037753 -0.258880 -0.481563 -0.670092 -0.834400 -0.901471 -0.969478 0.981337 0.966460 0.949105 0.854264 0.733246 0.688688 0.605848 0.458619 0.099432 -0.041217 -0.260552 -0.491915 -0.667203 -0.819398 -0.897951 -0.974714 
41.553658 45022.238281 212 214 214 0.786652 0.751534 0.642573 0.980315 0.963412 0.937127 0.796663 0.734466 0.689358 0.636807 0.453626 0.123863 -0.052350 -0.230757 -0.443661 -0.683191 -0.825041 -0.911692 -0.972051 0.981773 0.966258 0.943528 0.830285 0.745843 0.694749 0.646105 0.539510 0.103890 -0.090376 -0.273088 -0.444472 -0.645278 -0.808077 -0.905918 -0.970009 
28.651621 16468.085938 126 84 100 0.541274 0.529312 0.502346 0.983813 0.959653 0.910598 0.770770 0.729139 0.671521 0.550368 0.289487 0.094665 -0.094241 -0.326742 -0.526277 -0.677992 -0.860750 -0.913768 -0.977725 0.988900 0.964950 0.925698 0.793429 0.708199 0.651802 0.570132 0.273815 0.073554 -0.127092 -0.300798 -0.539242 -0.684984 -0.827029 -0.896454 -0.970483 
24.615170 11936.751953 50 50 70 0.587753 0.389882 0.411765 0.986135 0.951585 0.879558 0.782799 0.738892 0.664006 0.504637 0.176691 -0.030622 -0.146153 -0.328914 -0.548504 -0.700814 -0.823609 -0.912116 -0.964475 0.980349 0.962981 0.891007 0.768640 0.730749 0.643469 0.536635 0.280924 0.052025 -0.158184 -0.352231 -0.527923 -0.662329 -0.830902 -0.900878 -0.976635 
19.870556 8315.047852 70 58 24 0.370976 0.568764 0.355119 0.985425 0.962568 0.884833 0.759290 0.722021 0.620766 0.443533 0.189358 -0.063719 -0.234567 -0.349386 -0.495820 -0.707298 -0.823701 -0.910673 -0.979064 0.985699 0.958152 0.879805 0.760440 0.699862 0.636622 0.472188 0.141244 -0.027885 -0.242125 -0.337779 -0.494105 -0.686997 -0.823313 -0.909883 -0.959081 
18.474882 4780.427246 46 48 84 0.344092 0.670456 0.385415 0.983360 0.965364 0.905645 0.782794 0.692604 0.656242 0.410510 0.173671 0.002870 -0.211671 -0.376772 -0.574236 -0.711530 -0.842985 -0.914575 -0.986424 0.983122 0.959983 0.906729 0.762613 0.711812 0.641127 0.420094 0.199462 -0.043364 -0.162748 -0.410463 -0.583606 -0.705230 -0.813085 -0.927605 -0.966997 
16.390198 3475.499023 170 126 48 0.555519 0.537193 0.775510 0.988127 0.975241 0.906809 0.765347 0.686642 0.580445 0.342857 0.197565 -0.027073 -0.229676 -0.406224 -0.548643 -0.745061 -0.846243 -0.915266 -0.967468 0.986411 0.967404 0.889307 0.816502 0.684060 0.600990 0.388888 0.162424 -0.010665 -0.203925 -0.379402 -0.548175 -0.759997 -0.855498 -0.920130 -0.969369 
17.082432 3735.459717 46 174 46 0.572626 0.510838 0.661799 0.984581 0.966332 0.919617 0.803790 0.684424 0.539260 0.361392 0.155809 -0.035601 -0.236609 -0.395207 -0.582469 -0.741433 -0.858185 -0.918140 -0.970208 0.987764 0.976324 0.918272 0.769552 0.685286 0.555155 0.359882 0.194074 -0.033170 -0.207844 -0.406952 -0.624931 -0.722842 -0.856725 -0.915263 -0.967865 
