50.186813 144557.765625 20 48 60 0.000000 0.641615 0.963108 0.983996 0.976444 0.955240 0.878632 0.851909 0.723379 0.651935 0.374953 0.067686 -0.139232 -0.352898 -0.572201 -0.692799 -0.803856 -0.913481 -0.975235 0.990581 0.979940 0.943391 0.893400 0.764626 0.552846 0.359979 0.183762 -0.035274 -0.225664 -0.409031 -0.576448 -0.709523 -0.826539 -0.923157 -0.981941 
59.906002 1279111.875000 60 60 60 0.954374 0.989498 0.970777 0.980882 0.975581 0.945441 0.848505 0.797778 0.689643 0.640702 0.539910 0.000454 -0.088615 -0.265651 -0.623730 -0.664205 -0.732005 -0.891620 -0.974351 0.981619 0.976095 0.952880 0.869783 0.821907 0.692844 0.655672 0.500394 0.032158 -0.105275 -0.329663 -0.615003 -0.677883 -0.764642 -0.904953 -0.975754 
57.758289 2210123.750000 60 62 64 0.973272 0.919222 0.914368 0.983428 0.970655 0.927753 0.846125 0.773781 0.644931 0.539728 0.465165 0.096288 -0.107882 -0.166048 -0.501883 -0.653910 -0.684255 -0.830375 -0.969171 0.981449 0.974545 0.924648 0.836833 0.791691 0.662756 0.587508 0.510556 0.077938 -0.076676 -0.143343 -0.539528 -0.648438 -0.686217 -0.885486 -0.972062 
49.558430 2220347.250000 64 68 72 0.910884 0.848792 0.642591 0.991626 0.971606 0.916339 0.822115 0.709082 0.459479 0.319233 0.131024 -0.110081 -0.269487 -0.449783 -0.544025 -0.687395 -0.759359 -0.886482 -0.994048 0.987574 0.968001 0.938100 0.861639 0.759692 0.614302 0.487986 0.402356 -0.050144 -0.154664 -0.382674 -0.543451 -0.651206 -0.713874 -0.878027 -0.990656 
39.596600 7155998.000000 72 64 60 0.614306 0.517874 0.729061 0.980430 0.959420 0.822429 0.754312 0.570616 0.346830 0.207295 0.075642 -0.151921 -0.317820 -0.461072 -0.571089 -0.732577 -0.806474 -0.916709 -0.983728 0.992296 0.958401 0.821251 0.711740 0.625045 0.381138 0.226837 0.068171 -0.122412 -0.261038 -0.438955 -0.553483 -0.716320 -0.815265 -0.901147 -0.987803 
39.987572 8278067.500000 60 60 62 0.747215 0.540036 0.648081 0.972119 0.928316 0.826034 0.699332 0.534580 0.351443 0.157477 0.067479 -0.127072 -0.324737 -0.445039 -0.615498 -0.764300 -0.857094 -0.938170 -0.984954 0.979082 0.957545 0.826330 0.782748 0.533114 0.314624 0.156243 0.062504 -0.147634 -0.324136 -0.433018 -0.573228 -0.744981 -0.801122 -0.917780 -0.983976 
35.876125 2298842.500000 60 72 82 0.659089 0.408520 0.513805 0.975838 0.934169 0.822350 0.729626 0.553737 0.424117 0.118665 0.019750 -0.127153 -0.338528 -0.470700 -0.675833 -0.771481 -0.829573 -0.912824 -0.978991 0.979957 0.935746 0.840241 0.715430 0.567787 0.399334 0.145072 0.043931 -0.147689 -0.356511 -0.499624 -0.660700 -0.789020 -0.828496 -0.939958 -0.989005 
34.077179 2135625.250000 80 90 62 0.426128 0.447094 0.723727 0.981593 0.935355 0.821223 0.758452 0.576057 0.378251 0.051274 -0.024444 -0.253945 -0.396003 -0.532232 -0.651974 -0.742710 -0.825967 -0.919181 -0.993876 0.975549 0.923655 0.828753 0.706606 0.545958 0.402506 0.121025 0.044032 -0.215098 -0.361498 -0.483603 -0.663927 -0.766482 -0.828783 -0.914694 -0.990638 
39.792671 4015942.750000 122 122 62 0.781534 0.504289 0.473706 0.971235 0.913420 0.805944 0.652081 0.504249 0.187327 0.042702 -0.136323 -0.307859 -0.415565 -0.561432 -0.624736 -0.747985 -0.850319 -0.930175 -0.992112 0.980268 0.933453 0.820847 0.758118 0.567459 0.324540 0.057886 -0.057261 -0.310596 -0.350953 -0.605371 -0.652429 -0.772740 -0.841045 -0.936609 -0.990942 
44.603706 3776335.000000 186 90 92 0.495569 0.381173 0.594518 0.976151 0.942804 0.810206 0.690929 0.433154 0.079791 -0.036649 -0.213691 -0.330860 -0.415080 -0.577415 -0.623934 -0.735547 -0.804084 -0.936674 -0.987500 0.971441 0.935271 0.816895 0.672519 0.480577 0.124293 -0.033736 -0.169712 -0.318968 -0.415962 -0.542949 -0.613517 -0.745112 -0.811437 -0.944754 -0.989048 
39.692352 1006056.687500 118 104 46 0.453244 0.593891 0.469296 0.981236 0.961166 0.859142 0.734982 0.502396 0.285874 0.109478 -0.131638 -0.284485 -0.448337 -0.614840 -0.703356 -0.805626 -0.855878 -0.922399 -0.987145 0.981098 0.943140 0.813037 0.682879 0.370428 0.164339 0.012147 -0.213154 -0.356151 -0.505067 -0.606531 -0.644651 -0.773373 -0.846884 -0.930028 -0.991031 
53.770161 2050219.000000 48 48 50 0.205432 0.768676 0.982993 0.984458 0.970436 0.954902 0.887929 0.862608 0.727818 0.162403 -0.064719 -0.167510 -0.300734 -0.375099 -0.551287 -0.701842 -0.798077 -0.875103 -0.981977 0.988439 0.977055 0.936064 0.889460 0.819792 0.506657 0.150260 -0.064858 -0.214558 -0.341653 -0.506249 -0.663374 -0.757479 -0.831534 -0.921260 -0.984214 
64.599373 13614962.000000 50 50 48 0.989091 0.990423 0.862386 0.973623 0.967151 0.945842 0.882772 0.830957 0.722392 0.323532 -0.003362 -0.068980 -0.247699 -0.370010 -0.565164 -0.670792 -0.774710 -0.902674 -0.988546 0.978908 0.968271 0.953417 0.890795 0.849332 0.755538 0.312865 -0.011208 -0.095776 -0.261649 -0.345174 -0.517151 -0.669245 -0.816522 -0.894307 -0.980463 
67.324722 171760000.000000 50 50 48 0.955172 0.832678 0.937268 0.966096 0.941289 0.916165 0.842913 0.727337 0.662938 0.316017 -0.011626 -0.074400 -0.201970 -0.375158 -0.458307 -0.573659 -0.733527 -0.809730 -0.970092 0.968446 0.960607 0.914785 0.866196 0.780785 0.659077 0.321857 -0.012868 -0.073696 -0.213331 -0.390221 -0.454365 -0.618045 -0.739968 -0.860752 -0.988994 
65.788834 251941344.000000 50 48 48 0.922588 0.984223 0.948099 0.966018 0.935955 0.914134 0.790842 0.680510 0.632197 0.300909 0.037502 -0.045051 -0.204700 -0.361491 -0.460120 -0.568301 -0.730088 -0.815785 -0.957618 0.965424 0.936575 0.916113 0.809440 0.701906 0.666382 0.287284 0.034732 -0.071385 -0.199353 -0.362070 -0.472856 -0.569673 -0.736251 -0.803197 -0.958112 
62.337032 138833824.000000 48 46 46 0.954969 0.971942 0.869214 0.974597 0.950569 0.916238 0.815060 0.574265 0.547320 0.291525 0.089425 -0.008840 -0.188324 -0.333522 -0.519044 -0.606916 -0.747183 -0.822509 -0.931948 0.970108 0.940413 0.913336 0.823252 0.614773 0.570316 0.302721 0.054775 -0.033819 -0.179568 -0.360185 -0.436226 -0.559619 -0.734183 -0.793930 -0.969795 
55.994965 13581877.000000 46 48 48 0.890780 0.935673 0.608574 0.981811 0.964732 0.928746 0.793206 0.694704 0.525925 0.327430 0.127917 0.044991 -0.082529 -0.342646 -0.532342 -0.611298 -0.762703 -0.832895 -0.929485 0.981368 0.960199 0.921900 0.825509 0.624823 0.542309 0.365773 0.128649 0.001072 -0.149596 -0.363144 -0.535426 -0.620631 -0.741713 -0.839154 -0.925762 
46.716843 1379577.625000 50 48 48 0.737042 0.805665 0.811463 0.964988 0.945789 0.903931 0.794697 0.662260 0.595386 0.478773 0.178544 -0.038035 -0.125594 -0.346481 -0.441462 -0.548990 -0.738508 -0.844002 -0.921088 0.971404 0.959055 0.903078 0.735762 0.683943 0.597005 0.404869 0.173727 -0.001376 -0.115047 -0.346407 -0.494623 -0.612890 -0.754857 -0.835472 -0.893968 
44.382778 980918.437500 48 48 48 0.807789 0.871065 0.943476 0.968875 0.959656 0.907814 0.777753 0.665589 0.581910 0.504789 0.124982 -0.017015 -0.082770 -0.318144 -0.456233 -0.596091 -0.699592 -0.824161 -0.929948 0.967073 0.947578 0.906361 0.782337 0.653309 0.575429 0.516353 0.154803 -0.034777 -0.081852 -0.350546 -0.430732 -0.544965 -0.730549 -0.829957 -0.913060 
45.684090 396023.843750 48 48 48 0.913974 0.904955 0.949441 0.967912 0.959264 0.916244 0.848112 0.699824 0.644393 0.459767 0.175647 -0.003313 -0.076897 -0.275394 -0.437647 -0.548364 -0.694330 -0.827784 -0.954803 0.968768 0.963579 0.921357 0.828834 0.644829 0.573099 0.412997 0.107820 -0.013095 -0.123725 -0.305548 -0.453510 -0.542696 -0.699083 -0.814167 -0.946908 
41.145775 242283.265625 48 48 48 0.950570 0.847228 0.849563 0.969299 0.953190 0.909838 0.823966 0.701945 0.656077 0.437196 0.116635 -0.029806 -0.117216 -0.288823 -0.431207 -0.513358 -0.743020 -0.871418 -0.947007 0.967280 0.952734 0.917672 0.841856 0.695806 0.659548 0.474925 0.182545 -0.020510 -0.088539 -0.302850 -0.432784 -0.554204 -0.684424 -0.839692 -0.944953 
38.688259 129149.539062 48 48 48 0.873238 0.903389 0.843559 0.969200 0.962420 0.911212 0.771692 0.694483 0.631711 0.473952 0.133392 -0.023358 -0.089219 -0.305811 -0.415736 -0.541289 -0.763888 -0.869100 -0.972209 0.968768 0.962673 0.899413 0.774897 0.698200 0.622794 0.517370 0.197568 -0.021941 -0.154947 -0.333228 -0.422842 -0.554717 -0.765200 -0.889970 -0.970961 
44.877701 35520632.000000 48 208 48 0.795830 0.456536 0.483146 0.969522 0.940563 0.769959 0.600949 0.457301 0.386311 0.142976 -0.070959 -0.238097 -0.394185 -0.557670 -0.650421 -0.791137 -0.859956 -0.933147 -0.983875 0.967429 0.951120 0.820634 0.708800 0.538222 0.424056 0.270102 -0.021804 -0.148327 -0.287483 -0.430429 -0.660813 -0.739224 -0.848643 -0.926196 -0.979498 
51.745182 27820150.000000 48 42 50 0.520152 0.626516 0.931013 0.989775 0.978763 0.927477 0.798270 0.520720 0.442771 0.201604 0.051410 -0.026731 -0.353387 -0.530198 -0.575255 -0.741138 -0.845410 -0.881980 -0.983804 0.987709 0.978938 0.908352 0.642130 0.465280 0.408058 0.149252 -0.017173 -0.278375 -0.480989 -0.564363 -0.660497 -0.835067 -0.859422 -0.945838 -0.982181 
57.131737 16220301.000000 50 50 50 0.904723 0.990033 0.979439 0.985744 0.970065 0.960450 0.822654 0.526740 0.451130 0.344939 0.096341 0.022134 -0.157146 -0.461437 -0.548875 -0.588604 -0.766903 -0.919591 -0.988684 0.985881 0.971159 0.949982 0.795094 0.506827 0.441090 0.278502 0.066922 0.015876 -0.262356 -0.510360 -0.558901 -0.637298 -0.815219 -0.924703 -0.987868 
56.050266 3240828.250000 50 52 54 0.983445 0.963069 0.808056 0.987307 0.971602 0.962177 0.851834 0.629542 0.532474 0.403864 0.185827 0.032190 -0.107490 -0.486018 -0.556511 -0.731158 -0.850315 -0.919556 -0.989161 0.986213 0.970661 0.961984 0.858862 0.600967 0.500089 0.413540 0.213978 0.024570 -0.070604 -0.465634 -0.552645 -0.636338 -0.805322 -0.950671 -0.991890 
45.960423 518746.093750 52 58 58 0.814961 0.882453 0.646790 0.994006 0.986513 0.956980 0.801923 0.651944 0.510616 0.405657 0.209946 -0.027207 -0.183957 -0.506333 -0.561328 -0.730450 -0.852830 -0.932755 -0.974705 0.992245 0.978735 0.959929 0.832460 0.635815 0.526817 0.363498 0.178648 -0.059208 -0.235312 -0.521969 -0.553387 -0.718124 -0.845338 -0.914741 -0.973512 
44.968040 224685.687500 62 64 64 0.630371 0.758009 0.863816 0.994701 0.989138 0.962195 0.836105 0.612646 0.488360 0.394050 0.162080 0.036455 -0.056776 -0.512587 -0.547520 -0.780505 -0.848531 -0.925444 -0.976691 0.994169 0.984628 0.960182 0.795841 0.641447 0.515471 0.393755 0.201256 -0.000662 -0.143169 -0.532324 -0.552503 -0.734538 -0.852653 -0.936064 -0.973406 
43.823471 70488.367188 66 66 68 0.891021 0.895001 0.839898 0.995174 0.988632 0.960661 0.896835 0.683226 0.491407 0.410821 0.251971 0.024340 -0.072647 -0.494144 -0.534785 -0.652848 -0.834293 -0.891342 -0.974990 0.995099 0.988290 0.958183 0.865132 0.655113 0.477737 0.407955 0.195428 0.048729 -0.037347 -0.522645 -0.542902 -0.745930 -0.837631 -0.889564 -0.972596 
42.397007 32842.382812 66 70 72 0.821276 0.896188 0.898484 0.995615 0.989067 0.969426 0.893760 0.705150 0.517452 0.404226 0.215719 -0.002029 -0.193319 -0.431026 -0.537849 -0.700951 -0.843345 -0.895041 -0.974967 0.995559 0.990301 0.967895 0.888334 0.695130 0.502760 0.394286 0.210564 0.004268 -0.138769 -0.490703 -0.533752 -0.712419 -0.843209 -0.906068 -0.974418 
38.966068 1494108.250000 72 76 78 0.893973 0.836959 0.509327 0.992989 0.980359 0.909788 0.682175 0.525378 0.451769 0.209226 0.091901 -0.103262 -0.293283 -0.500459 -0.590129 -0.722636 -0.832206 -0.929335 -0.977895 0.995882 0.990491 0.972302 0.851544 0.693279 0.504592 0.398662 0.178087 0.017645 -0.155254 -0.426845 -0.561894 -0.689325 -0.836102 -0.909086 -0.980165 
53.102943 20544504.000000 80 68 66 0.693823 0.715501 0.945048 0.982457 0.974312 0.934068 0.729146 0.638163 0.582449 0.236624 0.148507 0.048640 -0.346446 -0.395995 -0.483572 -0.669088 -0.813366 -0.892755 -0.982687 0.985345 0.965434 0.885375 0.711716 0.592999 0.493523 0.230518 0.118418 -0.067378 -0.298738 -0.470772 -0.579139 -0.708353 -0.855829 -0.918458 -0.980183 
60.528683 34007528.000000 66 66 68 0.933886 0.981774 0.966693 0.982843 0.970240 0.946272 0.788755 0.661734 0.619806 0.252080 0.156365 0.026953 -0.302247 -0.364665 -0.467303 -0.627184 -0.776811 -0.805508 -0.981709 0.982390 0.972799 0.942189 0.785052 0.653500 0.621518 0.260214 0.144387 0.062322 -0.289692 -0.390139 -0.455685 -0.632874 -0.765335 -0.823477 -0.993424 
56.754604 6615102.000000 68 70 74 0.961813 0.891506 0.790118 0.988134 0.967532 0.953303 0.817285 0.669994 0.593757 0.236677 0.152620 0.005478 -0.295814 -0.352806 -0.518570 -0.725901 -0.782240 -0.846274 -0.985275 0.984316 0.967221 0.952856 0.804509 0.655662 0.586879 0.250057 0.156559 0.018269 -0.292351 -0.338517 -0.439770 -0.655653 -0.779053 -0.807020 -0.980777 
42.186378 3738935.000000 76 74 68 0.773158 0.426472 0.591596 0.983411 0.971790 0.843978 0.660124 0.632382 0.478871 0.170390 0.071374 -0.172419 -0.352068 -0.454651 -0.622837 -0.760279 -0.817937 -0.924858 -0.989569 0.991479 0.973629 0.935523 0.770605 0.644265 0.561738 0.275757 0.070101 -0.148845 -0.332200 -0.401138 -0.633363 -0.753682 -0.818777 -0.898473 -0.988973 
38.505722 5027496.000000 68 66 66 0.589259 0.600321 0.799009 0.985329 0.958859 0.834326 0.665128 0.572123 0.336754 0.163417 0.033830 -0.140510 -0.377384 -0.436402 -0.676633 -0.780340 -0.846243 -0.932248 -0.986897 0.985239 0.968717 0.818621 0.663251 0.632229 0.396939 0.165361 0.054430 -0.150889 -0.361436 -0.461877 -0.676962 -0.765999 -0.824020 -0.921009 -0.985609 
35.570831 1499938.125000 66 68 66 0.756239 0.708856 0.798146 0.983410 0.975076 0.844831 0.651133 0.613589 0.390313 0.138905 -0.040917 -0.188096 -0.349516 -0.479913 -0.634852 -0.749605 -0.847367 -0.907683 -0.985129 0.986584 0.969473 0.849512 0.671609 0.582802 0.376090 0.177172 0.017797 -0.145523 -0.340104 -0.439840 -0.635393 -0.761349 -0.818974 -0.935398 -0.996004 
29.117611 296258.781250 66 36 46 0.743816 0.468613 0.663605 0.979225 0.960642 0.845848 0.659748 0.618847 0.412388 0.168605 -0.057024 -0.246056 -0.381332 -0.524098 -0.622110 -0.737838 -0.856500 -0.909246 -0.980681 0.982290 0.970287 0.822006 0.656464 0.617442 0.401946 0.168010 -0.023033 -0.253889 -0.380474 -0.498318 -0.624098 -0.761757 -0.836730 -0.920810 -0.988504 
23.746786 89949.765625 22 22 30 0.468737 0.367044 0.672196 0.982663 0.969301 0.856705 0.670869 0.652801 0.468143 0.213926 0.058136 -0.199815 -0.357889 -0.471316 -0.596377 -0.744775 -0.830258 -0.929961 -0.988013 0.975020 0.958579 0.837732 0.665690 0.646587 0.395898 0.188888 -0.038812 -0.192504 -0.354102 -0.485180 -0.615574 -0.753329 -0.858325 -0.908740 -0.987826 
23.092422 79882.835938 66 74 68 0.641488 0.386707 0.744684 0.981529 0.963027 0.919553 0.702700 0.638623 0.457515 0.228806 -0.025715 -0.257231 -0.395416 -0.553732 -0.701144 -0.761585 -0.819254 -0.927000 -0.990860 0.982754 0.971438 0.868758 0.680176 0.649655 0.452691 0.183409 0.046023 -0.253865 -0.361609 -0.456624 -0.681637 -0.761922 -0.817901 -0.945850 -0.988272 
31.321993 1122805.250000 68 62 104 0.799175 0.449098 0.408946 0.979571 0.945425 0.758270 0.558831 0.518558 0.282127 0.083000 -0.077059 -0.269092 -0.373034 -0.513094 -0.641961 -0.744377 -0.867615 -0.931789 -0.980900 0.981850 0.962987 0.922817 0.720621 0.580292 0.389860 0.130871 -0.108778 -0.297570 -0.440527 -0.546388 -0.682452 -0.782649 -0.885894 -0.950944 -0.988223 
41.876633 5290232.000000 104 52 128 0.444736 0.602835 0.494746 0.964776 0.938537 0.669133 0.514858 0.453129 0.307581 0.123650 0.049978 -0.278434 -0.400966 -0.474125 -0.668986 -0.781706 -0.831605 -0.937312 -0.991307 0.967610 0.944295 0.617922 0.548517 0.493677 0.292098 0.110076 -0.036255 -0.272409 -0.375829 -0.445091 -0.667465 -0.762551 -0.840702 -0.912750 -0.977543 
53.137688 33930024.000000 52 44 46 0.504973 0.849563 0.957653 0.990056 0.983734 0.953658 0.688030 0.378293 0.317227 0.154839 0.062278 -0.099922 -0.301455 -0.452134 -0.499366 -0.623535 -0.754293 -0.933139 -0.988322 0.989356 0.982307 0.895921 0.541006 0.420988 0.339538 0.141207 0.044513 -0.181256 -0.403688 -0.459670 -0.674775 -0.766621 -0.814969 -0.905420 -0.983073 
56.178795 27458508.000000 46 48 46 0.958812 0.988211 0.971030 0.991027 0.982801 0.952576 0.743911 0.413315 0.277653 0.204785 0.026844 -0.057735 -0.218498 -0.412742 -0.506656 -0.558415 -0.710901 -0.930795 -0.975014 0.991147 0.982882 0.951408 0.710308 0.389817 0.306173 0.182330 0.045800 -0.063883 -0.237332 -0.435497 -0.499191 -0.578502 -0.685143 -0.947438 -0.980861 
56.037415 32859414.000000 48 46 46 0.967226 0.976340 0.977016 0.990868 0.983537 0.951359 0.744389 0.361731 0.262171 0.195482 0.019523 -0.064188 -0.226655 -0.425489 -0.506528 -0.597813 -0.815210 -0.933072 -0.956741 0.990943 0.983077 0.953176 0.766210 0.388139 0.268428 0.206974 0.029568 -0.059502 -0.209009 -0.401841 -0.508869 -0.562817 -0.738469 -0.933811 -0.957464 
56.448933 47645248.000000 46 48 48 0.975935 0.989932 0.993284 0.989946 0.977725 0.945078 0.793329 0.346023 0.270354 0.162653 0.052430 -0.036313 -0.177852 -0.421469 -0.484649 -0.679490 -0.839267 -0.916044 -0.969908 0.990485 0.980448 0.948118 0.796983 0.348961 0.269181 0.164150 0.039670 -0.058959 -0.196394 -0.435506 -0.498700 -0.633890 -0.821773 -0.921412 -0.958319 
57.200775 61175600.000000 48 48 48 0.994757 0.994188 0.979309 0.987492 0.969928 0.944901 0.783018 0.424478 0.342347 0.206610 0.050416 -0.012501 -0.138216 -0.384553 -0.451655 -0.705071 -0.832868 -0.916101 -0.981318 0.988957 0.973717 0.946431 0.798522 0.366202 0.289515 0.188684 0.051771 -0.014151 -0.144866 -0.412285 -0.473494 -0.659862 -0.856799 -0.929224 -0.980172 
58.544479 100807088.000000 48 48 46 0.989422 0.950458 0.977419 0.979589 0.963145 0.939372 0.751879 0.556037 0.500877 0.264967 -0.004983 -0.058012 -0.165189 -0.434863 -0.602709 -0.721754 -0.776176 -0.889233 -0.978958 0.984639 0.966052 0.944409 0.750538 0.486808 0.418021 0.247878 0.018082 -0.026959 -0.164560 -0.380425 -0.479709 -0.748547 -0.800081 -0.879018 -0.967593 
60.482063 75223288.000000 46 46 46 0.986118 0.991761 0.986762 0.975787 0.961294 0.935627 0.810495 0.690126 0.566473 0.251907 0.064022 -0.146558 -0.278219 -0.459644 -0.591682 -0.673670 -0.760026 -0.913794 -0.989510 0.976508 0.961956 0.937232 0.784235 0.615661 0.566248 0.253087 -0.025811 -0.085114 -0.241443 -0.460719 -0.606568 -0.690022 -0.770104 -0.887168 -0.983505 
59.676582 19637284.000000 46 46 48 0.980599 0.959368 0.982229 0.978280 0.964747 0.933928 0.862599 0.795297 0.543457 0.256591 0.043045 -0.140113 -0.274674 -0.421959 -0.547240 -0.619553 -0.684988 -0.866087 -0.988553 0.976199 0.962967 0.934634 0.852397 0.750410 0.556993 0.251100 0.001463 -0.123520 -0.270968 -0.452600 -0.573351 -0.632892 -0.736626 -0.890494 -0.987171 
56.209930 8505655.000000 48 48 48 0.975090 0.977597 0.903376 0.983341 0.967545 0.916922 0.872578 0.801962 0.570635 0.347624 0.049809 -0.097807 -0.244230 -0.327074 -0.529335 -0.588856 -0.661734 -0.916826 -0.995269 0.980862 0.967356 0.925281 0.873109 0.774241 0.562049 0.290334 0.024174 -0.114260 -0.261330 -0.338871 -0.540435 -0.605247 -0.682039 -0.879210 -0.984689 
53.170029 3780142.250000 48 50 50 0.942398 0.972232 0.957917 0.985284 0.970289 0.926667 0.872165 0.813752 0.618039 0.367918 0.073480 -0.133145 -0.277047 -0.426962 -0.516727 -0.569824 -0.779352 -0.962581 -0.989703 0.985300 0.968903 0.921511 0.876122 0.817785 0.629941 0.352685 0.103097 -0.147091 -0.280073 -0.438308 -0.535857 -0.597806 -0.688338 -0.957068 -0.992766 
56.369179 16235025.000000 50 50 50 0.960324 0.896237 0.908482 0.980256 0.965283 0.934075 0.869050 0.764679 0.685292 0.258907 -0.036204 -0.200759 -0.301461 -0.409972 -0.497671 -0.560315 -0.913353 -0.962645 -0.992277 0.984903 0.970010 0.942370 0.868464 0.807687 0.659914 0.347479 0.036987 -0.147374 -0.268272 -0.376011 -0.484201 -0.510471 -0.864995 -0.966519 -0.991264 
60.872501 58155548.000000 52 52 52 0.953795 0.975343 0.935418 0.978736 0.966258 0.932864 0.831276 0.657124 0.637825 0.358474 -0.035885 -0.138542 -0.309742 -0.411839 -0.525400 -0.597393 -0.841693 -0.979380 -0.989850 0.977395 0.965099 0.930988 0.850595 0.718294 0.672932 0.343827 -0.010352 -0.221292 -0.301949 -0.430871 -0.503370 -0.570189 -0.869241 -0.978748 -0.993109 
59.143768 56965736.000000 52 54 54 0.969077 0.954615 0.971910 0.983748 0.972056 0.949089 0.754439 0.546242 0.470701 0.306999 -0.011882 -0.093288 -0.215675 -0.415921 -0.548498 -0.626505 -0.806843 -0.959369 -0.986738 0.980277 0.968396 0.939567 0.763278 0.633632 0.582952 0.315710 -0.045726 -0.107263 -0.273230 -0.422766 -0.542660 -0.608606 -0.798369 -0.973491 -0.987224 
56.132542 25298620.000000 54 54 58 0.950322 0.956744 0.846090 0.989436 0.976229 0.948171 0.801668 0.512687 0.343226 0.212402 0.055143 -0.050522 -0.213965 -0.370074 -0.463765 -0.606084 -0.768181 -0.966039 -0.989973 0.986459 0.973006 0.952059 0.777405 0.492992 0.390907 0.266226 0.005597 -0.073960 -0.250507 -0.391394 -0.510987 -0.638498 -0.768441 -0.964921 -0.991232 
50.169937 2801098.000000 56 58 58 0.859728 0.700727 0.954914 0.993165 0.977651 0.924394 0.849300 0.659178 0.606641 0.204193 0.087098 0.004661 -0.148801 -0.362673 -0.468935 -0.598395 -0.773787 -0.933333 -0.975866 0.991626 0.978293 0.926701 0.756289 0.644887 0.506462 0.137402 0.086657 -0.037082 -0.167622 -0.370056 -0.438308 -0.578521 -0.784102 -0.951680 -0.979326 
52.312737 1586782.625000 58 58 58 0.952160 0.928029 0.910765 0.992875 0.981053 0.937470 0.869410 0.735823 0.628043 0.386148 0.194504 0.023971 -0.124409 -0.372224 -0.496887 -0.588914 -0.695415 -0.938882 -0.982641 0.993115 0.982384 0.929121 0.879783 0.695377 0.638449 0.426289 0.106749 0.012344 -0.144412 -0.327003 -0.469048 -0.583628 -0.773130 -0.953860 -0.980808 
53.270512 1170508.000000 58 60 60 0.929781 0.976273 0.968604 0.991403 0.979845 0.951557 0.859879 0.739962 0.650037 0.460859 0.245723 0.054364 -0.138199 -0.380487 -0.473347 -0.557216 -0.709957 -0.883428 -0.973935 0.992199 0.980400 0.942859 0.857367 0.742292 0.634938 0.415840 0.206036 0.003554 -0.129920 -0.413876 -0.490087 -0.563096 -0.656484 -0.904815 -0.981589 
53.586483 745705.125000 60 62 64 0.939536 0.944428 0.933012 0.987979 0.979570 0.960429 0.878513 0.755913 0.628791 0.393043 0.116162 0.059202 -0.068389 -0.356792 -0.427397 -0.597163 -0.752715 -0.884397 -0.971224 0.990495 0.980000 0.959399 0.874819 0.735411 0.604470 0.432339 0.157417 0.038558 -0.108770 -0.384610 -0.465289 -0.573632 -0.719547 -0.901165 -0.977058 
52.860455 4870710.000000 66 66 72 0.936666 0.900471 0.939537 0.984557 0.977428 0.939051 0.871129 0.661444 0.259881 0.166005 0.083438 0.024073 -0.137525 -0.367896 -0.454762 -0.585837 -0.759989 -0.864267 -0.991285 0.985278 0.979032 0.947774 0.863860 0.721170 0.336640 0.133209 0.086258 -0.000812 -0.253629 -0.394938 -0.529081 -0.668792 -0.779837 -0.823844 -0.938346 
51.916397 5894821.500000 72 72 70 0.943408 0.923111 0.911653 0.984361 0.973663 0.949698 0.864281 0.431796 0.317350 0.228685 0.112821 0.024232 -0.162960 -0.356816 -0.429184 -0.536032 -0.705816 -0.860879 -0.987408 0.985057 0.975076 0.938268 0.864548 0.496732 0.262464 0.211848 0.073085 0.007373 -0.187129 -0.364922 -0.453162 -0.551022 -0.716875 -0.854677 -0.989066 
53.594482 2816860.750000 72 70 68 0.942421 0.925421 0.976728 0.985444 0.972983 0.953114 0.910641 0.521050 0.449388 0.340967 0.127851 0.069181 -0.187601 -0.363035 -0.424610 -0.507899 -0.719697 -0.836821 -0.967499 0.984062 0.972630 0.948668 0.890191 0.490663 0.377599 0.303620 0.118575 0.066533 -0.072159 -0.359984 -0.421384 -0.502620 -0.676940 -0.905312 -0.991869 
53.219315 1808031.125000 68 70 72 0.973645 0.934254 0.742379 0.988357 0.972647 0.954516 0.866997 0.600700 0.556667 0.382907 0.181774 0.118342 -0.106648 -0.324213 -0.392310 -0.490632 -0.713771 -0.839018 -0.949944 0.986546 0.972380 0.954398 0.880608 0.568539 0.518857 0.366833 0.142842 0.087287 -0.113637 -0.333977 -0.398732 -0.494616 -0.724309 -0.841720 -0.954471 
49.944118 343351.125000 74 70 72 0.727647 0.929404 0.978704 0.992069 0.982075 0.962000 0.884422 0.681145 0.588711 0.365046 0.219972 0.113341 -0.146304 -0.336853 -0.363417 -0.458077 -0.733845 -0.896939 -0.968702 0.992491 0.980617 0.958608 0.885799 0.658931 0.577435 0.358674 0.200114 0.105080 -0.161642 -0.326239 -0.367298 -0.509978 -0.779492 -0.883247 -0.966126 
50.637012 429135.593750 72 72 72 0.971159 0.989126 0.984824 0.991023 0.981245 0.961813 0.893429 0.692330 0.597459 0.320457 0.179900 0.103153 -0.205134 -0.334400 -0.362166 -0.469794 -0.730928 -0.887687 -0.967948 0.991224 0.981778 0.963670 0.893848 0.683554 0.588639 0.366544 0.207925 0.100887 -0.201606 -0.334903 -0.361170 -0.451620 -0.736901 -0.895152 -0.968439 
50.702560 270598.031250 72 72 72 0.990168 0.986148 0.988606 0.990393 0.982446 0.968008 0.882307 0.706019 0.676842 0.291622 0.195170 0.081938 -0.267698 -0.331573 -0.359480 -0.469177 -0.750639 -0.888587 -0.970051 0.990582 0.981469 0.963187 0.874636 0.705220 0.648997 0.291975 0.194129 0.111711 -0.214361 -0.335023 -0.356893 -0.479006 -0.741247 -0.887660 -0.966663 
49.829361 444598.093750 72 72 72 0.988316 0.987975 0.698328 0.989698 0.981083 0.962588 0.877714 0.700153 0.667405 0.279169 0.180954 -0.046524 -0.310364 -0.335918 -0.399701 -0.634494 -0.838076 -0.912362 -0.977939 0.990464 0.982462 0.966191 0.896805 0.704159 0.672151 0.279859 0.193495 0.039173 -0.280852 -0.334943 -0.361570 -0.498930 -0.772422 -0.888480 -0.968398 
54.193596 11654091.000000 70 70 72 0.807385 0.869943 0.966287 0.981158 0.967465 0.944183 0.758653 0.638674 0.616601 0.285868 0.167823 0.071019 -0.307541 -0.355443 -0.456530 -0.667668 -0.784111 -0.810020 -0.931771 0.983514 0.970302 0.944096 0.771845 0.654494 0.629031 0.289759 0.161094 0.067066 -0.293148 -0.359843 -0.475818 -0.708204 -0.796248 -0.879786 -0.979604 
53.428123 2959734.500000 72 74 78 0.955735 0.945700 0.757051 0.985526 0.971386 0.954898 0.788842 0.658528 0.631303 0.279972 0.154614 0.026493 -0.317005 -0.366241 -0.488948 -0.644123 -0.721570 -0.765537 -0.861910 0.982801 0.968403 0.948162 0.758238 0.644234 0.620573 0.279250 0.170659 0.027982 -0.291195 -0.353138 -0.451155 -0.671106 -0.747802 -0.787456 -0.838829 
40.456356 158426.015625 78 72 72 0.721969 0.309879 0.512341 0.992550 0.970160 0.938329 0.767940 0.649537 0.628552 0.344635 0.169898 0.037285 -0.285164 -0.338572 -0.493200 -0.667871 -0.780721 -0.835606 -0.981585 0.988512 0.971715 0.957984 0.798974 0.667846 0.616025 0.258953 0.145397 -0.016789 -0.326149 -0.390663 -0.542628 -0.657684 -0.743807 -0.811484 -0.979071 
33.539852 65820.671875 72 64 72 0.607488 0.619793 0.626951 0.987007 0.971452 0.934474 0.721328 0.649104 0.632022 0.489366 0.185429 0.035702 -0.306491 -0.348012 -0.500217 -0.724392 -0.770401 -0.870851 -0.966787 0.990147 0.974191 0.937599 0.735312 0.639590 0.627737 0.426729 0.182242 0.042623 -0.300803 -0.341838 -0.511659 -0.689921 -0.775208 -0.856759 -0.969684 
28.511889 204159.109375 72 68 44 0.559477 0.654877 0.491058 0.977936 0.961749 0.751593 0.643268 0.573643 0.470971 0.354174 0.120003 0.011277 -0.389432 -0.523326 -0.592986 -0.657651 -0.743426 -0.808654 -0.951162 0.979967 0.965695 0.936140 0.729544 0.657553 0.626136 0.445225 0.174804 0.037581 -0.254805 -0.346036 -0.467868 -0.696428 -0.799323 -0.893624 -0.979010 
42.765499 5785568.500000 44 76 110 0.388827 0.496585 0.470094 0.964607 0.942723 0.774795 0.631577 0.527319 0.456628 0.186159 0.032734 -0.168473 -0.412785 -0.533302 -0.632076 -0.680680 -0.771246 -0.900725 -0.973039 0.962591 0.930743 0.693397 0.608004 0.529622 0.470883 0.278507 0.065749 -0.056010 -0.433473 -0.543355 -0.603062 -0.660836 -0.734163 -0.840632 -0.973905 
40.892342 4519339.000000 110 100 100 0.475899 0.570567 0.547688 0.968754 0.936978 0.679802 0.606810 0.501885 0.371050 0.138833 0.068056 -0.268726 -0.345296 -0.484337 -0.643883 -0.727715 -0.789248 -0.875300 -0.969611 0.973739 0.947044 0.683818 0.561833 0.465373 0.414167 0.223967 0.003425 -0.205063 -0.339393 -0.541983 -0.662158 -0.717856 -0.782410 -0.870645 -0.960612 
37.794872 1927241.750000 122 88 74 0.508564 0.559420 0.397100 0.970190 0.955969 0.676274 0.551363 0.467330 0.391133 0.161846 0.083623 -0.190814 -0.323015 -0.424852 -0.630975 -0.767565 -0.811306 -0.893480 -0.978431 0.968451 0.940529 0.666001 0.583164 0.455409 0.411526 0.140770 0.057707 -0.230971 -0.332287 -0.436652 -0.664463 -0.754614 -0.819983 -0.900199 -0.983441 
31.075592 480085.125000 72 66 64 0.622353 0.334980 0.665037 0.988561 0.952932 0.835998 0.562383 0.526117 0.439603 0.230868 0.055253 -0.170284 -0.303425 -0.386955 -0.621473 -0.741383 -0.792461 -0.903365 -0.979654 0.980681 0.954023 0.792288 0.543018 0.509542 0.383049 0.211641 0.065188 -0.183699 -0.316158 -0.429585 -0.612022 -0.761053 -0.805586 -0.916059 -0.981032 
45.356884 164113.937500 64 64 64 0.557215 0.811141 0.859025 0.994603 0.986417 0.973508 0.919894 0.617399 0.509233 0.412564 0.185928 -0.132816 -0.206539 -0.375463 -0.591348 -0.692982 -0.799860 -0.870611 -0.965618 0.994575 0.988326 0.940420 0.704401 0.544832 0.476033 0.319795 0.135568 -0.138284 -0.287224 -0.394092 -0.589509 -0.710972 -0.778596 -0.897618 -0.981263 
51.447823 197477.671875 62 64 64 0.944941 0.962619 0.980745 0.994791 0.986810 0.973298 0.932722 0.696769 0.528226 0.437029 0.080419 -0.145081 -0.189783 -0.232843 -0.359740 -0.679096 -0.744380 -0.890626 -0.963816 0.994828 0.986476 0.973164 0.922990 0.658534 0.536048 0.436391 0.074782 -0.154912 -0.202512 -0.271492 -0.414873 -0.700744 -0.752862 -0.862445 -0.959931 
52.612411 179678.421875 64 64 64 0.985850 0.984200 0.985924 0.994444 0.986374 0.973531 0.945876 0.724860 0.519017 0.445242 0.001993 -0.132394 -0.182884 -0.232911 -0.391217 -0.657511 -0.737339 -0.914914 -0.971143 0.994611 0.986854 0.972855 0.942233 0.724230 0.516608 0.444158 0.013300 -0.134243 -0.178703 -0.220682 -0.389317 -0.664451 -0.749501 -0.904598 -0.966004 
52.772530 161929.796875 64 64 64 0.988596 0.987509 0.989294 0.994617 0.987043 0.973692 0.947472 0.720072 0.536191 0.424869 0.015954 -0.157260 -0.187721 -0.246480 -0.338146 -0.629182 -0.776746 -0.904974 -0.968980 0.994517 0.986544 0.973380 0.943524 0.729362 0.536280 0.442052 0.034314 -0.146891 -0.181110 -0.238002 -0.352481 -0.650086 -0.769766 -0.900800 -0.971464 
52.976082 3820872.000000 64 64 64 0.980119 0.956063 0.986048 0.993421 0.982665 0.970509 0.868288 0.417118 0.350867 0.151790 0.052934 -0.113809 -0.238883 -0.331770 -0.427893 -0.638511 -0.699731 -0.769208 -0.986923 0.994253 0.985555 0.971246 0.923924 0.498828 0.393595 0.258522 0.117795 -0.010993 -0.195225 -0.241338 -0.492090 -0.665980 -0.731663 -0.881334 -0.985626 
54.560234 6340240.500000 64 64 64 0.983807 0.951134 0.876338 0.992679 0.981368 0.970556 0.874320 0.394334 0.351567 0.130858 -0.032954 -0.136422 -0.277532 -0.357687 -0.439347 -0.624534 -0.703407 -0.790729 -0.977446 0.993041 0.981978 0.971697 0.882555 0.413864 0.356707 0.126660 -0.045704 -0.150124 -0.279405 -0.349726 -0.451557 -0.622583 -0.699660 -0.772126 -0.982439 
55.448807 10206717.000000 62 62 60 0.986914 0.958011 0.992949 0.991237 0.979070 0.967720 0.857182 0.366441 0.334168 0.156801 0.029093 -0.097764 -0.236004 -0.349443 -0.427649 -0.615204 -0.683334 -0.810792 -0.979088 0.992270 0.980513 0.968790 0.860674 0.380832 0.346524 0.147044 -0.008777 -0.102697 -0.252645 -0.361712 -0.420686 -0.607719 -0.688079 -0.797868 -0.984857 
57.494411 15838722.000000 60 60 58 0.994309 0.974826 0.996723 0.989158 0.976811 0.968188 0.820301 0.393502 0.343007 0.175137 0.119554 -0.036291 -0.235830 -0.344676 -0.389038 -0.618087 -0.700879 -0.850943 -0.972833 0.989981 0.977865 0.967603 0.843263 0.372792 0.326575 0.176122 0.078287 -0.065935 -0.251195 -0.332731 -0.396956 -0.610266 -0.685500 -0.822800 -0.983469 
59.380154 19887346.000000 58 58 58 0.996031 0.988639 0.954105 0.987737 0.975355 0.966599 0.810706 0.431000 0.392221 0.240956 0.163306 0.034336 -0.214419 -0.335297 -0.415624 -0.630266 -0.704455 -0.837606 -0.966390 0.988589 0.976056 0.967071 0.832337 0.405445 0.375389 0.204650 0.159296 0.003331 -0.206788 -0.351852 -0.410977 -0.614910 -0.689801 -0.839271 -0.975563 
60.536610 20124728.000000 58 56 56 0.971729 0.995914 0.990014 0.985514 0.973919 0.964530 0.767440 0.544998 0.490694 0.282326 0.208318 0.031588 -0.250946 -0.334660 -0.421912 -0.613917 -0.724654 -0.795365 -0.969324 0.986344 0.974570 0.965562 0.779546 0.485132 0.446078 0.273468 0.179808 0.032943 -0.215079 -0.330127 -0.426132 -0.632127 -0.726170 -0.808847 -0.975957 
60.866390 19728478.000000 56 56 56 0.996334 0.983069 0.970071 0.983141 0.973189 0.961362 0.750410 0.596493 0.554131 0.276740 0.199475 0.033860 -0.240089 -0.342438 -0.394958 -0.618235 -0.696070 -0.781061 -0.970009 0.983723 0.973367 0.962143 0.756597 0.578421 0.530340 0.271389 0.211357 0.064440 -0.241142 -0.338360 -0.402512 -0.616222 -0.704023 -0.803904 -0.964282 
60.059086 24333114.000000 56 56 56 0.970980 0.966413 0.958374 0.984437 0.973062 0.960389 0.703505 0.589690 0.518151 0.252547 0.145959 0.016372 -0.199745 -0.303834 -0.489408 -0.601147 -0.676678 -0.721133 -0.953456 0.983782 0.973010 0.960769 0.721895 0.596645 0.545540 0.270609 0.178014 0.027223 -0.239744 -0.350383 -0.436403 -0.637936 -0.704837 -0.769562 -0.968548 
55.135765 1733792.750000 56 56 56 0.946596 0.946992 0.971068 0.992430 0.980812 0.962073 0.880070 0.591083 0.531342 0.292946 0.157172 0.099026 -0.067718 -0.312897 -0.432489 -0.582833 -0.669012 -0.816225 -0.969011 0.988757 0.975388 0.962578 0.731246 0.574091 0.507500 0.266616 0.143425 0.068312 -0.077391 -0.267854 -0.444842 -0.573823 -0.635405 -0.702145 -0.960934 
55.084301 1512041.125000 56 56 58 0.970415 0.942420 0.971239 0.991110 0.978167 0.961803 0.909505 0.603640 0.545362 0.355558 0.230505 0.101980 -0.060195 -0.320777 -0.440944 -0.604517 -0.661392 -0.867538 -0.962379 0.991762 0.979218 0.960834 0.904055 0.610517 0.540362 0.320041 0.201538 0.102671 -0.037341 -0.320615 -0.455107 -0.572443 -0.673335 -0.855684 -0.966376 
57.289501 18518600.000000 58 58 60 0.982674 0.909220 0.977157 0.985577 0.975625 0.956066 0.705133 0.534267 0.489326 0.257708 0.125240 0.058770 -0.096338 -0.180530 -0.459274 -0.582372 -0.642774 -0.716249 -0.958254 0.990514 0.977318 0.961642 0.843567 0.565177 0.513784 0.343982 0.168423 0.069630 0.022456 -0.202323 -0.471860 -0.570160 -0.633351 -0.841513 -0.964488 
60.275658 31851810.000000 58 60 62 0.911449 0.994781 0.976094 0.985057 0.976168 0.953832 0.731316 0.526495 0.468108 0.234116 0.129372 0.050507 -0.176819 -0.258518 -0.463315 -0.616821 -0.665700 -0.705888 -0.958686 0.984011 0.975803 0.957185 0.713552 0.513348 0.483206 0.251483 0.121150 0.032652 -0.140297 -0.214280 -0.473021 -0.611661 -0.672181 -0.710176 -0.961416 
55.733521 26275376.000000 62 62 66 0.973303 0.897854 0.814434 0.991191 0.978235 0.945090 0.749622 0.497722 0.439345 0.153164 0.071065 -0.159048 -0.310918 -0.391762 -0.583304 -0.665793 -0.811419 -0.918193 -0.985736 0.987773 0.976473 0.947864 0.767510 0.514665 0.464594 0.190871 0.125536 0.037582 -0.194364 -0.305909 -0.477361 -0.642130 -0.679058 -0.810722 -0.970438 
46.838615 2840612.750000 66 60 58 0.862840 0.437240 0.418295 0.984323 0.966155 0.934743 0.714454 0.527703 0.468544 0.233632 0.102974 -0.175783 -0.307215 -0.363034 -0.508368 -0.674599 -0.783692 -0.909631 -0.973808 0.992287 0.977979 0.951150 0.680182 0.504779 0.371090 0.148857 0.005422 -0.271867 -0.336665 -0.392182 -0.548985 -0.712839 -0.782515 -0.903891 -0.981879 
39.519241 399114.750000 58 60 60 0.500874 0.734408 0.787933 0.988472 0.977933 0.950692 0.726509 0.521488 0.489716 0.235457 0.122044 -0.005165 -0.263088 -0.329880 -0.539259 -0.646978 -0.753931 -0.881355 -0.963139 0.980112 0.971108 0.938585 0.733589 0.515875 0.495741 0.250436 0.132636 -0.020529 -0.268045 -0.349414 -0.474499 -0.672449 -0.790425 -0.923522 -0.974123 
46.041798 26173694.000000 60 62 64 0.846754 0.803800 0.335129 0.989870 0.955642 0.838271 0.628402 0.426855 0.253012 0.069766 -0.064991 -0.328080 -0.461961 -0.568326 -0.672374 -0.746032 -0.864820 -0.930342 -0.986403 0.990196 0.979164 0.945529 0.634022 0.517672 0.479891 0.212017 0.118286 -0.017673 -0.252032 -0.345681 -0.544781 -0.663197 -0.774225 -0.883521 -0.958925 
52.908596 18222814.000000 64 58 116 0.477437 0.734669 0.552828 0.981352 0.906099 0.742668 0.489321 0.383682 0.118253 0.009386 -0.192562 -0.410114 -0.529492 -0.605564 -0.726333 -0.841080 -0.882424 -0.939569 -0.979776 0.981449 0.910958 0.824728 0.638947 0.421543 0.233425 0.037458 -0.116429 -0.375848 -0.488456 -0.590672 -0.721562 -0.805683 -0.879391 -0.941823 -0.987014 
49.313499 6248897.500000 116 64 116 0.555877 0.428910 0.669847 0.975499 0.958418 0.707698 0.482427 0.388926 0.128192 0.059512 -0.036158 -0.326944 -0.475674 -0.530550 -0.643310 -0.830429 -0.864517 -0.921393 -0.982975 0.978598 0.935976 0.652421 0.459636 0.370506 0.110798 0.047237 -0.190387 -0.380112 -0.511007 -0.561165 -0.700211 -0.840637 -0.891617 -0.941500 -0.984326 
49.716129 7387536.000000 52 58 64 0.578734 0.687752 0.848303 0.990346 0.978822 0.971147 0.786111 0.404565 0.359608 0.169371 0.090468 -0.070371 -0.328488 -0.470609 -0.551140 -0.744406 -0.850532 -0.911413 -0.975349 0.990389 0.978590 0.895770 0.556611 0.396339 0.342694 0.118977 0.000052 -0.189658 -0.476245 -0.521934 -0.641393 -0.829563 -0.877298 -0.931794 -0.977259 
56.747581 40074220.000000 64 72 74 0.863405 0.953642 0.983516 0.986622 0.977356 0.956662 0.721699 0.411397 0.360846 0.191817 0.086415 -0.019058 -0.300017 -0.440389 -0.512869 -0.645464 -0.797657 -0.865222 -0.984247 0.986767 0.978026 0.961279 0.744385 0.403076 0.359842 0.177050 0.083383 -0.031877 -0.306457 -0.453576 -0.529423 -0.669316 -0.810270 -0.873850 -0.992513 
56.247902 23182350.000000 74 74 74 0.985954 0.989109 0.979494 0.986647 0.978506 0.959747 0.764756 0.397924 0.327813 0.205017 0.098698 -0.020556 -0.295973 -0.429816 -0.495712 -0.635117 -0.805611 -0.875520 -0.981323 0.986379 0.977576 0.956794 0.733558 0.419292 0.345639 0.209840 0.093361 -0.008104 -0.301457 -0.427536 -0.502427 -0.632308 -0.799962 -0.869445 -0.971262 
55.007698 12434704.000000 74 74 76 0.981498 0.968000 0.981234 0.987664 0.978727 0.962629 0.817051 0.357807 0.310863 0.188768 0.094176 -0.002719 -0.250136 -0.427544 -0.482394 -0.630625 -0.810439 -0.881758 -0.985642 0.987052 0.978807 0.961879 0.782290 0.375927 0.323980 0.211431 0.098816 -0.018710 -0.261709 -0.432170 -0.492210 -0.640682 -0.803182 -0.879390 -0.974406 
52.825108 5609060.500000 76 76 76 0.976096 0.992528 0.989527 0.988863 0.979488 0.964832 0.852287 0.348319 0.293497 0.178449 0.106233 -0.032135 -0.235957 -0.446626 -0.491576 -0.627406 -0.774014 -0.864333 -0.973980 0.988423 0.979441 0.964070 0.832566 0.367256 0.304436 0.178510 0.103312 -0.010687 -0.226729 -0.429876 -0.481233 -0.647514 -0.780322 -0.879472 -0.986525 
50.930588 2876072.000000 76 76 76 0.990351 0.968008 0.959984 0.989903 0.980258 0.966920 0.867815 0.335205 0.260217 0.158730 0.090681 -0.019018 -0.241314 -0.445475 -0.495783 -0.602359 -0.710979 -0.862550 -0.932494 0.989190 0.980436 0.966613 0.850650 0.343832 0.278288 0.175594 0.094170 -0.005074 -0.241569 -0.441559 -0.495078 -0.609950 -0.747830 -0.877234 -0.947096 
47.946548 1437948.250000 76 78 78 0.957124 0.965801 0.944727 0.992718 0.981937 0.970938 0.823790 0.324932 0.245826 0.138477 0.085574 -0.017803 -0.233948 -0.463729 -0.508257 -0.618586 -0.721742 -0.884888 -0.984641 0.991096 0.980021 0.968420 0.849316 0.340939 0.256133 0.154176 0.098704 -0.019751 -0.251674 -0.463987 -0.516868 -0.618887 -0.732987 -0.841949 -0.961481 
42.947052 676777.187500 78 78 72 0.948154 0.949821 0.914880 0.993667 0.979836 0.956700 0.837626 0.542081 0.254319 0.157317 0.091724 0.032066 -0.221352 -0.469847 -0.551912 -0.622856 -0.698884 -0.827490 -0.981637 0.994051 0.979846 0.967087 0.861578 0.341332 0.242723 0.143716 0.087136 -0.006938 -0.229305 -0.464110 -0.523133 -0.637421 -0.726749 -0.870958 -0.991203 
46.186386 351291.968750 72 72 72 0.886294 0.966254 0.959071 0.992552 0.983813 0.968152 0.914488 0.548585 0.257473 0.160900 0.083519 0.040986 -0.060992 -0.430719 -0.549562 -0.612597 -0.685429 -0.840717 -0.956019 0.992650 0.981806 0.964338 0.908704 0.449476 0.237953 0.159088 0.081930 0.038555 -0.116747 -0.456903 -0.554477 -0.615805 -0.691389 -0.834175 -0.981915 
40.912304 57891.433594 72 74 72 0.945211 0.916179 0.743677 0.994717 0.985681 0.966595 0.883240 0.557331 0.336960 0.207981 0.086387 0.042322 -0.115578 -0.426425 -0.525848 -0.635451 -0.788308 -0.887510 -0.964367 0.992760 0.983782 0.969231 0.905784 0.577674 0.303656 0.173797 0.091858 0.034711 -0.045788 -0.411381 -0.555709 -0.613848 -0.693843 -0.870251 -0.961705 
28.541868 17403.201172 74 80 74 0.733056 0.304078 0.522993 0.993521 0.977541 0.934350 0.807106 0.585766 0.424121 0.232595 0.086098 0.050401 -0.127621 -0.449613 -0.528997 -0.689386 -0.846928 -0.903385 -0.961477 0.994712 0.986282 0.947422 0.801347 0.558904 0.416156 0.207107 0.100986 0.047068 -0.111519 -0.416902 -0.519819 -0.674069 -0.819054 -0.911841 -0.975945 
21.148443 11833.154297 76 76 148 0.561309 0.670236 0.429404 0.987927 0.968658 0.926038 0.814133 0.606117 0.378639 0.297736 0.143538 0.064022 -0.255637 -0.424339 -0.538183 -0.702042 -0.833647 -0.917919 -0.980230 0.992464 0.973864 0.932863 0.812656 0.629997 0.421306 0.257179 0.116939 0.043963 -0.218617 -0.425317 -0.534222 -0.710789 -0.837569 -0.901655 -0.971144 
14.656738 7242.343262 204 152 150 0.426938 0.372835 0.464156 0.986854 0.969314 0.887156 0.793042 0.592386 0.390462 0.261023 0.118274 -0.027580 -0.206072 -0.404196 -0.569713 -0.713603 -0.857003 -0.924254 -0.968086 0.986371 0.962422 0.890529 0.805492 0.610280 0.389392 0.285252 0.101950 0.036584 -0.277684 -0.394863 -0.561534 -0.693109 -0.861257 -0.920213 -0.972381 
15.887934 6219.912598 150 48 192 0.428253 0.344689 0.321164 0.987525 0.970675 0.914625 0.819199 0.664572 0.411947 0.260461 0.159743 0.042010 -0.210282 -0.456178 -0.541157 -0.716960 -0.843168 -0.921189 -0.970088 0.983974 0.956557 0.889812 0.780817 0.593036 0.414829 0.278123 0.173318 0.040944 -0.188961 -0.443270 -0.584961 -0.720864 -0.850593 -0.922151 -0.976874 
17.596737 6335.547852 116 114 116 0.334899 0.438945 0.519583 0.985120 0.967454 0.933124 0.796114 0.642553 0.441417 0.301992 0.178122 -0.025542 -0.225803 -0.477587 -0.569673 -0.709641 -0.833242 -0.912385 -0.975784 0.988078 0.973879 0.902967 0.803771 0.688925 0.473693 0.259044 0.174574 0.014307 -0.241309 -0.452302 -0.544639 -0.740566 -0.830402 -0.926227 -0.964837 
14.037837 5096.352051 202 202 70 0.488295 0.416339 0.415313 0.989475 0.962592 0.909499 0.794003 0.637872 0.489647 0.301573 0.120084 -0.027834 -0.241109 -0.395682 -0.548498 -0.722224 -0.828294 -0.927467 -0.975540 0.985604 0.963702 0.905648 0.797924 0.628464 0.476766 0.305364 0.122209 -0.018122 -0.240294 -0.453574 -0.562372 -0.736927 -0.844124 -0.919053 -0.979472 
14.531338 2524.241943 62 58 90 0.365541 0.413795 0.475194 0.987115 0.970844 0.928500 0.792510 0.650259 0.562431 0.292487 0.098927 -0.038788 -0.256982 -0.387366 -0.587644 -0.712292 -0.853099 -0.920668 -0.976060 0.988512 0.972467 0.933441 0.755194 0.642835 0.536129 0.287580 0.116289 -0.101825 -0.241121 -0.415742 -0.591383 -0.735994 -0.832451 -0.929244 -0.983296 
43.085743 24826216.000000 100 42 26 0.596166 0.465278 0.382182 0.952002 0.913497 0.848271 0.630712 0.511056 0.369725 0.182928 0.010308 -0.240848 -0.340593 -0.431378 -0.659568 -0.731571 -0.782578 -0.935133 -0.985470 0.986060 0.943980 0.855590 0.758483 0.556546 0.401265 0.244988 0.097408 -0.049088 -0.200465 -0.348542 -0.529424 -0.678542 -0.795992 -0.873765 -0.970944 
47.472481 10829921.000000 22 50 54 0.265032 0.429313 0.564005 0.945356 0.885824 0.713503 0.564279 0.487538 0.236991 0.124433 -0.139498 -0.289865 -0.352581 -0.500116 -0.621715 -0.749251 -0.845168 -0.926181 -0.989028 0.959303 0.928364 0.785424 0.552997 0.497655 0.208959 0.110416 -0.177116 -0.287453 -0.390421 -0.475138 -0.645479 -0.747944 -0.866891 -0.930229 -0.989669 
39.825130 5108632.500000 56 42 50 0.374860 0.494358 0.465174 0.940023 0.914858 0.812769 0.633968 0.585521 0.387841 0.246081 0.111604 -0.179564 -0.284581 -0.396054 -0.583292 -0.715333 -0.792607 -0.900016 -0.984321 0.931973 0.908389 0.789537 0.591389 0.532189 0.350330 0.156068 -0.004229 -0.251908 -0.325372 -0.476001 -0.613577 -0.736139 -0.836155 -0.929516 -0.983583 
53.996387 10783596.000000 48 52 52 0.428610 0.673381 0.943656 0.984371 0.963997 0.927092 0.870545 0.736118 0.643630 0.343848 0.247675 -0.047754 -0.229519 -0.288736 -0.505337 -0.693221 -0.800814 -0.858733 -0.951724 0.984610 0.953852 0.901981 0.764370 0.633962 0.492025 0.275054 0.210280 -0.116861 -0.238051 -0.340420 -0.526525 -0.709030 -0.782589 -0.884435 -0.972674 
64.031425 78836784.000000 52 54 56 0.939342 0.943694 0.976928 0.972989 0.958630 0.918556 0.855946 0.778066 0.521138 0.313795 0.266488 -0.030542 -0.220947 -0.291413 -0.493033 -0.609651 -0.685431 -0.766726 -0.974072 0.977178 0.958363 0.920375 0.843486 0.734238 0.606861 0.330690 0.270431 0.051057 -0.212247 -0.285040 -0.476506 -0.625685 -0.704148 -0.782994 -0.963781 
65.159828 17815392.000000 56 56 58 0.968171 0.920081 0.979314 0.977661 0.969155 0.932460 0.890719 0.829234 0.616861 0.262676 0.225853 -0.078867 -0.190731 -0.289545 -0.480289 -0.599170 -0.658028 -0.805922 -0.988223 0.975020 0.962721 0.923403 0.864860 0.829339 0.600456 0.292684 0.241360 -0.044089 -0.206671 -0.272409 -0.490537 -0.604570 -0.681692 -0.782902 -0.980670 
65.287262 5545325.000000 58 58 58 0.975154 0.951549 0.967298 0.979123 0.973432 0.944855 0.916023 0.829824 0.646536 0.310938 0.217351 -0.054864 -0.180071 -0.271742 -0.481737 -0.607337 -0.688608 -0.854215 -0.979882 0.978629 0.972167 0.936977 0.912353 0.832182 0.611704 0.269191 0.217447 -0.061532 -0.177191 -0.302233 -0.481645 -0.598631 -0.664989 -0.834227 -0.990434 
62.847385 2598581.250000 58 58 58 0.950562 0.982162 0.974788 0.980040 0.974968 0.953031 0.914223 0.801054 0.642392 0.317653 0.221879 -0.045041 -0.178876 -0.312104 -0.514146 -0.595835 -0.694074 -0.887471 -0.973427 0.979876 0.974870 0.953152 0.927988 0.794396 0.587012 0.332701 0.230838 -0.096986 -0.186863 -0.286850 -0.477904 -0.601234 -0.711246 -0.875023 -0.974342 
63.040371 6062242.500000 58 58 58 0.968097 0.954633 0.915358 0.979427 0.974097 0.932619 0.903939 0.852548 0.632079 0.298580 0.227405 -0.098404 -0.208439 -0.352821 -0.532799 -0.605766 -0.650369 -0.804792 -0.968970 0.979637 0.974691 0.944314 0.911047 0.824736 0.656160 0.286709 0.215369 -0.038927 -0.187507 -0.330887 -0.516713 -0.595159 -0.657278 -0.849642 -0.970593 
62.809025 9617490.000000 58 60 62 0.926982 0.914514 0.861655 0.979705 0.972655 0.921870 0.866998 0.844151 0.605106 0.362223 0.316802 -0.089889 -0.231645 -0.325897 -0.529391 -0.623934 -0.667174 -0.733812 -0.956810 0.979836 0.973064 0.931998 0.897190 0.852848 0.593342 0.329024 0.272929 -0.113316 -0.212761 -0.361847 -0.530502 -0.613493 -0.657271 -0.719060 -0.959502 
60.457268 8332920.000000 60 64 66 0.847806 0.942226 0.948169 0.980908 0.971634 0.926782 0.836862 0.777444 0.578951 0.476821 0.386891 -0.013072 -0.213116 -0.293257 -0.507226 -0.616371 -0.687891 -0.727436 -0.935290 0.979689 0.970562 0.920060 0.858988 0.821142 0.619333 0.419081 0.348331 -0.070344 -0.221572 -0.313058 -0.528752 -0.615490 -0.678822 -0.727105 -0.948206 
58.826965 10824728.000000 66 68 68 0.954073 0.912400 0.948076 0.983107 0.974224 0.936385 0.751434 0.671018 0.573814 0.473236 0.353848 0.004139 -0.161470 -0.244180 -0.512922 -0.606905 -0.681151 -0.710934 -0.917291 0.981919 0.973390 0.928332 0.805273 0.716812 0.576158 0.497099 0.414114 -0.003420 -0.188411 -0.265518 -0.512678 -0.618410 -0.683940 -0.726360 -0.928839 
55.712948 9568666.000000 68 70 74 0.940183 0.902875 0.515579 0.985007 0.977082 0.940002 0.751993 0.629850 0.531015 0.259411 0.097004 -0.087473 -0.217491 -0.348775 -0.512069 -0.596714 -0.673051 -0.701493 -0.802360 0.984502 0.975679 0.935992 0.721130 0.637779 0.529668 0.312236 0.215191 -0.009861 -0.169227 -0.260333 -0.513153 -0.596231 -0.683729 -0.711211 -0.875138 
44.761154 510588.250000 72 74 74 0.595804 0.713304 0.613667 0.988268 0.973297 0.903954 0.820932 0.736633 0.650245 0.459944 0.220947 -0.062363 -0.226557 -0.316187 -0.485026 -0.608991 -0.681583 -0.725915 -0.948853 0.988573 0.974456 0.905772 0.835283 0.707682 0.554567 0.393214 0.100281 -0.059395 -0.240326 -0.436983 -0.537375 -0.602614 -0.678414 -0.707249 -0.875328 
38.520527 226645.750000 74 74 74 0.575235 0.545867 0.583755 0.993846 0.974200 0.876906 0.777509 0.685698 0.624969 0.480503 0.285976 0.002165 -0.164013 -0.289122 -0.491355 -0.627004 -0.684477 -0.815258 -0.959252 0.990344 0.967239 0.881966 0.801685 0.693952 0.639127 0.474470 0.281050 -0.012324 -0.194983 -0.325222 -0.528409 -0.601305 -0.692038 -0.752932 -0.953426 
38.008293 667661.625000 74 64 60 0.642314 0.627576 0.724512 0.986536 0.966681 0.874963 0.818029 0.688438 0.494351 0.300404 0.076396 -0.076665 -0.239952 -0.401906 -0.523848 -0.617902 -0.733274 -0.956473 -0.988142 0.989801 0.976576 0.900792 0.813612 0.711765 0.600391 0.445198 0.254572 -0.013163 -0.171014 -0.243962 -0.482057 -0.635451 -0.692886 -0.829799 -0.961643 
45.729378 2971267.000000 60 56 66 0.675445 0.654231 0.598052 0.981001 0.967098 0.938391 0.789008 0.685689 0.562026 0.260319 0.185470 -0.001620 -0.258089 -0.330020 -0.522846 -0.663809 -0.822573 -0.915811 -0.947780 0.975775 0.962998 0.886555 0.751229 0.598293 0.418087 0.234185 0.027358 -0.102536 -0.308483 -0.431213 -0.557982 -0.636245 -0.877203 -0.933825 -0.976377 
54.818970 5500256.000000 66 70 70 0.588860 0.941535 0.885899 0.979351 0.966314 0.946394 0.814557 0.715875 0.574897 0.287406 0.246371 0.069649 -0.229161 -0.294828 -0.519878 -0.660632 -0.741948 -0.805729 -0.907796 0.980245 0.968717 0.940884 0.789073 0.699005 0.579288 0.264068 0.223586 -0.007677 -0.249391 -0.323318 -0.486558 -0.638693 -0.725237 -0.817852 -0.938191 
48.077789 1822199.250000 70 76 80 0.932502 0.694165 0.434256 0.989404 0.967957 0.917290 0.804452 0.644429 0.484931 0.284712 0.135282 -0.103233 -0.315535 -0.449904 -0.588715 -0.716655 -0.808326 -0.858159 -0.977268 0.983361 0.966627 0.947534 0.841564 0.728828 0.606508 0.297715 0.262616 0.008991 -0.228065 -0.297549 -0.540366 -0.683735 -0.770005 -0.805432 -0.928937 
37.878258 4077734.250000 80 72 62 0.464290 0.440315 0.568050 0.978013 0.957142 0.781599 0.683218 0.581336 0.439771 0.277951 0.134830 -0.091575 -0.324029 -0.443443 -0.567723 -0.718338 -0.818889 -0.881594 -0.982181 0.981639 0.963202 0.864613 0.691258 0.606545 0.431963 0.283434 0.161989 -0.075519 -0.339229 -0.434557 -0.570478 -0.734996 -0.832070 -0.881197 -0.983360 
35.792053 2133613.500000 62 64 102 0.460441 0.553331 0.445413 0.977090 0.945218 0.800765 0.707357 0.577647 0.403354 0.273094 0.119761 -0.114352 -0.330443 -0.445586 -0.597206 -0.711388 -0.808353 -0.883372 -0.976135 0.981598 0.918855 0.820742 0.667346 0.559118 0.405595 0.255990 0.098444 -0.133781 -0.303605 -0.481594 -0.573146 -0.762081 -0.814265 -0.885099 -0.971444 
31.701141 810573.750000 102 114 66 0.494260 0.451261 0.405408 0.971560 0.939627 0.792157 0.687833 0.547337 0.417774 0.218765 0.061513 -0.201194 -0.304177 -0.459007 -0.594754 -0.717608 -0.784998 -0.930791 -0.991798 0.977771 0.949126 0.780398 0.684667 0.539789 0.416734 0.248371 0.058639 -0.154517 -0.337068 -0.444832 -0.619638 -0.719016 -0.803241 -0.883524 -0.979545 
28.613703 589837.187500 66 100 146 0.538018 0.438234 0.439896 0.970241 0.945783 0.779510 0.649931 0.514257 0.393539 0.243190 0.055975 -0.146359 -0.348633 -0.486791 -0.605665 -0.755258 -0.808724 -0.953261 -0.989233 0.979461 0.942223 0.813806 0.677934 0.527378 0.382550 0.271991 0.071536 -0.160946 -0.327106 -0.480823 -0.579422 -0.739576 -0.812876 -0.940431 -0.994727 
28.951416 522818.250000 94 110 124 0.397798 0.348927 0.535372 0.976293 0.916813 0.785650 0.608892 0.484958 0.370153 0.211590 -0.006902 -0.123023 -0.303797 -0.427145 -0.596942 -0.685130 -0.742339 -0.970063 -0.993061 0.979017 0.928996 0.783168 0.681441 0.575580 0.401679 0.228158 -0.013359 -0.102819 -0.289830 -0.478820 -0.580428 -0.700624 -0.757512 -0.931313 -0.989654 
32.719185 1702677.375000 122 92 94 0.376429 0.367989 0.384775 0.967751 0.901683 0.762183 0.696222 0.568678 0.445743 0.229535 0.059582 -0.199662 -0.333707 -0.453377 -0.556351 -0.722563 -0.792266 -0.943234 -0.994378 0.977962 0.911587 0.745709 0.654250 0.524328 0.397907 0.202812 0.042405 -0.124827 -0.306511 -0.436025 -0.591875 -0.719700 -0.785155 -0.951036 -0.987549 
41.057278 312332.218750 96 94 46 0.405507 0.317726 0.711280 0.986227 0.969602 0.948429 0.906949 0.725054 0.507681 0.321711 0.191294 -0.046666 -0.245486 -0.386270 -0.542258 -0.673931 -0.766478 -0.935731 -0.990985 0.946687 0.878502 0.829246 0.690473 0.560811 0.412965 0.283266 0.074547 -0.151766 -0.294087 -0.457976 -0.555529 -0.681642 -0.795890 -0.954480 -0.994703 
58.552612 442754.031250 44 58 58 0.694407 0.972088 0.993460 0.980373 0.975631 0.953634 0.939934 0.877204 0.644147 0.362335 0.255370 0.018493 -0.207194 -0.408198 -0.554958 -0.608461 -0.794499 -0.913214 -0.980133 0.982042 0.974792 0.953617 0.936951 0.861236 0.591338 0.339416 0.263181 0.007003 -0.228791 -0.372816 -0.538877 -0.640886 -0.772476 -0.922713 -0.984742 
60.245594 424478.406250 58 58 58 0.992904 0.983754 0.963363 0.980700 0.975277 0.953229 0.935168 0.895885 0.690741 0.362929 0.281544 0.001804 -0.197583 -0.420858 -0.574505 -0.630178 -0.772151 -0.913306 -0.977122 0.980469 0.975759 0.953770 0.939234 0.890628 0.666503 0.359027 0.265072 0.018731 -0.193084 -0.423444 -0.556183 -0.621885 -0.788176 -0.913228 -0.979166 
59.019817 715021.312500 58 58 58 0.945864 0.949713 0.958520 0.980082 0.973220 0.943660 0.911386 0.889551 0.722529 0.402102 0.350734 -0.084285 -0.230053 -0.405016 -0.600724 -0.625248 -0.694017 -0.887531 -0.975319 0.980252 0.974119 0.949254 0.923807 0.888939 0.694161 0.382288 0.298730 -0.009951 -0.218342 -0.426469 -0.594103 -0.624727 -0.741126 -0.905013 -0.975969 
59.181969 1772693.125000 58 58 58 0.970948 0.933647 0.911213 0.979429 0.971474 0.939045 0.878184 0.839716 0.713283 0.483785 0.434558 -0.123726 -0.231268 -0.362181 -0.568316 -0.654697 -0.698940 -0.791819 -0.970077 0.979287 0.972812 0.934677 0.903707 0.877190 0.719039 0.426964 0.370599 -0.111950 -0.235988 -0.351471 -0.591373 -0.633965 -0.693034 -0.866790 -0.974563 
57.712746 3605940.500000 58 58 58 0.943256 0.932615 0.940191 0.980765 0.969829 0.927137 0.848051 0.753833 0.663527 0.526716 0.454616 -0.028142 -0.218355 -0.270570 -0.553596 -0.654320 -0.709848 -0.753960 -0.952585 0.979087 0.970324 0.922516 0.856619 0.819895 0.663730 0.509237 0.454653 -0.083696 -0.223189 -0.320176 -0.554086 -0.654913 -0.699758 -0.750908 -0.961834 
54.023628 1255124.500000 58 58 60 0.967495 0.933436 0.808251 0.986903 0.975169 0.944449 0.856044 0.705126 0.631117 0.496286 0.396296 -0.028835 -0.189177 -0.246976 -0.576933 -0.676228 -0.723178 -0.765090 -0.933415 0.984022 0.972325 0.936283 0.842582 0.714954 0.680561 0.535242 0.465434 0.065955 -0.211237 -0.279847 -0.592698 -0.674476 -0.720529 -0.750834 -0.945967 
44.641960 3188197.500000 60 68 58 0.847377 0.710141 0.640351 0.988965 0.969667 0.877874 0.813417 0.616969 0.420495 0.208516 0.089145 -0.065886 -0.304513 -0.387861 -0.508058 -0.698125 -0.788942 -0.879725 -0.971837 0.989931 0.976271 0.924625 0.821402 0.715257 0.588939 0.303478 0.188543 -0.020110 -0.203608 -0.294759 -0.450898 -0.653111 -0.736088 -0.774531 -0.919505 
37.776115 2039993.625000 60 58 58 0.721128 0.409465 0.798666 0.983087 0.957263 0.853962 0.762632 0.688920 0.520934 0.250103 0.111830 -0.133009 -0.397560 -0.457834 -0.617877 -0.789490 -0.863376 -0.926976 -0.985604 0.981151 0.956852 0.864151 0.794468 0.641913 0.524631 0.189940 0.042533 -0.192459 -0.411548 -0.446357 -0.570513 -0.776414 -0.868913 -0.905763 -0.984210 
33.687298 209199.453125 58 58 58 0.798194 0.805745 0.379986 0.981052 0.957590 0.864495 0.840706 0.697497 0.589248 0.398555 0.133334 -0.059320 -0.365264 -0.438940 -0.567358 -0.793755 -0.870712 -0.921695 -0.973859 0.982862 0.952153 0.856558 0.816370 0.687226 0.599061 0.299122 0.111539 -0.174083 -0.382894 -0.485195 -0.598814 -0.755354 -0.866758 -0.915169 -0.982357 
30.958549 985278.750000 118 56 34 0.529125 0.412929 0.587480 0.972300 0.921371 0.827142 0.649141 0.551371 0.453118 0.242751 0.177432 -0.066170 -0.379962 -0.430080 -0.599023 -0.799797 -0.836602 -0.930265 -0.984893 0.979283 0.931939 0.865362 0.784738 0.618201 0.516760 0.282169 0.191281 -0.058440 -0.376794 -0.447645 -0.522038 -0.793753 -0.864082 -0.917106 -0.989582 
33.231651 551528.812500 32 22 58 0.679599 0.542616 0.687591 0.972323 0.949739 0.841329 0.700604 0.621200 0.573603 0.351412 0.219207 -0.095364 -0.411830 -0.473644 -0.656221 -0.754031 -0.821877 -0.897261 -0.979066 0.961137 0.930486 0.798252 0.657910 0.584575 0.475368 0.274355 0.197307 -0.090327 -0.404105 -0.474477 -0.658103 -0.768103 -0.833107 -0.893990 -0.974821 
24.486856 28849.052734 56 58 58 0.692118 0.781316 0.697933 0.981961 0.964316 0.893987 0.759874 0.692609 0.583584 0.434609 0.212218 0.014832 -0.257861 -0.409349 -0.658155 -0.761854 -0.845602 -0.883087 -0.959609 0.979819 0.964642 0.865658 0.740326 0.656587 0.563063 0.417086 0.207432 -0.048338 -0.336138 -0.451379 -0.582375 -0.775613 -0.839465 -0.888210 -0.961560 
26.572269 203091.484375 116 58 56 0.668548 0.451462 0.453906 0.976808 0.943670 0.766458 0.689396 0.614611 0.539359 0.322083 0.220728 -0.107122 -0.448588 -0.504274 -0.654180 -0.699703 -0.801471 -0.846822 -0.973258 0.978169 0.963629 0.885954 0.757126 0.696258 0.598565 0.422289 0.167693 -0.030341 -0.246158 -0.405999 -0.602202 -0.760681 -0.830194 -0.885754 -0.963530 
36.959801 1404749.125000 82 24 64 0.404329 0.439165 0.477506 0.961771 0.931827 0.831658 0.681917 0.574566 0.510927 0.296155 0.194246 -0.205620 -0.368443 -0.449188 -0.642693 -0.724118 -0.764453 -0.847803 -0.981275 0.947940 0.914079 0.801485 0.690186 0.602732 0.512273 0.348418 0.229448 -0.092462 -0.433035 -0.500282 -0.670393 -0.709353 -0.782859 -0.820416 -0.980364 
36.529602 1193356.375000 180 26 78 0.431632 0.331406 0.373555 0.958482 0.922519 0.749593 0.630275 0.589349 0.484907 0.264030 0.214537 -0.096483 -0.306232 -0.377345 -0.637166 -0.711199 -0.766770 -0.831677 -0.964778 0.965772 0.948942 0.766846 0.629188 0.577959 0.473864 0.291922 0.184193 -0.145411 -0.347356 -0.427090 -0.679387 -0.724846 -0.804852 -0.839405 -0.978176 
35.320637 1011840.062500 34 64 50 0.296576 0.623938 0.644337 0.978376 0.899358 0.848822 0.706327 0.650049 0.450931 0.240754 0.173745 -0.060457 -0.216055 -0.315500 -0.529592 -0.710186 -0.802457 -0.837042 -0.863743 0.945766 0.889812 0.831305 0.651137 0.601671 0.419104 0.244671 0.189178 -0.124431 -0.255544 -0.363833 -0.607458 -0.705476 -0.752675 -0.817334 -0.897092 
52.272484 4274886.000000 50 56 60 0.279696 0.870652 0.882682 0.983734 0.956225 0.918134 0.868170 0.758207 0.685618 0.415624 0.235679 0.044280 -0.142559 -0.230219 -0.524592 -0.664669 -0.755383 -0.802544 -0.877211 0.987159 0.960862 0.920155 0.878044 0.728043 0.640356 0.367310 0.205434 0.071438 -0.156409 -0.228843 -0.513277 -0.669010 -0.792812 -0.829566 -0.900533 
56.309048 7503613.000000 58 62 66 0.954336 0.903750 0.808772 0.979940 0.957357 0.905814 0.852725 0.778962 0.613889 0.333657 0.259913 0.129806 -0.090686 -0.146585 -0.472208 -0.648879 -0.720747 -0.774340 -0.905660 0.977688 0.951154 0.910847 0.842572 0.767569 0.633487 0.359608 0.257219 0.108923 -0.106465 -0.192266 -0.499289 -0.646508 -0.736471 -0.776277 -0.876143 
50.269913 809111.437500 66 66 68 0.929701 0.868912 0.885297 0.990065 0.979404 0.934515 0.839517 0.762475 0.603072 0.381919 0.240792 -0.002958 -0.131306 -0.188231 -0.430411 -0.638317 -0.706969 -0.816890 -0.953295 0.986542 0.968599 0.914855 0.859223 0.771223 0.643153 0.340667 0.252590 0.090217 -0.092619 -0.154227 -0.480825 -0.654326 -0.725408 -0.796713 -0.931555 
49.806789 514049.187500 68 68 70 0.914650 0.939608 0.888152 0.990058 0.981368 0.947668 0.816755 0.743307 0.639943 0.480418 0.209590 -0.026776 -0.107218 -0.194446 -0.334881 -0.631759 -0.695899 -0.831356 -0.969567 0.990206 0.979888 0.938071 0.827500 0.747560 0.640024 0.450595 0.220057 -0.023431 -0.122824 -0.183238 -0.389693 -0.638510 -0.696497 -0.812649 -0.960166 
50.151276 611270.437500 70 70 68 0.901345 0.936966 0.733778 0.990469 0.980329 0.950758 0.836032 0.748363 0.647781 0.447075 0.165066 -0.058366 -0.127101 -0.192127 -0.334405 -0.622468 -0.704959 -0.853801 -0.966452 0.990209 0.980629 0.945212 0.837041 0.754473 0.648883 0.490867 0.176230 -0.059078 -0.117505 -0.208345 -0.300806 -0.612210 -0.698323 -0.833715 -0.969360 
55.001034 20944818.000000 68 68 68 0.889258 0.905071 0.942212 0.984390 0.968411 0.929575 0.720898 0.576677 0.510788 0.319714 0.267290 0.082644 -0.149441 -0.240559 -0.482751 -0.641300 -0.716758 -0.756531 -0.842360 0.984998 0.970275 0.931548 0.778793 0.649336 0.569031 0.345598 0.277737 0.122740 -0.132645 -0.195059 -0.506638 -0.650415 -0.718207 -0.757923 -0.899560 
55.478981 14780481.000000 68 70 70 0.946539 0.974323 0.925728 0.986184 0.972390 0.942576 0.758112 0.465286 0.405819 0.286323 0.233048 0.091277 -0.198405 -0.339853 -0.452624 -0.624023 -0.702276 -0.746821 -0.797167 0.985327 0.970356 0.934774 0.731017 0.512043 0.453835 0.304608 0.248777 0.075570 -0.179217 -0.281027 -0.444001 -0.630494 -0.703761 -0.748578 -0.809277 
50.548676 1369684.125000 72 74 72 0.936145 0.939061 0.904655 0.987475 0.975101 0.943165 0.842209 0.643977 0.482648 0.330087 0.262003 0.171288 -0.203861 -0.368350 -0.486665 -0.602878 -0.704250 -0.746665 -0.900758 0.987120 0.973288 0.948617 0.797346 0.472686 0.373530 0.296693 0.244877 0.122755 -0.245978 -0.384223 -0.470367 -0.621542 -0.705225 -0.742230 -0.814655 
47.084232 518597.250000 74 74 74 0.900261 0.929949 0.940134 0.987148 0.975228 0.948097 0.837707 0.637671 0.531144 0.419094 0.314334 0.156354 -0.135234 -0.254744 -0.469684 -0.647247 -0.717222 -0.809702 -0.963205 0.987258 0.975918 0.951540 0.828632 0.644233 0.553280 0.377860 0.297191 0.111535 -0.145922 -0.331453 -0.471089 -0.628527 -0.712648 -0.778714 -0.943575 
44.143314 190223.828125 74 76 76 0.933738 0.947721 0.668475 0.992136 0.975893 0.955827 0.844461 0.600438 0.469868 0.374410 0.266121 0.143767 -0.116814 -0.296826 -0.458901 -0.624941 -0.703721 -0.836263 -0.955093 0.989181 0.975219 0.958531 0.850873 0.580949 0.495241 0.381313 0.271203 0.156762 -0.125553 -0.268807 -0.460303 -0.643467 -0.730389 -0.801627 -0.960259 
33.565304 67407.523438 76 78 74 0.671814 0.548565 0.433160 0.989384 0.971003 0.943898 0.768530 0.579689 0.451789 0.342795 0.267960 0.188010 -0.171506 -0.313378 -0.532147 -0.676439 -0.772856 -0.900392 -0.961902 0.992566 0.974588 0.948463 0.802102 0.566510 0.456128 0.366968 0.265335 0.156063 -0.172133 -0.338573 -0.470159 -0.636142 -0.750115 -0.862758 -0.952298 
32.868759 76110.328125 74 74 62 0.548276 0.572898 0.405281 0.978349 0.968435 0.944820 0.834483 0.568403 0.417697 0.323594 0.258768 0.166974 -0.179352 -0.338745 -0.553762 -0.700163 -0.760856 -0.894195 -0.980770 0.989689 0.972130 0.941805 0.767787 0.575767 0.446792 0.326452 0.260457 0.188019 -0.181304 -0.309388 -0.545567 -0.696184 -0.783800 -0.893599 -0.961565 
25.739418 16608.697266 116 92 210 0.593904 0.576161 0.535496 0.984063 0.972292 0.929461 0.736277 0.578696 0.448214 0.311722 0.229882 0.144548 -0.203813 -0.366606 -0.583821 -0.703281 -0.792743 -0.921435 -0.980638 0.978222 0.968953 0.937439 0.796590 0.547243 0.435279 0.360735 0.272045 0.131548 -0.194462 -0.357559 -0.557476 -0.689178 -0.767478 -0.921759 -0.978224 
25.948761 354402.656250 94 76 42 0.418446 0.617902 0.382455 0.975021 0.937086 0.848373 0.662589 0.548276 0.419233 0.214700 0.103949 -0.158500 -0.277760 -0.461746 -0.528249 -0.662752 -0.791113 -0.840924 -0.979577 0.978025 0.961129 0.897355 0.720508 0.594462 0.446488 0.297347 0.239248 -0.025545 -0.247641 -0.345898 -0.591421 -0.691481 -0.779925 -0.901093 -0.970969 
31.268599 139140.203125 88 42 130 0.496046 0.542983 0.321114 0.982808 0.944112 0.852618 0.758554 0.572038 0.454532 0.257586 0.202914 -0.056394 -0.233766 -0.422865 -0.510719 -0.649794 -0.800159 -0.879178 -0.993553 0.964306 0.926422 0.835860 0.694431 0.540799 0.448583 0.226932 0.124459 -0.149078 -0.259870 -0.462321 -0.515656 -0.678181 -0.791460 -0.858858 -0.990694 
44.679585 232460.375000 114 48 58 0.330045 0.435881 0.831328 0.987110 0.967633 0.940443 0.877834 0.749061 0.690044 0.570161 0.440779 0.164907 -0.104232 -0.348616 -0.511687 -0.619174 -0.794756 -0.896453 -0.973461 0.979099 0.944131 0.812002 0.791832 0.658275 0.496281 0.340406 0.222463 -0.027273 -0.255185 -0.423243 -0.504426 -0.610245 -0.795422 -0.880355 -0.986895 
58.996883 10729247.000000 58 66 68 0.809868 0.885553 0.969171 0.975235 0.960383 0.932743 0.834058 0.677978 0.614743 0.491789 0.397786 0.070009 -0.066554 -0.232329 -0.491037 -0.603535 -0.666437 -0.770818 -0.962374 0.981397 0.962191 0.934495 0.862230 0.707167 0.662895 0.530503 0.480557 0.151515 -0.068670 -0.220319 -0.525558 -0.591368 -0.685532 -0.853251 -0.970053 
61.726528 35911724.000000 68 70 70 0.976572 0.964300 0.986815 0.973650 0.961518 0.937023 0.802599 0.625100 0.574485 0.350230 0.232874 0.029733 -0.131877 -0.265893 -0.515107 -0.611274 -0.699227 -0.734393 -0.884196 0.974215 0.961125 0.935860 0.820797 0.643863 0.577803 0.431583 0.302037 0.053182 -0.099114 -0.239371 -0.498714 -0.598444 -0.681646 -0.724467 -0.924760 
61.602558 44842872.000000 70 72 72 0.990363 0.959255 0.971810 0.976341 0.965505 0.944268 0.773141 0.625261 0.542669 0.298346 0.153652 0.015658 -0.230149 -0.359541 -0.495172 -0.611260 -0.718282 -0.742370 -0.902926 0.974401 0.963428 0.938595 0.795813 0.619837 0.553652 0.304394 0.187861 0.007740 -0.178627 -0.318528 -0.498281 -0.616422 -0.708696 -0.742425 -0.891752 
58.658890 14149007.000000 72 74 76 0.977368 0.902777 0.950591 0.982040 0.971123 0.952282 0.801283 0.626780 0.550664 0.263606 0.141344 0.004578 -0.317044 -0.444502 -0.537798 -0.671086 -0.768438 -0.829383 -0.958053 0.979626 0.968184 0.949393 0.812498 0.631502 0.544067 0.285433 0.138375 0.037140 -0.271924 -0.404192 -0.498200 -0.609412 -0.721752 -0.753539 -0.909392 
49.612980 7178102.000000 76 76 72 0.941365 0.803835 0.478222 0.982770 0.966190 0.933613 0.730167 0.632279 0.507302 0.238510 0.072474 -0.195815 -0.354655 -0.566238 -0.700109 -0.813650 -0.864002 -0.960472 -0.989342 0.980763 0.969712 0.950684 0.757902 0.600649 0.522226 0.280888 0.082706 -0.225694 -0.392144 -0.566362 -0.699033 -0.773425 -0.832578 -0.935045 -0.988004 
41.927586 5516627.000000 72 74 84 0.533045 0.564623 0.468017 0.987126 0.961183 0.851877 0.665702 0.619968 0.461493 0.170661 0.038239 -0.245051 -0.432457 -0.574079 -0.725378 -0.820284 -0.895922 -0.979195 -0.993284 0.989267 0.970735 0.881008 0.696731 0.620755 0.505150 0.256767 0.071836 -0.194606 -0.397625 -0.540540 -0.728653 -0.806651 -0.854130 -0.956999 -0.987475 
42.557358 3031776.250000 86 48 48 0.571417 0.765176 0.823766 0.968077 0.964634 0.871121 0.645679 0.607395 0.406934 0.201808 0.011518 -0.354031 -0.453036 -0.573472 -0.741133 -0.816533 -0.893060 -0.961669 -0.988674 0.973868 0.961419 0.868699 0.669870 0.608938 0.406418 0.162844 -0.000859 -0.272799 -0.421050 -0.651843 -0.742208 -0.794336 -0.890391 -0.980975 -0.990801 
45.664120 5932046.500000 24 24 68 0.807816 0.743264 0.585459 0.986290 0.974909 0.953113 0.709242 0.595758 0.519742 0.266392 0.179024 -0.174032 -0.438810 -0.486365 -0.658475 -0.789781 -0.869455 -0.943120 -0.977702 0.972349 0.964921 0.914618 0.665328 0.595579 0.396121 0.212146 -0.039623 -0.371678 -0.463359 -0.512138 -0.721226 -0.828657 -0.896116 -0.954219 -0.984561 
54.448700 16933710.000000 64 72 76 0.597122 0.945557 0.968777 0.983521 0.973084 0.953529 0.710444 0.585587 0.533598 0.231605 0.172431 0.012952 -0.335040 -0.447166 -0.484384 -0.657858 -0.726372 -0.891357 -0.981339 0.985065 0.974895 0.955201 0.714285 0.588978 0.537682 0.255076 0.184752 0.048321 -0.353644 -0.464778 -0.497717 -0.684896 -0.785014 -0.928182 -0.980337 
54.616302 9342778.000000 76 78 78 0.971187 0.920822 0.394863 0.982544 0.970974 0.956485 0.722306 0.584471 0.526829 0.213932 0.168192 -0.099895 -0.387810 -0.454719 -0.527557 -0.670651 -0.726966 -0.886632 -0.985468 0.982155 0.971106 0.953463 0.729140 0.587930 0.515105 0.228798 0.176047 -0.029539 -0.365417 -0.445792 -0.505796 -0.678094 -0.738989 -0.872644 -0.983086 
40.744061 910577.937500 90 80 82 0.393991 0.792449 0.452644 0.990266 0.979460 0.949258 0.664476 0.600718 0.518480 0.250129 0.126573 -0.289801 -0.446380 -0.491076 -0.602499 -0.692019 -0.766252 -0.920798 -0.984248 0.989839 0.975587 0.950730 0.720236 0.606166 0.517356 0.220926 0.149371 -0.174366 -0.413328 -0.463398 -0.557657 -0.691191 -0.783322 -0.911925 -0.986858 
47.957264 7548611.000000 76 88 80 0.494717 0.779076 0.859761 0.981708 0.971362 0.945131 0.678751 0.585295 0.507460 0.223971 0.168538 -0.028868 -0.315787 -0.422384 -0.487870 -0.609022 -0.698990 -0.824793 -0.980751 0.987558 0.975019 0.956827 0.677883 0.588836 0.464813 0.198322 0.130924 -0.294851 -0.408879 -0.488466 -0.586620 -0.730269 -0.788844 -0.914251 -0.990703 
55.268372 24666158.000000 80 82 84 0.890740 0.929652 0.968068 0.977811 0.963397 0.932578 0.723232 0.586717 0.525163 0.243603 0.174268 0.044532 -0.234864 -0.350346 -0.473334 -0.584868 -0.692307 -0.740605 -0.854487 0.977663 0.968571 0.940386 0.714749 0.582825 0.516139 0.242471 0.168449 0.041513 -0.262829 -0.377474 -0.477783 -0.566971 -0.677772 -0.732697 -0.871089 
54.525684 22420322.000000 84 84 88 0.976522 0.929650 0.950487 0.978081 0.956467 0.923215 0.735822 0.593058 0.542103 0.256170 0.203144 0.057579 -0.186050 -0.321965 -0.467805 -0.621026 -0.705457 -0.756916 -0.820581 0.976962 0.958046 0.929576 0.740332 0.586186 0.533103 0.242811 0.183570 0.065467 -0.212193 -0.331330 -0.467139 -0.605778 -0.701519 -0.746813 -0.826235 
53.392815 20621680.000000 88 90 90 0.951012 0.960747 0.962347 0.977938 0.955048 0.915310 0.725765 0.609675 0.550153 0.268216 0.226190 0.036468 -0.188003 -0.303543 -0.467283 -0.624441 -0.706904 -0.755261 -0.838349 0.979565 0.956071 0.917282 0.737467 0.603932 0.558748 0.260594 0.216747 0.059953 -0.169730 -0.314570 -0.447163 -0.623835 -0.702406 -0.752616 -0.800827 
52.377274 12360479.000000 90 90 90 0.972680 0.920376 0.926372 0.980373 0.955439 0.918196 0.746237 0.610469 0.574818 0.266708 0.221805 0.020570 -0.186183 -0.279658 -0.455123 -0.605910 -0.684113 -0.753518 -0.814730 0.976408 0.952923 0.914861 0.741083 0.613696 0.573987 0.264636 0.228864 -0.004920 -0.189740 -0.298181 -0.446073 -0.621965 -0.699638 -0.758643 -0.811102 
50.550705 4589153.500000 88 88 90 0.937747 0.921324 0.802419 0.983193 0.967944 0.923377 0.732907 0.614542 0.568503 0.267734 0.216191 0.051292 -0.108961 -0.291122 -0.464937 -0.517420 -0.637407 -0.759315 -0.922053 0.980260 0.961054 0.919625 0.744803 0.617004 0.577783 0.268616 0.214906 0.036819 -0.150492 -0.284373 -0.471912 -0.553613 -0.659032 -0.740621 -0.845805 
43.516212 509525.187500 90 88 88 0.704675 0.860644 0.895719 0.989367 0.973384 0.948935 0.762974 0.641796 0.560239 0.288780 0.202366 0.114050 -0.139622 -0.278568 -0.481769 -0.561448 -0.704299 -0.806493 -0.959521 0.986307 0.970942 0.939663 0.766129 0.624312 0.558687 0.274197 0.215690 0.101567 -0.151660 -0.290303 -0.461132 -0.542145 -0.659876 -0.795977 -0.943870 
38.863163 147349.125000 88 88 102 0.894269 0.687338 0.411252 0.993872 0.976181 0.935460 0.707915 0.620038 0.537341 0.366489 0.200172 0.123041 -0.169605 -0.276318 -0.455378 -0.588202 -0.680326 -0.866556 -0.958722 0.992474 0.976817 0.949591 0.741357 0.634926 0.555657 0.315451 0.212959 0.113188 -0.153772 -0.296621 -0.472601 -0.576555 -0.698144 -0.831738 -0.962195 
30.592445 349370.187500 90 90 90 0.526667 0.600848 0.351948 0.987881 0.963007 0.831788 0.638348 0.571917 0.342991 0.238413 0.169040 0.010611 -0.143457 -0.412892 -0.559293 -0.605311 -0.807830 -0.948151 -0.987167 0.988558 0.968750 0.898813 0.683161 0.619794 0.499069 0.319601 0.201651 0.115093 -0.175014 -0.257084 -0.445890 -0.567462 -0.751975 -0.872479 -0.962926 
44.147697 9586043.000000 90 86 88 0.495497 0.419272 0.588618 0.979228 0.923393 0.678059 0.520527 0.269194 0.216609 0.028623 -0.062878 -0.241705 -0.389610 -0.558460 -0.655758 -0.772033 -0.868464 -0.955070 -0.989598 0.973159 0.943438 0.680845 0.564146 0.282803 0.223689 0.122831 -0.074616 -0.207134 -0.436583 -0.492089 -0.679409 -0.761658 -0.857270 -0.962580 -0.978602 
46.928001 8959964.000000 86 88 72 0.622816 0.627377 0.639550 0.973970 0.921620 0.694685 0.418603 0.240127 0.196066 0.054147 -0.076930 -0.302236 -0.426973 -0.541542 -0.669646 -0.742162 -0.881099 -0.953661 -0.992117 0.985474 0.924466 0.657889 0.493237 0.250797 0.203924 0.052701 -0.081108 -0.263508 -0.421194 -0.512059 -0.666220 -0.768915 -0.871466 -0.945997 -0.992856 
44.330376 4417162.500000 72 104 102 0.512301 0.500997 0.679779 0.978412 0.935990 0.648381 0.622414 0.301415 0.221211 0.119596 -0.055003 -0.217742 -0.405297 -0.471533 -0.646443 -0.759633 -0.856547 -0.948875 -0.982972 0.980972 0.933397 0.676848 0.528047 0.255439 0.206768 0.024254 -0.072698 -0.288578 -0.452266 -0.514711 -0.673846 -0.742033 -0.880068 -0.953781 -0.993959 
42.549156 1756928.500000 52 52 74 0.466079 0.540892 0.599703 0.984170 0.969267 0.935306 0.857844 0.719848 0.443757 0.223744 0.161222 -0.041579 -0.289877 -0.472399 -0.600501 -0.750442 -0.827128 -0.926403 -0.980184 0.980424 0.954457 0.698252 0.630524 0.460747 0.231214 0.184382 -0.051006 -0.135220 -0.419119 -0.498967 -0.663171 -0.740096 -0.864034 -0.942477 -0.990497 
53.881550 4979683.000000 74 78 80 0.586394 0.895735 0.945029 0.979112 0.968357 0.930269 0.870601 0.813955 0.462478 0.230561 0.178660 0.018510 -0.114171 -0.378085 -0.551134 -0.687615 -0.808743 -0.919407 -0.979420 0.980770 0.967899 0.938988 0.869031 0.791782 0.480061 0.244716 0.180661 -0.013298 -0.109826 -0.412920 -0.496410 -0.692096 -0.815032 -0.932343 -0.982368 
53.575104 1631008.500000 78 80 78 0.940671 0.943556 0.959078 0.979794 0.971363 0.936049 0.885838 0.859502 0.516271 0.200917 0.144623 -0.004772 -0.070931 -0.400142 -0.557357 -0.690252 -0.805162 -0.920081 -0.970863 0.978577 0.969798 0.929851 0.879581 0.840554 0.455195 0.211018 0.156199 -0.005907 -0.094453 -0.382059 -0.595164 -0.697334 -0.814200 -0.918630 -0.981512 
53.196354 559536.750000 78 78 78 0.967474 0.978276 0.964858 0.981621 0.971772 0.949059 0.898990 0.867425 0.658156 0.185983 0.131741 -0.001484 -0.058168 -0.275724 -0.516350 -0.715474 -0.806299 -0.896361 -0.973706 0.981183 0.971544 0.944344 0.889772 0.866385 0.561589 0.210994 0.141263 -0.010385 -0.068101 -0.384843 -0.526056 -0.701506 -0.817321 -0.928337 -0.982117 
49.568817 211644.531250 78 78 76 0.953923 0.945148 0.949633 0.984851 0.971232 0.945106 0.892165 0.860321 0.680509 0.285195 0.134323 0.015200 -0.079740 -0.206475 -0.517098 -0.665878 -0.795263 -0.901014 -0.974580 0.981924 0.971556 0.946752 0.904098 0.859854 0.648415 0.221582 0.143209 0.011117 -0.068085 -0.191933 -0.529568 -0.689993 -0.795433 -0.916201 -0.983306 
42.278347 85092.007812 76 76 76 0.948854 0.884228 0.879137 0.993191 0.975654 0.923559 0.873001 0.845960 0.704542 0.301651 0.127223 -0.025457 -0.105532 -0.275909 -0.544156 -0.666110 -0.772279 -0.925965 -0.978507 0.987835 0.972285 0.940075 0.881317 0.854904 0.680092 0.276591 0.147447 0.003505 -0.090469 -0.191816 -0.539076 -0.691828 -0.804239 -0.897517 -0.981075 
40.085403 86049.179688 76 74 76 0.863216 0.867872 0.845369 0.993964 0.979074 0.948427 0.857586 0.821760 0.644242 0.336742 0.176323 0.000524 -0.242154 -0.409257 -0.541363 -0.714678 -0.822761 -0.927744 -0.975220 0.993876 0.981651 0.922166 0.861132 0.825393 0.632574 0.297428 0.129816 -0.044677 -0.182676 -0.395997 -0.571085 -0.699787 -0.821105 -0.917682 -0.981191 
38.706680 68066.882812 76 76 72 0.838965 0.779778 0.845240 0.994636 0.986787 0.934213 0.868869 0.788080 0.556999 0.353016 0.125796 -0.038369 -0.283871 -0.444598 -0.605790 -0.692380 -0.819464 -0.932944 -0.986934 0.993573 0.982153 0.941198 0.861144 0.790177 0.566080 0.371512 0.143425 -0.068363 -0.280536 -0.397501 -0.551985 -0.701387 -0.801915 -0.920254 -0.984990 
37.555950 101630.367188 72 70 66 0.821365 0.900049 0.867840 0.993991 0.986830 0.937436 0.834264 0.695565 0.537993 0.293083 0.115555 -0.107001 -0.277390 -0.428472 -0.597014 -0.701523 -0.829696 -0.880500 -0.977040 0.993772 0.986249 0.947229 0.849332 0.741648 0.534674 0.326100 0.125861 -0.078979 -0.264308 -0.467772 -0.599115 -0.680011 -0.837094 -0.927781 -0.987956 
44.802040 6797806.000000 66 66 62 0.838454 0.920539 0.902698 0.989537 0.978092 0.927458 0.664019 0.612441 0.462380 0.239527 0.176104 -0.141537 -0.317659 -0.375882 -0.556104 -0.695325 -0.806878 -0.896043 -0.972880 0.995025 0.988573 0.934457 0.745697 0.614433 0.474747 0.251114 0.074101 -0.200290 -0.314202 -0.442065 -0.571783 -0.728934 -0.815195 -0.941222 -0.979283 
58.428234 28712690.000000 62 60 58 0.869192 0.958128 0.984036 0.981095 0.973707 0.943288 0.746080 0.588917 0.554399 0.293921 0.192171 0.055503 -0.248099 -0.370776 -0.444754 -0.589736 -0.711870 -0.758155 -0.850952 0.983284 0.973328 0.937599 0.696947 0.603796 0.541464 0.261428 0.186682 -0.001512 -0.284667 -0.357471 -0.490326 -0.651816 -0.722712 -0.790722 -0.957685 
62.216225 36463108.000000 58 58 58 0.980987 0.992653 0.984370 0.980379 0.972857 0.948502 0.779261 0.574699 0.534053 0.351796 0.179874 0.100009 -0.230017 -0.397195 -0.475670 -0.566879 -0.716124 -0.763480 -0.926369 0.980257 0.973262 0.946946 0.765669 0.578465 0.541103 0.334818 0.180890 0.099357 -0.232480 -0.376725 -0.451401 -0.566903 -0.714493 -0.764394 -0.869243 
61.891960 21308248.000000 58 58 58 0.984377 0.984641 0.992391 0.981191 0.973932 0.953608 0.792461 0.580219 0.530842 0.367182 0.177269 0.119400 -0.161568 -0.411798 -0.503681 -0.570583 -0.690123 -0.770055 -0.957558 0.980444 0.973098 0.950522 0.784646 0.573484 0.529032 0.359228 0.177003 0.117072 -0.212001 -0.417660 -0.492629 -0.567570 -0.702775 -0.760754 -0.932986 
57.843025 10319332.000000 58 58 62 0.987665 0.958874 0.916801 0.985217 0.977152 0.955334 0.745446 0.582451 0.557018 0.318776 0.177248 0.066179 -0.310836 -0.496426 -0.582030 -0.744133 -0.831614 -0.919132 -0.969798 0.982924 0.975148 0.957262 0.796413 0.578388 0.544485 0.362234 0.186061 0.128001 -0.114857 -0.428039 -0.514321 -0.599955 -0.683169 -0.843983 -0.975089 
48.735771 5626361.000000 62 64 58 0.933075 0.853230 0.770071 0.988180 0.976816 0.934228 0.689599 0.568983 0.508450 0.233766 0.129248 -0.073818 -0.485915 -0.563834 -0.719144 -0.792224 -0.884321 -0.970495 -0.988826 0.987502 0.978767 0.952023 0.713378 0.570304 0.529811 0.317271 0.105466 -0.261076 -0.448245 -0.538528 -0.681621 -0.804558 -0.906566 -0.969180 -0.984900 
41.039005 3368859.000000 58 58 58 0.451509 0.808861 0.874310 0.982452 0.971928 0.901486 0.631979 0.561003 0.463218 0.182504 0.123494 -0.332361 -0.459112 -0.574043 -0.737429 -0.808651 -0.907339 -0.946579 -0.982105 0.982765 0.972266 0.905238 0.689314 0.575386 0.478471 0.179972 0.128561 -0.212120 -0.452701 -0.546865 -0.704889 -0.812418 -0.903624 -0.970572 -0.985180 
41.564804 2063292.375000 58 58 60 0.847123 0.928249 0.826528 0.980298 0.975061 0.926394 0.594358 0.559723 0.342150 0.186940 -0.048517 -0.435697 -0.499818 -0.626387 -0.750873 -0.826124 -0.927969 -0.961144 -0.988259 0.980976 0.973924 0.911302 0.603926 0.561149 0.425112 0.181985 0.095170 -0.415059 -0.512734 -0.586617 -0.755506 -0.840843 -0.912808 -0.963183 -0.988057 
37.050037 948695.562500 62 62 56 0.871937 0.489936 0.715824 0.984223 0.970211 0.925901 0.605978 0.551096 0.484506 0.255846 0.111175 -0.343678 -0.474511 -0.529921 -0.720460 -0.823880 -0.897123 -0.968355 -0.984066 0.980457 0.974111 0.894956 0.594750 0.566887 0.467050 0.212960 -0.017200 -0.367281 -0.490283 -0.553538 -0.716606 -0.844239 -0.926935 -0.959912 -0.988574 
53.733349 4885556.500000 52 28 28 0.664526 0.516360 0.760706 0.983456 0.973467 0.959586 0.821076 0.565036 0.537749 0.331583 0.228474 0.160306 -0.209403 -0.452130 -0.481562 -0.640337 -0.812666 -0.921533 -0.965971 0.984460 0.974699 0.961315 0.730039 0.563954 0.533015 0.303797 0.222716 0.132727 -0.370500 -0.484678 -0.520769 -0.726685 -0.833240 -0.943105 -0.974586 
55.082413 3734613.750000 30 26 26 0.392677 0.913262 0.900251 0.979839 0.970629 0.955270 0.844737 0.549132 0.524534 0.335181 0.215659 0.163413 -0.179711 -0.426049 -0.452360 -0.562784 -0.822746 -0.928576 -0.974150 0.982018 0.971590 0.961488 0.878643 0.557569 0.533109 0.337699 0.221816 0.154048 -0.208270 -0.436535 -0.467673 -0.613006 -0.836322 -0.935339 -0.975202 
47.004723 231196.812500 26 26 24 0.958176 0.530132 0.599217 0.984189 0.970554 0.959436 0.871909 0.549124 0.530287 0.359507 0.222165 0.147247 -0.199575 -0.439687 -0.467325 -0.643777 -0.852882 -0.945254 -0.971202 0.979204 0.969697 0.958337 0.862334 0.545871 0.521196 0.316836 0.218229 0.158705 -0.146279 -0.428090 -0.448406 -0.661847 -0.851488 -0.952856 -0.978907 
40.590992 49726.437500 24 24 26 0.575408 0.870056 0.627508 0.976989 0.969532 0.958893 0.795993 0.554903 0.542287 0.423797 0.225781 0.129462 -0.160985 -0.428682 -0.489520 -0.691856 -0.838303 -0.937392 -0.970786 0.983292 0.969101 0.961677 0.893528 0.551630 0.524412 0.365847 0.239546 0.161459 -0.251443 -0.404923 -0.465406 -0.618738 -0.823365 -0.948380 -0.973126 
29.498501 16242.928711 26 60 26 0.735541 0.508852 0.735946 0.979323 0.972799 0.944342 0.832320 0.556945 0.529015 0.375371 0.214804 0.038128 -0.208561 -0.403142 -0.515525 -0.756799 -0.832088 -0.935800 -0.971802 0.980769 0.969411 0.954092 0.815481 0.570584 0.538916 0.367614 0.208578 0.093722 -0.151906 -0.400533 -0.512885 -0.701149 -0.853273 -0.935619 -0.973972 
23.770508 9033.519531 26 24 20 0.730051 0.721356 0.534392 0.977165 0.963303 0.932889 0.780479 0.571596 0.547781 0.335126 0.205164 0.002724 -0.266066 -0.409904 -0.559237 -0.742856 -0.834343 -0.939667 -0.968052 0.975365 0.967723 0.942964 0.780946 0.557336 0.540110 0.359172 0.214090 0.038413 -0.240015 -0.426634 -0.536711 -0.736959 -0.844795 -0.930758 -0.977708 
18.955498 7472.206055 120 216 56 0.544467 0.448902 0.801348 0.980306 0.965259 0.926900 0.803468 0.564894 0.530682 0.341493 0.193469 0.011673 -0.228696 -0.369798 -0.560766 -0.714796 -0.830594 -0.906847 -0.981155 0.979938 0.959311 0.928321 0.805890 0.557122 0.532193 0.317116 0.182509 0.010406 -0.242626 -0.428713 -0.569521 -0.700370 -0.808553 -0.930085 -0.975905 
19.369886 6381.651367 56 112 100 0.664362 0.408362 0.396634 0.981880 0.967564 0.928785 0.830452 0.631069 0.520625 0.343812 0.170901 -0.006356 -0.199816 -0.427315 -0.583102 -0.691963 -0.837969 -0.925192 -0.980122 0.983539 0.969103 0.928928 0.791196 0.600136 0.523443 0.318133 0.171236 -0.018174 -0.269510 -0.429395 -0.571938 -0.713640 -0.840820 -0.932766 -0.984618 
17.186287 7118.169434 214 210 210 0.492909 0.509646 0.497654 0.988951 0.970849 0.922872 0.815170 0.621196 0.498656 0.360344 0.128658 -0.066592 -0.269177 -0.434234 -0.654791 -0.722460 -0.809005 -0.940771 -0.977298 0.986656 0.965217 0.927240 0.774390 0.600317 0.508916 0.346925 0.186850 -0.017746 -0.219156 -0.384693 -0.626947 -0.745713 -0.843526 -0.937368 -0.976603 
15.760506 3596.535400 210 80 68 0.340659 0.358549 0.403044 0.984099 0.970982 0.902354 0.810197 0.607234 0.519993 0.343278 0.179956 -0.086257 -0.220246 -0.421211 -0.580050 -0.723116 -0.867483 -0.915768 -0.973404 0.982217 0.969900 0.918374 0.792965 0.631418 0.541912 0.371996 0.093061 -0.073195 -0.223492 -0.422883 -0.623692 -0.746973 -0.865047 -0.930829 -0.976809 
