44.754337 56283.144531 20 46 50 0.000000 0.787300 0.849254 0.990123 0.979602 0.960941 0.935559 0.842248 0.699907 0.337577 0.106394 -0.011609 -0.089827 -0.232989 -0.503449 -0.673280 -0.827671 -0.905673 -0.972662 0.991349 0.986617 0.939371 0.868970 0.721258 0.553082 0.425084 0.176412 -0.017214 -0.198385 -0.365518 -0.561594 -0.728976 -0.844988 -0.930272 -0.981738 
61.145855 1978742.875000 50 50 50 0.808536 0.958747 0.953762 0.974414 0.967077 0.943434 0.917371 0.872460 0.677075 0.249201 0.171856 0.000607 -0.057536 -0.162158 -0.499028 -0.678853 -0.723553 -0.875164 -0.974469 0.982350 0.970673 0.959142 0.931028 0.869453 0.716547 0.278477 0.111355 -0.006222 -0.075682 -0.208224 -0.427472 -0.652554 -0.794497 -0.909389 -0.976326 
64.101700 12392348.000000 50 48 46 0.964763 0.926562 0.973108 0.968850 0.943869 0.918903 0.896200 0.829623 0.591898 0.303395 0.240024 0.114608 -0.057519 -0.138312 -0.363775 -0.674306 -0.719238 -0.857829 -0.984766 0.972474 0.959553 0.926463 0.912961 0.844997 0.605277 0.286822 0.214031 0.042531 -0.060690 -0.125694 -0.503263 -0.678982 -0.715314 -0.834671 -0.971756 
62.644348 25842944.000000 46 46 44 0.907719 0.941724 0.771438 0.968344 0.931184 0.898656 0.851169 0.806173 0.529247 0.311375 0.251670 0.118785 -0.084199 -0.136961 -0.352121 -0.671504 -0.707127 -0.873980 -0.989510 0.965740 0.933271 0.908314 0.864969 0.822760 0.558233 0.320877 0.252949 0.124587 -0.054224 -0.106614 -0.356562 -0.694953 -0.719845 -0.846840 -0.988558 
58.666779 25878580.000000 44 42 40 0.811715 0.683659 0.975281 0.976224 0.934170 0.891519 0.837779 0.725677 0.623139 0.346848 0.300512 0.124605 -0.077465 -0.175809 -0.320723 -0.623122 -0.723181 -0.842595 -0.983220 0.970493 0.933036 0.882223 0.832224 0.771347 0.573347 0.329210 0.272255 0.150732 -0.068829 -0.131025 -0.358631 -0.680139 -0.712532 -0.908021 -0.989501 
58.624001 30081402.000000 40 38 36 0.989799 0.931749 0.919196 0.975223 0.945321 0.900965 0.829800 0.685404 0.578321 0.377747 0.320295 0.133119 -0.128050 -0.255342 -0.332595 -0.588156 -0.762510 -0.841079 -0.932166 0.976797 0.942696 0.896141 0.838884 0.708204 0.593041 0.361749 0.294811 0.155565 -0.103973 -0.215407 -0.376187 -0.605604 -0.768132 -0.837127 -0.961338 
58.276669 34080976.000000 36 36 34 0.924078 0.966060 0.951088 0.978622 0.951866 0.905568 0.822100 0.628080 0.559667 0.363647 0.300838 0.155760 -0.108462 -0.261216 -0.325369 -0.625071 -0.739854 -0.857006 -0.901296 0.975370 0.947101 0.903486 0.826622 0.653940 0.573321 0.363578 0.325274 0.118902 -0.104634 -0.267053 -0.343400 -0.587198 -0.746594 -0.853065 -0.893646 
57.205933 30796560.000000 34 34 34 0.944272 0.976209 0.962379 0.979698 0.954046 0.913582 0.822574 0.616018 0.520564 0.413450 0.231761 0.067167 -0.079932 -0.305068 -0.396000 -0.575348 -0.722176 -0.866017 -0.910577 0.980359 0.955353 0.904829 0.809013 0.609163 0.533273 0.388471 0.259063 0.094932 -0.129420 -0.269170 -0.350285 -0.592544 -0.723525 -0.862138 -0.910091 
57.287971 22167094.000000 34 32 34 0.962848 0.963589 0.924691 0.980316 0.959997 0.912793 0.847270 0.616163 0.539993 0.426828 0.299143 0.043441 -0.054458 -0.307970 -0.454801 -0.544479 -0.739636 -0.889268 -0.954882 0.979949 0.956520 0.916304 0.847609 0.616464 0.550442 0.400997 0.191114 0.052255 -0.005976 -0.278268 -0.439709 -0.518382 -0.748518 -0.887454 -0.929767 
57.458920 15457719.000000 32 32 32 0.949627 0.960929 0.948451 0.981026 0.961792 0.918583 0.869322 0.669174 0.581349 0.447154 0.206624 0.008631 -0.102046 -0.287040 -0.475121 -0.545078 -0.673290 -0.895240 -0.969394 0.980659 0.961304 0.916493 0.866088 0.620469 0.557381 0.435642 0.279149 0.026583 -0.090729 -0.288813 -0.483031 -0.547572 -0.695187 -0.886453 -0.956341 
57.796913 7760036.500000 32 32 34 0.948941 0.927440 0.989304 0.982390 0.968993 0.921237 0.874799 0.734685 0.639970 0.448901 0.218920 -0.064126 -0.132746 -0.272959 -0.471470 -0.496643 -0.677576 -0.902995 -0.975403 0.981541 0.964920 0.919037 0.871185 0.695616 0.605915 0.470569 0.176173 0.016850 -0.102847 -0.322455 -0.480220 -0.525451 -0.702370 -0.905884 -0.975868 
57.076988 4002568.750000 34 34 36 0.988132 0.982300 0.948563 0.983534 0.971076 0.922765 0.883297 0.778874 0.644179 0.493303 0.161456 -0.086220 -0.149568 -0.270913 -0.416344 -0.497940 -0.646540 -0.890194 -0.985034 0.983012 0.970009 0.924332 0.877909 0.752752 0.648012 0.440206 0.216663 -0.087223 -0.126624 -0.312509 -0.452430 -0.490551 -0.628566 -0.894949 -0.974738 
56.460327 2551251.500000 34 36 38 0.872603 0.951498 0.915474 0.984884 0.971805 0.925796 0.888645 0.828720 0.647004 0.508147 0.287291 -0.079684 -0.167728 -0.294641 -0.400024 -0.628125 -0.796218 -0.887587 -0.987607 0.984086 0.971257 0.922022 0.883412 0.806018 0.648305 0.522604 0.231296 -0.068113 -0.155266 -0.267815 -0.415655 -0.499789 -0.700290 -0.909387 -0.987271 
57.520603 19220112.000000 38 42 44 0.965484 0.955152 0.901751 0.977440 0.957593 0.921249 0.854460 0.801780 0.656750 0.407333 0.008869 -0.142453 -0.208824 -0.429009 -0.594231 -0.706705 -0.784251 -0.880045 -0.990380 0.983554 0.965789 0.925349 0.881013 0.807422 0.612597 0.479781 0.085971 -0.151669 -0.230366 -0.359985 -0.575039 -0.725427 -0.792029 -0.887658 -0.988244 
59.553413 32195470.000000 44 46 48 0.902584 0.948268 0.969009 0.974051 0.961830 0.929812 0.871624 0.680874 0.596005 0.373225 0.005220 -0.113721 -0.171524 -0.374168 -0.620884 -0.728149 -0.794636 -0.849159 -0.980202 0.975968 0.959482 0.923197 0.871953 0.747089 0.618036 0.366708 -0.010990 -0.128483 -0.194384 -0.423568 -0.625865 -0.716948 -0.785233 -0.864866 -0.989940 
61.860748 54671988.000000 48 50 52 0.963370 0.972592 0.965070 0.978105 0.966104 0.943228 0.849871 0.601950 0.517163 0.364253 0.020151 -0.063800 -0.210806 -0.321453 -0.475277 -0.713833 -0.795456 -0.822532 -0.946459 0.976017 0.964494 0.938847 0.864191 0.630381 0.576133 0.357724 0.000218 -0.092469 -0.181398 -0.314932 -0.579906 -0.729718 -0.795253 -0.835372 -0.947967 
61.593132 32601326.000000 52 52 56 0.937908 0.983879 0.870864 0.984156 0.971584 0.955151 0.825891 0.545011 0.478738 0.278595 0.043194 -0.028952 -0.194884 -0.339051 -0.401474 -0.531417 -0.789983 -0.853118 -0.974503 0.979856 0.968763 0.949251 0.851473 0.538077 0.476184 0.307528 0.037401 -0.043106 -0.217672 -0.342685 -0.408452 -0.661379 -0.789405 -0.837553 -0.975981 
56.242615 1598103.625000 56 56 58 0.935165 0.953202 0.893256 0.992440 0.982150 0.960848 0.910229 0.712983 0.580058 0.455514 0.149842 -0.055403 -0.211173 -0.368362 -0.472939 -0.603156 -0.782362 -0.835120 -0.956611 0.991180 0.979795 0.957153 0.884678 0.625239 0.508063 0.363489 0.053117 -0.051546 -0.202138 -0.323407 -0.412369 -0.512085 -0.753401 -0.856489 -0.971940 
54.493717 932743.750000 58 60 62 0.876400 0.892943 0.932305 0.993442 0.983139 0.956419 0.893707 0.703472 0.594595 0.465187 0.231516 -0.046208 -0.148413 -0.316976 -0.424136 -0.629556 -0.779131 -0.839181 -0.957528 0.992782 0.982820 0.958449 0.903331 0.716870 0.593431 0.485537 0.193057 -0.024566 -0.188712 -0.352757 -0.467618 -0.640523 -0.782606 -0.833439 -0.947981 
51.694595 359255.406250 64 66 68 0.953209 0.841857 0.920245 0.995134 0.986679 0.955384 0.874689 0.675890 0.589419 0.485711 0.210565 -0.035630 -0.123085 -0.319126 -0.436361 -0.594281 -0.756063 -0.869816 -0.969216 0.994071 0.984901 0.953590 0.883232 0.694912 0.591428 0.481716 0.220747 -0.031209 -0.155892 -0.322792 -0.427230 -0.595683 -0.764800 -0.848823 -0.961643 
45.978470 21196294.000000 68 74 62 0.924438 0.702178 0.432859 0.989567 0.968587 0.896343 0.637913 0.462091 0.308673 0.097663 -0.048990 -0.191617 -0.351218 -0.439240 -0.566486 -0.752610 -0.838526 -0.950018 -0.990506 0.995050 0.983047 0.945273 0.811973 0.586769 0.443886 0.271832 0.100240 -0.046412 -0.162562 -0.355191 -0.455124 -0.619066 -0.737375 -0.910975 -0.979703 
53.819256 57054392.000000 160 76 44 0.471726 0.556454 0.474211 0.983578 0.946623 0.757663 0.518607 0.383976 0.097739 0.031455 -0.184703 -0.299541 -0.433781 -0.535765 -0.707523 -0.800383 -0.892875 -0.961800 -0.990776 0.987859 0.963153 0.818624 0.565648 0.408968 0.108297 0.026766 -0.161086 -0.298140 -0.434231 -0.508720 -0.687532 -0.807286 -0.889224 -0.965509 -0.991222 
51.594673 42623796.000000 46 62 60 0.622565 0.657451 0.939241 0.987425 0.976835 0.948825 0.562286 0.458211 0.295848 0.133272 -0.001730 -0.164225 -0.311617 -0.489665 -0.605730 -0.739648 -0.865907 -0.956364 -0.988333 0.989799 0.965315 0.813619 0.508075 0.429477 0.154553 0.068622 -0.104477 -0.267946 -0.419663 -0.529690 -0.678945 -0.779048 -0.875246 -0.960243 -0.992504 
58.889244 29834138.000000 58 62 64 0.872617 0.962340 0.888669 0.983729 0.976848 0.954303 0.766886 0.559104 0.489127 0.309769 0.220805 -0.109563 -0.170901 -0.404352 -0.605254 -0.669861 -0.757075 -0.907458 -0.954389 0.984215 0.976503 0.955114 0.654469 0.523651 0.434534 0.219048 0.129746 -0.106726 -0.192541 -0.412794 -0.622763 -0.704544 -0.816131 -0.919375 -0.980726 
52.092293 1542556.000000 62 66 78 0.905173 0.533052 0.570405 0.992788 0.980591 0.936033 0.705635 0.598418 0.483375 0.282460 0.151622 -0.092414 -0.280574 -0.430622 -0.612405 -0.768266 -0.879078 -0.934569 -0.978344 0.985054 0.976858 0.951980 0.745454 0.601324 0.539547 0.336506 0.281090 -0.076653 -0.189859 -0.399007 -0.640971 -0.699243 -0.810122 -0.918871 -0.964815 
34.749687 601296.250000 78 150 78 0.615229 0.692528 0.376339 0.986371 0.973520 0.924839 0.656174 0.560701 0.418027 0.209758 0.116844 -0.144607 -0.325243 -0.458624 -0.564282 -0.747970 -0.910465 -0.944234 -0.978500 0.987778 0.975392 0.937073 0.669138 0.549330 0.442681 0.212210 0.115916 -0.117527 -0.298665 -0.447937 -0.572773 -0.785836 -0.907635 -0.943317 -0.979095 
32.443661 393939.625000 66 64 58 0.405419 0.647447 0.694079 0.982029 0.975336 0.915826 0.649185 0.559454 0.395658 0.208102 0.101051 -0.102829 -0.274706 -0.460903 -0.606965 -0.768524 -0.875135 -0.930582 -0.978720 0.985412 0.974895 0.924698 0.626144 0.562355 0.406205 0.234712 0.094226 -0.146667 -0.307756 -0.462780 -0.569907 -0.750920 -0.879560 -0.942725 -0.980537 
34.091228 197412.218750 60 58 118 0.868376 0.700330 0.822482 0.985528 0.970592 0.957280 0.753932 0.575099 0.514655 0.259118 0.126844 -0.110410 -0.214785 -0.441469 -0.582661 -0.768063 -0.891236 -0.942731 -0.973502 0.984182 0.973423 0.940975 0.676685 0.567782 0.473151 0.210805 0.087723 -0.105734 -0.231864 -0.445435 -0.589951 -0.756668 -0.883806 -0.935001 -0.975320 
42.787991 2385624.000000 26 32 24 0.497046 0.519210 0.608637 0.967273 0.957135 0.912722 0.843452 0.592098 0.540724 0.332328 0.200867 -0.013878 -0.113667 -0.401576 -0.664358 -0.806187 -0.846481 -0.960292 -0.990864 0.983669 0.967930 0.944342 0.809222 0.597948 0.530962 0.278590 0.163098 -0.055150 -0.175668 -0.429894 -0.589862 -0.773800 -0.854269 -0.935480 -0.978158 
42.298565 3614377.500000 24 70 128 0.605907 0.520293 0.280145 0.964443 0.917993 0.889912 0.722690 0.493480 0.384162 0.270284 0.179894 -0.043145 -0.170310 -0.424296 -0.501513 -0.621642 -0.779722 -0.870180 -0.960492 0.968096 0.957340 0.907746 0.825002 0.584833 0.508110 0.321731 0.227509 0.006554 -0.137824 -0.414808 -0.550337 -0.764160 -0.818402 -0.943535 -0.988301 
42.724838 4968577.500000 160 146 62 0.409807 0.667023 0.591760 0.960662 0.915991 0.878334 0.670612 0.482510 0.386346 0.277970 0.096220 -0.068960 -0.178253 -0.416591 -0.502973 -0.619364 -0.790831 -0.891321 -0.926437 0.958708 0.908807 0.876395 0.622615 0.469458 0.347579 0.266213 0.066292 -0.061079 -0.192263 -0.448198 -0.514169 -0.611780 -0.767438 -0.872630 -0.922966 
41.542923 2902602.500000 62 62 60 0.559052 0.428085 0.732451 0.991317 0.958911 0.897810 0.817339 0.458125 0.384032 0.273717 0.146081 -0.003264 -0.131914 -0.394203 -0.456173 -0.621034 -0.763370 -0.843045 -0.900608 0.956687 0.914108 0.879866 0.709126 0.460934 0.389231 0.285775 0.121730 -0.036101 -0.143544 -0.417077 -0.505055 -0.644611 -0.778451 -0.875212 -0.918765 
55.523777 8378276.500000 60 54 54 0.684040 0.947140 0.943472 0.986980 0.963133 0.918071 0.893701 0.724259 0.467328 0.408317 0.263707 0.109635 -0.064848 -0.264041 -0.403702 -0.540485 -0.713913 -0.822783 -0.942093 0.990033 0.970312 0.926089 0.900677 0.668335 0.430843 0.364202 0.221112 0.034255 -0.107284 -0.306552 -0.447216 -0.527282 -0.742189 -0.847329 -0.928325 
59.099331 102690368.000000 56 60 64 0.938327 0.722214 0.976737 0.980403 0.946008 0.907877 0.787164 0.535989 0.454409 0.337163 0.195993 0.052993 -0.132180 -0.322796 -0.440793 -0.556826 -0.700608 -0.750747 -0.926015 0.981996 0.949749 0.914533 0.862632 0.575460 0.472078 0.389253 0.222978 0.073626 -0.098501 -0.290096 -0.412542 -0.551743 -0.710342 -0.749872 -0.915694 
59.340740 99092040.000000 64 64 64 0.979182 0.989022 0.966795 0.982100 0.950047 0.901633 0.792276 0.535514 0.458185 0.322700 0.204881 0.071685 -0.131125 -0.332247 -0.432293 -0.545973 -0.691582 -0.754271 -0.899553 0.981065 0.947278 0.899837 0.787919 0.534905 0.461457 0.327911 0.195929 0.058455 -0.139495 -0.319000 -0.444912 -0.559540 -0.697540 -0.753758 -0.915640 
58.610573 59120144.000000 64 66 66 0.972777 0.957392 0.960859 0.983061 0.955460 0.906727 0.814081 0.524473 0.449985 0.341694 0.212659 0.079820 -0.129372 -0.309041 -0.408377 -0.528006 -0.683910 -0.733089 -0.880750 0.982746 0.953205 0.903863 0.789749 0.532706 0.445711 0.332444 0.212103 0.082677 -0.120625 -0.314013 -0.404704 -0.546130 -0.675660 -0.741174 -0.906666 
59.311337 53088264.000000 66 68 68 0.966668 0.983581 0.829520 0.979696 0.952753 0.914136 0.833618 0.544877 0.478612 0.356392 0.225080 0.112451 -0.112381 -0.271708 -0.401529 -0.535927 -0.707087 -0.777239 -0.917613 0.981433 0.955628 0.911961 0.828769 0.529296 0.454950 0.360103 0.227875 0.109191 -0.091942 -0.290079 -0.417405 -0.528161 -0.669825 -0.743593 -0.890104 
59.102055 44981100.000000 70 72 72 0.975217 0.952397 0.958256 0.977509 0.949656 0.908678 0.814216 0.557846 0.496889 0.361966 0.235928 0.124304 -0.069152 -0.249320 -0.348901 -0.566567 -0.720624 -0.767783 -0.900239 0.977622 0.950569 0.912859 0.831009 0.549286 0.482535 0.360616 0.241291 0.122082 -0.076559 -0.255241 -0.359657 -0.550373 -0.708959 -0.765219 -0.873783 
57.144943 28547784.000000 74 74 76 0.922125 0.962971 0.983489 0.980594 0.952526 0.903210 0.821147 0.575630 0.527019 0.350908 0.220024 0.118893 -0.072348 -0.252991 -0.356126 -0.588643 -0.719967 -0.788516 -0.857850 0.978864 0.950734 0.905516 0.823101 0.566354 0.518687 0.354222 0.225319 0.122984 -0.072625 -0.236940 -0.353176 -0.583779 -0.720869 -0.770936 -0.873657 
54.770008 16156214.000000 76 78 80 0.985202 0.965605 0.968267 0.984771 0.950742 0.897358 0.820443 0.605955 0.561329 0.367273 0.237238 0.128792 -0.039349 -0.263790 -0.357202 -0.570727 -0.720245 -0.781733 -0.889641 0.983312 0.954272 0.898482 0.826864 0.584004 0.540686 0.350595 0.220854 0.124314 -0.071903 -0.268429 -0.362183 -0.585382 -0.728138 -0.789252 -0.845440 
55.101280 25946596.000000 80 80 82 0.976449 0.941469 0.970334 0.984101 0.940389 0.901731 0.805021 0.607685 0.563583 0.340864 0.222073 0.095397 -0.106519 -0.289204 -0.360581 -0.591039 -0.726828 -0.798565 -0.837775 0.984424 0.939115 0.898962 0.810110 0.610027 0.567900 0.340477 0.229587 0.106259 -0.088126 -0.272139 -0.361833 -0.591981 -0.722833 -0.781818 -0.863500 
55.473957 26909716.000000 82 84 86 0.965604 0.982489 0.966628 0.980287 0.940005 0.906966 0.804462 0.618182 0.580403 0.345567 0.221132 0.085203 -0.162830 -0.331123 -0.391712 -0.562956 -0.688362 -0.808238 -0.844131 0.983073 0.939431 0.903155 0.797371 0.611072 0.569993 0.346718 0.220653 0.084609 -0.120018 -0.309568 -0.375623 -0.564626 -0.714163 -0.803279 -0.838402 
55.411003 28433956.000000 86 86 86 0.972572 0.651198 0.702824 0.974341 0.941146 0.910995 0.797124 0.617126 0.575182 0.332007 0.213193 0.069024 -0.154296 -0.325396 -0.434258 -0.574068 -0.703046 -0.828292 -0.872015 0.975896 0.938655 0.909999 0.791167 0.617540 0.579346 0.345226 0.205036 0.077321 -0.200490 -0.314155 -0.406903 -0.582094 -0.728924 -0.796549 -0.905405 
55.079098 26377686.000000 84 84 84 0.869841 0.967203 0.970853 0.980911 0.947226 0.912812 0.802778 0.614508 0.580454 0.315496 0.192846 0.053987 -0.164093 -0.368417 -0.440728 -0.593622 -0.742432 -0.820086 -0.855562 0.978226 0.942942 0.911459 0.795745 0.618125 0.579562 0.317762 0.201263 0.070837 -0.167786 -0.346132 -0.447959 -0.574211 -0.731183 -0.828150 -0.873411 
53.207664 7158651.500000 84 84 84 0.955269 0.942515 0.818001 0.984254 0.969113 0.931519 0.795052 0.622609 0.596553 0.328842 0.171826 0.076018 -0.207237 -0.399092 -0.458325 -0.540765 -0.731570 -0.828604 -0.866626 0.981789 0.958774 0.919761 0.808455 0.615237 0.582170 0.320877 0.180696 0.062124 -0.175735 -0.384668 -0.455171 -0.579516 -0.735816 -0.810699 -0.863505 
47.724262 755560.250000 84 82 82 0.734550 0.609813 0.883400 0.992116 0.979529 0.949596 0.812851 0.637566 0.582380 0.470019 0.253990 0.113691 -0.110233 -0.373456 -0.490330 -0.577060 -0.726633 -0.816735 -0.951770 0.991148 0.976023 0.944926 0.792651 0.617683 0.589202 0.395512 0.202850 0.104315 -0.245615 -0.401906 -0.469977 -0.528487 -0.740110 -0.833458 -0.896038 
49.047642 369179.343750 80 80 76 0.889388 0.912275 0.908699 0.992314 0.983126 0.956800 0.862631 0.637740 0.595131 0.472283 0.207583 0.151348 -0.050147 -0.389570 -0.487315 -0.543385 -0.685117 -0.858472 -0.963368 0.992010 0.981417 0.954566 0.838697 0.622888 0.576799 0.486614 0.236308 0.133476 -0.129135 -0.370879 -0.483751 -0.552769 -0.703770 -0.823030 -0.953552 
48.475151 242272.484375 76 72 70 0.917323 0.949434 0.956281 0.992446 0.982984 0.954605 0.866460 0.660059 0.611429 0.535729 0.226460 0.125442 0.004773 -0.404465 -0.492476 -0.552947 -0.731633 -0.883654 -0.967471 0.992650 0.982073 0.956011 0.870586 0.649308 0.608929 0.505796 0.224640 0.139903 0.026943 -0.400146 -0.485704 -0.537632 -0.679991 -0.871459 -0.967990 
46.935013 114250.539062 70 68 68 0.955881 0.961082 0.934334 0.992260 0.983184 0.967563 0.847918 0.654502 0.604100 0.547330 0.234661 0.123306 -0.034883 -0.333272 -0.483508 -0.631267 -0.766104 -0.901869 -0.974108 0.991635 0.982511 0.962163 0.854281 0.669750 0.626622 0.541844 0.247267 0.133044 0.012216 -0.351697 -0.491116 -0.614219 -0.765636 -0.896159 -0.972141 
45.389458 69048.835938 68 68 66 0.944769 0.891695 0.917271 0.994499 0.987338 0.960057 0.890380 0.666938 0.613218 0.528086 0.267670 0.084634 -0.089920 -0.344231 -0.500782 -0.680786 -0.778112 -0.915611 -0.972126 0.993429 0.984531 0.962451 0.875718 0.664414 0.602547 0.538833 0.237028 0.107903 -0.040083 -0.360332 -0.497744 -0.636736 -0.759841 -0.900972 -0.971934 
44.589493 37443.816406 66 64 64 0.931020 0.877152 0.908992 0.994662 0.989738 0.968848 0.853600 0.645720 0.618165 0.547250 0.295503 0.036805 -0.106207 -0.340185 -0.486391 -0.677426 -0.804949 -0.916158 -0.970345 0.994873 0.989694 0.963495 0.867869 0.665228 0.621024 0.535983 0.293212 0.051960 -0.126784 -0.333068 -0.486989 -0.681043 -0.799335 -0.913977 -0.972881 
39.024334 15914.454102 64 64 64 0.898070 0.721255 0.579012 0.993966 0.989668 0.956378 0.737350 0.635569 0.609720 0.460417 0.216296 0.075976 -0.199670 -0.356780 -0.531064 -0.700943 -0.812175 -0.904261 -0.973654 0.994727 0.988700 0.972408 0.833487 0.638406 0.618280 0.523607 0.282621 0.055499 -0.096314 -0.375251 -0.519043 -0.692183 -0.811189 -0.912796 -0.977838 
24.083305 6625.187988 120 62 62 0.780107 0.453125 0.562642 0.992918 0.980339 0.925053 0.820312 0.631978 0.608243 0.354231 0.159408 0.045026 -0.260617 -0.369199 -0.559582 -0.714071 -0.817859 -0.914614 -0.971893 0.992393 0.982165 0.934393 0.778578 0.633734 0.617988 0.373860 0.165643 0.013399 -0.241756 -0.367150 -0.570388 -0.715281 -0.811772 -0.909452 -0.971190 
22.081442 6100.109863 64 74 78 0.555279 0.620234 0.596866 0.994488 0.979854 0.909760 0.779207 0.618983 0.586293 0.295662 0.164408 -0.013312 -0.233341 -0.413273 -0.556060 -0.715154 -0.842206 -0.919689 -0.971538 0.994026 0.986643 0.914682 0.793356 0.627348 0.579207 0.332630 0.150314 0.049735 -0.244467 -0.396847 -0.547438 -0.710019 -0.843970 -0.918124 -0.969725 
13.141231 4678.386719 80 148 84 0.653468 0.572180 0.436909 0.988559 0.954097 0.885302 0.753100 0.617330 0.527972 0.311132 0.163745 -0.032005 -0.235050 -0.415549 -0.562078 -0.713265 -0.827248 -0.919838 -0.973592 0.992635 0.964207 0.885426 0.767708 0.618189 0.553289 0.333725 0.168455 -0.033959 -0.235992 -0.413350 -0.571469 -0.728594 -0.836335 -0.916781 -0.974201 
10.859592 3587.210693 84 70 74 0.448906 0.595763 0.495049 0.991443 0.961540 0.882670 0.721979 0.636234 0.517111 0.306445 0.172630 -0.068347 -0.222622 -0.430848 -0.587427 -0.742567 -0.859898 -0.921474 -0.972233 0.985724 0.953539 0.895323 0.731388 0.630391 0.537766 0.296974 0.164787 -0.046599 -0.236616 -0.433802 -0.553757 -0.704103 -0.841714 -0.916165 -0.975510 
11.411333 2831.207520 90 58 134 0.557491 0.719656 0.590066 0.992328 0.972085 0.864278 0.774925 0.610313 0.496631 0.314642 0.109910 -0.073664 -0.269808 -0.454984 -0.587311 -0.767739 -0.847205 -0.917409 -0.971431 0.994194 0.968801 0.863172 0.763799 0.630807 0.522791 0.310760 0.144349 -0.073964 -0.225599 -0.465082 -0.608053 -0.747663 -0.861431 -0.925362 -0.971761 
8.611549 2429.435303 82 106 74 0.404541 0.476128 0.690711 0.990523 0.963272 0.862906 0.733594 0.614494 0.495836 0.348609 0.154453 -0.088612 -0.277565 -0.437545 -0.560522 -0.738710 -0.847834 -0.916326 -0.972603 0.986211 0.962498 0.872262 0.750208 0.596289 0.503238 0.325361 0.129195 -0.081849 -0.246328 -0.452827 -0.557743 -0.764224 -0.848888 -0.909150 -0.975714 
10.715548 2958.531006 74 78 82 0.689301 0.575437 0.619416 0.993952 0.968633 0.880653 0.753642 0.646462 0.473913 0.337412 0.125951 -0.102593 -0.268718 -0.460221 -0.600881 -0.733787 -0.832484 -0.926958 -0.973957 0.992190 0.966380 0.879076 0.735798 0.629617 0.494429 0.352801 0.130734 -0.115474 -0.302345 -0.431998 -0.591379 -0.737243 -0.839224 -0.927086 -0.972301 
7.982070 2141.510986 82 72 74 0.660554 0.661128 0.473346 0.988320 0.948150 0.873259 0.768569 0.633060 0.475541 0.304722 0.143149 -0.141529 -0.287201 -0.394943 -0.573914 -0.740833 -0.850769 -0.924869 -0.983976 0.993012 0.956110 0.878134 0.763443 0.632770 0.478446 0.316430 0.160038 -0.099583 -0.250493 -0.426418 -0.611183 -0.746897 -0.842561 -0.924430 -0.975937 
8.096782 2248.804932 74 58 74 0.550294 0.376823 0.721694 0.991638 0.960030 0.870741 0.765338 0.621315 0.447934 0.329022 0.139097 -0.104605 -0.255150 -0.428790 -0.561355 -0.735773 -0.847716 -0.917230 -0.977588 0.985797 0.950760 0.881585 0.769871 0.649127 0.479390 0.306788 0.137643 -0.137961 -0.267480 -0.408018 -0.562158 -0.730007 -0.851048 -0.921421 -0.975354 
7.207487 1986.022217 74 106 74 0.661090 0.421959 0.510732 0.987494 0.959362 0.866451 0.761577 0.637590 0.498400 0.320614 0.128479 -0.113529 -0.289406 -0.476412 -0.595088 -0.723349 -0.856576 -0.935144 -0.966231 0.991663 0.964278 0.855004 0.757555 0.618463 0.451141 0.317588 0.103934 -0.122165 -0.276768 -0.462048 -0.576271 -0.740663 -0.863384 -0.929782 -0.974070 
5.949332 1845.622681 74 70 102 0.523119 0.348023 0.286998 0.985681 0.938548 0.870083 0.772375 0.633281 0.474163 0.310946 0.105459 -0.100132 -0.272358 -0.466319 -0.583577 -0.693763 -0.834148 -0.918787 -0.981765 0.987572 0.945532 0.868349 0.775560 0.628470 0.477587 0.303118 0.135969 -0.135952 -0.277103 -0.436868 -0.588109 -0.720139 -0.838207 -0.921317 -0.964052 
4.283603 1336.005615 130 76 52 0.534586 0.615262 0.329295 0.987289 0.946453 0.869887 0.748298 0.655967 0.461982 0.306147 0.151199 -0.085533 -0.285770 -0.466191 -0.599520 -0.746078 -0.851761 -0.925812 -0.987276 0.989146 0.949964 0.862539 0.762575 0.629390 0.468742 0.314733 0.117579 -0.081935 -0.275781 -0.475159 -0.586839 -0.723009 -0.844515 -0.932783 -0.987749 
4.695801 1254.674316 224 74 148 0.451356 0.533331 0.394868 0.988031 0.947718 0.880131 0.765898 0.605333 0.470345 0.331624 0.125005 -0.110897 -0.256771 -0.462446 -0.576554 -0.725126 -0.866229 -0.926985 -0.976951 0.987005 0.952303 0.878487 0.763602 0.638061 0.477540 0.344413 0.145107 -0.075914 -0.271138 -0.473558 -0.608449 -0.756675 -0.848291 -0.927142 -0.983194 
4.567165 1955.343872 106 74 78 0.406626 0.397995 0.430743 0.986436 0.957459 0.853536 0.754625 0.608825 0.434489 0.294954 0.069561 -0.107466 -0.381449 -0.512455 -0.655745 -0.735570 -0.802628 -0.930111 -0.978152 0.985290 0.953816 0.870261 0.748413 0.613172 0.470684 0.315383 0.085267 -0.094977 -0.287840 -0.447512 -0.578905 -0.712790 -0.843470 -0.918724 -0.968029 
7.181811 1863.541870 80 100 72 0.410851 0.329160 0.544915 0.983346 0.946476 0.852636 0.745376 0.619356 0.455956 0.275908 0.025454 -0.102792 -0.357941 -0.508801 -0.652793 -0.736361 -0.825925 -0.910518 -0.986423 0.978868 0.949588 0.874409 0.767985 0.609568 0.423006 0.262374 0.011468 -0.117950 -0.440813 -0.551735 -0.684469 -0.736097 -0.803407 -0.912403 -0.987324 
5.478590 1482.602661 72 64 74 0.500245 0.517345 0.580769 0.991881 0.961541 0.862014 0.775786 0.599399 0.457572 0.318129 0.130901 -0.117177 -0.271470 -0.431661 -0.569272 -0.751399 -0.847253 -0.925260 -0.983595 0.987709 0.953836 0.876193 0.775665 0.614475 0.479001 0.290459 0.109527 -0.101708 -0.263613 -0.435908 -0.626249 -0.749560 -0.840320 -0.922300 -0.977902 
4.720806 1736.372314 74 178 80 0.634172 0.451313 0.447742 0.984677 0.951526 0.872332 0.725003 0.592081 0.492177 0.288603 0.093486 -0.127044 -0.311370 -0.445305 -0.625124 -0.748870 -0.828065 -0.921086 -0.978444 0.984855 0.950746 0.874490 0.759932 0.601600 0.457853 0.313517 0.080535 -0.106236 -0.286519 -0.442970 -0.584050 -0.746753 -0.833919 -0.921484 -0.980791 
3.041203 1144.016479 82 102 90 0.479079 0.342660 0.418159 0.990679 0.949850 0.871004 0.728213 0.586686 0.462628 0.281750 0.065675 -0.102455 -0.269071 -0.468782 -0.575843 -0.742053 -0.870910 -0.934856 -0.971397 0.983858 0.952555 0.869597 0.695555 0.586307 0.472273 0.284187 0.084712 -0.143565 -0.294513 -0.449298 -0.602603 -0.753054 -0.834868 -0.930031 -0.978350 
4.359440 1094.679077 94 62 150 0.462727 0.576227 0.749223 0.990790 0.964884 0.861443 0.756408 0.608174 0.488920 0.315535 0.113835 -0.113549 -0.277114 -0.428396 -0.594768 -0.714705 -0.838629 -0.919512 -0.977004 0.991728 0.966691 0.851087 0.744718 0.589234 0.478205 0.318496 0.091337 -0.142479 -0.283951 -0.413626 -0.586219 -0.740477 -0.874084 -0.937646 -0.968343 
3.723109 990.798706 66 150 74 0.685669 0.357158 0.653139 0.990869 0.945259 0.849634 0.783268 0.612922 0.480776 0.298892 0.040741 -0.111948 -0.310597 -0.453649 -0.587843 -0.733470 -0.858600 -0.922105 -0.976908 0.989071 0.956275 0.879176 0.776143 0.630488 0.502072 0.292125 0.080336 -0.088941 -0.283417 -0.460835 -0.599617 -0.708007 -0.846603 -0.913820 -0.978489 
2.693191 938.251099 74 222 76 0.742173 0.432042 0.623249 0.986941 0.959658 0.874362 0.756600 0.618831 0.457648 0.301840 0.121821 -0.099958 -0.345019 -0.458575 -0.599918 -0.730031 -0.821819 -0.930285 -0.973426 0.987951 0.944638 0.860797 0.777714 0.596701 0.433726 0.289458 0.100190 -0.116054 -0.302810 -0.478924 -0.600098 -0.755061 -0.847774 -0.923479 -0.977658 
14.772579 7284.990234 76 78 76 0.600744 0.377988 0.274864 0.949336 0.909729 0.873474 0.836566 0.748722 0.380271 0.151119 0.033114 -0.073228 -0.180701 -0.257672 -0.559249 -0.784842 -0.843773 -0.888218 -0.935046 0.988332 0.962015 0.858859 0.766560 0.600582 0.451772 0.326056 0.121399 -0.121612 -0.323462 -0.445493 -0.632680 -0.762355 -0.846387 -0.922377 -0.972460 
51.780724 4767957.500000 42 54 60 0.617721 0.617378 0.740872 0.975429 0.931000 0.897221 0.867824 0.816245 0.600908 0.341738 0.110013 0.010798 -0.144723 -0.206264 -0.405282 -0.711552 -0.776955 -0.838947 -0.894828 0.950560 0.913106 0.867361 0.837366 0.738186 0.382910 0.163834 0.054098 -0.039685 -0.167143 -0.219799 -0.386310 -0.745331 -0.808011 -0.864449 -0.883936 
60.185280 24602098.000000 62 58 56 0.881286 0.982682 0.969196 0.970029 0.933037 0.884814 0.850865 0.803294 0.652215 0.305615 0.101668 -0.041616 -0.129905 -0.215979 -0.343025 -0.664204 -0.748340 -0.820968 -0.883002 0.970227 0.926957 0.888359 0.851106 0.809654 0.615983 0.302750 0.123155 -0.017074 -0.155578 -0.248411 -0.379132 -0.701743 -0.765279 -0.836793 -0.884129 
60.666046 21216028.000000 56 56 54 0.955801 0.972694 0.973751 0.970464 0.935432 0.892506 0.851514 0.812963 0.652136 0.311445 0.085506 -0.003629 -0.126476 -0.199232 -0.374924 -0.624965 -0.739101 -0.819127 -0.893835 0.969284 0.933311 0.885305 0.850019 0.806783 0.636818 0.312234 0.083478 -0.024568 -0.135107 -0.203999 -0.373549 -0.657911 -0.752005 -0.827920 -0.883525 
60.643608 11300417.000000 54 52 50 0.990399 0.985856 0.973206 0.974270 0.942075 0.899577 0.864512 0.822581 0.723098 0.288769 0.091340 -0.014654 -0.108722 -0.196923 -0.342871 -0.620596 -0.746249 -0.817806 -0.941292 0.972037 0.935749 0.898187 0.857555 0.817681 0.691128 0.308729 0.093260 0.002584 -0.135463 -0.206385 -0.327816 -0.593636 -0.750887 -0.815795 -0.908317 
58.678734 5738633.500000 50 50 48 0.949173 0.988157 0.983127 0.973815 0.951288 0.899558 0.854635 0.804511 0.724221 0.407323 0.177980 0.040577 -0.058977 -0.208937 -0.273410 -0.542707 -0.704346 -0.847999 -0.961167 0.974751 0.950085 0.901086 0.861000 0.813766 0.732571 0.376830 0.137084 0.005699 -0.113526 -0.193082 -0.308241 -0.577954 -0.722494 -0.824835 -0.959582 
56.700386 4005847.000000 48 46 46 0.974989 0.938617 0.907587 0.976977 0.954419 0.904657 0.859757 0.817983 0.685747 0.390539 0.170305 0.044698 -0.068472 -0.234921 -0.320258 -0.525461 -0.687358 -0.857122 -0.969443 0.973975 0.952794 0.900951 0.857580 0.800369 0.708120 0.421567 0.226522 0.047891 -0.032701 -0.201056 -0.279209 -0.526462 -0.693509 -0.846994 -0.965581 
55.635307 4312768.500000 46 44 44 0.925622 0.980677 0.915068 0.980245 0.948483 0.904312 0.860769 0.799454 0.685329 0.375622 0.196056 0.073346 -0.067847 -0.256396 -0.323517 -0.516324 -0.655382 -0.857242 -0.971431 0.979350 0.952676 0.906264 0.856233 0.817627 0.664711 0.391526 0.187343 0.036483 -0.080692 -0.222572 -0.321420 -0.492099 -0.673083 -0.868364 -0.969977 
54.998936 3832292.000000 44 42 42 0.922386 0.980367 0.989224 0.986499 0.961837 0.902634 0.879714 0.766371 0.677129 0.388222 0.172601 0.079990 -0.015377 -0.277851 -0.384247 -0.592057 -0.633083 -0.842390 -0.972378 0.984490 0.951557 0.903204 0.865960 0.781164 0.680991 0.380161 0.190114 0.078296 -0.025454 -0.280954 -0.353818 -0.529635 -0.629065 -0.861000 -0.976466 
54.815464 2337811.000000 42 42 42 0.985490 0.980178 0.958397 0.987844 0.974611 0.906615 0.883716 0.757534 0.647792 0.482682 0.213620 0.082692 -0.138846 -0.324898 -0.411047 -0.567186 -0.692768 -0.882442 -0.987334 0.987026 0.966889 0.903948 0.883645 0.759868 0.659731 0.414340 0.189844 0.081040 -0.049555 -0.300778 -0.387509 -0.569452 -0.654251 -0.849844 -0.983361 
52.295666 7573421.000000 44 44 44 0.928299 0.887030 0.842200 0.986721 0.972857 0.919199 0.860360 0.752698 0.614816 0.289894 0.063441 -0.205500 -0.413284 -0.473485 -0.620229 -0.752221 -0.874495 -0.964833 -0.993321 0.987942 0.976995 0.912532 0.871688 0.770733 0.643161 0.406037 0.159123 -0.011777 -0.269747 -0.401315 -0.502246 -0.652135 -0.803658 -0.937780 -0.989689 
43.894203 3525125.250000 46 44 46 0.869586 0.720223 0.572466 0.975982 0.951100 0.875517 0.816361 0.716392 0.461990 0.133405 -0.141480 -0.312631 -0.434602 -0.558646 -0.697701 -0.803391 -0.922130 -0.968534 -0.993961 0.982992 0.966690 0.917244 0.848296 0.747543 0.537039 0.211948 -0.076506 -0.304387 -0.412613 -0.530692 -0.686866 -0.815111 -0.915318 -0.965899 -0.994015 
46.721287 2638289.750000 42 44 42 0.390374 0.689857 0.715573 0.981681 0.933538 0.871766 0.823192 0.713535 0.526402 0.129006 -0.106997 -0.405546 -0.474227 -0.602248 -0.741900 -0.823680 -0.954071 -0.985538 -0.997399 0.976852 0.947585 0.866086 0.825817 0.723196 0.491185 0.139347 -0.098636 -0.363615 -0.463667 -0.572670 -0.705522 -0.810403 -0.916705 -0.981403 -0.997676 
41.741024 1594749.125000 44 44 86 0.600463 0.684740 0.653217 0.976447 0.911730 0.875891 0.804097 0.724458 0.527465 0.067058 -0.200594 -0.341395 -0.477317 -0.590515 -0.679420 -0.858065 -0.911184 -0.962752 -0.979079 0.979360 0.916833 0.874939 0.799422 0.717097 0.532732 0.135081 -0.194756 -0.399667 -0.492463 -0.598447 -0.720183 -0.874819 -0.949749 -0.971525 -0.990766 
35.447937 1491462.750000 44 44 48 0.590822 0.558137 0.595869 0.968453 0.934602 0.861205 0.793419 0.672526 0.291287 0.121439 -0.062419 -0.193756 -0.310774 -0.464644 -0.656758 -0.828649 -0.897691 -0.935463 -0.978746 0.969970 0.915853 0.868850 0.800889 0.712086 0.351928 0.008365 -0.127592 -0.278836 -0.359738 -0.554750 -0.671671 -0.836313 -0.895257 -0.945383 -0.978590 
30.341610 234030.593750 72 130 52 0.482307 0.439543 0.855471 0.988684 0.967507 0.879187 0.826127 0.743247 0.498080 0.218268 0.087595 -0.147676 -0.299698 -0.492341 -0.630780 -0.823979 -0.896790 -0.939805 -0.987672 0.969948 0.939269 0.864123 0.797274 0.699208 0.353375 0.186632 0.030537 -0.146178 -0.292983 -0.483977 -0.608219 -0.827837 -0.902255 -0.931583 -0.980400 
49.279823 777746.437500 50 52 54 0.462707 0.803793 0.938864 0.991361 0.978274 0.939616 0.884012 0.817554 0.684948 0.460910 0.132774 -0.124801 -0.189706 -0.294485 -0.593883 -0.746661 -0.881528 -0.939872 -0.973553 0.991681 0.985112 0.937519 0.868921 0.794670 0.661240 0.397895 0.139502 -0.111693 -0.221367 -0.412743 -0.597406 -0.763133 -0.892928 -0.938092 -0.980435 
57.820190 1300985.000000 54 54 56 0.951538 0.954999 0.965408 0.982519 0.973727 0.960764 0.916149 0.839633 0.682303 0.288431 0.043100 -0.020856 -0.141648 -0.219764 -0.560237 -0.724514 -0.809524 -0.932795 -0.964032 0.986551 0.974151 0.956417 0.899372 0.829221 0.718798 0.372273 0.083450 -0.029382 -0.180860 -0.256110 -0.618451 -0.749595 -0.860763 -0.937222 -0.962056 
59.544224 1241168.500000 56 58 60 0.975004 0.955877 0.945719 0.980692 0.973724 0.949341 0.917459 0.859999 0.706876 0.134540 0.020798 -0.029662 -0.143356 -0.201128 -0.531202 -0.722290 -0.753766 -0.874354 -0.964304 0.980841 0.973873 0.957558 0.918159 0.851734 0.711629 0.215907 0.047000 -0.014891 -0.146355 -0.208384 -0.566097 -0.731605 -0.769068 -0.917881 -0.972540 
54.790386 603224.562500 60 60 62 0.955023 0.984516 0.990958 0.980989 0.966024 0.945421 0.922821 0.855075 0.713003 0.178975 0.023145 -0.022367 -0.105848 -0.157872 -0.450366 -0.699731 -0.756040 -0.881824 -0.970326 0.980899 0.969942 0.943232 0.918014 0.854254 0.736026 0.155633 0.018236 -0.033467 -0.139366 -0.180343 -0.547136 -0.711061 -0.753440 -0.866949 -0.961877 
53.009209 255869.140625 62 62 64 0.965825 0.982124 0.965980 0.982403 0.967305 0.950183 0.931242 0.871201 0.699271 0.213830 -0.002451 -0.038042 -0.127488 -0.191055 -0.452791 -0.680438 -0.770702 -0.911318 -0.978229 0.981380 0.967036 0.947720 0.927322 0.861924 0.700935 0.228029 0.009123 -0.038518 -0.096160 -0.160196 -0.434829 -0.690896 -0.763428 -0.906549 -0.978679 
55.414829 263076.468750 64 64 64 0.946925 0.968211 0.975569 0.981536 0.966478 0.951447 0.936116 0.879170 0.747236 0.335967 0.041642 -0.061884 -0.127642 -0.192456 -0.435412 -0.674980 -0.805112 -0.912800 -0.978950 0.982529 0.966718 0.951456 0.935303 0.871616 0.723302 0.266425 -0.000480 -0.043335 -0.128926 -0.178491 -0.425732 -0.697617 -0.785333 -0.913814 -0.976553 
57.805485 1515248.250000 64 64 64 0.981234 0.981540 0.926239 0.982099 0.970788 0.947333 0.920159 0.859359 0.712604 0.104857 -0.044668 -0.115735 -0.184596 -0.264528 -0.487568 -0.620301 -0.678345 -0.810914 -0.964918 0.980814 0.966967 0.949762 0.930730 0.875160 0.750119 0.204089 -0.018204 -0.095285 -0.160384 -0.243577 -0.476593 -0.604388 -0.721588 -0.879363 -0.975162 
56.554375 2375997.250000 64 66 66 0.970820 0.949860 0.916336 0.985662 0.977251 0.946220 0.901818 0.858206 0.630951 -0.021425 -0.094886 -0.188218 -0.261178 -0.350550 -0.454183 -0.569500 -0.642640 -0.833076 -0.968031 0.983974 0.974506 0.947534 0.906189 0.857020 0.704009 0.061232 -0.082276 -0.142756 -0.243526 -0.318741 -0.438711 -0.599122 -0.672061 -0.794834 -0.960943 
49.154808 311670.156250 68 68 70 0.913154 0.690551 0.623997 0.992875 0.978373 0.954113 0.898646 0.816257 0.664311 0.096623 -0.084027 -0.175619 -0.306275 -0.372963 -0.468181 -0.543178 -0.702421 -0.911497 -0.972952 0.987408 0.978725 0.946780 0.896876 0.836708 0.561690 -0.034269 -0.107553 -0.200761 -0.283003 -0.399101 -0.483625 -0.568932 -0.660380 -0.887001 -0.974767 
44.076786 691771.562500 70 74 76 0.645943 0.640485 0.645106 0.992510 0.981225 0.946093 0.882430 0.625409 0.493153 0.326708 0.056160 -0.196010 -0.355711 -0.494736 -0.604893 -0.702746 -0.774137 -0.879631 -0.970338 0.994381 0.981565 0.957354 0.915711 0.832786 0.685559 0.234550 -0.017664 -0.184258 -0.313117 -0.372868 -0.453529 -0.570768 -0.781030 -0.908228 -0.965118 
42.804874 1959534.875000 76 76 76 0.685465 0.782047 0.596253 0.994542 0.984730 0.935990 0.775998 0.549088 0.436531 0.007692 -0.240027 -0.352962 -0.498274 -0.638982 -0.729492 -0.791966 -0.871722 -0.965663 -0.989361 0.992766 0.980397 0.913433 0.729454 0.552483 0.457586 0.248104 -0.070273 -0.283323 -0.437558 -0.572650 -0.666318 -0.739782 -0.815689 -0.919769 -0.983925 
41.399025 1435553.875000 78 82 74 0.734336 0.666645 0.710659 0.994293 0.984360 0.935621 0.808279 0.557207 0.410206 -0.050140 -0.274603 -0.420369 -0.519755 -0.633444 -0.739107 -0.814635 -0.905786 -0.955485 -0.992748 0.993813 0.980316 0.942434 0.818972 0.563712 0.389580 -0.073342 -0.256509 -0.371601 -0.494001 -0.628107 -0.738165 -0.792597 -0.884855 -0.958456 -0.985568 
47.987156 5606450.500000 74 72 74 0.690753 0.910560 0.846297 0.994656 0.985730 0.959240 0.764980 0.545051 0.305171 -0.126715 -0.309342 -0.395430 -0.520084 -0.669594 -0.745356 -0.789311 -0.903797 -0.964415 -0.987488 0.994567 0.985156 0.954999 0.814783 0.565273 0.414403 -0.053812 -0.305253 -0.420571 -0.526112 -0.667330 -0.745192 -0.824897 -0.910473 -0.954143 -0.989843 
48.170017 3321290.500000 74 72 74 0.818311 0.887776 0.880719 0.995454 0.981914 0.959980 0.785556 0.568790 0.406584 0.062517 -0.137688 -0.366413 -0.466768 -0.575696 -0.665106 -0.755298 -0.877288 -0.960325 -0.986734 0.994601 0.984772 0.956976 0.714272 0.531138 0.248373 -0.071608 -0.272323 -0.398471 -0.516928 -0.631784 -0.727442 -0.773220 -0.893462 -0.962515 -0.986365 
47.201099 511493.406250 74 74 74 0.832435 0.907636 0.956435 0.995600 0.986297 0.962256 0.941043 0.667511 0.503294 0.240111 -0.112437 -0.267675 -0.413321 -0.501153 -0.696680 -0.796350 -0.877208 -0.936305 -0.981576 0.995698 0.983203 0.961369 0.917551 0.605242 0.498519 0.139606 -0.086967 -0.340797 -0.441509 -0.560160 -0.677009 -0.795570 -0.896649 -0.952048 -0.978898 
50.086052 384079.250000 74 72 70 0.973851 0.953215 0.964042 0.994691 0.986778 0.967275 0.945073 0.713911 0.508852 0.403088 -0.064974 -0.238064 -0.412712 -0.490376 -0.641478 -0.766422 -0.856905 -0.921688 -0.976711 0.995192 0.987481 0.965125 0.944750 0.667877 0.510105 0.315542 -0.133444 -0.237096 -0.425785 -0.489784 -0.674717 -0.781271 -0.872340 -0.930502 -0.981178 
51.371479 391677.750000 70 70 66 0.968792 0.966427 0.980086 0.994223 0.986672 0.966972 0.942580 0.743144 0.529545 0.361309 0.097276 -0.199031 -0.422504 -0.467752 -0.583881 -0.771001 -0.887119 -0.929767 -0.969144 0.994383 0.986232 0.967253 0.943887 0.728553 0.517889 0.398339 0.043231 -0.227049 -0.415104 -0.481483 -0.613117 -0.755299 -0.872272 -0.928426 -0.970636 
52.867096 342532.437500 66 66 64 0.981578 0.973949 0.931912 0.994483 0.987043 0.966274 0.945370 0.763942 0.511441 0.391886 0.100052 -0.121688 -0.345651 -0.424484 -0.508534 -0.705115 -0.821582 -0.915178 -0.973434 0.994327 0.986866 0.966822 0.945984 0.772416 0.545131 0.413546 0.095270 -0.183693 -0.403897 -0.446998 -0.547021 -0.734549 -0.850464 -0.922274 -0.966932 
54.936489 7255688.500000 64 60 60 0.936336 0.873928 0.972314 0.992907 0.982092 0.969422 0.878068 0.453357 0.401841 0.120726 0.013458 -0.160480 -0.255577 -0.380208 -0.474639 -0.577803 -0.637219 -0.888991 -0.987823 0.994340 0.986269 0.963687 0.921292 0.505558 0.423169 0.219241 0.007867 -0.102166 -0.282913 -0.368565 -0.475128 -0.596179 -0.698732 -0.859203 -0.974537 
56.879707 10651554.000000 60 58 56 0.981656 0.991161 0.970237 0.991541 0.978319 0.966124 0.862343 0.445199 0.376186 0.296870 0.152517 -0.108629 -0.249565 -0.345706 -0.413156 -0.558247 -0.784177 -0.959832 -0.988872 0.991931 0.979583 0.966603 0.864167 0.442174 0.394027 0.255387 0.104574 -0.123413 -0.272418 -0.356550 -0.436183 -0.560633 -0.652394 -0.959132 -0.988348 
57.184418 10571715.000000 58 56 56 0.979127 0.848504 0.967764 0.991208 0.975928 0.966695 0.835254 0.432398 0.393471 0.313816 0.237685 -0.006859 -0.217888 -0.338903 -0.384082 -0.595335 -0.838203 -0.960382 -0.982367 0.991039 0.976405 0.966474 0.834445 0.445631 0.364239 0.313835 0.214787 -0.068899 -0.247522 -0.330793 -0.417104 -0.571010 -0.775881 -0.957845 -0.982461 
58.292866 15041425.000000 56 54 54 0.975216 0.979221 0.970770 0.991015 0.976191 0.964806 0.773864 0.496795 0.438610 0.337670 0.256785 0.045651 -0.217076 -0.297109 -0.408418 -0.565988 -0.827160 -0.947046 -0.977834 0.991438 0.976814 0.966430 0.790614 0.453978 0.416083 0.310258 0.252600 -0.014476 -0.221270 -0.334497 -0.414523 -0.566928 -0.856304 -0.959725 -0.983382 
57.889359 6246880.000000 54 52 52 0.981026 0.983074 0.962923 0.990665 0.975790 0.962284 0.851408 0.607854 0.560169 0.335250 0.257731 0.078138 -0.240108 -0.343407 -0.393561 -0.535320 -0.818080 -0.934756 -0.977457 0.991077 0.976422 0.963283 0.825447 0.564639 0.517689 0.326280 0.258106 0.038077 -0.233501 -0.321787 -0.394310 -0.552048 -0.860427 -0.951976 -0.978389 
57.095840 1900004.000000 52 52 50 0.976333 0.941527 0.982156 0.990719 0.976334 0.960887 0.903266 0.736529 0.572582 0.338828 0.267929 0.118207 -0.208621 -0.311674 -0.434076 -0.670811 -0.815584 -0.923099 -0.969254 0.990741 0.975909 0.961311 0.879070 0.658689 0.575696 0.326471 0.244072 0.081661 -0.213684 -0.339288 -0.404344 -0.602479 -0.823894 -0.931799 -0.984495 
54.995457 893168.250000 50 50 52 0.986814 0.975456 0.958676 0.989941 0.975532 0.957863 0.886799 0.796215 0.617769 0.347308 0.293484 0.080755 -0.169451 -0.338718 -0.388243 -0.634596 -0.747048 -0.894683 -0.967366 0.990292 0.975468 0.960518 0.892050 0.785967 0.608145 0.341098 0.249462 0.111105 -0.169001 -0.309888 -0.417701 -0.665163 -0.776196 -0.913858 -0.969591 
52.096298 580771.375000 50 52 54 0.970774 0.951531 0.941794 0.991185 0.982370 0.930845 0.890011 0.822970 0.563675 0.394594 0.268617 0.096937 -0.135004 -0.325929 -0.399368 -0.586719 -0.732897 -0.879085 -0.970520 0.990224 0.978741 0.949471 0.899030 0.813261 0.570820 0.368719 0.281738 0.143271 -0.174015 -0.347256 -0.410924 -0.636510 -0.738322 -0.887561 -0.970272 
50.312439 2245434.000000 54 54 58 0.949953 0.930784 0.641305 0.990901 0.980497 0.934919 0.826359 0.634929 0.496344 0.381731 0.167856 -0.099288 -0.225794 -0.366378 -0.466089 -0.585182 -0.727055 -0.927489 -0.972887 0.991100 0.982216 0.932006 0.885694 0.767141 0.522047 0.402553 0.246393 0.003657 -0.147154 -0.291302 -0.424173 -0.537246 -0.715611 -0.891704 -0.966141 
40.632229 5106407.500000 58 52 54 0.721774 0.709644 0.602795 0.988150 0.959638 0.814219 0.706153 0.575616 0.466496 0.294161 0.102241 -0.152443 -0.302641 -0.418368 -0.551062 -0.709498 -0.766409 -0.926761 -0.982603 0.991652 0.977932 0.832632 0.721204 0.579499 0.473922 0.345224 0.087072 -0.185038 -0.306179 -0.416391 -0.513085 -0.698946 -0.765861 -0.935269 -0.978765 
39.841114 6130894.500000 56 52 50 0.641340 0.741105 0.642691 0.981357 0.936732 0.770093 0.701811 0.583698 0.464660 0.242898 0.044164 -0.106388 -0.285064 -0.441906 -0.535305 -0.691936 -0.772296 -0.936317 -0.987430 0.984409 0.946796 0.793766 0.721508 0.583860 0.469194 0.288870 0.079005 -0.107918 -0.272291 -0.445815 -0.535887 -0.686907 -0.766019 -0.939407 -0.986474 
39.635967 5618141.500000 52 54 52 0.682558 0.660619 0.796346 0.982895 0.946957 0.755069 0.664291 0.570019 0.449974 0.284050 0.058169 -0.100565 -0.248144 -0.433412 -0.533306 -0.675220 -0.775141 -0.943972 -0.984332 0.985825 0.932881 0.767315 0.679336 0.572218 0.453097 0.247099 0.024027 -0.132481 -0.280055 -0.427617 -0.526273 -0.675206 -0.783727 -0.947677 -0.985811 
38.892933 4184085.500000 52 50 48 0.631342 0.629843 0.405107 0.985857 0.937501 0.729207 0.659177 0.526376 0.419595 0.265809 0.007161 -0.120524 -0.300687 -0.414633 -0.559795 -0.673438 -0.803752 -0.948157 -0.988752 0.986392 0.957677 0.757026 0.661386 0.562813 0.445062 0.296235 0.048733 -0.087236 -0.246737 -0.410312 -0.534095 -0.669382 -0.765217 -0.946933 -0.986003 
35.931515 1921973.250000 46 54 44 0.553459 0.637843 0.338562 0.978639 0.904867 0.720976 0.671078 0.503409 0.405025 0.217256 0.012166 -0.167285 -0.318540 -0.465228 -0.575821 -0.690048 -0.779856 -0.924573 -0.986054 0.981828 0.898410 0.715298 0.659970 0.486784 0.388369 0.240585 0.004597 -0.164501 -0.324036 -0.435324 -0.565017 -0.688571 -0.804538 -0.942418 -0.984353 
30.839872 609623.562500 54 148 52 0.528010 0.464111 0.480303 0.975314 0.950023 0.710783 0.654114 0.517816 0.376567 0.199515 0.032692 -0.185599 -0.309919 -0.442610 -0.544316 -0.703915 -0.800189 -0.947954 -0.987029 0.973467 0.926172 0.724459 0.667023 0.528510 0.381490 0.185829 0.022847 -0.165444 -0.330471 -0.463336 -0.554945 -0.703989 -0.789448 -0.938853 -0.989787 
31.536942 1073950.125000 54 56 54 0.673509 0.555198 0.519749 0.968002 0.948801 0.845535 0.648551 0.556457 0.441831 0.276971 0.027097 -0.177510 -0.328197 -0.452856 -0.534734 -0.635255 -0.788878 -0.955079 -0.991255 0.974367 0.954392 0.762802 0.626785 0.532620 0.396424 0.250648 0.037947 -0.179497 -0.303479 -0.424432 -0.531901 -0.678045 -0.795478 -0.937164 -0.991492 
43.856491 2163645.000000 80 70 48 0.647686 0.664159 0.779165 0.986318 0.971142 0.923799 0.826103 0.617324 0.540802 0.361225 0.264519 0.030289 -0.248907 -0.370472 -0.482835 -0.655910 -0.739401 -0.900447 -0.981922 0.964523 0.944313 0.865553 0.670873 0.573888 0.464188 0.278113 0.084104 -0.171846 -0.314243 -0.455072 -0.539127 -0.651744 -0.755300 -0.959428 -0.990075 
60.612068 53168452.000000 42 58 60 0.827730 0.911910 0.959721 0.974702 0.953320 0.934026 0.780362 0.581156 0.532155 0.383332 0.302943 0.103680 -0.182247 -0.320951 -0.390932 -0.546938 -0.732016 -0.785902 -0.859650 0.978377 0.958547 0.934999 0.792357 0.599981 0.538034 0.385865 0.284268 0.142625 -0.216220 -0.316818 -0.404733 -0.578023 -0.742762 -0.789859 -0.886614 
59.962791 47244708.000000 60 60 64 0.931535 0.915915 0.857901 0.976213 0.950425 0.923254 0.763674 0.561856 0.507662 0.362145 0.262810 0.141119 -0.169563 -0.333477 -0.427118 -0.560455 -0.703699 -0.763954 -0.873227 0.972731 0.951943 0.932979 0.778707 0.565574 0.519851 0.365653 0.281823 0.123456 -0.179050 -0.317532 -0.404633 -0.546907 -0.692111 -0.763472 -0.870197 
57.053314 41389448.000000 64 64 66 0.861240 0.949483 0.935285 0.981114 0.946947 0.906967 0.768145 0.565757 0.526139 0.361491 0.242650 0.136764 -0.132942 -0.327401 -0.422177 -0.570291 -0.715088 -0.765947 -0.882949 0.979540 0.949068 0.913814 0.759553 0.561067 0.527786 0.350666 0.253503 0.119982 -0.181209 -0.343230 -0.439680 -0.581155 -0.713539 -0.770597 -0.907064 
56.447529 29825356.000000 66 66 66 0.937860 0.967293 0.954503 0.983962 0.944822 0.895496 0.783512 0.589085 0.547119 0.366245 0.248688 0.159090 -0.066613 -0.288939 -0.388075 -0.547902 -0.697465 -0.763218 -0.917544 0.982736 0.945549 0.898070 0.780092 0.572217 0.530225 0.365956 0.242303 0.142142 -0.107257 -0.313753 -0.404248 -0.563151 -0.712656 -0.766030 -0.908280 
55.093884 19681188.000000 66 66 66 0.940128 0.800280 0.952139 0.980677 0.948900 0.887636 0.790759 0.619279 0.568025 0.398701 0.236633 0.157504 -0.065908 -0.273433 -0.389781 -0.557433 -0.708441 -0.760936 -0.894383 0.983386 0.945287 0.893616 0.793879 0.605212 0.549042 0.386636 0.269997 0.176932 -0.080709 -0.297937 -0.386352 -0.543155 -0.706088 -0.757197 -0.913801 
54.176556 9784650.000000 66 66 66 0.900952 0.965739 0.962060 0.985219 0.953598 0.897188 0.837335 0.664348 0.592527 0.391647 0.215106 0.114037 -0.013938 -0.241951 -0.416825 -0.605546 -0.707138 -0.773773 -0.897230 0.983858 0.950217 0.891848 0.817396 0.636965 0.593930 0.394293 0.225960 0.134530 -0.029417 -0.257563 -0.381871 -0.585733 -0.721572 -0.772162 -0.888372 
53.772682 10085755.000000 66 66 66 0.960768 0.985280 0.944467 0.984594 0.950209 0.888541 0.829147 0.702329 0.615427 0.376794 0.207547 0.109619 -0.042677 -0.197791 -0.430989 -0.600669 -0.695504 -0.759022 -0.908142 0.984389 0.950804 0.891657 0.828387 0.680575 0.605331 0.384821 0.229919 0.135130 -0.013345 -0.207615 -0.432820 -0.589094 -0.697663 -0.777000 -0.917253 
51.971672 4706554.000000 66 66 64 0.950466 0.789309 0.970343 0.985555 0.961314 0.890916 0.846962 0.726957 0.620316 0.440117 0.185144 0.097025 -0.063412 -0.201138 -0.415091 -0.608474 -0.708629 -0.761360 -0.950571 0.987047 0.948486 0.893257 0.836276 0.723190 0.616905 0.400403 0.189843 0.110141 -0.072504 -0.204761 -0.459139 -0.595068 -0.702268 -0.758592 -0.932520 
52.976639 2389106.750000 64 64 62 0.974229 0.938908 0.954755 0.986477 0.967336 0.890796 0.852746 0.780636 0.636251 0.502085 0.213789 0.096481 -0.047991 -0.145919 -0.313338 -0.656816 -0.727754 -0.819565 -0.972355 0.986037 0.965592 0.886923 0.850252 0.762378 0.625888 0.493350 0.198874 0.098850 -0.057305 -0.172655 -0.382722 -0.614800 -0.708543 -0.766727 -0.957939 
52.615829 3232729.750000 62 60 60 0.951489 0.973765 0.947832 0.983849 0.969889 0.901870 0.845827 0.759467 0.628260 0.441958 0.156694 -0.011705 -0.122230 -0.208863 -0.300896 -0.629714 -0.699824 -0.780806 -0.956426 0.985266 0.969640 0.898929 0.853644 0.776011 0.630657 0.483589 0.176629 0.026349 -0.082095 -0.186660 -0.296398 -0.656513 -0.735833 -0.842044 -0.975960 
50.312534 1265271.000000 60 60 60 0.942086 0.808847 0.907453 0.986610 0.976872 0.922921 0.813746 0.749775 0.602799 0.382942 0.159757 -0.048856 -0.174662 -0.295349 -0.438061 -0.562248 -0.677810 -0.770949 -0.971889 0.983097 0.971155 0.908708 0.835346 0.752379 0.597224 0.416410 0.089065 -0.014936 -0.148304 -0.237054 -0.382542 -0.611965 -0.705049 -0.756374 -0.946643 
49.063984 409828.250000 60 60 60 0.856486 0.895976 0.932764 0.990639 0.978711 0.957685 0.843033 0.714098 0.643779 0.483806 0.171563 -0.010023 -0.145683 -0.322678 -0.457224 -0.493865 -0.686154 -0.884687 -0.965777 0.990342 0.979230 0.951183 0.822935 0.749076 0.627858 0.429234 0.217881 0.022979 -0.164648 -0.343429 -0.437536 -0.476682 -0.664279 -0.866691 -0.971462 
44.941868 131741.593750 58 60 64 0.933580 0.893200 0.858903 0.992895 0.984167 0.917987 0.833438 0.752068 0.659534 0.555624 0.176821 -0.000131 -0.147134 -0.303667 -0.460691 -0.621785 -0.742614 -0.886655 -0.965283 0.991251 0.980325 0.947556 0.832590 0.743962 0.648176 0.553488 0.188053 -0.006717 -0.117564 -0.313460 -0.455983 -0.548255 -0.750664 -0.895364 -0.970036 
45.170841 6326561.500000 62 62 62 0.867352 0.769435 0.759927 0.985171 0.964810 0.918292 0.750203 0.634501 0.495660 0.307234 0.118048 -0.109493 -0.205605 -0.291715 -0.458631 -0.600582 -0.630754 -0.836520 -0.990772 0.993745 0.982095 0.907428 0.816083 0.720079 0.566196 0.380848 0.178300 -0.091047 -0.186196 -0.277715 -0.484300 -0.589412 -0.686365 -0.887751 -0.986476 
54.331936 7884301.000000 60 62 64 0.649632 0.985062 0.926373 0.981999 0.972110 0.935577 0.800521 0.640721 0.576990 0.303360 0.207763 0.022476 -0.219907 -0.263692 -0.489655 -0.587604 -0.657097 -0.698989 -0.975509 0.982400 0.970798 0.938933 0.809580 0.652445 0.569751 0.316798 0.191263 -0.029147 -0.217888 -0.275824 -0.468612 -0.577869 -0.643192 -0.693811 -0.984322 
48.116089 278869.437500 64 70 62 0.934366 0.566996 0.641349 0.991999 0.974077 0.937508 0.801814 0.693503 0.569437 0.299892 0.217666 0.014182 -0.178559 -0.251727 -0.463676 -0.636541 -0.696032 -0.866246 -0.983594 0.984031 0.972698 0.936155 0.794865 0.680724 0.581035 0.306048 0.226928 0.017549 -0.195384 -0.241048 -0.454356 -0.600029 -0.683153 -0.740533 -0.981136 
33.421242 92053.500000 64 42 64 0.611538 0.483913 0.555518 0.986600 0.968909 0.912075 0.770381 0.699711 0.589524 0.337903 0.208563 -0.018892 -0.191909 -0.270535 -0.542969 -0.638934 -0.728884 -0.852017 -0.972652 0.989208 0.967493 0.927961 0.792954 0.691663 0.558813 0.332403 0.185003 0.025518 -0.163391 -0.293842 -0.532050 -0.633091 -0.718346 -0.868303 -0.972578 
30.549866 47455.773438 64 62 64 0.552573 0.676226 0.667775 0.980543 0.969963 0.917384 0.752858 0.680817 0.637247 0.350782 0.220040 0.085119 -0.208414 -0.276853 -0.534839 -0.668166 -0.816161 -0.921954 -0.965668 0.986339 0.971908 0.908306 0.764859 0.676757 0.618472 0.328266 0.243138 0.026343 -0.201748 -0.259646 -0.547434 -0.632632 -0.753467 -0.887464 -0.984727 
25.945826 43275.273438 62 30 70 0.854400 0.796633 0.413479 0.976817 0.965663 0.879717 0.735415 0.641891 0.548726 0.303296 0.188666 -0.016019 -0.244801 -0.481090 -0.545739 -0.696494 -0.814663 -0.921630 -0.989773 0.978303 0.969535 0.903630 0.747223 0.667607 0.633589 0.364604 0.201258 0.084254 -0.203713 -0.329497 -0.540361 -0.681647 -0.847017 -0.929342 -0.970592 
37.788883 1624684.875000 94 26 28 0.650733 0.694462 0.382348 0.961308 0.934793 0.882491 0.722189 0.563886 0.489292 0.316814 0.274475 -0.015233 -0.265189 -0.401796 -0.540079 -0.681310 -0.747886 -0.879876 -0.992320 0.970558 0.938667 0.869352 0.700181 0.601659 0.531139 0.269923 0.204291 -0.040069 -0.321973 -0.502776 -0.555147 -0.706555 -0.776398 -0.950385 -0.994743 
43.181747 3370245.250000 112 74 64 0.633650 0.582224 0.610612 0.941307 0.896207 0.870917 0.653925 0.483925 0.402325 0.252905 0.182702 0.031126 -0.210800 -0.317039 -0.470331 -0.652813 -0.749104 -0.793700 -0.946916 0.946450 0.911715 0.876280 0.639724 0.498511 0.426345 0.301584 0.222658 0.054845 -0.247276 -0.318087 -0.492828 -0.676774 -0.757737 -0.791782 -0.973696 
43.189423 2774553.000000 64 108 50 0.527060 0.558271 0.726911 0.987131 0.912956 0.875015 0.658139 0.485898 0.385816 0.306144 0.195371 0.065784 -0.107298 -0.254346 -0.474554 -0.653816 -0.767241 -0.796296 -0.913853 0.929684 0.892991 0.859316 0.613750 0.491300 0.367104 0.257753 0.165995 0.034617 -0.158413 -0.290818 -0.482134 -0.633160 -0.760412 -0.799798 -0.914611 
55.944752 11738475.000000 52 52 52 0.364276 0.951291 0.913573 0.983924 0.957625 0.913360 0.882022 0.684769 0.519440 0.449093 0.282919 0.175861 -0.058519 -0.140357 -0.499868 -0.671485 -0.725976 -0.789232 -0.948972 0.988484 0.966076 0.914942 0.886265 0.647830 0.436318 0.376161 0.254594 0.133340 -0.060752 -0.172820 -0.472711 -0.656026 -0.744061 -0.794957 -0.924649 
60.672127 71107576.000000 50 54 60 0.921825 0.968860 0.955353 0.974841 0.940820 0.907922 0.791816 0.586236 0.524114 0.391245 0.292934 0.153879 -0.006917 -0.137170 -0.554249 -0.656935 -0.718128 -0.765450 -0.928074 0.978571 0.942979 0.907683 0.848266 0.604366 0.526254 0.423452 0.291890 0.168117 -0.040543 -0.125740 -0.473334 -0.645800 -0.710688 -0.773703 -0.922440 
59.463089 36925340.000000 60 60 60 0.929379 0.992105 0.990788 0.978981 0.946600 0.900255 0.785262 0.594967 0.538637 0.394398 0.317436 0.186307 0.009784 -0.093165 -0.522334 -0.638535 -0.705575 -0.758651 -0.951749 0.976551 0.944698 0.901684 0.787306 0.588584 0.536686 0.390513 0.308482 0.169730 -0.004405 -0.129283 -0.541999 -0.659317 -0.713595 -0.760006 -0.944223 
57.744415 14263660.000000 60 60 60 0.993520 0.979051 0.880265 0.980910 0.952480 0.899555 0.801061 0.614151 0.559996 0.440074 0.358249 0.224609 0.111429 -0.090412 -0.548620 -0.647789 -0.710099 -0.780087 -0.974951 0.980604 0.949593 0.901607 0.795109 0.599017 0.547506 0.405419 0.338620 0.205363 0.047522 -0.081261 -0.530548 -0.661245 -0.714435 -0.768259 -0.965197 
55.319016 7936900.000000 60 60 60 0.969629 0.879293 0.979210 0.981604 0.957309 0.904160 0.805864 0.635677 0.560917 0.466622 0.393480 0.221014 0.060065 -0.082180 -0.473429 -0.653125 -0.693139 -0.835509 -0.990558 0.979796 0.954106 0.900530 0.792327 0.623557 0.550812 0.450828 0.378503 0.223879 0.089537 -0.105253 -0.516265 -0.648875 -0.689711 -0.794170 -0.990580 
54.428749 3634532.500000 60 60 60 0.977511 0.972402 0.970388 0.984487 0.962744 0.911555 0.812683 0.670646 0.601848 0.502619 0.412250 0.227411 0.078243 -0.067288 -0.414957 -0.640700 -0.706759 -0.863250 -0.986303 0.983688 0.960908 0.909432 0.814322 0.653514 0.585093 0.494424 0.412316 0.206064 0.070525 -0.079218 -0.483411 -0.655362 -0.693290 -0.847708 -0.988135 
54.050934 2515335.500000 60 60 60 0.977792 0.969229 0.991586 0.984738 0.965641 0.910535 0.798023 0.667075 0.617205 0.547779 0.445054 0.231787 0.116443 -0.106210 -0.431217 -0.624697 -0.704236 -0.879300 -0.974158 0.984764 0.964402 0.912040 0.812019 0.675180 0.629769 0.541161 0.427393 0.205980 0.091572 -0.147436 -0.461848 -0.643463 -0.733208 -0.899351 -0.979430 
54.398693 1907755.750000 60 60 60 0.991358 0.988497 0.971605 0.985109 0.971058 0.917175 0.822047 0.629950 0.592486 0.529807 0.434673 0.267091 0.125288 -0.074232 -0.436776 -0.651603 -0.719352 -0.880583 -0.971208 0.985045 0.969642 0.913780 0.803726 0.651039 0.602970 0.549772 0.467999 0.282644 0.137289 -0.123485 -0.448763 -0.633664 -0.731046 -0.886633 -0.970921 
54.335232 4004840.250000 60 62 62 0.979263 0.961835 0.986963 0.984062 0.970808 0.920936 0.786725 0.622295 0.579087 0.449005 0.375648 0.202198 0.088717 -0.065521 -0.428240 -0.661577 -0.710960 -0.814255 -0.963422 0.985218 0.971396 0.922383 0.838146 0.626316 0.582607 0.464752 0.413241 0.266222 0.089372 -0.069834 -0.456011 -0.653048 -0.695828 -0.841106 -0.970077 
54.045403 4094384.750000 62 62 66 0.984392 0.918918 0.850998 0.983550 0.968283 0.927988 0.772832 0.627133 0.590646 0.371786 0.253067 0.154916 0.072220 -0.051837 -0.287161 -0.633874 -0.718347 -0.798760 -0.969109 0.983698 0.970143 0.924140 0.766356 0.624640 0.586286 0.404860 0.300068 0.176811 0.084976 -0.056450 -0.241729 -0.657737 -0.713389 -0.807990 -0.968215 
48.043293 624160.187500 66 70 68 0.820427 0.815544 0.676866 0.985989 0.970324 0.944826 0.756221 0.638670 0.586033 0.417118 0.229503 0.130682 0.058608 -0.130372 -0.352311 -0.528268 -0.736894 -0.851655 -0.979318 0.982970 0.968893 0.933920 0.778853 0.629546 0.589885 0.370390 0.215230 0.125611 0.049402 -0.101796 -0.356655 -0.584678 -0.725032 -0.804854 -0.977121 
38.991745 114710.187500 70 84 66 0.772915 0.511990 0.466106 0.985124 0.974671 0.907006 0.726194 0.643861 0.573666 0.493756 0.313291 0.134605 0.065490 -0.100519 -0.470296 -0.648161 -0.789198 -0.910185 -0.969443 0.987755 0.970857 0.932760 0.745887 0.652270 0.574428 0.483480 0.267517 0.105597 0.062163 -0.161704 -0.403633 -0.587758 -0.763650 -0.896623 -0.972224 
35.778522 58700.378906 122 140 76 0.553214 0.593363 0.632080 0.983400 0.974649 0.909995 0.733624 0.638775 0.593114 0.468364 0.320429 0.152425 0.066390 -0.248499 -0.494421 -0.687137 -0.806061 -0.916159 -0.972169 0.983248 0.976108 0.906702 0.746003 0.640799 0.575534 0.471850 0.345321 0.162020 0.083568 -0.140272 -0.476652 -0.677264 -0.815662 -0.906830 -0.975546 
28.356285 28554.458984 76 60 118 0.625950 0.553143 0.476506 0.977419 0.965938 0.881344 0.699239 0.645112 0.554420 0.467324 0.306129 0.130602 -0.024877 -0.328749 -0.492970 -0.701352 -0.807005 -0.908416 -0.979063 0.984690 0.970110 0.897820 0.717602 0.635095 0.574469 0.448435 0.290389 0.136204 0.027897 -0.285166 -0.477165 -0.712581 -0.803657 -0.910635 -0.973272 
33.414024 913143.062500 148 96 176 0.362643 0.539619 0.478997 0.974206 0.949218 0.805905 0.645395 0.591344 0.491015 0.174429 -0.163271 -0.301517 -0.430772 -0.545676 -0.655848 -0.725240 -0.941795 -0.979716 -0.992024 0.972791 0.957018 0.829857 0.687655 0.604891 0.536976 0.444293 0.136877 -0.139546 -0.347632 -0.453963 -0.583712 -0.670774 -0.912658 -0.969160 -0.989523 
52.662842 5668323.500000 54 122 60 0.542982 0.584376 0.719030 0.977324 0.912283 0.792697 0.607912 0.543276 0.268573 -0.042150 -0.201931 -0.347592 -0.492358 -0.622516 -0.664879 -0.852922 -0.957436 -0.987007 -0.997447 0.979651 0.924573 0.826524 0.636475 0.556300 0.390766 0.058507 -0.165134 -0.309947 -0.454186 -0.601446 -0.661046 -0.804361 -0.947037 -0.985024 -0.995807 
54.203888 5317190.500000 178 60 60 0.570723 0.643957 0.446072 0.978345 0.919150 0.757173 0.619392 0.523547 0.214830 -0.127092 -0.270761 -0.372220 -0.500438 -0.624559 -0.698139 -0.852533 -0.955134 -0.985121 -0.995690 0.979238 0.914821 0.754540 0.614060 0.535843 0.208865 -0.063661 -0.244076 -0.360477 -0.497366 -0.628878 -0.683671 -0.830386 -0.958461 -0.982373 -0.995639 
52.937576 4524700.000000 120 62 44 0.556110 0.552879 0.436395 0.974173 0.914148 0.762893 0.637080 0.512895 0.139524 -0.183681 -0.281253 -0.454484 -0.534304 -0.640526 -0.690979 -0.858282 -0.950042 -0.974858 -0.991802 0.977625 0.917247 0.760813 0.630480 0.523183 0.177562 -0.167359 -0.259823 -0.417155 -0.529960 -0.623359 -0.689052 -0.878684 -0.952822 -0.975441 -0.991749 
53.575150 7235309.500000 60 130 62 0.651361 0.537390 0.509302 0.975457 0.918013 0.769357 0.607541 0.401609 0.122612 -0.110812 -0.256355 -0.398140 -0.510382 -0.620883 -0.716470 -0.868234 -0.949152 -0.977715 -0.993025 0.976220 0.914630 0.780457 0.625696 0.431304 0.165983 -0.160137 -0.282149 -0.417849 -0.517485 -0.624030 -0.696091 -0.857395 -0.943518 -0.974389 -0.994424 
49.772945 2514535.500000 60 106 56 0.455951 0.498077 0.402578 0.971237 0.905015 0.736441 0.579500 0.391110 0.158362 -0.025121 -0.175998 -0.339280 -0.442996 -0.602582 -0.673661 -0.846033 -0.940302 -0.971127 -0.987613 0.973035 0.915422 0.764858 0.606336 0.417701 0.138384 -0.112408 -0.221260 -0.387044 -0.506893 -0.613004 -0.687988 -0.889574 -0.943005 -0.979405 -0.989707 
44.714565 4258880.000000 122 154 48 0.379428 0.292101 0.590996 0.986525 0.965275 0.930290 0.869575 0.686153 0.561082 0.250870 0.046632 -0.183432 -0.348874 -0.456655 -0.626916 -0.817201 -0.906095 -0.962085 -0.984365 0.979215 0.921396 0.722680 0.572187 0.428070 0.185001 0.026224 -0.109279 -0.299153 -0.399514 -0.516547 -0.682681 -0.800579 -0.931399 -0.966202 -0.983316 
60.429161 97657584.000000 48 58 62 0.879703 0.843805 0.936371 0.968044 0.950684 0.924249 0.838377 0.675277 0.524295 0.297601 0.143156 -0.119028 -0.256378 -0.345748 -0.479782 -0.713186 -0.775841 -0.882065 -0.982294 0.977879 0.954496 0.928949 0.837146 0.672939 0.578370 0.310256 0.163879 -0.123783 -0.237958 -0.386088 -0.493161 -0.695680 -0.783779 -0.932259 -0.981876 
59.766548 28018356.000000 60 64 66 0.963919 0.922140 0.970605 0.970709 0.949841 0.915494 0.859928 0.775382 0.576325 0.274779 0.158207 -0.039343 -0.207821 -0.294011 -0.496932 -0.719794 -0.784345 -0.903369 -0.981472 0.967673 0.951214 0.917430 0.854619 0.724408 0.526565 0.296586 0.149345 -0.076988 -0.245524 -0.324277 -0.492784 -0.729916 -0.782518 -0.898025 -0.976763 
58.046432 4982448.000000 66 68 68 0.976514 0.975878 0.971815 0.973486 0.953958 0.928017 0.883716 0.835281 0.695238 0.280227 0.133229 -0.034393 -0.186236 -0.254137 -0.462543 -0.705432 -0.836455 -0.948276 -0.990080 0.972890 0.951209 0.923852 0.872409 0.817208 0.637425 0.281740 0.151226 -0.022554 -0.189447 -0.259446 -0.488675 -0.712258 -0.812946 -0.934785 -0.988501 
56.959015 2259046.000000 68 68 68 0.954675 0.818497 0.943012 0.973243 0.959941 0.934950 0.897539 0.844485 0.703058 0.278183 0.073143 -0.050115 -0.163974 -0.236038 -0.426903 -0.687596 -0.819345 -0.952792 -0.984142 0.973564 0.958937 0.932133 0.893971 0.838430 0.660975 0.274686 0.117007 -0.025701 -0.182388 -0.254188 -0.477288 -0.697093 -0.820748 -0.951782 -0.987342 
56.261345 1860351.625000 68 70 72 0.950614 0.954845 0.968638 0.977034 0.965557 0.942172 0.907589 0.827213 0.678574 0.176206 -0.018941 -0.085033 -0.180618 -0.240635 -0.503832 -0.726142 -0.837389 -0.947786 -0.989647 0.975110 0.963623 0.938557 0.903430 0.834629 0.728385 0.283648 -0.000608 -0.068672 -0.182694 -0.238963 -0.432772 -0.695993 -0.812226 -0.942319 -0.983743 
48.108944 374225.843750 72 74 76 0.968541 0.714865 0.621656 0.984725 0.968592 0.936909 0.884622 0.809529 0.655053 0.228636 0.001035 -0.131924 -0.226812 -0.359308 -0.475865 -0.714591 -0.862454 -0.940985 -0.992509 0.981720 0.967924 0.942717 0.904676 0.838053 0.681039 0.223809 -0.027505 -0.094214 -0.189061 -0.281338 -0.490718 -0.751906 -0.871119 -0.961492 -0.989593 
36.627747 1550369.625000 78 70 70 0.585329 0.644897 0.372921 0.978102 0.951073 0.897858 0.826856 0.699843 0.464222 0.115628 -0.084407 -0.215123 -0.348233 -0.457671 -0.618185 -0.782220 -0.861399 -0.928935 -0.983937 0.984769 0.956788 0.908720 0.856421 0.773951 0.577268 0.213842 -0.024916 -0.192107 -0.290159 -0.411240 -0.510556 -0.734101 -0.863632 -0.931620 -0.987239 
39.206512 6589020.000000 72 70 70 0.480334 0.585936 0.577644 0.964403 0.943336 0.863698 0.752100 0.504290 0.446943 0.100853 -0.096262 -0.225771 -0.308677 -0.474205 -0.662278 -0.738765 -0.837142 -0.932023 -0.984280 0.972624 0.952225 0.876007 0.799011 0.540538 0.445380 0.094747 -0.092022 -0.206546 -0.350104 -0.491570 -0.644508 -0.762928 -0.859613 -0.932498 -0.982099 
39.956444 6862919.500000 68 68 74 0.611689 0.458437 0.523991 0.963025 0.911142 0.824674 0.667653 0.528925 0.390705 0.243677 -0.030086 -0.197461 -0.345171 -0.579219 -0.669121 -0.729035 -0.844672 -0.939157 -0.984182 0.958962 0.937133 0.853177 0.700083 0.520207 0.444854 0.193746 -0.082066 -0.215814 -0.306999 -0.485708 -0.665129 -0.732465 -0.850170 -0.934957 -0.982762 
35.983242 628849.812500 74 66 132 0.591015 0.609957 0.560263 0.962231 0.946002 0.872917 0.710227 0.557063 0.425100 0.284918 0.061011 -0.147087 -0.324795 -0.540269 -0.643133 -0.706119 -0.806440 -0.922599 -0.983621 0.961052 0.932149 0.824654 0.684079 0.507861 0.366582 0.262071 -0.000348 -0.164314 -0.374681 -0.567712 -0.658889 -0.710283 -0.809522 -0.925293 -0.986135 
23.952875 60887.269531 24 146 148 0.459716 0.527029 0.807491 0.961464 0.939689 0.886106 0.791567 0.618633 0.456007 0.222073 -0.003837 -0.179598 -0.317788 -0.498443 -0.650786 -0.710746 -0.832717 -0.921126 -0.982353 0.961129 0.941265 0.887323 0.786506 0.573569 0.457340 0.254850 -0.010763 -0.192505 -0.326218 -0.519177 -0.651760 -0.730414 -0.842909 -0.923673 -0.978174 
22.670927 129922.367188 148 148 44 0.788211 0.532062 0.527412 0.965332 0.935411 0.839986 0.749668 0.698121 0.537565 0.307080 0.097987 -0.175449 -0.329403 -0.506427 -0.587518 -0.683393 -0.747315 -0.878091 -0.955481 0.967582 0.943881 0.886317 0.795799 0.644423 0.492623 0.238172 0.047626 -0.171674 -0.331058 -0.486145 -0.624096 -0.722437 -0.827741 -0.915545 -0.978663 
42.451279 2093393.000000 74 82 148 0.519275 0.364200 0.583168 0.961672 0.953548 0.876872 0.724029 0.696251 0.496387 0.264992 0.104381 -0.213584 -0.343259 -0.520613 -0.615095 -0.704672 -0.743833 -0.801611 -0.989115 0.955082 0.945258 0.840875 0.730935 0.707415 0.497922 0.278854 0.075016 -0.219071 -0.374128 -0.524582 -0.596544 -0.701467 -0.740117 -0.840411 -0.979280 
36.218678 1944115.125000 148 150 74 0.658244 0.327320 0.569584 0.944618 0.901118 0.813976 0.704890 0.597324 0.420224 0.307668 0.071981 -0.224780 -0.279074 -0.409429 -0.631283 -0.725458 -0.800969 -0.856603 -0.951378 0.955166 0.930765 0.805772 0.700521 0.631449 0.490648 0.291916 0.109789 -0.221997 -0.296918 -0.487484 -0.642242 -0.724152 -0.769198 -0.833253 -0.970984 
42.969810 1451932.750000 74 60 54 0.547916 0.473668 0.861341 0.989495 0.964879 0.918990 0.858834 0.741994 0.530864 0.326830 0.208646 0.008579 -0.240900 -0.318163 -0.459569 -0.592427 -0.765719 -0.874988 -0.961344 0.953786 0.906664 0.827567 0.723832 0.601281 0.400736 0.297897 0.147073 -0.168637 -0.270956 -0.332408 -0.505485 -0.696889 -0.818318 -0.865282 -0.964835 
54.991856 11645003.000000 54 58 62 0.826031 0.826964 0.976719 0.983123 0.949628 0.895692 0.853016 0.758907 0.556655 0.365217 0.228690 0.131364 -0.145723 -0.276181 -0.398475 -0.575834 -0.677707 -0.729873 -0.919181 0.986725 0.955429 0.913314 0.856090 0.768975 0.590631 0.403773 0.231815 0.131267 -0.126731 -0.268988 -0.393898 -0.571796 -0.665393 -0.802414 -0.947570 
55.913109 11750975.000000 62 62 62 0.983146 0.952233 0.925796 0.983942 0.951602 0.884178 0.862887 0.740097 0.548919 0.349806 0.220891 0.148780 -0.156556 -0.282463 -0.403669 -0.608218 -0.717583 -0.776157 -0.895326 0.983144 0.949497 0.885529 0.859074 0.737274 0.536742 0.345844 0.220605 0.134676 -0.169101 -0.270886 -0.394880 -0.605433 -0.695427 -0.756747 -0.899976 
55.785843 10036898.000000 64 64 64 0.923597 0.953554 0.963968 0.983770 0.954765 0.886030 0.862095 0.746812 0.584769 0.360371 0.223593 0.149437 -0.150080 -0.287011 -0.393467 -0.602806 -0.737252 -0.790227 -0.913900 0.983903 0.953506 0.884243 0.863201 0.741969 0.572746 0.358751 0.226601 0.152882 -0.163683 -0.274668 -0.382192 -0.598829 -0.728379 -0.788978 -0.892782 
55.815140 11426938.000000 64 64 64 0.960674 0.964063 0.944930 0.982592 0.957374 0.884478 0.862433 0.711241 0.606271 0.357788 0.198607 0.130661 -0.177669 -0.295069 -0.383502 -0.595561 -0.719663 -0.781056 -0.889863 0.984411 0.959518 0.887615 0.866801 0.759300 0.612260 0.351968 0.189020 0.130098 -0.173896 -0.280809 -0.387587 -0.606093 -0.726576 -0.783092 -0.926054 
55.086456 8132943.000000 64 64 66 0.939047 0.892066 0.743084 0.983455 0.961374 0.901486 0.844854 0.713357 0.634305 0.366923 0.209415 0.094754 -0.170716 -0.250898 -0.385863 -0.561182 -0.685437 -0.744528 -0.907571 0.980916 0.957864 0.891293 0.855004 0.705114 0.616259 0.350168 0.186416 0.096354 -0.200336 -0.290182 -0.418742 -0.593321 -0.706530 -0.772240 -0.868382 
50.444599 555841.812500 64 64 64 0.753997 0.596999 0.943280 0.991788 0.981930 0.944534 0.825512 0.764100 0.711058 0.471190 0.213943 0.104507 -0.091741 -0.343229 -0.420770 -0.536231 -0.739105 -0.860523 -0.969614 0.991332 0.975226 0.917316 0.825157 0.751238 0.662225 0.371503 0.237172 0.128583 -0.129144 -0.264045 -0.370343 -0.543087 -0.696171 -0.839366 -0.965931 
50.220665 221194.750000 64 64 64 0.946372 0.933557 0.870081 0.992601 0.984651 0.945277 0.829829 0.779137 0.702673 0.547255 0.239978 0.160136 -0.146731 -0.305692 -0.407903 -0.576262 -0.790678 -0.894403 -0.968802 0.992196 0.983603 0.949070 0.830416 0.764813 0.702681 0.486734 0.232199 0.135784 -0.150489 -0.341934 -0.437188 -0.547553 -0.755312 -0.879266 -0.969938 
42.088570 276692.375000 64 64 66 0.867087 0.786849 0.551284 0.991442 0.967000 0.873860 0.810037 0.736428 0.639935 0.336651 0.228608 0.077224 -0.202411 -0.400060 -0.526696 -0.678551 -0.779767 -0.931833 -0.992110 0.992433 0.983621 0.925306 0.826397 0.777501 0.707785 0.516954 0.221374 0.154828 -0.168982 -0.307589 -0.427539 -0.624740 -0.805492 -0.895705 -0.971985 
33.162132 1210171.250000 66 62 64 0.600437 0.677407 0.570160 0.986433 0.957211 0.869851 0.756663 0.621967 0.457450 0.309281 0.029046 -0.256431 -0.341824 -0.526980 -0.604332 -0.737121 -0.815848 -0.927182 -0.989391 0.980536 0.955572 0.867381 0.796372 0.653602 0.518165 0.300579 0.211680 -0.158654 -0.325759 -0.497095 -0.602156 -0.704300 -0.784186 -0.941749 -0.995831 
39.996490 9520269.000000 64 74 64 0.670317 0.711285 0.446835 0.980850 0.908805 0.820916 0.583286 0.495999 0.371260 0.250257 0.126710 -0.236037 -0.320646 -0.480569 -0.603266 -0.762417 -0.822374 -0.908616 -0.984546 0.989895 0.948937 0.845146 0.674453 0.533572 0.421793 0.268399 0.082324 -0.257594 -0.324697 -0.515339 -0.606811 -0.759733 -0.832710 -0.909723 -0.983421 
47.731850 6587005.000000 64 126 64 0.495363 0.498566 0.781883 0.988030 0.968881 0.944163 0.800052 0.581770 0.522598 0.290557 0.241557 -0.064680 -0.270317 -0.352244 -0.547563 -0.688555 -0.757736 -0.836750 -0.975035 0.980842 0.933973 0.822110 0.583000 0.510812 0.370475 0.244656 0.164528 -0.247121 -0.321774 -0.443819 -0.603322 -0.755148 -0.802222 -0.884714 -0.979756 
57.765713 30890628.000000 64 70 72 0.789621 0.951033 0.939467 0.980801 0.967911 0.946268 0.723581 0.569199 0.521927 0.304217 0.228803 0.067978 -0.250632 -0.302566 -0.516099 -0.630518 -0.697951 -0.752475 -0.943324 0.983002 0.966834 0.941818 0.731905 0.581359 0.525988 0.314167 0.237753 0.099983 -0.247355 -0.321646 -0.517451 -0.634666 -0.725666 -0.767928 -0.949848 
53.821598 1531396.250000 72 76 78 0.984891 0.895614 0.841254 0.988008 0.974246 0.958427 0.751949 0.575325 0.540317 0.308238 0.223247 0.123778 -0.219687 -0.319628 -0.481721 -0.595188 -0.687431 -0.794716 -0.971433 0.982068 0.970480 0.949928 0.724476 0.573165 0.530246 0.305474 0.230655 0.102338 -0.221016 -0.307570 -0.489417 -0.604960 -0.675762 -0.737382 -0.950899 
45.561237 4033531.250000 78 70 80 0.819470 0.665669 0.658132 0.990437 0.974145 0.949898 0.672828 0.539226 0.470547 0.296284 0.141742 -0.174754 -0.316430 -0.464676 -0.526928 -0.608440 -0.708505 -0.819180 -0.981386 0.993783 0.977222 0.959999 0.796173 0.591916 0.535157 0.276357 0.204670 0.095523 -0.218120 -0.352255 -0.519941 -0.625592 -0.713036 -0.823358 -0.967720 
56.021416 16802990.000000 76 76 76 0.661448 0.968826 0.974947 0.983383 0.971754 0.957991 0.681605 0.536335 0.488279 0.317418 0.205484 0.082754 -0.266374 -0.361357 -0.507823 -0.598834 -0.693804 -0.737438 -0.901142 0.984263 0.973175 0.956716 0.671325 0.542396 0.483999 0.318830 0.189625 0.004119 -0.291456 -0.413287 -0.521982 -0.581992 -0.701591 -0.745351 -0.968558 
57.510895 13163028.000000 76 76 74 0.972403 0.956528 0.990156 0.983560 0.969236 0.957125 0.773470 0.523872 0.485670 0.313875 0.223534 0.073394 -0.235046 -0.332394 -0.462385 -0.602264 -0.682011 -0.745716 -0.839810 0.983871 0.970314 0.957628 0.736361 0.536228 0.492274 0.310564 0.213981 0.062511 -0.259338 -0.344821 -0.486348 -0.606298 -0.689215 -0.764875 -0.882913 
56.691696 12883853.000000 74 74 74 0.991018 0.993142 0.949496 0.983262 0.968312 0.952235 0.751086 0.529894 0.493475 0.332773 0.218198 0.087326 -0.206663 -0.329555 -0.429764 -0.601034 -0.690271 -0.757170 -0.828069 0.982983 0.968417 0.954521 0.763637 0.523967 0.487284 0.322190 0.223205 0.082061 -0.218336 -0.334073 -0.442720 -0.604857 -0.694779 -0.754132 -0.844727 
55.272175 11304844.000000 74 72 72 0.955506 0.992093 0.980772 0.983810 0.969098 0.949591 0.755459 0.523262 0.489965 0.333899 0.214391 0.071902 -0.203026 -0.371066 -0.463387 -0.592081 -0.695451 -0.771856 -0.823566 0.983224 0.968054 0.950561 0.732103 0.523225 0.482554 0.338675 0.211882 0.082764 -0.230495 -0.344950 -0.460082 -0.617996 -0.710576 -0.764113 -0.878066 
52.172112 4129559.250000 72 72 72 0.973245 0.926006 0.949684 0.986192 0.973339 0.947078 0.800686 0.555180 0.513852 0.296555 0.182794 0.100125 -0.221561 -0.412096 -0.485042 -0.609217 -0.685873 -0.772318 -0.842288 0.984559 0.971119 0.946124 0.773315 0.530969 0.495563 0.321329 0.190437 0.078968 -0.196861 -0.402708 -0.481556 -0.596569 -0.694529 -0.769005 -0.823446 
48.457916 518228.031250 70 66 64 0.970667 0.923224 0.913062 0.992569 0.980074 0.956160 0.895608 0.596727 0.545482 0.415582 0.215830 0.137523 -0.160623 -0.442546 -0.502593 -0.616789 -0.713402 -0.813452 -0.950441 0.989560 0.976118 0.951672 0.862808 0.573570 0.536122 0.352834 0.220238 0.114509 -0.262865 -0.467585 -0.514716 -0.600000 -0.711011 -0.789100 -0.918380 
49.940529 267328.500000 64 60 58 0.893263 0.958722 0.937708 0.993254 0.984781 0.961716 0.919608 0.628414 0.560103 0.438634 0.248748 0.118691 -0.196045 -0.432023 -0.470874 -0.608437 -0.708729 -0.837905 -0.968922 0.992981 0.982460 0.962106 0.915735 0.619440 0.560990 0.399917 0.215787 0.119762 -0.172485 -0.434635 -0.476577 -0.618115 -0.722676 -0.821072 -0.964224 
49.930611 156999.156250 58 56 56 0.968711 0.950748 0.966400 0.992902 0.984115 0.965236 0.927826 0.643600 0.588515 0.478113 0.285362 0.123850 -0.080956 -0.425613 -0.502502 -0.624975 -0.771457 -0.898721 -0.967981 0.992904 0.985330 0.959441 0.916714 0.638876 0.577077 0.487675 0.291858 0.141053 -0.174888 -0.445101 -0.504836 -0.611918 -0.725639 -0.874451 -0.968505 
47.726597 68317.343750 56 56 56 0.945081 0.971472 0.642426 0.993163 0.982873 0.969580 0.936854 0.627101 0.558111 0.423483 0.244256 0.019614 -0.214744 -0.401329 -0.542508 -0.678138 -0.839381 -0.918987 -0.983307 0.993258 0.984402 0.970108 0.941615 0.632779 0.579204 0.458628 0.270787 0.099151 -0.104229 -0.382027 -0.493711 -0.646196 -0.785746 -0.907918 -0.973182 
36.759071 625046.937500 58 70 52 0.878041 0.682743 0.312840 0.989487 0.976121 0.936218 0.709006 0.536869 0.438638 0.174805 -0.138115 -0.466306 -0.522805 -0.670440 -0.723008 -0.839203 -0.917736 -0.964919 -0.994228 0.989862 0.975894 0.943741 0.786206 0.570995 0.499776 0.307988 0.082926 -0.267094 -0.452895 -0.587647 -0.700820 -0.802195 -0.909775 -0.959127 -0.990799 
39.041134 673633.562500 148 56 72 0.538084 0.523242 0.427340 0.983113 0.973745 0.895978 0.653535 0.512443 0.274011 0.090995 -0.220656 -0.453081 -0.562542 -0.668454 -0.750363 -0.836844 -0.912157 -0.960596 -0.988440 0.987393 0.975896 0.937559 0.668331 0.531305 0.299392 0.137396 -0.220517 -0.487376 -0.557368 -0.691076 -0.743879 -0.828538 -0.922447 -0.960842 -0.988404 
40.865646 657907.312500 150 148 148 0.376106 0.791375 0.685596 0.987101 0.960322 0.839688 0.645973 0.488438 0.293531 -0.082508 -0.268982 -0.420218 -0.513925 -0.675438 -0.768495 -0.845851 -0.932225 -0.975338 -0.990235 0.984368 0.966980 0.856231 0.651106 0.502088 0.306210 -0.095684 -0.241677 -0.409210 -0.519180 -0.651666 -0.751230 -0.834836 -0.908214 -0.971750 -0.989501 
38.829575 537111.375000 118 104 74 0.495587 0.689098 0.532638 0.982569 0.949378 0.810882 0.650635 0.511130 0.277201 0.016939 -0.197248 -0.450247 -0.495733 -0.617367 -0.749909 -0.845669 -0.901916 -0.944435 -0.992167 0.984192 0.956369 0.816155 0.641626 0.491971 0.276364 0.019694 -0.273152 -0.468092 -0.515200 -0.669142 -0.761303 -0.855408 -0.911853 -0.963543 -0.991077 
47.364521 3225745.750000 74 216 62 0.544828 0.362220 0.918483 0.984947 0.964036 0.934869 0.859677 0.660010 0.603109 0.368249 0.297728 0.202687 -0.276379 -0.444368 -0.544542 -0.758569 -0.860727 -0.932747 -0.989077 0.985844 0.969771 0.848245 0.668114 0.544792 0.343696 0.126246 -0.105919 -0.332946 -0.462692 -0.526064 -0.740850 -0.841636 -0.899445 -0.943758 -0.986018 
53.678337 10676272.000000 62 66 70 0.620325 0.938388 0.923914 0.983535 0.961688 0.928105 0.788472 0.660190 0.591771 0.357368 0.281897 0.196733 -0.220127 -0.412760 -0.456308 -0.672067 -0.777446 -0.866347 -0.978251 0.984045 0.964289 0.931621 0.830600 0.670052 0.598157 0.356619 0.266024 0.191928 -0.133466 -0.417763 -0.471700 -0.691051 -0.787259 -0.930673 -0.983108 
53.381477 6570638.000000 70 72 74 0.894260 0.980636 0.921572 0.981521 0.964881 0.936700 0.777246 0.668527 0.613992 0.374533 0.287830 0.161749 -0.241797 -0.411883 -0.487249 -0.690717 -0.774969 -0.866245 -0.977451 0.982345 0.962097 0.932590 0.774747 0.664381 0.600570 0.343604 0.268237 0.170703 -0.259691 -0.403567 -0.463294 -0.671758 -0.778488 -0.856086 -0.970862 
49.520821 490854.531250 74 76 74 0.966725 0.900584 0.918325 0.991300 0.977425 0.960306 0.880842 0.683110 0.642852 0.385028 0.287346 0.156786 -0.292774 -0.411079 -0.500853 -0.675950 -0.816566 -0.937071 -0.982459 0.986600 0.971882 0.949088 0.807774 0.675797 0.634044 0.366681 0.270745 0.180222 -0.296145 -0.423980 -0.503988 -0.657167 -0.781602 -0.902510 -0.976891 
50.032455 269903.968750 72 72 70 0.947361 0.952805 0.954921 0.991698 0.981011 0.962727 0.897939 0.669289 0.634645 0.467629 0.284862 0.210769 -0.138898 -0.404627 -0.451716 -0.645078 -0.817141 -0.933314 -0.976194 0.991571 0.979083 0.960520 0.906411 0.657763 0.629027 0.430070 0.282766 0.196859 -0.229325 -0.404944 -0.451889 -0.661357 -0.808430 -0.938260 -0.979466 
49.527626 102022.382812 70 68 68 0.933520 0.939605 0.897342 0.993524 0.984508 0.971017 0.921526 0.686600 0.639654 0.456719 0.269580 0.157490 -0.207131 -0.402223 -0.495432 -0.687685 -0.848977 -0.944880 -0.980640 0.992469 0.983181 0.966863 0.903856 0.666842 0.633191 0.468512 0.271091 0.190224 -0.136099 -0.395707 -0.460297 -0.644940 -0.830976 -0.937559 -0.975069 
41.706345 36593.980469 68 72 70 0.908335 0.770014 0.655432 0.994748 0.981519 0.946759 0.839760 0.675187 0.634690 0.426664 0.263450 0.020411 -0.239519 -0.391907 -0.532775 -0.713690 -0.832533 -0.934083 -0.980988 0.994077 0.985159 0.967614 0.890436 0.674393 0.641531 0.439663 0.281290 0.104795 -0.226019 -0.395456 -0.511424 -0.696676 -0.824453 -0.949620 -0.984280 
31.681376 26041.292969 70 70 72 0.620651 0.695279 0.622717 0.992180 0.980975 0.948849 0.808923 0.674337 0.615965 0.357456 0.209583 -0.049970 -0.212985 -0.379671 -0.505354 -0.746427 -0.857079 -0.940335 -0.973505 0.994164 0.980921 0.943537 0.812321 0.676040 0.633641 0.380022 0.197173 0.003055 -0.223562 -0.377838 -0.507358 -0.725580 -0.838145 -0.931057 -0.975111 
27.281111 13873.852539 76 92 70 0.610302 0.474513 0.700888 0.991681 0.974590 0.936186 0.774064 0.669948 0.562672 0.315186 0.215982 -0.036766 -0.239796 -0.376702 -0.564723 -0.723027 -0.838201 -0.929855 -0.984251 0.988633 0.977976 0.947363 0.794640 0.680686 0.587065 0.335703 0.238480 -0.059384 -0.228689 -0.375635 -0.539797 -0.734826 -0.845398 -0.936996 -0.976895 
18.033743 6822.121582 68 68 68 0.656145 0.761665 0.535952 0.989278 0.966852 0.920035 0.747910 0.651865 0.509263 0.352267 0.108238 -0.045221 -0.211649 -0.389339 -0.564182 -0.722258 -0.851099 -0.931212 -0.973015 0.993713 0.975203 0.905656 0.759780 0.639812 0.531305 0.336108 0.172346 -0.052515 -0.236168 -0.384724 -0.563893 -0.728415 -0.848932 -0.933321 -0.976910 
32.089729 1190233.250000 72 32 26 0.670480 0.518017 0.684805 0.971473 0.944825 0.832120 0.767326 0.590734 0.409152 0.281836 0.185596 -0.017536 -0.316101 -0.394639 -0.512201 -0.702871 -0.811533 -0.849539 -0.987071 0.983693 0.959195 0.895716 0.760696 0.649304 0.469407 0.313620 0.124070 -0.065032 -0.274411 -0.411812 -0.559860 -0.716812 -0.853930 -0.922452 -0.971000 
41.497391 917023.125000 26 24 58 0.719348 0.632438 0.867489 0.990489 0.971506 0.917899 0.804105 0.680870 0.479332 0.305336 0.195434 0.042130 -0.286192 -0.367462 -0.512185 -0.691615 -0.786346 -0.838478 -0.973579 0.968224 0.953341 0.823515 0.766767 0.578101 0.434327 0.295203 0.196257 -0.056121 -0.327464 -0.402400 -0.528999 -0.714552 -0.795982 -0.826446 -0.989463 
55.919033 9083471.000000 58 62 64 0.753143 0.917097 0.861080 0.985766 0.965190 0.935765 0.849138 0.681601 0.625168 0.361952 0.217817 0.154942 -0.115442 -0.334701 -0.428239 -0.552613 -0.657735 -0.731420 -0.948224 0.989598 0.970149 0.937162 0.889397 0.731926 0.659237 0.412245 0.245625 0.166737 -0.113672 -0.334966 -0.441405 -0.614161 -0.696207 -0.810507 -0.955277 
57.325241 9203693.000000 66 70 76 0.878632 0.905918 0.619717 0.985884 0.970823 0.951282 0.786681 0.633905 0.557172 0.274958 0.186932 0.109098 -0.205678 -0.413261 -0.479197 -0.541908 -0.619802 -0.705961 -0.981077 0.984307 0.967689 0.941024 0.815774 0.652737 0.577289 0.336680 0.221391 0.141054 -0.170992 -0.393604 -0.457199 -0.552942 -0.650582 -0.721532 -0.956526 
47.256626 282230.562500 74 78 74 0.589750 0.905464 0.914150 0.992986 0.983947 0.960794 0.840858 0.676191 0.629635 0.397017 0.211810 0.095324 -0.130818 -0.427887 -0.505215 -0.584558 -0.716866 -0.874511 -0.977659 0.991662 0.977851 0.956746 0.801446 0.639537 0.565100 0.285277 0.174798 0.091810 -0.221400 -0.442704 -0.493604 -0.560446 -0.648857 -0.767407 -0.987633 
47.431549 163967.828125 74 76 80 0.908793 0.884059 0.895836 0.994720 0.985154 0.961050 0.841889 0.679250 0.624414 0.405610 0.245611 0.185072 -0.073213 -0.398197 -0.472223 -0.583440 -0.708274 -0.872786 -0.972133 0.993776 0.984876 0.964092 0.845635 0.679625 0.638684 0.388819 0.227199 0.141631 -0.113156 -0.389312 -0.488840 -0.595497 -0.704258 -0.852051 -0.972927 
44.431328 67400.656250 82 82 82 0.887454 0.878337 0.803852 0.995482 0.990036 0.967587 0.794356 0.656572 0.598982 0.380972 0.209099 0.137430 -0.235667 -0.403251 -0.476367 -0.584033 -0.739040 -0.913025 -0.969300 0.995245 0.988874 0.962906 0.791055 0.667050 0.603324 0.406527 0.216418 0.154818 -0.173422 -0.397228 -0.478252 -0.565552 -0.726853 -0.907368 -0.966995 
39.017784 97754.890625 86 80 64 0.825144 0.826862 0.681136 0.994549 0.987282 0.944364 0.830707 0.649686 0.553854 0.304666 0.179535 -0.134249 -0.354403 -0.417620 -0.597784 -0.675161 -0.822324 -0.972038 -0.989932 0.995218 0.987020 0.959001 0.854307 0.656754 0.598815 0.335465 0.216642 0.026279 -0.343041 -0.417720 -0.523735 -0.629421 -0.764985 -0.956094 -0.987399 
45.993179 54034.484375 60 72 72 0.679386 0.802269 0.935509 0.994987 0.987242 0.966674 0.943689 0.743492 0.606678 0.408844 0.223246 0.006953 -0.249564 -0.339704 -0.498144 -0.618414 -0.813285 -0.925852 -0.981388 0.995604 0.988752 0.966410 0.894153 0.678163 0.574671 0.327016 0.172583 -0.095823 -0.278459 -0.361508 -0.511813 -0.658701 -0.833136 -0.959937 -0.989299 
50.290546 65747.554688 72 72 72 0.959667 0.981921 0.985493 0.993691 0.985075 0.967158 0.945182 0.836224 0.619182 0.435124 0.257264 0.075608 -0.189869 -0.362635 -0.536408 -0.696388 -0.826597 -0.921757 -0.977986 0.994145 0.985977 0.966058 0.947714 0.822523 0.601949 0.440453 0.245237 0.068637 -0.227189 -0.376534 -0.533368 -0.671522 -0.818282 -0.919383 -0.976673 
50.776272 74857.468750 72 72 72 0.989728 0.989080 0.968288 0.992859 0.984144 0.967938 0.942587 0.798948 0.629600 0.460932 0.220049 0.094238 -0.159605 -0.359942 -0.509013 -0.667662 -0.813839 -0.912029 -0.979220 0.993249 0.984582 0.967598 0.941601 0.816960 0.626331 0.438908 0.242188 0.109879 -0.160636 -0.339900 -0.504270 -0.680531 -0.823513 -0.922830 -0.978941 
53.229187 29918714.000000 74 72 70 0.947482 0.677787 0.906549 0.986305 0.974910 0.951649 0.710780 0.452925 0.388365 0.254918 0.134180 -0.051150 -0.314660 -0.455152 -0.515285 -0.598632 -0.738556 -0.869747 -0.982818 0.991395 0.982351 0.964541 0.921595 0.621330 0.430978 0.274800 0.156871 -0.027317 -0.285834 -0.427394 -0.502322 -0.610089 -0.765756 -0.882565 -0.976615 
57.798325 47762172.000000 70 70 70 0.924032 0.985066 0.988925 0.985172 0.969420 0.947255 0.742556 0.430909 0.368867 0.276903 0.146540 -0.007015 -0.201433 -0.367073 -0.486012 -0.577753 -0.686524 -0.741477 -0.929535 0.985786 0.970882 0.948171 0.727484 0.443273 0.395620 0.295728 0.137335 -0.024724 -0.190310 -0.400931 -0.493805 -0.582417 -0.673789 -0.785052 -0.973759 
57.847054 43663052.000000 70 70 70 0.982133 0.965787 0.928870 0.985776 0.971495 0.950600 0.772137 0.392547 0.334446 0.243904 0.152585 -0.022015 -0.212905 -0.362910 -0.486431 -0.601505 -0.688655 -0.760534 -0.953760 0.985586 0.970471 0.949955 0.795343 0.399978 0.337840 0.233819 0.126853 -0.039123 -0.221648 -0.382293 -0.482101 -0.609403 -0.705353 -0.769064 -0.959274 
58.817894 43484556.000000 68 68 66 0.984759 0.957152 0.970882 0.985695 0.976833 0.953378 0.773855 0.364657 0.307415 0.218792 0.156968 -0.065256 -0.235620 -0.425953 -0.482929 -0.612636 -0.677947 -0.840731 -0.985727 0.985611 0.973769 0.951746 0.763017 0.378978 0.310893 0.229809 0.156377 -0.044323 -0.233538 -0.392435 -0.485229 -0.580773 -0.692061 -0.767686 -0.966647 
58.927250 25478198.000000 66 62 62 0.955397 0.973483 0.991435 0.989182 0.979305 0.969676 0.769110 0.360008 0.302679 0.193480 0.148331 -0.041443 -0.259797 -0.430048 -0.483403 -0.594160 -0.658679 -0.926394 -0.981383 0.986963 0.978700 0.962767 0.789546 0.368359 0.318047 0.208914 0.145087 -0.064916 -0.248702 -0.421844 -0.474384 -0.620507 -0.681283 -0.910709 -0.988284 
55.781059 3692197.500000 62 62 64 0.986753 0.974039 0.903414 0.992431 0.981476 0.972819 0.877081 0.357754 0.294313 0.220229 0.147473 -0.015642 -0.246498 -0.420280 -0.480211 -0.610043 -0.672106 -0.912212 -0.984789 0.991504 0.980057 0.971891 0.819178 0.358956 0.298463 0.200539 0.149062 0.006289 -0.238214 -0.406868 -0.465800 -0.591995 -0.660974 -0.929920 -0.980489 
46.994129 19867110.000000 64 56 64 0.870975 0.762157 0.435034 0.986963 0.972593 0.829096 0.435751 0.365122 0.294236 0.153951 -0.085938 -0.216172 -0.409516 -0.511783 -0.630805 -0.729913 -0.854486 -0.938564 -0.980326 0.991950 0.982462 0.964008 0.638495 0.380421 0.304795 0.188291 0.009024 -0.203306 -0.325316 -0.440484 -0.559110 -0.672042 -0.812635 -0.936952 -0.983638 
55.081642 66102160.000000 66 68 68 0.542171 0.557623 0.556706 0.980911 0.956322 0.649206 0.424621 0.332061 0.209746 -0.039007 -0.213162 -0.293353 -0.435292 -0.522028 -0.653811 -0.772969 -0.844439 -0.968905 -0.987277 0.980602 0.957754 0.651450 0.436394 0.353977 0.257964 0.083261 -0.176264 -0.275531 -0.412129 -0.518617 -0.653109 -0.767556 -0.845187 -0.959646 -0.987286 
56.057610 49304864.000000 68 68 88 0.562004 0.615284 0.507832 0.978093 0.956218 0.589446 0.411127 0.322208 0.253354 -0.065942 -0.226791 -0.288784 -0.411069 -0.526663 -0.674345 -0.798413 -0.868079 -0.964113 -0.987015 0.978807 0.956982 0.627673 0.421047 0.322650 0.227288 -0.022778 -0.232719 -0.295149 -0.428142 -0.518225 -0.656088 -0.787871 -0.854593 -0.972594 -0.990429 
56.220032 43378880.000000 26 66 62 0.649226 0.804183 0.528631 0.979980 0.911074 0.525510 0.426008 0.343301 0.246324 -0.066184 -0.192103 -0.341725 -0.419412 -0.550312 -0.692351 -0.769380 -0.846222 -0.953725 -0.986554 0.979156 0.940958 0.592601 0.411189 0.333630 0.243122 -0.090293 -0.220580 -0.322419 -0.414584 -0.539674 -0.691968 -0.785343 -0.862534 -0.963648 -0.989752 
52.595615 20184124.000000 148 148 148 0.578353 0.405389 0.385142 0.972360 0.875566 0.585315 0.487810 0.347757 0.202053 -0.012837 -0.171022 -0.332308 -0.402862 -0.521809 -0.634047 -0.770898 -0.883839 -0.954324 -0.987315 0.974575 0.874682 0.557028 0.446666 0.357047 0.205630 -0.032812 -0.189092 -0.348170 -0.439478 -0.528737 -0.657897 -0.768881 -0.876275 -0.956542 -0.988123 
47.233776 17077174.000000 54 118 54 0.323462 0.432746 0.713321 0.987909 0.974057 0.950439 0.613492 0.494598 0.415880 0.187511 0.052870 -0.200725 -0.350807 -0.441537 -0.601492 -0.768711 -0.846853 -0.933987 -0.968848 0.982280 0.913746 0.613246 0.504039 0.405012 0.242251 0.021935 -0.078397 -0.329046 -0.396882 -0.494004 -0.634159 -0.792966 -0.869158 -0.953026 -0.983641 
56.361893 33042344.000000 56 66 68 0.810729 0.944317 0.959056 0.983527 0.973656 0.941288 0.730041 0.577817 0.523222 0.314139 0.157889 -0.053076 -0.266811 -0.406479 -0.525826 -0.681254 -0.791921 -0.904058 -0.968431 0.984256 0.974358 0.944403 0.711925 0.534393 0.475601 0.264339 0.140411 -0.083005 -0.291996 -0.403529 -0.587690 -0.702575 -0.809575 -0.905439 -0.962701 
55.788876 16675298.000000 68 70 72 0.937821 0.983804 0.974460 0.985026 0.967839 0.953239 0.777736 0.578150 0.542110 0.318537 0.136866 -0.046669 -0.272531 -0.456557 -0.523269 -0.653463 -0.780929 -0.911179 -0.955926 0.983886 0.970263 0.948414 0.761442 0.578843 0.533835 0.351679 0.169720 -0.038658 -0.254393 -0.436565 -0.515376 -0.626585 -0.788553 -0.918295 -0.963653 
48.796127 7016755.500000 72 76 74 0.970662 0.818725 0.602270 0.989497 0.972650 0.945631 0.698316 0.561874 0.450429 0.123991 -0.034355 -0.253384 -0.431042 -0.539193 -0.623283 -0.810023 -0.862587 -0.935186 -0.981557 0.988215 0.969557 0.955257 0.776101 0.580222 0.539862 0.295454 0.098457 -0.094884 -0.357926 -0.488859 -0.562641 -0.727275 -0.828955 -0.927596 -0.972254 
46.707577 8816937.000000 74 78 72 0.421048 0.545383 0.643965 0.988905 0.971614 0.857245 0.587443 0.542380 0.337352 0.022502 -0.188697 -0.350571 -0.476172 -0.585551 -0.725978 -0.818901 -0.921799 -0.965580 -0.981247 0.986981 0.970102 0.896865 0.610702 0.537174 0.316041 0.020697 -0.161230 -0.337999 -0.466759 -0.572744 -0.698775 -0.805532 -0.878584 -0.954265 -0.976000 
48.669243 4160644.750000 72 70 70 0.729140 0.639115 0.444115 0.981185 0.961059 0.827582 0.595643 0.548169 0.319695 -0.005266 -0.191232 -0.392367 -0.478933 -0.604453 -0.741842 -0.850245 -0.941078 -0.977265 -0.989349 0.986581 0.967871 0.834791 0.592017 0.544416 0.344788 0.038996 -0.196274 -0.370902 -0.473244 -0.598805 -0.753573 -0.843400 -0.940079 -0.971670 -0.991801 
48.914986 2963355.250000 68 64 62 0.384156 0.660090 0.547617 0.988743 0.958797 0.801212 0.598673 0.546559 0.294005 -0.123666 -0.226144 -0.385794 -0.492930 -0.646829 -0.728303 -0.802070 -0.942321 -0.983181 -0.997387 0.982786 0.958167 0.792487 0.588394 0.552482 0.291843 -0.085869 -0.235652 -0.402193 -0.507975 -0.639410 -0.733404 -0.824194 -0.932186 -0.977350 -0.989117 
51.374916 1916501.125000 64 148 150 0.562182 0.702895 0.795303 0.979096 0.932005 0.810120 0.646800 0.502775 0.272381 -0.129871 -0.232291 -0.391471 -0.506388 -0.623393 -0.725820 -0.811271 -0.943160 -0.983782 -0.998595 0.986174 0.940163 0.813612 0.647729 0.527248 0.327637 -0.101808 -0.218582 -0.380779 -0.489189 -0.602872 -0.732842 -0.820327 -0.948932 -0.983065 -0.998986 
36.605106 170301.937500 148 148 148 0.679507 0.575680 0.554673 0.977078 0.937989 0.826459 0.683274 0.521935 0.341966 0.023820 -0.176368 -0.296822 -0.445631 -0.559990 -0.700465 -0.819547 -0.932211 -0.971405 -0.993174 0.975542 0.932282 0.802935 0.646549 0.510990 0.275903 -0.088291 -0.232356 -0.345197 -0.511054 -0.605921 -0.709073 -0.815997 -0.931753 -0.974834 -0.993806 
46.619400 609942.875000 62 52 66 0.244791 0.617765 0.899495 0.993394 0.984314 0.965421 0.924720 0.649239 0.581505 0.299462 0.063976 -0.208303 -0.404020 -0.472175 -0.582055 -0.753614 -0.907251 -0.962099 -0.994286 0.993344 0.986430 0.962819 0.831980 0.581916 0.457347 0.193644 -0.050273 -0.294495 -0.422362 -0.542821 -0.686077 -0.815408 -0.923613 -0.968173 -0.993078 
52.044342 10539945.000000 68 72 76 0.922700 0.954553 0.955191 0.988064 0.973177 0.951563 0.735486 0.592897 0.551140 0.267963 0.135526 -0.081259 -0.311175 -0.414451 -0.518719 -0.580975 -0.720433 -0.931472 -0.978928 0.991034 0.978990 0.957624 0.863322 0.612656 0.581476 0.321665 0.131449 -0.178902 -0.355540 -0.447522 -0.517424 -0.603358 -0.843370 -0.945961 -0.988464 
54.315647 19367246.000000 76 78 80 0.944818 0.946694 0.882747 0.984084 0.971563 0.948673 0.706971 0.556853 0.519240 0.294152 0.168518 -0.101330 -0.274352 -0.359882 -0.538250 -0.656782 -0.723765 -0.805591 -0.985288 0.984631 0.971282 0.950079 0.708752 0.569899 0.523267 0.248849 0.147667 -0.121478 -0.284612 -0.407136 -0.533777 -0.632624 -0.696660 -0.865904 -0.985565 
53.459660 9438262.000000 82 82 82 0.928443 0.967709 0.921692 0.984231 0.971934 0.942328 0.770911 0.573849 0.533829 0.306009 0.180674 0.070849 -0.220835 -0.319283 -0.483097 -0.670082 -0.756650 -0.823502 -0.983962 0.984548 0.972842 0.948462 0.762602 0.569631 0.530875 0.328851 0.181435 -0.007800 -0.256158 -0.333302 -0.559779 -0.693129 -0.741207 -0.820098 -0.985575 
51.153370 6834624.500000 82 92 78 0.921555 0.636490 0.950007 0.985378 0.968692 0.937497 0.808425 0.582267 0.550280 0.312058 0.219974 0.047446 -0.266624 -0.328875 -0.478883 -0.652250 -0.749097 -0.785316 -0.973188 0.987233 0.971019 0.934292 0.800200 0.570561 0.537471 0.280054 0.174140 0.051870 -0.224604 -0.311462 -0.517840 -0.642975 -0.760205 -0.796329 -0.977047 
54.007561 9502191.000000 78 76 74 0.964567 0.956199 0.843745 0.980292 0.965404 0.944322 0.793515 0.591246 0.547420 0.291503 0.199107 0.067788 -0.228978 -0.349226 -0.422745 -0.607385 -0.738228 -0.776593 -0.871064 0.981830 0.966066 0.941116 0.768715 0.586909 0.545866 0.311901 0.197900 0.076203 -0.245865 -0.330238 -0.455668 -0.633146 -0.747426 -0.776674 -0.919218 
52.045845 7323121.000000 72 68 66 0.862294 0.898257 0.938786 0.983376 0.966503 0.935377 0.742358 0.618633 0.553730 0.335777 0.206008 0.078743 -0.224735 -0.402106 -0.473877 -0.646773 -0.749482 -0.788744 -0.866051 0.981830 0.964961 0.941015 0.781056 0.602717 0.557734 0.315459 0.203792 0.053576 -0.242371 -0.370535 -0.442261 -0.608280 -0.738949 -0.781832 -0.856194 
50.086422 2169852.250000 66 62 124 0.930816 0.901769 0.700468 0.984971 0.973215 0.949122 0.789884 0.622977 0.570164 0.305007 0.183527 0.088358 -0.109485 -0.410696 -0.492423 -0.582813 -0.740332 -0.790036 -0.937878 0.984028 0.969249 0.941238 0.771714 0.620921 0.561206 0.310740 0.183301 0.070342 -0.182588 -0.416677 -0.471898 -0.606860 -0.742926 -0.793696 -0.888172 
44.495461 1399077.125000 60 56 62 0.754931 0.690165 0.678598 0.990121 0.979006 0.957835 0.776594 0.615294 0.557027 0.246845 0.136530 -0.128536 -0.459956 -0.554304 -0.662928 -0.739034 -0.839456 -0.928928 -0.988731 0.987846 0.977016 0.954125 0.791776 0.624926 0.574268 0.361932 0.174564 0.095932 -0.165962 -0.470634 -0.541818 -0.661356 -0.746920 -0.848091 -0.972348 
44.374725 2734248.750000 112 144 106 0.612566 0.543497 0.370959 0.982814 0.965210 0.898256 0.648764 0.598806 0.346553 -0.093257 -0.248758 -0.321217 -0.449234 -0.604713 -0.760657 -0.843671 -0.915384 -0.976960 -0.994747 0.988524 0.974522 0.943966 0.685873 0.600370 0.440869 0.113554 -0.131435 -0.368705 -0.492234 -0.640811 -0.718106 -0.813707 -0.887550 -0.978298 -0.996234 
49.093647 2902412.750000 106 74 66 0.528864 0.565888 0.384841 0.981442 0.968555 0.824888 0.640991 0.580804 0.301553 -0.150755 -0.303994 -0.378159 -0.483109 -0.610561 -0.771120 -0.847666 -0.918294 -0.983094 -0.990190 0.982882 0.969870 0.849249 0.644299 0.603746 0.298692 -0.154625 -0.279238 -0.350343 -0.446389 -0.581968 -0.795950 -0.838969 -0.917188 -0.984481 -0.993359 
45.801285 1366321.750000 148 148 148 0.476537 0.426247 0.565374 0.976967 0.954150 0.815549 0.629685 0.532751 0.195477 -0.240375 -0.312543 -0.423756 -0.482053 -0.604334 -0.728271 -0.864783 -0.918290 -0.971068 -0.986819 0.979438 0.959329 0.815107 0.635594 0.554714 0.285460 -0.214578 -0.299657 -0.381281 -0.484041 -0.594477 -0.731498 -0.871278 -0.927009 -0.979214 -0.989892 
43.837555 788422.875000 148 54 58 0.756041 0.435751 0.590850 0.983385 0.950015 0.806210 0.622548 0.522350 0.031636 -0.172898 -0.271166 -0.358825 -0.447158 -0.559453 -0.694179 -0.876148 -0.924075 -0.963471 -0.995677 0.979334 0.953233 0.815139 0.613051 0.524098 0.081943 -0.211441 -0.296238 -0.410570 -0.476803 -0.570641 -0.722256 -0.885044 -0.923465 -0.969281 -0.993206 
42.140938 882276.750000 108 78 30 0.668364 0.520271 0.342100 0.979089 0.953774 0.798764 0.618949 0.487294 0.018014 -0.127944 -0.229050 -0.304598 -0.389523 -0.581102 -0.762150 -0.832757 -0.937933 -0.979260 -0.990691 0.981494 0.949174 0.800671 0.627562 0.508376 0.021845 -0.181759 -0.253102 -0.334689 -0.429552 -0.582074 -0.738671 -0.830616 -0.915428 -0.979823 -0.994310 
41.149246 427416.250000 148 114 44 0.574145 0.551461 0.319514 0.979357 0.941008 0.789627 0.638895 0.360223 0.125619 0.025947 -0.046087 -0.313377 -0.495791 -0.610905 -0.794173 -0.843810 -0.918454 -0.975770 -0.992558 0.979984 0.942076 0.790141 0.618349 0.439367 0.061578 -0.009153 -0.145865 -0.275746 -0.408840 -0.594509 -0.772667 -0.854879 -0.954651 -0.981933 -0.991567 
29.006344 53792.320312 128 34 56 0.357558 0.474962 0.538389 0.983891 0.957255 0.852037 0.721087 0.558823 0.355616 0.133497 -0.072064 -0.268401 -0.454779 -0.599025 -0.763559 -0.843327 -0.913751 -0.957989 -0.990856 0.983368 0.955817 0.819426 0.658912 0.427384 0.163033 0.054310 -0.053652 -0.344117 -0.495445 -0.625812 -0.792924 -0.834495 -0.896960 -0.963617 -0.990474 
19.714750 24074.457031 58 80 146 0.484228 0.606709 0.621830 0.986544 0.958591 0.860942 0.702126 0.566461 0.398423 0.199497 0.048589 -0.207230 -0.378831 -0.531555 -0.798498 -0.852922 -0.918701 -0.965130 -0.989141 0.987395 0.962756 0.872263 0.701075 0.568028 0.414444 0.174251 -0.030525 -0.217258 -0.377315 -0.559404 -0.789097 -0.850677 -0.921167 -0.961835 -0.993038 
16.586197 15875.776367 148 224 130 0.654560 0.367817 0.616957 0.988214 0.954780 0.880343 0.745950 0.558188 0.394864 0.254918 0.030193 -0.207454 -0.378362 -0.502693 -0.711731 -0.845670 -0.918271 -0.956668 -0.990175 0.986848 0.956371 0.861084 0.731871 0.568917 0.398045 0.244874 0.049691 -0.207759 -0.402964 -0.512671 -0.754554 -0.861018 -0.909815 -0.965363 -0.989306 
16.140446 26082.507812 130 88 112 0.543539 0.424464 0.492026 0.976503 0.953969 0.867176 0.625719 0.556533 0.453957 0.296113 0.098568 -0.118857 -0.255345 -0.443310 -0.626886 -0.752599 -0.866646 -0.946055 -0.989510 0.989658 0.952010 0.866573 0.654887 0.556926 0.431971 0.286715 0.101467 -0.157223 -0.298601 -0.493931 -0.652885 -0.785190 -0.913819 -0.957802 -0.993296 
15.366931 13142.508789 66 74 60 0.412250 0.646554 0.482262 0.976999 0.954173 0.873269 0.709657 0.626257 0.491452 0.310559 0.121132 -0.156951 -0.271367 -0.428404 -0.513475 -0.730039 -0.858195 -0.941227 -0.981532 0.976404 0.959300 0.866292 0.679538 0.594642 0.483776 0.308020 0.084432 -0.113260 -0.295272 -0.436338 -0.550998 -0.745724 -0.856772 -0.933634 -0.986678 
18.632820 16074.015625 62 74 50 0.455559 0.378936 0.290836 0.981812 0.941298 0.786783 0.641652 0.623521 0.543614 0.355506 0.141391 -0.083659 -0.244568 -0.385136 -0.531026 -0.699265 -0.861102 -0.922690 -0.978516 0.979818 0.947043 0.858748 0.660260 0.624077 0.509247 0.339108 0.148185 -0.144860 -0.243392 -0.413259 -0.527789 -0.728414 -0.845207 -0.932830 -0.988042 
17.015589 1927.084717 50 98 80 0.438876 0.540927 0.665995 0.986051 0.955355 0.832220 0.655444 0.614718 0.522529 0.341600 0.133224 -0.058063 -0.281372 -0.386202 -0.583868 -0.724208 -0.831372 -0.925759 -0.977789 0.982787 0.945016 0.767234 0.640860 0.624715 0.538289 0.344817 0.168738 -0.045987 -0.229982 -0.390774 -0.554146 -0.724161 -0.863589 -0.920791 -0.980356 
