35.318760 1440486.875000 20 54 74 0.000000 0.375223 0.523053 0.954379 0.903080 0.729086 0.656024 0.521950 0.378351 0.192962 0.018057 -0.124200 -0.203503 -0.324256 -0.449156 -0.665289 -0.812824 -0.903361 -0.990868 0.960736 0.893531 0.731157 0.639925 0.500396 0.394061 0.181808 0.046935 -0.128034 -0.211857 -0.350352 -0.436027 -0.646741 -0.811190 -0.899544 -0.980820 
35.553459 1681554.250000 40 24 24 0.428647 0.641092 0.748550 0.961082 0.932427 0.721738 0.662114 0.528943 0.361569 0.158509 0.029400 -0.165177 -0.254711 -0.380974 -0.472632 -0.708478 -0.835433 -0.908716 -0.983834 0.955517 0.924507 0.714539 0.656605 0.503925 0.360038 0.168414 0.000483 -0.148653 -0.227362 -0.365838 -0.488786 -0.690070 -0.823561 -0.918777 -0.988078 
36.701550 2143703.250000 62 58 40 0.490779 0.503259 0.525775 0.960485 0.921829 0.714305 0.643059 0.521209 0.396080 0.185696 0.051427 -0.137747 -0.227960 -0.363653 -0.502621 -0.696038 -0.818396 -0.902748 -0.982751 0.964942 0.939677 0.710483 0.649051 0.520848 0.369736 0.169599 0.042050 -0.161976 -0.254457 -0.358982 -0.480564 -0.696809 -0.833062 -0.887887 -0.982263 
38.379700 3038698.250000 58 138 74 0.511801 0.431020 0.567682 0.954322 0.897078 0.733390 0.636186 0.515706 0.367887 0.171605 0.031447 -0.111993 -0.242296 -0.348539 -0.491841 -0.698488 -0.798332 -0.934043 -0.987603 0.956773 0.894159 0.718158 0.645449 0.510736 0.352820 0.180355 0.027823 -0.149331 -0.245656 -0.357112 -0.511312 -0.698863 -0.804069 -0.923329 -0.984610 
38.139477 2291297.250000 74 70 72 0.540279 0.332044 0.635648 0.947478 0.899835 0.736434 0.613040 0.511812 0.365346 0.182060 0.003810 -0.120611 -0.208327 -0.346190 -0.498025 -0.678541 -0.819050 -0.934940 -0.984958 0.946724 0.898992 0.723437 0.624008 0.533087 0.380349 0.194806 0.034181 -0.082404 -0.235959 -0.366037 -0.463420 -0.677453 -0.811243 -0.933425 -0.985860 
36.834583 1756536.375000 70 44 68 0.604786 0.580031 0.479101 0.956894 0.931418 0.727935 0.639792 0.516999 0.389532 0.154368 0.003387 -0.126770 -0.218482 -0.341170 -0.546999 -0.698375 -0.814006 -0.914155 -0.976423 0.957851 0.916180 0.728537 0.628367 0.483616 0.364069 0.168073 -0.002742 -0.125009 -0.219455 -0.345486 -0.540032 -0.705616 -0.823662 -0.917061 -0.981224 
36.325573 1263818.000000 132 120 122 0.513589 0.516733 0.443313 0.944520 0.912939 0.743906 0.631544 0.574458 0.440850 0.185201 0.034445 -0.116355 -0.186601 -0.334035 -0.471072 -0.713673 -0.773608 -0.888221 -0.986506 0.952207 0.927454 0.756308 0.632605 0.544004 0.419401 0.174098 0.037267 -0.098142 -0.178424 -0.353703 -0.491981 -0.693840 -0.791416 -0.906349 -0.984840 
34.871677 504184.906250 80 74 64 0.432501 0.577774 0.378448 0.956075 0.900345 0.714192 0.683972 0.619508 0.531247 0.219280 0.076629 -0.079087 -0.173084 -0.341107 -0.468804 -0.705743 -0.751807 -0.878187 -0.978732 0.949831 0.913823 0.720487 0.648609 0.592582 0.465944 0.167633 0.038775 -0.100449 -0.186731 -0.319124 -0.470662 -0.719099 -0.763892 -0.877827 -0.975725 
33.764908 200313.578125 102 38 42 0.443778 0.437817 0.534353 0.947780 0.907685 0.810375 0.708404 0.671227 0.541008 0.271595 0.103269 -0.022045 -0.164974 -0.307832 -0.517500 -0.685673 -0.750939 -0.825792 -0.972648 0.949892 0.885286 0.740730 0.692032 0.658988 0.546663 0.273034 0.097624 -0.052233 -0.163189 -0.298616 -0.487031 -0.686844 -0.749250 -0.833173 -0.977079 
19.872408 19078.716797 148 74 220 0.615439 0.516643 0.384135 0.966582 0.910254 0.828239 0.708826 0.612604 0.466950 0.333054 0.101328 -0.049392 -0.164446 -0.300021 -0.472995 -0.701346 -0.797862 -0.907826 -0.972947 0.953814 0.903060 0.834955 0.725243 0.636802 0.471877 0.295414 0.107070 -0.030013 -0.153687 -0.303753 -0.494663 -0.686548 -0.753717 -0.883979 -0.972636 
13.839722 7149.234863 130 148 148 0.375825 0.357712 0.521090 0.978288 0.926660 0.830979 0.692842 0.617891 0.478069 0.378796 0.144150 -0.053205 -0.172712 -0.333081 -0.522873 -0.713711 -0.835826 -0.930594 -0.971405 0.978939 0.914831 0.824148 0.691256 0.619732 0.477979 0.369807 0.118840 -0.024648 -0.172902 -0.296622 -0.475054 -0.676126 -0.816108 -0.915553 -0.969573 
10.746536 4024.627686 94 104 132 0.457004 0.373674 0.410525 0.984637 0.953274 0.834204 0.718904 0.651575 0.503788 0.354809 0.148824 -0.055725 -0.204946 -0.401739 -0.569372 -0.721528 -0.827421 -0.922368 -0.979638 0.982502 0.951032 0.830649 0.716044 0.638570 0.485940 0.377108 0.137561 -0.086476 -0.163950 -0.380921 -0.574371 -0.722291 -0.844881 -0.935643 -0.978690 
7.426979 2392.216553 84 148 80 0.369851 0.603977 0.589938 0.989562 0.958799 0.838002 0.748841 0.660607 0.485600 0.356163 0.133296 -0.082360 -0.266716 -0.408109 -0.619275 -0.714985 -0.835284 -0.904902 -0.973771 0.985192 0.942978 0.830149 0.724952 0.643147 0.487200 0.338386 0.141350 -0.070554 -0.247616 -0.392752 -0.570052 -0.735239 -0.844589 -0.907736 -0.971704 
50.555882 1101413.375000 54 54 60 0.333139 0.884742 0.941951 0.988272 0.977546 0.966274 0.843014 0.714983 0.678912 0.340003 0.141916 0.053892 -0.365889 -0.455523 -0.537833 -0.636472 -0.774745 -0.797384 -0.920621 0.992547 0.984645 0.968607 0.929511 0.780973 0.723737 0.376535 0.211696 0.036550 -0.191247 -0.412460 -0.552424 -0.696021 -0.793285 -0.908548 -0.977358 
59.631557 14573853.000000 60 60 60 0.931729 0.970066 0.980844 0.982272 0.977105 0.955209 0.754828 0.671998 0.640786 0.290744 0.192972 0.050801 -0.388291 -0.481257 -0.560695 -0.670505 -0.794222 -0.831537 -0.941570 0.983008 0.977084 0.958387 0.783042 0.682949 0.652898 0.282510 0.168453 0.009630 -0.380445 -0.461517 -0.573360 -0.683220 -0.791807 -0.818729 -0.938573 
56.247841 2173940.500000 60 62 68 0.979466 0.853250 0.752240 0.987279 0.977240 0.956150 0.780118 0.662524 0.628846 0.322305 0.185028 0.088826 -0.325929 -0.478830 -0.524187 -0.680793 -0.814340 -0.859360 -0.979078 0.982891 0.976912 0.956648 0.763434 0.670167 0.646899 0.368769 0.199550 0.128517 -0.353378 -0.474448 -0.545402 -0.672673 -0.802046 -0.837449 -0.951074 
41.846840 1852437.500000 68 70 70 0.774850 0.749503 0.783081 0.990625 0.979267 0.909613 0.726173 0.644188 0.475054 0.239945 0.098290 -0.067797 -0.317923 -0.523074 -0.622891 -0.754187 -0.864212 -0.937011 -0.989126 0.991940 0.975647 0.940549 0.760686 0.662897 0.594599 0.262985 0.161180 0.039250 -0.250868 -0.478037 -0.564901 -0.720585 -0.821310 -0.900202 -0.985504 
38.865978 4501935.000000 72 148 60 0.717254 0.721887 0.737071 0.983543 0.971075 0.800911 0.679485 0.619822 0.324577 0.131433 -0.012327 -0.171317 -0.432679 -0.556760 -0.656906 -0.804837 -0.871620 -0.940969 -0.984722 0.990445 0.978009 0.853261 0.700314 0.631463 0.441103 0.179750 0.019014 -0.128050 -0.396968 -0.567732 -0.648191 -0.779105 -0.873618 -0.935691 -0.987810 
39.606712 6011523.000000 60 56 62 0.788888 0.707240 0.636216 0.979071 0.964877 0.804662 0.671086 0.564445 0.318385 0.141388 -0.014813 -0.183370 -0.395150 -0.558881 -0.646421 -0.804922 -0.879365 -0.948358 -0.988063 0.978374 0.963611 0.774907 0.665932 0.561701 0.322728 0.139778 0.001667 -0.175435 -0.400581 -0.548812 -0.661295 -0.793648 -0.873483 -0.947142 -0.983366 
43.350273 10479106.000000 62 60 62 0.614044 0.593303 0.854300 0.984902 0.963190 0.767783 0.662198 0.554132 0.301481 0.129775 -0.025457 -0.207978 -0.484851 -0.585763 -0.688437 -0.842937 -0.901659 -0.964155 -0.983448 0.981481 0.964838 0.806702 0.680791 0.586214 0.305461 0.141577 -0.038141 -0.164604 -0.416728 -0.569577 -0.658799 -0.820289 -0.888200 -0.958894 -0.985566 
45.711475 9099426.000000 62 60 58 0.822741 0.708643 0.590397 0.980373 0.955031 0.729025 0.633535 0.525716 0.237218 0.091753 -0.048514 -0.229760 -0.504715 -0.597003 -0.687392 -0.834013 -0.898349 -0.968943 -0.984364 0.985027 0.965419 0.746728 0.636245 0.545324 0.291398 0.100206 -0.034659 -0.281922 -0.515752 -0.589243 -0.688860 -0.830022 -0.903586 -0.964048 -0.983392 
45.436344 6706662.500000 58 58 148 0.779588 0.492224 0.633584 0.977291 0.906909 0.684377 0.630341 0.466674 0.231558 0.051396 -0.064365 -0.269064 -0.531947 -0.616918 -0.719881 -0.831557 -0.901512 -0.961609 -0.988141 0.977851 0.940154 0.679431 0.619651 0.490023 0.229949 0.067181 -0.057617 -0.212128 -0.533813 -0.606475 -0.720916 -0.846780 -0.900031 -0.963025 -0.985798 
44.889645 4471645.500000 148 168 130 0.527780 0.409479 0.398655 0.981712 0.879016 0.706821 0.643646 0.413303 0.225195 0.092580 -0.043183 -0.239719 -0.490758 -0.617268 -0.746133 -0.842752 -0.899067 -0.972588 -0.987976 0.979346 0.873009 0.692180 0.639103 0.440465 0.217267 0.084172 -0.057193 -0.251120 -0.494908 -0.609697 -0.733371 -0.831622 -0.897195 -0.968054 -0.990178 
43.535076 3914708.750000 34 62 52 0.591068 0.492163 0.257690 0.965424 0.849811 0.710373 0.634918 0.495184 0.226318 0.081637 -0.063350 -0.214074 -0.499210 -0.605237 -0.749703 -0.836409 -0.910025 -0.968439 -0.983894 0.980600 0.885141 0.701317 0.639347 0.463860 0.217551 0.074421 -0.049742 -0.226506 -0.513278 -0.625447 -0.753548 -0.832581 -0.901820 -0.973321 -0.990633 
43.350624 11041038.000000 52 26 36 0.457914 0.267718 0.686012 0.981069 0.950440 0.853890 0.686217 0.610979 0.383913 0.127492 -0.037390 -0.143840 -0.413062 -0.550863 -0.610279 -0.791882 -0.888102 -0.962404 -0.980901 0.952276 0.841292 0.740132 0.629686 0.528600 0.290402 0.092786 -0.053929 -0.159202 -0.495831 -0.577107 -0.692756 -0.821746 -0.914878 -0.964157 -0.981870 
61.496902 193934400.000000 44 44 48 0.506815 0.830932 0.900773 0.977394 0.951579 0.911975 0.814462 0.700438 0.668692 0.209018 0.038980 -0.032133 -0.239376 -0.411135 -0.526018 -0.684989 -0.772266 -0.897199 -0.971317 0.982163 0.957751 0.917801 0.841822 0.692981 0.656971 0.250710 0.038105 -0.062187 -0.249178 -0.465277 -0.542154 -0.694904 -0.842597 -0.947699 -0.976636 
64.652397 281385600.000000 50 54 56 0.908472 0.941675 0.990517 0.966078 0.942296 0.893856 0.796835 0.749786 0.614492 0.181827 0.052991 -0.056823 -0.200588 -0.269415 -0.463526 -0.660630 -0.763406 -0.820493 -0.927768 0.970559 0.943473 0.899725 0.781602 0.726704 0.634469 0.186265 0.063160 -0.044629 -0.212159 -0.332012 -0.496897 -0.656964 -0.747313 -0.822836 -0.942244 
63.060894 50606936.000000 56 56 66 0.981349 0.973054 0.693304 0.974304 0.954160 0.904519 0.837983 0.785359 0.684432 0.176130 0.042117 -0.028160 -0.144414 -0.242807 -0.428615 -0.680160 -0.751769 -0.863392 -0.965848 0.968906 0.945938 0.898208 0.822366 0.772841 0.649162 0.179874 0.027595 -0.052411 -0.160564 -0.243830 -0.423717 -0.687710 -0.750933 -0.826911 -0.963062 
53.617043 8226649.500000 58 58 60 0.723777 0.755919 0.930995 0.987382 0.975639 0.910355 0.839005 0.759309 0.598016 0.256210 0.096536 -0.096475 -0.140427 -0.246051 -0.470361 -0.652210 -0.703723 -0.903561 -0.974259 0.986163 0.971922 0.886526 0.832696 0.763268 0.627461 0.240898 0.097961 -0.057562 -0.124451 -0.280466 -0.491603 -0.689330 -0.754123 -0.918043 -0.975005 
54.747219 9991795.000000 58 60 60 0.953904 0.968360 0.976059 0.988120 0.975776 0.908464 0.819757 0.751051 0.589255 0.319482 0.042580 -0.069567 -0.155886 -0.223295 -0.463795 -0.631194 -0.699582 -0.849607 -0.965959 0.987847 0.976131 0.907566 0.828550 0.764561 0.597602 0.270852 0.062258 -0.068336 -0.160416 -0.244438 -0.437243 -0.645783 -0.697876 -0.881277 -0.971882 
55.322701 14718571.000000 60 60 60 0.978823 0.944119 0.736932 0.986805 0.974784 0.927349 0.768175 0.714394 0.599425 0.264100 0.147720 -0.055248 -0.161082 -0.222220 -0.531942 -0.654571 -0.756152 -0.807581 -0.957569 0.988532 0.978068 0.924941 0.808999 0.745208 0.588196 0.325767 0.056134 -0.065274 -0.165479 -0.218347 -0.463920 -0.614743 -0.697595 -0.807359 -0.957955 
60.648277 88328712.000000 60 62 62 0.766537 0.938244 0.973356 0.979903 0.971792 0.887592 0.697671 0.637990 0.587983 0.280311 0.148220 0.042704 -0.166117 -0.235299 -0.475280 -0.678768 -0.738676 -0.782396 -0.836702 0.981085 0.972150 0.902404 0.715651 0.677500 0.580054 0.270773 0.135593 0.004609 -0.156824 -0.245025 -0.499736 -0.657420 -0.747377 -0.786360 -0.877419 
61.144836 54846696.000000 62 62 64 0.976067 0.935181 0.986717 0.980716 0.973628 0.896912 0.702535 0.640279 0.609204 0.294230 0.162631 0.026246 -0.185071 -0.242616 -0.449289 -0.676946 -0.728532 -0.770981 -0.828554 0.980136 0.971374 0.898852 0.697170 0.627814 0.598251 0.276648 0.159702 0.052809 -0.183278 -0.243827 -0.440103 -0.673770 -0.729861 -0.770368 -0.818733 
56.699310 4244434.500000 64 64 64 0.986034 0.867405 0.933374 0.986138 0.977634 0.927629 0.762352 0.669628 0.626772 0.459634 0.194184 0.049920 -0.168263 -0.206227 -0.483193 -0.661390 -0.743775 -0.782183 -0.913929 0.982032 0.974909 0.909541 0.720859 0.647339 0.620402 0.401547 0.175089 0.042913 -0.192506 -0.222848 -0.541976 -0.663583 -0.741344 -0.785362 -0.873723 
51.924683 1620024.250000 64 64 66 0.903413 0.922783 0.899932 0.989378 0.980149 0.939717 0.832601 0.678170 0.613203 0.415297 0.185093 0.057916 -0.185238 -0.243333 -0.381685 -0.641361 -0.746132 -0.794002 -0.952112 0.988841 0.978735 0.949070 0.800989 0.698821 0.615512 0.418615 0.192629 0.015443 -0.178266 -0.219066 -0.428477 -0.650865 -0.729207 -0.790248 -0.955277 
49.710999 889789.187500 66 68 68 0.904827 0.850840 0.828220 0.993077 0.981053 0.920013 0.840006 0.702569 0.615828 0.427728 0.209973 0.140761 -0.129458 -0.227733 -0.441932 -0.670648 -0.737666 -0.801085 -0.958106 0.992171 0.981776 0.934760 0.827428 0.694453 0.617465 0.399888 0.189330 0.113594 -0.179087 -0.239821 -0.394787 -0.673588 -0.744605 -0.791025 -0.948732 
42.520264 220828.671875 68 72 64 0.802988 0.784880 0.389301 0.993416 0.974304 0.894531 0.806194 0.696531 0.607918 0.384717 0.235156 0.069210 -0.176115 -0.225742 -0.412252 -0.693868 -0.740902 -0.849670 -0.973102 0.993920 0.983334 0.911267 0.821453 0.685235 0.609588 0.375726 0.220002 0.091820 -0.141667 -0.225335 -0.412365 -0.685219 -0.737867 -0.835178 -0.969563 
32.818501 103744.164062 64 72 64 0.454755 0.294777 0.480304 0.989551 0.962408 0.871024 0.813164 0.663942 0.620026 0.410862 0.222241 0.134110 -0.149351 -0.219997 -0.323534 -0.687645 -0.764200 -0.887493 -0.965185 0.984172 0.955103 0.890519 0.809434 0.693439 0.610935 0.371856 0.202253 0.103596 -0.166131 -0.228434 -0.371910 -0.698724 -0.749938 -0.866932 -0.978566 
30.512030 46987.007812 62 58 62 0.547141 0.627926 0.649099 0.989545 0.958438 0.887246 0.793190 0.702954 0.638209 0.455893 0.222510 0.119168 -0.184285 -0.244466 -0.443773 -0.669999 -0.795038 -0.894812 -0.967308 0.989232 0.961408 0.887879 0.813870 0.657782 0.627971 0.461801 0.217494 0.149104 -0.182225 -0.234890 -0.374573 -0.699225 -0.791005 -0.896241 -0.969654 
40.656128 9770735.000000 64 36 28 0.654072 0.415417 0.341526 0.969302 0.946127 0.826152 0.728885 0.647983 0.541326 0.203142 0.065003 -0.069319 -0.187795 -0.462996 -0.583376 -0.679780 -0.792974 -0.897017 -0.981227 0.985583 0.946624 0.883825 0.767325 0.673682 0.586465 0.298369 0.127185 -0.062113 -0.193092 -0.389277 -0.551463 -0.635198 -0.804704 -0.889925 -0.980902 
39.592880 1326981.125000 26 48 66 0.395017 0.474758 0.475289 0.960834 0.933361 0.864073 0.757998 0.660730 0.564069 0.232521 0.064427 -0.059884 -0.184813 -0.432237 -0.574038 -0.695956 -0.872623 -0.929307 -0.987986 0.972619 0.957701 0.864225 0.775933 0.659893 0.592517 0.257223 0.069241 -0.045266 -0.183777 -0.430276 -0.597421 -0.696682 -0.805582 -0.909921 -0.985010 
37.477180 637696.937500 20 66 20 0.332545 0.485488 0.580367 0.957184 0.938710 0.901392 0.813109 0.704303 0.613374 0.308495 0.097493 -0.037880 -0.205991 -0.481280 -0.577763 -0.662385 -0.855199 -0.927565 -0.983533 0.957203 0.934860 0.875518 0.780378 0.667299 0.564015 0.221120 0.088135 -0.037276 -0.170098 -0.442471 -0.576965 -0.672901 -0.869096 -0.923669 -0.981989 
39.559063 264969.812500 34 38 74 0.605714 0.585482 0.587692 0.951171 0.944210 0.917102 0.853319 0.680036 0.600662 0.316185 0.079272 -0.038393 -0.331333 -0.513481 -0.551298 -0.704137 -0.860008 -0.956467 -0.978153 0.954605 0.946416 0.909235 0.841496 0.686397 0.626900 0.329256 0.075149 -0.061578 -0.278885 -0.510139 -0.557290 -0.681168 -0.855705 -0.945591 -0.977580 
51.058037 538916.437500 20 22 88 0.617685 0.564640 0.664436 0.986140 0.977018 0.945192 0.936775 0.831102 0.648729 0.294718 0.099158 -0.060971 -0.259675 -0.425031 -0.522473 -0.571397 -0.706216 -0.902624 -0.969613 0.958958 0.948763 0.917215 0.868528 0.700960 0.606076 0.318483 0.096654 -0.040894 -0.335113 -0.504310 -0.555505 -0.657851 -0.834719 -0.950395 -0.979024 
62.285294 3237024.500000 38 48 48 0.636327 0.981330 0.964741 0.976133 0.967740 0.944489 0.922407 0.872451 0.669320 0.341331 0.121652 -0.127327 -0.277458 -0.392488 -0.513187 -0.606164 -0.665018 -0.826967 -0.971592 0.982539 0.969510 0.943505 0.924098 0.865858 0.647620 0.301545 0.133115 -0.075595 -0.266533 -0.409367 -0.539784 -0.584039 -0.651622 -0.846196 -0.970696 
65.375824 6351679.000000 48 50 50 0.957995 0.985296 0.975578 0.973215 0.967429 0.945753 0.891326 0.850676 0.714415 0.397235 0.203726 -0.133242 -0.308137 -0.422660 -0.529013 -0.640113 -0.688993 -0.831728 -0.969830 0.974605 0.967744 0.944394 0.918941 0.862648 0.676489 0.331989 0.125371 -0.128654 -0.269859 -0.415361 -0.513739 -0.613780 -0.674691 -0.807722 -0.967972 
67.085014 13119747.000000 50 50 50 0.988160 0.984589 0.944182 0.972095 0.967451 0.907037 0.868068 0.835637 0.707549 0.558883 0.381792 -0.082428 -0.255700 -0.429044 -0.607392 -0.689416 -0.745512 -0.788974 -0.942102 0.972047 0.967650 0.927704 0.874836 0.855360 0.696078 0.507638 0.275710 -0.102399 -0.317860 -0.424268 -0.548732 -0.660718 -0.731783 -0.783828 -0.955076 
64.231903 7344189.000000 50 52 50 0.965055 0.944657 0.888431 0.973382 0.968730 0.923660 0.816911 0.781749 0.705948 0.630270 0.401944 -0.069940 -0.248827 -0.351363 -0.640317 -0.707822 -0.781162 -0.802234 -0.909011 0.972803 0.967953 0.915109 0.842980 0.810098 0.726282 0.575213 0.413990 -0.064028 -0.239595 -0.403613 -0.640157 -0.701134 -0.766829 -0.796577 -0.916880 
60.317043 13038354.000000 50 50 48 0.968580 0.945163 0.813176 0.977426 0.966758 0.922964 0.735322 0.657879 0.604192 0.566803 0.408126 -0.040663 -0.184855 -0.272206 -0.499896 -0.597127 -0.758098 -0.816657 -0.889552 0.973966 0.967673 0.929244 0.783385 0.718005 0.655911 0.591139 0.497946 -0.009135 -0.222694 -0.312332 -0.599688 -0.698789 -0.783257 -0.808760 -0.910533 
49.632374 550045.250000 48 50 50 0.854758 0.567450 0.752846 0.972910 0.949699 0.874834 0.835467 0.666638 0.598085 0.533000 0.450540 -0.014305 -0.159101 -0.331140 -0.534169 -0.683570 -0.775235 -0.827238 -0.960366 0.980422 0.965361 0.907980 0.725751 0.637710 0.596729 0.551267 0.407634 -0.015632 -0.140066 -0.266833 -0.473588 -0.585523 -0.735566 -0.810200 -0.917388 
40.676617 122763.062500 50 48 50 0.724721 0.758623 0.784277 0.969765 0.956180 0.877608 0.836978 0.721369 0.624353 0.526474 0.482180 0.153494 -0.184876 -0.310021 -0.559252 -0.678834 -0.779725 -0.833381 -0.960259 0.968919 0.952915 0.877912 0.857059 0.703164 0.617478 0.538066 0.483297 0.007837 -0.199199 -0.335243 -0.542353 -0.671629 -0.777170 -0.817541 -0.939153 
36.604477 67950.570312 50 50 50 0.827093 0.768246 0.839039 0.973444 0.960688 0.870072 0.830343 0.730040 0.621488 0.553827 0.489656 0.263890 -0.197599 -0.348452 -0.526379 -0.716875 -0.781932 -0.877812 -0.964770 0.975213 0.947002 0.878238 0.833814 0.689389 0.619851 0.535893 0.486788 0.218084 -0.176078 -0.296963 -0.550767 -0.713786 -0.780824 -0.859524 -0.966310 
37.754742 100846.312500 50 50 50 0.794029 0.459464 0.359654 0.971241 0.948746 0.882022 0.839803 0.749384 0.645467 0.567835 0.420742 0.086344 -0.128254 -0.359663 -0.581286 -0.709137 -0.790390 -0.898872 -0.984614 0.972067 0.960403 0.877332 0.848238 0.747338 0.654175 0.560755 0.497679 0.210773 -0.136755 -0.350628 -0.511291 -0.718228 -0.788480 -0.889165 -0.972678 
36.668888 67495.804688 50 48 46 0.360973 0.545971 0.856870 0.988667 0.976597 0.909137 0.851194 0.745033 0.626451 0.554147 0.326199 0.072192 -0.104073 -0.338209 -0.542675 -0.673795 -0.767578 -0.895475 -0.975288 0.974858 0.944887 0.875222 0.839211 0.710694 0.626325 0.546410 0.393178 0.044120 -0.123239 -0.333326 -0.582103 -0.709323 -0.785620 -0.891542 -0.990409 
52.672867 1097393.375000 46 52 52 0.717421 0.936304 0.941107 0.990331 0.977301 0.956128 0.901900 0.760661 0.633628 0.303704 0.094576 0.045109 -0.095175 -0.408291 -0.506494 -0.601108 -0.669234 -0.783578 -0.960384 0.990317 0.978470 0.951233 0.890808 0.788711 0.658104 0.469997 0.177553 0.060052 -0.008471 -0.364311 -0.514239 -0.619773 -0.711087 -0.847683 -0.967848 
54.180305 1358633.000000 52 54 54 0.948877 0.960905 0.899902 0.991124 0.978165 0.962945 0.879510 0.759091 0.599316 0.196109 0.083438 0.037458 -0.103734 -0.385560 -0.450289 -0.622612 -0.677810 -0.778864 -0.958295 0.990528 0.977466 0.959175 0.885525 0.763314 0.627310 0.270715 0.091308 0.049622 -0.139553 -0.394144 -0.468651 -0.622296 -0.683625 -0.743765 -0.950433 
53.362770 475767.375000 56 56 56 0.942822 0.927276 0.954578 0.991168 0.978733 0.966975 0.903612 0.764756 0.653937 0.204178 0.107742 0.055751 -0.029472 -0.367602 -0.484414 -0.626450 -0.678270 -0.845245 -0.968668 0.991591 0.979015 0.967083 0.896223 0.740249 0.574093 0.190037 0.099850 0.041450 -0.078218 -0.388885 -0.466570 -0.625878 -0.674218 -0.806220 -0.965068 
51.473465 180333.765625 56 56 58 0.956343 0.974124 0.941155 0.989490 0.978010 0.965873 0.932425 0.771692 0.638348 0.285912 0.120146 0.040028 -0.033992 -0.283395 -0.556352 -0.623417 -0.737049 -0.890042 -0.974820 0.990626 0.978862 0.966690 0.919477 0.768046 0.642333 0.236843 0.123327 0.061855 -0.023460 -0.337125 -0.529509 -0.620817 -0.706705 -0.875139 -0.973334 
47.679790 58679.285156 58 58 48 0.952698 0.870170 0.518361 0.985652 0.977066 0.963843 0.929937 0.772971 0.615108 0.329840 0.088265 0.031853 -0.034926 -0.277362 -0.526099 -0.646106 -0.777450 -0.901546 -0.974540 0.986233 0.977069 0.963769 0.923565 0.796961 0.648890 0.276827 0.099612 0.033302 -0.024912 -0.243867 -0.545422 -0.628903 -0.748022 -0.890552 -0.973968 
44.602619 35009.105469 50 38 38 0.501471 0.518131 0.597804 0.986286 0.979963 0.957120 0.910070 0.817001 0.635418 0.311008 0.082378 0.031105 -0.038755 -0.332778 -0.546022 -0.664223 -0.809387 -0.925067 -0.975845 0.986290 0.976327 0.961004 0.931363 0.811592 0.635529 0.348747 0.100837 0.042884 -0.012995 -0.317425 -0.547042 -0.658707 -0.793147 -0.911153 -0.975456 
42.169632 24782.132812 32 26 90 0.563188 0.294788 0.597947 0.989406 0.981098 0.962756 0.913683 0.818716 0.676307 0.431950 0.063495 -0.006474 -0.101844 -0.243565 -0.510656 -0.661553 -0.811421 -0.911181 -0.982066 0.987747 0.979491 0.957343 0.908150 0.830516 0.665756 0.378114 0.092822 0.021853 -0.038877 -0.290641 -0.516930 -0.669393 -0.814759 -0.928060 -0.975435 
41.676315 19693.707031 90 128 48 0.625394 0.538280 0.613807 0.989850 0.980290 0.966402 0.900867 0.814731 0.702753 0.439429 0.177589 -0.003271 -0.164512 -0.348724 -0.488225 -0.722336 -0.817538 -0.929406 -0.978676 0.989354 0.981579 0.964595 0.903296 0.807494 0.680794 0.444630 0.096952 -0.012168 -0.130114 -0.285531 -0.479459 -0.686498 -0.810954 -0.913209 -0.981137 
43.586002 30995.195312 44 42 52 0.489915 0.642684 0.567934 0.989586 0.981487 0.961952 0.889054 0.824654 0.717551 0.462226 0.194130 -0.045800 -0.176567 -0.266726 -0.534435 -0.675513 -0.827567 -0.916494 -0.971925 0.990516 0.983695 0.966522 0.906049 0.827188 0.732451 0.445115 0.175754 -0.008409 -0.155218 -0.344505 -0.513757 -0.707311 -0.831169 -0.929692 -0.976286 
46.717346 152427.609375 124 60 62 0.533912 0.763883 0.942239 0.991071 0.982465 0.933903 0.866420 0.838607 0.752519 0.427287 0.091856 -0.037151 -0.150084 -0.187111 -0.390878 -0.621218 -0.738277 -0.895511 -0.964867 0.990805 0.982143 0.947807 0.871617 0.839342 0.783248 0.459123 0.135112 -0.060117 -0.181618 -0.219817 -0.486675 -0.658417 -0.778873 -0.909198 -0.966404 
48.853527 591786.812500 62 62 64 0.948730 0.958210 0.974681 0.992784 0.983395 0.908809 0.850011 0.792831 0.680777 0.284998 0.120626 -0.024462 -0.143438 -0.188759 -0.316817 -0.595143 -0.668432 -0.810285 -0.964996 0.992519 0.983592 0.918441 0.860237 0.821310 0.708967 0.283946 0.099629 -0.050579 -0.134811 -0.194399 -0.324456 -0.589066 -0.682037 -0.847655 -0.964578 
49.968361 1951474.125000 64 66 66 0.977189 0.842098 0.557047 0.988328 0.969347 0.920818 0.879937 0.792345 0.667778 0.292032 0.039861 -0.016628 -0.099961 -0.190008 -0.555303 -0.649656 -0.750864 -0.844687 -0.919917 0.993355 0.984630 0.914553 0.850970 0.786109 0.692598 0.364183 0.020705 -0.049005 -0.130002 -0.183337 -0.423897 -0.638498 -0.696601 -0.823209 -0.959687 
52.841972 3594154.750000 66 66 66 0.596060 0.970834 0.943969 0.983014 0.947939 0.888029 0.858707 0.790325 0.706463 0.351230 0.055328 0.021297 -0.129704 -0.174049 -0.389034 -0.660935 -0.762866 -0.817144 -0.879390 0.984029 0.957960 0.898015 0.874840 0.803515 0.708580 0.307935 0.056310 0.011733 -0.100533 -0.137038 -0.498773 -0.644602 -0.750721 -0.820670 -0.911917 
53.704468 9078129.000000 66 68 68 0.932213 0.954233 0.925671 0.982065 0.944694 0.869553 0.816785 0.771496 0.695741 0.284000 0.089799 -0.000304 -0.128884 -0.198289 -0.309863 -0.645739 -0.742926 -0.808979 -0.879136 0.982887 0.946652 0.873300 0.835537 0.777723 0.705985 0.360992 0.062360 0.000538 -0.107785 -0.188703 -0.300054 -0.650868 -0.746700 -0.809083 -0.886613 
56.354832 23571476.000000 68 68 66 0.956693 0.926623 0.733028 0.976513 0.938096 0.863096 0.800602 0.755821 0.665503 0.234871 0.091865 -0.001636 -0.138120 -0.210969 -0.301612 -0.616064 -0.754029 -0.820565 -0.856659 0.979546 0.941133 0.864032 0.806389 0.759989 0.676561 0.256414 0.097822 0.014118 -0.139060 -0.210934 -0.321576 -0.644369 -0.753862 -0.810526 -0.873146 
57.182610 48723392.000000 66 66 66 0.730151 0.980927 0.976509 0.974433 0.935797 0.873363 0.783084 0.719309 0.649720 0.223958 0.110684 -0.010836 -0.166012 -0.262034 -0.350465 -0.647489 -0.746363 -0.823434 -0.857340 0.976039 0.933732 0.867442 0.794932 0.736773 0.656558 0.224711 0.101722 -0.022028 -0.150838 -0.245841 -0.324229 -0.604951 -0.744272 -0.828095 -0.863568 
57.585419 61443932.000000 66 66 66 0.983722 0.982501 0.925252 0.970657 0.950054 0.889802 0.756439 0.696078 0.611278 0.201932 0.093781 -0.018153 -0.192181 -0.296737 -0.439732 -0.606578 -0.674741 -0.806343 -0.854459 0.972468 0.943331 0.879147 0.767227 0.705539 0.631207 0.218100 0.101946 -0.006271 -0.188351 -0.271843 -0.387506 -0.647945 -0.744484 -0.831273 -0.861396 
51.163811 6464890.000000 66 72 60 0.940416 0.320200 0.838754 0.985769 0.962767 0.889399 0.730334 0.675041 0.530119 0.166194 0.080834 -0.019130 -0.149315 -0.349146 -0.538559 -0.618509 -0.726638 -0.848676 -0.892838 0.973086 0.955792 0.898179 0.755438 0.696243 0.614061 0.206728 0.083713 -0.010066 -0.157843 -0.280277 -0.468993 -0.587141 -0.658813 -0.781282 -0.871046 
56.993530 54523560.000000 60 62 60 0.819349 0.937418 0.980946 0.969740 0.956186 0.900742 0.715419 0.657512 0.577659 0.229852 0.123988 0.042140 -0.173692 -0.245020 -0.487278 -0.621175 -0.661767 -0.728555 -0.799835 0.972839 0.958834 0.901979 0.731471 0.659530 0.590372 0.221071 0.107688 0.021579 -0.125592 -0.289564 -0.517050 -0.628248 -0.676018 -0.788576 -0.871316 
54.783901 10091699.000000 60 60 62 0.989236 0.950814 0.674077 0.978938 0.958486 0.908415 0.740030 0.670539 0.625776 0.274446 0.175998 0.033398 -0.156052 -0.238875 -0.553116 -0.674697 -0.748286 -0.777126 -0.881480 0.971207 0.955482 0.905906 0.707136 0.662685 0.578426 0.230895 0.159156 0.028978 -0.166467 -0.241538 -0.484274 -0.634704 -0.694277 -0.769242 -0.803828 
37.922623 1631487.375000 60 66 66 0.771313 0.627454 0.350404 0.983697 0.935323 0.886047 0.765832 0.635926 0.495339 0.204936 0.100218 -0.128769 -0.280297 -0.484554 -0.658354 -0.771290 -0.837672 -0.913179 -0.986123 0.989495 0.955711 0.874428 0.757151 0.665915 0.570052 0.263538 0.141004 -0.085338 -0.223866 -0.410266 -0.639090 -0.722214 -0.793371 -0.880097 -0.981728 
34.638714 2064563.250000 66 66 64 0.452940 0.453424 0.708165 0.969955 0.935170 0.850172 0.733088 0.664342 0.483143 0.189748 0.069308 -0.071232 -0.296969 -0.513295 -0.620142 -0.737981 -0.834707 -0.894490 -0.989597 0.962994 0.930939 0.859821 0.738475 0.624937 0.457416 0.183010 0.083430 -0.131703 -0.316218 -0.474449 -0.612831 -0.758707 -0.834822 -0.914269 -0.985339 
32.994659 1444880.375000 64 62 66 0.719059 0.477844 0.496489 0.961074 0.929282 0.841452 0.715729 0.596206 0.426647 0.149324 0.037904 -0.170829 -0.341151 -0.529022 -0.626984 -0.777447 -0.829807 -0.930160 -0.987664 0.965917 0.938909 0.859106 0.746612 0.657486 0.464232 0.183818 0.058417 -0.067722 -0.297840 -0.538463 -0.631906 -0.748416 -0.829718 -0.909008 -0.990159 
41.539570 11369762.000000 22 24 22 0.590540 0.577931 0.625336 0.958035 0.925880 0.740377 0.655371 0.555562 0.243864 0.094850 -0.025178 -0.194741 -0.318926 -0.524660 -0.631034 -0.770006 -0.830987 -0.906547 -0.984008 0.952672 0.912563 0.762750 0.652568 0.555540 0.258968 0.128183 -0.030432 -0.176059 -0.308981 -0.508179 -0.605967 -0.773649 -0.837806 -0.907509 -0.982774 
42.959255 11425327.000000 24 150 34 0.349153 0.485510 0.518353 0.959645 0.935536 0.777512 0.656299 0.604540 0.431598 0.161115 0.003752 -0.123648 -0.302943 -0.498580 -0.649973 -0.767757 -0.815992 -0.893258 -0.979427 0.953948 0.928129 0.758328 0.665049 0.603613 0.404808 0.089430 -0.012244 -0.176633 -0.346898 -0.531054 -0.660455 -0.766098 -0.821708 -0.904017 -0.981084 
54.240799 34374160.000000 60 34 38 0.436386 0.703849 0.969129 0.984672 0.974491 0.920564 0.743812 0.604563 0.481859 0.228751 0.168173 -0.035036 -0.201408 -0.338896 -0.492159 -0.739108 -0.807067 -0.840112 -0.903240 0.982840 0.973479 0.918251 0.755112 0.609533 0.528720 0.211931 0.151167 -0.024889 -0.180013 -0.331766 -0.570808 -0.754484 -0.814060 -0.871491 -0.971860 
50.218349 3282872.250000 38 40 34 0.973006 0.865179 0.414394 0.988637 0.980822 0.911668 0.706896 0.568131 0.385405 0.221797 0.093657 -0.046817 -0.224612 -0.420693 -0.561596 -0.734883 -0.804619 -0.857115 -0.928608 0.986546 0.976990 0.924500 0.729162 0.586471 0.410996 0.247213 0.153620 -0.039772 -0.181942 -0.385431 -0.503906 -0.717371 -0.799689 -0.849531 -0.882715 
30.791302 205240.015625 44 32 38 0.419726 0.518436 0.405294 0.980381 0.965998 0.881812 0.709160 0.543608 0.422222 0.326267 0.194857 -0.022364 -0.276449 -0.373113 -0.529359 -0.716025 -0.815261 -0.876070 -0.959792 0.985558 0.975653 0.880537 0.735525 0.556558 0.423236 0.289559 0.084840 -0.067271 -0.227211 -0.440027 -0.586390 -0.744629 -0.807022 -0.869325 -0.962264 
29.651711 99922.750000 34 38 34 0.522643 0.863634 0.441459 0.984443 0.969385 0.921654 0.756979 0.556426 0.436278 0.307869 0.197408 -0.004183 -0.211523 -0.353415 -0.493216 -0.684800 -0.815939 -0.884165 -0.956736 0.983098 0.964347 0.917646 0.737700 0.538280 0.417057 0.331014 0.219299 0.080835 -0.257234 -0.357348 -0.511638 -0.710075 -0.817329 -0.865376 -0.956967 
44.386047 7083235.000000 100 76 26 0.601076 0.486045 0.629040 0.973791 0.959961 0.759881 0.586779 0.462228 0.190150 -0.010082 -0.119725 -0.236940 -0.350679 -0.487738 -0.664914 -0.756594 -0.839942 -0.902963 -0.969619 0.981343 0.958114 0.725102 0.580683 0.435706 0.182297 0.014930 -0.115435 -0.225259 -0.347520 -0.473442 -0.648786 -0.743115 -0.818000 -0.906539 -0.964160 
41.012749 3624437.750000 76 114 48 0.693023 0.528966 0.568574 0.964454 0.922863 0.682700 0.578083 0.391482 0.209630 0.019211 -0.125122 -0.221807 -0.312500 -0.491063 -0.640613 -0.791367 -0.861992 -0.906400 -0.967346 0.969557 0.950845 0.769169 0.609299 0.443156 0.218431 0.003379 -0.128176 -0.254255 -0.346610 -0.520809 -0.681457 -0.796269 -0.858540 -0.904898 -0.968227 
43.160973 2351389.500000 50 50 56 0.548698 0.339900 0.607423 0.970736 0.930105 0.709835 0.512687 0.352514 0.180262 0.022064 -0.098468 -0.183043 -0.253518 -0.439489 -0.613444 -0.766772 -0.854862 -0.899056 -0.971560 0.965218 0.916964 0.672984 0.536093 0.335568 0.195385 0.009588 -0.118575 -0.197901 -0.264764 -0.468939 -0.630377 -0.777956 -0.852331 -0.902700 -0.970740 
48.937843 5959461.000000 56 56 56 0.272950 0.734473 0.920786 0.990290 0.973463 0.941402 0.905644 0.628426 0.349555 0.104775 0.018498 -0.085433 -0.207766 -0.325451 -0.476234 -0.714234 -0.816704 -0.877118 -0.942122 0.991236 0.972314 0.935239 0.731222 0.403766 0.248498 0.050629 -0.033605 -0.167880 -0.246248 -0.361663 -0.507889 -0.741993 -0.834815 -0.884903 -0.957306 
55.752846 62094460.000000 56 62 68 0.959574 0.894381 0.935948 0.980400 0.964649 0.927922 0.745533 0.562906 0.420072 0.198649 0.071833 -0.053049 -0.181624 -0.340374 -0.417336 -0.647638 -0.776560 -0.851937 -0.883657 0.986409 0.965077 0.934903 0.833116 0.568782 0.457133 0.202896 0.062128 -0.044409 -0.159914 -0.301617 -0.432532 -0.667429 -0.788778 -0.861288 -0.898937 
58.246723 37096824.000000 68 74 80 0.951564 0.782466 0.958103 0.977753 0.969852 0.947837 0.761211 0.540275 0.376561 0.220612 0.112325 -0.044252 -0.190482 -0.381176 -0.452793 -0.704152 -0.794404 -0.853103 -0.884536 0.977718 0.966630 0.941922 0.750281 0.526926 0.369753 0.199377 0.082184 -0.046252 -0.201342 -0.355744 -0.442398 -0.685270 -0.790135 -0.851522 -0.886716 
55.100288 9855100.000000 80 80 82 0.959826 0.958010 0.947608 0.982160 0.974765 0.959419 0.737697 0.465084 0.317890 0.214125 0.129670 -0.022740 -0.250930 -0.378698 -0.497064 -0.671257 -0.765164 -0.827945 -0.886146 0.978317 0.972701 0.949604 0.728374 0.490738 0.335667 0.223066 0.112353 -0.028945 -0.233163 -0.368267 -0.467594 -0.692932 -0.778978 -0.840367 -0.877913 
49.806229 4198535.500000 82 84 76 0.964230 0.813364 0.747896 0.986767 0.980938 0.952633 0.703413 0.514623 0.332131 0.219934 0.169463 0.028110 -0.262070 -0.427568 -0.538278 -0.658436 -0.743718 -0.819436 -0.968669 0.985905 0.978282 0.955979 0.696945 0.502497 0.306578 0.221066 0.152576 0.042588 -0.265539 -0.400984 -0.523003 -0.634841 -0.750397 -0.833664 -0.946118 
46.915161 604226.875000 76 82 86 0.698209 0.824990 0.679250 0.989771 0.983609 0.960480 0.816346 0.483916 0.367016 0.260280 0.172959 0.069498 -0.265381 -0.403557 -0.518691 -0.611030 -0.675448 -0.816833 -0.937227 0.987941 0.982477 0.960038 0.807311 0.498234 0.356580 0.234589 0.184879 0.068635 -0.209637 -0.402680 -0.491631 -0.615468 -0.705744 -0.812986 -0.944092 
40.646973 1248639.750000 92 58 48 0.390752 0.743061 0.424772 0.986874 0.977138 0.962321 0.674322 0.384734 0.311851 0.157988 0.046979 -0.086136 -0.266822 -0.416762 -0.569155 -0.668269 -0.801269 -0.928651 -0.986766 0.989167 0.980376 0.963479 0.790518 0.430358 0.353640 0.234416 0.147079 0.034347 -0.190585 -0.387127 -0.517241 -0.609227 -0.710950 -0.821295 -0.965712 
45.791267 14603306.000000 50 78 78 0.608129 0.571087 0.624884 0.976583 0.966522 0.777045 0.418276 0.319663 0.133116 0.054821 -0.084519 -0.220949 -0.357556 -0.553296 -0.666398 -0.745023 -0.844039 -0.943786 -0.988843 0.982077 0.971253 0.917363 0.455646 0.346668 0.199917 0.086159 -0.036268 -0.198148 -0.305330 -0.531414 -0.656347 -0.729325 -0.846505 -0.927500 -0.984288 
48.419540 12558281.000000 80 162 74 0.584855 0.517150 0.639015 0.981745 0.957412 0.678770 0.374084 0.301633 0.098273 -0.000647 -0.118578 -0.263674 -0.433844 -0.570292 -0.675590 -0.794000 -0.859206 -0.949454 -0.992908 0.978390 0.962822 0.723317 0.410784 0.307196 0.121963 0.023593 -0.107149 -0.250278 -0.422680 -0.579646 -0.675887 -0.788129 -0.849292 -0.931698 -0.988273 
50.659279 13829023.000000 134 150 154 0.593036 0.762650 0.364140 0.976017 0.906867 0.612811 0.395608 0.220172 0.046221 -0.016400 -0.134022 -0.288185 -0.435961 -0.591299 -0.682128 -0.817814 -0.871134 -0.960034 -0.988118 0.977961 0.944581 0.631444 0.384615 0.231864 0.080221 0.001401 -0.112648 -0.266335 -0.420772 -0.588056 -0.678759 -0.793030 -0.868673 -0.954365 -0.991615 
50.618103 13613569.000000 84 58 76 0.475370 0.640230 0.667845 0.985554 0.931755 0.660267 0.377360 0.205321 0.084409 0.008573 -0.137887 -0.249647 -0.449181 -0.572677 -0.716131 -0.800102 -0.860781 -0.948368 -0.988103 0.983379 0.924867 0.635669 0.381616 0.221412 0.061521 -0.013827 -0.125640 -0.272320 -0.459082 -0.565193 -0.680195 -0.802226 -0.859369 -0.943467 -0.987821 
50.957123 14354173.000000 76 110 76 0.659925 0.612816 0.644176 0.974768 0.883506 0.615117 0.423240 0.177530 0.113204 -0.007714 -0.159951 -0.267547 -0.420401 -0.556186 -0.692790 -0.803894 -0.875261 -0.941348 -0.994495 0.983289 0.906348 0.619915 0.387622 0.182101 0.102375 -0.013057 -0.143454 -0.261258 -0.428640 -0.587062 -0.704394 -0.808478 -0.880928 -0.938255 -0.985287 
46.770264 6933283.000000 76 112 56 0.651283 0.467110 0.740627 0.992595 0.970208 0.687289 0.515150 0.285590 0.132105 0.013382 -0.139929 -0.221947 -0.408583 -0.545851 -0.652547 -0.764735 -0.858123 -0.934634 -0.988105 0.976963 0.898647 0.596489 0.453784 0.197242 0.110003 -0.009924 -0.152127 -0.251996 -0.431005 -0.547509 -0.679559 -0.782456 -0.857132 -0.931565 -0.989134 
47.920563 8261880.500000 56 68 70 0.697735 0.860211 0.986039 0.985905 0.977873 0.945432 0.690235 0.571161 0.403382 0.165517 0.124567 -0.059766 -0.141781 -0.444533 -0.580550 -0.725991 -0.871341 -0.931433 -0.980562 0.988000 0.978970 0.940625 0.631427 0.518449 0.266238 0.164716 0.050298 -0.106968 -0.256562 -0.509601 -0.618812 -0.745949 -0.860730 -0.927815 -0.986434 
49.918037 4500113.000000 70 70 70 0.982294 0.982277 0.983626 0.987210 0.978297 0.952636 0.774409 0.583410 0.518397 0.161015 0.113345 -0.031296 -0.187782 -0.475770 -0.540780 -0.662278 -0.854839 -0.948035 -0.979369 0.986202 0.977862 0.949435 0.715739 0.586204 0.484146 0.159868 0.114436 -0.053156 -0.169866 -0.458515 -0.559882 -0.658761 -0.840417 -0.926724 -0.975924 
48.507072 1571531.500000 70 68 68 0.979028 0.979325 0.973867 0.989387 0.980414 0.961649 0.867586 0.605627 0.460816 0.176714 0.044834 -0.147920 -0.236361 -0.449089 -0.517096 -0.734601 -0.840674 -0.947375 -0.978813 0.988167 0.978678 0.954763 0.803579 0.594643 0.482838 0.148791 0.092572 -0.134619 -0.222945 -0.436327 -0.517959 -0.676330 -0.851795 -0.951524 -0.980605 
48.509159 352393.906250 68 66 64 0.964867 0.974797 0.977215 0.991847 0.981974 0.972571 0.923062 0.640529 0.501594 0.173291 0.091785 -0.047423 -0.219181 -0.437726 -0.529091 -0.724982 -0.879251 -0.943859 -0.983228 0.991429 0.982329 0.970707 0.903318 0.617078 0.498215 0.174887 0.081260 -0.124998 -0.245198 -0.449181 -0.544607 -0.739721 -0.861098 -0.944194 -0.982744 
48.502846 117167.789062 64 64 64 0.975486 0.975176 0.787270 0.991358 0.981518 0.973501 0.942691 0.683753 0.552009 0.208103 0.126897 0.028304 -0.241818 -0.428017 -0.511728 -0.688145 -0.835424 -0.930313 -0.976052 0.991735 0.981884 0.972905 0.934909 0.666212 0.523623 0.184798 0.099940 -0.031117 -0.193595 -0.426764 -0.502235 -0.656651 -0.861031 -0.941642 -0.983863 
46.861797 88006.117188 64 60 58 0.854189 0.909981 0.970288 0.991807 0.980814 0.970578 0.950420 0.710698 0.541640 0.246438 0.114562 0.049626 -0.225122 -0.405246 -0.566301 -0.703569 -0.831292 -0.930063 -0.974087 0.988911 0.978934 0.970851 0.939620 0.686052 0.551451 0.239658 0.116973 0.068619 -0.270525 -0.420652 -0.531354 -0.701731 -0.825182 -0.924912 -0.970893 
46.546612 72081.859375 58 56 54 0.968103 0.976695 0.971331 0.992068 0.981837 0.966793 0.948890 0.669050 0.579542 0.294900 0.151117 0.098613 -0.142994 -0.399527 -0.526417 -0.685528 -0.834485 -0.913102 -0.978320 0.992242 0.981690 0.969171 0.951333 0.691913 0.576538 0.296569 0.131608 0.061556 -0.149204 -0.396513 -0.550568 -0.684609 -0.827024 -0.923005 -0.980414 
46.642490 54313.347656 54 52 52 0.970840 0.965473 0.959258 0.992742 0.987257 0.966242 0.950736 0.707738 0.586537 0.280127 0.120555 0.080002 -0.159927 -0.367876 -0.523195 -0.684041 -0.849250 -0.920249 -0.975611 0.992423 0.984559 0.966249 0.950724 0.673241 0.550156 0.244574 0.135175 0.094141 -0.125427 -0.393705 -0.525467 -0.670365 -0.840544 -0.918302 -0.973785 
44.548450 2046468.875000 52 50 56 0.976823 0.903038 0.598931 0.991642 0.984454 0.939256 0.782285 0.611271 0.265756 0.048915 -0.040119 -0.210653 -0.453596 -0.602506 -0.653196 -0.738023 -0.820896 -0.910042 -0.986421 0.992613 0.988243 0.965281 0.944261 0.741222 0.580386 0.330721 0.120089 0.064104 -0.180466 -0.394201 -0.546042 -0.687363 -0.841332 -0.917963 -0.975489 
52.390533 3932548.250000 56 148 46 0.742644 0.658938 0.408331 0.985893 0.959660 0.815168 0.668270 0.440786 0.083546 -0.114318 -0.276226 -0.456066 -0.608536 -0.672401 -0.710694 -0.764232 -0.843739 -0.939608 -0.987306 0.987960 0.975494 0.883621 0.711624 0.512377 0.121935 -0.021167 -0.195291 -0.417666 -0.591416 -0.667280 -0.704413 -0.772902 -0.841426 -0.945267 -0.993219 
49.588921 3848903.750000 42 112 140 0.631336 0.492708 0.365442 0.987582 0.955084 0.802080 0.653732 0.424454 0.067218 -0.099512 -0.308620 -0.496646 -0.592741 -0.648890 -0.744689 -0.835015 -0.907515 -0.950246 -0.994757 0.984318 0.960595 0.806986 0.649861 0.425852 0.037187 -0.104382 -0.265833 -0.456114 -0.581750 -0.660760 -0.709646 -0.803379 -0.871951 -0.952373 -0.988119 
52.664948 4117019.000000 134 56 62 0.674806 0.800906 0.650017 0.983033 0.925864 0.791785 0.633358 0.445268 0.080826 -0.186437 -0.348612 -0.494266 -0.574525 -0.639091 -0.790360 -0.857911 -0.907694 -0.948637 -0.983592 0.986123 0.936709 0.794811 0.640474 0.434026 0.076054 -0.151234 -0.342643 -0.499598 -0.590892 -0.657699 -0.770223 -0.833612 -0.915853 -0.945520 -0.990642 
59.026333 9442497.000000 54 52 48 0.589145 0.682793 0.572066 0.978233 0.915951 0.802291 0.658726 0.472035 0.227581 -0.138398 -0.265855 -0.474530 -0.530758 -0.714268 -0.816473 -0.842771 -0.865867 -0.922120 -0.975327 0.978617 0.913564 0.795455 0.639027 0.457480 0.154201 -0.161752 -0.298867 -0.484275 -0.542574 -0.671604 -0.817689 -0.853362 -0.886215 -0.947397 -0.977664 
58.053185 13072952.000000 60 65 120 0.539142 0.759763 0.336414 0.977572 0.887895 0.758058 0.528390 0.246286 0.093750 -0.125442 -0.290882 -0.378071 -0.460929 -0.488642 -0.668503 -0.804106 -0.879512 -0.916567 -0.966747 0.976513 0.898657 0.775987 0.592986 0.264057 0.075220 -0.069805 -0.271734 -0.420846 -0.472937 -0.492978 -0.620042 -0.776411 -0.853315 -0.936075 -0.972644 
47.634560 1818723.000000 155 185 85 0.382737 0.573803 0.523860 0.978346 0.908952 0.763182 0.520262 0.327844 0.055057 -0.107785 -0.136430 -0.297654 -0.404897 -0.500574 -0.603514 -0.744230 -0.838223 -0.907535 -0.972525 0.977421 0.894826 0.760025 0.520287 0.300216 0.011759 -0.114661 -0.215654 -0.337387 -0.410155 -0.468043 -0.625946 -0.771974 -0.855481 -0.905896 -0.968431 
34.987373 186025.109375 78 73 73 0.367211 0.556216 0.742191 0.986045 0.953862 0.812298 0.667500 0.376387 0.001850 -0.100147 -0.193327 -0.391203 -0.450501 -0.518681 -0.608279 -0.748901 -0.850098 -0.904986 -0.974335 0.984202 0.931033 0.771013 0.570823 0.312475 0.053340 -0.108503 -0.158990 -0.357365 -0.437042 -0.521555 -0.612839 -0.751424 -0.849548 -0.906002 -0.971218 
31.160204 111837.289062 70 63 63 0.541512 0.546764 0.534008 0.988127 0.958928 0.831700 0.689286 0.485413 0.098553 -0.117984 -0.215051 -0.367579 -0.447946 -0.497881 -0.615065 -0.732672 -0.845127 -0.904496 -0.959612 0.987119 0.957337 0.832099 0.678213 0.441555 0.030420 -0.117078 -0.199972 -0.389762 -0.458489 -0.519178 -0.622051 -0.748907 -0.846382 -0.903295 -0.959625 
29.249710 51097.710938 58 63 60 0.689972 0.660445 0.263114 0.988821 0.964041 0.848978 0.688068 0.525528 0.168916 -0.083978 -0.162593 -0.346275 -0.452620 -0.494398 -0.590143 -0.672090 -0.787728 -0.889863 -0.957373 0.990223 0.942886 0.833962 0.670247 0.507310 0.115914 -0.086034 -0.182999 -0.364891 -0.445804 -0.492803 -0.587103 -0.700461 -0.823081 -0.905531 -0.965048 
25.405176 31109.072266 165 78 65 0.477971 0.612078 0.443295 0.990177 0.940097 0.816292 0.717068 0.524969 0.295980 0.071553 -0.132642 -0.283451 -0.443322 -0.489057 -0.536608 -0.630468 -0.774226 -0.893851 -0.951545 0.983634 0.948920 0.846950 0.699530 0.511744 0.274318 -0.028618 -0.157431 -0.304456 -0.448720 -0.480227 -0.587927 -0.650439 -0.763751 -0.895418 -0.958488 
22.791822 16243.635742 68 183 133 0.643875 0.532024 0.476945 0.983669 0.944265 0.817496 0.748119 0.605649 0.345766 0.172231 -0.009794 -0.245650 -0.425092 -0.487899 -0.527198 -0.629842 -0.805250 -0.903225 -0.960129 0.988747 0.945401 0.798996 0.721374 0.549293 0.316056 0.094689 -0.081194 -0.276033 -0.443153 -0.480795 -0.528003 -0.591954 -0.805190 -0.892484 -0.959234 
17.525917 18785.525391 106 96 102 0.599454 0.339513 0.365778 0.971577 0.949949 0.837480 0.683927 0.655172 0.528482 0.212228 -0.063769 -0.146618 -0.357020 -0.541758 -0.703496 -0.818714 -0.855281 -0.892789 -0.948035 0.975735 0.943464 0.846265 0.681265 0.640690 0.491536 0.218595 -0.020639 -0.155054 -0.397319 -0.551343 -0.737381 -0.822498 -0.857584 -0.894369 -0.947481 
16.286158 18696.208984 102 98 102 0.444993 0.356779 0.508107 0.983681 0.947992 0.828440 0.685060 0.638660 0.558209 0.311948 -0.007649 -0.115592 -0.289270 -0.457504 -0.630203 -0.783124 -0.852110 -0.904130 -0.965142 0.973578 0.949144 0.820053 0.689117 0.652376 0.538421 0.259730 -0.028457 -0.126042 -0.278583 -0.485978 -0.655744 -0.789860 -0.846449 -0.894620 -0.966659 
17.799316 22431.644531 60 130 62 0.691476 0.432299 0.407650 0.970126 0.938446 0.764172 0.665218 0.608053 0.565899 0.248995 0.002288 -0.118019 -0.232215 -0.359542 -0.595991 -0.798306 -0.840926 -0.883232 -0.960736 0.979104 0.944946 0.802896 0.683208 0.628119 0.562363 0.280715 0.021414 -0.117803 -0.249721 -0.409497 -0.608070 -0.784970 -0.857461 -0.896486 -0.969271 
17.768858 20593.994141 60 102 76 0.286302 0.550670 0.515501 0.977522 0.954691 0.846976 0.691863 0.615270 0.529327 0.261894 0.007661 -0.155062 -0.225545 -0.317477 -0.541774 -0.797955 -0.846947 -0.876930 -0.948002 0.975676 0.944636 0.808031 0.673764 0.616607 0.564113 0.294526 -0.000350 -0.140725 -0.237196 -0.332320 -0.545349 -0.806554 -0.844219 -0.874101 -0.957093 
16.022541 15246.791016 74 148 92 0.535338 0.396226 0.365949 0.980078 0.940506 0.784220 0.704814 0.630905 0.571223 0.232781 0.023602 -0.083969 -0.227955 -0.327826 -0.556251 -0.775966 -0.850447 -0.906996 -0.966745 0.981509 0.949139 0.828345 0.697457 0.626854 0.534290 0.254914 -0.001151 -0.131473 -0.216486 -0.315897 -0.584062 -0.794837 -0.846823 -0.889400 -0.958417 
20.251017 19326.134766 110 132 48 0.370039 0.507693 0.453774 0.979448 0.940444 0.780690 0.693203 0.627736 0.593622 0.362169 0.031698 -0.097452 -0.210060 -0.282061 -0.531620 -0.750956 -0.829098 -0.880385 -0.958974 0.978361 0.946606 0.784112 0.707877 0.634092 0.596262 0.328252 0.023230 -0.074749 -0.206833 -0.282160 -0.523618 -0.758237 -0.843072 -0.899245 -0.964131 
18.937714 10387.948242 56 58 62 0.435077 0.339297 0.608169 0.980609 0.942774 0.797840 0.689992 0.645935 0.597530 0.380280 0.052743 -0.104362 -0.210529 -0.290723 -0.547412 -0.758376 -0.843609 -0.887315 -0.973998 0.976938 0.934739 0.774199 0.676193 0.642572 0.598969 0.362510 0.003145 -0.111865 -0.212528 -0.291966 -0.529178 -0.768548 -0.835447 -0.880164 -0.964700 
13.082513 4739.584961 102 74 88 0.403080 0.751974 0.357260 0.984125 0.940494 0.867563 0.724522 0.634728 0.590517 0.387166 0.076398 -0.104848 -0.250184 -0.433453 -0.596656 -0.797059 -0.847442 -0.921307 -0.975694 0.981295 0.940540 0.848412 0.708488 0.641537 0.596837 0.374286 0.062416 -0.110477 -0.226907 -0.346869 -0.591569 -0.771371 -0.840210 -0.892802 -0.980846 
7.534314 2076.683350 88 42 72 0.504960 0.455313 0.425833 0.987040 0.959270 0.866777 0.742231 0.628484 0.501550 0.282498 0.076856 -0.078646 -0.295050 -0.455964 -0.624647 -0.790913 -0.848906 -0.912001 -0.979240 0.985085 0.945627 0.871979 0.724481 0.638004 0.562980 0.340635 0.074481 -0.076289 -0.276032 -0.466461 -0.615775 -0.806925 -0.847318 -0.921826 -0.969988 
5.590795 1694.376953 70 138 74 0.463508 0.307929 0.533073 0.987153 0.953745 0.873277 0.758178 0.633936 0.479100 0.269946 0.072406 -0.127944 -0.313164 -0.459409 -0.584030 -0.785637 -0.848480 -0.936552 -0.967308 0.987650 0.959424 0.869640 0.760912 0.644157 0.500507 0.326254 0.074316 -0.113807 -0.299439 -0.451880 -0.593817 -0.786149 -0.850692 -0.925500 -0.979386 
4.306921 1459.432617 74 98 132 0.569515 0.400612 0.455275 0.980972 0.952590 0.874822 0.757215 0.627408 0.439788 0.257172 0.077455 -0.124308 -0.295594 -0.506458 -0.609220 -0.778598 -0.848828 -0.917594 -0.979049 0.983643 0.951383 0.876247 0.755669 0.633712 0.457099 0.230681 0.095281 -0.139007 -0.293177 -0.516920 -0.601626 -0.766624 -0.853912 -0.927168 -0.966048 
7.487898 1476.936035 136 102 96 0.385450 0.535857 0.307403 0.987506 0.975999 0.900131 0.775210 0.625700 0.473803 0.314541 0.056520 -0.081500 -0.302935 -0.445121 -0.588478 -0.798373 -0.861006 -0.925487 -0.972994 0.984076 0.957079 0.871211 0.754852 0.610775 0.463733 0.267619 0.047506 -0.099469 -0.304119 -0.471675 -0.602244 -0.772175 -0.847121 -0.918357 -0.974805 
7.584860 1741.891479 150 68 68 0.359942 0.599891 0.354275 0.980427 0.955447 0.887955 0.754431 0.659907 0.459811 0.272084 0.087329 -0.118123 -0.303971 -0.464243 -0.617839 -0.730341 -0.856985 -0.915999 -0.973999 0.988099 0.972705 0.904805 0.772632 0.669020 0.426624 0.302567 0.062584 -0.096513 -0.292461 -0.444626 -0.593628 -0.783436 -0.858060 -0.925385 -0.972635 
33.335976 1809015.375000 72 50 38 0.621759 0.424778 0.755401 0.986522 0.973672 0.833174 0.635534 0.593640 0.363290 0.139240 0.032913 -0.119800 -0.272683 -0.461852 -0.641262 -0.723216 -0.861264 -0.901805 -0.968050 0.961099 0.911563 0.707674 0.622694 0.558536 0.302413 0.123252 0.023143 -0.130223 -0.248323 -0.475558 -0.639336 -0.718494 -0.821891 -0.900331 -0.949806 
58.831413 46520672.000000 44 52 48 0.535675 0.706212 0.966264 0.981043 0.968303 0.953688 0.755273 0.584770 0.522809 0.286374 0.110388 0.053643 -0.220098 -0.433367 -0.512609 -0.598235 -0.765112 -0.809080 -0.974050 0.986628 0.973197 0.950375 0.778502 0.583026 0.512804 0.247278 0.122934 0.025129 -0.237471 -0.420299 -0.509708 -0.623507 -0.801959 -0.874629 -0.971343 
62.022022 100282848.000000 50 48 46 0.965179 0.976235 0.944013 0.981428 0.965275 0.945224 0.720464 0.601271 0.514573 0.277733 0.115789 0.060612 -0.200099 -0.420992 -0.560629 -0.614047 -0.755184 -0.800049 -0.955502 0.979684 0.966414 0.950482 0.737317 0.583918 0.502288 0.292048 0.119041 0.076469 -0.236118 -0.436095 -0.533792 -0.617574 -0.770815 -0.800712 -0.973037 
60.435959 113113288.000000 46 44 44 0.953129 0.991597 0.956607 0.987257 0.973476 0.917879 0.705341 0.583147 0.524626 0.303864 0.074854 0.009816 -0.159087 -0.485993 -0.551148 -0.599032 -0.739583 -0.823345 -0.974706 0.984614 0.967164 0.933245 0.711660 0.596909 0.518231 0.272744 0.110027 0.033380 -0.175261 -0.421219 -0.568740 -0.617239 -0.715102 -0.772169 -0.971884 
54.290943 25972028.000000 44 48 48 0.969468 0.909868 0.679681 0.987999 0.975910 0.924720 0.671084 0.581407 0.484153 0.221144 0.035923 -0.073370 -0.403153 -0.558747 -0.623230 -0.811547 -0.891764 -0.960106 -0.985770 0.988815 0.978648 0.925986 0.691885 0.589644 0.527835 0.270041 0.072927 -0.000178 -0.259120 -0.525633 -0.562750 -0.675805 -0.842544 -0.920049 -0.982912 
45.269608 13088948.000000 48 46 48 0.779322 0.625577 0.622844 0.987500 0.974163 0.849005 0.617250 0.555643 0.357120 0.146750 0.019024 -0.196991 -0.443423 -0.594653 -0.655844 -0.807096 -0.892738 -0.961206 -0.985448 0.985014 0.968249 0.853259 0.617952 0.559446 0.388005 0.141793 -0.012451 -0.168151 -0.441164 -0.593869 -0.668568 -0.830420 -0.897426 -0.962502 -0.986979 
45.947960 13124782.000000 46 44 46 0.713578 0.589873 0.851760 0.988483 0.977770 0.849661 0.635468 0.542097 0.363086 0.195019 0.030367 -0.165763 -0.432030 -0.581247 -0.723465 -0.847356 -0.894288 -0.965972 -0.996588 0.983104 0.969171 0.854225 0.637581 0.561292 0.338149 0.183591 0.033879 -0.201681 -0.478351 -0.587521 -0.688445 -0.820230 -0.904764 -0.968880 -0.992661 
51.315315 18417772.000000 46 44 44 0.835592 0.609054 0.337743 0.984472 0.960101 0.825175 0.615830 0.527752 0.302875 0.089692 -0.049180 -0.310394 -0.512721 -0.648270 -0.758918 -0.846756 -0.901884 -0.977063 -0.991613 0.988710 0.976996 0.826112 0.628608 0.526351 0.359502 0.143064 0.001900 -0.218984 -0.486482 -0.603642 -0.761117 -0.856196 -0.917531 -0.979569 -0.994341 
43.911396 4124246.000000 50 58 46 0.415783 0.377796 0.774125 0.984047 0.967250 0.883987 0.639126 0.542141 0.354116 0.099287 -0.048628 -0.185067 -0.393908 -0.574526 -0.673715 -0.802533 -0.876135 -0.957012 -0.986239 0.983285 0.964969 0.868823 0.660858 0.524684 0.272212 0.055264 -0.060236 -0.285497 -0.438680 -0.619587 -0.708385 -0.818402 -0.865764 -0.959776 -0.990385 
34.395576 470033.406250 46 46 46 0.729217 0.888186 0.859485 0.970565 0.962980 0.924874 0.684069 0.545911 0.445210 0.221783 0.062056 -0.167331 -0.431423 -0.529223 -0.657738 -0.813275 -0.882910 -0.955443 -0.985518 0.981881 0.965697 0.928726 0.634703 0.542995 0.431645 0.183928 0.002099 -0.203115 -0.425442 -0.568860 -0.682181 -0.829866 -0.892157 -0.960694 -0.984731 
29.440773 239022.078125 46 44 46 0.866787 0.902887 0.671851 0.973665 0.962180 0.923220 0.628819 0.527103 0.454838 0.211193 0.060652 -0.179577 -0.449882 -0.525733 -0.648994 -0.802044 -0.892625 -0.962529 -0.986689 0.972760 0.960784 0.927477 0.692492 0.540292 0.441904 0.232339 0.055303 -0.100023 -0.398974 -0.527420 -0.610578 -0.807684 -0.892926 -0.963085 -0.988289 
26.668205 89203.750000 118 130 48 0.681645 0.635651 0.691399 0.975127 0.964514 0.930552 0.704340 0.531286 0.469094 0.232601 0.082250 -0.202180 -0.430862 -0.530681 -0.697162 -0.820065 -0.892720 -0.973538 -0.990302 0.972967 0.961466 0.906382 0.623664 0.531675 0.458472 0.254275 0.060072 -0.233189 -0.452813 -0.538888 -0.691662 -0.799858 -0.904818 -0.972085 -0.989047 
38.140224 7556736.500000 50 50 92 0.872205 0.643913 0.279040 0.971883 0.929559 0.828506 0.739534 0.619620 0.534967 0.171393 0.030834 -0.071064 -0.224250 -0.503056 -0.593512 -0.702333 -0.801522 -0.933288 -0.977411 0.974991 0.962187 0.922046 0.756343 0.566623 0.471416 0.238911 0.048290 -0.141826 -0.410572 -0.543824 -0.692135 -0.820346 -0.896156 -0.967913 -0.990254 
40.074219 3580563.250000 28 96 22 0.290053 0.525925 0.389520 0.965741 0.906560 0.808390 0.706442 0.614970 0.494577 0.146344 0.047762 -0.112763 -0.214646 -0.450814 -0.589038 -0.707100 -0.805292 -0.962532 -0.991887 0.969608 0.941435 0.823489 0.743265 0.616222 0.546652 0.156730 0.030002 -0.074900 -0.201962 -0.515603 -0.598791 -0.705816 -0.796594 -0.948661 -0.983680 
40.735306 4196232.500000 130 62 38 0.439648 0.325078 0.448029 0.946940 0.849686 0.790109 0.745676 0.623627 0.548286 0.215452 0.100313 -0.087523 -0.201396 -0.473665 -0.582746 -0.724336 -0.821713 -0.958170 -0.995296 0.949464 0.891113 0.780940 0.687923 0.609748 0.507324 0.171740 0.083945 -0.108327 -0.209597 -0.451398 -0.598192 -0.722716 -0.805343 -0.966077 -0.993659 
44.707169 2107095.250000 38 56 38 0.446766 0.488174 0.786214 0.983684 0.968064 0.890927 0.778834 0.709819 0.645137 0.459543 0.182336 -0.000430 -0.111902 -0.391562 -0.573855 -0.717007 -0.833969 -0.911784 -0.992200 0.941647 0.850669 0.777249 0.752681 0.649183 0.579508 0.258556 0.092509 -0.065686 -0.167697 -0.459637 -0.579821 -0.753335 -0.835900 -0.932875 -0.994301 
58.162544 10990666.000000 40 44 44 0.680946 0.913629 0.988572 0.977730 0.959762 0.913749 0.749258 0.680818 0.631496 0.572600 0.301033 0.081016 0.005998 -0.096608 -0.439906 -0.580385 -0.626541 -0.855361 -0.987694 0.983803 0.962724 0.922178 0.791200 0.712037 0.659625 0.578260 0.371892 0.113816 0.018193 -0.123292 -0.517129 -0.599273 -0.721102 -0.915739 -0.986729 
58.101318 16946794.000000 44 44 44 0.993396 0.967223 0.836968 0.976139 0.959318 0.920393 0.710403 0.643203 0.615207 0.383391 0.181679 0.079379 -0.032225 -0.075609 -0.473061 -0.566150 -0.630815 -0.760701 -0.967729 0.975114 0.959108 0.912550 0.718019 0.651720 0.625492 0.459406 0.215157 0.087935 -0.017856 -0.080760 -0.455226 -0.581554 -0.633997 -0.806586 -0.985131 
55.652489 14962146.000000 42 42 42 0.929377 0.988997 0.979656 0.985337 0.969252 0.912916 0.736005 0.629749 0.608204 0.275152 0.107823 0.040289 -0.065716 -0.270413 -0.520774 -0.597342 -0.649239 -0.749573 -0.902293 0.978918 0.960283 0.918857 0.714157 0.634815 0.601725 0.297642 0.106978 0.033138 -0.062009 -0.157947 -0.507176 -0.581953 -0.658365 -0.713498 -0.909884 
52.927177 1280786.750000 42 42 42 0.960233 0.956474 0.921485 0.989485 0.985837 0.952414 0.771048 0.653675 0.608035 0.370653 0.177669 0.010140 -0.068288 -0.330076 -0.558761 -0.611246 -0.706327 -0.813495 -0.955082 0.988870 0.983685 0.920807 0.758681 0.633315 0.611767 0.348136 0.106044 0.020815 -0.090947 -0.267482 -0.553792 -0.611670 -0.667996 -0.777481 -0.916328 
48.268501 313393.093750 42 44 42 0.917193 0.761693 0.330524 0.989399 0.976502 0.932242 0.785269 0.641195 0.577350 0.410820 0.224679 0.044232 -0.026670 -0.221891 -0.463453 -0.591857 -0.691504 -0.861025 -0.970438 0.989964 0.984674 0.954156 0.829175 0.658661 0.608840 0.374786 0.220682 0.026639 -0.032071 -0.287091 -0.513692 -0.614027 -0.699248 -0.851573 -0.970116 
32.286438 978431.312500 50 44 44 0.274181 0.573348 0.858335 0.980909 0.952394 0.861725 0.710747 0.631521 0.495704 0.288770 0.117321 -0.062000 -0.186174 -0.477879 -0.602808 -0.705605 -0.808293 -0.902276 -0.985700 0.975909 0.953656 0.862893 0.703479 0.630619 0.531011 0.358375 0.192500 0.034506 -0.108839 -0.303718 -0.508804 -0.614693 -0.743503 -0.876558 -0.976419 
34.712341 1854555.625000 44 42 44 0.847174 0.633262 0.820124 0.981320 0.947388 0.820358 0.676256 0.625385 0.476519 0.206947 -0.011687 -0.183183 -0.459949 -0.628468 -0.736129 -0.818639 -0.885153 -0.949364 -0.989502 0.984473 0.955172 0.849330 0.705593 0.630416 0.491762 0.271211 0.071690 -0.102295 -0.274703 -0.566303 -0.678761 -0.781688 -0.864137 -0.941638 -0.987852 
41.799732 3752968.250000 42 44 42 0.650839 0.834332 0.764663 0.981312 0.961406 0.836857 0.653404 0.616943 0.416057 0.104855 -0.046776 -0.286609 -0.553041 -0.628472 -0.715801 -0.834827 -0.907032 -0.962406 -0.994262 0.983903 0.961890 0.814437 0.656193 0.626957 0.437906 0.152095 -0.030390 -0.267423 -0.511756 -0.622642 -0.753459 -0.833194 -0.900247 -0.960366 -0.994051 
44.897240 4051317.750000 44 44 36 0.761066 0.728193 0.608968 0.977818 0.952432 0.802687 0.683890 0.605232 0.422599 0.055556 -0.038492 -0.285665 -0.579525 -0.618546 -0.754058 -0.834945 -0.889136 -0.956006 -0.992757 0.979205 0.954251 0.806680 0.676468 0.602445 0.432497 0.052908 -0.053264 -0.361982 -0.580261 -0.621575 -0.737305 -0.856885 -0.901082 -0.968283 -0.993136 
55.363503 51470188.000000 146 38 44 0.406613 0.798779 0.976166 0.986176 0.971884 0.905179 0.766176 0.660476 0.625884 0.341011 0.051572 -0.012573 -0.212839 -0.504362 -0.591345 -0.650056 -0.781626 -0.918587 -0.978522 0.986304 0.977208 0.920409 0.777551 0.659355 0.614434 0.288224 0.047492 -0.054422 -0.352686 -0.584106 -0.635984 -0.782118 -0.862169 -0.925568 -0.987128 
57.713867 14641530.000000 44 44 48 0.955082 0.968738 0.484168 0.985970 0.968947 0.929296 0.851872 0.690123 0.658092 0.383588 0.058334 0.014508 -0.194719 -0.474797 -0.564525 -0.641793 -0.743189 -0.854268 -0.977334 0.984824 0.967381 0.920703 0.807427 0.669954 0.645135 0.387085 0.054538 -0.014657 -0.215649 -0.503519 -0.569453 -0.650780 -0.715134 -0.867207 -0.973828 
43.226170 386360.406250 48 48 46 0.764695 0.627853 0.794826 0.988779 0.977730 0.907665 0.807107 0.684472 0.614573 0.330195 0.060842 -0.025323 -0.298711 -0.516676 -0.597129 -0.765281 -0.875735 -0.939007 -0.985642 0.989229 0.976544 0.921815 0.847115 0.709966 0.646621 0.341912 0.071775 0.012754 -0.240616 -0.456024 -0.577354 -0.700221 -0.843086 -0.918598 -0.988797 
36.425064 172435.234375 46 44 44 0.770982 0.861576 0.651515 0.988717 0.979974 0.905263 0.746439 0.662244 0.625378 0.310272 0.102738 0.022807 -0.252092 -0.492010 -0.593180 -0.679664 -0.855730 -0.936673 -0.986327 0.990010 0.984153 0.916071 0.774865 0.653574 0.597278 0.337610 0.069319 -0.018627 -0.250603 -0.512311 -0.612879 -0.722942 -0.862361 -0.942311 -0.987532 
29.716148 63649.675781 44 44 50 0.706134 0.764377 0.573322 0.985896 0.970110 0.901512 0.807191 0.703814 0.631427 0.368767 0.105067 0.023823 -0.210925 -0.470412 -0.580627 -0.676210 -0.817165 -0.938872 -0.984555 0.983970 0.967214 0.903928 0.777394 0.681582 0.623750 0.355104 0.097834 0.047891 -0.292080 -0.485836 -0.580873 -0.660871 -0.836075 -0.940552 -0.985411 
41.233742 15698531.000000 50 50 44 0.724502 0.468673 0.685466 0.971742 0.926136 0.872129 0.724521 0.637117 0.389237 0.225534 0.010750 -0.084764 -0.183803 -0.514760 -0.608632 -0.710271 -0.800680 -0.902446 -0.982669 0.980656 0.946734 0.882254 0.767815 0.635479 0.439722 0.233793 0.028771 -0.078683 -0.227407 -0.482923 -0.601746 -0.713696 -0.802205 -0.907658 -0.980837 
56.564945 11847460.000000 48 46 48 0.355848 0.846915 0.960696 0.980111 0.964201 0.932850 0.876845 0.835366 0.613422 0.098519 0.011083 -0.059434 -0.205398 -0.297941 -0.555744 -0.722431 -0.779209 -0.806221 -0.864691 0.986544 0.968261 0.920773 0.873699 0.760329 0.592445 0.263303 0.017052 -0.082239 -0.221754 -0.344006 -0.583635 -0.684724 -0.794516 -0.828344 -0.969307 
61.705666 11411546.000000 48 50 52 0.954878 0.988502 0.967953 0.973314 0.966374 0.931232 0.888127 0.840294 0.605813 0.078297 -0.042726 -0.104595 -0.196743 -0.288753 -0.487495 -0.698828 -0.768664 -0.812268 -0.851911 0.974022 0.965056 0.931434 0.881486 0.839411 0.596069 0.082373 -0.025188 -0.095672 -0.166129 -0.298056 -0.511659 -0.719098 -0.766322 -0.814493 -0.849137 
60.100998 3829533.000000 50 52 52 0.974282 0.992226 0.984044 0.977019 0.969931 0.945526 0.908982 0.867645 0.595448 0.031534 -0.083833 -0.140184 -0.216160 -0.301707 -0.470831 -0.643516 -0.718728 -0.795824 -0.934673 0.975104 0.967929 0.936858 0.897144 0.853147 0.577560 0.053704 -0.060826 -0.133195 -0.205013 -0.304870 -0.500649 -0.641850 -0.745478 -0.806276 -0.869624 
56.585602 836508.250000 52 52 52 0.993094 0.947220 0.967981 0.983348 0.972564 0.956428 0.913095 0.861159 0.661698 0.108194 -0.098894 -0.139228 -0.228723 -0.298203 -0.504881 -0.641284 -0.727885 -0.799949 -0.943716 0.979418 0.971691 0.953296 0.917042 0.865692 0.595551 0.077451 -0.098816 -0.145678 -0.232150 -0.311964 -0.513225 -0.633521 -0.712770 -0.790461 -0.941393 
50.723656 310536.625000 52 54 54 0.967373 0.941251 0.882863 0.986952 0.975710 0.951993 0.895822 0.863966 0.689305 0.276846 -0.085086 -0.131837 -0.226057 -0.307164 -0.468500 -0.650176 -0.719905 -0.846821 -0.961267 0.986641 0.973738 0.953218 0.908674 0.856419 0.651221 0.263696 -0.076308 -0.124540 -0.224910 -0.296782 -0.429744 -0.641531 -0.747001 -0.834737 -0.963600 
53.764385 3074006.000000 54 54 54 0.803458 0.906833 0.851566 0.977768 0.968658 0.943833 0.886118 0.821397 0.696189 0.131566 -0.076764 -0.136359 -0.222704 -0.345491 -0.613575 -0.706840 -0.744428 -0.791545 -0.907750 0.986598 0.975875 0.951546 0.898388 0.839616 0.625817 0.222999 -0.075657 -0.122002 -0.228120 -0.307989 -0.533839 -0.689702 -0.755191 -0.837348 -0.957188 
59.568272 12833119.000000 54 54 56 0.866959 0.944339 0.985845 0.976983 0.965709 0.932176 0.885396 0.788375 0.644677 0.095738 -0.002789 -0.101240 -0.161032 -0.289804 -0.580967 -0.683341 -0.742670 -0.802934 -0.846884 0.976022 0.967713 0.933429 0.884298 0.811368 0.647769 0.107275 -0.056486 -0.121554 -0.199010 -0.305778 -0.592462 -0.687126 -0.731438 -0.788012 -0.886836 
58.265224 9208631.000000 56 56 60 0.984390 0.972986 0.849311 0.978182 0.966422 0.932561 0.857647 0.777124 0.597195 0.160554 0.083135 -0.029472 -0.127675 -0.275223 -0.516498 -0.705675 -0.738896 -0.823221 -0.851297 0.977411 0.965474 0.935118 0.878292 0.776414 0.632858 0.099421 0.036843 -0.045068 -0.157377 -0.290752 -0.533987 -0.701203 -0.745729 -0.808937 -0.838886 
45.583984 456220.375000 58 62 62 0.802242 0.738848 0.733854 0.990094 0.978424 0.926247 0.849578 0.809302 0.545618 0.207399 0.121612 -0.029058 -0.151928 -0.267540 -0.568503 -0.661736 -0.759745 -0.826359 -0.924771 0.984101 0.969705 0.922914 0.844324 0.788520 0.565139 0.203463 0.125476 -0.017875 -0.137190 -0.242473 -0.515054 -0.691849 -0.739167 -0.824816 -0.874901 
42.565269 658984.875000 62 56 74 0.805849 0.647034 0.589405 0.989153 0.970074 0.924118 0.866825 0.751958 0.608566 0.242810 0.060911 -0.073475 -0.176260 -0.404423 -0.635830 -0.723955 -0.785444 -0.914703 -0.993421 0.990176 0.975500 0.925901 0.864634 0.791273 0.638875 0.276323 0.085766 -0.062266 -0.164864 -0.306225 -0.611633 -0.686374 -0.763326 -0.827979 -0.973361 
41.711483 4039756.500000 52 64 62 0.588190 0.680911 0.592718 0.991244 0.959875 0.891728 0.810893 0.641711 0.566563 0.209119 0.055463 -0.080712 -0.233629 -0.466721 -0.609667 -0.768155 -0.851348 -0.909944 -0.985623 0.990974 0.967743 0.906905 0.824320 0.680490 0.579303 0.174451 0.050420 -0.099806 -0.241365 -0.463403 -0.624560 -0.778001 -0.828579 -0.922923 -0.987965 
43.730537 2074552.625000 64 64 64 0.602990 0.715004 0.749914 0.988831 0.966105 0.896918 0.824567 0.719573 0.619355 0.339373 0.076914 -0.036849 -0.189188 -0.416644 -0.615326 -0.730031 -0.853794 -0.920280 -0.985514 0.989434 0.963151 0.905206 0.827779 0.656210 0.579215 0.270263 0.059751 -0.061714 -0.210490 -0.451607 -0.619479 -0.725158 -0.849795 -0.910602 -0.987496 
47.456848 617699.937500 64 64 64 0.730104 0.885097 0.931378 0.984869 0.974525 0.923728 0.873251 0.749382 0.679833 0.519311 0.161033 0.027977 -0.115789 -0.325882 -0.539728 -0.655005 -0.830132 -0.928179 -0.974513 0.986187 0.973880 0.920418 0.825234 0.750913 0.672188 0.398312 0.112732 -0.024096 -0.144173 -0.367939 -0.549375 -0.686169 -0.849256 -0.927481 -0.974856 
52.021713 513398.156250 64 62 62 0.908524 0.955636 0.977937 0.982969 0.975560 0.917923 0.869825 0.819663 0.681710 0.641688 0.287748 0.062067 -0.024415 -0.223853 -0.483135 -0.663019 -0.801809 -0.917738 -0.975246 0.983755 0.975579 0.917961 0.876759 0.787834 0.688518 0.633220 0.181102 0.039418 -0.059912 -0.272404 -0.525459 -0.650358 -0.806379 -0.928139 -0.973558 
56.912422 1669572.125000 62 62 60 0.990603 0.920562 0.958231 0.980371 0.973781 0.925163 0.789380 0.741110 0.679957 0.598620 0.473242 0.136773 0.051935 -0.032746 -0.360393 -0.615238 -0.784160 -0.906509 -0.977247 0.981949 0.975339 0.920667 0.847604 0.794087 0.692509 0.627619 0.493363 0.101664 0.020586 -0.164873 -0.429185 -0.641329 -0.799325 -0.913752 -0.973505 
60.156712 13926575.000000 60 60 60 0.963749 0.972094 0.964476 0.978392 0.969064 0.919733 0.728226 0.657799 0.606590 0.503180 0.315586 0.100820 -0.027671 -0.094324 -0.302491 -0.558730 -0.597035 -0.872005 -0.972131 0.979160 0.971691 0.915064 0.751510 0.700603 0.644188 0.559341 0.419571 0.170767 0.019941 -0.015460 -0.350519 -0.558982 -0.722891 -0.904093 -0.975254 
59.260612 32776002.000000 60 60 60 0.951342 0.968575 0.984454 0.979754 0.971988 0.934296 0.678137 0.566281 0.464826 0.284195 0.170712 0.005828 -0.127276 -0.193533 -0.396341 -0.558157 -0.648826 -0.716804 -0.927694 0.979053 0.970069 0.927630 0.707136 0.597328 0.555982 0.372745 0.248799 0.044282 -0.073173 -0.131140 -0.321930 -0.562528 -0.612561 -0.757537 -0.964357 
58.969311 56310688.000000 60 60 60 0.978260 0.968608 0.979047 0.980499 0.975965 0.931766 0.662291 0.524916 0.312519 0.229353 0.068347 -0.050791 -0.204117 -0.269262 -0.480393 -0.625497 -0.698473 -0.743267 -0.972246 0.980062 0.973985 0.930842 0.686916 0.554071 0.368596 0.233924 0.112751 -0.018235 -0.147644 -0.229514 -0.467085 -0.605057 -0.706773 -0.741340 -0.965189 
58.631226 38906056.000000 60 60 60 0.977581 0.987229 0.985726 0.981233 0.976065 0.946102 0.686602 0.490487 0.306207 0.230141 0.046692 -0.067015 -0.230364 -0.318249 -0.428001 -0.598823 -0.695824 -0.759058 -0.983343 0.980770 0.975967 0.944009 0.680193 0.480068 0.310402 0.220168 0.073606 -0.053243 -0.213747 -0.299998 -0.436131 -0.613576 -0.699904 -0.746932 -0.980040 
56.887745 18273114.000000 60 60 60 0.974711 0.990256 0.994575 0.983297 0.976840 0.958977 0.731392 0.470364 0.289194 0.191696 0.039219 -0.069834 -0.221436 -0.336911 -0.437029 -0.584188 -0.663776 -0.756852 -0.986793 0.982174 0.976382 0.954299 0.691617 0.480286 0.306291 0.218425 0.032445 -0.057563 -0.229241 -0.323166 -0.442677 -0.591822 -0.675012 -0.734917 -0.987235 
53.689198 4290553.000000 60 60 62 0.993805 0.975091 0.463399 0.985467 0.977382 0.959171 0.726748 0.475575 0.359857 0.184622 0.060581 -0.009759 -0.133547 -0.311942 -0.401823 -0.568489 -0.618156 -0.804234 -0.987483 0.984575 0.977245 0.962140 0.721260 0.481209 0.291300 0.153449 0.039780 -0.038861 -0.178820 -0.329836 -0.434217 -0.577260 -0.619428 -0.766298 -0.988536 
40.062431 473135.750000 64 68 62 0.650661 0.822470 0.792821 0.993326 0.980499 0.926711 0.747664 0.602316 0.456140 0.329293 0.226159 -0.025777 -0.199784 -0.310015 -0.449782 -0.565699 -0.729406 -0.863840 -0.929444 0.991334 0.976457 0.933225 0.739847 0.597354 0.402594 0.343121 0.115196 -0.011318 -0.174255 -0.316841 -0.419518 -0.561862 -0.654947 -0.842473 -0.966708 
48.319328 12379211.000000 62 60 62 0.760985 0.775031 0.966957 0.987354 0.978417 0.953169 0.668030 0.472617 0.266263 0.165755 0.014911 -0.064628 -0.211115 -0.387120 -0.513830 -0.681828 -0.787317 -0.870375 -0.969098 0.992438 0.973549 0.904752 0.705821 0.537690 0.350352 0.198515 0.055692 -0.047327 -0.234860 -0.418720 -0.566129 -0.665719 -0.763009 -0.859154 -0.930907 
54.772602 23695286.000000 60 62 62 0.960795 0.991917 0.985999 0.985084 0.978267 0.963232 0.671434 0.379313 0.227996 0.147498 -0.013029 -0.102515 -0.226899 -0.376564 -0.489973 -0.741834 -0.807711 -0.903101 -0.973882 0.984805 0.977885 0.960174 0.663474 0.394051 0.243030 0.159067 0.009081 -0.080561 -0.204776 -0.362915 -0.466678 -0.727787 -0.789188 -0.876546 -0.977340 
54.071011 14522200.000000 62 62 64 0.994311 0.979241 0.985997 0.987476 0.979142 0.969199 0.714636 0.368151 0.214834 0.135736 -0.007211 -0.111795 -0.213349 -0.364777 -0.472932 -0.744665 -0.786407 -0.876430 -0.964323 0.986883 0.978917 0.967639 0.690346 0.401131 0.216049 0.139136 0.000097 -0.109090 -0.232397 -0.376295 -0.486728 -0.757484 -0.795018 -0.898817 -0.974917 
52.860977 9894884.000000 64 64 64 0.990525 0.993190 0.957075 0.988283 0.979986 0.969233 0.738100 0.377357 0.225723 0.158530 0.008586 -0.113229 -0.220074 -0.355338 -0.492771 -0.768289 -0.803759 -0.910761 -0.973625 0.987734 0.979619 0.969157 0.724685 0.390986 0.239623 0.141597 -0.011059 -0.107659 -0.211626 -0.365372 -0.484891 -0.759471 -0.795129 -0.903763 -0.961824 
54.123688 14327524.000000 64 64 64 0.971308 0.962775 0.980844 0.986171 0.979597 0.968038 0.753937 0.338048 0.229309 0.154117 0.012619 -0.104881 -0.223468 -0.371919 -0.447526 -0.742249 -0.808502 -0.890808 -0.968063 0.986891 0.980195 0.967242 0.757956 0.403014 0.218134 0.146947 -0.013691 -0.110479 -0.228568 -0.372582 -0.489948 -0.762625 -0.815212 -0.916753 -0.967702 
57.238670 28383142.000000 64 64 66 0.971778 0.965989 0.977088 0.984171 0.979265 0.961691 0.751217 0.369408 0.231171 0.154561 0.029581 -0.091108 -0.193954 -0.366282 -0.444323 -0.721491 -0.796198 -0.896193 -0.972691 0.985042 0.979506 0.965468 0.738887 0.310333 0.224446 0.159242 0.003309 -0.101542 -0.208688 -0.385130 -0.458437 -0.742594 -0.802530 -0.907176 -0.973137 
58.306812 30094258.000000 66 66 68 0.986060 0.983332 0.981624 0.984135 0.978859 0.952915 0.764636 0.428023 0.284578 0.185347 0.062504 -0.061820 -0.188839 -0.347762 -0.440959 -0.620130 -0.788552 -0.880487 -0.967043 0.983934 0.979236 0.956820 0.760106 0.381679 0.264046 0.152157 0.021135 -0.077865 -0.180338 -0.370004 -0.437676 -0.709384 -0.799381 -0.869253 -0.962466 
55.049610 12845866.000000 68 70 70 0.978128 0.985080 0.979237 0.984367 0.974187 0.950640 0.807020 0.459494 0.322160 0.223814 0.105096 -0.022585 -0.141630 -0.310931 -0.399340 -0.545676 -0.682037 -0.915099 -0.964593 0.984510 0.976946 0.950984 0.792978 0.442506 0.315392 0.174201 0.064798 -0.038921 -0.172608 -0.347158 -0.418417 -0.579692 -0.737834 -0.924339 -0.980746 
54.706779 6259028.500000 70 72 72 0.982927 0.981582 0.979388 0.984967 0.972971 0.956134 0.851466 0.477813 0.328585 0.229625 0.131811 0.017106 -0.105675 -0.288451 -0.365653 -0.489569 -0.650097 -0.800251 -0.949910 0.984626 0.973146 0.953837 0.835443 0.481244 0.335911 0.223071 0.124282 0.002136 -0.108770 -0.307270 -0.375446 -0.525063 -0.673612 -0.870465 -0.956113 
54.232044 4026558.750000 72 72 72 0.982449 0.966309 0.956834 0.985251 0.975645 0.954284 0.858939 0.492669 0.348886 0.240191 0.160611 0.051599 -0.065053 -0.277424 -0.361653 -0.478100 -0.603147 -0.800596 -0.962050 0.985060 0.974179 0.955300 0.848617 0.495104 0.332964 0.232490 0.142983 0.036119 -0.095600 -0.288398 -0.368408 -0.475177 -0.618740 -0.777644 -0.957286 
53.893410 3947767.000000 72 72 72 0.962318 0.976149 0.980035 0.986378 0.979438 0.959138 0.850482 0.430592 0.318297 0.206637 0.143403 0.047123 -0.090688 -0.323469 -0.401961 -0.537509 -0.623515 -0.773486 -0.966496 0.985769 0.977207 0.955475 0.863863 0.466678 0.328241 0.228611 0.161216 0.051856 -0.078234 -0.294762 -0.382090 -0.511114 -0.620315 -0.810861 -0.963491 
53.685776 4366805.500000 72 72 72 0.985643 0.992975 0.974001 0.986743 0.981153 0.961204 0.791913 0.397638 0.304568 0.197970 0.139227 0.023236 -0.150541 -0.351537 -0.440416 -0.555343 -0.607460 -0.776805 -0.973367 0.986530 0.980531 0.960582 0.830635 0.400072 0.304549 0.196114 0.129258 0.032185 -0.130331 -0.350418 -0.433189 -0.563675 -0.621157 -0.773277 -0.970068 
48.422508 1637492.875000 72 72 74 0.969048 0.919196 0.895267 0.992091 0.983692 0.968207 0.733348 0.423474 0.290451 0.148230 0.046655 -0.118883 -0.271306 -0.393157 -0.506649 -0.620218 -0.784624 -0.917625 -0.982335 0.989173 0.981880 0.969149 0.843744 0.434849 0.309145 0.211744 0.127079 0.028489 -0.144792 -0.375149 -0.454761 -0.570627 -0.618147 -0.858250 -0.974434 
47.081459 15553873.000000 72 72 72 0.780237 0.736531 0.793044 0.985667 0.974986 0.742504 0.459185 0.332758 0.139602 0.020110 -0.127429 -0.228407 -0.336125 -0.529122 -0.619960 -0.750001 -0.838273 -0.904510 -0.988547 0.990093 0.983017 0.893742 0.472828 0.365862 0.227198 0.041037 -0.085374 -0.209431 -0.318774 -0.496642 -0.618608 -0.735775 -0.828112 -0.919746 -0.983854 
50.403694 21957736.000000 72 72 70 0.792955 0.793919 0.777361 0.985894 0.961250 0.615169 0.442554 0.318308 0.145445 0.035739 -0.075649 -0.251695 -0.444785 -0.550104 -0.665374 -0.741962 -0.833064 -0.931274 -0.995086 0.985414 0.967177 0.690581 0.441432 0.327549 0.119661 0.032277 -0.117064 -0.252145 -0.412576 -0.537092 -0.651935 -0.735553 -0.831566 -0.901325 -0.987213 
48.571083 12795945.000000 72 74 74 0.758889 0.510730 0.571666 0.980112 0.940081 0.620075 0.446270 0.264523 0.113759 0.029516 -0.099571 -0.253081 -0.452919 -0.563015 -0.643018 -0.767484 -0.852512 -0.932817 -0.984397 0.981719 0.955771 0.621336 0.425387 0.323770 0.137205 0.037379 -0.078834 -0.220848 -0.440313 -0.564131 -0.664918 -0.766600 -0.855569 -0.942138 -0.992228 
50.760025 20255018.000000 120 104 224 0.637944 0.631777 0.395854 0.975864 0.883655 0.618941 0.520538 0.219266 0.096090 0.024257 -0.129566 -0.333609 -0.424628 -0.575164 -0.666097 -0.786891 -0.860490 -0.936688 -0.993046 0.978495 0.910370 0.627963 0.506634 0.195489 0.116214 0.021651 -0.111112 -0.286160 -0.429530 -0.572102 -0.654703 -0.766007 -0.858499 -0.926709 -0.987968 
51.651459 16226995.000000 124 40 74 0.500213 0.683535 0.597801 0.976309 0.903721 0.607472 0.433180 0.266590 0.104031 0.004765 -0.186072 -0.291433 -0.454510 -0.573013 -0.659932 -0.786169 -0.850596 -0.942297 -0.994029 0.978566 0.898708 0.597300 0.444040 0.230551 0.082076 0.012255 -0.176853 -0.315545 -0.455272 -0.566252 -0.676880 -0.772300 -0.865088 -0.921776 -0.990086 
45.575489 5060477.500000 40 62 48 0.627762 0.624211 0.765411 0.987309 0.963613 0.679853 0.526008 0.348995 0.162638 0.088478 -0.095058 -0.284452 -0.393333 -0.544464 -0.651782 -0.754640 -0.877438 -0.924939 -0.980445 0.973897 0.894054 0.591170 0.477690 0.289621 0.141569 0.042322 -0.143069 -0.281367 -0.419467 -0.589435 -0.656290 -0.775841 -0.856626 -0.936787 -0.990730 
51.537628 36851312.000000 46 52 58 0.416483 0.885587 0.971042 0.987087 0.971516 0.943250 0.683008 0.539933 0.337243 0.139263 0.069947 -0.079829 -0.238421 -0.422111 -0.539868 -0.633781 -0.751656 -0.883256 -0.966527 0.990685 0.974307 0.944308 0.773120 0.491334 0.301090 0.133177 0.061145 -0.138130 -0.288840 -0.472645 -0.586089 -0.678917 -0.842563 -0.921262 -0.978586 
52.586060 16632987.000000 56 58 58 0.977011 0.982528 0.951731 0.986133 0.973699 0.945600 0.687637 0.563452 0.438315 0.129729 0.058501 -0.062565 -0.241258 -0.441786 -0.535216 -0.603473 -0.704875 -0.861978 -0.965565 0.985409 0.972292 0.940274 0.678377 0.549045 0.380034 0.140898 0.070312 -0.080598 -0.236702 -0.439723 -0.520425 -0.627256 -0.723573 -0.834451 -0.964535 
47.532486 1467244.500000 58 58 56 0.982858 0.949360 0.968152 0.991812 0.979904 0.955221 0.859412 0.587277 0.499840 0.247263 0.080064 -0.086576 -0.302899 -0.430026 -0.529362 -0.659685 -0.796999 -0.931988 -0.977332 0.989652 0.976691 0.954567 0.739679 0.576018 0.504459 0.139797 0.059574 -0.088922 -0.287014 -0.427421 -0.517944 -0.593162 -0.747714 -0.904499 -0.975662 
47.390064 811580.437500 56 54 52 0.980828 0.971865 0.952487 0.991495 0.979304 0.957273 0.889828 0.605254 0.521073 0.245787 0.148282 0.011673 -0.248038 -0.375693 -0.476867 -0.611442 -0.812839 -0.923309 -0.967904 0.991767 0.979029 0.957727 0.864512 0.580208 0.501148 0.248447 0.141181 0.003891 -0.245175 -0.394491 -0.517515 -0.667294 -0.813695 -0.931614 -0.978000 
49.502953 4562623.500000 54 52 50 0.974936 0.965260 0.941876 0.989247 0.972709 0.954715 0.809469 0.585787 0.495421 0.210142 0.093968 0.011314 -0.201452 -0.414794 -0.534714 -0.607086 -0.699837 -0.765465 -0.935453 0.991872 0.980453 0.957413 0.885226 0.610857 0.531402 0.236389 0.132163 0.026652 -0.221009 -0.398113 -0.503574 -0.601617 -0.724451 -0.887012 -0.971340 
53.099770 24348544.000000 50 48 48 0.968600 0.987435 0.960292 0.983429 0.966098 0.941060 0.721657 0.546176 0.438267 0.184763 0.078943 -0.022734 -0.229773 -0.431982 -0.533276 -0.622409 -0.726636 -0.790899 -0.877712 0.984964 0.967984 0.948710 0.753686 0.569046 0.458424 0.188910 0.081539 -0.007368 -0.199078 -0.435866 -0.515187 -0.620737 -0.701185 -0.756609 -0.861843 
53.818432 31773952.000000 48 46 48 0.958563 0.994001 0.937705 0.987463 0.971513 0.941402 0.736778 0.575019 0.405060 0.157588 0.055608 -0.020196 -0.254851 -0.453883 -0.554545 -0.648391 -0.755335 -0.794464 -0.963942 0.984906 0.967260 0.939288 0.718544 0.559145 0.406037 0.154072 0.066689 -0.032707 -0.239000 -0.462447 -0.553250 -0.642068 -0.749472 -0.787378 -0.956479 
51.714233 5516514.000000 46 48 52 0.986584 0.975340 0.838157 0.990527 0.982264 0.951103 0.809511 0.538458 0.483198 0.219949 0.035306 -0.050762 -0.277644 -0.524181 -0.602187 -0.748742 -0.814659 -0.902562 -0.980517 0.990149 0.979704 0.944687 0.753367 0.562953 0.472526 0.204034 0.047002 -0.030271 -0.211944 -0.464042 -0.560489 -0.674284 -0.772124 -0.837925 -0.962041 
43.420006 5525258.500000 50 50 50 0.817941 0.666395 0.668387 0.985452 0.965046 0.899000 0.615826 0.497641 0.407683 0.056090 -0.075471 -0.259374 -0.519351 -0.585859 -0.690059 -0.835055 -0.888476 -0.943371 -0.976834 0.987723 0.974995 0.939921 0.698284 0.503202 0.447262 0.119567 -0.033956 -0.174704 -0.451726 -0.569627 -0.667673 -0.811358 -0.859452 -0.930500 -0.967762 
46.458405 5264035.500000 50 48 48 0.643140 0.698733 0.599323 0.985623 0.966242 0.835731 0.585566 0.494083 0.275414 0.083162 -0.074076 -0.342530 -0.538698 -0.641324 -0.759301 -0.826534 -0.921525 -0.961850 -0.992962 0.983603 0.966392 0.857147 0.579963 0.507190 0.319978 0.024551 -0.088231 -0.342596 -0.542622 -0.605297 -0.731777 -0.845729 -0.913729 -0.959927 -0.994604 
47.238220 2969991.250000 60 46 44 0.581028 0.560975 0.372048 0.984514 0.952473 0.791031 0.599940 0.526533 0.316795 0.032379 -0.066479 -0.347784 -0.558031 -0.640872 -0.819463 -0.875534 -0.927455 -0.965994 -0.993290 0.986254 0.956216 0.822838 0.586097 0.512940 0.284046 0.085325 -0.060189 -0.362187 -0.538032 -0.634632 -0.792413 -0.860416 -0.923115 -0.963006 -0.992399 
47.175262 1304740.375000 202 48 94 0.449921 0.685756 0.639616 0.986446 0.955741 0.782242 0.595804 0.498854 0.337990 0.073752 -0.054662 -0.425389 -0.565970 -0.633792 -0.790430 -0.872087 -0.926251 -0.978383 -0.991979 0.987388 0.949215 0.799860 0.609943 0.507893 0.357384 0.012205 -0.069600 -0.409569 -0.575319 -0.665332 -0.813518 -0.880968 -0.930739 -0.975157 -0.995430 
42.469139 1035770.937500 94 44 52 0.523523 0.507524 0.489056 0.981709 0.934677 0.791766 0.644103 0.507662 0.297609 0.075097 -0.065062 -0.395310 -0.578848 -0.645365 -0.787802 -0.861845 -0.934918 -0.966281 -0.984034 0.980755 0.939488 0.765927 0.595809 0.508949 0.302776 0.089375 -0.047227 -0.424039 -0.570149 -0.632427 -0.783656 -0.870564 -0.931030 -0.967089 -0.988106 
46.365189 919585.625000 48 44 48 0.568268 0.568191 0.589558 0.978948 0.950804 0.812786 0.663787 0.501468 0.295018 0.129140 -0.096457 -0.541777 -0.585770 -0.663829 -0.759196 -0.873346 -0.929923 -0.979639 -0.996033 0.982454 0.945457 0.801098 0.673485 0.512871 0.294293 0.086468 -0.069562 -0.475664 -0.600272 -0.664648 -0.787380 -0.876749 -0.940310 -0.981488 -0.994465 
46.673054 1057469.500000 46 34 38 0.491590 0.417197 0.357540 0.975344 0.926039 0.796325 0.676674 0.496839 0.251918 0.074947 -0.136761 -0.520021 -0.589022 -0.665495 -0.798503 -0.865705 -0.937508 -0.975344 -0.995011 0.978822 0.938631 0.812657 0.666284 0.475168 0.258142 0.102960 -0.134781 -0.539171 -0.591598 -0.658578 -0.787061 -0.873867 -0.931362 -0.976298 -0.992417 
50.247696 1711074.875000 146 92 54 0.531903 0.484621 0.427891 0.971100 0.931601 0.819397 0.654840 0.486369 0.216323 0.034279 -0.295703 -0.507686 -0.575800 -0.681207 -0.767647 -0.877178 -0.931634 -0.978782 -0.996919 0.975045 0.931189 0.809273 0.672584 0.509616 0.270344 0.075655 -0.189891 -0.521036 -0.575646 -0.678893 -0.763878 -0.872130 -0.941494 -0.984071 -0.997515 
47.342793 454712.250000 52 44 110 0.375198 0.597987 0.385988 0.982830 0.939327 0.817164 0.651951 0.449345 0.193852 0.036086 -0.192774 -0.495082 -0.544640 -0.660378 -0.772366 -0.865429 -0.894709 -0.966145 -0.995324 0.978289 0.928509 0.806686 0.635081 0.449384 0.159438 0.018408 -0.312653 -0.507326 -0.568874 -0.684563 -0.781986 -0.873217 -0.906940 -0.975150 -0.994945 
32.184158 58746.718750 148 50 148 0.303838 0.580825 0.606228 0.984644 0.951861 0.873904 0.673860 0.518458 0.397581 0.154583 -0.079113 -0.458861 -0.544873 -0.688310 -0.822064 -0.873689 -0.909454 -0.957033 -0.992724 0.984515 0.952729 0.869567 0.664138 0.505805 0.333439 0.097785 -0.180140 -0.478942 -0.560671 -0.678995 -0.808754 -0.875142 -0.914038 -0.960629 -0.993069 
32.737610 614431.687500 50 70 48 0.649097 0.438499 0.377595 0.976620 0.936536 0.704262 0.595261 0.342684 0.125314 0.026047 -0.184833 -0.262373 -0.353077 -0.463740 -0.641342 -0.745041 -0.859656 -0.939419 -0.981924 0.981320 0.958458 0.866583 0.694013 0.530001 0.374036 0.154092 -0.127406 -0.392021 -0.513938 -0.636214 -0.765416 -0.840360 -0.908821 -0.966334 -0.991676 
53.428627 20926910.000000 56 48 46 0.557893 0.232476 0.839420 0.989232 0.980589 0.713689 0.619818 0.471514 0.154213 0.078256 -0.198356 -0.237406 -0.318825 -0.427514 -0.636887 -0.713358 -0.819353 -0.908452 -0.982019 0.968350 0.906703 0.620404 0.585201 0.227570 0.134584 -0.014092 -0.195724 -0.251915 -0.332822 -0.466124 -0.640628 -0.713297 -0.820905 -0.916801 -0.982998 
57.293129 35314784.000000 44 58 64 0.526914 0.793886 0.892019 0.980511 0.976065 0.910623 0.713784 0.685164 0.569966 0.205312 0.144794 -0.041401 -0.158081 -0.365130 -0.552052 -0.600208 -0.738842 -0.909169 -0.981944 0.986672 0.977556 0.934964 0.681387 0.664520 0.384083 0.170472 0.060677 -0.116569 -0.226968 -0.380764 -0.544830 -0.665780 -0.778509 -0.898916 -0.984758 
58.732372 9838740.000000 64 66 70 0.905333 0.938337 0.944658 0.982592 0.974316 0.937573 0.809520 0.743185 0.702269 0.221773 0.161551 -0.072840 -0.186250 -0.302687 -0.557779 -0.611214 -0.705328 -0.906350 -0.990440 0.981701 0.976356 0.919634 0.751544 0.717828 0.624582 0.223685 0.159612 -0.032379 -0.148373 -0.311316 -0.547284 -0.588737 -0.720593 -0.902882 -0.987680 
57.687588 4239537.500000 70 70 72 0.923355 0.955326 0.963772 0.980793 0.969322 0.947748 0.876206 0.832000 0.664926 0.188837 0.076934 -0.041869 -0.218237 -0.299525 -0.579466 -0.684481 -0.759606 -0.821176 -0.954624 0.981532 0.970461 0.941681 0.853430 0.785811 0.678427 0.195335 0.116877 -0.034023 -0.231676 -0.305609 -0.526532 -0.686576 -0.747231 -0.838016 -0.980363 
57.540375 2218409.000000 72 74 76 0.964593 0.968853 0.967316 0.981679 0.971090 0.954644 0.897160 0.852877 0.576702 0.148071 0.052299 -0.066032 -0.199537 -0.290194 -0.611285 -0.721125 -0.774476 -0.824071 -0.920397 0.980852 0.969777 0.951593 0.884305 0.849352 0.623516 0.167316 0.069478 -0.050304 -0.196610 -0.289882 -0.585760 -0.698592 -0.742644 -0.795828 -0.941309 
54.190212 789884.000000 76 78 80 0.973311 0.935008 0.969500 0.982646 0.973213 0.957136 0.918510 0.787581 0.609171 0.231418 -0.005433 -0.070202 -0.172909 -0.250723 -0.494216 -0.750359 -0.811986 -0.848257 -0.958206 0.982140 0.972555 0.957705 0.917643 0.835221 0.536949 0.197465 -0.003391 -0.075333 -0.188568 -0.281081 -0.556387 -0.751753 -0.805959 -0.846099 -0.939989 
52.204586 281598.312500 80 80 82 0.973872 0.953961 0.927297 0.985570 0.976931 0.957855 0.922828 0.801927 0.692267 0.343676 0.006921 -0.069137 -0.152252 -0.228052 -0.387416 -0.648963 -0.798272 -0.893649 -0.976705 0.984250 0.975433 0.957928 0.920763 0.789702 0.669225 0.276667 -0.002215 -0.086597 -0.161596 -0.233831 -0.408335 -0.699986 -0.810870 -0.859910 -0.970438 
49.131542 118894.109375 80 80 82 0.940154 0.914311 0.918128 0.988553 0.981641 0.960686 0.920809 0.769406 0.670766 0.397862 -0.012577 -0.071174 -0.159431 -0.269911 -0.445760 -0.672147 -0.781592 -0.906734 -0.978481 0.986901 0.979101 0.958658 0.921124 0.810318 0.653835 0.347178 0.010534 -0.087073 -0.151382 -0.256098 -0.420065 -0.655779 -0.784799 -0.903102 -0.973889 
45.533508 99099.750000 82 80 78 0.941185 0.924883 0.912316 0.988787 0.981959 0.952241 0.899323 0.788655 0.686947 0.387958 -0.009787 -0.045632 -0.163805 -0.255332 -0.449965 -0.658634 -0.818912 -0.935786 -0.960942 0.988971 0.982526 0.950381 0.901316 0.795514 0.667149 0.422096 -0.005098 -0.069902 -0.161003 -0.271889 -0.433429 -0.662655 -0.788901 -0.918715 -0.975555 
49.546581 490650.625000 76 76 74 0.930309 0.943282 0.971689 0.986616 0.975468 0.956377 0.883921 0.813028 0.691067 0.163166 0.052736 -0.021031 -0.159367 -0.227193 -0.376851 -0.667540 -0.793860 -0.929419 -0.955557 0.987999 0.979486 0.951870 0.887128 0.796383 0.704387 0.302636 0.018102 -0.023360 -0.181924 -0.243998 -0.449930 -0.681059 -0.859855 -0.940239 -0.954013 
50.893021 399912.687500 74 74 74 0.965570 0.991139 0.978538 0.985351 0.972925 0.955917 0.876058 0.824141 0.691102 0.191279 0.112113 0.019678 -0.101581 -0.197954 -0.338422 -0.674797 -0.747898 -0.888433 -0.971155 0.985270 0.973083 0.956600 0.879511 0.819638 0.704927 0.151014 0.066459 -0.009126 -0.148441 -0.223965 -0.341926 -0.648978 -0.753154 -0.874630 -0.964224 
49.317493 170522.671875 74 74 74 0.972396 0.952996 0.942661 0.986252 0.974487 0.955500 0.880932 0.831185 0.711573 0.266676 0.204842 0.068595 -0.086672 -0.171475 -0.463210 -0.609374 -0.768139 -0.905100 -0.973563 0.985669 0.973458 0.956196 0.881118 0.831472 0.687680 0.221034 0.154887 0.047545 -0.089396 -0.180683 -0.417020 -0.622808 -0.723396 -0.900729 -0.972623 
45.240456 86312.257812 74 74 74 0.943928 0.904778 0.783490 0.986106 0.974348 0.946833 0.873403 0.777560 0.673886 0.588337 0.194400 0.075713 -0.079530 -0.296894 -0.491759 -0.665937 -0.773705 -0.889305 -0.977399 0.986619 0.975436 0.952951 0.887297 0.811288 0.697881 0.428151 0.203189 0.042856 -0.083874 -0.214620 -0.494372 -0.622866 -0.792661 -0.901334 -0.975615 
38.646946 50987.289062 76 76 74 0.839678 0.826073 0.922266 0.986954 0.971859 0.930838 0.879683 0.780630 0.661610 0.580888 0.204742 0.028796 -0.147010 -0.331863 -0.504494 -0.695600 -0.814089 -0.897573 -0.974181 0.987272 0.975039 0.919714 0.858090 0.756186 0.669115 0.604698 0.210891 0.080236 -0.125868 -0.297953 -0.509309 -0.692040 -0.801150 -0.887352 -0.974964 
39.229980 31057.509766 72 70 66 0.927656 0.872365 0.674457 0.989531 0.971956 0.944175 0.904143 0.828299 0.708854 0.544270 0.208271 0.017636 -0.133780 -0.371780 -0.555108 -0.699576 -0.786631 -0.911857 -0.981468 0.988960 0.973222 0.940961 0.886440 0.816454 0.669343 0.533913 0.216184 -0.001221 -0.133168 -0.358446 -0.537057 -0.702728 -0.805104 -0.925861 -0.975699 
45.136242 41001.992188 66 62 60 0.786522 0.832862 0.906153 0.988271 0.979262 0.954464 0.918883 0.832285 0.725689 0.559657 0.252380 0.032677 -0.137335 -0.323157 -0.524326 -0.678773 -0.816207 -0.927042 -0.978495 0.989691 0.976088 0.947921 0.916703 0.844652 0.724177 0.521467 0.208515 0.016974 -0.134453 -0.340386 -0.541074 -0.689757 -0.804630 -0.911981 -0.978519 
51.278427 79635.726562 60 58 56 0.913614 0.952186 0.971585 0.986192 0.976198 0.955430 0.907037 0.851039 0.789604 0.697329 0.295567 0.072292 -0.143210 -0.346587 -0.550331 -0.688161 -0.836102 -0.918211 -0.976443 0.987114 0.977566 0.958702 0.912238 0.850403 0.775810 0.632561 0.293201 0.049874 -0.162739 -0.324461 -0.552126 -0.686492 -0.828012 -0.926340 -0.977141 
54.241795 122887.507812 56 54 52 0.977320 0.968046 0.981920 0.988202 0.974994 0.957478 0.921950 0.828995 0.758521 0.711298 0.383564 0.054294 -0.129322 -0.335885 -0.535913 -0.686310 -0.817411 -0.919456 -0.977957 0.986986 0.975503 0.956775 0.917158 0.834204 0.774617 0.692005 0.300257 0.080559 -0.138857 -0.347008 -0.541256 -0.689286 -0.829856 -0.915138 -0.977723 
55.565128 201043.375000 52 50 50 0.986086 0.959914 0.978096 0.988863 0.975564 0.951165 0.922646 0.826843 0.728352 0.700898 0.482314 0.093881 -0.121082 -0.333738 -0.514128 -0.687238 -0.811867 -0.919210 -0.978094 0.988802 0.975577 0.952998 0.920017 0.813259 0.744464 0.664270 0.337477 0.085499 -0.126505 -0.323993 -0.527727 -0.682733 -0.817345 -0.918845 -0.978677 
55.684196 331256.500000 50 50 50 0.980608 0.964854 0.974821 0.988085 0.974576 0.947613 0.919498 0.810213 0.678009 0.614318 0.537626 0.114385 -0.100154 -0.329287 -0.524912 -0.713272 -0.822447 -0.885508 -0.976483 0.988128 0.974525 0.948758 0.918341 0.785258 0.710985 0.669744 0.515475 0.118518 -0.090703 -0.315949 -0.511434 -0.690086 -0.812588 -0.910504 -0.977336 
55.739460 658073.937500 50 50 52 0.973102 0.991800 0.974653 0.986846 0.973597 0.950257 0.925647 0.838213 0.638275 0.362419 0.268203 0.042633 -0.081814 -0.174578 -0.513507 -0.685827 -0.776317 -0.921293 -0.978327 0.988013 0.974930 0.947414 0.923862 0.834024 0.662326 0.558749 0.353683 0.126915 -0.076130 -0.288531 -0.519039 -0.687720 -0.818358 -0.895714 -0.977989 
56.001144 806879.375000 50 52 54 0.944278 0.974909 0.959962 0.986938 0.974374 0.958745 0.923244 0.836822 0.629553 0.231095 0.191598 -0.014173 -0.067735 -0.296907 -0.644538 -0.702838 -0.761698 -0.855781 -0.980932 0.986616 0.973665 0.955437 0.925181 0.847977 0.568527 0.278714 0.223791 0.042201 -0.068527 -0.183961 -0.575263 -0.692794 -0.738991 -0.898849 -0.980603 
56.321983 663981.187500 54 58 60 0.963608 0.946722 0.889240 0.982956 0.976473 0.962377 0.913026 0.840301 0.584021 0.193933 0.149400 0.026855 -0.054758 -0.190801 -0.596577 -0.725506 -0.808271 -0.850281 -0.976423 0.985410 0.974448 0.961643 0.911711 0.825288 0.588579 0.208804 0.173075 0.010131 -0.072570 -0.208376 -0.643274 -0.723024 -0.800750 -0.847722 -0.983648 
55.268368 364364.906250 64 68 72 0.797653 0.944877 0.924643 0.985560 0.979246 0.951213 0.928319 0.867345 0.579945 0.182237 0.128404 0.030133 -0.071884 -0.160177 -0.506241 -0.714789 -0.823954 -0.866157 -0.976876 0.983854 0.978791 0.957622 0.919216 0.867520 0.550362 0.192435 0.138143 0.031256 -0.063812 -0.156189 -0.540278 -0.717308 -0.807796 -0.852816 -0.970662 
53.035660 142681.859375 72 78 82 0.920488 0.868257 0.908320 0.986034 0.977142 0.961333 0.938470 0.883302 0.652972 0.175724 0.048869 -0.012930 -0.088789 -0.163721 -0.457012 -0.687545 -0.816751 -0.884215 -0.973972 0.986217 0.978074 0.954974 0.937353 0.856908 0.607053 0.191315 0.103444 0.000572 -0.073923 -0.157875 -0.465653 -0.712202 -0.820761 -0.875693 -0.975359 
53.591965 167725.203125 84 86 86 0.933018 0.945654 0.876563 0.983477 0.977391 0.960465 0.932873 0.890144 0.578224 0.145359 0.036457 -0.003269 -0.112416 -0.156376 -0.435023 -0.630267 -0.796472 -0.902016 -0.974012 0.983968 0.976911 0.960167 0.929330 0.877680 0.595307 0.211856 0.045157 -0.015237 -0.089208 -0.151171 -0.431181 -0.650320 -0.806142 -0.893002 -0.972074 
50.913109 66320.679688 88 98 152 0.874319 0.624335 0.712645 0.984207 0.975695 0.955481 0.936035 0.882148 0.577917 0.152067 0.029366 -0.022746 -0.113666 -0.160236 -0.425838 -0.659665 -0.801866 -0.900547 -0.970197 0.983618 0.976651 0.962712 0.932788 0.882231 0.647604 0.144019 0.033805 -0.011453 -0.122944 -0.160215 -0.444071 -0.643806 -0.801767 -0.906876 -0.971824 
49.795792 113376.750000 152 60 56 0.712336 0.479531 0.849486 0.982402 0.974937 0.962455 0.942193 0.873096 0.545348 0.126200 0.022919 -0.017969 -0.113806 -0.195596 -0.407432 -0.651828 -0.810865 -0.883977 -0.972941 0.988600 0.978730 0.956473 0.933521 0.863273 0.590220 0.129356 0.030845 -0.016664 -0.113519 -0.182653 -0.401446 -0.645258 -0.811759 -0.889548 -0.969799 
44.625122 32776.636719 30 92 24 0.820004 0.705488 0.644769 0.986229 0.975192 0.959009 0.948540 0.867639 0.553152 0.232357 0.027999 -0.027038 -0.109721 -0.206033 -0.489754 -0.712914 -0.840136 -0.880868 -0.975483 0.982422 0.975663 0.961103 0.942637 0.826874 0.554988 0.184855 0.030526 -0.009915 -0.098603 -0.212844 -0.461554 -0.680013 -0.825351 -0.891500 -0.974979 
45.729370 35366.914062 48 76 50 0.541939 0.718600 0.850919 0.985414 0.974476 0.959755 0.944378 0.859044 0.589907 0.351024 0.057413 -0.024182 -0.106415 -0.272728 -0.539760 -0.760921 -0.850584 -0.892182 -0.970562 0.984036 0.973102 0.956437 0.942341 0.886405 0.589311 0.222982 0.022194 -0.035321 -0.105610 -0.227281 -0.503090 -0.745315 -0.852275 -0.885075 -0.968905 
47.571945 42769.148438 50 74 46 0.729806 0.850441 0.402255 0.979326 0.971208 0.955594 0.942567 0.881109 0.592379 0.375454 0.096790 -0.027613 -0.200570 -0.393853 -0.683218 -0.806837 -0.846400 -0.875470 -0.950087 0.982521 0.972991 0.960913 0.948864 0.885547 0.585941 0.360697 0.066575 -0.018767 -0.151055 -0.360107 -0.600666 -0.795278 -0.842247 -0.882694 -0.966950 
43.616032 11358.434570 142 52 50 0.455730 0.645567 0.625852 0.982272 0.971892 0.955758 0.942577 0.875963 0.581860 0.392730 0.195537 -0.024001 -0.223841 -0.468797 -0.629245 -0.785330 -0.847034 -0.886062 -0.971655 0.979005 0.970281 0.955491 0.944047 0.865996 0.594041 0.400435 0.155310 -0.031363 -0.213488 -0.440454 -0.670384 -0.807330 -0.843062 -0.873457 -0.964441 
48.061852 29240.369141 76 74 74 0.684650 0.619017 0.921241 0.982210 0.972230 0.959647 0.946007 0.897867 0.638510 0.417231 0.198479 -0.012983 -0.200229 -0.389470 -0.556255 -0.757479 -0.839356 -0.897907 -0.977630 0.985472 0.973508 0.962393 0.950541 0.892426 0.618178 0.402029 0.184049 -0.009881 -0.214128 -0.428067 -0.586319 -0.767080 -0.847782 -0.889269 -0.971995 
48.378807 22596.181641 74 46 64 0.907919 0.861387 0.344950 0.980024 0.970287 0.956740 0.944840 0.873274 0.581327 0.367256 0.142212 -0.061290 -0.291707 -0.445604 -0.602739 -0.782659 -0.863769 -0.896352 -0.958632 0.982159 0.971883 0.960260 0.949070 0.907124 0.619066 0.372435 0.162201 -0.040300 -0.237724 -0.420903 -0.558953 -0.764346 -0.843173 -0.892790 -0.971909 
38.961796 15426.895508 40 46 64 0.676854 0.844187 0.792360 0.986208 0.975556 0.958032 0.945513 0.835850 0.541595 0.350264 0.065732 -0.042093 -0.182809 -0.382656 -0.540905 -0.683699 -0.839245 -0.898733 -0.979710 0.985070 0.968830 0.955710 0.937552 0.802314 0.583687 0.391352 0.150905 -0.053636 -0.257302 -0.444460 -0.587625 -0.750316 -0.868253 -0.895488 -0.955617 
34.705765 10629.307617 64 64 70 0.793827 0.619673 0.579016 0.992854 0.978357 0.955114 0.933300 0.751141 0.513727 0.325105 0.014344 -0.116963 -0.242360 -0.310173 -0.538523 -0.719870 -0.809371 -0.903240 -0.977052 0.988665 0.977504 0.956298 0.936591 0.806107 0.537709 0.349843 0.037828 -0.064464 -0.183064 -0.329901 -0.520385 -0.706149 -0.811313 -0.887989 -0.979494 
29.551661 6025.486816 140 132 132 0.558277 0.621443 0.662716 0.992349 0.972294 0.956848 0.899392 0.717141 0.579928 0.302955 0.075956 -0.150129 -0.256666 -0.333207 -0.557095 -0.717412 -0.828835 -0.916433 -0.972327 0.991190 0.971646 0.959449 0.921781 0.728925 0.545495 0.311216 0.082455 -0.132413 -0.239752 -0.312158 -0.546529 -0.723633 -0.823025 -0.924215 -0.973703 
20.572138 2959.878662 74 142 146 0.613500 0.649689 0.577523 0.992286 0.969547 0.940573 0.838669 0.696304 0.522362 0.312583 0.165585 -0.128184 -0.239095 -0.484167 -0.627780 -0.723280 -0.830879 -0.927447 -0.977088 0.993947 0.971899 0.951664 0.874246 0.688614 0.552697 0.301544 0.145276 -0.155963 -0.241087 -0.383010 -0.589934 -0.718543 -0.815008 -0.916266 -0.971296 
13.077346 2949.146484 148 148 150 0.688704 0.604554 0.465335 0.983251 0.960154 0.923398 0.825359 0.644045 0.486009 0.311473 0.120618 -0.114971 -0.273478 -0.462246 -0.570194 -0.764292 -0.844278 -0.937265 -0.980693 0.986061 0.963990 0.924982 0.830617 0.654356 0.472673 0.323776 0.125147 -0.114714 -0.246068 -0.488529 -0.607712 -0.745906 -0.843467 -0.931097 -0.979806 
10.356436 2025.402832 64 122 48 0.571027 0.475869 0.424528 0.986119 0.965526 0.902609 0.790343 0.630054 0.480812 0.317066 0.136432 -0.116022 -0.291598 -0.428235 -0.609498 -0.754386 -0.841426 -0.928293 -0.979664 0.985905 0.962901 0.923314 0.792412 0.662703 0.503061 0.306886 0.140143 -0.108435 -0.299354 -0.412079 -0.593656 -0.755573 -0.835275 -0.935854 -0.986197 
9.188808 1844.806152 52 122 80 0.491347 0.647124 0.276337 0.985936 0.964971 0.915536 0.774699 0.658478 0.427956 0.305214 0.122329 -0.106919 -0.306631 -0.464197 -0.601347 -0.716882 -0.858144 -0.922855 -0.955238 0.984018 0.964065 0.909105 0.788745 0.631126 0.451886 0.310391 0.121362 -0.081747 -0.291279 -0.461453 -0.605473 -0.749497 -0.851568 -0.926711 -0.964479 
9.084106 1954.021606 84 130 128 0.243554 0.540029 0.395635 0.985650 0.964300 0.912970 0.760004 0.609215 0.461455 0.325347 0.156526 -0.121972 -0.263419 -0.440932 -0.597937 -0.736351 -0.871532 -0.921857 -0.979393 0.984621 0.961879 0.912816 0.771281 0.639018 0.446726 0.326118 0.128995 -0.109697 -0.284791 -0.461728 -0.609648 -0.721024 -0.868105 -0.915031 -0.981948 
