35.524574 441238.843750 20 88 36 0.000000 0.394457 0.760073 0.899833 0.868055 0.789124 0.656130 0.575928 0.457413 0.245865 0.111621 0.006826 -0.149466 -0.252694 -0.303659 -0.455814 -0.617670 -0.844227 -0.963682 0.936838 0.807455 0.763540 0.642031 0.542858 0.430277 0.247232 0.058987 0.013998 -0.134077 -0.281324 -0.341785 -0.484539 -0.742600 -0.884333 -0.965183 
37.916454 891573.562500 36 50 44 0.538392 0.490213 0.678346 0.984018 0.913723 0.856273 0.780863 0.615943 0.511739 0.252429 0.143663 -0.004879 -0.178296 -0.279958 -0.369392 -0.532757 -0.695873 -0.850406 -0.965053 0.909161 0.878557 0.824042 0.696313 0.574527 0.456525 0.231551 0.124309 0.044016 -0.126496 -0.269358 -0.342891 -0.471219 -0.613647 -0.816493 -0.933185 
57.511131 32640230.000000 44 44 46 0.547761 0.867204 0.953336 0.969315 0.944654 0.898016 0.815436 0.668630 0.590535 0.450528 0.207082 0.109959 -0.066922 -0.239280 -0.363766 -0.520397 -0.687716 -0.732731 -0.926806 0.979466 0.951515 0.910827 0.835296 0.692638 0.599778 0.473768 0.209563 0.112162 -0.070196 -0.225642 -0.314842 -0.500544 -0.698027 -0.756937 -0.938629 
62.418976 67439768.000000 46 46 46 0.952002 0.955078 0.989433 0.966204 0.949696 0.905282 0.818758 0.645348 0.594015 0.412677 0.163149 0.065869 -0.052088 -0.254302 -0.416839 -0.557637 -0.679503 -0.736027 -0.985991 0.965819 0.945340 0.901735 0.814053 0.649346 0.590858 0.424476 0.178965 0.088863 -0.040850 -0.227498 -0.383207 -0.536301 -0.689697 -0.735727 -0.960332 
63.220062 41247968.000000 46 46 46 0.979495 0.990779 0.962513 0.970589 0.960039 0.922346 0.840454 0.650650 0.585000 0.425067 0.121063 0.053127 -0.029320 -0.326099 -0.491823 -0.597424 -0.655603 -0.793571 -0.988898 0.968097 0.955178 0.910458 0.830689 0.640479 0.588326 0.422499 0.130112 0.055174 -0.031359 -0.302237 -0.461192 -0.589813 -0.672296 -0.758607 -0.991047 
56.516197 15940060.000000 46 46 48 0.977472 0.935063 0.949720 0.982847 0.967379 0.935184 0.769025 0.643785 0.579905 0.391738 0.123821 0.030425 -0.234538 -0.456356 -0.580152 -0.732086 -0.835782 -0.946377 -0.979994 0.977583 0.963592 0.934393 0.832693 0.667155 0.584852 0.396728 0.126397 0.036733 -0.120236 -0.391555 -0.532617 -0.613400 -0.674289 -0.921134 -0.988525 
51.014175 25165860.000000 48 48 46 0.925010 0.846049 0.839853 0.988654 0.967405 0.910392 0.755866 0.617687 0.530295 0.212670 0.044387 -0.213823 -0.383236 -0.547798 -0.720563 -0.827780 -0.889678 -0.954629 -0.985909 0.984276 0.968124 0.937874 0.796421 0.620825 0.567296 0.278090 0.061447 -0.101044 -0.371946 -0.520073 -0.642775 -0.780974 -0.882015 -0.964304 -0.978941 
50.537048 21599354.000000 46 46 46 0.796501 0.595522 0.873242 0.986148 0.958308 0.886711 0.747974 0.605043 0.431304 0.108421 -0.172508 -0.297589 -0.460554 -0.604399 -0.780672 -0.853117 -0.895852 -0.963219 -0.990426 0.984772 0.960686 0.904418 0.729362 0.599312 0.497407 0.192898 -0.089965 -0.283091 -0.422766 -0.593909 -0.757899 -0.848185 -0.916327 -0.970874 -0.987938 
49.436615 11594760.000000 46 46 46 0.817700 0.619661 0.825345 0.985006 0.942920 0.896706 0.723137 0.639949 0.358028 0.078087 -0.163688 -0.334311 -0.479138 -0.643016 -0.779926 -0.863805 -0.896057 -0.958466 -0.988226 0.980464 0.949728 0.896518 0.744168 0.644249 0.376942 0.069560 -0.150446 -0.360048 -0.498910 -0.639749 -0.740336 -0.851795 -0.907146 -0.966800 -0.988926 
45.015526 7495818.000000 46 46 52 0.811374 0.584576 0.629321 0.985474 0.964364 0.910405 0.659472 0.577362 0.372293 0.118238 -0.033366 -0.206647 -0.357270 -0.551648 -0.682544 -0.812768 -0.896581 -0.954572 -0.984764 0.982948 0.950453 0.889128 0.666922 0.567053 0.374741 0.108054 -0.117847 -0.295161 -0.412325 -0.621221 -0.736914 -0.856286 -0.922146 -0.963100 -0.991205 
35.558041 690163.375000 50 46 46 0.599344 0.632178 0.937664 0.971356 0.958197 0.880148 0.710768 0.632166 0.566729 0.309449 0.056120 0.008831 -0.366318 -0.504944 -0.718316 -0.826524 -0.896359 -0.958462 -0.989000 0.984360 0.963793 0.865844 0.684704 0.620964 0.535575 0.198253 0.038783 -0.097323 -0.310124 -0.522057 -0.730789 -0.838812 -0.916398 -0.958451 -0.992429 
35.136627 345549.125000 46 46 46 0.882509 0.937855 0.911053 0.967137 0.960880 0.918085 0.756925 0.597860 0.557314 0.224535 0.092656 -0.115040 -0.419533 -0.537622 -0.735352 -0.832289 -0.905062 -0.948770 -0.982907 0.967135 0.960245 0.906962 0.746214 0.651036 0.580740 0.273396 0.078290 -0.106274 -0.338753 -0.535371 -0.736880 -0.826341 -0.884026 -0.958321 -0.982938 
28.024902 80959.476562 46 46 46 0.922223 0.538008 0.511372 0.971831 0.935505 0.902631 0.793920 0.597610 0.559105 0.252837 0.130002 -0.091875 -0.388948 -0.532115 -0.763383 -0.854725 -0.914022 -0.963150 -0.985046 0.969708 0.957663 0.914301 0.805396 0.583324 0.565214 0.228868 0.104655 -0.138313 -0.393762 -0.549667 -0.727327 -0.842338 -0.886722 -0.950882 -0.990079 
20.502850 35936.472656 46 46 46 0.506480 0.513313 0.667900 0.975616 0.947364 0.853041 0.703766 0.658729 0.576684 0.322862 0.054799 -0.071980 -0.338586 -0.538556 -0.766433 -0.862401 -0.889027 -0.954654 -0.983151 0.977318 0.927547 0.897037 0.694744 0.644911 0.501060 0.223751 0.125111 -0.086411 -0.352386 -0.525934 -0.769931 -0.847978 -0.896417 -0.955327 -0.984773 
37.322716 1808215.625000 46 68 50 0.667140 0.623665 0.490193 0.970131 0.950007 0.871550 0.792039 0.678950 0.634568 0.368346 0.137457 -0.036868 -0.302963 -0.498695 -0.625538 -0.730872 -0.852472 -0.876666 -0.980330 0.972815 0.954753 0.864957 0.712359 0.665611 0.535639 0.328295 0.064482 -0.096114 -0.335853 -0.542496 -0.664985 -0.840246 -0.895165 -0.955291 -0.979019 
54.816849 628667.250000 46 52 52 0.232794 0.779082 0.992977 0.976809 0.970203 0.940034 0.860732 0.810032 0.688118 0.651987 0.511506 0.116198 -0.051341 -0.346548 -0.549844 -0.751202 -0.858140 -0.904862 -0.990212 0.981399 0.968677 0.915732 0.851676 0.799809 0.666681 0.618335 0.276685 0.036378 -0.179404 -0.455653 -0.608032 -0.750063 -0.858145 -0.880430 -0.988252 
62.668327 1756922.125000 52 52 52 0.992981 0.990117 0.993217 0.974639 0.969460 0.941518 0.838831 0.809612 0.700035 0.652747 0.535238 0.090347 0.029607 -0.243870 -0.481931 -0.669940 -0.813345 -0.918413 -0.980441 0.976043 0.969794 0.946748 0.859146 0.804169 0.695814 0.651130 0.543195 0.119295 0.005652 -0.303209 -0.509010 -0.698250 -0.832139 -0.911218 -0.980793 
63.909348 3022329.000000 52 52 52 0.992958 0.982413 0.971215 0.974018 0.969057 0.923463 0.840503 0.794302 0.694970 0.602681 0.530538 0.084999 0.024545 -0.099973 -0.474523 -0.647475 -0.795878 -0.913884 -0.977268 0.973984 0.969463 0.926804 0.832254 0.808690 0.696505 0.643686 0.493861 0.071802 0.022331 -0.188314 -0.480357 -0.656999 -0.802407 -0.915201 -0.977386 
61.216972 4223544.500000 52 52 52 0.958412 0.957005 0.952510 0.974888 0.964621 0.927416 0.866037 0.755936 0.659701 0.481324 0.377967 0.125727 -0.028284 -0.109774 -0.257065 -0.605059 -0.736445 -0.899658 -0.974512 0.974476 0.966988 0.928079 0.855438 0.763647 0.652257 0.558849 0.499417 0.103466 0.011366 -0.086901 -0.427716 -0.633243 -0.756853 -0.911664 -0.974809 
60.496937 8341865.500000 52 52 54 0.955917 0.945045 0.969902 0.975815 0.966262 0.932561 0.877583 0.744801 0.633001 0.320428 0.233699 0.053582 -0.138644 -0.214891 -0.404605 -0.611664 -0.652994 -0.791114 -0.961687 0.975161 0.964429 0.927649 0.867587 0.763641 0.660230 0.381987 0.278871 0.059562 -0.088561 -0.146569 -0.328912 -0.611399 -0.646294 -0.842520 -0.967510 
61.223976 5455873.500000 52 52 52 0.945832 0.953052 0.967847 0.976840 0.969253 0.940748 0.880791 0.775485 0.654861 0.336857 0.177981 0.059445 -0.182320 -0.222493 -0.374691 -0.617692 -0.648581 -0.811111 -0.967430 0.976388 0.967889 0.937642 0.884323 0.755718 0.639677 0.293994 0.205975 0.043684 -0.164372 -0.218516 -0.398921 -0.616573 -0.666488 -0.791584 -0.962231 
59.899895 1918191.625000 52 52 52 0.965425 0.987707 0.836374 0.980709 0.971219 0.955215 0.885422 0.804580 0.640066 0.321492 0.180472 0.032917 -0.214375 -0.257726 -0.406395 -0.572499 -0.632257 -0.870584 -0.968370 0.977997 0.970206 0.948735 0.868759 0.804823 0.699489 0.296263 0.197507 0.026998 -0.204631 -0.242443 -0.381541 -0.602386 -0.645560 -0.847838 -0.970294 
48.334427 177075.640625 52 52 52 0.931294 0.801916 0.925237 0.974906 0.968229 0.904613 0.828066 0.795894 0.635740 0.395844 0.285204 0.134399 -0.161638 -0.249588 -0.478369 -0.614055 -0.692559 -0.882246 -0.976963 0.981812 0.971517 0.946653 0.859527 0.815843 0.645063 0.366467 0.255876 0.057447 -0.190256 -0.279564 -0.359203 -0.595987 -0.653073 -0.860379 -0.969812 
40.739517 94327.093750 52 52 52 0.920102 0.958260 0.940245 0.972740 0.965870 0.914062 0.844532 0.739993 0.646869 0.481395 0.275906 0.063708 -0.158714 -0.241570 -0.386474 -0.585581 -0.767743 -0.918668 -0.984284 0.973144 0.968322 0.897097 0.825485 0.770740 0.642511 0.393869 0.266453 0.064134 -0.142904 -0.232934 -0.428118 -0.626203 -0.727160 -0.908468 -0.983315 
37.771362 39869.808594 52 52 52 0.949825 0.932750 0.946470 0.972926 0.965666 0.916862 0.860329 0.759887 0.661368 0.483509 0.294336 0.076766 -0.159089 -0.298121 -0.503643 -0.672488 -0.811413 -0.894326 -0.974845 0.972998 0.965575 0.915766 0.852344 0.709779 0.632658 0.483599 0.305526 0.083808 -0.160687 -0.274920 -0.435938 -0.647790 -0.806066 -0.906968 -0.971298 
42.466919 2874213.000000 54 56 54 0.928091 0.781710 0.875086 0.971497 0.961566 0.839172 0.722001 0.602910 0.555033 0.405775 0.104560 -0.097703 -0.230245 -0.365339 -0.515476 -0.567217 -0.761249 -0.814876 -0.932625 0.970713 0.957133 0.838658 0.738033 0.641310 0.587677 0.437580 0.205897 -0.103305 -0.209139 -0.319393 -0.500739 -0.572239 -0.699244 -0.813255 -0.949685 
49.705433 5203081.000000 52 48 50 0.865102 0.600176 0.930333 0.988218 0.974470 0.943010 0.790107 0.575450 0.477442 0.325613 0.228531 0.091993 -0.169752 -0.297529 -0.415135 -0.578238 -0.672951 -0.737851 -0.898765 0.979558 0.966319 0.914872 0.798846 0.593647 0.520813 0.367294 0.110576 -0.063114 -0.256301 -0.375070 -0.525301 -0.610589 -0.754388 -0.817443 -0.960422 
57.935558 7086411.000000 50 52 52 0.911460 0.979827 0.975177 0.982791 0.970686 0.961869 0.835448 0.575526 0.492390 0.286459 0.188224 0.083975 -0.158316 -0.297777 -0.406754 -0.561107 -0.674936 -0.743573 -0.925968 0.984375 0.969728 0.956901 0.779140 0.573229 0.478603 0.306038 0.214811 0.104357 -0.159745 -0.280510 -0.398715 -0.578603 -0.681260 -0.721668 -0.908718 
56.315823 1846871.000000 52 54 56 0.980135 0.965533 0.892527 0.985489 0.972561 0.960244 0.831084 0.592946 0.529879 0.298137 0.170752 0.087099 -0.196720 -0.303352 -0.443821 -0.514072 -0.654305 -0.775341 -0.943579 0.982779 0.971281 0.962869 0.834174 0.588906 0.520974 0.269756 0.170406 0.094149 -0.203627 -0.311496 -0.436508 -0.536363 -0.634250 -0.769109 -0.948000 
45.724083 559129.187500 56 56 54 0.714626 0.752722 0.946570 0.991953 0.978469 0.945164 0.883611 0.639509 0.509995 0.399116 0.247394 0.129496 -0.132799 -0.420773 -0.496023 -0.654110 -0.814948 -0.868442 -0.929778 0.991932 0.978615 0.948997 0.841481 0.615381 0.493222 0.394391 0.232463 0.099821 -0.172761 -0.321896 -0.449310 -0.622250 -0.744296 -0.863836 -0.949375 
48.710098 304796.625000 54 56 56 0.957508 0.920430 0.958999 0.992985 0.984847 0.950061 0.884199 0.651057 0.542446 0.440006 0.290763 0.139656 -0.051869 -0.341363 -0.428899 -0.564370 -0.750077 -0.902006 -0.964235 0.991816 0.979261 0.953505 0.886389 0.652974 0.526047 0.451605 0.273287 0.147508 -0.031646 -0.346384 -0.448579 -0.562869 -0.760704 -0.884937 -0.965176 
49.632477 180824.984375 56 54 54 0.949117 0.975446 0.958142 0.993141 0.986194 0.952212 0.920109 0.689958 0.565592 0.471093 0.290991 0.197371 -0.155905 -0.316099 -0.423644 -0.621479 -0.778301 -0.910027 -0.977297 0.993257 0.986676 0.947228 0.907922 0.655774 0.569918 0.474280 0.283531 0.146429 -0.065820 -0.318531 -0.400531 -0.588008 -0.760988 -0.914842 -0.979079 
49.273422 87769.828125 54 54 58 0.967918 0.941961 0.901681 0.993782 0.988817 0.952102 0.929264 0.728408 0.538808 0.480193 0.261065 0.121344 -0.142339 -0.343140 -0.488885 -0.658871 -0.809908 -0.918126 -0.976861 0.993204 0.986912 0.952160 0.933807 0.725995 0.560677 0.498490 0.285595 0.167053 -0.124607 -0.335127 -0.450022 -0.637982 -0.789744 -0.912986 -0.975065 
45.402008 27769.820312 60 56 56 0.885833 0.879367 0.713592 0.994059 0.987910 0.966200 0.941488 0.663153 0.531804 0.429005 0.211920 0.101975 -0.148685 -0.328070 -0.573674 -0.688607 -0.828222 -0.908513 -0.970594 0.994029 0.986410 0.968977 0.943584 0.682287 0.513743 0.449070 0.277987 0.121328 -0.124182 -0.366356 -0.542808 -0.669211 -0.832833 -0.908168 -0.967039 
31.472532 13596.080078 58 54 56 0.737376 0.550485 0.792836 0.993226 0.985258 0.935679 0.856417 0.652318 0.501718 0.328106 0.160765 0.056942 -0.236012 -0.382463 -0.557518 -0.708981 -0.823988 -0.921120 -0.985601 0.992716 0.982435 0.952635 0.911478 0.663037 0.523398 0.366521 0.170407 0.083439 -0.220133 -0.343285 -0.538146 -0.703350 -0.822071 -0.908325 -0.977897 
28.968483 10277.944336 56 54 56 0.817208 0.867647 0.889753 0.992963 0.986034 0.951189 0.827816 0.638711 0.528209 0.347083 0.240756 0.059268 -0.251877 -0.378771 -0.566883 -0.683162 -0.860987 -0.932086 -0.975595 0.993406 0.986883 0.931467 0.857767 0.647082 0.488029 0.356991 0.201321 0.048684 -0.261510 -0.385725 -0.594484 -0.699938 -0.852757 -0.935259 -0.981442 
29.788300 844829.812500 54 54 52 0.892609 0.627242 0.517765 0.988111 0.958611 0.819271 0.754702 0.512136 0.370554 0.169083 -0.011390 -0.170944 -0.320082 -0.409368 -0.559300 -0.688819 -0.832366 -0.931510 -0.976571 0.993555 0.988731 0.949939 0.817690 0.630197 0.497091 0.326850 0.178454 -0.037769 -0.211669 -0.402942 -0.539412 -0.672425 -0.847611 -0.895864 -0.973734 
50.338814 37787108.000000 110 70 50 0.725286 0.502881 0.708821 0.980385 0.967049 0.927145 0.676689 0.568786 0.452634 0.168717 0.059030 -0.180261 -0.353652 -0.454096 -0.567780 -0.702154 -0.787012 -0.924208 -0.965506 0.979152 0.916680 0.812501 0.712622 0.462438 0.283378 0.106685 -0.050499 -0.241972 -0.394655 -0.473527 -0.579342 -0.707501 -0.863455 -0.933087 -0.974008 
63.182182 52631032.000000 48 50 52 0.578785 0.915917 0.953896 0.972833 0.964819 0.933744 0.845992 0.589926 0.551354 0.261692 0.140975 0.040761 -0.169771 -0.329016 -0.433099 -0.642848 -0.724097 -0.798694 -0.943759 0.973153 0.966554 0.941986 0.806310 0.579219 0.542658 0.245265 0.127023 0.043717 -0.192498 -0.369375 -0.484133 -0.671453 -0.719813 -0.867287 -0.949956 
61.621811 51467860.000000 52 52 52 0.896069 0.987634 0.933343 0.968114 0.941855 0.924382 0.838706 0.599964 0.565192 0.394969 0.188830 0.076701 -0.113689 -0.251221 -0.390877 -0.614899 -0.715519 -0.793697 -0.948680 0.973005 0.953488 0.928013 0.861366 0.590575 0.558064 0.313775 0.159993 0.058359 -0.143544 -0.293245 -0.410596 -0.598360 -0.729193 -0.771598 -0.939211 
62.788639 49236828.000000 52 50 50 0.968093 0.947202 0.976469 0.957429 0.934556 0.909522 0.793769 0.644889 0.581272 0.464516 0.285698 0.148827 -0.067393 -0.210680 -0.368759 -0.570344 -0.695973 -0.860936 -0.968495 0.959713 0.936156 0.918530 0.807921 0.622603 0.570725 0.465025 0.252205 0.107050 -0.086363 -0.220686 -0.370052 -0.617574 -0.707920 -0.830830 -0.956982 
60.531616 49611384.000000 50 50 50 0.982835 0.956096 0.971164 0.964710 0.935890 0.890468 0.806314 0.641962 0.610612 0.431659 0.287722 0.149379 -0.119470 -0.233794 -0.475612 -0.670995 -0.715132 -0.863183 -0.956708 0.963886 0.937349 0.899800 0.802712 0.644405 0.603429 0.444368 0.293516 0.160015 -0.074581 -0.211452 -0.345554 -0.663183 -0.728281 -0.830668 -0.956267 
59.701126 42724464.000000 50 50 52 0.950874 0.971864 0.990103 0.963188 0.935778 0.897512 0.811830 0.656627 0.617862 0.423613 0.260893 0.098750 -0.107369 -0.241312 -0.547636 -0.638616 -0.738112 -0.875100 -0.949263 0.960873 0.932356 0.893481 0.810335 0.647402 0.615945 0.433890 0.283770 0.142109 -0.112558 -0.222409 -0.510345 -0.659037 -0.703891 -0.876873 -0.951666 
58.483536 31155446.000000 52 54 56 0.988079 0.965572 0.930245 0.961833 0.938658 0.900967 0.805595 0.659217 0.614231 0.439393 0.273425 0.107246 -0.104491 -0.332452 -0.541708 -0.611264 -0.716223 -0.842280 -0.948009 0.963996 0.937666 0.898420 0.823119 0.659125 0.608434 0.423388 0.269013 0.128297 -0.097309 -0.288360 -0.530666 -0.619952 -0.720303 -0.843150 -0.937658 
58.392426 25078208.000000 56 58 64 0.885268 0.763051 0.705400 0.965767 0.944805 0.892970 0.805608 0.682228 0.634199 0.445923 0.280069 0.157650 -0.096486 -0.350853 -0.525071 -0.578362 -0.703648 -0.784575 -0.950925 0.961150 0.941409 0.895902 0.811026 0.670325 0.630416 0.457406 0.273877 0.132856 -0.103660 -0.329235 -0.528411 -0.602928 -0.713422 -0.818739 -0.946158 
58.044792 24481944.000000 64 70 78 0.746563 0.908152 0.937744 0.968726 0.938037 0.884005 0.798908 0.710608 0.653862 0.414670 0.279372 0.186882 -0.122176 -0.282755 -0.523493 -0.570087 -0.707459 -0.769394 -0.925799 0.967885 0.939232 0.888776 0.793042 0.687836 0.643310 0.443914 0.279896 0.200992 -0.093021 -0.323325 -0.526786 -0.576260 -0.707902 -0.786741 -0.947878 
57.872108 36237676.000000 78 90 92 0.893780 0.385754 0.934675 0.962674 0.938023 0.875515 0.789566 0.721492 0.635747 0.357109 0.271225 0.070548 -0.177577 -0.339959 -0.537194 -0.586483 -0.746874 -0.801821 -0.872017 0.965781 0.941614 0.876522 0.790642 0.710240 0.639695 0.382611 0.279193 0.141743 -0.145262 -0.315283 -0.532354 -0.573536 -0.733129 -0.783001 -0.906777 
56.744953 13560138.000000 92 94 96 0.924192 0.899840 0.957252 0.967106 0.945787 0.890767 0.820180 0.766414 0.695094 0.355892 0.279420 0.020269 -0.178316 -0.380567 -0.526899 -0.609118 -0.768424 -0.844467 -0.887261 0.966609 0.939419 0.886901 0.804324 0.747200 0.660931 0.346065 0.277561 -0.002596 -0.182380 -0.389612 -0.534186 -0.605183 -0.753733 -0.830036 -0.875112 
55.680355 3658803.500000 96 98 100 0.964718 0.902142 0.932249 0.969974 0.950971 0.908545 0.832251 0.795662 0.682532 0.482709 0.300378 0.153965 -0.139627 -0.268142 -0.511436 -0.599424 -0.767642 -0.845958 -0.910396 0.970684 0.949161 0.896262 0.826597 0.784397 0.685997 0.413600 0.293877 0.089691 -0.168031 -0.331455 -0.515012 -0.591763 -0.782861 -0.850071 -0.925505 
55.882034 3645080.500000 100 102 102 0.934987 0.922913 0.924660 0.969279 0.956546 0.910216 0.848608 0.796181 0.687225 0.477814 0.316376 0.046341 -0.111387 -0.359865 -0.515466 -0.621690 -0.816934 -0.846305 -0.902754 0.970906 0.954372 0.911388 0.845188 0.805767 0.718857 0.475731 0.316619 0.114155 -0.108933 -0.335910 -0.512594 -0.603383 -0.782860 -0.841110 -0.920577 
54.594440 2158168.000000 102 100 100 0.891932 0.944061 0.933723 0.974001 0.962953 0.917003 0.845172 0.795407 0.683481 0.473680 0.287798 0.087240 -0.076025 -0.331110 -0.533870 -0.656517 -0.808669 -0.826755 -0.901140 0.970953 0.958872 0.917114 0.848598 0.806784 0.671762 0.459953 0.311596 0.032649 -0.090830 -0.357774 -0.524221 -0.671336 -0.819390 -0.839093 -0.890819 
53.464432 1124667.250000 100 100 100 0.952105 0.962843 0.945661 0.977194 0.968833 0.928228 0.834620 0.776218 0.701022 0.549279 0.284950 0.118065 -0.070556 -0.417487 -0.508227 -0.673414 -0.756961 -0.796853 -0.953033 0.975975 0.966065 0.923217 0.845882 0.774276 0.692122 0.488236 0.288190 0.079527 -0.085098 -0.342495 -0.539477 -0.669153 -0.775423 -0.795693 -0.934548 
51.906528 302819.625000 100 100 102 0.929078 0.935427 0.880687 0.982287 0.970510 0.950802 0.847068 0.783616 0.713215 0.573335 0.265622 0.227429 0.008688 -0.393069 -0.496726 -0.668927 -0.797224 -0.870951 -0.962540 0.978653 0.969657 0.936262 0.829122 0.783084 0.696274 0.560594 0.279315 0.216626 -0.008285 -0.411452 -0.494631 -0.628881 -0.757963 -0.845110 -0.965125 
47.216572 163851.546875 102 100 100 0.895961 0.785888 0.899174 0.988154 0.974977 0.941657 0.862894 0.783530 0.704007 0.550352 0.269505 0.177103 0.024764 -0.230828 -0.481085 -0.685756 -0.796661 -0.895614 -0.972553 0.986144 0.973157 0.946702 0.845060 0.779283 0.713668 0.605608 0.280185 0.178060 -0.055160 -0.320662 -0.508482 -0.674492 -0.793226 -0.896382 -0.969566 
46.485573 136528.453125 100 100 100 0.854488 0.859772 0.897631 0.991068 0.981700 0.946431 0.861904 0.755194 0.695023 0.482305 0.222017 0.163821 -0.004675 -0.349573 -0.488171 -0.698098 -0.810521 -0.876653 -0.964735 0.989981 0.977929 0.951938 0.870563 0.759862 0.690701 0.487970 0.241695 0.165494 0.010427 -0.286470 -0.497621 -0.702365 -0.797134 -0.888615 -0.968126 
44.341030 90483.078125 100 104 104 0.892867 0.826342 0.810400 0.991598 0.982076 0.925865 0.860246 0.754075 0.690229 0.568569 0.266121 0.221889 -0.091438 -0.329907 -0.472300 -0.673033 -0.833011 -0.889843 -0.966506 0.991774 0.982427 0.942535 0.863973 0.756039 0.695487 0.468000 0.228555 0.164379 -0.020647 -0.382479 -0.492137 -0.729478 -0.820729 -0.876897 -0.966070 
39.950169 4338480.000000 106 102 102 0.623968 0.505250 0.327501 0.980737 0.952217 0.885406 0.765363 0.692491 0.428586 0.013466 -0.084514 -0.257986 -0.422952 -0.542618 -0.621335 -0.753564 -0.833984 -0.943495 -0.971061 0.992220 0.976930 0.913710 0.856089 0.766092 0.682328 0.493739 0.198330 -0.008784 -0.196616 -0.406499 -0.540294 -0.636738 -0.758169 -0.906184 -0.949492 
55.550949 14366384.000000 100 100 100 0.483778 0.492814 0.633113 0.973562 0.946189 0.819165 0.766656 0.547765 0.172695 -0.157197 -0.311237 -0.460436 -0.558759 -0.589641 -0.637961 -0.771104 -0.863958 -0.923786 -0.983717 0.974987 0.944213 0.827273 0.774778 0.648584 0.182628 -0.090606 -0.222636 -0.419576 -0.529397 -0.588573 -0.644535 -0.752904 -0.856493 -0.944153 -0.978565 
51.674343 5737001.500000 50 50 68 0.597147 0.706941 0.456385 0.971931 0.943248 0.832692 0.761399 0.526716 0.105759 -0.128344 -0.252065 -0.441062 -0.565112 -0.601633 -0.720782 -0.813879 -0.901586 -0.951149 -0.986828 0.969266 0.958882 0.831439 0.727925 0.537566 0.106355 -0.128716 -0.292650 -0.425559 -0.559350 -0.585518 -0.692551 -0.822432 -0.907563 -0.943014 -0.983792 
47.591324 3897429.750000 108 50 104 0.416752 0.688619 0.427126 0.969009 0.918576 0.773969 0.677230 0.536697 0.072745 -0.103417 -0.285206 -0.402025 -0.547079 -0.657371 -0.736106 -0.797312 -0.862085 -0.940179 -0.987562 0.968272 0.904283 0.804386 0.735682 0.506567 0.051149 -0.135367 -0.231410 -0.426558 -0.555077 -0.645977 -0.711461 -0.804568 -0.891051 -0.950803 -0.989632 
50.397606 5713962.500000 104 102 100 0.518138 0.499878 0.411988 0.968263 0.911034 0.801916 0.680036 0.442948 0.115451 -0.139389 -0.317200 -0.391903 -0.505749 -0.695598 -0.773354 -0.818577 -0.889808 -0.939143 -0.985465 0.972566 0.909573 0.777585 0.668168 0.494079 0.039154 -0.113768 -0.302682 -0.388043 -0.538641 -0.646693 -0.777117 -0.821841 -0.881474 -0.942782 -0.977263 
52.790100 6233114.000000 100 100 102 0.481462 0.809381 0.579475 0.966959 0.916582 0.773688 0.662980 0.461253 0.116031 -0.140843 -0.342805 -0.380529 -0.584951 -0.696443 -0.740630 -0.797002 -0.872599 -0.933751 -0.980970 0.970183 0.921006 0.788756 0.663382 0.449308 0.127768 -0.159740 -0.344496 -0.391056 -0.495772 -0.696690 -0.784378 -0.836910 -0.897176 -0.937679 -0.982089 
46.050678 1374104.750000 102 96 72 0.598528 0.334083 0.328211 0.981349 0.950157 0.847081 0.729115 0.555418 0.188597 -0.038309 -0.296321 -0.366538 -0.443504 -0.646513 -0.692255 -0.764427 -0.859477 -0.927857 -0.962604 0.965169 0.929305 0.797004 0.671806 0.477927 0.115409 -0.024828 -0.337635 -0.369300 -0.529149 -0.674254 -0.717470 -0.779049 -0.864301 -0.923553 -0.978542 
58.053417 54125232.000000 68 66 66 0.143591 0.646366 0.851315 0.973874 0.961404 0.924993 0.770262 0.728184 0.538142 0.265012 0.195018 -0.074451 -0.150154 -0.282058 -0.586222 -0.679676 -0.779279 -0.887076 -0.954910 0.978341 0.964118 0.919601 0.768654 0.721588 0.464259 0.235321 0.147965 -0.115617 -0.199620 -0.391736 -0.610378 -0.701707 -0.784628 -0.899507 -0.962371 
61.929230 13319838.000000 66 68 68 0.863467 0.949685 0.954288 0.970138 0.961689 0.938909 0.846620 0.768850 0.696280 0.330221 0.254500 0.006484 -0.217074 -0.428457 -0.613539 -0.696547 -0.810963 -0.915582 -0.969004 0.970711 0.960833 0.932379 0.788647 0.740062 0.609158 0.292389 0.236401 -0.058685 -0.147840 -0.336864 -0.598732 -0.693200 -0.788539 -0.887905 -0.965077 
62.663177 5007967.000000 68 68 68 0.967548 0.955191 0.908609 0.973022 0.962601 0.945521 0.872826 0.823454 0.748725 0.419769 0.211067 0.003359 -0.201111 -0.414235 -0.640154 -0.697567 -0.801371 -0.910178 -0.968877 0.970649 0.962245 0.941368 0.863628 0.797518 0.729891 0.379101 0.227911 -0.006156 -0.178064 -0.429288 -0.619680 -0.714600 -0.780668 -0.924259 -0.978128 
59.350639 5401787.000000 66 64 64 0.925491 0.900778 0.964305 0.980252 0.967987 0.936130 0.884997 0.803476 0.666255 0.297734 0.231254 -0.026379 -0.104848 -0.365382 -0.567695 -0.653145 -0.779812 -0.878201 -0.958277 0.976687 0.963726 0.941962 0.863592 0.825819 0.719003 0.384772 0.201433 -0.002631 -0.149321 -0.365602 -0.575349 -0.694864 -0.811301 -0.912748 -0.964676 
58.348320 2744742.000000 64 62 62 0.951565 0.934975 0.852757 0.982555 0.971591 0.945284 0.894968 0.840994 0.678164 0.248092 0.186243 -0.082118 -0.139062 -0.269249 -0.538444 -0.628394 -0.755615 -0.843733 -0.961859 0.981767 0.971309 0.938615 0.896471 0.814798 0.628973 0.263686 0.213547 -0.074278 -0.118962 -0.392408 -0.554727 -0.633406 -0.748371 -0.869509 -0.953464 
53.498230 968327.250000 62 62 64 0.879619 0.677341 0.662486 0.987534 0.973323 0.936058 0.895800 0.794831 0.688772 0.333882 0.115814 -0.036838 -0.185604 -0.287303 -0.543616 -0.651670 -0.744626 -0.866339 -0.959427 0.985088 0.974157 0.939012 0.906570 0.830971 0.725917 0.310989 0.163733 -0.050718 -0.148292 -0.238515 -0.565245 -0.634130 -0.759019 -0.863724 -0.968426 
42.694813 7193557.000000 66 66 64 0.828029 0.570557 0.695786 0.974783 0.931474 0.863551 0.755164 0.651764 0.511553 0.260698 0.040564 -0.149124 -0.302239 -0.434587 -0.586872 -0.696728 -0.823616 -0.888622 -0.967845 0.987473 0.960743 0.886934 0.807310 0.686813 0.599215 0.352639 0.110604 -0.055871 -0.284719 -0.385796 -0.488432 -0.639994 -0.776293 -0.849836 -0.962756 
41.908569 9033794.000000 64 66 64 0.767469 0.458068 0.654317 0.971745 0.936200 0.844740 0.702650 0.601306 0.444933 0.183515 0.039488 -0.096904 -0.195600 -0.412118 -0.592345 -0.719336 -0.795008 -0.900970 -0.978667 0.967427 0.933038 0.865284 0.722847 0.628505 0.439980 0.221217 0.089957 -0.115118 -0.215567 -0.425601 -0.569542 -0.717737 -0.792360 -0.884453 -0.972368 
38.354725 3838937.500000 64 64 66 0.604920 0.336428 0.649608 0.963033 0.950061 0.871658 0.718322 0.614055 0.462623 0.120187 0.008205 -0.149831 -0.270429 -0.449190 -0.618513 -0.761697 -0.841914 -0.898568 -0.966122 0.974159 0.925219 0.831539 0.686338 0.599775 0.471452 0.178034 0.053844 -0.125470 -0.245823 -0.425951 -0.633338 -0.741639 -0.822518 -0.891928 -0.965078 
37.370216 2020905.750000 66 24 22 0.690641 0.617022 0.593233 0.962996 0.955719 0.843404 0.716525 0.632177 0.435523 0.159428 -0.000990 -0.168990 -0.269070 -0.459790 -0.639402 -0.736744 -0.832802 -0.902139 -0.973139 0.965587 0.951786 0.873635 0.693114 0.597779 0.446382 0.144078 -0.015221 -0.175074 -0.273099 -0.447228 -0.616307 -0.710140 -0.813934 -0.895501 -0.975051 
33.735443 1780361.750000 24 24 64 0.782987 0.262107 0.548451 0.966246 0.928674 0.796280 0.656671 0.589227 0.467949 0.168542 0.029036 -0.137743 -0.287115 -0.456629 -0.599217 -0.738748 -0.824952 -0.909486 -0.982844 0.960210 0.944178 0.810630 0.696364 0.624365 0.437686 0.132545 0.047016 -0.157587 -0.258919 -0.477487 -0.605280 -0.745497 -0.825563 -0.904325 -0.981273 
32.687698 561839.750000 64 70 64 0.559433 0.542131 0.678416 0.971874 0.923346 0.800191 0.710050 0.619919 0.435637 0.202116 0.045991 -0.119503 -0.267124 -0.389832 -0.570373 -0.727434 -0.794331 -0.934188 -0.991061 0.965174 0.913411 0.764438 0.668990 0.589934 0.455156 0.169783 0.044846 -0.123366 -0.274401 -0.407839 -0.553091 -0.731835 -0.794264 -0.900617 -0.983622 
53.950859 2011171.000000 64 128 70 0.662661 0.624419 0.642452 0.976720 0.958808 0.928458 0.879405 0.841889 0.660458 0.322856 0.255615 0.093906 0.010958 -0.082104 -0.366418 -0.611864 -0.741161 -0.894258 -0.971569 0.980512 0.956673 0.918912 0.878513 0.755132 0.587592 0.366766 0.114108 -0.041318 -0.183194 -0.355245 -0.528727 -0.698833 -0.775674 -0.910514 -0.981659 
61.448284 5879417.000000 70 78 82 0.566123 0.840877 0.899425 0.964682 0.951754 0.921564 0.865424 0.835806 0.648548 0.368537 0.272312 0.090372 0.026004 -0.117195 -0.467200 -0.636567 -0.677456 -0.853000 -0.971723 0.970508 0.954893 0.927959 0.872968 0.836919 0.632267 0.335465 0.257907 0.088008 0.019056 -0.098531 -0.409938 -0.641330 -0.700298 -0.884749 -0.972399 
61.382580 6175769.500000 82 84 84 0.900482 0.974540 0.977342 0.963751 0.950206 0.914802 0.862904 0.830675 0.630620 0.403386 0.294096 0.089210 0.040375 -0.175590 -0.494983 -0.625726 -0.667465 -0.846510 -0.969834 0.962278 0.950455 0.915927 0.867262 0.832211 0.637376 0.403209 0.297748 0.091780 0.040642 -0.150794 -0.515812 -0.628285 -0.678250 -0.866793 -0.971811 
61.190548 7816753.000000 84 86 84 0.973634 0.944676 0.931684 0.962190 0.944475 0.897658 0.853940 0.820568 0.634236 0.433810 0.324671 0.107137 0.052366 -0.136594 -0.498048 -0.626730 -0.661180 -0.835470 -0.968346 0.963156 0.948240 0.902090 0.858174 0.822758 0.633924 0.418334 0.308927 0.104438 0.051934 -0.147762 -0.493147 -0.629452 -0.671282 -0.849036 -0.970130 
61.058662 6927580.500000 84 84 86 0.955646 0.903614 0.960692 0.962796 0.941162 0.899599 0.847703 0.814955 0.645847 0.462230 0.349221 0.131398 0.073244 -0.111428 -0.474538 -0.626299 -0.661217 -0.861868 -0.971861 0.962995 0.943505 0.894898 0.850013 0.816871 0.640868 0.451092 0.341256 0.110430 0.065180 -0.132967 -0.488206 -0.627887 -0.665304 -0.841302 -0.970582 
60.561253 4768898.000000 86 88 88 0.960488 0.900364 0.947314 0.962755 0.942817 0.906382 0.841794 0.801425 0.647146 0.506554 0.377944 0.196343 0.088096 0.001797 -0.453596 -0.610901 -0.690594 -0.896458 -0.974147 0.961832 0.942597 0.905963 0.845709 0.806849 0.648558 0.478636 0.367073 0.163665 0.075835 -0.051771 -0.468440 -0.610428 -0.674164 -0.887408 -0.972129 
59.528774 2650629.250000 88 90 92 0.946773 0.941719 0.957583 0.964427 0.948742 0.913087 0.839024 0.802684 0.655963 0.570566 0.481348 0.203406 0.111728 -0.016250 -0.440314 -0.631475 -0.772749 -0.907489 -0.975645 0.965323 0.945641 0.903683 0.836770 0.803329 0.649077 0.548189 0.424453 0.184082 0.104249 -0.043405 -0.477897 -0.621060 -0.737697 -0.904636 -0.975726 
58.971085 1405244.750000 92 92 94 0.958126 0.905557 0.917777 0.970217 0.961067 0.914426 0.838246 0.794087 0.676359 0.615994 0.502238 0.240671 0.124073 -0.099087 -0.451597 -0.636968 -0.798092 -0.902972 -0.976618 0.966310 0.953526 0.911259 0.845325 0.804101 0.660833 0.595477 0.505923 0.219928 0.120142 -0.079489 -0.442487 -0.635333 -0.789896 -0.910086 -0.976875 
59.536175 1428780.125000 94 94 92 0.936278 0.945195 0.932177 0.970388 0.962898 0.925073 0.827132 0.777954 0.684757 0.621700 0.541011 0.239387 0.111279 -0.183080 -0.475434 -0.640683 -0.797324 -0.910110 -0.975864 0.970815 0.963770 0.912957 0.833841 0.797631 0.676507 0.633081 0.495954 0.204794 0.116300 -0.206989 -0.468384 -0.648887 -0.802629 -0.910132 -0.977198 
59.721298 2483800.000000 94 94 94 0.913120 0.904576 0.904558 0.969737 0.961273 0.926428 0.808248 0.727416 0.656923 0.568304 0.491547 0.213178 0.110227 -0.011593 -0.428344 -0.609957 -0.782617 -0.902945 -0.975691 0.970687 0.962700 0.930252 0.815985 0.748304 0.679146 0.595068 0.547737 0.230237 0.135737 -0.145151 -0.457855 -0.632961 -0.796923 -0.906863 -0.976392 
58.228157 4918729.500000 94 94 94 0.921319 0.965372 0.963633 0.971166 0.959750 0.921651 0.804364 0.666484 0.630565 0.498068 0.345772 0.191262 0.039761 -0.019788 -0.339219 -0.541684 -0.676061 -0.883067 -0.970635 0.971575 0.959926 0.930874 0.803757 0.693677 0.639988 0.541750 0.413198 0.233480 0.081311 0.033071 -0.361180 -0.577200 -0.746523 -0.897224 -0.972003 
57.505478 8638649.000000 94 94 94 0.963917 0.977869 0.961036 0.972967 0.962075 0.931661 0.777979 0.631335 0.592664 0.405196 0.244318 0.121215 -0.001016 -0.145234 -0.409676 -0.519401 -0.632455 -0.804443 -0.959951 0.972481 0.960573 0.930296 0.794710 0.645546 0.614640 0.439691 0.304545 0.153449 0.023391 -0.070756 -0.370952 -0.531402 -0.604290 -0.844717 -0.966320 
55.538479 5602942.000000 94 94 94 0.964608 0.935934 0.785429 0.976803 0.966009 0.929439 0.768431 0.641667 0.587741 0.381747 0.198459 0.128539 -0.066499 -0.240128 -0.408760 -0.515560 -0.713191 -0.783343 -0.945584 0.973571 0.963352 0.929254 0.779555 0.626758 0.585485 0.385598 0.204751 0.107664 -0.036326 -0.196979 -0.413954 -0.514566 -0.676862 -0.802738 -0.966000 
41.400684 253991.843750 94 94 92 0.730576 0.454813 0.590003 0.977822 0.956246 0.884932 0.800928 0.707609 0.626142 0.475375 0.284562 0.168728 0.013839 -0.282269 -0.405646 -0.598240 -0.731379 -0.849583 -0.982081 0.986431 0.965191 0.904209 0.777929 0.673950 0.584550 0.431097 0.213180 0.128967 -0.066804 -0.271155 -0.403828 -0.623705 -0.726670 -0.824551 -0.957009 
39.316986 127465.898438 92 94 94 0.736991 0.890753 0.841160 0.970595 0.961984 0.905599 0.788484 0.681267 0.608061 0.452680 0.319639 0.152269 0.036381 -0.190951 -0.396569 -0.593703 -0.796530 -0.882957 -0.974127 0.969539 0.961509 0.889177 0.786045 0.683824 0.623892 0.456073 0.281752 0.157479 0.009511 -0.235703 -0.362680 -0.589687 -0.784557 -0.897727 -0.979872 
39.247871 10147231.000000 96 92 46 0.737164 0.560284 0.777550 0.963379 0.934641 0.805846 0.668335 0.582780 0.413224 0.285154 0.071173 -0.172288 -0.336396 -0.517181 -0.648399 -0.751055 -0.852034 -0.930074 -0.977649 0.968252 0.951683 0.853432 0.754071 0.611702 0.523618 0.291185 0.052581 -0.150545 -0.243374 -0.480455 -0.607063 -0.724968 -0.774468 -0.936833 -0.984113 
42.373917 3542816.000000 46 72 68 0.681573 0.640944 0.724975 0.965599 0.955846 0.830984 0.721008 0.592967 0.420449 0.259536 0.144314 -0.175292 -0.345125 -0.532103 -0.694300 -0.773460 -0.860074 -0.928439 -0.978653 0.965345 0.956289 0.791152 0.668968 0.559274 0.401099 0.299606 0.147053 -0.125266 -0.363958 -0.520257 -0.668574 -0.772992 -0.860162 -0.916044 -0.981698 
46.134380 1573211.375000 68 66 78 0.724258 0.545419 0.894813 0.985186 0.973533 0.943263 0.858329 0.760807 0.522558 0.340866 0.118851 -0.055087 -0.306747 -0.430441 -0.604484 -0.741375 -0.805939 -0.902142 -0.959176 0.986401 0.970140 0.915145 0.806432 0.639455 0.462484 0.260936 0.129826 -0.117177 -0.310098 -0.458429 -0.655843 -0.765219 -0.860330 -0.923677 -0.970777 
48.665699 1181169.250000 78 78 78 0.906469 0.953369 0.869535 0.985524 0.974202 0.948075 0.862166 0.783094 0.572131 0.320708 0.144887 -0.078895 -0.378342 -0.444564 -0.627285 -0.771480 -0.820957 -0.919659 -0.966200 0.985860 0.975503 0.939152 0.854861 0.802139 0.563491 0.338029 0.141423 -0.058198 -0.337078 -0.419885 -0.598115 -0.751606 -0.802636 -0.893728 -0.958280 
46.085300 1788812.625000 78 78 68 0.883237 0.868896 0.748893 0.985919 0.974578 0.926457 0.792913 0.740404 0.670357 0.360607 0.128932 0.009801 -0.284939 -0.399860 -0.483506 -0.674217 -0.808380 -0.960311 -0.983686 0.991107 0.978081 0.950431 0.867173 0.771479 0.553234 0.350854 0.161627 -0.157578 -0.364050 -0.434730 -0.648963 -0.765027 -0.849229 -0.929138 -0.964258 
56.326706 29281876.000000 70 68 68 0.826407 0.965402 0.984604 0.984161 0.973175 0.940494 0.716892 0.574771 0.503037 0.253232 0.133568 0.042468 -0.196389 -0.377442 -0.446665 -0.541693 -0.715710 -0.769495 -0.962515 0.982799 0.972509 0.926622 0.743848 0.645821 0.581288 0.269634 0.137156 0.047157 -0.212072 -0.381306 -0.445579 -0.594640 -0.731665 -0.833456 -0.975205 
58.365570 40090628.000000 68 68 66 0.988249 0.990849 0.967665 0.985831 0.978038 0.947222 0.683222 0.475642 0.343861 0.235657 0.106435 0.028214 -0.185689 -0.369909 -0.466436 -0.521202 -0.641076 -0.766368 -0.966295 0.984756 0.974647 0.942802 0.713342 0.508580 0.418304 0.230925 0.122231 0.035538 -0.208292 -0.383110 -0.456895 -0.532445 -0.700054 -0.770275 -0.963987 
58.548695 24633404.000000 66 66 66 0.973656 0.973521 0.972661 0.987864 0.980373 0.965343 0.702226 0.380731 0.285898 0.197779 0.100025 -0.021314 -0.183641 -0.379125 -0.461542 -0.549457 -0.611883 -0.867992 -0.972227 0.986763 0.980197 0.957656 0.675937 0.413583 0.304769 0.220581 0.098681 0.004085 -0.190760 -0.372416 -0.466484 -0.544503 -0.625354 -0.805334 -0.978099 
56.898899 21480702.000000 66 66 66 0.976556 0.982369 0.978742 0.990112 0.980734 0.967928 0.697447 0.362690 0.251669 0.182026 0.080929 -0.040155 -0.226270 -0.381688 -0.491735 -0.555367 -0.685973 -0.921977 -0.969561 0.989237 0.980712 0.968391 0.691637 0.377678 0.262612 0.189072 0.092278 -0.037369 -0.218755 -0.384923 -0.484997 -0.553256 -0.649122 -0.913530 -0.976319 
55.798233 10181131.000000 66 66 66 0.979346 0.987321 0.991540 0.992183 0.981986 0.972881 0.751977 0.371666 0.265609 0.175751 0.079247 -0.017643 -0.188345 -0.383675 -0.495218 -0.541647 -0.701519 -0.906312 -0.963297 0.991109 0.981054 0.969524 0.688519 0.366224 0.273165 0.180942 0.086437 -0.023194 -0.178993 -0.378783 -0.500665 -0.547045 -0.760810 -0.899581 -0.959215 
54.391155 2069057.375000 66 66 66 0.984173 0.986340 0.973355 0.994036 0.983939 0.976212 0.885686 0.384499 0.305030 0.196730 0.104460 -0.012703 -0.128112 -0.390679 -0.509783 -0.594177 -0.747817 -0.898230 -0.973661 0.993277 0.982869 0.974868 0.786817 0.388113 0.284633 0.195194 0.108727 0.009476 -0.140303 -0.368234 -0.489543 -0.553293 -0.718947 -0.902833 -0.958108 
47.198647 6762088.500000 68 70 64 0.958475 0.695727 0.764027 0.993128 0.983931 0.929190 0.514333 0.411164 0.299329 0.200037 -0.113250 -0.237636 -0.385668 -0.517439 -0.674468 -0.788159 -0.881468 -0.947674 -0.984021 0.994473 0.984769 0.974495 0.830627 0.380876 0.308219 0.198521 0.082426 -0.127503 -0.286835 -0.472319 -0.570977 -0.739592 -0.819206 -0.916424 -0.975679 
47.432941 16979962.000000 68 66 68 0.745709 0.811020 0.787626 0.983315 0.975566 0.696514 0.516943 0.411654 0.242837 0.113640 -0.099649 -0.287515 -0.457857 -0.610932 -0.710881 -0.797143 -0.899795 -0.960458 -0.979471 0.983388 0.976847 0.771560 0.504423 0.436748 0.235388 0.124400 -0.126515 -0.296323 -0.420725 -0.569183 -0.700663 -0.813904 -0.900598 -0.949163 -0.975933 
52.917580 16752748.000000 68 66 66 0.771100 0.888414 0.876913 0.984176 0.971323 0.672246 0.553468 0.460008 0.228464 0.041231 -0.180487 -0.305414 -0.476634 -0.630335 -0.753529 -0.851405 -0.918578 -0.973575 -0.983214 0.983317 0.976491 0.702544 0.522855 0.415426 0.202221 0.033895 -0.147977 -0.368575 -0.453723 -0.595132 -0.723779 -0.813101 -0.904174 -0.964587 -0.987428 
50.841671 6194866.000000 66 70 66 0.847053 0.682375 0.783816 0.987683 0.957404 0.711655 0.567240 0.422896 0.240077 0.032729 -0.228926 -0.338717 -0.511143 -0.600099 -0.787420 -0.875292 -0.911642 -0.973162 -0.987395 0.985718 0.962295 0.655734 0.568724 0.433792 0.237113 0.029557 -0.191522 -0.324751 -0.488907 -0.608034 -0.762195 -0.860294 -0.908651 -0.964748 -0.980399 
50.597595 3864287.750000 68 68 68 0.826075 0.870134 0.893419 0.987830 0.941905 0.773428 0.596047 0.458144 0.181186 -0.030369 -0.171043 -0.339825 -0.540709 -0.635462 -0.818491 -0.878828 -0.937029 -0.974862 -0.988016 0.986448 0.942814 0.729965 0.571781 0.478796 0.254603 -0.001560 -0.231504 -0.332593 -0.499701 -0.602580 -0.779871 -0.866872 -0.913254 -0.973113 -0.989092 
46.196342 923846.687500 68 68 68 0.893556 0.797206 0.617427 0.990425 0.955650 0.799621 0.614676 0.442911 0.191908 -0.090851 -0.226557 -0.380023 -0.496513 -0.563195 -0.769902 -0.874183 -0.911943 -0.973756 -0.989670 0.990486 0.951140 0.774137 0.614915 0.408204 0.089960 -0.094317 -0.258315 -0.348188 -0.506055 -0.608278 -0.764137 -0.874646 -0.937225 -0.973277 -0.990790 
29.439075 96841.203125 66 68 68 0.645256 0.581612 0.740438 0.991074 0.971167 0.866121 0.682301 0.473811 0.321714 0.143690 -0.105506 -0.313868 -0.449482 -0.577279 -0.767881 -0.866873 -0.906808 -0.966709 -0.991097 0.992254 0.971160 0.848085 0.651557 0.420674 0.291477 0.016191 -0.123749 -0.304217 -0.471229 -0.577252 -0.753124 -0.859128 -0.922552 -0.969119 -0.988536 
35.546326 2119517.750000 66 68 52 0.723152 0.282821 0.577114 0.966449 0.940549 0.773721 0.602540 0.485415 0.176955 0.078193 -0.129207 -0.318857 -0.424228 -0.539590 -0.695989 -0.806159 -0.871130 -0.960398 -0.979628 0.991251 0.966126 0.830979 0.646588 0.488271 0.274288 0.143618 -0.083219 -0.348241 -0.433549 -0.586291 -0.752801 -0.850123 -0.903355 -0.950502 -0.985021 
46.751381 12513423.000000 20 80 70 0.474724 0.399885 0.838802 0.983686 0.970756 0.930330 0.695262 0.590305 0.520636 0.278879 0.150045 -0.064391 -0.330129 -0.446474 -0.585065 -0.749536 -0.830356 -0.922620 -0.976713 0.985860 0.954994 0.820193 0.608976 0.482925 0.169515 0.027072 -0.180976 -0.349025 -0.447212 -0.530638 -0.731392 -0.803388 -0.875947 -0.949970 -0.982031 
56.207100 34163356.000000 72 82 88 0.923209 0.748385 0.847494 0.978710 0.970044 0.929277 0.690461 0.585020 0.528524 0.287475 0.212136 0.034258 -0.264672 -0.411898 -0.474806 -0.684009 -0.789491 -0.847621 -0.968687 0.979548 0.969293 0.935290 0.685461 0.583355 0.522028 0.282368 0.199265 0.025038 -0.291240 -0.425900 -0.510169 -0.731750 -0.786710 -0.895903 -0.970256 
54.787121 24720908.000000 88 88 86 0.920446 0.965178 0.950799 0.981222 0.970088 0.928380 0.705690 0.591891 0.539094 0.293021 0.215952 0.027106 -0.294140 -0.423366 -0.484619 -0.669815 -0.800429 -0.853543 -0.960100 0.980574 0.970407 0.928177 0.690597 0.586981 0.527056 0.286679 0.212561 0.034645 -0.287338 -0.414123 -0.475507 -0.667665 -0.793816 -0.838305 -0.967607 
53.027935 5123288.000000 86 86 86 0.958009 0.964460 0.960641 0.986780 0.973163 0.949087 0.800038 0.611141 0.574703 0.323865 0.204436 0.104576 -0.307480 -0.432271 -0.492854 -0.711025 -0.811722 -0.869330 -0.967973 0.983564 0.971618 0.938285 0.760001 0.601604 0.567449 0.309289 0.218190 0.068514 -0.295307 -0.422896 -0.479894 -0.653441 -0.802488 -0.857078 -0.946210 
48.366783 12394526.000000 86 84 86 0.939070 0.933773 0.817366 0.991704 0.977048 0.929173 0.637405 0.567597 0.434309 0.243241 -0.079985 -0.247104 -0.419490 -0.601612 -0.726549 -0.826731 -0.900236 -0.959341 -0.973668 0.990134 0.975304 0.954005 0.765328 0.602093 0.524624 0.297970 0.161559 -0.197394 -0.373295 -0.463821 -0.650489 -0.793192 -0.849306 -0.932336 -0.978633 
48.777386 9962146.000000 86 86 86 0.803193 0.785429 0.567118 0.988646 0.959310 0.791754 0.638373 0.532679 0.341597 0.075642 -0.183818 -0.256111 -0.481820 -0.600689 -0.777479 -0.885513 -0.907616 -0.956275 -0.984622 0.994046 0.967048 0.820108 0.638727 0.568772 0.393751 0.154257 -0.158531 -0.210970 -0.427054 -0.596480 -0.742576 -0.853487 -0.910192 -0.959831 -0.976948 
51.417542 6840705.000000 88 84 84 0.555352 0.777054 0.537968 0.976282 0.965738 0.802607 0.631204 0.568630 0.364622 -0.047573 -0.201959 -0.371964 -0.456247 -0.622613 -0.769481 -0.867085 -0.934178 -0.972254 -0.981518 0.979018 0.966004 0.789905 0.623377 0.545442 0.321427 0.022296 -0.209473 -0.340654 -0.470149 -0.625545 -0.763255 -0.885753 -0.931736 -0.963193 -0.981814 
44.809807 4377245.000000 80 86 78 0.683068 0.550328 0.462429 0.968801 0.941310 0.763284 0.572447 0.530857 0.339907 -0.013202 -0.183251 -0.345323 -0.451885 -0.518437 -0.751859 -0.842294 -0.906378 -0.960358 -0.982323 0.977198 0.957311 0.795881 0.614578 0.561281 0.404434 -0.029609 -0.162294 -0.355876 -0.439865 -0.609560 -0.734341 -0.847464 -0.914842 -0.964412 -0.987136 
36.162228 744666.500000 76 122 86 0.499549 0.482812 0.689431 0.974800 0.958794 0.700373 0.583597 0.543294 0.418972 0.103330 -0.081728 -0.288841 -0.422292 -0.508978 -0.722154 -0.837054 -0.909394 -0.945991 -0.975377 0.969591 0.939993 0.679374 0.574172 0.541149 0.351598 0.018150 -0.125552 -0.257007 -0.385799 -0.522754 -0.723305 -0.826029 -0.894912 -0.953686 -0.978512 
39.297081 590558.687500 86 74 68 0.655176 0.223845 0.785424 0.992420 0.977136 0.963409 0.868702 0.568007 0.497840 0.184848 0.135962 -0.214602 -0.388210 -0.473004 -0.670412 -0.846764 -0.890053 -0.955460 -0.975951 0.978736 0.948246 0.790071 0.580230 0.545719 0.374629 0.154837 -0.001730 -0.295751 -0.407385 -0.492260 -0.663541 -0.844737 -0.896614 -0.947033 -0.977608 
52.413055 8672413.000000 68 76 80 0.680620 0.947404 0.886619 0.988271 0.973337 0.957834 0.776542 0.542815 0.470680 0.303077 0.185540 0.089035 -0.218227 -0.413892 -0.465405 -0.643614 -0.823246 -0.908614 -0.959628 0.992063 0.976606 0.959786 0.881888 0.548484 0.477347 0.295383 0.182719 0.107285 -0.236488 -0.441427 -0.488017 -0.774280 -0.867043 -0.937768 -0.966819 
55.497036 17728378.000000 82 84 84 0.925169 0.965177 0.985041 0.984292 0.976219 0.954147 0.688230 0.516782 0.447401 0.279300 0.175511 0.071783 -0.257581 -0.429438 -0.482315 -0.639800 -0.771458 -0.852206 -0.939382 0.984331 0.975010 0.953977 0.700719 0.527368 0.454054 0.281988 0.176553 0.066274 -0.226826 -0.421868 -0.479539 -0.634015 -0.770121 -0.878254 -0.946648 
55.873371 9703993.000000 84 84 86 0.985629 0.976046 0.965313 0.984172 0.976723 0.957311 0.712489 0.540885 0.487694 0.328131 0.194929 0.101507 -0.231068 -0.419060 -0.491100 -0.587319 -0.758140 -0.821542 -0.939445 0.984414 0.976412 0.957693 0.718162 0.534412 0.471793 0.320746 0.193412 0.089958 -0.240287 -0.429557 -0.486636 -0.626701 -0.769349 -0.844922 -0.939560 
54.955017 4397185.000000 84 84 86 0.975469 0.960550 0.966636 0.986694 0.977579 0.958785 0.746533 0.585205 0.535315 0.352661 0.209831 0.157204 -0.166052 -0.410405 -0.482768 -0.552135 -0.746530 -0.814284 -0.936197 0.985148 0.976855 0.957638 0.730437 0.555727 0.510832 0.340377 0.206303 0.106098 -0.207225 -0.419929 -0.487652 -0.575348 -0.761047 -0.818290 -0.919141 
51.879940 10971741.000000 84 84 82 0.953092 0.956501 0.911808 0.990331 0.977585 0.962220 0.670761 0.599988 0.480711 0.267725 0.091589 -0.292735 -0.399412 -0.520595 -0.734854 -0.809201 -0.901303 -0.969724 -0.980316 0.988312 0.977393 0.963036 0.751028 0.598867 0.563103 0.324699 0.203363 0.125360 -0.228935 -0.455773 -0.518803 -0.689876 -0.810045 -0.921085 -0.986380 
49.444778 9294817.000000 82 82 82 0.932166 0.917947 0.919460 0.994358 0.987051 0.902102 0.607437 0.539766 0.405295 0.049823 -0.152643 -0.326792 -0.458414 -0.559613 -0.763496 -0.863460 -0.917039 -0.963286 -0.979142 0.992935 0.982654 0.944431 0.629547 0.577869 0.459107 0.254426 -0.097678 -0.354463 -0.454981 -0.582352 -0.768931 -0.859720 -0.903469 -0.964837 -0.979879 
49.893909 4125155.000000 82 82 84 0.905476 0.761888 0.695051 0.995393 0.979562 0.895478 0.596952 0.537444 0.382895 0.095850 -0.181711 -0.361772 -0.524257 -0.660811 -0.785233 -0.855617 -0.940811 -0.971605 -0.988148 0.995277 0.987322 0.887204 0.584985 0.520629 0.382788 0.028870 -0.189551 -0.322616 -0.478730 -0.620230 -0.784157 -0.875638 -0.943955 -0.974293 -0.986635 
48.851681 5357094.500000 84 82 86 0.771075 0.839837 0.777247 0.995136 0.982023 0.876373 0.654752 0.533321 0.286041 -0.020643 -0.300224 -0.388149 -0.568978 -0.663405 -0.733504 -0.835061 -0.896655 -0.941662 -0.978413 0.992063 0.974802 0.898578 0.634231 0.551587 0.262607 0.013749 -0.296213 -0.404545 -0.492415 -0.624066 -0.817857 -0.876813 -0.914929 -0.960954 -0.991233 
46.664089 1128642.250000 84 74 76 0.759337 0.914272 0.930523 0.994269 0.984695 0.968041 0.859949 0.685389 0.544416 0.259754 0.073333 -0.303994 -0.436909 -0.647868 -0.718721 -0.867977 -0.892318 -0.940067 -0.977749 0.994735 0.986321 0.959020 0.708794 0.601691 0.390294 0.144075 -0.208750 -0.316235 -0.454182 -0.608918 -0.697098 -0.817844 -0.892411 -0.941855 -0.982900 
50.077789 1338098.375000 76 76 80 0.957366 0.957481 0.973717 0.993379 0.982974 0.952443 0.819880 0.769922 0.643531 0.371715 0.109973 -0.059287 -0.200244 -0.497703 -0.657589 -0.794908 -0.880326 -0.957017 -0.984362 0.993844 0.982697 0.961756 0.850154 0.755462 0.688471 0.324137 0.156121 -0.192238 -0.383846 -0.528807 -0.690575 -0.794327 -0.887236 -0.941140 -0.978878 
50.705338 1547678.375000 80 84 88 0.968412 0.878006 0.902209 0.992606 0.983107 0.926659 0.838180 0.789508 0.617422 0.323610 0.202945 -0.056477 -0.087048 -0.319158 -0.640750 -0.777715 -0.879289 -0.909589 -0.979165 0.992809 0.982857 0.935765 0.827178 0.781578 0.611763 0.340374 0.187665 -0.062302 -0.099555 -0.389904 -0.634966 -0.792895 -0.867527 -0.939778 -0.976877 
49.037949 443607.031250 90 92 94 0.956402 0.950466 0.940809 0.993104 0.984027 0.917768 0.857348 0.808986 0.694747 0.379724 0.254353 -0.019718 -0.082352 -0.234521 -0.609042 -0.740951 -0.861049 -0.932234 -0.966803 0.992939 0.983461 0.918286 0.847600 0.797956 0.650436 0.353079 0.233073 -0.036609 -0.073512 -0.302678 -0.630567 -0.806202 -0.883559 -0.921194 -0.970177 
54.526497 3033075.750000 96 96 92 0.963891 0.657688 0.553854 0.979529 0.964441 0.937407 0.861351 0.821086 0.710195 0.457303 0.174606 0.026880 -0.121390 -0.235228 -0.567592 -0.770624 -0.866641 -0.953498 -0.977843 0.991753 0.979366 0.927161 0.858966 0.807561 0.677558 0.425819 0.182410 0.003244 -0.135275 -0.270723 -0.600574 -0.767684 -0.874529 -0.948845 -0.978020 
56.345314 1653572.875000 94 98 98 0.433446 0.971126 0.986786 0.981199 0.960737 0.930693 0.857771 0.822198 0.727501 0.529464 0.217858 0.125331 -0.043979 -0.087323 -0.386838 -0.655880 -0.812016 -0.894255 -0.965193 0.978957 0.961232 0.932201 0.860432 0.823902 0.741057 0.542557 0.214065 0.120972 -0.027988 -0.090199 -0.448418 -0.666720 -0.810434 -0.916094 -0.976688 
55.875683 1056883.875000 98 98 98 0.979572 0.991915 0.990494 0.981931 0.963364 0.933551 0.865863 0.835658 0.754883 0.530566 0.262201 0.103970 -0.052080 -0.116298 -0.446965 -0.650458 -0.801050 -0.925610 -0.971137 0.982398 0.961990 0.931957 0.862115 0.830690 0.739575 0.551458 0.242228 0.123487 -0.042127 -0.108057 -0.447321 -0.650365 -0.808642 -0.918252 -0.967997 
55.434322 570896.812500 98 98 100 0.991938 0.958975 0.971587 0.982260 0.967685 0.942786 0.879100 0.848283 0.773477 0.540837 0.250798 0.009286 -0.090838 -0.154441 -0.505111 -0.641292 -0.803032 -0.921481 -0.975935 0.981776 0.965363 0.936282 0.872307 0.841649 0.768807 0.543243 0.247758 0.052496 -0.073749 -0.154962 -0.467107 -0.630024 -0.782889 -0.931370 -0.973545 
56.037655 415330.593750 100 100 102 0.976054 0.931704 0.979979 0.982224 0.970412 0.952328 0.891113 0.856645 0.775045 0.523769 0.254039 -0.012285 -0.111024 -0.186324 -0.531427 -0.621121 -0.837944 -0.908381 -0.971583 0.982291 0.968917 0.948368 0.887100 0.849815 0.762067 0.560773 0.262564 -0.000560 -0.105864 -0.176168 -0.510968 -0.636016 -0.823484 -0.905876 -0.975278 
54.957611 198987.125000 102 102 102 0.981768 0.949910 0.937697 0.984419 0.973735 0.955418 0.890964 0.864018 0.797755 0.487746 0.287142 0.035517 -0.112089 -0.247321 -0.528440 -0.644637 -0.831035 -0.908935 -0.975053 0.982378 0.971760 0.954283 0.890355 0.854770 0.784790 0.505269 0.254710 -0.023166 -0.112638 -0.229824 -0.520899 -0.624115 -0.827180 -0.912948 -0.976057 
53.001450 144629.921875 102 102 102 0.955418 0.922411 0.885874 0.986060 0.975897 0.958778 0.892092 0.842725 0.811876 0.492303 0.276628 0.069365 -0.125465 -0.283745 -0.533093 -0.699918 -0.818092 -0.916799 -0.980136 0.985827 0.975107 0.958018 0.897771 0.853532 0.811351 0.506950 0.286295 0.075686 -0.129742 -0.316627 -0.542123 -0.704751 -0.836168 -0.914145 -0.979619 
50.556282 100819.148438 102 104 104 0.877627 0.902535 0.771434 0.988479 0.979184 0.959274 0.880196 0.794597 0.757545 0.555926 0.318966 0.148495 -0.040658 -0.355678 -0.528640 -0.701742 -0.804241 -0.913012 -0.975553 0.987189 0.977036 0.960036 0.896494 0.822793 0.797959 0.495256 0.264258 0.099790 -0.111135 -0.319691 -0.563853 -0.670096 -0.790146 -0.922426 -0.974149 
43.267159 37357.792969 104 120 104 0.714077 0.737138 0.622638 0.990459 0.980050 0.940057 0.892015 0.805182 0.706856 0.553885 0.259567 0.099964 -0.219686 -0.397043 -0.552405 -0.758602 -0.840642 -0.921003 -0.965429 0.991537 0.978787 0.951028 0.871815 0.776870 0.742345 0.625259 0.374611 0.088527 -0.128241 -0.355205 -0.537583 -0.732101 -0.830897 -0.909863 -0.975693 
45.244404 253786.062500 104 178 100 0.655778 0.377579 0.600690 0.986316 0.975503 0.928556 0.800526 0.664742 0.624979 0.553455 0.505429 0.240491 0.008073 -0.273584 -0.452540 -0.636786 -0.817877 -0.917165 -0.979134 0.988013 0.961527 0.891474 0.803662 0.661586 0.618833 0.548343 0.500503 0.261009 0.018117 -0.206046 -0.456391 -0.622043 -0.817795 -0.932537 -0.983378 
53.192867 499569.968750 100 102 100 0.764612 0.962760 0.984270 0.984025 0.974330 0.957191 0.856565 0.696420 0.665297 0.554310 0.375482 0.108750 -0.002656 -0.111557 -0.469249 -0.622061 -0.802260 -0.910599 -0.971417 0.984696 0.976179 0.959730 0.851568 0.694679 0.660064 0.573869 0.390330 0.140794 0.032473 -0.270565 -0.474172 -0.651935 -0.795445 -0.915857 -0.979983 
52.792107 271279.250000 100 100 100 0.988017 0.984616 0.940094 0.985844 0.974815 0.962517 0.864835 0.691174 0.667200 0.554897 0.386238 0.080863 -0.064650 -0.125925 -0.473020 -0.643798 -0.778339 -0.910824 -0.975575 0.984167 0.973874 0.960143 0.859853 0.687600 0.669303 0.524954 0.334379 0.121347 -0.039180 -0.124899 -0.465350 -0.614194 -0.798639 -0.905039 -0.970369 
44.846794 67157.210938 98 102 100 0.936966 0.864929 0.851279 0.992065 0.976677 0.953115 0.891818 0.707945 0.617501 0.501990 0.322539 0.015819 -0.118242 -0.383953 -0.533170 -0.702841 -0.811714 -0.915351 -0.980270 0.989642 0.975612 0.962930 0.884179 0.698514 0.668718 0.550299 0.395745 -0.001147 -0.065563 -0.295165 -0.549519 -0.674108 -0.787832 -0.916061 -0.973516 
37.544830 41905.484375 100 100 100 0.842299 0.592545 0.708094 0.994421 0.983153 0.948496 0.842332 0.706669 0.629647 0.493775 0.218497 -0.063748 -0.209112 -0.390294 -0.577798 -0.688011 -0.829386 -0.923963 -0.975573 0.993587 0.981519 0.957351 0.843920 0.695073 0.637413 0.527997 0.305034 0.036774 -0.212862 -0.414336 -0.536790 -0.695262 -0.847014 -0.905897 -0.982985 
30.811386 523721.312500 100 104 134 0.655034 0.715465 0.539020 0.982230 0.974019 0.817262 0.646960 0.591062 0.420889 0.018647 -0.084738 -0.214949 -0.310365 -0.534720 -0.635150 -0.769066 -0.874560 -0.947127 -0.969845 0.992311 0.977666 0.940776 0.766270 0.665814 0.587402 0.314491 0.105738 -0.149767 -0.276241 -0.489932 -0.607605 -0.746771 -0.845311 -0.928427 -0.973404 
40.897125 2809873.000000 68 104 106 0.551032 0.485532 0.419993 0.971308 0.930655 0.699807 0.583195 0.560839 0.283272 -0.025393 -0.238715 -0.363204 -0.446813 -0.612416 -0.737786 -0.794544 -0.877698 -0.934461 -0.976836 0.972946 0.955717 0.803099 0.583497 0.554953 0.320881 -0.016617 -0.146559 -0.297331 -0.387433 -0.555403 -0.655530 -0.777194 -0.865793 -0.939804 -0.970360 
52.500835 4793968.500000 106 102 102 0.389235 0.380368 0.488867 0.973654 0.924266 0.755050 0.597968 0.549854 0.277721 -0.040086 -0.240270 -0.381888 -0.514162 -0.750859 -0.812961 -0.833827 -0.920900 -0.958917 -0.991015 0.972398 0.897212 0.741841 0.607942 0.508311 0.197985 -0.013270 -0.256257 -0.406536 -0.562071 -0.734334 -0.795758 -0.850300 -0.915145 -0.950997 -0.983117 
53.137543 2325644.500000 100 74 200 0.562996 0.681344 0.524539 0.977173 0.925946 0.775824 0.614608 0.525119 0.270260 -0.005130 -0.286971 -0.392672 -0.557282 -0.707666 -0.808417 -0.880194 -0.926089 -0.975432 -0.986896 0.977134 0.921932 0.790452 0.635953 0.540532 0.231940 0.040922 -0.199444 -0.412181 -0.545743 -0.725830 -0.825388 -0.884479 -0.931691 -0.977521 -0.985263 
50.216278 2568425.000000 100 98 98 0.406037 0.420702 0.497981 0.977642 0.932538 0.774184 0.607133 0.488242 0.169821 -0.068990 -0.229408 -0.436121 -0.501993 -0.637430 -0.798629 -0.895451 -0.930496 -0.958485 -0.983366 0.982134 0.922965 0.792548 0.603056 0.534512 0.253354 -0.130800 -0.297562 -0.392645 -0.530378 -0.659869 -0.810258 -0.891502 -0.924543 -0.968446 -0.984226 
52.242756 3188079.000000 50 66 102 0.559194 0.304915 0.539431 0.972626 0.925873 0.776975 0.606680 0.467873 0.131500 -0.065680 -0.241817 -0.425284 -0.502318 -0.666206 -0.813266 -0.893007 -0.927685 -0.962217 -0.986183 0.976141 0.927594 0.787253 0.602382 0.531664 0.274170 -0.023787 -0.183762 -0.413297 -0.511276 -0.688680 -0.821442 -0.913826 -0.932350 -0.960981 -0.983533 
55.937923 6591628.000000 102 106 102 0.626344 0.364467 0.451077 0.977899 0.910792 0.792496 0.624150 0.444900 0.119919 -0.076554 -0.207727 -0.423890 -0.577873 -0.681624 -0.773690 -0.883351 -0.928838 -0.980761 -0.992239 0.975873 0.914107 0.781338 0.619574 0.468010 0.203340 -0.087364 -0.223877 -0.425609 -0.525571 -0.668916 -0.779233 -0.879977 -0.933876 -0.978749 -0.990301 
42.223770 234794.765625 124 200 200 0.518013 0.461878 0.481667 0.985068 0.931766 0.798771 0.669444 0.493689 0.197943 -0.034920 -0.209235 -0.382942 -0.583351 -0.699142 -0.795025 -0.869132 -0.920702 -0.979521 -0.990397 0.978744 0.928170 0.783410 0.632269 0.367979 0.070338 -0.067277 -0.225034 -0.357295 -0.554758 -0.646198 -0.770891 -0.875707 -0.926298 -0.965039 -0.993702 
33.065571 644401.625000 56 152 124 0.407240 0.466579 0.355486 0.975726 0.935421 0.803629 0.608309 0.395729 0.205467 0.087974 -0.104591 -0.240342 -0.386806 -0.590172 -0.713928 -0.860796 -0.891818 -0.944848 -0.988241 0.990191 0.921707 0.797448 0.685810 0.494073 0.242156 0.001046 -0.160273 -0.364255 -0.531478 -0.644352 -0.774303 -0.886042 -0.911189 -0.956079 -0.992968 
52.003880 22699328.000000 112 114 60 0.668685 0.587253 0.537234 0.956808 0.946361 0.847814 0.644017 0.382096 0.177812 -0.005535 -0.191396 -0.335723 -0.458973 -0.619213 -0.749331 -0.818982 -0.862865 -0.941967 -0.987531 0.958201 0.945576 0.854771 0.667791 0.360789 0.161921 -0.018715 -0.177983 -0.351269 -0.503334 -0.631447 -0.758607 -0.836046 -0.881577 -0.925662 -0.978542 
53.224049 91991464.000000 46 44 44 0.197985 0.661390 0.955692 0.984067 0.969986 0.912559 0.697893 0.548091 0.456283 0.236355 0.098183 0.000219 -0.266205 -0.383786 -0.537408 -0.722125 -0.828146 -0.892776 -0.965395 0.985202 0.966121 0.854037 0.647188 0.499302 0.218979 0.104425 -0.056384 -0.310790 -0.403654 -0.521095 -0.676195 -0.798821 -0.848364 -0.926040 -0.973012 
59.914783 85654192.000000 44 46 48 0.951969 0.955893 0.994625 0.972870 0.962951 0.935160 0.754462 0.532206 0.466167 0.255072 0.128542 0.040240 -0.155527 -0.318927 -0.426264 -0.636343 -0.761260 -0.890703 -0.979893 0.980506 0.962735 0.927614 0.696500 0.524534 0.451099 0.269333 0.113785 0.014580 -0.208448 -0.352897 -0.463008 -0.667301 -0.782791 -0.890327 -0.971686 
63.015995 83617840.000000 48 48 48 0.993231 0.979460 0.984927 0.972666 0.965415 0.937126 0.770810 0.540419 0.432014 0.301925 0.151027 0.050748 -0.167597 -0.286285 -0.440912 -0.639849 -0.773645 -0.871696 -0.980617 0.971583 0.964391 0.935387 0.775257 0.536228 0.443291 0.286435 0.153143 0.053610 -0.145213 -0.299112 -0.408383 -0.602378 -0.758585 -0.864232 -0.982210 
58.934029 52915740.000000 48 48 48 0.978746 0.994080 0.977049 0.980589 0.965749 0.939275 0.747122 0.486704 0.381319 0.242431 0.127601 0.022654 -0.166214 -0.316903 -0.445414 -0.643209 -0.730069 -0.909086 -0.987078 0.974839 0.965319 0.937591 0.753562 0.512084 0.403358 0.286811 0.130532 0.036414 -0.172390 -0.300252 -0.454912 -0.645827 -0.765933 -0.900229 -0.985006 
55.656807 24376128.000000 48 48 48 0.972719 0.980543 0.990696 0.987096 0.969675 0.952031 0.795725 0.495115 0.359791 0.217674 0.160976 -0.039101 -0.150650 -0.376240 -0.421329 -0.660589 -0.774341 -0.941831 -0.979639 0.985283 0.968061 0.947574 0.729901 0.520788 0.351074 0.230389 0.155764 -0.018962 -0.179134 -0.333897 -0.420740 -0.644307 -0.741639 -0.894438 -0.982460 
54.304882 10281915.000000 48 48 48 0.990819 0.993642 0.977902 0.990041 0.976922 0.953003 0.833039 0.464948 0.368312 0.248389 0.136143 0.016549 -0.110395 -0.351534 -0.415716 -0.601901 -0.751277 -0.958898 -0.975876 0.988633 0.972902 0.950615 0.835480 0.484504 0.340113 0.223673 0.141852 0.015343 -0.141217 -0.347389 -0.418201 -0.629982 -0.754239 -0.952352 -0.977378 
52.250610 3160110.500000 48 48 50 0.976795 0.973027 0.851851 0.990716 0.977654 0.959421 0.876043 0.490803 0.384027 0.300499 0.103524 -0.031463 -0.197820 -0.383466 -0.480062 -0.632742 -0.755606 -0.933879 -0.974917 0.991096 0.979479 0.960730 0.881881 0.481671 0.378189 0.197660 0.136376 -0.004956 -0.164606 -0.342572 -0.440144 -0.602092 -0.769751 -0.947861 -0.977042 
41.917770 2351839.500000 48 56 48 0.839544 0.520434 0.719821 0.986616 0.954358 0.882814 0.622576 0.452723 0.372328 0.213423 0.067119 -0.174484 -0.313296 -0.474570 -0.626909 -0.695234 -0.824500 -0.935756 -0.965481 0.989628 0.976104 0.937011 0.703654 0.440311 0.360069 0.201632 0.033700 -0.183015 -0.313260 -0.449646 -0.609671 -0.694919 -0.822293 -0.941090 -0.965972 
41.241737 7315239.000000 48 24 24 0.713658 0.767651 0.807521 0.969756 0.964239 0.902140 0.530632 0.421915 0.275628 0.144631 -0.082515 -0.240739 -0.367833 -0.526932 -0.725266 -0.827649 -0.874112 -0.946361 -0.973458 0.978717 0.959029 0.924126 0.706931 0.439815 0.365991 0.224081 0.150036 -0.057869 -0.264194 -0.492484 -0.609785 -0.740586 -0.873689 -0.929277 -0.974420 
48.993484 12556146.000000 50 48 48 0.773273 0.764118 0.888746 0.969661 0.963343 0.802221 0.488433 0.365018 0.257106 0.058736 -0.118463 -0.291512 -0.422409 -0.505759 -0.728150 -0.814674 -0.881595 -0.938904 -0.985757 0.969067 0.962830 0.820035 0.477313 0.411167 0.207366 0.041404 -0.114166 -0.335506 -0.446300 -0.509027 -0.752783 -0.818796 -0.902363 -0.944035 -0.980824 
48.245232 6932607.500000 48 48 54 0.854790 0.798254 0.645582 0.990568 0.978083 0.955711 0.862028 0.479087 0.377460 0.244382 0.019317 -0.079047 -0.271977 -0.372270 -0.559564 -0.817890 -0.876070 -0.935904 -0.979028 0.974554 0.965385 0.859745 0.532208 0.407343 0.304047 0.113889 -0.039347 -0.157174 -0.391548 -0.438496 -0.721993 -0.812319 -0.886210 -0.940383 -0.966323 
58.263100 36777004.000000 48 58 66 0.875082 0.982890 0.743496 0.985810 0.977774 0.961066 0.747256 0.434126 0.328818 0.244702 0.039793 -0.057058 -0.170903 -0.329720 -0.407922 -0.572466 -0.858077 -0.968934 -0.987641 0.989161 0.976713 0.965425 0.816909 0.513632 0.386037 0.242824 0.096059 -0.045967 -0.143084 -0.322825 -0.413721 -0.674372 -0.867862 -0.961681 -0.989203 
56.500954 33288522.000000 66 78 86 0.841919 0.863590 0.869176 0.988397 0.978200 0.954885 0.734459 0.365925 0.281445 0.185548 0.020738 -0.074734 -0.224425 -0.345511 -0.422917 -0.603807 -0.863132 -0.972353 -0.987127 0.986945 0.978157 0.954903 0.730786 0.422026 0.307195 0.211713 0.028691 -0.064934 -0.207305 -0.335206 -0.417204 -0.583586 -0.843875 -0.972460 -0.985056 
51.296215 4349042.500000 86 90 96 0.869361 0.955709 0.673496 0.990949 0.978785 0.963127 0.823973 0.366030 0.265368 0.187484 0.065525 -0.080684 -0.223999 -0.354941 -0.416111 -0.647273 -0.839271 -0.971872 -0.986308 0.988894 0.979515 0.955772 0.743899 0.383952 0.274430 0.200674 0.039384 -0.069278 -0.217796 -0.342693 -0.413115 -0.577491 -0.870137 -0.976717 -0.985629 
45.771088 756968.500000 96 92 92 0.790230 0.772262 0.941348 0.991533 0.978228 0.961126 0.881386 0.584446 0.351049 0.300504 0.139929 0.016537 -0.186631 -0.367929 -0.448209 -0.620792 -0.856793 -0.964647 -0.987886 0.989329 0.972422 0.949187 0.823152 0.587684 0.334685 0.213725 0.116175 -0.012129 -0.193952 -0.382762 -0.446154 -0.652522 -0.849148 -0.961297 -0.983821 
46.164623 369723.437500 92 92 90 0.912224 0.926942 0.935754 0.992517 0.981087 0.958470 0.896204 0.656284 0.388656 0.292036 0.186396 0.053323 -0.133066 -0.269081 -0.371662 -0.640271 -0.826879 -0.921104 -0.984209 0.991880 0.979892 0.959722 0.898399 0.599632 0.371513 0.272514 0.134547 0.020154 -0.144003 -0.310741 -0.401100 -0.614205 -0.826132 -0.960617 -0.981797 
46.185116 287325.562500 90 90 90 0.942283 0.949106 0.946855 0.993162 0.980317 0.959043 0.894502 0.740274 0.360572 0.283452 0.202967 0.096792 -0.125323 -0.272666 -0.381785 -0.597690 -0.800456 -0.927761 -0.976393 0.992642 0.978933 0.955994 0.895468 0.721385 0.405376 0.285757 0.200706 0.072012 -0.153154 -0.277548 -0.366964 -0.593854 -0.792937 -0.899634 -0.981978 
45.708805 1607292.500000 90 88 84 0.929932 0.890585 0.851902 0.991523 0.977026 0.956107 0.869319 0.526404 0.240935 0.188245 0.083203 -0.010454 -0.200760 -0.347556 -0.488239 -0.626572 -0.743318 -0.908537 -0.976485 0.993104 0.979152 0.954996 0.888280 0.765136 0.415486 0.288429 0.196793 0.048264 -0.102577 -0.319942 -0.415513 -0.602674 -0.802252 -0.918318 -0.986637 
50.466698 5020029.500000 84 80 78 0.886476 0.891527 0.923123 0.987053 0.974624 0.951851 0.871248 0.396601 0.296114 0.214495 0.105024 -0.020805 -0.188980 -0.353555 -0.400650 -0.545262 -0.636815 -0.914904 -0.976309 0.987961 0.976297 0.952031 0.879347 0.491452 0.256556 0.213597 0.095243 -0.004945 -0.197999 -0.360503 -0.418997 -0.507192 -0.667579 -0.906594 -0.972048 
53.945946 16103898.000000 78 74 70 0.931763 0.946477 0.931253 0.986416 0.968992 0.948313 0.805680 0.489923 0.378129 0.223652 0.106772 0.013599 -0.185819 -0.345289 -0.411034 -0.557969 -0.716805 -0.799222 -0.906460 0.987231 0.970543 0.953572 0.841249 0.438914 0.330688 0.213669 0.110424 -0.015528 -0.184619 -0.348069 -0.396902 -0.555535 -0.667977 -0.859836 -0.962104 
54.076973 15627636.000000 70 66 62 0.943354 0.951528 0.943233 0.985843 0.972097 0.939333 0.763826 0.543189 0.436384 0.236154 0.129248 0.043476 -0.152731 -0.352529 -0.423088 -0.551940 -0.696120 -0.794343 -0.860384 0.985084 0.969452 0.941635 0.779702 0.512157 0.411989 0.219190 0.118221 0.012041 -0.166953 -0.356282 -0.409553 -0.561191 -0.712331 -0.800886 -0.861486 
54.292492 12004107.000000 62 58 56 0.951488 0.984290 0.967876 0.984000 0.973044 0.943646 0.758679 0.584913 0.479959 0.267577 0.124022 0.051573 -0.174762 -0.368912 -0.466340 -0.589675 -0.752855 -0.818937 -0.872980 0.984878 0.973019 0.941974 0.774469 0.558423 0.450336 0.268203 0.139466 0.058294 -0.133435 -0.363901 -0.424629 -0.570526 -0.707795 -0.819870 -0.851508 
46.691242 942071.875000 56 62 62 0.979169 0.650879 0.339186 0.989198 0.976080 0.913140 0.692309 0.495213 0.417534 0.273179 0.091297 -0.079596 -0.320810 -0.433309 -0.600527 -0.673989 -0.795705 -0.869476 -0.952948 0.987766 0.975481 0.950261 0.746163 0.578487 0.471528 0.191754 0.098691 -0.031785 -0.289767 -0.429353 -0.555314 -0.672720 -0.773147 -0.870823 -0.950283 
32.583782 178841.000000 74 36 62 0.511688 0.448602 0.689654 0.976578 0.967883 0.925076 0.716292 0.474781 0.412244 0.318869 0.152824 0.048765 -0.207366 -0.369990 -0.477365 -0.626607 -0.761962 -0.851292 -0.966009 0.981409 0.968227 0.923466 0.756343 0.488615 0.411086 0.265009 0.125306 0.043204 -0.167283 -0.355344 -0.550151 -0.650334 -0.775707 -0.851087 -0.953638 
46.503860 29123764.000000 62 72 20 0.508311 0.388938 0.753066 0.968442 0.948947 0.768709 0.589880 0.541355 0.212916 0.044554 -0.129967 -0.276600 -0.368503 -0.502661 -0.645721 -0.729743 -0.849360 -0.925035 -0.974752 0.978592 0.951513 0.868823 0.637661 0.527709 0.367380 0.127714 -0.017732 -0.154778 -0.308949 -0.433828 -0.565682 -0.657095 -0.759287 -0.900514 -0.980248 
48.341766 10863109.000000 168 64 120 0.436026 0.528819 0.582322 0.970467 0.928435 0.658460 0.592202 0.533834 0.386537 0.084638 -0.123455 -0.303535 -0.372233 -0.491891 -0.650652 -0.765668 -0.837192 -0.921725 -0.973250 0.960183 0.948114 0.706284 0.589869 0.539073 0.317153 0.041058 -0.174089 -0.321941 -0.378181 -0.488602 -0.674552 -0.759638 -0.849029 -0.912956 -0.976606 
31.274965 381618.718750 120 22 60 0.625217 0.514450 0.578596 0.976394 0.958185 0.770378 0.598503 0.510235 0.392073 0.185363 0.010718 -0.252789 -0.420594 -0.488216 -0.674335 -0.749541 -0.855461 -0.917261 -0.975020 0.975156 0.946256 0.715686 0.605499 0.544053 0.354833 0.136600 -0.047996 -0.239011 -0.336895 -0.475955 -0.664915 -0.754163 -0.837271 -0.915902 -0.974842 
26.054127 170491.156250 58 92 58 0.439012 0.568256 0.649169 0.981351 0.973858 0.848352 0.616552 0.545452 0.406689 0.242482 -0.066240 -0.247832 -0.396296 -0.460150 -0.574562 -0.714355 -0.818000 -0.909763 -0.966033 0.975477 0.961636 0.795836 0.588276 0.501562 0.408850 0.195118 -0.022413 -0.241304 -0.384071 -0.468634 -0.595807 -0.722370 -0.810709 -0.934626 -0.970196 
25.515949 68053.570312 58 176 176 0.683113 0.652221 0.603080 0.983145 0.966040 0.844816 0.596527 0.524388 0.440017 0.300409 -0.107082 -0.284340 -0.349265 -0.400474 -0.571600 -0.732745 -0.804114 -0.895891 -0.967136 0.984370 0.973053 0.835262 0.586607 0.541267 0.428346 0.307038 -0.099084 -0.310091 -0.355368 -0.420708 -0.574233 -0.687111 -0.798938 -0.915975 -0.955926 
18.362667 17208.138672 150 150 144 0.577139 0.308876 0.511223 0.978946 0.960679 0.853316 0.711932 0.540550 0.427472 0.264396 0.020161 -0.256670 -0.342807 -0.377095 -0.546610 -0.713086 -0.774570 -0.890367 -0.953853 0.975544 0.960517 0.858579 0.626451 0.510265 0.436060 0.298129 -0.026221 -0.261660 -0.357215 -0.405454 -0.597120 -0.718170 -0.791258 -0.899959 -0.962408 
39.309448 2515420.250000 122 122 50 0.452702 0.310981 0.582987 0.960878 0.906326 0.762940 0.698915 0.641565 0.585920 0.282585 0.189534 -0.059607 -0.339410 -0.403774 -0.546970 -0.619285 -0.767365 -0.849762 -0.920558 0.971772 0.859091 0.782249 0.689410 0.615344 0.520157 0.273567 0.186322 -0.080780 -0.349213 -0.410825 -0.531647 -0.639081 -0.796337 -0.854123 -0.942809 
51.449242 2998710.000000 46 44 48 0.423666 0.634939 0.976142 0.978305 0.966279 0.945598 0.793719 0.697539 0.658334 0.350554 0.213718 0.145708 -0.182169 -0.293214 -0.420457 -0.616921 -0.682349 -0.783449 -0.942435 0.984988 0.972330 0.854830 0.714289 0.670546 0.617642 0.354109 0.180642 -0.051944 -0.313685 -0.410153 -0.566353 -0.626044 -0.743941 -0.842681 -0.955689 
62.850567 23027470.000000 48 48 48 0.977884 0.976187 0.980063 0.968392 0.963182 0.914676 0.797156 0.714183 0.681979 0.363049 0.202771 0.114124 -0.160576 -0.275740 -0.373516 -0.588478 -0.702605 -0.748349 -0.941208 0.969944 0.964180 0.927472 0.776882 0.709550 0.668415 0.346762 0.192159 0.099445 -0.175848 -0.290477 -0.392999 -0.620200 -0.692102 -0.738755 -0.950149 
61.804321 15801329.000000 48 48 46 0.981800 0.979639 0.977755 0.967679 0.958832 0.906338 0.852666 0.707669 0.657255 0.353042 0.239387 0.132534 -0.172572 -0.249296 -0.383133 -0.566385 -0.709364 -0.749042 -0.938923 0.968209 0.961081 0.908951 0.829471 0.709178 0.671424 0.338561 0.243230 0.118272 -0.176065 -0.262091 -0.368819 -0.568180 -0.695169 -0.741932 -0.946078 
60.394485 11232291.000000 46 46 44 0.965916 0.993974 0.966848 0.966302 0.956047 0.904610 0.850599 0.728313 0.664693 0.413419 0.247941 0.126211 -0.175811 -0.246014 -0.351709 -0.548497 -0.704729 -0.771342 -0.950996 0.966987 0.957235 0.905384 0.854584 0.723601 0.652433 0.399899 0.237409 0.113963 -0.177066 -0.251245 -0.389299 -0.573189 -0.722202 -0.768712 -0.943129 
60.175423 9590449.000000 44 44 44 0.958303 0.987986 0.978185 0.965976 0.956685 0.908126 0.845921 0.735058 0.662901 0.426066 0.233338 0.094194 -0.148548 -0.264649 -0.324587 -0.519801 -0.695624 -0.809811 -0.961192 0.966084 0.956373 0.906749 0.844994 0.735334 0.670916 0.416755 0.236401 0.111366 -0.176778 -0.261974 -0.329699 -0.555341 -0.700963 -0.777717 -0.949358 
61.042130 5955993.000000 44 44 44 0.964283 0.926814 0.975493 0.967218 0.957350 0.921468 0.858899 0.767304 0.690465 0.501713 0.197626 0.081516 -0.141556 -0.248710 -0.337877 -0.479756 -0.728531 -0.856320 -0.970110 0.965852 0.957254 0.917353 0.853084 0.746988 0.670305 0.470078 0.228359 0.099110 -0.140844 -0.262191 -0.336542 -0.529189 -0.707926 -0.822974 -0.965862 
60.920456 4714928.000000 44 44 46 0.957169 0.986875 0.970988 0.968792 0.960040 0.922798 0.870884 0.788041 0.688301 0.472305 0.177494 0.135081 -0.111150 -0.276820 -0.373152 -0.520890 -0.715480 -0.857634 -0.971093 0.968683 0.958993 0.926043 0.864860 0.784105 0.691087 0.511054 0.165176 0.102010 -0.138795 -0.245683 -0.344414 -0.546818 -0.727662 -0.863303 -0.971650 
60.287231 3170277.250000 46 46 50 0.956650 0.952797 0.955108 0.972246 0.963787 0.926459 0.893691 0.802366 0.700961 0.362251 0.219658 0.111959 -0.133667 -0.286483 -0.323733 -0.536994 -0.730120 -0.855504 -0.971970 0.970251 0.961397 0.920741 0.877304 0.797058 0.695347 0.379024 0.200454 0.163414 -0.138196 -0.317587 -0.345353 -0.509709 -0.724885 -0.863421 -0.970675 
59.255219 2014804.000000 50 54 60 0.949189 0.925343 0.851558 0.978259 0.967710 0.935329 0.892616 0.802348 0.721028 0.442925 0.207958 0.171882 -0.077586 -0.257489 -0.329743 -0.586875 -0.745142 -0.890474 -0.975146 0.975882 0.966511 0.933362 0.901166 0.785473 0.711381 0.415702 0.180643 0.109542 -0.116612 -0.279359 -0.324850 -0.573423 -0.734418 -0.864303 -0.973079 
58.319389 2603913.000000 58 66 76 0.780333 0.747425 0.825067 0.979304 0.968176 0.939386 0.873327 0.836853 0.712634 0.300289 0.217391 0.085784 -0.209584 -0.280798 -0.371919 -0.620882 -0.678871 -0.868297 -0.974730 0.979520 0.968130 0.930158 0.877898 0.812023 0.710014 0.348929 0.205187 0.137999 -0.151177 -0.285016 -0.343094 -0.613892 -0.685223 -0.823867 -0.969367 
59.488289 1009195.125000 76 82 90 0.784033 0.626360 0.581389 0.980395 0.974895 0.938476 0.885376 0.845339 0.731274 0.443186 0.238046 0.164064 -0.218703 -0.260696 -0.501823 -0.613559 -0.733482 -0.908762 -0.975037 0.978095 0.971214 0.944568 0.882688 0.834964 0.727227 0.353490 0.229566 0.131937 -0.225105 -0.262797 -0.447367 -0.617056 -0.689516 -0.884639 -0.972590 
55.798611 412049.687500 96 102 110 0.544491 0.859843 0.850570 0.981603 0.975672 0.945302 0.897637 0.852208 0.728262 0.448044 0.229538 0.140022 -0.224472 -0.264100 -0.510140 -0.603055 -0.774206 -0.907545 -0.972587 0.981746 0.974938 0.939428 0.888498 0.825591 0.722189 0.479055 0.223759 0.151274 -0.225975 -0.254138 -0.484718 -0.590373 -0.711879 -0.913703 -0.974198 
52.641293 119041.851562 110 118 108 0.865496 0.906117 0.791369 0.985339 0.978992 0.957364 0.897380 0.861626 0.735533 0.488065 0.249845 -0.007584 -0.201639 -0.331321 -0.504142 -0.688803 -0.821571 -0.919676 -0.972750 0.983080 0.977339 0.949503 0.901118 0.857314 0.733506 0.449914 0.246153 0.151337 -0.241545 -0.278286 -0.491776 -0.641267 -0.805957 -0.920630 -0.970615 
48.873924 78645.656250 106 34 124 0.779675 0.674567 0.430364 0.986876 0.980089 0.951605 0.883951 0.851946 0.749868 0.450210 0.252489 -0.027189 -0.220603 -0.293427 -0.504215 -0.672753 -0.827291 -0.901248 -0.973608 0.985843 0.980797 0.937834 0.881315 0.842725 0.738815 0.473435 0.241828 -0.034641 -0.201666 -0.296313 -0.486426 -0.638946 -0.815623 -0.906879 -0.979168 
45.802845 32070.158203 194 68 62 0.596624 0.508628 0.732593 0.990035 0.976009 0.953205 0.898483 0.836850 0.719361 0.442382 0.254360 0.042953 -0.221099 -0.327644 -0.488889 -0.694725 -0.831067 -0.917058 -0.975411 0.987146 0.979636 0.958053 0.914958 0.848862 0.746254 0.487851 0.264267 0.064503 -0.196777 -0.343306 -0.514911 -0.707456 -0.831372 -0.908302 -0.974387 
47.053009 99208.687500 60 82 78 0.622678 0.649069 0.553372 0.987391 0.979456 0.960549 0.884199 0.769529 0.730158 0.519304 0.313724 0.078735 -0.152926 -0.331102 -0.526251 -0.666204 -0.809899 -0.903149 -0.972691 0.989725 0.981335 0.966322 0.904516 0.830764 0.738115 0.426882 0.203109 0.014512 -0.221105 -0.330505 -0.515315 -0.716605 -0.819511 -0.909272 -0.976765 
45.389309 58156.039062 110 62 58 0.561561 0.740189 0.439214 0.989790 0.981165 0.966296 0.899737 0.714405 0.674007 0.526539 0.250266 0.078712 -0.169524 -0.374844 -0.512002 -0.638385 -0.832794 -0.911353 -0.970180 0.986518 0.980967 0.960049 0.889919 0.764788 0.723237 0.464567 0.290404 0.027277 -0.181522 -0.334336 -0.529885 -0.702423 -0.846364 -0.904817 -0.972673 
42.808815 34689.421875 108 108 92 0.663737 0.674825 0.461793 0.991175 0.985524 0.961549 0.890898 0.737928 0.658141 0.495858 0.243552 0.026726 -0.153390 -0.313424 -0.527324 -0.689953 -0.845632 -0.917439 -0.967052 0.991336 0.983953 0.950071 0.892731 0.775117 0.676159 0.539693 0.237461 0.057124 -0.185444 -0.364679 -0.564565 -0.707300 -0.823284 -0.916185 -0.972649 
40.941143 52173.484375 54 72 58 0.524226 0.507537 0.663772 0.990786 0.982850 0.956459 0.860890 0.658927 0.638369 0.419589 0.224100 0.085929 -0.132101 -0.316712 -0.475145 -0.643015 -0.826776 -0.898633 -0.982997 0.992855 0.981593 0.962177 0.868509 0.670539 0.635902 0.421786 0.176743 0.069267 -0.119014 -0.295011 -0.440695 -0.643637 -0.823764 -0.913178 -0.978863 
36.059788 626134.437500 56 66 68 0.810448 0.726529 0.691062 0.993311 0.980463 0.924247 0.729278 0.593633 0.263953 -0.108225 -0.160125 -0.239725 -0.296815 -0.493317 -0.610343 -0.694593 -0.800456 -0.889313 -0.973797 0.992819 0.981710 0.929120 0.875205 0.694648 0.608378 0.383528 0.149752 -0.066185 -0.212299 -0.321955 -0.467065 -0.717962 -0.845703 -0.938457 -0.977538 
56.022118 6417149.000000 66 66 66 0.687809 0.492911 0.364813 0.986208 0.938381 0.805687 0.660085 0.505699 0.123354 -0.137724 -0.328403 -0.419004 -0.520836 -0.571129 -0.606864 -0.664865 -0.805986 -0.890222 -0.971184 0.990667 0.970224 0.869369 0.669378 0.488685 0.028055 -0.154815 -0.262088 -0.350036 -0.421724 -0.525801 -0.665952 -0.764776 -0.825067 -0.912828 -0.985152 
58.354359 11091526.000000 72 26 84 0.370422 0.739815 0.523900 0.976941 0.918153 0.793539 0.636394 0.455175 0.104426 -0.139703 -0.259662 -0.386949 -0.565647 -0.679277 -0.744480 -0.791724 -0.831890 -0.928029 -0.981029 0.976189 0.921170 0.786133 0.649913 0.503975 0.085124 -0.170539 -0.248832 -0.454814 -0.585858 -0.620403 -0.671089 -0.714297 -0.824105 -0.929635 -0.972971 
54.726089 21021190.000000 103 73 55 0.452286 0.408396 0.351037 0.974830 0.889111 0.758158 0.428387 0.143352 0.023461 -0.070324 -0.170214 -0.380018 -0.452714 -0.512689 -0.614168 -0.775827 -0.887036 -0.938680 -0.972334 0.973577 0.889335 0.753686 0.424136 0.127356 0.044380 -0.104774 -0.242693 -0.381091 -0.445524 -0.540761 -0.648414 -0.779269 -0.884278 -0.949245 -0.974852 
54.013424 13608018.000000 53 158 93 0.530171 0.453535 0.504154 0.976835 0.907905 0.753998 0.436057 0.178821 0.013954 -0.067281 -0.211319 -0.326526 -0.366443 -0.478899 -0.600150 -0.802485 -0.884531 -0.938746 -0.981939 0.975524 0.891548 0.746875 0.425878 0.157281 0.051191 -0.066977 -0.172737 -0.386152 -0.437451 -0.487880 -0.610892 -0.824292 -0.895299 -0.941514 -0.977886 
54.958134 4956741.000000 65 48 83 0.472642 0.400916 0.436489 0.977951 0.901726 0.770082 0.572570 0.165154 -0.013545 -0.103821 -0.197944 -0.237873 -0.305280 -0.405303 -0.601686 -0.741809 -0.852409 -0.928040 -0.964479 0.978246 0.902499 0.768763 0.459413 0.178788 -0.012548 -0.058970 -0.235809 -0.288957 -0.327947 -0.471413 -0.608811 -0.750720 -0.866497 -0.943481 -0.977759 
45.832764 1095782.625000 143 170 170 0.426199 0.543473 0.455786 0.976757 0.838123 0.759344 0.747141 0.228632 0.102394 0.002054 -0.092440 -0.231976 -0.276177 -0.388171 -0.538702 -0.690556 -0.814390 -0.897462 -0.972567 0.975730 0.854230 0.759555 0.679231 0.141387 0.048387 -0.018474 -0.078232 -0.238884 -0.300956 -0.383327 -0.581595 -0.717377 -0.830703 -0.919100 -0.960046 
34.090290 208051.750000 160 185 168 0.447640 0.514295 0.461792 0.986828 0.956444 0.800531 0.747040 0.432782 0.014786 -0.040873 -0.149402 -0.233921 -0.310651 -0.437749 -0.535181 -0.708050 -0.853181 -0.903327 -0.972616 0.981152 0.920947 0.765552 0.756740 0.392490 0.073787 -0.046612 -0.096828 -0.242967 -0.316896 -0.423589 -0.522089 -0.693484 -0.847209 -0.904412 -0.966829 
30.981487 81647.375000 150 150 193 0.457060 0.632322 0.373658 0.986637 0.940721 0.827928 0.689151 0.416449 0.104268 -0.030900 -0.157395 -0.204356 -0.311815 -0.435370 -0.508638 -0.639139 -0.822364 -0.915949 -0.956385 0.992380 0.951332 0.801296 0.690048 0.389125 0.037625 -0.066583 -0.155259 -0.244869 -0.333131 -0.447872 -0.516912 -0.711929 -0.845419 -0.922624 -0.962971 
29.690849 51580.183594 188 100 98 0.457292 0.456867 0.381193 0.980782 0.950293 0.790548 0.716875 0.489068 0.096533 0.009460 -0.090833 -0.209188 -0.298069 -0.385930 -0.464890 -0.537243 -0.781729 -0.900580 -0.968661 0.988116 0.941968 0.799132 0.712572 0.488325 0.089235 -0.008962 -0.137911 -0.215366 -0.277665 -0.380012 -0.468688 -0.566754 -0.788382 -0.908567 -0.953961 
27.642241 41377.144531 280 148 120 0.366556 0.529421 0.506907 0.986253 0.923891 0.782913 0.741344 0.582329 0.218094 0.006303 -0.101619 -0.222632 -0.282488 -0.367917 -0.431544 -0.575239 -0.804787 -0.914390 -0.979090 0.986923 0.955040 0.801440 0.731849 0.501983 0.109946 -0.012308 -0.108484 -0.206154 -0.286493 -0.363535 -0.460677 -0.528468 -0.781667 -0.912636 -0.977702 
24.160053 29146.500000 115 153 265 0.476546 0.478861 0.389735 0.976815 0.933155 0.807027 0.736189 0.626739 0.293424 0.013097 -0.109578 -0.210022 -0.271924 -0.354611 -0.436701 -0.588918 -0.820875 -0.895190 -0.975493 0.985852 0.939113 0.795240 0.738447 0.565327 0.230509 0.012021 -0.061270 -0.221551 -0.285055 -0.369182 -0.452761 -0.589321 -0.793714 -0.878961 -0.971717 
22.349083 15506.225586 208 118 143 0.403275 0.402910 0.544716 0.974382 0.943644 0.848748 0.721297 0.589876 0.346422 0.057585 -0.143117 -0.209559 -0.282976 -0.340518 -0.435592 -0.653175 -0.814691 -0.904159 -0.970305 0.982376 0.949273 0.824995 0.736380 0.625006 0.320662 0.053290 -0.110431 -0.239979 -0.294453 -0.337771 -0.441370 -0.619436 -0.821583 -0.911800 -0.973623 
18.649353 19246.113281 114 42 48 0.562511 0.337130 0.465262 0.980006 0.940917 0.861281 0.690675 0.611395 0.476056 0.124385 -0.048894 -0.170909 -0.368897 -0.567929 -0.647924 -0.694212 -0.761175 -0.886576 -0.976838 0.975065 0.938855 0.867050 0.744892 0.581449 0.464274 0.224158 -0.024090 -0.276862 -0.486262 -0.594592 -0.662964 -0.696464 -0.758170 -0.900031 -0.966539 
12.616823 7241.635742 26 20 20 0.234871 0.554831 0.375113 0.989109 0.945782 0.879214 0.764798 0.615535 0.441716 0.215491 0.011701 -0.207372 -0.397109 -0.548446 -0.633103 -0.712812 -0.792060 -0.887968 -0.976254 0.980099 0.942972 0.870329 0.684695 0.605873 0.485994 0.221201 -0.017451 -0.159267 -0.353631 -0.543933 -0.641295 -0.691559 -0.783568 -0.895446 -0.964486 
11.176948 6889.634277 130 28 80 0.474865 0.608846 0.314696 0.990702 0.949730 0.878144 0.761825 0.603876 0.460572 0.277055 0.035625 -0.160056 -0.398894 -0.556446 -0.627436 -0.728724 -0.830659 -0.918537 -0.975200 0.985128 0.951165 0.888523 0.739339 0.602619 0.462521 0.284191 0.036244 -0.210051 -0.456605 -0.561275 -0.644641 -0.707240 -0.805095 -0.902559 -0.979136 
9.649977 4881.341797 80 122 120 0.363596 0.383679 0.536018 0.986448 0.935782 0.885943 0.738706 0.623404 0.469819 0.256193 0.013880 -0.186535 -0.357811 -0.476586 -0.636369 -0.690023 -0.819215 -0.900026 -0.979988 0.990395 0.948397 0.873736 0.727177 0.618456 0.482043 0.243163 0.013603 -0.183337 -0.381704 -0.508934 -0.636944 -0.716411 -0.820631 -0.913688 -0.974920 
10.217389 5390.787109 116 112 106 0.550952 0.527951 0.457476 0.988902 0.949494 0.882324 0.683366 0.620459 0.479846 0.326196 0.101535 -0.160963 -0.315696 -0.449554 -0.612920 -0.712458 -0.822601 -0.919180 -0.977408 0.989704 0.951465 0.897854 0.718127 0.622314 0.442152 0.327315 0.056069 -0.194006 -0.343318 -0.503820 -0.622976 -0.722216 -0.814373 -0.909359 -0.979333 
9.407537 4774.207520 152 154 154 0.496066 0.466050 0.476857 0.989932 0.938343 0.868482 0.773112 0.610579 0.468118 0.234903 0.051981 -0.147463 -0.290658 -0.502593 -0.633797 -0.729900 -0.827601 -0.901454 -0.979885 0.987973 0.944833 0.876352 0.732123 0.603734 0.512550 0.292809 0.038003 -0.147568 -0.306876 -0.473921 -0.632152 -0.710292 -0.814270 -0.915293 -0.961586 
9.649099 4130.542969 142 140 138 0.403617 0.574322 0.483507 0.984194 0.958120 0.901173 0.737692 0.657769 0.461894 0.286573 0.068472 -0.110172 -0.277555 -0.454735 -0.613151 -0.713765 -0.822135 -0.895487 -0.981698 0.986279 0.945668 0.873377 0.748728 0.632625 0.457546 0.280917 0.100589 -0.134402 -0.278030 -0.460665 -0.611798 -0.704378 -0.804306 -0.909059 -0.979412 
10.178361 3843.417236 136 142 144 0.511928 0.384937 0.606716 0.990385 0.953226 0.866723 0.720624 0.613247 0.523068 0.263934 0.121558 -0.159960 -0.304714 -0.461383 -0.629231 -0.700541 -0.825863 -0.923096 -0.972812 0.988074 0.963615 0.898221 0.738106 0.643172 0.476841 0.292349 0.005121 -0.128460 -0.276034 -0.473775 -0.607398 -0.707371 -0.841465 -0.916681 -0.974560 
8.555506 3989.920654 146 118 72 0.482940 0.344111 0.260656 0.990319 0.948947 0.873846 0.731380 0.613481 0.488320 0.303405 0.073849 -0.145248 -0.267343 -0.463273 -0.594903 -0.746079 -0.857240 -0.919403 -0.975650 0.987187 0.954937 0.863088 0.709620 0.614777 0.487200 0.292399 0.058831 -0.143680 -0.254906 -0.468381 -0.625501 -0.729999 -0.841422 -0.907588 -0.974591 
8.893853 3086.916504 102 108 210 0.371459 0.491246 0.425910 0.990697 0.957889 0.859711 0.715015 0.587949 0.464190 0.306338 0.096892 -0.133373 -0.256223 -0.449981 -0.592490 -0.742401 -0.841353 -0.923272 -0.956841 0.994538 0.961213 0.861274 0.741866 0.588823 0.440986 0.297304 0.118235 -0.117306 -0.259445 -0.467609 -0.593306 -0.761929 -0.850485 -0.915439 -0.982003 
6.958351 2762.829834 226 116 44 0.438626 0.402558 0.339746 0.974889 0.936793 0.872269 0.771366 0.635249 0.487025 0.269207 0.076247 -0.139581 -0.288861 -0.417936 -0.608598 -0.724681 -0.843085 -0.924457 -0.977553 0.983456 0.946770 0.877119 0.735809 0.600643 0.427349 0.279323 0.083018 -0.137669 -0.271324 -0.417893 -0.611192 -0.745572 -0.822771 -0.917188 -0.962546 
8.134085 2453.491455 118 80 44 0.315972 0.430038 0.404697 0.985450 0.958949 0.888958 0.747429 0.645256 0.492086 0.336262 0.074891 -0.044230 -0.315458 -0.445697 -0.610549 -0.732229 -0.844236 -0.923282 -0.972015 0.985081 0.948653 0.870682 0.761632 0.633191 0.482336 0.326360 0.128564 -0.095444 -0.252543 -0.447933 -0.614944 -0.739711 -0.844559 -0.926857 -0.984698 
4.930564 1938.798706 44 118 114 0.626654 0.318507 0.405952 0.990633 0.956117 0.886885 0.734505 0.629008 0.439803 0.286235 0.029943 -0.108444 -0.307819 -0.491399 -0.589029 -0.746490 -0.837925 -0.929691 -0.965569 0.975133 0.947340 0.856510 0.732783 0.599665 0.484927 0.258473 0.035449 -0.106673 -0.284719 -0.492504 -0.619656 -0.733509 -0.846379 -0.923093 -0.978084 
6.338296 2085.187744 128 76 50 0.544302 0.401762 0.342791 0.985448 0.929431 0.878365 0.756478 0.617705 0.480351 0.267940 0.070313 -0.130179 -0.286938 -0.469874 -0.596356 -0.733741 -0.848326 -0.929426 -0.975899 0.991629 0.946644 0.866371 0.768621 0.627692 0.468994 0.284824 0.091723 -0.119629 -0.291732 -0.464417 -0.585379 -0.736946 -0.848465 -0.925229 -0.975825 
7.387801 2720.391846 62 112 94 0.381216 0.413920 0.603606 0.991439 0.951141 0.899161 0.769705 0.583113 0.486931 0.301440 0.078488 -0.069950 -0.307900 -0.436988 -0.619919 -0.725788 -0.836555 -0.937081 -0.976778 0.983705 0.952223 0.873839 0.741112 0.611277 0.479638 0.294371 0.097619 -0.116496 -0.285047 -0.461051 -0.615004 -0.745880 -0.850534 -0.943551 -0.982564 
6.405579 2427.549805 96 90 36 0.607550 0.466705 0.416134 0.988886 0.958582 0.892130 0.754701 0.636672 0.457961 0.281890 0.065840 -0.104370 -0.275180 -0.455031 -0.627793 -0.729790 -0.836504 -0.931757 -0.967497 0.986404 0.938479 0.868264 0.751983 0.584727 0.464635 0.301172 0.049886 -0.158789 -0.296648 -0.434721 -0.598435 -0.733252 -0.841520 -0.929784 -0.974749 
5.415549 1765.982910 60 172 174 0.347723 0.371406 0.377462 0.979196 0.938648 0.879745 0.753302 0.627546 0.455597 0.283704 0.100491 -0.110950 -0.302732 -0.466413 -0.620399 -0.733353 -0.834408 -0.919416 -0.988078 0.988652 0.948465 0.885801 0.784336 0.621228 0.415906 0.223791 0.044254 -0.181204 -0.317826 -0.420064 -0.590832 -0.723729 -0.836154 -0.925851 -0.981795 
4.719685 1234.059570 60 140 96 0.450214 0.554369 0.480382 0.993992 0.937639 0.877510 0.784808 0.659979 0.450036 0.265895 0.118208 -0.092858 -0.267595 -0.424357 -0.606576 -0.755440 -0.864566 -0.921515 -0.972923 0.992461 0.947825 0.870293 0.708770 0.603622 0.426584 0.308799 0.067928 -0.126438 -0.281250 -0.409102 -0.640469 -0.751109 -0.847359 -0.906217 -0.980267 
3.895448 1156.559326 96 24 68 0.550752 0.489857 0.593090 0.991403 0.959767 0.886947 0.761273 0.603939 0.468979 0.264427 0.109857 -0.150547 -0.284473 -0.497674 -0.653126 -0.775320 -0.878343 -0.941500 -0.980585 0.992423 0.952466 0.874763 0.764718 0.650335 0.421209 0.262294 0.106293 -0.140173 -0.307508 -0.473788 -0.632314 -0.771958 -0.843181 -0.936098 -0.977159 
2.898240 909.860107 210 208 208 0.294295 0.477822 0.503363 0.990689 0.939609 0.874290 0.702414 0.594381 0.452729 0.241047 0.075863 -0.115617 -0.290760 -0.479404 -0.612250 -0.744898 -0.850765 -0.916991 -0.974361 0.982415 0.950385 0.895292 0.764605 0.608204 0.489648 0.277768 0.062316 -0.107808 -0.238766 -0.472550 -0.636599 -0.749647 -0.851612 -0.917948 -0.978290 
30.618486 14171.762695 74 62 56 0.260157 0.343486 0.514241 0.957202 0.949515 0.904621 0.889522 0.671487 0.576234 0.543207 0.212775 0.181965 -0.015285 -0.253648 -0.453555 -0.713297 -0.816197 -0.908329 -0.970992 0.971781 0.954735 0.901128 0.862754 0.622070 0.535758 0.320435 0.165069 -0.056980 -0.205435 -0.427568 -0.583162 -0.716394 -0.852468 -0.917166 -0.980318 
28.561203 64473.386719 40 26 20 0.836643 0.379541 0.431271 0.959139 0.943108 0.861587 0.753975 0.627980 0.596785 0.408774 0.197999 0.115036 -0.046096 -0.206605 -0.288872 -0.562922 -0.786759 -0.874181 -0.970074 0.955110 0.945608 0.904821 0.882254 0.605309 0.584870 0.414541 0.191199 0.120907 -0.157709 -0.328324 -0.558051 -0.695648 -0.848048 -0.925581 -0.981943 
28.151388 5624.314941 20 24 20 0.376813 0.678438 0.533616 0.967176 0.962426 0.894216 0.750766 0.619726 0.593648 0.337460 0.203477 0.114866 -0.170040 -0.349122 -0.538086 -0.695252 -0.800961 -0.923713 -0.980600 0.955026 0.939689 0.863140 0.743373 0.620378 0.603558 0.413834 0.195293 0.128421 -0.057945 -0.213914 -0.287280 -0.613591 -0.789492 -0.879363 -0.961035 
44.121292 4575251.000000 48 22 54 0.663819 0.375130 0.506536 0.971452 0.934810 0.883026 0.773745 0.641929 0.556268 0.444089 0.189089 0.106117 -0.094425 -0.239407 -0.380815 -0.568468 -0.719934 -0.855269 -0.940123 0.964732 0.933517 0.888630 0.824656 0.651474 0.569289 0.436404 0.187142 0.104925 -0.196882 -0.277382 -0.434324 -0.575927 -0.738970 -0.875574 -0.937550 
58.776909 68994232.000000 54 50 52 0.546168 0.729640 0.930890 0.962287 0.932632 0.871640 0.737637 0.646275 0.581477 0.500926 0.187482 0.107908 -0.126462 -0.234421 -0.426570 -0.564186 -0.693419 -0.787881 -0.940894 0.968761 0.934305 0.859018 0.742279 0.645614 0.584020 0.447390 0.200718 0.113130 -0.128888 -0.225079 -0.449343 -0.578267 -0.697614 -0.801795 -0.925286 
60.411041 64402288.000000 52 50 46 0.981107 0.918092 0.939490 0.965360 0.930038 0.856022 0.756191 0.629987 0.601174 0.439763 0.202380 0.113419 -0.069532 -0.240324 -0.434107 -0.560163 -0.688543 -0.815380 -0.983658 0.961965 0.931101 0.866997 0.742032 0.647848 0.598174 0.461141 0.209498 0.105163 -0.084031 -0.224376 -0.422433 -0.563887 -0.686414 -0.806860 -0.975774 
57.947838 34086580.000000 46 44 42 0.911260 0.947786 0.983743 0.965670 0.946667 0.868338 0.775436 0.657818 0.595601 0.440526 0.210113 0.100482 -0.060748 -0.267529 -0.420239 -0.515774 -0.656076 -0.874938 -0.985767 0.966164 0.937884 0.859136 0.782349 0.632323 0.580780 0.460378 0.220188 0.120969 -0.052311 -0.262126 -0.419393 -0.564642 -0.667465 -0.874437 -0.985523 
58.874763 22268908.000000 42 40 40 0.959216 0.919965 0.980098 0.965397 0.949515 0.901047 0.760865 0.662782 0.601501 0.528038 0.254370 0.146918 0.037497 -0.372522 -0.426594 -0.514035 -0.633154 -0.884056 -0.980870 0.964877 0.950065 0.888638 0.759938 0.661664 0.605067 0.492471 0.230297 0.120320 -0.053516 -0.309286 -0.417298 -0.539770 -0.655115 -0.885418 -0.982878 
59.196625 23466846.000000 40 40 42 0.981547 0.978089 0.970685 0.962463 0.950045 0.897809 0.759824 0.661444 0.598648 0.530745 0.248232 0.126860 -0.019032 -0.379857 -0.421614 -0.509350 -0.647974 -0.944838 -0.976350 0.963607 0.948774 0.897975 0.760640 0.663659 0.599874 0.544367 0.251756 0.132045 0.012142 -0.336880 -0.429707 -0.501379 -0.635075 -0.891960 -0.981091 
58.949493 48636156.000000 42 44 48 0.952989 0.950356 0.816085 0.966201 0.941889 0.857092 0.772358 0.648249 0.601927 0.471527 0.214354 0.087101 -0.042360 -0.327893 -0.432774 -0.550946 -0.688409 -0.952254 -0.983057 0.963225 0.952275 0.876386 0.758006 0.657121 0.610717 0.519078 0.222694 0.092105 -0.050883 -0.357689 -0.436421 -0.544722 -0.669757 -0.946497 -0.980275 
60.019516 71885344.000000 48 54 62 0.873862 0.866860 0.929515 0.955109 0.938510 0.864729 0.737636 0.633310 0.603089 0.421353 0.185265 0.097215 -0.080018 -0.354585 -0.436318 -0.539725 -0.702498 -0.937819 -0.983075 0.959182 0.932417 0.858940 0.741143 0.640385 0.606945 0.463971 0.202018 0.097291 -0.060801 -0.354825 -0.436725 -0.544201 -0.683459 -0.930271 -0.981399 
59.960487 95432032.000000 62 70 76 0.715425 0.694355 0.428483 0.955156 0.938129 0.855839 0.719085 0.626959 0.599290 0.391204 0.177551 0.095681 -0.130064 -0.344306 -0.492891 -0.582098 -0.756456 -0.869222 -0.982439 0.958802 0.941508 0.851842 0.723856 0.631740 0.600760 0.399014 0.186257 0.089920 -0.097100 -0.368697 -0.463039 -0.566452 -0.723229 -0.897568 -0.981615 
59.532448 66287616.000000 76 90 98 0.409071 0.828412 0.923895 0.956528 0.941232 0.860279 0.711980 0.625598 0.601345 0.386983 0.171780 0.104126 -0.161553 -0.308127 -0.544800 -0.606029 -0.837728 -0.882722 -0.947483 0.956603 0.941892 0.854011 0.732524 0.623323 0.603837 0.370121 0.173695 0.091871 -0.149872 -0.309522 -0.519667 -0.581907 -0.805634 -0.865453 -0.962412 
56.356701 32000324.000000 98 108 110 0.634261 0.832522 0.405160 0.958925 0.942524 0.876694 0.740772 0.625413 0.597717 0.377423 0.177189 0.103847 -0.147166 -0.298479 -0.503981 -0.679498 -0.815736 -0.911988 -0.938151 0.957620 0.941721 0.880562 0.726236 0.624195 0.600579 0.399709 0.174173 0.102922 -0.173706 -0.318936 -0.524790 -0.632890 -0.830518 -0.894405 -0.932427 
52.590942 5815554.500000 118 118 116 0.623811 0.795609 0.628400 0.957881 0.948440 0.907878 0.759918 0.619756 0.590860 0.444543 0.211976 0.106338 -0.118263 -0.371607 -0.465608 -0.654522 -0.824706 -0.940843 -0.964593 0.958971 0.948947 0.891557 0.745121 0.618466 0.591173 0.434463 0.191773 0.121311 -0.104204 -0.301028 -0.468359 -0.661468 -0.794122 -0.920448 -0.946573 
47.047810 4215791.500000 40 124 230 0.532226 0.514140 0.487521 0.973528 0.962857 0.897189 0.711414 0.617888 0.593044 0.403407 0.153811 0.085565 -0.148556 -0.395593 -0.480483 -0.568730 -0.796057 -0.916694 -0.960294 0.965026 0.949951 0.899689 0.752112 0.616869 0.585108 0.429920 0.182758 0.112168 -0.102723 -0.384090 -0.481725 -0.627541 -0.806155 -0.924893 -0.964538 
41.377125 579802.062500 76 72 64 0.454525 0.343523 0.529153 0.988342 0.956041 0.908654 0.765187 0.652889 0.595091 0.517378 0.230052 0.165252 -0.015666 -0.322931 -0.450604 -0.600034 -0.803846 -0.905097 -0.929587 0.985080 0.959792 0.891630 0.762379 0.636189 0.592409 0.444070 0.202411 0.139876 -0.027347 -0.395134 -0.492543 -0.644939 -0.850429 -0.912830 -0.943762 
41.057323 210451.406250 62 188 60 0.563631 0.365697 0.779293 0.985075 0.960524 0.918909 0.814841 0.655912 0.595015 0.508840 0.223478 0.150235 0.067872 -0.299152 -0.422650 -0.575354 -0.815880 -0.895341 -0.953074 0.989662 0.974564 0.902071 0.810839 0.699873 0.601279 0.502722 0.269571 0.161273 0.047056 -0.353695 -0.446850 -0.561983 -0.781933 -0.901737 -0.932068 
38.855343 121741.414062 60 66 54 0.727174 0.479419 0.544285 0.984918 0.955205 0.906862 0.773897 0.662723 0.594459 0.483969 0.319911 0.177441 0.083367 -0.249554 -0.480607 -0.613027 -0.795426 -0.884268 -0.968236 0.988367 0.964970 0.924166 0.783899 0.666676 0.625450 0.479908 0.252303 0.153026 0.103604 -0.163072 -0.464873 -0.606733 -0.862817 -0.889640 -0.946358 
39.254631 92872.968750 42 78 80 0.604319 0.495461 0.491393 0.990466 0.974801 0.927388 0.817356 0.649160 0.612684 0.534973 0.313419 0.160082 0.105061 -0.207525 -0.480751 -0.637731 -0.821534 -0.897398 -0.969019 0.990681 0.970824 0.922442 0.807931 0.686169 0.632531 0.507036 0.273666 0.187061 0.118999 -0.231062 -0.478385 -0.614750 -0.784020 -0.895728 -0.961345 
31.684460 46482.531250 80 40 76 0.638073 0.529018 0.395999 0.972614 0.946502 0.895549 0.783408 0.680242 0.623176 0.538082 0.233696 0.180451 0.022613 -0.300362 -0.514771 -0.715437 -0.798646 -0.903347 -0.978165 0.980328 0.950497 0.910781 0.796654 0.662106 0.601933 0.542956 0.249620 0.175700 0.067577 -0.277231 -0.466700 -0.686294 -0.813561 -0.897059 -0.977198 
28.705652 28903.564453 140 138 140 0.500166 0.458397 0.458920 0.975511 0.951809 0.895821 0.748383 0.687593 0.617051 0.550017 0.273974 0.179207 -0.004604 -0.375989 -0.533391 -0.673347 -0.828409 -0.926745 -0.957505 0.982039 0.944921 0.882370 0.798979 0.669306 0.615832 0.516161 0.268162 0.153267 -0.023444 -0.300278 -0.497646 -0.655345 -0.808775 -0.922136 -0.970456 
47.582863 15984468.000000 70 54 104 0.457951 0.350185 0.483705 0.965819 0.938522 0.819656 0.637474 0.555224 0.270837 -0.013714 -0.141217 -0.322412 -0.401858 -0.447337 -0.609234 -0.725036 -0.833551 -0.912861 -0.980512 0.969249 0.927403 0.844487 0.696457 0.575871 0.420960 0.052358 -0.048586 -0.248282 -0.368766 -0.468952 -0.588115 -0.706834 -0.836388 -0.910179 -0.977015 
36.678776 697664.375000 104 102 208 0.477342 0.578437 0.566530 0.957532 0.923446 0.819944 0.662024 0.609165 0.426607 0.139740 0.031980 -0.264719 -0.367647 -0.434417 -0.611499 -0.763408 -0.845761 -0.914471 -0.966051 0.954485 0.936033 0.771709 0.627082 0.576234 0.253112 0.077480 -0.090955 -0.244767 -0.378390 -0.427732 -0.537456 -0.697853 -0.788739 -0.924506 -0.968058 
24.813425 88954.890625 206 42 148 0.476862 0.509853 0.404493 0.961622 0.919448 0.813795 0.657988 0.619483 0.553709 0.250210 0.048396 -0.260930 -0.401119 -0.472690 -0.602503 -0.726813 -0.825405 -0.916904 -0.968937 0.962377 0.932495 0.807720 0.665006 0.624354 0.559895 0.236356 0.035595 -0.212211 -0.373888 -0.419305 -0.586825 -0.741660 -0.829450 -0.912943 -0.969253 
23.251461 49768.031250 22 144 20 0.366194 0.387656 0.440517 0.968738 0.922275 0.813618 0.649062 0.622358 0.545560 0.193786 -0.083976 -0.295670 -0.385082 -0.425262 -0.547806 -0.688169 -0.814406 -0.891868 -0.945541 0.958315 0.920251 0.801524 0.662789 0.616825 0.555331 0.189532 -0.021603 -0.224873 -0.357038 -0.460249 -0.566142 -0.754173 -0.820005 -0.916373 -0.961548 
21.290407 21353.621094 202 84 100 0.499113 0.596218 0.559348 0.964215 0.937962 0.836513 0.673955 0.614394 0.557061 0.293585 0.023177 -0.244342 -0.351826 -0.421720 -0.499240 -0.701295 -0.757242 -0.908750 -0.960578 0.972321 0.933896 0.803255 0.654609 0.615426 0.550835 0.301402 -0.071016 -0.290096 -0.390650 -0.418412 -0.540767 -0.692804 -0.783579 -0.874099 -0.955000 
16.825262 12246.050781 100 108 128 0.483542 0.566005 0.370487 0.981909 0.940149 0.871494 0.678645 0.625670 0.561103 0.277359 0.125463 -0.179063 -0.374563 -0.405920 -0.468289 -0.680773 -0.795842 -0.916588 -0.969823 0.975160 0.940494 0.880136 0.711551 0.635874 0.542199 0.287132 0.094614 -0.215856 -0.366085 -0.409961 -0.497688 -0.665486 -0.786392 -0.912612 -0.968859 
13.325811 8469.426758 58 122 104 0.502591 0.422241 0.377133 0.979866 0.935000 0.867000 0.700511 0.611818 0.490334 0.277411 0.097845 -0.191226 -0.376348 -0.410140 -0.496298 -0.704449 -0.803080 -0.908733 -0.977960 0.982376 0.936604 0.841184 0.697252 0.650654 0.490657 0.259442 0.082719 -0.140231 -0.373294 -0.406769 -0.496968 -0.657879 -0.828687 -0.916387 -0.974301 
