35.755497 2091589.375000 20 28 26 0.000000 0.775272 0.590485 0.969875 0.948938 0.903931 0.753355 0.540281 0.482779 0.267980 0.145478 -0.026767 -0.143359 -0.370793 -0.588464 -0.823474 -0.865510 -0.937340 -0.985840 0.972904 0.958638 0.894505 0.814511 0.573130 0.457679 0.307824 0.147992 -0.045275 -0.161137 -0.438496 -0.643465 -0.761520 -0.867139 -0.942538 -0.982997 
49.700008 6817981.500000 44 46 46 0.421792 0.790071 0.869250 0.988024 0.976575 0.954815 0.832905 0.433189 0.373011 0.231170 0.097903 -0.002192 -0.068434 -0.289166 -0.422397 -0.615137 -0.892587 -0.957431 -0.980380 0.985565 0.968908 0.931185 0.822399 0.560353 0.508417 0.326031 0.166659 -0.006230 -0.104659 -0.356410 -0.534424 -0.819856 -0.873194 -0.938142 -0.982732 
56.388172 36442172.000000 46 46 46 0.665486 0.979491 0.989001 0.988770 0.972564 0.952256 0.824420 0.379656 0.332258 0.164762 0.057312 -0.069693 -0.126641 -0.353138 -0.453597 -0.675516 -0.892282 -0.951219 -0.977674 0.988555 0.972949 0.953301 0.822202 0.392445 0.347391 0.169610 0.082154 -0.049671 -0.100219 -0.374443 -0.478378 -0.698658 -0.899749 -0.954801 -0.978338 
55.869274 32266324.000000 46 46 48 0.989765 0.990839 0.958700 0.986840 0.968044 0.953146 0.808627 0.342303 0.243273 0.174113 0.097809 -0.057654 -0.131972 -0.381856 -0.477973 -0.759476 -0.858282 -0.939110 -0.964781 0.988419 0.970473 0.953070 0.808554 0.370191 0.311350 0.168096 0.069379 -0.074061 -0.137504 -0.375501 -0.464216 -0.688137 -0.857668 -0.940917 -0.972714 
52.923279 3236584.250000 46 50 34 0.934923 0.759968 0.577143 0.986237 0.975546 0.959736 0.871470 0.349827 0.229206 0.165571 0.090845 -0.044709 -0.135991 -0.356165 -0.495853 -0.780023 -0.859003 -0.933655 -0.964413 0.985181 0.969143 0.958378 0.843788 0.324239 0.237541 0.155344 0.093817 -0.041022 -0.148848 -0.367188 -0.503256 -0.776171 -0.855934 -0.934882 -0.960656 
49.741177 1711125.250000 32 30 94 0.676331 0.747752 0.877116 0.981287 0.977356 0.957958 0.878992 0.330462 0.248987 0.137308 0.052758 -0.014253 -0.183479 -0.386653 -0.507075 -0.810431 -0.856535 -0.929897 -0.964248 0.982044 0.976691 0.956689 0.864885 0.328558 0.239506 0.143320 0.068639 -0.015758 -0.138267 -0.373555 -0.462156 -0.794477 -0.843025 -0.924511 -0.958583 
33.522354 113370.273438 28 102 46 0.809121 0.556119 0.556333 0.988774 0.980618 0.951322 0.832232 0.412707 0.301655 0.192404 0.129023 -0.037171 -0.125100 -0.399107 -0.468106 -0.745799 -0.850296 -0.933725 -0.964507 0.983650 0.976373 0.956836 0.821769 0.426028 0.286489 0.191066 0.109813 -0.005512 -0.134084 -0.377727 -0.477023 -0.777546 -0.840059 -0.926272 -0.966151 
31.946766 40253.457031 44 46 48 0.808611 0.846871 0.622524 0.984797 0.970411 0.957071 0.889502 0.429775 0.299369 0.201004 0.150994 -0.022665 -0.110785 -0.327355 -0.410740 -0.705180 -0.832271 -0.920649 -0.954376 0.988925 0.978717 0.954037 0.870661 0.410906 0.310195 0.199145 0.147952 -0.037694 -0.117049 -0.385576 -0.460769 -0.715968 -0.853741 -0.933336 -0.960096 
28.921652 52023.308594 48 42 58 0.598060 0.511030 0.438854 0.982088 0.969328 0.927303 0.805491 0.576874 0.423962 0.206043 0.129071 -0.002770 -0.139630 -0.337389 -0.443798 -0.635580 -0.838742 -0.902375 -0.949475 0.983861 0.971452 0.952317 0.873726 0.478205 0.322459 0.202779 0.121644 -0.011053 -0.110441 -0.318369 -0.412734 -0.646592 -0.843080 -0.908890 -0.962486 
55.406746 43306552.000000 60 46 44 0.500535 0.659076 0.862944 0.969347 0.941954 0.887493 0.824425 0.641807 0.562627 0.417121 0.210041 0.079261 -0.068342 -0.288502 -0.364611 -0.603794 -0.799247 -0.860418 -0.942537 0.972478 0.956234 0.908884 0.793096 0.650760 0.579947 0.381072 0.206916 0.068401 -0.089960 -0.274130 -0.373306 -0.599383 -0.768720 -0.864307 -0.952215 
62.990143 247860016.000000 44 42 40 0.921424 0.938614 0.980889 0.971942 0.925089 0.874265 0.777558 0.634636 0.583917 0.332890 0.192298 0.117316 -0.061573 -0.245225 -0.375216 -0.584308 -0.785692 -0.862562 -0.962356 0.969687 0.926676 0.875782 0.785402 0.634647 0.562984 0.361749 0.188489 0.078984 -0.044280 -0.273307 -0.374127 -0.607767 -0.792527 -0.853924 -0.921047 
63.932304 188151712.000000 40 40 38 0.986155 0.985628 0.923160 0.971118 0.933467 0.882550 0.776433 0.663676 0.593105 0.390454 0.172369 0.121974 -0.012776 -0.237184 -0.338052 -0.583656 -0.774114 -0.919211 -0.967296 0.971492 0.930765 0.877431 0.781588 0.649559 0.589677 0.347233 0.179511 0.130276 -0.067716 -0.257979 -0.359354 -0.621655 -0.796384 -0.897096 -0.959908 
63.491432 63098108.000000 38 38 38 0.937402 0.981300 0.987902 0.975733 0.942311 0.894012 0.814597 0.679854 0.658076 0.444877 0.217968 0.101843 0.017491 -0.198848 -0.316404 -0.515816 -0.717050 -0.936439 -0.977682 0.972100 0.936661 0.890073 0.778483 0.680624 0.629964 0.408668 0.185426 0.104096 -0.001193 -0.217727 -0.322337 -0.521097 -0.741410 -0.925276 -0.969099 
63.200756 41892448.000000 38 38 36 0.980511 0.969030 0.961084 0.977220 0.952537 0.907512 0.852760 0.673272 0.654166 0.516927 0.156104 0.061155 -0.023572 -0.172740 -0.343846 -0.510140 -0.793702 -0.945362 -0.984050 0.976884 0.949209 0.902223 0.836837 0.678231 0.660874 0.496200 0.184525 0.071010 0.001109 -0.208550 -0.307732 -0.507623 -0.764738 -0.948014 -0.981899 
62.515560 29446112.000000 36 36 36 0.947096 0.985713 0.954956 0.980825 0.960826 0.912714 0.868390 0.678582 0.642607 0.518348 0.170444 0.056081 -0.045575 -0.169994 -0.397673 -0.576305 -0.706218 -0.923833 -0.968882 0.979088 0.956440 0.909363 0.858362 0.665968 0.646264 0.488484 0.166146 0.056406 -0.025280 -0.168598 -0.342993 -0.516184 -0.788176 -0.940879 -0.973018 
60.586868 6355827.000000 36 36 38 0.978961 0.934028 0.896672 0.986695 0.977995 0.914716 0.870842 0.727278 0.656804 0.494507 0.160920 0.046461 -0.041660 -0.261185 -0.417750 -0.580463 -0.661807 -0.856510 -0.956478 0.982292 0.965683 0.914191 0.876447 0.717357 0.649106 0.509712 0.134649 0.044614 -0.034283 -0.237123 -0.431842 -0.588391 -0.676086 -0.890596 -0.955907 
58.205868 3425669.250000 38 40 38 0.877468 0.872511 0.878401 0.988446 0.983008 0.902194 0.833024 0.691511 0.634482 0.501857 0.254039 0.070015 -0.026447 -0.130595 -0.366514 -0.559613 -0.645332 -0.865125 -0.966858 0.987835 0.983679 0.909356 0.836585 0.707771 0.648595 0.518332 0.233441 0.075760 -0.013875 -0.193967 -0.373397 -0.562091 -0.669018 -0.871561 -0.969085 
59.157722 8102286.000000 40 38 38 0.890137 0.933424 0.992428 0.982394 0.962888 0.917322 0.880689 0.823128 0.634513 0.425956 0.137202 0.007553 -0.082538 -0.123397 -0.377794 -0.579131 -0.754182 -0.822913 -0.940020 0.985762 0.974474 0.905040 0.873737 0.738116 0.613559 0.418161 0.179327 0.059053 -0.066200 -0.110327 -0.332370 -0.547215 -0.639516 -0.846289 -0.957699 
60.309277 3474212.750000 38 38 38 0.990947 0.992523 0.976044 0.981311 0.959750 0.919288 0.881260 0.848611 0.702869 0.586248 0.226373 -0.033896 -0.073857 -0.135666 -0.306671 -0.640474 -0.784306 -0.858916 -0.966889 0.981858 0.962373 0.917225 0.881143 0.831004 0.701406 0.539646 0.139321 -0.022977 -0.084188 -0.124548 -0.324230 -0.657308 -0.786193 -0.823851 -0.956947 
60.064907 2526376.000000 38 38 40 0.975166 0.962254 0.966408 0.979246 0.958332 0.923824 0.886871 0.844452 0.696877 0.581003 0.276682 0.007333 -0.057668 -0.176755 -0.249359 -0.554552 -0.782592 -0.894064 -0.975262 0.979220 0.956601 0.920296 0.881561 0.847021 0.696047 0.587113 0.346945 -0.023793 -0.070782 -0.138004 -0.250196 -0.588231 -0.778553 -0.894840 -0.973830 
59.723591 1667447.125000 38 38 40 0.939614 0.928753 0.864134 0.983678 0.963421 0.935400 0.897811 0.855416 0.692827 0.615159 0.256718 -0.002987 -0.088000 -0.200494 -0.248983 -0.598323 -0.786041 -0.901309 -0.974004 0.982317 0.961801 0.931163 0.893205 0.855581 0.715272 0.631619 0.218855 0.010151 -0.082507 -0.186611 -0.281190 -0.622150 -0.789905 -0.899529 -0.975353 
59.838333 1658545.125000 40 40 40 0.915357 0.953360 0.952711 0.984977 0.964220 0.940547 0.905201 0.864710 0.723637 0.576034 0.262876 -0.049232 -0.133876 -0.249006 -0.337906 -0.597174 -0.786165 -0.905540 -0.976468 0.985054 0.968789 0.938415 0.905996 0.841613 0.675559 0.590208 0.232982 -0.021495 -0.140306 -0.217239 -0.320722 -0.634566 -0.788683 -0.908499 -0.976090 
58.992420 1136125.625000 40 40 38 0.955708 0.935811 0.945009 0.985991 0.966901 0.942092 0.907663 0.864889 0.747551 0.571406 0.173921 -0.070501 -0.186300 -0.326669 -0.355244 -0.521920 -0.753296 -0.898211 -0.974403 0.985318 0.964763 0.941967 0.905569 0.869872 0.758375 0.563013 0.212829 -0.052761 -0.128788 -0.302769 -0.346160 -0.546287 -0.772460 -0.901785 -0.976172 
57.871193 1009755.812500 40 40 40 0.935618 0.848251 0.970823 0.987679 0.971352 0.943311 0.913931 0.868191 0.751834 0.519945 0.242036 -0.128006 -0.246371 -0.337680 -0.370974 -0.616687 -0.741544 -0.874729 -0.973587 0.987236 0.970578 0.939745 0.908833 0.864443 0.761469 0.536231 0.207329 -0.091205 -0.219490 -0.333311 -0.357281 -0.564380 -0.749668 -0.886434 -0.974404 
57.164581 1137052.625000 40 40 40 0.968564 0.923535 0.927563 0.987492 0.976411 0.936643 0.905865 0.841607 0.701878 0.574608 0.222646 -0.232475 -0.285918 -0.367503 -0.444554 -0.662146 -0.757012 -0.868069 -0.970071 0.987278 0.972755 0.942168 0.905070 0.867622 0.765304 0.566755 0.262707 -0.201200 -0.272387 -0.336822 -0.398073 -0.643627 -0.737782 -0.851392 -0.971354 
53.848358 6030502.000000 40 42 42 0.893875 0.867543 0.923051 0.988922 0.982276 0.912599 0.874059 0.784478 0.686773 0.352348 -0.159837 -0.289450 -0.419898 -0.669891 -0.755473 -0.819611 -0.880986 -0.949060 -0.984092 0.988255 0.980765 0.924188 0.887182 0.805556 0.699315 0.558213 -0.103175 -0.273687 -0.328718 -0.476547 -0.652490 -0.789825 -0.848637 -0.927397 -0.979067 
53.179619 7911603.500000 44 44 46 0.876320 0.926568 0.925392 0.989186 0.983246 0.914773 0.871425 0.731267 0.600372 0.166341 -0.189005 -0.285611 -0.522091 -0.733268 -0.788635 -0.852170 -0.891772 -0.941057 -0.978095 0.989288 0.983814 0.913777 0.877924 0.782854 0.629598 0.128310 -0.225936 -0.318034 -0.558335 -0.732697 -0.776571 -0.844964 -0.889840 -0.950401 -0.984402 
57.793343 15649013.000000 44 44 44 0.877364 0.663244 0.411983 0.984953 0.965381 0.881022 0.744027 0.623669 0.365741 0.050301 -0.154849 -0.385085 -0.632803 -0.748892 -0.842965 -0.895411 -0.931472 -0.973073 -0.990714 0.988528 0.976078 0.913701 0.833136 0.693579 0.539804 0.048546 -0.155203 -0.323579 -0.585489 -0.731021 -0.821282 -0.881260 -0.908840 -0.959146 -0.984537 
57.143475 14802130.000000 46 40 42 0.445283 0.833908 0.660078 0.986773 0.971387 0.858084 0.727170 0.551367 0.285237 -0.013812 -0.153542 -0.366638 -0.575784 -0.725765 -0.805393 -0.878734 -0.914921 -0.972232 -0.990685 0.986965 0.967370 0.864156 0.735171 0.583610 0.311937 0.013554 -0.154950 -0.391304 -0.604152 -0.736399 -0.811322 -0.891840 -0.928986 -0.975896 -0.992726 
54.073452 14329846.000000 42 38 42 0.749163 0.594206 0.785110 0.986920 0.980065 0.922331 0.803112 0.751220 0.466406 -0.001947 -0.068998 -0.259345 -0.414446 -0.706338 -0.785793 -0.844456 -0.885729 -0.951846 -0.980190 0.987218 0.966154 0.878353 0.758957 0.573987 0.202649 -0.040572 -0.131811 -0.383107 -0.558370 -0.742773 -0.817057 -0.870273 -0.913069 -0.964705 -0.985870 
57.988800 34193956.000000 38 44 46 0.862587 0.957572 0.981466 0.983088 0.964676 0.929406 0.832548 0.758537 0.617189 0.185654 0.063442 -0.035622 -0.144574 -0.268270 -0.501417 -0.745165 -0.848963 -0.929464 -0.987204 0.987428 0.974491 0.920239 0.820555 0.758010 0.667771 0.069978 0.021646 -0.095153 -0.227875 -0.453453 -0.678019 -0.796695 -0.847172 -0.929263 -0.988504 
60.507450 20537954.000000 46 46 48 0.981097 0.949997 0.971632 0.980115 0.963009 0.937257 0.863972 0.770297 0.579633 0.261161 0.196669 0.017569 -0.122194 -0.256683 -0.478021 -0.766452 -0.860445 -0.931235 -0.990803 0.979545 0.962097 0.931081 0.824940 0.756097 0.599554 0.231678 0.115706 0.017467 -0.104781 -0.268365 -0.468600 -0.704954 -0.841071 -0.924055 -0.993392 
56.004021 4291229.000000 46 50 54 0.913415 0.908309 0.826279 0.989661 0.975812 0.939993 0.856451 0.767968 0.585079 0.276731 0.207534 -0.028979 -0.193755 -0.450137 -0.650263 -0.829685 -0.880106 -0.941054 -0.984208 0.983334 0.966308 0.941431 0.877545 0.800368 0.658821 0.267042 0.235466 0.012061 -0.172287 -0.308264 -0.602477 -0.804013 -0.878236 -0.939748 -0.990919 
45.193695 9330274.000000 54 60 46 0.842014 0.642358 0.659051 0.983701 0.957835 0.893183 0.763264 0.623210 0.341759 0.212764 0.040220 -0.050846 -0.271899 -0.450814 -0.612978 -0.764655 -0.862545 -0.929333 -0.978692 0.990620 0.973614 0.918006 0.813164 0.690317 0.467508 0.229467 0.067988 -0.065887 -0.235110 -0.459716 -0.621263 -0.801532 -0.877946 -0.933238 -0.981768 
40.097168 7413850.500000 46 44 48 0.635875 0.701198 0.526565 0.985123 0.948706 0.831623 0.735121 0.565822 0.402349 0.216786 0.064738 -0.097106 -0.277191 -0.458613 -0.629448 -0.800554 -0.859096 -0.933961 -0.972213 0.981216 0.951629 0.847423 0.754162 0.590153 0.374070 0.217350 0.049257 -0.086633 -0.275438 -0.444608 -0.606016 -0.772550 -0.857603 -0.922376 -0.975686 
40.509930 7909786.500000 48 48 46 0.488249 0.788403 0.813141 0.975890 0.958023 0.857588 0.732574 0.580917 0.385970 0.240705 0.060308 -0.087951 -0.238800 -0.464222 -0.595124 -0.762819 -0.842413 -0.939099 -0.981150 0.985068 0.952342 0.841395 0.741882 0.588584 0.387894 0.228666 0.052425 -0.103046 -0.246755 -0.462585 -0.581230 -0.775921 -0.855679 -0.941026 -0.977875 
40.694481 9993980.000000 46 46 46 0.788960 0.636849 0.548812 0.969182 0.942598 0.795974 0.663194 0.523096 0.341743 0.195545 0.023741 -0.093924 -0.262620 -0.446712 -0.620526 -0.768349 -0.854932 -0.957016 -0.979674 0.967295 0.953024 0.813163 0.711247 0.535705 0.375829 0.214962 0.046968 -0.070896 -0.249576 -0.449876 -0.617568 -0.771870 -0.851311 -0.950459 -0.983491 
41.111778 10145000.000000 46 118 44 0.657184 0.443801 0.484476 0.958823 0.872002 0.794202 0.654888 0.521460 0.317908 0.222924 -0.007536 -0.134079 -0.302494 -0.493547 -0.664845 -0.781595 -0.876821 -0.947044 -0.974641 0.960593 0.916211 0.793482 0.652029 0.529673 0.315321 0.202667 -0.015163 -0.113726 -0.289856 -0.479854 -0.656285 -0.781795 -0.862232 -0.950896 -0.973224 
40.248104 8204733.500000 46 118 54 0.479441 0.453893 0.459303 0.942982 0.878138 0.775446 0.655464 0.562472 0.364563 0.176787 0.049722 -0.119498 -0.275198 -0.458516 -0.642075 -0.762242 -0.894893 -0.939977 -0.966300 0.958191 0.877131 0.780984 0.660804 0.526612 0.337501 0.206810 0.018868 -0.136993 -0.276299 -0.457994 -0.655711 -0.763628 -0.882075 -0.937445 -0.969554 
40.789368 9754030.000000 80 74 146 0.376855 0.758470 0.423946 0.957074 0.907350 0.768360 0.660778 0.551746 0.377144 0.221193 0.074159 -0.073438 -0.185510 -0.473960 -0.643105 -0.763881 -0.888770 -0.935222 -0.973090 0.953491 0.891828 0.779707 0.682905 0.582982 0.418147 0.204308 0.102827 -0.058039 -0.204279 -0.480123 -0.630756 -0.779230 -0.897513 -0.939974 -0.963342 
40.417553 5504542.000000 48 74 46 0.291691 0.592161 0.598852 0.935560 0.868400 0.750246 0.666978 0.576152 0.343527 0.240146 0.080422 -0.076446 -0.247540 -0.460645 -0.604861 -0.767469 -0.899954 -0.922423 -0.971036 0.948619 0.872485 0.751726 0.640196 0.525557 0.326306 0.228229 0.031925 -0.086098 -0.217782 -0.486879 -0.622181 -0.753147 -0.879483 -0.927623 -0.965804 
37.650265 3100164.750000 46 42 148 0.566552 0.268738 0.288757 0.930307 0.876496 0.828548 0.701639 0.567728 0.379114 0.217918 0.066130 -0.067405 -0.209516 -0.448207 -0.575012 -0.784513 -0.897646 -0.925062 -0.974896 0.929732 0.883319 0.795848 0.696815 0.577831 0.389569 0.234168 0.119524 -0.062226 -0.243811 -0.434215 -0.563393 -0.793581 -0.904793 -0.926708 -0.972327 
49.012089 1682686.375000 54 44 48 0.429344 0.524888 0.894197 0.988832 0.974486 0.925175 0.893393 0.788375 0.628656 0.364521 0.216545 0.009861 -0.091952 -0.375290 -0.505071 -0.684711 -0.885629 -0.943656 -0.964271 0.987520 0.932361 0.852526 0.786581 0.597115 0.462324 0.242575 0.071053 -0.062451 -0.159791 -0.442910 -0.532218 -0.766153 -0.889983 -0.937089 -0.971135 
61.735596 1888275.750000 48 48 50 0.886959 0.926537 0.975879 0.979260 0.967908 0.946831 0.888480 0.840763 0.754963 0.668186 0.289290 0.079237 -0.046128 -0.280871 -0.508707 -0.688237 -0.842767 -0.921109 -0.969119 0.984712 0.969157 0.940702 0.896739 0.840936 0.756704 0.555402 0.258970 0.076107 -0.071566 -0.299459 -0.490917 -0.661471 -0.857603 -0.929786 -0.963948 
66.675278 9382248.000000 50 50 52 0.992668 0.924193 0.967159 0.972045 0.961974 0.922814 0.883100 0.827209 0.671459 0.422583 0.347226 0.186909 0.058517 -0.047462 -0.383450 -0.644912 -0.794536 -0.925519 -0.973735 0.973455 0.966914 0.932192 0.881979 0.824189 0.731719 0.617051 0.321135 0.129854 0.026588 -0.197132 -0.482524 -0.675761 -0.826372 -0.920225 -0.971488 
64.985100 12157531.000000 52 52 52 0.965767 0.893328 0.990278 0.973063 0.946715 0.928467 0.874575 0.823382 0.675404 0.315991 0.259086 0.145550 0.029401 -0.057481 -0.424525 -0.590877 -0.693929 -0.902814 -0.973924 0.971660 0.950559 0.927239 0.885891 0.820158 0.627142 0.360963 0.330059 0.147146 0.018858 -0.051504 -0.382691 -0.614850 -0.766111 -0.913583 -0.975604 
64.722816 17730680.000000 52 52 52 0.973315 0.981726 0.962550 0.972430 0.945229 0.921132 0.868456 0.824685 0.702373 0.290854 0.217454 0.097513 -0.015538 -0.139883 -0.381575 -0.632234 -0.679097 -0.856139 -0.970489 0.972153 0.945292 0.922607 0.866586 0.825060 0.670836 0.302894 0.230368 0.129235 -0.004915 -0.110405 -0.316338 -0.635010 -0.665826 -0.861649 -0.970099 
64.919403 17463124.000000 52 52 50 0.972309 0.911859 0.957303 0.973090 0.944038 0.926392 0.866427 0.811688 0.743835 0.296988 0.214828 0.095383 -0.040380 -0.158379 -0.408376 -0.680745 -0.751779 -0.825482 -0.965699 0.972753 0.944111 0.924406 0.863232 0.816855 0.714695 0.265168 0.209954 0.094337 -0.058182 -0.138057 -0.367467 -0.645724 -0.697641 -0.808704 -0.961587 
65.603546 22313796.000000 50 52 52 0.952518 0.921452 0.953187 0.972662 0.943599 0.927193 0.859663 0.804873 0.729517 0.310319 0.205860 0.126967 -0.099142 -0.167177 -0.342963 -0.662684 -0.729145 -0.836284 -0.964488 0.972971 0.943174 0.927124 0.862322 0.808223 0.736366 0.305712 0.207058 0.130156 -0.073533 -0.157400 -0.350456 -0.673947 -0.732345 -0.814055 -0.957788 
65.120094 18074094.000000 52 52 52 0.924615 0.932123 0.976575 0.975887 0.952395 0.930023 0.894719 0.801329 0.708354 0.264506 0.189258 0.059879 -0.118212 -0.235597 -0.400299 -0.695285 -0.757465 -0.804201 -0.959937 0.974243 0.946171 0.928798 0.874864 0.806483 0.740159 0.278538 0.197703 0.095888 -0.109820 -0.181097 -0.391629 -0.674122 -0.763336 -0.802694 -0.954178 
62.660179 10269762.000000 52 52 54 0.976828 0.986590 0.866337 0.979084 0.967078 0.934228 0.905574 0.703219 0.636917 0.329056 0.147988 0.069226 -0.114262 -0.201743 -0.286314 -0.594991 -0.733660 -0.806896 -0.966335 0.977055 0.960480 0.930717 0.905456 0.751628 0.647201 0.292037 0.159026 0.071124 -0.128495 -0.224837 -0.310754 -0.654019 -0.750221 -0.785135 -0.953079 
52.815784 635714.687500 54 52 52 0.896082 0.714319 0.614095 0.990653 0.977683 0.915812 0.854582 0.711045 0.591502 0.353373 0.212844 0.115775 -0.070594 -0.174865 -0.378333 -0.649349 -0.762972 -0.885752 -0.973890 0.984023 0.971438 0.940456 0.889740 0.697616 0.610453 0.323481 0.175279 0.082013 -0.084582 -0.146536 -0.248726 -0.543459 -0.732569 -0.829697 -0.967223 
42.285767 187991.578125 54 52 52 0.520365 0.779701 0.306192 0.991235 0.976626 0.919846 0.855345 0.735549 0.596027 0.304495 0.188825 0.038054 -0.076264 -0.211612 -0.375219 -0.631729 -0.757917 -0.884886 -0.970083 0.991573 0.979407 0.913772 0.867934 0.726322 0.635829 0.340306 0.197961 0.121224 -0.029460 -0.181930 -0.356614 -0.653083 -0.749749 -0.851955 -0.966985 
47.146858 16218524.000000 90 52 50 0.435490 0.468971 0.715323 0.977578 0.939239 0.909209 0.657620 0.431697 0.262354 0.142778 0.012651 -0.102368 -0.161666 -0.325299 -0.577448 -0.702348 -0.840627 -0.920959 -0.972474 0.981068 0.953041 0.892864 0.734378 0.524088 0.337424 0.213391 0.063290 -0.053337 -0.135780 -0.226370 -0.395713 -0.658130 -0.797241 -0.913064 -0.966494 
50.414673 8455208.000000 50 50 50 0.768788 0.671242 0.937022 0.990032 0.980545 0.938886 0.817778 0.546734 0.466675 0.254472 0.149073 0.005375 -0.185512 -0.305526 -0.426169 -0.683934 -0.822932 -0.908799 -0.984096 0.985064 0.948114 0.899796 0.686463 0.469244 0.286802 0.167790 0.091515 -0.099073 -0.203099 -0.357602 -0.558223 -0.734288 -0.838509 -0.925474 -0.985192 
57.234787 13182606.000000 48 50 50 0.854239 0.981203 0.982468 0.986057 0.969547 0.953394 0.812772 0.658397 0.552595 0.266663 0.126325 0.029326 -0.124779 -0.306269 -0.370773 -0.511132 -0.687431 -0.904876 -0.980877 0.988823 0.973067 0.949122 0.799244 0.589561 0.503007 0.297089 0.149371 0.049483 -0.154183 -0.307427 -0.390054 -0.549564 -0.761536 -0.876935 -0.987468 
61.611385 10497817.000000 50 50 50 0.988808 0.990636 0.978484 0.979123 0.967869 0.951591 0.867302 0.732255 0.658584 0.270097 0.078891 -0.007374 -0.118342 -0.271461 -0.381705 -0.578487 -0.676068 -0.865467 -0.981125 0.981600 0.967919 0.952717 0.838730 0.704194 0.623816 0.248290 0.099348 0.020415 -0.128912 -0.286710 -0.378371 -0.527984 -0.669111 -0.888579 -0.982932 
60.642300 3230126.500000 50 52 52 0.985447 0.953142 0.955929 0.979069 0.969058 0.949507 0.888780 0.793984 0.670420 0.361282 0.050869 -0.035910 -0.113569 -0.253782 -0.367984 -0.570048 -0.711659 -0.908007 -0.982093 0.977732 0.968217 0.947460 0.877454 0.766117 0.662286 0.333497 0.056065 -0.026365 -0.115189 -0.263329 -0.389890 -0.604141 -0.692980 -0.883070 -0.982198 
53.114056 475873.312500 52 54 52 0.988135 0.939550 0.939196 0.989669 0.978013 0.954440 0.905780 0.780499 0.643843 0.342780 0.106912 -0.046339 -0.148805 -0.269500 -0.434431 -0.598464 -0.763518 -0.937347 -0.981650 0.984745 0.972362 0.955609 0.907433 0.798625 0.626778 0.374319 0.078137 -0.052479 -0.150531 -0.225869 -0.392405 -0.563545 -0.756981 -0.932240 -0.982113 
49.957928 493790.593750 52 50 52 0.913137 0.892256 0.928347 0.987974 0.973690 0.949927 0.900144 0.819408 0.688183 0.444848 0.127142 -0.044966 -0.177801 -0.352643 -0.519897 -0.690673 -0.784135 -0.895117 -0.977618 0.990444 0.978198 0.948954 0.898297 0.786394 0.651026 0.398634 0.106918 -0.010804 -0.178805 -0.324692 -0.466362 -0.645098 -0.761167 -0.916861 -0.978740 
57.801327 1610473.125000 52 50 50 0.955866 0.933644 0.950009 0.980391 0.967564 0.944257 0.901940 0.811939 0.781531 0.560081 0.072154 -0.078460 -0.166779 -0.247830 -0.570703 -0.721928 -0.765427 -0.806195 -0.964732 0.982353 0.968832 0.947286 0.902483 0.824537 0.754022 0.499221 0.194232 -0.086573 -0.172737 -0.338023 -0.556332 -0.732803 -0.775584 -0.881453 -0.981350 
58.955772 4441290.500000 50 50 50 0.940949 0.937738 0.959420 0.979312 0.966624 0.940297 0.904942 0.746507 0.687156 0.457301 -0.000647 -0.028445 -0.200795 -0.266519 -0.463471 -0.682457 -0.762481 -0.794016 -0.943162 0.979886 0.966073 0.940489 0.895354 0.799467 0.739752 0.495012 0.020843 -0.048652 -0.174912 -0.243146 -0.498479 -0.696539 -0.763520 -0.798599 -0.948036 
58.134499 3583424.250000 50 50 50 0.955485 0.988038 0.991159 0.979508 0.968082 0.940585 0.909948 0.683223 0.618457 0.405761 0.092713 -0.005607 -0.101297 -0.212399 -0.305966 -0.569122 -0.764971 -0.832874 -0.984225 0.979158 0.966886 0.939905 0.905208 0.715989 0.653598 0.424287 0.011759 -0.030354 -0.137801 -0.260161 -0.381632 -0.675243 -0.758590 -0.797053 -0.958399 
56.349037 1665021.375000 50 50 50 0.993785 0.990477 0.915767 0.983634 0.970215 0.947594 0.906975 0.729615 0.587579 0.369846 0.123502 0.041654 -0.089052 -0.218552 -0.305319 -0.497956 -0.740481 -0.861825 -0.976146 0.981049 0.968598 0.943207 0.907256 0.696860 0.590969 0.371343 0.122178 -0.010885 -0.090097 -0.225965 -0.312039 -0.485403 -0.756836 -0.840510 -0.985556 
51.188103 159380.484375 50 50 50 0.983765 0.972293 0.958510 0.991762 0.983019 0.961373 0.933243 0.696110 0.630041 0.519444 0.180085 -0.031639 -0.150136 -0.260118 -0.374413 -0.595678 -0.779860 -0.903978 -0.978328 0.989708 0.976968 0.955205 0.913361 0.715994 0.624806 0.409232 0.138071 0.032428 -0.059499 -0.235018 -0.354954 -0.524294 -0.756449 -0.881197 -0.974979 
47.204708 45862.156250 50 50 50 0.977905 0.941219 0.893290 0.992151 0.986754 0.957997 0.918455 0.746447 0.627869 0.519815 0.137669 -0.033535 -0.168082 -0.309772 -0.437288 -0.649525 -0.802665 -0.911987 -0.972682 0.992146 0.985494 0.962314 0.926566 0.715145 0.628624 0.533349 0.161411 -0.023629 -0.193859 -0.310244 -0.418009 -0.628540 -0.793502 -0.910963 -0.976050 
40.204010 1630408.250000 52 54 50 0.922909 0.751165 0.923835 0.985936 0.965896 0.850087 0.622874 0.525553 0.400666 0.288175 0.181664 0.065467 -0.067127 -0.187747 -0.382402 -0.740748 -0.844172 -0.942918 -0.985564 0.991276 0.980891 0.929417 0.754540 0.555263 0.460682 0.306642 0.207047 0.081869 -0.027273 -0.180549 -0.345528 -0.643854 -0.799082 -0.921693 -0.980724 
37.772442 61290.425781 50 50 50 0.682445 0.879497 0.761770 0.990699 0.975657 0.958437 0.882012 0.642187 0.527630 0.361152 0.218608 0.037870 -0.144012 -0.319270 -0.427114 -0.687331 -0.829432 -0.933055 -0.980664 0.989736 0.975816 0.952056 0.786832 0.563769 0.467329 0.302211 0.202357 0.062825 -0.068416 -0.196620 -0.446456 -0.766960 -0.846799 -0.949305 -0.979113 
30.562923 28420.349609 50 50 50 0.832372 0.771443 0.739701 0.990222 0.976355 0.926056 0.833676 0.606518 0.448180 0.381039 0.234930 0.080046 -0.219523 -0.335089 -0.491419 -0.693970 -0.808819 -0.920528 -0.983865 0.991067 0.977106 0.940089 0.864578 0.630260 0.472819 0.377058 0.226936 0.043017 -0.208558 -0.348293 -0.451363 -0.674476 -0.809336 -0.920152 -0.977457 
20.811516 9421.985352 50 48 52 0.613460 0.816547 0.742176 0.983082 0.962125 0.923812 0.780192 0.624696 0.518440 0.318499 0.230572 -0.074866 -0.238220 -0.352474 -0.521864 -0.718537 -0.832025 -0.913122 -0.977249 0.985219 0.965754 0.930624 0.815355 0.611085 0.500694 0.318017 0.218459 0.016156 -0.257778 -0.334186 -0.504289 -0.715131 -0.810256 -0.907929 -0.976055 
36.871727 107310.359375 54 48 48 0.701041 0.606369 0.260325 0.931392 0.871974 0.827658 0.793789 0.747265 0.579099 0.381113 0.314473 0.187265 0.050327 -0.195402 -0.373575 -0.645361 -0.805381 -0.910508 -0.983719 0.976623 0.947982 0.847515 0.809314 0.744205 0.551164 0.358243 0.278759 0.051762 -0.146740 -0.339666 -0.521968 -0.688589 -0.848907 -0.917876 -0.975489 
41.179482 192441.921875 148 148 148 0.576212 0.638456 0.642207 0.962218 0.936789 0.854040 0.820886 0.757540 0.634611 0.468095 0.376253 0.217851 0.017174 -0.243810 -0.476388 -0.693534 -0.826178 -0.922361 -0.982302 0.946111 0.902875 0.840793 0.815709 0.765987 0.642760 0.423099 0.334945 0.235734 0.073669 -0.194272 -0.395148 -0.653856 -0.809734 -0.909238 -0.978976 
40.533676 5041707.000000 148 152 48 0.615849 0.493297 0.604175 0.956024 0.915540 0.823276 0.778220 0.599602 0.482598 0.260778 0.168171 -0.012726 -0.202064 -0.468101 -0.633024 -0.793888 -0.860990 -0.939873 -0.978851 0.960246 0.933684 0.845182 0.797901 0.673581 0.589036 0.390131 0.221887 0.067137 -0.116048 -0.473300 -0.627300 -0.805014 -0.873887 -0.948207 -0.979945 
41.676182 6261736.000000 48 44 44 0.693680 0.470232 0.539537 0.923525 0.866143 0.802170 0.725520 0.597465 0.451533 0.244626 0.123090 -0.071330 -0.193469 -0.421105 -0.601847 -0.779354 -0.849367 -0.931022 -0.975401 0.943739 0.894042 0.809225 0.732946 0.595546 0.441345 0.262106 0.168290 -0.055533 -0.194154 -0.419177 -0.604342 -0.778427 -0.851391 -0.924050 -0.980766 
39.536873 3268476.750000 56 56 52 0.538217 0.410314 0.567553 0.936563 0.867134 0.787161 0.726374 0.596370 0.455079 0.262784 0.136004 -0.046683 -0.180822 -0.385107 -0.582752 -0.749154 -0.834731 -0.929686 -0.979914 0.920280 0.880458 0.794158 0.735004 0.607672 0.443615 0.233100 0.112351 -0.049085 -0.168313 -0.434898 -0.613084 -0.776881 -0.851597 -0.938856 -0.979794 
35.037334 758361.562500 52 74 58 0.449813 0.614862 0.333171 0.953313 0.886884 0.828969 0.751789 0.643747 0.440190 0.290931 0.176738 -0.045326 -0.234733 -0.345467 -0.536381 -0.743586 -0.829335 -0.918666 -0.985898 0.946917 0.870245 0.798966 0.728925 0.622804 0.419450 0.270729 0.164582 -0.017018 -0.198229 -0.334256 -0.557106 -0.760632 -0.837143 -0.915613 -0.989760 
55.640335 1364201.625000 96 58 66 0.312936 0.760573 0.928191 0.981357 0.969096 0.920814 0.875765 0.830631 0.705931 0.594233 0.285094 0.182266 0.110360 -0.187598 -0.456848 -0.648212 -0.806640 -0.909599 -0.973882 0.984753 0.968993 0.932569 0.876375 0.804011 0.657322 0.491311 0.238386 0.118219 -0.146605 -0.331658 -0.493964 -0.689367 -0.829330 -0.915763 -0.979101 
58.972008 1791635.375000 66 70 72 0.800842 0.935047 0.949518 0.977900 0.958411 0.921653 0.862731 0.822813 0.706318 0.590987 0.416630 0.173709 0.104224 -0.057841 -0.426592 -0.631215 -0.786213 -0.907119 -0.975876 0.980352 0.963581 0.920193 0.864770 0.826868 0.698280 0.615115 0.377733 0.178444 0.138753 -0.094065 -0.437439 -0.634535 -0.790466 -0.907059 -0.974281 
59.457603 4557095.000000 72 74 76 0.967532 0.969284 0.955476 0.972196 0.947644 0.911075 0.851474 0.816797 0.651107 0.451239 0.324701 0.166567 0.093493 -0.005727 -0.340059 -0.660168 -0.727589 -0.881192 -0.970055 0.973972 0.953246 0.916235 0.855790 0.818199 0.701656 0.515989 0.366358 0.177940 0.105644 -0.010117 -0.339184 -0.623328 -0.774328 -0.902079 -0.974408 
58.729836 10611157.000000 76 78 78 0.951053 0.924405 0.906406 0.976145 0.941634 0.895073 0.844892 0.807447 0.628086 0.305615 0.203824 0.128287 0.001322 -0.094246 -0.364234 -0.657811 -0.698386 -0.781605 -0.953364 0.973263 0.944524 0.905198 0.849802 0.810299 0.641644 0.387928 0.260317 0.151284 0.061113 -0.044141 -0.310556 -0.662633 -0.690463 -0.838866 -0.965136 
57.351299 12063168.000000 80 80 82 0.917691 0.963780 0.981732 0.980580 0.937412 0.886575 0.840544 0.802683 0.648886 0.243710 0.133765 0.062007 -0.051706 -0.127739 -0.450773 -0.665821 -0.733646 -0.765722 -0.913001 0.978374 0.938194 0.888126 0.841366 0.805364 0.638425 0.266498 0.162579 0.095919 -0.026115 -0.113363 -0.380644 -0.624237 -0.697857 -0.769921 -0.941535 
56.014042 9472156.000000 82 82 84 0.981765 0.954609 0.917455 0.982684 0.943383 0.888394 0.845634 0.786834 0.677859 0.274467 0.140722 0.048932 -0.064924 -0.159488 -0.463264 -0.725651 -0.768987 -0.811520 -0.853011 0.981519 0.941193 0.886791 0.842953 0.797390 0.651397 0.242420 0.128680 0.052934 -0.083861 -0.159569 -0.373029 -0.672048 -0.752257 -0.790874 -0.857681 
54.676559 10078595.000000 82 84 86 0.880367 0.658069 0.908152 0.980230 0.949180 0.886963 0.835753 0.780677 0.668859 0.271243 0.119545 0.062691 -0.113855 -0.193944 -0.336250 -0.734753 -0.783916 -0.838299 -0.867001 0.982878 0.949004 0.889790 0.845828 0.797273 0.685490 0.271102 0.136366 0.032682 -0.119676 -0.179273 -0.398419 -0.736713 -0.782332 -0.832340 -0.856270 
54.738899 13168608.000000 86 86 86 0.903206 0.977682 0.910829 0.979396 0.946929 0.888525 0.825258 0.767966 0.658743 0.270319 0.140801 0.063286 -0.128434 -0.216125 -0.405760 -0.745539 -0.785586 -0.842309 -0.862904 0.979570 0.947709 0.887507 0.829777 0.778074 0.664961 0.264227 0.124901 0.062453 -0.111341 -0.202644 -0.349510 -0.757418 -0.796391 -0.847188 -0.875151 
53.409634 10477741.000000 88 88 88 0.844788 0.813107 0.938884 0.979187 0.948642 0.889678 0.818018 0.735881 0.668070 0.298869 0.203525 0.116276 -0.134821 -0.233933 -0.431092 -0.737497 -0.791671 -0.843934 -0.866011 0.979169 0.951332 0.886582 0.818950 0.752989 0.668995 0.280654 0.160792 0.072697 -0.125941 -0.229916 -0.432609 -0.737891 -0.785112 -0.842802 -0.864106 
53.013920 10144903.000000 88 88 90 0.956855 0.966876 0.953661 0.980212 0.951791 0.897896 0.811714 0.695767 0.647379 0.318945 0.209831 0.112443 -0.100556 -0.210775 -0.380499 -0.736750 -0.779988 -0.844507 -0.875615 0.979111 0.949553 0.896001 0.808608 0.708296 0.653246 0.313420 0.219677 0.116382 -0.111680 -0.209975 -0.402618 -0.744421 -0.787888 -0.838584 -0.859166 
53.718468 16761303.000000 90 88 88 0.951503 0.953653 0.855880 0.980573 0.952687 0.902264 0.767213 0.646797 0.607520 0.310723 0.248579 0.111261 -0.119276 -0.224714 -0.318771 -0.728698 -0.779864 -0.835223 -0.862414 0.981354 0.951506 0.898987 0.787924 0.670883 0.623845 0.321241 0.241546 0.117197 -0.109826 -0.212099 -0.350849 -0.726837 -0.781478 -0.833334 -0.870745 
53.221642 15041595.000000 88 86 86 0.790746 0.915196 0.934723 0.981034 0.958794 0.903844 0.770902 0.611254 0.558159 0.332479 0.240863 0.096767 -0.088380 -0.184949 -0.316508 -0.720589 -0.777117 -0.817128 -0.852456 0.978696 0.956967 0.899679 0.769306 0.633446 0.590325 0.308298 0.245991 0.118314 -0.080044 -0.219538 -0.320109 -0.725050 -0.782245 -0.827188 -0.856918 
53.148430 11695048.000000 86 84 84 0.934711 0.912753 0.894813 0.982114 0.969775 0.915237 0.781424 0.551338 0.483059 0.320440 0.217074 0.058243 -0.105559 -0.209548 -0.330844 -0.688451 -0.758806 -0.810454 -0.847615 0.981623 0.962972 0.909714 0.787966 0.580790 0.521703 0.325258 0.212905 0.087392 -0.080540 -0.205674 -0.305834 -0.656756 -0.747986 -0.825405 -0.849695 
54.157860 10795466.000000 82 78 76 0.896099 0.933506 0.955407 0.980844 0.968871 0.932311 0.798922 0.522422 0.455166 0.314122 0.208977 0.087682 -0.118668 -0.212172 -0.337186 -0.634720 -0.747110 -0.781065 -0.845975 0.981947 0.969887 0.927319 0.790957 0.527958 0.465283 0.297222 0.212051 0.083755 -0.080639 -0.213903 -0.319029 -0.655124 -0.751423 -0.801836 -0.840157 
54.337139 6839719.000000 76 74 72 0.957688 0.984363 0.970963 0.983962 0.970289 0.940733 0.817660 0.561870 0.474184 0.340272 0.262965 0.082907 -0.139337 -0.236715 -0.334962 -0.625625 -0.745383 -0.782780 -0.846095 0.982599 0.969663 0.939579 0.811129 0.530794 0.457779 0.325547 0.241004 0.096246 -0.111838 -0.222258 -0.335058 -0.605403 -0.744169 -0.780615 -0.866020 
52.768555 1428406.250000 72 72 72 0.977389 0.976059 0.944111 0.985238 0.975806 0.936035 0.862918 0.724401 0.589069 0.369371 0.258561 0.149178 -0.182340 -0.233868 -0.397415 -0.669577 -0.719282 -0.768346 -0.942794 0.984845 0.972107 0.941112 0.837224 0.625925 0.522264 0.340209 0.271533 0.118954 -0.151411 -0.237303 -0.346933 -0.622016 -0.735070 -0.766862 -0.887382 
51.831787 635233.000000 72 72 68 0.943602 0.915444 0.969809 0.987089 0.981238 0.929069 0.874410 0.775742 0.558277 0.400760 0.272321 0.126999 -0.129419 -0.222120 -0.300424 -0.640076 -0.745513 -0.833081 -0.964927 0.986916 0.980480 0.937211 0.863856 0.754664 0.562427 0.418801 0.252440 0.092299 -0.169706 -0.233015 -0.341782 -0.681438 -0.731939 -0.813627 -0.962131 
52.323685 557733.500000 68 68 68 0.966495 0.960970 0.891680 0.986437 0.980538 0.928916 0.874530 0.793769 0.571331 0.430479 0.325993 0.111007 -0.136179 -0.188694 -0.278733 -0.589601 -0.740300 -0.869043 -0.971347 0.987750 0.980889 0.929441 0.876327 0.773957 0.557008 0.430242 0.308771 0.138585 -0.136094 -0.200919 -0.282793 -0.628481 -0.740466 -0.852128 -0.970623 
52.895058 257749.578125 68 66 66 0.876310 0.978490 0.967597 0.990926 0.982581 0.954615 0.878229 0.838191 0.594497 0.427779 0.342750 0.132401 -0.110611 -0.152558 -0.357140 -0.626516 -0.784839 -0.906621 -0.973576 0.988479 0.981226 0.949310 0.871351 0.818409 0.575776 0.418017 0.339311 0.145156 -0.124876 -0.168306 -0.312626 -0.611133 -0.772356 -0.899639 -0.974416 
51.396137 93665.195312 66 66 66 0.964936 0.955737 0.883482 0.994062 0.986374 0.969879 0.880687 0.824693 0.642894 0.443285 0.337268 0.080223 -0.093884 -0.234898 -0.481924 -0.682716 -0.801751 -0.915040 -0.973815 0.993158 0.984877 0.964808 0.865496 0.828420 0.608616 0.436929 0.351357 0.094741 -0.091599 -0.167624 -0.414854 -0.642797 -0.789137 -0.915898 -0.975044 
43.095695 35393.234375 66 68 68 0.883877 0.837131 0.367263 0.994151 0.985530 0.948893 0.868128 0.745733 0.537150 0.404803 0.248963 -0.033020 -0.205857 -0.324875 -0.509893 -0.714355 -0.814166 -0.900503 -0.961119 0.994504 0.987500 0.968491 0.890479 0.808182 0.592365 0.421153 0.284367 0.028034 -0.172731 -0.302394 -0.523633 -0.715824 -0.813662 -0.903045 -0.965819 
33.227409 484147.875000 66 70 56 0.494257 0.554139 0.412959 0.987273 0.970566 0.905931 0.771085 0.605708 0.399217 0.252850 0.118517 -0.047868 -0.263962 -0.435870 -0.604767 -0.728179 -0.871595 -0.951043 -0.977766 0.991636 0.978217 0.942345 0.857326 0.699225 0.516854 0.377547 0.231384 -0.013106 -0.210529 -0.348223 -0.467307 -0.700162 -0.802563 -0.913875 -0.967560 
35.927902 680554.687500 150 72 148 0.534578 0.396729 0.404091 0.986879 0.960502 0.865347 0.765306 0.613222 0.390814 0.210218 0.071323 -0.036237 -0.277468 -0.384813 -0.589987 -0.778647 -0.910051 -0.951535 -0.973794 0.981269 0.964638 0.869353 0.759045 0.543417 0.365556 0.233814 0.080138 -0.103864 -0.286058 -0.418468 -0.594681 -0.731152 -0.872551 -0.949329 -0.974069 
30.584173 758247.187500 112 70 44 0.397782 0.732144 0.375048 0.966758 0.909790 0.844515 0.754086 0.634973 0.409157 0.215161 0.110653 -0.003884 -0.207550 -0.390698 -0.610646 -0.774452 -0.866620 -0.962354 -0.984847 0.981081 0.923555 0.836356 0.717689 0.623644 0.386017 0.177693 0.061938 -0.054283 -0.238110 -0.410676 -0.572397 -0.783821 -0.912287 -0.957590 -0.981079 
29.665337 107981.937500 56 46 50 0.452701 0.484690 0.526080 0.980449 0.933380 0.888160 0.777104 0.691010 0.600732 0.389738 0.113825 0.036990 -0.122591 -0.378796 -0.585074 -0.789490 -0.893996 -0.955864 -0.980013 0.954106 0.927452 0.852295 0.788373 0.676476 0.512138 0.279916 0.129568 0.031691 -0.163926 -0.384596 -0.639530 -0.777499 -0.879416 -0.959998 -0.983797 
54.038361 697124.375000 58 58 62 0.399595 0.868559 0.906252 0.986114 0.962064 0.927210 0.901429 0.828843 0.745484 0.503834 0.413073 0.211806 0.083892 -0.131719 -0.484217 -0.650116 -0.806126 -0.921539 -0.978632 0.990652 0.972092 0.932124 0.905394 0.839830 0.686812 0.555261 0.289979 0.105123 -0.012134 -0.308574 -0.519324 -0.702700 -0.866641 -0.944761 -0.978541 
59.723770 12724921.000000 62 66 70 0.932687 0.922902 0.948495 0.976124 0.944854 0.905794 0.852321 0.801749 0.610302 0.364941 0.300836 0.146218 0.017444 -0.075371 -0.466008 -0.632825 -0.677509 -0.821457 -0.978655 0.979443 0.951593 0.919160 0.868852 0.806904 0.682495 0.448525 0.340647 0.241020 0.080160 -0.038878 -0.463913 -0.633243 -0.720269 -0.923587 -0.982837 
61.562008 30890664.000000 70 72 74 0.962491 0.961762 0.963244 0.966887 0.935475 0.906283 0.844143 0.796344 0.550090 0.292336 0.220864 0.097141 -0.070058 -0.127729 -0.442630 -0.652972 -0.720245 -0.772073 -0.891250 0.971662 0.938175 0.906746 0.846768 0.801220 0.567632 0.319700 0.243393 0.135535 -0.032537 -0.106578 -0.454904 -0.648581 -0.694331 -0.770206 -0.945869 
61.765594 32652328.000000 74 74 76 0.969488 0.959034 0.955514 0.966737 0.936355 0.908931 0.838872 0.795049 0.605707 0.267669 0.209837 0.054903 -0.114018 -0.178183 -0.443137 -0.670943 -0.738281 -0.791884 -0.858771 0.964591 0.934872 0.907041 0.840992 0.792711 0.592623 0.277211 0.215904 0.076090 -0.087017 -0.141083 -0.470416 -0.659421 -0.729920 -0.765365 -0.875422 
62.217842 25843996.000000 74 76 76 0.916356 0.963824 0.988607 0.969348 0.942298 0.918345 0.855144 0.803330 0.652701 0.260175 0.165281 0.066469 -0.128665 -0.194888 -0.404969 -0.701884 -0.753341 -0.804360 -0.876395 0.969284 0.937882 0.913613 0.842424 0.795981 0.634984 0.263222 0.192092 0.058585 -0.127431 -0.189962 -0.469581 -0.690707 -0.751908 -0.790912 -0.884259 
59.986629 5886916.000000 76 76 84 0.989318 0.889587 0.543051 0.975688 0.956644 0.927239 0.867825 0.828799 0.618219 0.225205 0.165986 0.055200 -0.135846 -0.176192 -0.426069 -0.711976 -0.763436 -0.804068 -0.875233 0.970042 0.947511 0.921350 0.860895 0.815842 0.630310 0.231641 0.156007 0.043083 -0.122876 -0.179986 -0.400842 -0.709489 -0.765022 -0.801520 -0.883326 
46.735741 557611.187500 84 86 80 0.575416 0.639528 0.779996 0.989577 0.975049 0.925390 0.854207 0.808517 0.590346 0.284614 0.191113 0.089673 -0.120122 -0.156799 -0.460816 -0.712076 -0.762605 -0.794365 -0.900355 0.987800 0.970658 0.912652 0.855003 0.806506 0.579320 0.290928 0.195675 0.122882 -0.103229 -0.160435 -0.553285 -0.719593 -0.779617 -0.808336 -0.908885 
51.029724 1610292.875000 80 80 78 0.854543 0.846747 0.908463 0.983137 0.969874 0.935393 0.869226 0.823973 0.657244 0.179410 0.114792 0.013447 -0.126457 -0.173360 -0.454703 -0.716734 -0.756472 -0.788475 -0.914017 0.987577 0.972700 0.934089 0.868515 0.830115 0.635581 0.236583 0.147409 0.061514 -0.123863 -0.170661 -0.477684 -0.721682 -0.760367 -0.788543 -0.913191 
58.597542 3324774.000000 78 78 78 0.922349 0.971113 0.948787 0.980411 0.970474 0.950728 0.870288 0.839049 0.696168 0.172279 0.080498 -0.013535 -0.118430 -0.183842 -0.401518 -0.724191 -0.764724 -0.799199 -0.937522 0.980650 0.969781 0.943462 0.865217 0.834588 0.679500 0.195306 0.098252 0.014455 -0.123983 -0.185176 -0.410540 -0.718712 -0.757736 -0.792349 -0.923024 
59.843239 2391144.250000 78 78 78 0.932742 0.951010 0.972931 0.982208 0.971900 0.955617 0.898626 0.851866 0.684676 0.112449 0.028042 -0.026392 -0.138272 -0.241425 -0.468314 -0.698883 -0.748411 -0.791872 -0.945618 0.981253 0.971172 0.953951 0.879054 0.841869 0.680532 0.189178 0.059732 -0.031940 -0.132097 -0.225313 -0.415124 -0.724524 -0.768000 -0.811143 -0.951248 
54.697853 363458.093750 78 80 82 0.965985 0.900593 0.724816 0.987534 0.975077 0.951372 0.888386 0.840210 0.733041 0.167253 0.016611 -0.024195 -0.150508 -0.249924 -0.400070 -0.669254 -0.735845 -0.836370 -0.966480 0.983687 0.973039 0.954944 0.902831 0.854565 0.691948 0.129209 0.011030 -0.045510 -0.157524 -0.237942 -0.415615 -0.689169 -0.740343 -0.795852 -0.953907 
41.612492 47113.406250 84 80 82 0.722255 0.756446 0.621585 0.995694 0.987145 0.924197 0.867894 0.827241 0.695727 0.251045 0.087001 -0.008821 -0.138471 -0.238514 -0.402085 -0.697350 -0.765990 -0.881443 -0.974326 0.994650 0.983197 0.935105 0.861168 0.821139 0.679535 0.268763 0.052503 -0.014839 -0.126346 -0.260945 -0.422991 -0.691424 -0.753467 -0.878177 -0.974865 
39.655106 23974.837891 84 80 78 0.631356 0.866067 0.719703 0.992108 0.984902 0.953533 0.872309 0.830161 0.688494 0.326877 0.103592 -0.032132 -0.152992 -0.243330 -0.481714 -0.703052 -0.808665 -0.902418 -0.979688 0.994313 0.986243 0.949042 0.859009 0.827439 0.693416 0.295377 0.087367 -0.019300 -0.149160 -0.228319 -0.421712 -0.688501 -0.783749 -0.899798 -0.973837 
37.776146 6312571.500000 82 96 64 0.675101 0.532212 0.279051 0.976089 0.944422 0.877421 0.753399 0.572432 0.298257 0.116826 0.037109 -0.107795 -0.248322 -0.470912 -0.618574 -0.766228 -0.831486 -0.929521 -0.974724 0.990909 0.979703 0.920185 0.853169 0.734814 0.468578 0.269231 0.076635 -0.078407 -0.260930 -0.426092 -0.577830 -0.714021 -0.832613 -0.923152 -0.968133 
48.458145 496812.250000 62 68 78 0.401644 0.746766 0.950623 0.987351 0.982305 0.954639 0.920362 0.836716 0.473617 0.121136 -0.043469 -0.118283 -0.253965 -0.335573 -0.449696 -0.663528 -0.824074 -0.908591 -0.974769 0.987906 0.976194 0.922804 0.832545 0.631984 0.340457 0.128135 0.039845 -0.099501 -0.218444 -0.425504 -0.586585 -0.763702 -0.827510 -0.932138 -0.977655 
54.099152 471423.468750 78 78 78 0.958528 0.953647 0.925189 0.988756 0.982446 0.960495 0.896695 0.872326 0.733160 0.160841 -0.052895 -0.122987 -0.237718 -0.333563 -0.394985 -0.641939 -0.809264 -0.885513 -0.971571 0.988583 0.982737 0.960799 0.907269 0.877517 0.685077 0.117513 -0.068269 -0.139798 -0.252494 -0.325607 -0.404728 -0.632864 -0.816624 -0.887869 -0.968484 
54.052750 2081172.500000 78 78 76 0.920021 0.820644 0.927449 0.986576 0.976902 0.949678 0.870865 0.809440 0.659845 0.171729 0.006683 -0.067381 -0.159009 -0.303707 -0.391051 -0.657192 -0.759233 -0.919093 -0.988433 0.988925 0.980839 0.958554 0.894390 0.858633 0.674832 0.162778 -0.015392 -0.102826 -0.202335 -0.327273 -0.384741 -0.641489 -0.778214 -0.900923 -0.983831 
58.470032 3291769.750000 76 76 76 0.941116 0.970072 0.961123 0.983827 0.971434 0.961047 0.871060 0.687105 0.652632 0.361155 0.075202 0.002778 -0.094051 -0.249133 -0.386910 -0.483858 -0.666466 -0.875999 -0.976386 0.984007 0.972410 0.958019 0.875544 0.751452 0.698299 0.219518 0.029976 -0.029848 -0.115576 -0.294515 -0.382678 -0.576289 -0.743045 -0.892394 -0.989535 
57.989365 3948795.750000 76 76 76 0.972828 0.990987 0.974254 0.985595 0.973490 0.960245 0.857232 0.583388 0.530886 0.362388 0.170230 0.029971 -0.046139 -0.260209 -0.358491 -0.463942 -0.604165 -0.891524 -0.967675 0.984243 0.971873 0.960206 0.858716 0.635277 0.603783 0.383133 0.124335 0.023266 -0.072282 -0.245525 -0.368342 -0.485608 -0.640764 -0.879009 -0.973446 
55.939198 5129837.500000 76 76 74 0.983547 0.966721 0.979066 0.987806 0.978087 0.962445 0.852157 0.469421 0.398268 0.290948 0.165700 0.017655 -0.105045 -0.291943 -0.419191 -0.480801 -0.630551 -0.921750 -0.951743 0.987046 0.975547 0.961093 0.863525 0.522454 0.458255 0.308714 0.167881 0.038679 -0.054458 -0.258799 -0.404675 -0.467008 -0.613517 -0.912408 -0.956197 
55.296799 3488629.750000 74 74 74 0.984196 0.983412 0.967483 0.988522 0.981795 0.968122 0.836654 0.422755 0.334076 0.267898 0.182477 0.056092 -0.093624 -0.297906 -0.420355 -0.486555 -0.769163 -0.928177 -0.956128 0.988232 0.980263 0.965113 0.825332 0.436762 0.368559 0.272279 0.168379 0.031238 -0.096545 -0.321778 -0.419575 -0.481045 -0.660978 -0.927218 -0.952063 
49.567802 212289.734375 72 74 74 0.979507 0.872110 0.635299 0.989582 0.982247 0.964854 0.830532 0.554814 0.397368 0.275764 0.205447 0.058037 -0.105115 -0.319942 -0.414548 -0.489300 -0.770885 -0.919584 -0.946689 0.988980 0.982669 0.971128 0.856808 0.464152 0.323011 0.252756 0.174789 0.046969 -0.093353 -0.305381 -0.422805 -0.473399 -0.729634 -0.924707 -0.949856 
36.318478 50631.011719 74 72 74 0.585708 0.807049 0.912604 0.989502 0.982816 0.968547 0.793177 0.565294 0.418702 0.338452 0.167468 0.048437 -0.138342 -0.385966 -0.431738 -0.551033 -0.740358 -0.905972 -0.971552 0.991740 0.981480 0.958470 0.782174 0.586263 0.431888 0.314498 0.198472 0.057429 -0.128655 -0.350020 -0.407979 -0.525777 -0.768823 -0.906873 -0.947248 
34.962158 26448.449219 74 74 72 0.936440 0.842259 0.758408 0.988436 0.979793 0.961384 0.816874 0.564655 0.406216 0.314372 0.197848 0.105835 -0.085854 -0.375339 -0.426039 -0.562277 -0.772793 -0.898560 -0.968975 0.988848 0.981971 0.968579 0.794439 0.543853 0.425374 0.327758 0.194063 0.083744 -0.116908 -0.381702 -0.425148 -0.550005 -0.742401 -0.897342 -0.973805 
32.363152 1430959.375000 72 72 58 0.711890 0.618517 0.634946 0.971150 0.935400 0.812553 0.662723 0.484051 0.354431 0.250800 0.106338 -0.040486 -0.193047 -0.366054 -0.578406 -0.754069 -0.831965 -0.911608 -0.961723 0.989159 0.978832 0.940141 0.774702 0.560687 0.408774 0.304403 0.201613 0.090003 -0.117086 -0.379137 -0.459843 -0.631549 -0.794071 -0.909501 -0.966467 
41.041954 3005044.250000 88 88 92 0.509249 0.432078 0.550060 0.972733 0.955740 0.802122 0.611117 0.452314 0.346677 0.214726 0.049508 -0.055384 -0.246774 -0.474914 -0.668865 -0.799758 -0.857042 -0.933898 -0.976411 0.972464 0.953520 0.791723 0.658573 0.493360 0.344905 0.277197 0.110786 -0.024341 -0.184995 -0.377125 -0.597301 -0.769670 -0.821641 -0.912719 -0.968045 
42.411762 1519019.000000 62 212 56 0.430450 0.307588 0.884206 0.991654 0.980553 0.954984 0.852220 0.498116 0.363328 0.217217 0.079730 0.004748 -0.250734 -0.472531 -0.595350 -0.805171 -0.863317 -0.923975 -0.981889 0.975675 0.952096 0.794103 0.564383 0.425631 0.315209 0.171011 0.045873 -0.044662 -0.320144 -0.510833 -0.686431 -0.820340 -0.862638 -0.928193 -0.975573 
57.661308 8301958.500000 56 56 60 0.811688 0.951595 0.915044 0.990082 0.977910 0.966004 0.888070 0.497450 0.431431 0.255368 0.087025 0.005674 -0.068571 -0.282756 -0.511583 -0.570751 -0.762289 -0.919148 -0.975913 0.990368 0.979023 0.961854 0.920579 0.572405 0.397156 0.294142 0.099425 0.024757 -0.064818 -0.290285 -0.511837 -0.568084 -0.811128 -0.905207 -0.978646 
54.860390 601642.750000 58 62 60 0.920345 0.933587 0.971629 0.993123 0.985369 0.960059 0.911621 0.799809 0.517471 0.410699 0.162977 0.072630 -0.045140 -0.398581 -0.541581 -0.621828 -0.802235 -0.904655 -0.976686 0.991968 0.981258 0.966825 0.896632 0.527829 0.448881 0.284264 0.100392 0.015720 -0.076623 -0.344204 -0.537759 -0.595352 -0.794339 -0.927122 -0.976370 
55.425186 444567.968750 62 62 62 0.932999 0.983683 0.955715 0.993237 0.985695 0.958053 0.911723 0.841812 0.512477 0.405703 0.227401 0.093906 0.016901 -0.293468 -0.553684 -0.595070 -0.777247 -0.902960 -0.978581 0.993017 0.984998 0.957251 0.908034 0.827354 0.501020 0.414837 0.198090 0.110583 0.019179 -0.379570 -0.550688 -0.590793 -0.781512 -0.905499 -0.979510 
55.469147 167328.859375 62 64 68 0.972451 0.965873 0.929658 0.994380 0.986277 0.974823 0.937313 0.813813 0.545851 0.442987 0.257718 0.040303 -0.126920 -0.342566 -0.518833 -0.652242 -0.814318 -0.914922 -0.978351 0.993943 0.986532 0.968670 0.923717 0.845871 0.527592 0.424094 0.238027 0.059790 -0.030013 -0.326814 -0.540653 -0.614189 -0.790725 -0.907856 -0.976119 
49.054279 48844.277344 66 68 64 0.935801 0.895246 0.371175 0.993254 0.984230 0.969140 0.907567 0.714909 0.500357 0.396453 0.201235 -0.022588 -0.211191 -0.345087 -0.468828 -0.641567 -0.803565 -0.915932 -0.967375 0.994098 0.985030 0.975887 0.938771 0.774214 0.510556 0.429008 0.220019 0.036998 -0.184470 -0.339390 -0.476794 -0.654345 -0.803666 -0.913068 -0.975987 
48.874176 32653798.000000 52 62 102 0.468765 0.364587 0.695645 0.980128 0.945261 0.836187 0.620541 0.485786 0.303433 0.009990 -0.113516 -0.285524 -0.431941 -0.541718 -0.719115 -0.853988 -0.908252 -0.952304 -0.987444 0.979930 0.940955 0.824390 0.659392 0.509810 0.400250 0.104598 -0.100306 -0.210656 -0.397621 -0.503910 -0.627872 -0.823996 -0.882240 -0.938723 -0.981525 
48.854095 8972661.000000 50 98 96 0.624286 0.391076 0.312105 0.986761 0.958840 0.806275 0.492168 0.408658 0.180399 0.048637 -0.061986 -0.279504 -0.484613 -0.561594 -0.692915 -0.857476 -0.910250 -0.945391 -0.977306 0.981500 0.960368 0.847861 0.572475 0.430075 0.189381 0.039904 -0.105183 -0.314554 -0.469412 -0.579636 -0.725005 -0.863521 -0.913814 -0.950381 -0.983885 
40.823189 3036639.500000 70 64 122 0.404488 0.742675 0.662198 0.986058 0.954909 0.779036 0.502043 0.429026 0.299663 0.107087 -0.024027 -0.109837 -0.420774 -0.524225 -0.617954 -0.811916 -0.901251 -0.930146 -0.982366 0.986688 0.954911 0.747348 0.496806 0.430211 0.266619 0.049880 -0.042826 -0.190027 -0.454455 -0.531948 -0.619999 -0.837579 -0.900832 -0.934082 -0.985252 
34.110512 1109134.750000 62 78 46 0.579152 0.525191 0.384532 0.989244 0.971718 0.913016 0.647063 0.464557 0.370042 0.125159 0.050382 -0.074924 -0.274312 -0.486355 -0.559128 -0.750009 -0.871789 -0.927440 -0.981054 0.979805 0.948045 0.808007 0.530390 0.434271 0.299450 0.125704 0.003748 -0.092965 -0.361756 -0.506112 -0.601634 -0.788721 -0.891561 -0.931564 -0.980000 
54.822392 16449695.000000 50 56 58 0.626626 0.903818 0.944162 0.987734 0.969298 0.929740 0.886947 0.613628 0.481552 0.368442 0.120684 0.028844 -0.121252 -0.437741 -0.484648 -0.647502 -0.760978 -0.886317 -0.955542 0.987141 0.974871 0.930708 0.899952 0.656663 0.425588 0.272326 0.084892 0.009257 -0.217644 -0.443452 -0.516945 -0.639795 -0.826819 -0.909827 -0.972537 
58.536430 58815020.000000 58 58 60 0.953353 0.977320 0.975592 0.979227 0.961709 0.928519 0.818625 0.534194 0.458971 0.304088 0.134855 0.051003 -0.115019 -0.329113 -0.441223 -0.546115 -0.720091 -0.814981 -0.965718 0.982789 0.962236 0.928884 0.843378 0.549833 0.471666 0.318949 0.149609 0.045412 -0.089233 -0.361246 -0.468659 -0.579191 -0.730105 -0.826379 -0.951634 
58.932053 45796552.000000 60 60 60 0.968167 0.994914 0.990121 0.980307 0.967358 0.933434 0.806679 0.496988 0.427371 0.300650 0.134543 0.049446 -0.094914 -0.329773 -0.447562 -0.556892 -0.740890 -0.799556 -0.936357 0.979591 0.964602 0.930047 0.812526 0.513221 0.439246 0.277433 0.124908 0.053180 -0.112386 -0.338823 -0.443895 -0.551067 -0.727413 -0.799549 -0.940571 
58.909969 33668064.000000 60 60 60 0.990130 0.986971 0.991798 0.982048 0.971789 0.944411 0.818864 0.443487 0.389493 0.255450 0.126733 0.038463 -0.097919 -0.330625 -0.451375 -0.550411 -0.716454 -0.787647 -0.921048 0.981473 0.970059 0.940230 0.819168 0.471109 0.400292 0.270280 0.131437 0.047651 -0.096235 -0.342764 -0.450969 -0.558780 -0.710150 -0.796157 -0.934619 
58.838444 20055768.000000 60 60 60 0.984091 0.979531 0.967546 0.983635 0.974992 0.953854 0.857815 0.412196 0.313757 0.213115 0.126207 0.016020 -0.109232 -0.374919 -0.449132 -0.544858 -0.667369 -0.823504 -0.943154 0.982986 0.973262 0.949503 0.842003 0.427623 0.355838 0.215595 0.129502 0.028415 -0.095000 -0.364674 -0.446951 -0.560167 -0.685566 -0.804824 -0.944723 
58.329384 7903337.000000 60 58 58 0.954000 0.991673 0.995535 0.984959 0.976052 0.963188 0.876551 0.456196 0.306392 0.246574 0.129892 0.045709 -0.050940 -0.340406 -0.447903 -0.553688 -0.621231 -0.842528 -0.940706 0.984291 0.976072 0.958337 0.864834 0.428549 0.299556 0.233040 0.113788 0.028611 -0.090745 -0.351014 -0.451883 -0.531431 -0.645507 -0.816195 -0.943015 
55.475739 955196.750000 58 60 60 0.992392 0.890832 0.921912 0.990392 0.980054 0.967166 0.900483 0.622571 0.436272 0.293233 0.186334 0.064109 -0.030506 -0.368758 -0.480877 -0.555864 -0.690625 -0.869818 -0.958992 0.986610 0.976388 0.966545 0.897487 0.512294 0.342518 0.256914 0.172739 0.055235 -0.004279 -0.328218 -0.458546 -0.567587 -0.642359 -0.862086 -0.941471 
53.590858 903357.250000 60 60 60 0.903700 0.955933 0.981441 0.990794 0.980281 0.963472 0.899142 0.734003 0.468466 0.414353 0.173794 0.098450 -0.082750 -0.392791 -0.485499 -0.574738 -0.741740 -0.885124 -0.979673 0.990827 0.980432 0.964652 0.903312 0.698366 0.470502 0.389876 0.198153 0.097543 -0.084281 -0.360395 -0.473907 -0.565914 -0.704178 -0.867620 -0.967303 
53.380424 309363.093750 60 60 60 0.975620 0.991835 0.974923 0.992460 0.982827 0.965750 0.922126 0.800993 0.469647 0.386653 0.229007 0.119286 -0.048115 -0.342011 -0.472726 -0.579396 -0.760096 -0.896067 -0.972176 0.991516 0.980836 0.964708 0.902854 0.769076 0.463251 0.390475 0.185861 0.118308 -0.062479 -0.400079 -0.503455 -0.580294 -0.740159 -0.899251 -0.977447 
53.521099 249100.031250 60 60 62 0.983577 0.968977 0.987303 0.993292 0.984742 0.964877 0.912377 0.834259 0.486381 0.393240 0.310192 0.142905 -0.005999 -0.359482 -0.478522 -0.606872 -0.791655 -0.902510 -0.971629 0.992967 0.984119 0.964686 0.919857 0.810617 0.459141 0.361703 0.261625 0.114109 -0.023086 -0.371956 -0.457320 -0.552700 -0.762095 -0.890704 -0.968714 
54.023132 133100.343750 62 62 64 0.988715 0.964757 0.883945 0.994303 0.985401 0.972285 0.937404 0.837256 0.542481 0.389080 0.287996 0.089692 -0.099336 -0.344390 -0.522639 -0.667982 -0.811575 -0.910678 -0.974563 0.993804 0.985233 0.968449 0.920745 0.849741 0.523829 0.396676 0.308860 0.125090 -0.047035 -0.329229 -0.510351 -0.665316 -0.811118 -0.912071 -0.974423 
54.032345 116758.093750 64 64 64 0.891040 0.864861 0.943169 0.994292 0.985728 0.974700 0.946864 0.838863 0.555402 0.381626 0.242887 0.076013 -0.128282 -0.373209 -0.523210 -0.684557 -0.817332 -0.909281 -0.979265 0.994328 0.984244 0.972465 0.944001 0.839215 0.527197 0.367646 0.268001 0.080813 -0.113703 -0.361959 -0.514336 -0.676461 -0.818558 -0.906408 -0.975982 
54.607788 132205.718750 66 66 64 0.969486 0.990169 0.975314 0.993814 0.985066 0.973730 0.942628 0.834951 0.595678 0.416029 0.230188 0.072121 -0.140484 -0.375636 -0.525965 -0.686390 -0.816897 -0.912153 -0.978583 0.993884 0.985206 0.973227 0.942033 0.857994 0.601041 0.376015 0.235426 0.084113 -0.127979 -0.368285 -0.515681 -0.687826 -0.820451 -0.912632 -0.980247 
55.217854 203978.421875 66 66 64 0.975683 0.951739 0.881469 0.993228 0.983230 0.973345 0.945855 0.737953 0.609714 0.525284 0.223068 -0.008171 -0.172659 -0.316948 -0.499853 -0.680566 -0.800048 -0.911676 -0.977113 0.993705 0.984899 0.973911 0.943546 0.802628 0.608824 0.447616 0.245587 0.069382 -0.161145 -0.373694 -0.556807 -0.680384 -0.814205 -0.909813 -0.978125 
60.816925 49823696.000000 66 56 60 0.960120 0.749214 0.951187 0.979840 0.969052 0.927715 0.830693 0.644748 0.614623 0.285942 0.037008 -0.043238 -0.151284 -0.270887 -0.432783 -0.551175 -0.645398 -0.803832 -0.986477 0.984807 0.974262 0.955931 0.859420 0.632564 0.600280 0.306251 0.060249 -0.032176 -0.127073 -0.257383 -0.396257 -0.538468 -0.656117 -0.790437 -0.968232 
61.735428 109957920.000000 60 60 58 0.935139 0.953424 0.981064 0.976070 0.949210 0.905129 0.834761 0.674119 0.650532 0.365505 0.064033 -0.108633 -0.177522 -0.336914 -0.463499 -0.634221 -0.780256 -0.818996 -0.879105 0.978733 0.956115 0.913793 0.817480 0.670711 0.644014 0.303823 0.044842 -0.072308 -0.168212 -0.322994 -0.483359 -0.582470 -0.763260 -0.820963 -0.968406 
62.506905 99312896.000000 58 56 54 0.986320 0.929739 0.964849 0.974508 0.941354 0.902921 0.848946 0.716771 0.669982 0.289888 0.006521 -0.109769 -0.174986 -0.330721 -0.421735 -0.613223 -0.770187 -0.818115 -0.861554 0.973791 0.943706 0.897583 0.839366 0.693330 0.652648 0.308997 0.020107 -0.099300 -0.173867 -0.342746 -0.436768 -0.653946 -0.778829 -0.830674 -0.867456 
60.037163 22687460.000000 54 52 52 0.951642 0.925151 0.939250 0.985050 0.953083 0.909765 0.878507 0.716872 0.663604 0.445823 0.025940 -0.073066 -0.166121 -0.372727 -0.434471 -0.599686 -0.790436 -0.842503 -0.902696 0.978220 0.946498 0.911064 0.868176 0.725310 0.672481 0.363894 0.029843 -0.096413 -0.174111 -0.305181 -0.411299 -0.586744 -0.766963 -0.825177 -0.867183 
53.463741 3906539.000000 52 54 54 0.951066 0.877970 0.714831 0.991026 0.967862 0.918306 0.876778 0.715022 0.665966 0.406825 -0.011281 -0.125598 -0.202636 -0.351744 -0.449890 -0.649891 -0.823504 -0.886200 -0.946060 0.990016 0.965052 0.909527 0.883724 0.730089 0.660403 0.443009 -0.013834 -0.113527 -0.180577 -0.378916 -0.438078 -0.704166 -0.805359 -0.855060 -0.903994 
42.245552 7288616.000000 54 60 58 0.819774 0.417322 0.310339 0.977120 0.925621 0.877874 0.727734 0.630589 0.450636 0.212711 0.020130 -0.172552 -0.277494 -0.456664 -0.568260 -0.744914 -0.878459 -0.958090 -0.984597 0.988722 0.951815 0.909542 0.820039 0.694534 0.642345 0.321852 -0.003691 -0.143755 -0.233200 -0.377735 -0.487691 -0.690030 -0.833451 -0.940658 -0.983505 
39.290176 4676519.500000 56 56 56 0.508689 0.658613 0.787449 0.967635 0.919752 0.845325 0.732141 0.659016 0.444018 0.208453 -0.013311 -0.163845 -0.260565 -0.446509 -0.567601 -0.766174 -0.867578 -0.956485 -0.981947 0.972481 0.926464 0.854706 0.709766 0.639597 0.457957 0.239197 0.023852 -0.159962 -0.264604 -0.453800 -0.589330 -0.778029 -0.876427 -0.952927 -0.983047 
37.537594 3078440.250000 56 56 54 0.630350 0.522469 0.622554 0.964758 0.911080 0.850166 0.714443 0.653088 0.491347 0.229290 -0.036878 -0.134866 -0.265400 -0.464876 -0.569997 -0.740853 -0.881350 -0.955828 -0.980269 0.951522 0.925240 0.844742 0.736735 0.656442 0.461533 0.194785 -0.031251 -0.159298 -0.260122 -0.445782 -0.570423 -0.750417 -0.871565 -0.959298 -0.983787 
33.995853 1080287.750000 56 148 148 0.664647 0.768344 0.907637 0.967092 0.893760 0.831253 0.738504 0.664271 0.514730 0.172124 -0.045326 -0.134768 -0.279367 -0.476255 -0.585152 -0.727354 -0.885523 -0.939247 -0.979645 0.963874 0.896424 0.844175 0.721204 0.662754 0.501117 0.229562 -0.042916 -0.131831 -0.274658 -0.490501 -0.602918 -0.742027 -0.885911 -0.947964 -0.978166 
31.016663 585638.312500 148 148 148 0.885834 0.807465 0.825353 0.970538 0.925171 0.832341 0.718611 0.679059 0.475057 0.040735 -0.026749 -0.158890 -0.311292 -0.434850 -0.531995 -0.731644 -0.902985 -0.931377 -0.979615 0.965985 0.913753 0.824975 0.722394 0.691841 0.492561 0.062883 -0.030098 -0.142424 -0.305598 -0.438098 -0.537087 -0.717233 -0.888028 -0.934558 -0.984187 
44.132179 660959.937500 56 80 66 0.681009 0.365569 0.828023 0.987170 0.973898 0.944830 0.888297 0.664045 0.601940 0.360256 0.138736 0.022827 -0.128910 -0.340448 -0.417262 -0.640635 -0.873617 -0.908158 -0.962666 0.977780 0.947010 0.857300 0.716316 0.664513 0.495302 0.064900 -0.018389 -0.155391 -0.308197 -0.446251 -0.534673 -0.787309 -0.906885 -0.933725 -0.980493 
55.356426 11953440.000000 66 78 86 0.880247 0.587822 0.847543 0.981320 0.968282 0.942064 0.828020 0.571892 0.530674 0.290577 0.130857 0.033986 -0.084657 -0.343191 -0.387501 -0.640976 -0.806120 -0.873327 -0.906151 0.983624 0.968318 0.943081 0.845427 0.624804 0.581249 0.286861 0.128675 0.058880 -0.054444 -0.317239 -0.388688 -0.546505 -0.811432 -0.874159 -0.905416 
54.164806 8212615.000000 88 92 94 0.887200 0.876034 0.901954 0.980083 0.966993 0.948791 0.840983 0.517484 0.477091 0.235715 0.134382 0.023016 -0.076970 -0.302109 -0.351207 -0.709967 -0.817938 -0.868249 -0.888074 0.981869 0.967100 0.943523 0.836812 0.524795 0.494368 0.261022 0.122619 0.027232 -0.088822 -0.323333 -0.369722 -0.682413 -0.818820 -0.866632 -0.891980 
54.302536 7995305.500000 96 100 100 0.959645 0.948279 0.885279 0.979903 0.969607 0.951252 0.804407 0.467268 0.419804 0.262209 0.168884 0.036822 -0.103648 -0.290948 -0.344580 -0.699493 -0.797238 -0.858810 -0.886214 0.978015 0.966679 0.949382 0.827968 0.501108 0.461692 0.262050 0.142345 0.036013 -0.086909 -0.297296 -0.352822 -0.726440 -0.817122 -0.856252 -0.881841 
52.359356 3164206.500000 102 104 104 0.906133 0.952552 0.888402 0.980628 0.972180 0.956417 0.815001 0.430630 0.372465 0.253065 0.189459 0.075338 -0.119029 -0.316011 -0.383738 -0.652275 -0.790604 -0.828141 -0.911212 0.979630 0.971253 0.954031 0.811007 0.438171 0.398234 0.241269 0.178561 0.031918 -0.118107 -0.293271 -0.337000 -0.714070 -0.790722 -0.833080 -0.879602 
47.819408 592803.187500 106 104 106 0.895682 0.836687 0.810548 0.982820 0.976510 0.947529 0.883154 0.512565 0.405732 0.270882 0.232293 0.064182 -0.169098 -0.348742 -0.390589 -0.621970 -0.790395 -0.831474 -0.953902 0.980161 0.972061 0.951333 0.864612 0.483951 0.382663 0.254030 0.200243 0.087215 -0.146534 -0.332594 -0.375915 -0.649517 -0.788293 -0.828559 -0.941269 
45.288246 128314.320312 104 102 102 0.712516 0.842112 0.870308 0.986280 0.979736 0.953770 0.915909 0.712573 0.508280 0.344058 0.208538 0.101400 -0.099067 -0.314169 -0.397824 -0.670988 -0.786924 -0.887300 -0.966430 0.985100 0.978725 0.951103 0.898452 0.623234 0.451765 0.313119 0.235115 0.089292 -0.131608 -0.331451 -0.404544 -0.659580 -0.780011 -0.857151 -0.958646 
43.939507 66554.828125 102 102 76 0.808649 0.502593 0.639710 0.988190 0.979955 0.960826 0.923760 0.705340 0.446946 0.363104 0.228643 0.156998 -0.018616 -0.325201 -0.415642 -0.686314 -0.817682 -0.896699 -0.957004 0.987781 0.982398 0.952338 0.910988 0.713895 0.456754 0.341024 0.207453 0.130864 -0.047885 -0.321966 -0.397991 -0.641717 -0.808102 -0.900088 -0.964374 
41.161083 26852.035156 76 120 70 0.664084 0.506367 0.796583 0.989906 0.980675 0.962535 0.903341 0.721486 0.498491 0.383532 0.228477 0.134765 -0.063098 -0.333821 -0.516854 -0.677088 -0.820447 -0.900199 -0.970337 0.990692 0.981894 0.963229 0.920657 0.717474 0.468911 0.373111 0.245142 0.163421 -0.013454 -0.328132 -0.497503 -0.692372 -0.814271 -0.904261 -0.955859 
41.278679 24403.537109 70 98 66 0.619038 0.673144 0.702333 0.989038 0.979880 0.966344 0.904104 0.757447 0.505485 0.373603 0.241509 0.114160 -0.130433 -0.343935 -0.510046 -0.728069 -0.819446 -0.914791 -0.972714 0.990163 0.980529 0.967004 0.919681 0.765529 0.507058 0.375287 0.259938 0.123157 -0.079016 -0.317576 -0.505708 -0.696574 -0.814031 -0.917644 -0.973236 
36.470993 14430.698242 68 62 66 0.675590 0.590547 0.693358 0.992186 0.982774 0.971540 0.908635 0.710465 0.515727 0.331757 0.196518 0.029217 -0.177654 -0.360011 -0.523274 -0.719550 -0.821187 -0.913463 -0.976205 0.993645 0.982621 0.969938 0.893476 0.705260 0.523572 0.354400 0.214793 0.058977 -0.207069 -0.360085 -0.517641 -0.726817 -0.830848 -0.906058 -0.972607 
28.478466 5557.519531 102 122 90 0.784323 0.600568 0.621301 0.995208 0.983806 0.958287 0.859647 0.644642 0.472931 0.298917 0.166241 -0.004062 -0.225255 -0.381875 -0.587047 -0.706212 -0.841006 -0.924032 -0.975342 0.990341 0.981591 0.968395 0.873400 0.679726 0.495340 0.310376 0.166793 0.014180 -0.170326 -0.419237 -0.566238 -0.731768 -0.830068 -0.932898 -0.973794 
21.259640 11316.858398 88 96 182 0.683700 0.697192 0.478936 0.993035 0.975288 0.882377 0.730866 0.614905 0.548162 0.311061 0.103629 -0.059489 -0.221460 -0.425693 -0.556829 -0.712925 -0.848291 -0.915587 -0.967670 0.996131 0.985967 0.924356 0.790261 0.612569 0.510042 0.318401 0.160019 -0.007962 -0.230151 -0.388023 -0.569891 -0.706776 -0.843424 -0.912312 -0.967160 
14.127834 2824.070068 72 72 74 0.242569 0.526804 0.443518 0.992140 0.975583 0.919843 0.773920 0.619033 0.488253 0.318047 0.183786 -0.100861 -0.230112 -0.449505 -0.576140 -0.737127 -0.838031 -0.925288 -0.971304 0.988876 0.972529 0.898849 0.731503 0.617531 0.536092 0.315575 0.129684 -0.054591 -0.250028 -0.441000 -0.571169 -0.728563 -0.847117 -0.918259 -0.971922 
13.778782 3785.121094 70 58 62 0.425639 0.731039 0.438481 0.990781 0.963479 0.909702 0.764915 0.641554 0.545721 0.300830 0.109305 -0.045145 -0.210441 -0.387034 -0.548630 -0.762508 -0.853103 -0.926870 -0.980821 0.990180 0.974928 0.914806 0.791953 0.631397 0.499697 0.319846 0.131756 -0.123200 -0.216023 -0.444768 -0.567781 -0.745799 -0.836340 -0.919499 -0.972166 
12.953734 6744.422363 60 80 56 0.610306 0.314122 0.395571 0.985020 0.962599 0.885850 0.705721 0.642828 0.531594 0.230132 0.089070 -0.037597 -0.222463 -0.331882 -0.504567 -0.749151 -0.818766 -0.926978 -0.964779 0.987311 0.957595 0.880172 0.728031 0.640731 0.504684 0.212672 0.078630 -0.028277 -0.215301 -0.366774 -0.556250 -0.746567 -0.832415 -0.922968 -0.973777 
16.783579 10896.434570 48 44 42 0.412258 0.547315 0.367649 0.982289 0.952080 0.835799 0.677119 0.648201 0.562870 0.225523 0.051877 -0.045992 -0.134041 -0.283496 -0.457200 -0.709504 -0.811084 -0.903680 -0.971632 0.984475 0.958406 0.882262 0.699924 0.643324 0.591873 0.260495 0.095017 -0.026158 -0.162677 -0.313751 -0.451095 -0.747442 -0.816708 -0.921770 -0.965718 
14.777637 4187.931152 204 98 32 0.391913 0.573717 0.981129 0.986653 0.953175 0.831638 0.698646 0.638178 0.510150 0.260182 0.035845 -0.061941 -0.154933 -0.351614 -0.499004 -0.709652 -0.792726 -0.916612 -0.971107 0.982202 0.951966 0.795358 0.675289 0.644808 0.527810 0.223455 0.037095 -0.050233 -0.122463 -0.278407 -0.518255 -0.695137 -0.814273 -0.894844 -0.975124 
