49.983231 41683968.000000 20 24 68 0.000000 0.444564 0.243777 0.968382 0.918856 0.860221 0.721310 0.611824 0.567088 0.361607 0.177875 0.000990 -0.211727 -0.374781 -0.494362 -0.685633 -0.799101 -0.897252 -0.939292 0.960394 0.863704 0.760516 0.671790 0.552850 0.504637 0.386753 0.139902 0.008701 -0.200848 -0.330860 -0.381872 -0.741870 -0.761094 -0.928276 -0.957328 
63.375221 415888960.000000 66 60 62 0.631095 0.769605 0.974842 0.960037 0.910089 0.869055 0.744677 0.615873 0.576983 0.337257 0.188241 0.039231 -0.210712 -0.363582 -0.457654 -0.641946 -0.781665 -0.870578 -0.923572 0.957428 0.908873 0.869946 0.736540 0.615287 0.578184 0.370765 0.192611 0.046473 -0.214216 -0.376455 -0.482475 -0.667544 -0.789071 -0.884468 -0.927625 
65.020515 668815488.000000 62 62 62 0.962624 0.960751 0.975667 0.961216 0.901018 0.860827 0.727759 0.616026 0.575118 0.318165 0.186841 0.011197 -0.236084 -0.363081 -0.467511 -0.669223 -0.781605 -0.875510 -0.925061 0.964193 0.905169 0.863180 0.738516 0.615586 0.575603 0.312930 0.183362 0.013796 -0.230483 -0.364457 -0.468373 -0.676266 -0.780149 -0.876707 -0.924592 
66.386276 630359232.000000 62 62 62 0.970013 0.980775 0.982424 0.962303 0.900105 0.863226 0.744002 0.616248 0.580429 0.335591 0.211881 0.019775 -0.215769 -0.355739 -0.452989 -0.645123 -0.771879 -0.878743 -0.917155 0.958798 0.898854 0.859597 0.724161 0.615539 0.578173 0.333538 0.203892 0.024009 -0.228378 -0.363552 -0.460387 -0.674855 -0.782562 -0.880803 -0.926177 
64.873291 393565920.000000 62 62 64 0.978548 0.993476 0.961487 0.964205 0.905371 0.865814 0.737759 0.619844 0.572919 0.362886 0.237692 0.033178 -0.217916 -0.338000 -0.442332 -0.654706 -0.775555 -0.890679 -0.923857 0.963414 0.902600 0.863192 0.743500 0.617520 0.580508 0.345423 0.219959 0.027043 -0.219968 -0.350016 -0.446973 -0.652036 -0.773816 -0.876497 -0.913941 
61.967018 143805392.000000 64 64 66 0.947590 0.938591 0.949587 0.969431 0.919284 0.875146 0.754938 0.628361 0.575122 0.420077 0.276032 0.125308 -0.165181 -0.328942 -0.434408 -0.638143 -0.792536 -0.907089 -0.934624 0.967350 0.912917 0.868942 0.732324 0.623529 0.566687 0.406097 0.247777 0.044837 -0.211736 -0.338139 -0.440621 -0.640681 -0.777334 -0.901259 -0.930696 
58.091339 37700076.000000 66 68 68 0.957665 0.835978 0.765800 0.982309 0.929028 0.885063 0.777643 0.623908 0.583848 0.466712 0.304292 0.151861 -0.095761 -0.366372 -0.469107 -0.670398 -0.815930 -0.893096 -0.950887 0.975267 0.925542 0.880697 0.777972 0.628552 0.578753 0.440378 0.304300 0.164080 -0.148935 -0.301278 -0.423981 -0.647991 -0.805903 -0.906109 -0.946355 
51.102909 5504003.000000 68 64 62 0.740584 0.679014 0.563793 0.987230 0.920253 0.875697 0.806146 0.641136 0.568566 0.439261 0.312867 0.117878 -0.055883 -0.384546 -0.439173 -0.663360 -0.770440 -0.867577 -0.953385 0.988424 0.939887 0.885346 0.830795 0.633399 0.592568 0.463175 0.293200 0.129290 -0.122863 -0.386368 -0.497420 -0.717725 -0.789651 -0.905459 -0.962139 
44.206982 1331177.500000 62 62 64 0.507323 0.585693 0.598525 0.959531 0.893627 0.871605 0.759334 0.637069 0.554277 0.410084 0.329820 0.138727 -0.023266 -0.350197 -0.457827 -0.639844 -0.769307 -0.874937 -0.931591 0.960425 0.898387 0.864015 0.751099 0.622994 0.568138 0.415087 0.303131 0.144920 -0.071629 -0.325176 -0.448763 -0.644650 -0.755672 -0.892456 -0.934064 
41.645386 676332.000000 64 62 62 0.574811 0.680401 0.742802 0.981725 0.913083 0.852954 0.745584 0.639120 0.577349 0.447753 0.292736 0.142896 -0.032451 -0.304792 -0.403432 -0.586207 -0.740164 -0.851455 -0.936575 0.976559 0.902796 0.874274 0.771837 0.643623 0.586760 0.458723 0.279658 0.131078 -0.040583 -0.351670 -0.437071 -0.624110 -0.749181 -0.858026 -0.934180 
39.329872 298820.906250 62 62 64 0.678896 0.616785 0.523738 0.946501 0.910734 0.874096 0.749381 0.658970 0.583717 0.463737 0.305982 0.177877 -0.014209 -0.290052 -0.388232 -0.508433 -0.773947 -0.887347 -0.948091 0.977690 0.895629 0.863283 0.749876 0.662151 0.585943 0.462619 0.347436 0.200480 -0.050049 -0.315013 -0.402409 -0.521660 -0.751055 -0.890419 -0.952740 
37.510239 233916.125000 50 50 62 0.685071 0.368434 0.547451 0.957134 0.903511 0.876294 0.793560 0.641038 0.575354 0.406269 0.264572 0.181770 0.019834 -0.299432 -0.396416 -0.576594 -0.814097 -0.910917 -0.978934 0.940024 0.903238 0.871054 0.766146 0.655212 0.562981 0.412967 0.292087 0.170659 -0.006398 -0.233331 -0.372957 -0.481536 -0.792823 -0.887353 -0.947518 
38.386028 4200405.000000 64 86 64 0.435951 0.594392 0.517976 0.925228 0.882696 0.841113 0.687644 0.574561 0.305304 0.148772 0.027610 -0.083113 -0.194155 -0.389025 -0.584337 -0.708956 -0.828468 -0.903604 -0.966781 0.949243 0.896417 0.868385 0.751862 0.621482 0.581589 0.395681 0.264288 0.162405 -0.055055 -0.261098 -0.460023 -0.685037 -0.872303 -0.938751 -0.989863 
46.115059 23024574.000000 64 60 62 0.614754 0.389038 0.736600 0.925156 0.881306 0.785342 0.600373 0.434573 0.158658 0.053733 -0.080855 -0.177545 -0.456579 -0.523323 -0.682631 -0.768464 -0.870866 -0.933255 -0.973176 0.921694 0.886910 0.817838 0.696105 0.490830 0.229694 0.097207 -0.041505 -0.122546 -0.259511 -0.451049 -0.609691 -0.733675 -0.864323 -0.911993 -0.968814 
52.562149 51393280.000000 64 62 60 0.660581 0.414378 0.618619 0.924677 0.872212 0.692610 0.558096 0.343171 0.148874 -0.029713 -0.108431 -0.187086 -0.383833 -0.550336 -0.677498 -0.786312 -0.881066 -0.931967 -0.980909 0.903359 0.877142 0.790979 0.547061 0.338345 0.175376 0.016655 -0.129921 -0.200076 -0.409014 -0.526430 -0.694370 -0.798212 -0.882184 -0.936247 -0.985621 
52.549854 42558452.000000 172 64 50 0.435645 0.413048 0.462965 0.927109 0.846187 0.646147 0.577823 0.409174 0.197300 0.091542 -0.094286 -0.205398 -0.398901 -0.563900 -0.698113 -0.790481 -0.880802 -0.943819 -0.985497 0.936769 0.830222 0.635532 0.549921 0.334367 0.167035 0.044678 -0.125808 -0.180907 -0.428500 -0.553814 -0.681824 -0.803189 -0.865379 -0.944850 -0.990058 
45.334122 9299691.000000 50 208 154 0.434897 0.291077 0.476307 0.934073 0.857349 0.696292 0.650160 0.601441 0.312650 0.166305 0.012901 -0.164913 -0.336082 -0.508213 -0.627197 -0.746732 -0.894708 -0.947021 -0.981677 0.931852 0.827660 0.656814 0.603342 0.457538 0.210493 0.123448 -0.058265 -0.192048 -0.367169 -0.516419 -0.651354 -0.765237 -0.871573 -0.938107 -0.992735 
43.809402 4615334.000000 50 64 62 0.418826 0.492649 0.843055 0.987068 0.974823 0.915135 0.766839 0.687071 0.532436 0.294682 0.133454 -0.092499 -0.232839 -0.428234 -0.608806 -0.792857 -0.891164 -0.958661 -0.986004 0.988647 0.905470 0.750168 0.689361 0.614351 0.469857 0.229036 0.099860 -0.150077 -0.261720 -0.510762 -0.622113 -0.737370 -0.869140 -0.962502 -0.988783 
50.029297 3448884.000000 62 70 76 0.746467 0.888169 0.943430 0.984064 0.973898 0.936363 0.851994 0.753471 0.455842 0.263298 0.150366 -0.029203 -0.175133 -0.385746 -0.554327 -0.737944 -0.862878 -0.965087 -0.990801 0.985853 0.974159 0.934447 0.820944 0.728658 0.470038 0.266455 0.099208 -0.092496 -0.203429 -0.433672 -0.569278 -0.790919 -0.884879 -0.961403 -0.989908 
51.505173 1995528.750000 76 78 80 0.942405 0.935146 0.966155 0.983346 0.975230 0.939434 0.874359 0.799000 0.539585 0.271924 0.105481 -0.014996 -0.162330 -0.353421 -0.560098 -0.742772 -0.871249 -0.941954 -0.982671 0.983866 0.975415 0.938226 0.862325 0.782137 0.539226 0.226246 0.131651 -0.059748 -0.183492 -0.399012 -0.606556 -0.730116 -0.859822 -0.956465 -0.987426 
52.228985 1251682.250000 80 80 82 0.967894 0.954546 0.963656 0.983715 0.975685 0.944594 0.889457 0.814226 0.614379 0.232132 0.082764 -0.038838 -0.135989 -0.290066 -0.551083 -0.705215 -0.840939 -0.955367 -0.987885 0.983764 0.975502 0.943226 0.883377 0.822824 0.562915 0.224951 0.086146 -0.015885 -0.125756 -0.346092 -0.542124 -0.724603 -0.831442 -0.941585 -0.983652 
51.283741 489879.625000 82 82 84 0.965818 0.966695 0.946029 0.984664 0.977565 0.948269 0.896112 0.811223 0.635641 0.370362 0.038881 -0.044826 -0.174078 -0.254608 -0.461962 -0.694025 -0.861079 -0.970996 -0.987464 0.983506 0.976056 0.944662 0.896164 0.807369 0.626830 0.325541 0.059598 -0.025332 -0.157479 -0.267358 -0.539895 -0.641383 -0.863007 -0.967863 -0.986853 
48.076714 154164.312500 84 86 86 0.943056 0.960556 0.961765 0.985873 0.979063 0.953537 0.909225 0.852663 0.604308 0.274017 0.013432 -0.079548 -0.174524 -0.278419 -0.467193 -0.702851 -0.802828 -0.963221 -0.986441 0.985653 0.978664 0.951562 0.907768 0.821349 0.611782 0.308859 0.023409 -0.064094 -0.197395 -0.265631 -0.407222 -0.627506 -0.824949 -0.959884 -0.987599 
47.820774 345861.093750 86 84 82 0.968168 0.968225 0.847850 0.985226 0.976717 0.949753 0.883172 0.837780 0.694939 0.208459 0.006826 -0.061407 -0.249812 -0.287305 -0.424452 -0.727503 -0.800313 -0.885537 -0.976587 0.986204 0.978698 0.950035 0.899376 0.840322 0.661217 0.254765 0.012332 -0.061502 -0.223121 -0.274221 -0.423350 -0.765846 -0.835660 -0.929135 -0.983619 
52.287140 2150565.750000 82 82 82 0.951893 0.928681 0.920420 0.979024 0.968225 0.934396 0.839878 0.785077 0.715401 0.271351 0.041079 -0.019343 -0.198996 -0.265714 -0.376087 -0.750388 -0.839963 -0.880844 -0.914749 0.981121 0.972317 0.945443 0.869695 0.820365 0.742089 0.266208 0.008390 -0.037539 -0.216461 -0.272647 -0.383869 -0.724174 -0.820214 -0.891905 -0.970647 
52.213921 4618436.500000 82 82 82 0.926039 0.930210 0.925776 0.978073 0.965218 0.931525 0.776928 0.702036 0.664810 0.345136 0.116271 0.047629 -0.166181 -0.260124 -0.342269 -0.693386 -0.811076 -0.885917 -0.923076 0.978281 0.965486 0.934273 0.813810 0.740062 0.696978 0.289816 0.085142 0.015121 -0.174724 -0.252484 -0.340823 -0.717940 -0.821425 -0.879375 -0.916273 
52.695736 2009745.250000 82 80 78 0.962574 0.952679 0.974268 0.981455 0.970135 0.947889 0.777160 0.638075 0.605273 0.486877 0.205630 0.095055 -0.061241 -0.250136 -0.282335 -0.503962 -0.774917 -0.871539 -0.951004 0.978930 0.967232 0.934726 0.764820 0.655695 0.634062 0.437572 0.150069 0.080330 -0.130439 -0.260552 -0.302718 -0.620759 -0.782959 -0.870722 -0.926423 
53.786713 1248339.750000 78 76 76 0.978508 0.969766 0.911827 0.984459 0.972029 0.959775 0.870657 0.619362 0.543500 0.432636 0.225431 0.095396 -0.074944 -0.256060 -0.309092 -0.470116 -0.745460 -0.885087 -0.968297 0.984126 0.971956 0.957450 0.840999 0.618229 0.568358 0.487781 0.236550 0.105765 -0.015627 -0.247923 -0.294599 -0.438068 -0.746592 -0.893641 -0.968977 
53.089275 2661797.500000 74 70 68 0.969530 0.945261 0.958700 0.985784 0.975810 0.955849 0.834775 0.574405 0.435964 0.320998 0.201532 0.059522 -0.153260 -0.292422 -0.359209 -0.497456 -0.665235 -0.791367 -0.945182 0.984909 0.972477 0.957560 0.862008 0.612050 0.503583 0.356546 0.202423 0.073869 -0.111825 -0.275445 -0.342795 -0.479352 -0.685870 -0.837647 -0.955676 
53.685337 4688542.500000 68 66 64 0.960918 0.965012 0.976797 0.985581 0.978735 0.960953 0.764201 0.527573 0.377406 0.289793 0.193722 0.041688 -0.200365 -0.327095 -0.397258 -0.535750 -0.690872 -0.777041 -0.885159 0.985094 0.976915 0.954337 0.807529 0.555323 0.390554 0.304485 0.201559 0.049395 -0.186131 -0.313985 -0.384371 -0.547023 -0.685020 -0.785313 -0.896410 
55.430485 6619571.500000 64 62 60 0.980385 0.980399 0.988032 0.983875 0.977100 0.963648 0.746473 0.491168 0.366986 0.277744 0.195516 0.039524 -0.205754 -0.342521 -0.418167 -0.557043 -0.701145 -0.786623 -0.872263 0.985699 0.978097 0.964331 0.770831 0.500928 0.373314 0.283955 0.197186 0.037279 -0.204305 -0.326419 -0.415187 -0.551292 -0.692314 -0.773800 -0.881638 
55.234200 4932495.500000 60 58 54 0.985249 0.969969 0.760316 0.981619 0.974688 0.960759 0.780201 0.490240 0.384113 0.280964 0.206983 0.085447 -0.203696 -0.339088 -0.426404 -0.546229 -0.706388 -0.783244 -0.878160 0.981997 0.976152 0.959114 0.741851 0.511320 0.375629 0.277091 0.200347 0.063660 -0.199200 -0.329399 -0.422216 -0.553432 -0.695465 -0.782241 -0.867777 
48.864269 600600.500000 54 44 54 0.714274 0.328763 0.901127 0.983119 0.972142 0.958523 0.833166 0.577354 0.484396 0.339428 0.217535 0.094149 -0.149475 -0.296777 -0.432714 -0.563635 -0.701888 -0.840327 -0.957936 0.982459 0.973123 0.963041 0.879591 0.556545 0.427363 0.306693 0.229169 0.110240 -0.168096 -0.349436 -0.433871 -0.576290 -0.727772 -0.824970 -0.953756 
46.989307 213763.140625 52 48 44 0.897829 0.742973 0.777492 0.976794 0.962998 0.952923 0.859098 0.578147 0.515760 0.334056 0.248432 0.126113 -0.102292 -0.294625 -0.384952 -0.519945 -0.724267 -0.866750 -0.961524 0.978203 0.969622 0.958944 0.867001 0.560214 0.495681 0.318134 0.240371 0.108982 -0.145537 -0.300970 -0.394404 -0.520689 -0.673895 -0.840560 -0.955929 
37.300652 100268.875000 44 40 34 0.840107 0.606613 0.831661 0.967012 0.950067 0.931656 0.860831 0.624324 0.595100 0.380062 0.272807 0.144309 -0.098858 -0.355597 -0.409090 -0.571393 -0.778895 -0.879876 -0.980007 0.970195 0.956492 0.946072 0.830226 0.559844 0.459710 0.322440 0.247491 0.118493 -0.111357 -0.325501 -0.412700 -0.551584 -0.748529 -0.886881 -0.967977 
32.244221 32555.429688 20 152 150 0.621965 0.628629 0.510711 0.977688 0.955737 0.929707 0.860096 0.563445 0.446123 0.303869 0.258532 0.092642 -0.221007 -0.414025 -0.559075 -0.694474 -0.805786 -0.898915 -0.978921 0.971114 0.947521 0.931324 0.860259 0.618911 0.548364 0.318969 0.284028 0.159958 -0.067628 -0.395504 -0.477029 -0.604301 -0.794636 -0.913583 -0.981705 
21.688459 18578.199219 58 40 152 0.597239 0.544243 0.405996 0.982166 0.959976 0.910841 0.806623 0.555087 0.378401 0.288909 0.255996 0.024719 -0.248180 -0.359655 -0.631277 -0.700526 -0.819915 -0.913691 -0.975666 0.982315 0.962325 0.915508 0.799201 0.485015 0.373768 0.274277 0.202750 -0.164080 -0.269403 -0.531626 -0.667594 -0.720049 -0.842746 -0.897202 -0.985194 
19.757458 6580.925781 62 28 148 0.390667 0.525335 0.448041 0.980496 0.971864 0.917428 0.769330 0.551018 0.394242 0.315437 0.221494 0.021041 -0.235221 -0.383817 -0.559840 -0.713234 -0.824814 -0.906259 -0.974499 0.983018 0.967700 0.931413 0.825183 0.591137 0.388355 0.290704 0.245699 0.086591 -0.296558 -0.367491 -0.513202 -0.720639 -0.837094 -0.887721 -0.969216 
28.376780 116451.031250 206 58 50 0.486551 0.597854 0.355699 0.950743 0.891440 0.836163 0.765061 0.688521 0.576272 0.307010 0.141252 0.040042 -0.114499 -0.192637 -0.346586 -0.660453 -0.835927 -0.942416 -0.957306 0.982964 0.973498 0.917194 0.761297 0.659197 0.375941 0.294443 0.240634 -0.032949 -0.205502 -0.384594 -0.527811 -0.710291 -0.842901 -0.921122 -0.975084 
49.806961 13722591.000000 52 200 66 0.498982 0.393261 0.867774 0.971396 0.928394 0.869554 0.804772 0.740608 0.642064 0.309280 0.148923 0.016487 -0.136823 -0.223891 -0.411895 -0.729526 -0.796945 -0.906061 -0.950086 0.927677 0.881877 0.827748 0.772199 0.689963 0.596136 0.323100 0.114749 0.067453 -0.141355 -0.179754 -0.353358 -0.683271 -0.861180 -0.941425 -0.955321 
54.454910 13634141.000000 66 64 66 0.620100 0.911468 0.966958 0.977593 0.932843 0.882981 0.822975 0.751674 0.668266 0.333895 0.149214 0.030027 -0.140962 -0.230806 -0.405383 -0.666623 -0.795239 -0.871568 -0.925346 0.975493 0.929955 0.875506 0.813421 0.746301 0.662645 0.331777 0.160013 0.020253 -0.126972 -0.216851 -0.387796 -0.711073 -0.800003 -0.908620 -0.948291 
56.756783 20500100.000000 66 66 66 0.947157 0.989276 0.956365 0.973378 0.928418 0.883646 0.823110 0.760674 0.667885 0.326818 0.158703 0.037988 -0.149419 -0.227109 -0.378019 -0.654675 -0.792962 -0.873492 -0.901296 0.975281 0.929586 0.883820 0.822373 0.763597 0.671059 0.321890 0.160414 0.034931 -0.133049 -0.227140 -0.416207 -0.671002 -0.799373 -0.861851 -0.904663 
57.168205 24072850.000000 66 68 68 0.946569 0.966708 0.952029 0.971988 0.924332 0.882386 0.825577 0.762811 0.657532 0.307529 0.149208 0.026275 -0.164482 -0.229035 -0.378368 -0.668991 -0.805271 -0.878139 -0.902703 0.970269 0.926238 0.880445 0.817950 0.754895 0.664298 0.313675 0.144309 0.040757 -0.164577 -0.231487 -0.395102 -0.672351 -0.789852 -0.879853 -0.900345 
57.719826 30174152.000000 68 68 68 0.951551 0.988093 0.986004 0.970680 0.926587 0.881097 0.827118 0.756630 0.642984 0.306446 0.149516 0.017649 -0.173091 -0.258945 -0.396044 -0.658666 -0.785390 -0.875793 -0.907386 0.971511 0.925988 0.880793 0.823273 0.766928 0.661255 0.321709 0.154799 0.003471 -0.175229 -0.243365 -0.390547 -0.641718 -0.783411 -0.879268 -0.901574 
57.236908 28952896.000000 68 68 68 0.990169 0.989848 0.990856 0.972385 0.935238 0.891051 0.821305 0.740442 0.643486 0.327679 0.155848 0.022837 -0.201534 -0.274450 -0.393837 -0.622700 -0.766173 -0.862427 -0.896420 0.971216 0.928888 0.885482 0.827228 0.750776 0.647803 0.315512 0.151242 0.034737 -0.174714 -0.267394 -0.377850 -0.632338 -0.780333 -0.873753 -0.901333 
56.717949 14004195.000000 68 68 66 0.990125 0.959888 0.952411 0.977355 0.946565 0.907134 0.839572 0.750744 0.673714 0.354995 0.173158 0.061597 -0.180153 -0.284162 -0.350467 -0.589665 -0.765821 -0.865374 -0.895281 0.974490 0.939147 0.898620 0.829456 0.734966 0.639393 0.336586 0.163453 0.027104 -0.207054 -0.283084 -0.383235 -0.615721 -0.771540 -0.863758 -0.893011 
56.209644 6074670.000000 66 66 66 0.968640 0.990845 0.968133 0.981558 0.958336 0.919635 0.839903 0.752923 0.696232 0.461330 0.159417 0.067294 -0.136188 -0.293807 -0.358254 -0.526128 -0.734919 -0.850141 -0.911468 0.979878 0.952412 0.912556 0.839404 0.755453 0.700245 0.391303 0.163797 0.074824 -0.164432 -0.275443 -0.355729 -0.561004 -0.740986 -0.850451 -0.909104 
54.736217 3421891.500000 66 68 68 0.979631 0.925845 0.861210 0.986615 0.968797 0.945315 0.856326 0.735415 0.683057 0.379333 0.109368 0.041652 -0.208104 -0.344949 -0.563262 -0.758947 -0.854499 -0.927265 -0.965350 0.983514 0.964993 0.936371 0.848176 0.738304 0.692545 0.482322 0.137360 0.041775 -0.101151 -0.291112 -0.371041 -0.514729 -0.778720 -0.853111 -0.917894 
48.164391 8280987.500000 68 68 68 0.863809 0.777859 0.748546 0.989021 0.958123 0.904310 0.831495 0.741225 0.559827 0.191896 -0.014501 -0.241655 -0.357522 -0.581414 -0.686065 -0.823691 -0.902447 -0.951678 -0.982128 0.987720 0.969199 0.933232 0.841029 0.726063 0.657652 0.307019 0.074792 -0.130866 -0.277302 -0.472215 -0.711041 -0.824201 -0.914874 -0.950015 -0.980609 
49.974281 13443824.000000 68 68 68 0.760414 0.726548 0.665111 0.972665 0.926224 0.872534 0.765328 0.673709 0.413325 0.021249 -0.201256 -0.275296 -0.451758 -0.605291 -0.754388 -0.885767 -0.933639 -0.953069 -0.977049 0.987239 0.928026 0.889006 0.816699 0.726696 0.413906 0.089036 -0.095932 -0.296132 -0.398026 -0.591802 -0.708937 -0.841139 -0.922580 -0.953651 -0.980580 
52.834526 14610396.000000 68 68 68 0.651708 0.892126 0.857778 0.971618 0.926945 0.882697 0.751779 0.679519 0.436583 -0.021642 -0.207259 -0.328798 -0.434370 -0.618180 -0.808109 -0.878402 -0.917540 -0.945139 -0.976517 0.977741 0.930809 0.877083 0.751395 0.676827 0.416663 -0.007044 -0.191294 -0.320733 -0.450841 -0.571555 -0.750171 -0.880666 -0.921641 -0.948951 -0.967294 
45.623547 2712630.250000 68 68 66 0.847707 0.823598 0.747871 0.952851 0.925920 0.881273 0.770398 0.690746 0.542939 0.163312 -0.130122 -0.239596 -0.376851 -0.497377 -0.699660 -0.835695 -0.907429 -0.946304 -0.976606 0.969518 0.930089 0.897909 0.737894 0.685667 0.435326 0.011346 -0.216852 -0.325616 -0.400983 -0.577767 -0.784713 -0.883208 -0.913483 -0.943778 -0.974551 
33.768898 279724.906250 66 68 68 0.709491 0.750744 0.729612 0.959643 0.934339 0.891546 0.786246 0.700582 0.615069 0.305488 -0.014818 -0.232613 -0.350542 -0.543999 -0.691911 -0.869196 -0.922635 -0.951075 -0.982041 0.944247 0.927245 0.864019 0.785857 0.685059 0.598551 0.282478 -0.089362 -0.202774 -0.351844 -0.514276 -0.688024 -0.816216 -0.926011 -0.943699 -0.981522 
33.138199 187570.734375 68 66 68 0.720626 0.761325 0.743957 0.994568 0.970622 0.890095 0.836564 0.777259 0.684063 0.314930 0.020746 -0.306029 -0.362173 -0.506094 -0.696635 -0.884042 -0.925300 -0.950153 -0.971155 0.968686 0.931873 0.882456 0.796575 0.759821 0.597702 0.284029 -0.061117 -0.285509 -0.384926 -0.521813 -0.705154 -0.874125 -0.919414 -0.944498 -0.977353 
45.393570 216860.031250 68 74 76 0.774849 0.759288 0.933163 0.989865 0.981350 0.955044 0.883736 0.824024 0.705259 0.376196 0.132391 -0.065747 -0.340699 -0.418103 -0.631008 -0.845372 -0.910309 -0.936762 -0.970407 0.992742 0.982836 0.943834 0.866211 0.790205 0.703931 0.359041 0.098054 -0.212521 -0.368179 -0.422229 -0.667427 -0.867238 -0.904685 -0.941183 -0.962810 
50.781570 310402.625000 76 76 76 0.934057 0.931439 0.934750 0.987953 0.978867 0.960715 0.913295 0.850139 0.716772 0.169727 0.094000 -0.025245 -0.076306 -0.313276 -0.653572 -0.828474 -0.915585 -0.944121 -0.963233 0.988441 0.979963 0.962308 0.901137 0.832954 0.729260 0.263816 0.080053 -0.018108 -0.173347 -0.436810 -0.626543 -0.861402 -0.911955 -0.943780 -0.969663 
54.295521 489396.687500 78 78 78 0.950399 0.956326 0.925041 0.984064 0.972615 0.958823 0.915562 0.860868 0.730255 0.180008 0.097083 -0.009135 -0.082227 -0.187475 -0.602240 -0.781742 -0.860639 -0.930743 -0.959899 0.986473 0.975569 0.957476 0.914198 0.847920 0.684419 0.199061 0.104184 -0.004384 -0.081886 -0.244116 -0.686941 -0.774818 -0.887736 -0.940481 -0.954693 
54.621483 628979.750000 78 80 78 0.938930 0.916153 0.867742 0.981716 0.969670 0.946332 0.908400 0.862936 0.724118 0.204641 0.071298 -0.028416 -0.093304 -0.159023 -0.610085 -0.796992 -0.826427 -0.890684 -0.955334 0.981652 0.970881 0.954518 0.909033 0.865599 0.732798 0.196841 0.080172 -0.014701 -0.091515 -0.158854 -0.648355 -0.781796 -0.826362 -0.931947 -0.955704 
53.169113 504120.968750 80 78 80 0.904872 0.925969 0.923802 0.980934 0.966069 0.943136 0.912323 0.864781 0.760359 0.254133 0.062032 -0.011941 -0.103465 -0.144271 -0.630796 -0.799020 -0.830764 -0.873919 -0.937166 0.982370 0.966672 0.945238 0.912438 0.869397 0.718123 0.177122 0.063890 -0.018893 -0.101514 -0.156321 -0.662349 -0.791124 -0.829038 -0.859965 -0.926195 
53.781414 333528.125000 78 78 78 0.905784 0.993903 0.977267 0.980707 0.966680 0.945376 0.912289 0.874351 0.788254 0.351084 0.045413 -0.021202 -0.117800 -0.155882 -0.450829 -0.767756 -0.848195 -0.893095 -0.956405 0.980152 0.965933 0.944342 0.912200 0.873865 0.778295 0.307955 0.052987 0.000690 -0.112728 -0.134020 -0.524817 -0.803099 -0.839042 -0.874859 -0.955283 
54.065392 500785.218750 78 78 78 0.974051 0.953090 0.935044 0.979982 0.966890 0.944858 0.910804 0.872653 0.779001 0.222489 -0.018256 -0.061290 -0.152234 -0.185251 -0.412317 -0.770672 -0.823778 -0.854792 -0.937539 0.980836 0.966349 0.944053 0.908684 0.871979 0.769950 0.275332 -0.004162 -0.054032 -0.141784 -0.180337 -0.414723 -0.760418 -0.829196 -0.869136 -0.948752 
54.269619 406340.000000 76 76 76 0.970923 0.978596 0.965873 0.980349 0.968867 0.946905 0.915822 0.873414 0.732256 0.346858 -0.013971 -0.077383 -0.157883 -0.199211 -0.352923 -0.750657 -0.815395 -0.863103 -0.964343 0.979676 0.967058 0.945504 0.913498 0.874424 0.792972 0.203135 -0.028651 -0.072513 -0.160927 -0.194708 -0.394785 -0.759543 -0.820032 -0.862840 -0.944036 
53.794830 152848.218750 76 76 76 0.945875 0.945835 0.911862 0.983939 0.972481 0.956344 0.928537 0.888950 0.774689 0.409982 0.003068 -0.094768 -0.174391 -0.234228 -0.476618 -0.726864 -0.787636 -0.908901 -0.970690 0.981998 0.970566 0.951913 0.917966 0.882634 0.752064 0.379801 -0.002072 -0.080216 -0.143474 -0.203640 -0.327922 -0.712572 -0.808694 -0.897255 -0.977844 
52.400242 147726.765625 74 74 74 0.965668 0.923848 0.913751 0.986450 0.975616 0.957797 0.931243 0.884247 0.703060 0.275765 -0.052777 -0.116852 -0.208317 -0.252168 -0.403382 -0.641142 -0.769346 -0.910795 -0.969718 0.984976 0.973468 0.958083 0.931118 0.881140 0.683593 0.389705 0.003279 -0.110543 -0.197170 -0.240198 -0.419905 -0.689263 -0.772721 -0.916942 -0.970357 
43.224201 31097.517578 74 78 76 0.935897 0.513514 0.462646 0.986380 0.972590 0.939433 0.903738 0.826165 0.542792 0.339290 -0.043342 -0.119902 -0.219535 -0.290497 -0.444301 -0.687738 -0.862610 -0.906073 -0.961848 0.986755 0.977182 0.953074 0.931150 0.835584 0.594506 0.226421 -0.077227 -0.131046 -0.226140 -0.271502 -0.402296 -0.671622 -0.851442 -0.897769 -0.960718 
38.215679 961118.562500 78 76 74 0.464109 0.764585 0.665143 0.970872 0.953545 0.916782 0.758233 0.593417 0.541052 0.292675 0.130030 0.042379 -0.043605 -0.376211 -0.450784 -0.571593 -0.776456 -0.829274 -0.941876 0.982939 0.966053 0.929638 0.875224 0.645132 0.545815 0.375326 0.160943 0.053726 -0.069560 -0.304671 -0.451180 -0.603978 -0.840300 -0.910745 -0.953358 
38.106079 202538.859375 72 56 64 0.604442 0.623432 0.871182 0.993103 0.981931 0.935467 0.894575 0.661701 0.535807 0.309341 0.019628 -0.073121 -0.263201 -0.407248 -0.502908 -0.682665 -0.766872 -0.876997 -0.969170 0.988968 0.960500 0.931194 0.799153 0.604816 0.535345 0.206753 0.064655 -0.027437 -0.151834 -0.413351 -0.491702 -0.701831 -0.765631 -0.870819 -0.950299 
43.976612 62421.375000 64 64 62 0.839081 0.935444 0.940221 0.993612 0.985006 0.954433 0.892173 0.848969 0.633633 0.352511 0.126719 0.006682 -0.137693 -0.333451 -0.480855 -0.651164 -0.782144 -0.898667 -0.971104 0.993347 0.985123 0.943374 0.892349 0.780752 0.555084 0.295492 0.043909 -0.105852 -0.279108 -0.418267 -0.505965 -0.697148 -0.774892 -0.907170 -0.968385 
48.805168 164611.859375 62 62 58 0.943673 0.963513 0.957583 0.988762 0.976800 0.959802 0.884801 0.852472 0.759085 0.313163 0.107017 0.038317 -0.192730 -0.234283 -0.372179 -0.600214 -0.789452 -0.896229 -0.973429 0.991504 0.980304 0.960650 0.890358 0.858083 0.695914 0.391710 0.141919 0.040048 -0.124508 -0.315594 -0.477409 -0.669459 -0.796104 -0.909638 -0.975044 
53.912601 792330.125000 58 58 56 0.945683 0.937695 0.983262 0.986342 0.975756 0.957329 0.869499 0.818837 0.727979 0.284105 0.104478 0.018172 -0.205323 -0.252938 -0.419183 -0.523534 -0.621985 -0.876395 -0.971934 0.987469 0.976982 0.957740 0.867936 0.844151 0.759506 0.253725 0.083227 0.014256 -0.213444 -0.248008 -0.356032 -0.511110 -0.713741 -0.895134 -0.967990 
55.844711 3180179.750000 56 56 56 0.986980 0.968943 0.994519 0.986001 0.974795 0.952943 0.829390 0.732435 0.692128 0.283007 0.111307 0.041826 -0.222133 -0.307972 -0.414616 -0.568157 -0.628912 -0.742587 -0.962634 0.985702 0.974860 0.956507 0.845665 0.759593 0.712234 0.312949 0.112042 0.027247 -0.208538 -0.293557 -0.408406 -0.536447 -0.616170 -0.840091 -0.967850 
54.738235 2715208.500000 56 56 58 0.991033 0.983481 0.963621 0.987780 0.976079 0.955550 0.824748 0.703460 0.667920 0.337194 0.124516 0.031263 -0.240653 -0.403433 -0.498472 -0.597946 -0.676353 -0.810317 -0.964412 0.987146 0.975318 0.955398 0.841662 0.706249 0.677221 0.321002 0.114920 0.043701 -0.216203 -0.339532 -0.445023 -0.591189 -0.640916 -0.728090 -0.963313 
49.297775 6482194.500000 58 60 64 0.958680 0.860885 0.843981 0.991232 0.981310 0.941603 0.745146 0.672387 0.576651 0.162868 -0.173478 -0.333065 -0.487198 -0.622257 -0.713813 -0.772539 -0.896066 -0.933598 -0.981407 0.989376 0.977862 0.950157 0.794801 0.703725 0.641209 0.270611 0.065468 -0.091053 -0.367407 -0.467018 -0.618605 -0.761125 -0.869197 -0.911021 -0.968851 
49.235653 8755241.000000 64 64 58 0.858016 0.695589 0.412957 0.990765 0.977376 0.885282 0.694997 0.607117 0.460102 0.099780 -0.281126 -0.412100 -0.534636 -0.689721 -0.763738 -0.825643 -0.904817 -0.954226 -0.993168 0.993031 0.983586 0.924311 0.706194 0.645883 0.472131 0.097585 -0.195478 -0.394586 -0.587405 -0.684011 -0.731393 -0.828944 -0.907520 -0.943744 -0.988197 
49.380905 5621131.000000 62 74 60 0.590593 0.463137 0.428124 0.983540 0.967267 0.846486 0.667674 0.581347 0.353957 0.102327 -0.238488 -0.445836 -0.594361 -0.680237 -0.756852 -0.869762 -0.923854 -0.960662 -0.992242 0.985882 0.963992 0.862778 0.657052 0.623796 0.367787 0.081027 -0.195777 -0.377659 -0.532120 -0.700858 -0.757858 -0.844386 -0.919373 -0.962506 -0.989413 
48.544483 3384452.250000 60 56 56 0.749998 0.790435 0.706410 0.983306 0.952795 0.744001 0.653868 0.572901 0.387993 0.097694 -0.167139 -0.409049 -0.510661 -0.711203 -0.767941 -0.867154 -0.936515 -0.958628 -0.986977 0.984274 0.955450 0.748998 0.668636 0.588365 0.436136 0.088267 -0.300562 -0.460177 -0.578875 -0.693105 -0.760612 -0.858804 -0.933932 -0.957036 -0.987969 
45.363800 6045602.000000 56 54 58 0.840465 0.681449 0.788046 0.988639 0.967170 0.921786 0.789907 0.685570 0.615119 0.309409 0.073096 -0.215484 -0.380102 -0.492269 -0.709948 -0.794870 -0.906461 -0.944263 -0.983367 0.986605 0.950995 0.741639 0.614137 0.521623 0.423013 0.069179 -0.109815 -0.373917 -0.516809 -0.665263 -0.768355 -0.864310 -0.912298 -0.950135 -0.973684 
53.944378 28275932.000000 56 62 66 0.713850 0.866458 0.968234 0.984464 0.961515 0.913496 0.792304 0.703948 0.627371 0.273563 0.119501 -0.053816 -0.270895 -0.334560 -0.544219 -0.726343 -0.783851 -0.890730 -0.982832 0.986829 0.964712 0.920525 0.788307 0.703859 0.631496 0.289159 0.112416 -0.050934 -0.303118 -0.373394 -0.573415 -0.710572 -0.819867 -0.936508 -0.973871 
54.846069 26764832.000000 66 68 70 0.974575 0.964192 0.964698 0.981486 0.956659 0.906089 0.813238 0.718036 0.617161 0.318303 0.140603 -0.055475 -0.239393 -0.300262 -0.546286 -0.729932 -0.801452 -0.873554 -0.971218 0.982375 0.958417 0.911404 0.811481 0.720556 0.623016 0.301584 0.127182 -0.044157 -0.254686 -0.302756 -0.521000 -0.736595 -0.790896 -0.884410 -0.981763 
53.640423 20586678.000000 70 72 74 0.984652 0.983863 0.972618 0.982328 0.959601 0.895334 0.790712 0.701725 0.625886 0.336986 0.144584 -0.035060 -0.238166 -0.286114 -0.531108 -0.723809 -0.791057 -0.861352 -0.963103 0.981029 0.956133 0.899985 0.805097 0.710416 0.623891 0.331009 0.153848 -0.021569 -0.240336 -0.289245 -0.520280 -0.748256 -0.798517 -0.891508 -0.959604 
51.719986 13161733.000000 74 74 76 0.964256 0.969130 0.915384 0.983654 0.965419 0.896209 0.779564 0.689292 0.633617 0.294860 0.123696 -0.054664 -0.252797 -0.305128 -0.533214 -0.670005 -0.737822 -0.836132 -0.960181 0.983554 0.963102 0.894634 0.786188 0.694206 0.629544 0.322868 0.130906 -0.019711 -0.255010 -0.299017 -0.547617 -0.713157 -0.771555 -0.851269 -0.979460 
48.548363 1386483.500000 76 78 74 0.926034 0.784704 0.912744 0.991534 0.976111 0.943926 0.837247 0.684534 0.645360 0.331610 0.144836 -0.039832 -0.227254 -0.353582 -0.484919 -0.699818 -0.791504 -0.902179 -0.983221 0.984592 0.972051 0.912289 0.757462 0.685742 0.621563 0.270864 0.119233 -0.057120 -0.231111 -0.312539 -0.494572 -0.615549 -0.740638 -0.887189 -0.963507 
48.495289 400774.875000 74 76 76 0.948122 0.884328 0.921894 0.991323 0.980969 0.955750 0.862638 0.693585 0.655904 0.445334 0.195474 0.038903 -0.221239 -0.383260 -0.452221 -0.644021 -0.763462 -0.876606 -0.978248 0.991875 0.981224 0.950464 0.827555 0.694696 0.656534 0.379780 0.225703 -0.002619 -0.258162 -0.383734 -0.452469 -0.668810 -0.764891 -0.882787 -0.985269 
44.919861 150551.296875 76 78 84 0.899681 0.811131 0.790187 0.992808 0.980411 0.945537 0.862342 0.736911 0.617070 0.468923 0.171776 0.091131 -0.211729 -0.331565 -0.427583 -0.646946 -0.813543 -0.912135 -0.981234 0.991485 0.981376 0.947842 0.836814 0.715662 0.646645 0.491116 0.190496 0.097297 -0.213402 -0.373328 -0.477041 -0.652245 -0.780858 -0.925476 -0.982715 
41.902699 3910092.250000 82 84 86 0.740353 0.596091 0.523568 0.994639 0.970870 0.830480 0.712711 0.615875 0.417278 0.234595 0.105269 -0.010531 -0.113877 -0.292028 -0.572676 -0.664635 -0.783755 -0.865855 -0.965277 0.995388 0.986039 0.935213 0.830125 0.727545 0.598003 0.416469 0.207943 0.065493 -0.152547 -0.325065 -0.447482 -0.685334 -0.826943 -0.924656 -0.969560 
48.883850 3469561.000000 68 78 76 0.576022 0.784459 0.970890 0.987383 0.975897 0.949321 0.675607 0.628279 0.540425 0.356723 0.205376 0.018583 -0.088715 -0.235796 -0.429667 -0.653109 -0.736887 -0.910203 -0.967664 0.988953 0.978020 0.922089 0.661665 0.613994 0.460762 0.248960 0.089369 -0.057773 -0.176258 -0.311229 -0.566841 -0.665851 -0.805697 -0.909216 -0.970551 
52.628624 1963760.750000 76 76 76 0.973315 0.989718 0.994297 0.985441 0.973542 0.949352 0.728071 0.647298 0.602019 0.472067 0.332701 0.095773 -0.023187 -0.112145 -0.438306 -0.615648 -0.637549 -0.852546 -0.960854 0.985905 0.973900 0.949855 0.708699 0.638632 0.585208 0.410521 0.308264 0.090816 -0.025924 -0.110442 -0.499070 -0.610737 -0.658784 -0.859600 -0.967907 
52.926067 1215754.625000 76 76 76 0.993645 0.993459 0.983047 0.985417 0.973776 0.952460 0.744080 0.666620 0.614770 0.519013 0.420342 0.114808 -0.005952 -0.083097 -0.552112 -0.618099 -0.661549 -0.874924 -0.971695 0.985293 0.973215 0.952368 0.743552 0.660144 0.608966 0.495548 0.384380 0.108839 -0.008652 -0.090380 -0.510596 -0.617532 -0.641294 -0.848944 -0.968852 
52.474751 709513.625000 76 76 78 0.989506 0.958332 0.983932 0.986877 0.976078 0.955757 0.756273 0.663646 0.619676 0.534549 0.445311 0.142793 0.002670 -0.074331 -0.506242 -0.609354 -0.704157 -0.885680 -0.967242 0.986078 0.974913 0.954621 0.754316 0.667054 0.621429 0.529956 0.448404 0.113425 -0.001763 -0.074478 -0.547372 -0.609783 -0.665314 -0.873464 -0.968275 
48.781311 301691.312500 78 78 78 0.988528 0.917327 0.863964 0.990237 0.978182 0.951188 0.721761 0.653341 0.612730 0.535201 0.388643 0.104789 0.006907 -0.281264 -0.442348 -0.609082 -0.833992 -0.909689 -0.951941 0.987564 0.977132 0.955532 0.740934 0.653227 0.618768 0.531776 0.419174 0.157915 0.021116 -0.070046 -0.485899 -0.606516 -0.757012 -0.896547 -0.969886 
46.843132 88891.625000 78 78 78 0.715072 0.942927 0.942852 0.992808 0.982166 0.964544 0.904919 0.659508 0.630703 0.534497 0.336072 0.078450 -0.020489 -0.362737 -0.453445 -0.628319 -0.812516 -0.920400 -0.978987 0.993237 0.981908 0.964099 0.888246 0.665629 0.623134 0.506069 0.320488 0.087539 0.013946 -0.362997 -0.446269 -0.625861 -0.815824 -0.917843 -0.970429 
47.113800 78184.632812 78 80 82 0.937578 0.900462 0.948388 0.992156 0.979903 0.963661 0.902265 0.675545 0.648295 0.554084 0.423005 0.122904 -0.009292 -0.348059 -0.465171 -0.673437 -0.823113 -0.906468 -0.975444 0.992685 0.981223 0.964598 0.894590 0.663779 0.626589 0.530581 0.416384 0.091472 -0.033998 -0.359451 -0.446404 -0.663711 -0.813090 -0.917031 -0.974502 
46.543861 292628.875000 82 84 82 0.954381 0.900458 0.695061 0.987319 0.974853 0.951339 0.761295 0.673638 0.627660 0.483597 0.341480 0.148299 0.050989 -0.105807 -0.370362 -0.567639 -0.759448 -0.893784 -0.971698 0.991082 0.979674 0.964538 0.914622 0.663232 0.632874 0.569507 0.347619 0.123045 -0.022282 -0.358160 -0.438813 -0.710157 -0.804557 -0.914968 -0.973010 
51.302563 3050908.750000 84 88 88 0.795705 0.960666 0.969769 0.976342 0.958192 0.911999 0.766294 0.678882 0.635042 0.489682 0.252722 0.097180 -0.036763 -0.092260 -0.304150 -0.606931 -0.633752 -0.844567 -0.962884 0.980350 0.966532 0.927233 0.764201 0.676579 0.633836 0.503505 0.276035 0.120236 -0.009759 -0.065526 -0.247595 -0.559452 -0.648732 -0.861023 -0.969092 
51.667061 5027585.000000 88 90 90 0.966181 0.955892 0.982963 0.974293 0.953686 0.889117 0.762228 0.696522 0.630765 0.432773 0.220491 0.085329 -0.045323 -0.094420 -0.370864 -0.652314 -0.702625 -0.765903 -0.906695 0.975090 0.955614 0.901664 0.758599 0.683814 0.631840 0.464168 0.230002 0.104275 -0.045240 -0.092100 -0.314248 -0.639446 -0.671018 -0.764268 -0.945319 
51.209946 4012266.750000 90 92 92 0.963028 0.965699 0.979759 0.972517 0.952622 0.875785 0.781323 0.719237 0.647070 0.417120 0.248533 0.081077 -0.021229 -0.093968 -0.361131 -0.714436 -0.736164 -0.834848 -0.908644 0.974188 0.953678 0.880992 0.771516 0.708854 0.634258 0.421374 0.225866 0.073005 -0.038256 -0.102581 -0.398046 -0.684800 -0.720226 -0.792240 -0.889089 
49.858471 1367469.750000 92 92 92 0.983089 0.879109 0.918795 0.975288 0.960525 0.898746 0.812828 0.745591 0.646417 0.462971 0.291117 0.117518 -0.008201 -0.096797 -0.415129 -0.721812 -0.736567 -0.840318 -0.943934 0.972506 0.956229 0.887156 0.797424 0.730367 0.640996 0.455258 0.268346 0.115827 -0.012707 -0.080947 -0.373027 -0.717366 -0.737844 -0.824327 -0.923433 
44.771400 125939.414062 92 96 82 0.912643 0.370935 0.596650 0.990931 0.978069 0.933445 0.822000 0.728069 0.679700 0.421031 0.261085 0.142950 -0.021855 -0.138704 -0.505931 -0.713563 -0.761235 -0.872283 -0.955454 0.979659 0.967801 0.912627 0.825730 0.763008 0.643817 0.494869 0.320961 0.108746 -0.025130 -0.112520 -0.413377 -0.693117 -0.738265 -0.867734 -0.947514 
40.613998 80763.929688 80 76 102 0.556003 0.472944 0.613689 0.992805 0.986196 0.909769 0.855777 0.772071 0.645238 0.395569 0.299414 0.120858 -0.008477 -0.119620 -0.523410 -0.635167 -0.814267 -0.903350 -0.975076 0.990256 0.973822 0.904522 0.810486 0.725824 0.663714 0.374272 0.292597 0.142472 0.000973 -0.106114 -0.482494 -0.678368 -0.782851 -0.903083 -0.966127 
41.747368 44932.992188 164 166 168 0.682703 0.806089 0.835070 0.993054 0.986731 0.926292 0.812522 0.763287 0.674718 0.467274 0.306104 0.096411 -0.048763 -0.216811 -0.513279 -0.645516 -0.840982 -0.922547 -0.972124 0.993623 0.988032 0.923845 0.824727 0.752640 0.671939 0.453839 0.279441 0.089232 -0.014227 -0.159369 -0.507354 -0.660702 -0.801086 -0.893522 -0.969647 
38.268963 23426.294922 168 170 170 0.870866 0.799294 0.799473 0.992779 0.987419 0.917341 0.799954 0.745368 0.672462 0.471103 0.250397 0.083608 -0.099218 -0.355057 -0.530874 -0.685686 -0.806576 -0.904659 -0.977413 0.992779 0.988929 0.913945 0.827601 0.761628 0.674105 0.521027 0.293644 0.062492 -0.091166 -0.325585 -0.508863 -0.665330 -0.842265 -0.924583 -0.973211 
29.570477 12569.931641 170 172 72 0.679793 0.620942 0.694795 0.993402 0.983866 0.904387 0.811757 0.737230 0.579548 0.386224 0.207540 -0.020024 -0.217643 -0.370202 -0.542861 -0.701174 -0.822078 -0.897605 -0.971548 0.993627 0.985154 0.910699 0.810710 0.742309 0.655398 0.410253 0.260843 0.059319 -0.150303 -0.411769 -0.548824 -0.680023 -0.819508 -0.924065 -0.981958 
35.950268 2920717.000000 72 78 80 0.709764 0.830017 0.675209 0.979981 0.939079 0.821373 0.767575 0.649423 0.561203 0.292954 0.088681 -0.082324 -0.214134 -0.385487 -0.596589 -0.716298 -0.786605 -0.862918 -0.958269 0.993933 0.977156 0.872712 0.765136 0.660862 0.533839 0.324500 0.071591 -0.078313 -0.260148 -0.383593 -0.563150 -0.707810 -0.791245 -0.879177 -0.959004 
51.414036 475251.875000 78 78 74 0.453984 0.953596 0.960801 0.979657 0.969386 0.941860 0.831081 0.773647 0.676930 0.609334 0.548372 0.081109 -0.077426 -0.266539 -0.536322 -0.707813 -0.762975 -0.864646 -0.973826 0.976907 0.964726 0.905575 0.811975 0.770926 0.632747 0.592524 0.304526 0.010413 -0.127950 -0.310334 -0.548393 -0.708952 -0.771570 -0.853443 -0.962034 
53.450058 311843.843750 74 74 72 0.973716 0.913361 0.956511 0.983517 0.971032 0.952717 0.849110 0.719989 0.687470 0.597101 0.567100 0.263248 -0.016036 -0.214233 -0.550900 -0.692386 -0.773899 -0.890616 -0.972225 0.982055 0.970135 0.951146 0.844425 0.749383 0.697930 0.607034 0.570807 0.142271 -0.094107 -0.289589 -0.543776 -0.705201 -0.774333 -0.878758 -0.973866 
50.567490 359630.781250 72 72 74 0.949546 0.928657 0.838894 0.986736 0.972082 0.952303 0.777276 0.666468 0.636092 0.531681 0.460402 0.233593 0.013972 -0.075139 -0.494783 -0.643993 -0.747019 -0.908735 -0.972854 0.985175 0.972313 0.952239 0.803354 0.689426 0.655397 0.565440 0.518998 0.286512 0.019751 -0.140120 -0.496596 -0.652455 -0.770100 -0.899034 -0.975130 
41.555138 462251.000000 74 76 72 0.805536 0.883743 0.320495 0.991695 0.978362 0.936823 0.732831 0.624301 0.553520 0.227372 0.089767 -0.075388 -0.217813 -0.267595 -0.455637 -0.701846 -0.777213 -0.882341 -0.932770 0.991307 0.973895 0.948449 0.767398 0.660475 0.611192 0.482882 0.286399 0.113769 -0.022454 -0.082028 -0.352777 -0.627176 -0.734429 -0.890982 -0.954812 
33.270271 690116.437500 74 76 74 0.536972 0.541967 0.579809 0.984944 0.963595 0.869028 0.721332 0.646246 0.462238 0.114251 -0.004788 -0.249943 -0.351003 -0.489648 -0.715230 -0.777517 -0.878642 -0.911584 -0.966022 0.984308 0.967119 0.893050 0.704479 0.637125 0.445163 0.090990 -0.007082 -0.251232 -0.314586 -0.435079 -0.705719 -0.737065 -0.806800 -0.896543 -0.947532 
24.454765 56952.871094 74 72 72 0.508693 0.511612 0.484500 0.988898 0.960284 0.824708 0.718137 0.670810 0.558235 0.296122 0.029228 -0.228265 -0.333967 -0.479578 -0.700770 -0.767749 -0.867001 -0.907529 -0.971389 0.990666 0.968521 0.833480 0.729738 0.607440 0.510843 0.222218 -0.003661 -0.128546 -0.378590 -0.463064 -0.707088 -0.790503 -0.875713 -0.909690 -0.969741 
21.720970 45487.175781 72 78 76 0.460147 0.590512 0.684743 0.982958 0.962883 0.905031 0.713268 0.647563 0.576369 0.280766 0.028092 -0.202932 -0.321274 -0.424190 -0.722120 -0.807912 -0.863684 -0.900633 -0.973706 0.989561 0.960449 0.847784 0.689893 0.646916 0.544699 0.254988 -0.046075 -0.202515 -0.311529 -0.405625 -0.633667 -0.793369 -0.872735 -0.907643 -0.969472 
31.626081 624657.437500 78 74 62 0.635182 0.432017 0.497725 0.981284 0.957180 0.831548 0.647583 0.597330 0.331257 0.078713 -0.026754 -0.295200 -0.377262 -0.510082 -0.762111 -0.820546 -0.867804 -0.901121 -0.967274 0.985500 0.966612 0.893906 0.740030 0.641566 0.485650 0.185447 0.002296 -0.228583 -0.346028 -0.497124 -0.746214 -0.827640 -0.870131 -0.910093 -0.976810 
41.891441 4028200.500000 146 146 84 0.615131 0.614830 0.567708 0.975210 0.934501 0.617202 0.582637 0.461234 0.129187 0.076299 -0.136620 -0.261076 -0.339095 -0.523037 -0.704407 -0.749552 -0.825869 -0.915152 -0.974174 0.977625 0.952220 0.706242 0.605835 0.511883 0.091469 0.060006 -0.132614 -0.287450 -0.364008 -0.539213 -0.717189 -0.810378 -0.852185 -0.889482 -0.973632 
42.151176 3845552.250000 84 146 146 0.606772 0.528875 0.533793 0.972447 0.903287 0.622360 0.567399 0.406864 0.263733 0.151082 0.023834 -0.169042 -0.245917 -0.485851 -0.644270 -0.719166 -0.810269 -0.899697 -0.964591 0.972455 0.929452 0.619394 0.578534 0.377741 0.179290 0.105783 -0.055870 -0.232262 -0.272063 -0.479548 -0.666384 -0.723580 -0.815035 -0.903582 -0.973274 
39.949692 3501252.250000 146 146 116 0.627154 0.487400 0.481334 0.972557 0.872826 0.632818 0.602831 0.521422 0.428625 0.168831 0.070968 -0.184572 -0.265387 -0.455766 -0.640275 -0.729812 -0.830877 -0.921148 -0.975323 0.973015 0.886639 0.660132 0.615695 0.399225 0.322539 0.156470 0.015243 -0.151676 -0.217595 -0.441323 -0.636552 -0.722858 -0.819920 -0.901630 -0.957762 
39.804382 2432929.000000 88 204 146 0.471187 0.454087 0.566908 0.966478 0.815014 0.677243 0.636893 0.563951 0.451771 0.197118 0.026418 -0.135639 -0.281127 -0.463488 -0.631902 -0.739581 -0.811151 -0.894440 -0.963817 0.965678 0.853215 0.649410 0.616318 0.526292 0.421790 0.204401 0.031191 -0.161667 -0.235505 -0.498822 -0.643740 -0.734905 -0.815235 -0.922216 -0.968217 
34.149178 693119.875000 146 146 58 0.581862 0.554532 0.526589 0.977630 0.887180 0.740875 0.678488 0.565147 0.504592 0.234378 0.059611 -0.122537 -0.230357 -0.439893 -0.548630 -0.753662 -0.818959 -0.909013 -0.965893 0.968244 0.832455 0.714100 0.666152 0.569917 0.500463 0.223724 0.060982 -0.135787 -0.205962 -0.453341 -0.610293 -0.738722 -0.810812 -0.899481 -0.978576 
45.515678 743966.875000 56 44 48 0.307053 0.770621 0.919245 0.988830 0.977070 0.904010 0.793461 0.750820 0.654474 0.577567 0.344503 0.040487 -0.092510 -0.274435 -0.502985 -0.677790 -0.762245 -0.871035 -0.954747 0.989832 0.982573 0.832093 0.727482 0.659225 0.521507 0.342500 0.181163 -0.033299 -0.236668 -0.403636 -0.528290 -0.714167 -0.810208 -0.893953 -0.957562 
54.374207 1099030.625000 48 46 44 0.910359 0.986012 0.977819 0.983684 0.967930 0.918637 0.791725 0.762670 0.721156 0.618157 0.539161 0.111515 -0.082200 -0.120349 -0.419396 -0.655525 -0.775130 -0.889453 -0.974466 0.985850 0.970156 0.920040 0.798544 0.774269 0.702340 0.597953 0.531671 0.006319 -0.059607 -0.203146 -0.447636 -0.611907 -0.767757 -0.868504 -0.970542 
57.496452 2448274.250000 44 44 44 0.968445 0.987262 0.989661 0.980827 0.965197 0.906096 0.766053 0.700284 0.651511 0.613976 0.535016 0.288375 -0.099598 -0.133923 -0.340097 -0.605888 -0.787181 -0.901724 -0.974372 0.982696 0.966251 0.913769 0.773720 0.747787 0.685144 0.622525 0.545715 0.219721 -0.102262 -0.132534 -0.369796 -0.611645 -0.786568 -0.902158 -0.974505 
59.337158 4599803.500000 44 44 46 0.984206 0.968500 0.969948 0.978727 0.963933 0.910267 0.710686 0.660603 0.592097 0.540095 0.507518 0.213638 -0.079190 -0.111995 -0.221163 -0.577625 -0.782700 -0.889510 -0.973665 0.979897 0.964055 0.905256 0.729082 0.665804 0.640020 0.571449 0.518873 0.266442 -0.101011 -0.132428 -0.333729 -0.622757 -0.791920 -0.900686 -0.975463 
57.495342 5263072.500000 46 48 50 0.961039 0.952104 0.952190 0.975026 0.965860 0.931768 0.723803 0.627615 0.581847 0.499930 0.379745 0.159010 -0.046480 -0.112706 -0.177394 -0.506621 -0.770417 -0.865364 -0.966952 0.976869 0.964490 0.921151 0.731908 0.631750 0.580195 0.539328 0.433639 0.143286 -0.043063 -0.099169 -0.186953 -0.524573 -0.779391 -0.879826 -0.971648 
56.666599 5140147.500000 50 52 60 0.934338 0.933281 0.866614 0.978374 0.972553 0.935335 0.738486 0.586718 0.536743 0.423447 0.276855 0.062467 -0.078903 -0.150932 -0.201103 -0.462885 -0.766695 -0.804450 -0.948978 0.977982 0.969625 0.942451 0.735505 0.605775 0.558054 0.463693 0.327653 0.122670 -0.050346 -0.118303 -0.186909 -0.435707 -0.762388 -0.850101 -0.960464 
54.002380 10151421.000000 60 66 54 0.887251 0.822603 0.857249 0.981267 0.973067 0.932687 0.679454 0.551379 0.447525 0.327737 0.204649 0.025269 -0.150694 -0.248250 -0.294766 -0.595182 -0.765468 -0.803663 -0.862956 0.980218 0.972886 0.924387 0.725596 0.576870 0.498097 0.391693 0.236915 0.057285 -0.112686 -0.191536 -0.258774 -0.523560 -0.767927 -0.789155 -0.914631 
51.996704 4010651.000000 54 54 60 0.711198 0.653614 0.816574 0.982322 0.975184 0.944757 0.733660 0.610789 0.425550 0.289442 0.194211 0.067035 -0.122037 -0.297441 -0.350998 -0.501979 -0.749101 -0.787986 -0.861348 0.980562 0.972510 0.945253 0.698901 0.588151 0.398288 0.301802 0.197953 0.056932 -0.153232 -0.279603 -0.330197 -0.543117 -0.759780 -0.790792 -0.881899 
43.017918 337883.250000 30 44 54 0.872479 0.517280 0.656707 0.988197 0.975758 0.848927 0.734893 0.655491 0.489340 0.413891 0.270488 0.077202 -0.076232 -0.278749 -0.350587 -0.562324 -0.771601 -0.830565 -0.968799 0.979870 0.975050 0.916629 0.725697 0.625188 0.497682 0.371039 0.234462 0.112782 -0.096582 -0.304001 -0.349540 -0.492804 -0.755880 -0.785250 -0.902725 
40.861389 172651.781250 44 34 214 0.594826 0.679432 0.525826 0.985088 0.975564 0.919540 0.695953 0.607103 0.476495 0.363596 0.268105 0.118613 -0.069129 -0.261316 -0.396814 -0.522018 -0.743249 -0.866832 -0.970545 0.987099 0.977905 0.928753 0.743758 0.639346 0.476826 0.374919 0.234371 0.077527 -0.118663 -0.265945 -0.410180 -0.468238 -0.730688 -0.816863 -0.945797 
37.820641 91962.531250 44 36 80 0.493731 0.764474 0.553815 0.985505 0.979036 0.896239 0.648803 0.576075 0.473862 0.371169 0.205029 0.114539 -0.055879 -0.230984 -0.458245 -0.494465 -0.703103 -0.868535 -0.978191 0.989847 0.982102 0.943998 0.697711 0.596268 0.441536 0.269664 0.149546 0.085077 -0.091707 -0.239104 -0.445573 -0.486740 -0.600474 -0.876414 -0.972804 
24.996073 29983.515625 84 178 88 0.520181 0.453935 0.434054 0.977700 0.966908 0.851118 0.653765 0.564250 0.456157 0.360587 0.263832 0.132501 -0.077877 -0.329227 -0.411563 -0.653397 -0.818248 -0.897024 -0.978754 0.982560 0.962427 0.865214 0.647721 0.564607 0.471138 0.352928 0.251964 0.108129 -0.116297 -0.293598 -0.400750 -0.584794 -0.799842 -0.892435 -0.956958 
22.494476 15801.131836 206 58 90 0.477991 0.692902 0.482043 0.974580 0.967683 0.860284 0.707351 0.592348 0.531645 0.398892 0.276637 0.076278 -0.105849 -0.306150 -0.510719 -0.686392 -0.832559 -0.917822 -0.966683 0.978827 0.956918 0.842903 0.678606 0.585707 0.509947 0.384194 0.277406 0.097091 -0.060012 -0.324165 -0.450389 -0.697860 -0.833731 -0.915423 -0.973491 
19.339411 11470.727539 92 52 90 0.447867 0.727317 0.737150 0.981322 0.968542 0.882423 0.730152 0.599572 0.531008 0.364054 0.272021 0.035001 -0.195534 -0.359719 -0.511359 -0.708866 -0.834746 -0.907982 -0.972849 0.974803 0.962098 0.849756 0.705435 0.595045 0.521813 0.397119 0.282065 0.030606 -0.174659 -0.324199 -0.536624 -0.681383 -0.829929 -0.915886 -0.969493 
18.619743 7456.864746 88 88 88 0.716606 0.776532 0.511401 0.981465 0.970158 0.901900 0.731850 0.617988 0.507011 0.329558 0.226993 -0.007391 -0.222213 -0.387837 -0.554706 -0.719514 -0.826574 -0.905393 -0.973822 0.983588 0.972589 0.922621 0.702292 0.594456 0.519570 0.324886 0.248442 0.017975 -0.207012 -0.380976 -0.528702 -0.726396 -0.826900 -0.895631 -0.984893 
19.335234 7094.573730 62 112 88 0.611185 0.634756 0.501186 0.979772 0.971003 0.905709 0.747674 0.640668 0.516461 0.364437 0.216499 -0.001982 -0.233345 -0.318900 -0.546497 -0.722392 -0.828066 -0.917313 -0.971244 0.979991 0.967661 0.916359 0.753072 0.612785 0.532616 0.347078 0.238553 0.038525 -0.217812 -0.376937 -0.565701 -0.708273 -0.801758 -0.917563 -0.975176 
15.042274 1559.712646 54 60 54 0.394915 0.549801 0.942916 0.980362 0.971280 0.887944 0.743302 0.647847 0.487545 0.371237 0.239368 -0.086966 -0.205824 -0.374052 -0.545548 -0.721590 -0.845007 -0.928054 -0.985367 0.980466 0.971977 0.896892 0.760370 0.642589 0.491759 0.360764 0.233412 -0.073483 -0.221898 -0.377380 -0.536106 -0.684905 -0.829207 -0.922220 -0.980312 
