52.067863 13921383.000000 20 46 50 0.000000 0.715788 0.897301 0.983097 0.970465 0.955445 0.804427 0.461050 0.365882 0.238262 0.141373 0.002998 -0.215575 -0.412959 -0.458556 -0.614360 -0.721883 -0.818646 -0.849292 0.985574 0.973136 0.919757 0.753495 0.598421 0.374055 0.199550 0.061133 -0.031589 -0.258714 -0.429304 -0.515124 -0.711962 -0.839189 -0.925325 -0.980947 
61.010052 35761784.000000 50 52 54 0.835809 0.989186 0.558320 0.984657 0.971302 0.959561 0.786116 0.520277 0.433780 0.263697 0.150986 0.042047 -0.226224 -0.436502 -0.474982 -0.565071 -0.680922 -0.786544 -0.853914 0.982192 0.970191 0.958909 0.813366 0.494294 0.391983 0.258430 0.139838 0.024104 -0.231773 -0.429466 -0.472331 -0.585204 -0.711583 -0.808560 -0.856817 
56.249660 2116280.250000 52 52 52 0.738817 0.990078 0.978807 0.991717 0.984586 0.947660 0.929050 0.690040 0.502646 0.376723 0.160373 0.072640 -0.342035 -0.462713 -0.500897 -0.645537 -0.748525 -0.816265 -0.901097 0.990898 0.978130 0.952145 0.898112 0.556872 0.479869 0.280857 0.151954 0.044774 -0.260397 -0.442405 -0.473422 -0.569040 -0.705320 -0.803662 -0.877557 
56.209301 1292726.750000 52 50 50 0.986819 0.975701 0.932027 0.991289 0.980821 0.954802 0.920143 0.697187 0.489199 0.380258 0.263223 0.116348 -0.068823 -0.383808 -0.476346 -0.647158 -0.727623 -0.831526 -0.962486 0.991471 0.982801 0.951673 0.927574 0.751456 0.487897 0.407839 0.211194 0.104764 -0.241338 -0.455334 -0.495995 -0.586353 -0.732597 -0.829011 -0.946956 
50.681953 1638143.625000 48 50 28 0.948488 0.963883 0.813519 0.985400 0.968465 0.947348 0.795001 0.616493 0.578908 0.347799 0.291485 0.015867 -0.030844 -0.264370 -0.459251 -0.552582 -0.674918 -0.796771 -0.964370 0.989784 0.975884 0.950501 0.901363 0.661062 0.560899 0.387912 0.214124 0.113244 -0.036309 -0.404819 -0.475995 -0.556589 -0.677982 -0.806270 -0.958704 
48.330555 763395.312500 26 60 48 0.346097 0.523141 0.738939 0.977917 0.964015 0.938585 0.786801 0.667642 0.640909 0.446796 0.284696 0.060727 -0.148741 -0.268781 -0.423756 -0.642696 -0.700827 -0.792641 -0.962945 0.979448 0.969185 0.941414 0.774398 0.620722 0.598953 0.371147 0.301350 0.010058 -0.067465 -0.165521 -0.450341 -0.620113 -0.665702 -0.831220 -0.972111 
42.726131 258568.968750 66 100 106 0.536777 0.694943 0.554463 0.978427 0.961685 0.934789 0.769025 0.710759 0.651830 0.431625 0.275762 0.126330 -0.064080 -0.390637 -0.456858 -0.549945 -0.713912 -0.840332 -0.962630 0.979024 0.964966 0.942753 0.756667 0.693980 0.622986 0.428022 0.299117 0.054610 -0.154122 -0.334188 -0.451327 -0.544306 -0.700176 -0.805345 -0.965357 
41.533386 142593.109375 62 48 116 0.537233 0.710126 0.473308 0.970581 0.958892 0.928421 0.811812 0.755043 0.646831 0.464212 0.366356 0.142779 -0.018526 -0.384377 -0.472392 -0.574374 -0.737716 -0.894431 -0.968978 0.981884 0.961929 0.945233 0.804463 0.718271 0.606461 0.450180 0.316225 0.121674 -0.113545 -0.428818 -0.469426 -0.630790 -0.760474 -0.879571 -0.966008 
43.014778 153063.906250 168 168 168 0.787608 0.848481 0.828723 0.975200 0.957733 0.924422 0.816733 0.763986 0.655109 0.571739 0.394563 0.167483 0.036922 -0.250681 -0.469981 -0.626883 -0.793990 -0.860952 -0.970685 0.967380 0.959182 0.904539 0.805325 0.752323 0.636333 0.523532 0.365411 0.163631 0.084634 -0.319237 -0.483721 -0.562029 -0.764934 -0.893506 -0.975783 
53.146004 1258520.750000 102 34 44 0.503924 0.490607 0.717663 0.971272 0.958216 0.932349 0.819114 0.786483 0.676502 0.633774 0.427997 0.073594 -0.090590 -0.141255 -0.491709 -0.747020 -0.774807 -0.827541 -0.964276 0.972595 0.959707 0.924254 0.821342 0.772443 0.649476 0.597905 0.453846 0.122955 -0.053262 -0.255092 -0.457560 -0.677022 -0.808702 -0.852442 -0.968512 
61.175514 2606405.250000 46 42 42 0.797517 0.989868 0.958131 0.966096 0.955448 0.926824 0.828537 0.798457 0.702631 0.641167 0.509645 0.060776 -0.063920 -0.114387 -0.401230 -0.713567 -0.762301 -0.888131 -0.974854 0.966691 0.957465 0.928274 0.830510 0.794112 0.683601 0.633808 0.527948 0.047635 -0.062603 -0.132862 -0.511107 -0.731386 -0.755785 -0.858436 -0.970911 
62.522194 3911618.750000 42 40 40 0.964090 0.953138 0.994407 0.967176 0.953413 0.923318 0.819031 0.802213 0.719828 0.666974 0.405085 0.066542 -0.013707 -0.116532 -0.420741 -0.666519 -0.745970 -0.903028 -0.974705 0.966249 0.954412 0.925049 0.822912 0.802576 0.710724 0.656649 0.427761 0.066443 -0.060231 -0.130275 -0.424537 -0.669259 -0.748840 -0.899677 -0.974237 
62.505344 4209527.500000 40 40 38 0.996130 0.970187 0.966045 0.967575 0.950439 0.926323 0.810481 0.795369 0.724250 0.655177 0.371715 0.042318 -0.023284 -0.103866 -0.457193 -0.621725 -0.764101 -0.903424 -0.975282 0.966265 0.951887 0.919355 0.814490 0.799120 0.724391 0.661188 0.387433 0.032275 -0.013163 -0.113873 -0.459645 -0.633961 -0.777007 -0.905523 -0.976459 
61.337471 17862956.000000 38 38 36 0.952404 0.946974 0.959192 0.971207 0.946284 0.930013 0.818052 0.761472 0.659795 0.438035 0.266714 0.069409 -0.021088 -0.209893 -0.506877 -0.617272 -0.717731 -0.852305 -0.959075 0.973347 0.949048 0.930908 0.811304 0.785435 0.695498 0.638740 0.400506 0.090500 -0.029433 -0.131487 -0.347126 -0.614614 -0.746323 -0.890564 -0.974894 
62.700916 15296413.000000 36 36 34 0.949646 0.931358 0.905493 0.976528 0.945564 0.932757 0.880632 0.782831 0.688029 0.177812 0.133440 0.005079 -0.053633 -0.150317 -0.428132 -0.576104 -0.689112 -0.822849 -0.963998 0.971388 0.944325 0.932390 0.847001 0.751533 0.616797 0.297980 0.195399 0.054808 -0.014339 -0.140950 -0.437584 -0.589295 -0.693376 -0.819365 -0.958744 
59.678337 4849995.500000 34 34 34 0.850647 0.925475 0.882060 0.982279 0.962279 0.929130 0.908219 0.802813 0.677635 0.309655 0.078718 -0.068063 -0.196209 -0.309551 -0.394598 -0.525892 -0.658705 -0.800390 -0.964044 0.979922 0.953310 0.931492 0.910632 0.791032 0.700710 0.223226 0.107418 -0.040503 -0.088053 -0.226827 -0.389525 -0.585275 -0.693194 -0.793267 -0.970284 
56.575989 2575060.000000 34 34 34 0.895364 0.912767 0.947716 0.983262 0.970218 0.929596 0.905494 0.803346 0.738268 0.313377 0.096355 -0.069231 -0.216348 -0.444679 -0.464902 -0.565877 -0.644454 -0.801123 -0.965163 0.982321 0.963633 0.929009 0.902998 0.804798 0.697985 0.351881 0.099890 -0.102570 -0.194667 -0.396316 -0.453742 -0.540210 -0.636688 -0.796272 -0.965985 
56.567490 2484296.750000 34 34 34 0.929622 0.871619 0.827861 0.983749 0.976704 0.934218 0.885705 0.791381 0.722037 0.283100 0.109294 -0.069602 -0.186562 -0.423017 -0.470039 -0.582213 -0.688877 -0.797048 -0.962415 0.983766 0.975754 0.931389 0.904233 0.777421 0.715628 0.272401 0.124528 -0.058742 -0.146847 -0.434069 -0.463082 -0.579109 -0.638684 -0.812834 -0.970628 
56.514507 3794355.500000 34 34 34 0.869867 0.894488 0.930807 0.982931 0.976425 0.932099 0.903249 0.755647 0.694941 0.244991 -0.016755 -0.233808 -0.291057 -0.362610 -0.480326 -0.599435 -0.659649 -0.761171 -0.930214 0.983910 0.978459 0.938477 0.873616 0.794429 0.739497 0.315924 0.063460 -0.164978 -0.277581 -0.370352 -0.500399 -0.585973 -0.677726 -0.768690 -0.949475 
57.273735 24004120.000000 34 34 34 0.943670 0.838564 0.946682 0.982020 0.968016 0.920360 0.809362 0.696165 0.663116 0.410883 -0.042139 -0.110580 -0.239824 -0.333855 -0.551746 -0.635415 -0.683719 -0.779444 -0.898030 0.982160 0.971109 0.923640 0.880517 0.711932 0.700567 0.213786 -0.060335 -0.199084 -0.309566 -0.359572 -0.542039 -0.636357 -0.700310 -0.831620 -0.913868 
57.905708 39319572.000000 34 34 36 0.935731 0.990007 0.979793 0.984685 0.980487 0.927914 0.698892 0.585236 0.454399 0.215083 -0.007582 -0.130963 -0.223558 -0.320220 -0.534837 -0.666694 -0.722264 -0.816028 -0.894642 0.983259 0.976416 0.918882 0.791028 0.599502 0.571870 0.253648 -0.041812 -0.101030 -0.197360 -0.340061 -0.568295 -0.640505 -0.724882 -0.799682 -0.912426 
59.259346 58481796.000000 36 38 40 0.978457 0.973893 0.954685 0.986375 0.979382 0.931272 0.799232 0.506841 0.364264 0.250962 0.039736 -0.079767 -0.173206 -0.369780 -0.455915 -0.645332 -0.751684 -0.841974 -0.944831 0.985948 0.982421 0.928810 0.725606 0.528729 0.385151 0.187125 0.020110 -0.130987 -0.247089 -0.356078 -0.489689 -0.697932 -0.752040 -0.852839 -0.933753 
53.774101 9220773.000000 40 42 48 0.940180 0.741981 0.648015 0.988277 0.975830 0.937092 0.853515 0.586187 0.381362 0.233138 -0.016933 -0.113433 -0.288275 -0.451928 -0.564026 -0.753204 -0.818902 -0.909890 -0.961858 0.986968 0.974277 0.939522 0.869029 0.571162 0.367653 0.244735 0.074917 -0.074298 -0.182671 -0.415299 -0.498569 -0.654574 -0.762803 -0.854385 -0.947635 
46.554150 28296144.000000 44 40 38 0.795036 0.750088 0.525063 0.983516 0.953280 0.841879 0.666175 0.468584 0.379614 0.143567 -0.064568 -0.203265 -0.418404 -0.566599 -0.712433 -0.796179 -0.869468 -0.924677 -0.959171 0.988031 0.975305 0.856815 0.754827 0.485223 0.400324 0.210381 -0.003039 -0.147846 -0.387671 -0.534077 -0.669753 -0.786275 -0.837536 -0.919842 -0.959851 
48.313084 23267758.000000 38 34 38 0.824031 0.728964 0.786744 0.983953 0.964014 0.873010 0.633129 0.506860 0.353706 0.098833 -0.096053 -0.324160 -0.485749 -0.574655 -0.711268 -0.840591 -0.896502 -0.945765 -0.980481 0.974049 0.942166 0.840867 0.650946 0.514071 0.331256 0.108775 -0.085833 -0.240453 -0.423958 -0.543654 -0.687612 -0.809909 -0.890463 -0.930250 -0.967597 
48.834858 8102285.500000 40 34 34 0.819086 0.620259 0.682822 0.977421 0.957132 0.855870 0.719412 0.502198 0.303658 0.101052 -0.135454 -0.282268 -0.475035 -0.588014 -0.761992 -0.867663 -0.927964 -0.952047 -0.978234 0.982608 0.960509 0.883581 0.696370 0.498062 0.351996 0.127988 -0.119733 -0.327632 -0.522943 -0.615056 -0.750610 -0.855295 -0.917138 -0.947500 -0.980493 
44.226463 3985458.250000 142 38 138 0.619614 0.793040 0.572329 0.980501 0.958157 0.851974 0.746830 0.502107 0.390919 0.153755 -0.158848 -0.280170 -0.463482 -0.561369 -0.752483 -0.877775 -0.915649 -0.950292 -0.975509 0.982414 0.967439 0.866322 0.746711 0.515027 0.338844 0.099273 -0.148065 -0.271791 -0.416816 -0.584219 -0.731450 -0.866202 -0.901575 -0.954571 -0.974685 
42.067711 3854934.250000 40 36 36 0.418013 0.459126 0.533584 0.976921 0.943959 0.843647 0.707490 0.473376 0.327891 0.079656 -0.138137 -0.336370 -0.482512 -0.580119 -0.743388 -0.848769 -0.893999 -0.954948 -0.980792 0.975020 0.935444 0.830791 0.732342 0.444856 0.389803 0.116670 -0.165054 -0.295673 -0.458281 -0.604631 -0.749873 -0.877916 -0.919407 -0.952070 -0.988456 
42.287849 3936195.000000 36 110 112 0.662813 0.615184 0.624646 0.970542 0.932032 0.832460 0.557825 0.519632 0.320782 0.074619 -0.043273 -0.299376 -0.508360 -0.550523 -0.621387 -0.824460 -0.887412 -0.962009 -0.981511 0.975953 0.937798 0.837827 0.618421 0.503638 0.311512 0.046405 -0.061161 -0.328646 -0.482433 -0.569075 -0.640035 -0.841464 -0.907192 -0.962292 -0.982783 
55.973339 57052460.000000 40 40 52 0.500556 0.755569 0.719935 0.980012 0.965406 0.941011 0.755162 0.598104 0.538310 0.266170 0.135428 0.006132 -0.254169 -0.479458 -0.519705 -0.638686 -0.773648 -0.904161 -0.969809 0.986553 0.972176 0.927005 0.778126 0.613622 0.512474 0.283269 0.107160 -0.037867 -0.298738 -0.534203 -0.561287 -0.763971 -0.885155 -0.952563 -0.979425 
58.411957 35902484.000000 50 58 62 0.805357 0.974525 0.966322 0.977114 0.960628 0.935909 0.770699 0.620226 0.571761 0.267738 0.186234 0.024945 -0.271102 -0.413563 -0.469937 -0.663243 -0.800472 -0.853323 -0.955170 0.976516 0.961561 0.933100 0.759389 0.600363 0.539299 0.253904 0.142256 0.025686 -0.279097 -0.448426 -0.501642 -0.612734 -0.783056 -0.834994 -0.956551 
49.033524 1142595.000000 62 50 48 0.917175 0.592754 0.473932 0.988574 0.968827 0.931816 0.741569 0.610271 0.532118 0.284909 0.158470 -0.054899 -0.373268 -0.472094 -0.574240 -0.760263 -0.822273 -0.926066 -0.974733 0.977630 0.963481 0.936376 0.748883 0.652741 0.591392 0.286394 0.205053 -0.014827 -0.286275 -0.388034 -0.500117 -0.712670 -0.808575 -0.854581 -0.980205 
35.897366 440060.187500 56 48 58 0.692378 0.450373 0.640324 0.977093 0.966025 0.902923 0.713801 0.586935 0.487634 0.337933 0.194005 -0.031510 -0.341336 -0.483159 -0.528473 -0.675731 -0.820497 -0.931669 -0.974756 0.980624 0.966602 0.927830 0.707129 0.601395 0.555135 0.351217 0.162769 -0.007055 -0.276694 -0.463961 -0.532096 -0.758525 -0.816031 -0.933366 -0.974790 
30.221474 182105.031250 54 146 96 0.673434 0.458373 0.589654 0.979400 0.955669 0.920128 0.724764 0.643465 0.518748 0.320416 0.162439 0.060120 -0.260138 -0.464554 -0.521626 -0.668117 -0.815777 -0.931392 -0.972568 0.978365 0.958887 0.902354 0.702889 0.605071 0.486051 0.246644 0.153118 0.053111 -0.312283 -0.455251 -0.508916 -0.700257 -0.822953 -0.921660 -0.975466 
31.127319 64103.832031 138 84 58 0.569047 0.603498 0.774140 0.962893 0.950868 0.929890 0.746807 0.609894 0.545830 0.353110 0.182000 0.073014 -0.208601 -0.465881 -0.510890 -0.621206 -0.818898 -0.932205 -0.966369 0.979646 0.961832 0.937376 0.757618 0.613620 0.525639 0.370719 0.171848 0.074533 -0.228893 -0.465444 -0.502087 -0.639171 -0.800166 -0.947288 -0.976304 
24.700405 24336.859375 58 112 50 0.748013 0.325146 0.450919 0.980922 0.955700 0.914279 0.735600 0.631584 0.533074 0.356282 0.174984 0.057254 -0.183053 -0.439416 -0.534070 -0.707040 -0.833590 -0.919509 -0.978927 0.973990 0.949993 0.929343 0.748158 0.627965 0.557623 0.339239 0.161307 0.085834 -0.195866 -0.470416 -0.531039 -0.643511 -0.819804 -0.925178 -0.971265 
32.620110 68107.265625 74 54 38 0.400613 0.516716 0.729379 0.982312 0.952586 0.755327 0.648853 0.584319 0.453705 0.347894 0.257392 0.198221 0.032341 -0.332263 -0.498188 -0.692684 -0.819547 -0.917776 -0.969900 0.978947 0.933477 0.712550 0.652731 0.573798 0.480119 0.360687 0.273339 0.190793 -0.076118 -0.336665 -0.507614 -0.702727 -0.818317 -0.919116 -0.972199 
46.652596 16582555.000000 38 38 48 0.503831 0.295776 0.600172 0.949943 0.901589 0.713086 0.658801 0.509642 0.211080 0.035566 -0.175796 -0.341099 -0.483832 -0.577336 -0.714074 -0.766235 -0.873564 -0.938388 -0.967504 0.961557 0.929842 0.734831 0.647442 0.552381 0.250150 0.118702 -0.107693 -0.255666 -0.387935 -0.484297 -0.639340 -0.713693 -0.795707 -0.923725 -0.954946 
52.703014 9563498.000000 52 46 42 0.359214 0.602282 0.403894 0.971226 0.917439 0.756951 0.559346 0.376144 0.202054 -0.005480 -0.173937 -0.383930 -0.513127 -0.580602 -0.743865 -0.878202 -0.906479 -0.937549 -0.967184 0.964699 0.913316 0.749277 0.611702 0.381227 0.175039 0.033716 -0.208534 -0.420474 -0.537959 -0.602418 -0.733277 -0.839892 -0.897857 -0.937313 -0.972114 
45.152584 4185300.000000 42 64 214 0.445611 0.332937 0.371472 0.970898 0.920510 0.706833 0.594532 0.410753 0.257864 0.105591 -0.040250 -0.341631 -0.485971 -0.550525 -0.639022 -0.846802 -0.896612 -0.934832 -0.964765 0.960475 0.931497 0.698879 0.583584 0.371719 0.237397 0.018479 -0.116332 -0.350077 -0.494106 -0.570484 -0.646385 -0.834442 -0.899735 -0.928411 -0.968088 
41.724339 6404419.500000 52 54 58 0.413371 0.338846 0.895047 0.991995 0.976271 0.920030 0.707075 0.497906 0.385286 0.210588 0.062971 -0.095655 -0.350501 -0.514197 -0.581435 -0.753818 -0.865583 -0.927177 -0.953424 0.963868 0.916539 0.766142 0.551187 0.423057 0.295014 0.136513 0.003728 -0.179549 -0.431296 -0.518437 -0.613507 -0.773242 -0.883901 -0.920127 -0.952967 
53.135113 16046412.000000 56 58 54 0.837094 0.965741 0.956817 0.988847 0.962844 0.924796 0.864478 0.638917 0.538625 0.353933 0.175333 0.006607 -0.209282 -0.408019 -0.479798 -0.638072 -0.853469 -0.905979 -0.945715 0.990699 0.968289 0.936185 0.879528 0.609999 0.476791 0.240462 0.101084 -0.028544 -0.254446 -0.481035 -0.558107 -0.718698 -0.865733 -0.922777 -0.946096 
57.667355 94643272.000000 54 60 64 0.979959 0.846069 0.972868 0.972486 0.954998 0.912619 0.726152 0.594975 0.529966 0.274217 0.137114 0.009191 -0.216664 -0.365896 -0.435338 -0.593696 -0.708442 -0.797823 -0.922552 0.984033 0.953170 0.920013 0.762134 0.597612 0.531192 0.280471 0.139119 -0.016942 -0.226707 -0.375884 -0.451893 -0.600959 -0.717700 -0.845081 -0.931620 
59.061867 78017056.000000 64 64 66 0.968374 0.936162 0.962883 0.973062 0.957287 0.903182 0.734528 0.608354 0.563609 0.267359 0.161175 0.005293 -0.187647 -0.289961 -0.393675 -0.570050 -0.716260 -0.776980 -0.882520 0.973573 0.956795 0.909512 0.738945 0.599215 0.549061 0.275683 0.150334 0.009153 -0.198975 -0.334220 -0.418381 -0.575877 -0.716588 -0.789213 -0.913609 
58.575340 42193344.000000 66 68 70 0.975969 0.966999 0.954478 0.974610 0.958641 0.902159 0.750621 0.656808 0.598318 0.297170 0.229628 0.025771 -0.136264 -0.219069 -0.355497 -0.644694 -0.721016 -0.827811 -0.915504 0.973440 0.958343 0.899029 0.735402 0.627686 0.582686 0.282788 0.183906 0.018694 -0.170959 -0.257151 -0.376732 -0.583169 -0.714127 -0.771071 -0.891357 
53.964317 3814357.250000 70 74 70 0.899176 0.482892 0.830826 0.988067 0.978172 0.918753 0.804922 0.677043 0.587435 0.398755 0.169930 -0.060388 -0.131889 -0.272712 -0.441068 -0.618356 -0.728629 -0.868105 -0.920924 0.978924 0.963142 0.918090 0.784681 0.695937 0.635252 0.320726 0.273728 0.013394 -0.117861 -0.206524 -0.417648 -0.644294 -0.729484 -0.859884 -0.912958 
51.487789 2167126.250000 72 74 74 0.862819 0.892470 0.945406 0.987466 0.980597 0.921451 0.809732 0.702650 0.609164 0.358316 0.131962 -0.063406 -0.132521 -0.238357 -0.413052 -0.580572 -0.689591 -0.822373 -0.944473 0.987725 0.980627 0.916407 0.806516 0.691617 0.587592 0.397207 0.137612 -0.049481 -0.124943 -0.241428 -0.404707 -0.573601 -0.709808 -0.818458 -0.938305 
49.900467 1024916.125000 74 76 76 0.948023 0.908757 0.889897 0.988011 0.982150 0.908741 0.818474 0.702292 0.568123 0.418294 0.193582 0.004446 -0.122214 -0.192586 -0.393901 -0.586304 -0.701003 -0.869961 -0.945864 0.986915 0.980174 0.917074 0.824906 0.707132 0.573587 0.425354 0.178584 -0.022207 -0.125269 -0.187658 -0.415645 -0.567632 -0.679728 -0.846305 -0.946168 
47.796551 456541.187500 76 78 80 0.867627 0.901973 0.883353 0.990356 0.983446 0.928807 0.842589 0.676119 0.578201 0.439568 0.231008 0.076309 -0.112239 -0.168166 -0.350864 -0.516198 -0.769888 -0.894182 -0.957518 0.989825 0.982573 0.915202 0.820572 0.679903 0.578392 0.450665 0.199793 0.014264 -0.124925 -0.181908 -0.384278 -0.531183 -0.738919 -0.887622 -0.951428 
44.371723 139063.781250 82 84 86 0.916982 0.817402 0.846621 0.991129 0.985646 0.920775 0.827998 0.697185 0.587210 0.435743 0.255247 0.069295 -0.110796 -0.170099 -0.374112 -0.646354 -0.753645 -0.892191 -0.958917 0.991211 0.985603 0.936700 0.845134 0.703573 0.575293 0.460064 0.222998 -0.026440 -0.126307 -0.213355 -0.356775 -0.594535 -0.785354 -0.906022 -0.948931 
51.691059 1742919.000000 88 58 76 0.880072 0.442948 0.877733 0.979232 0.967431 0.931932 0.839502 0.757856 0.695087 0.610377 0.338502 0.027393 -0.130820 -0.306659 -0.570545 -0.731068 -0.883031 -0.902704 -0.955028 0.984424 0.971070 0.925257 0.834524 0.710067 0.620530 0.398616 0.198387 -0.032736 -0.198721 -0.411448 -0.606702 -0.747770 -0.890425 -0.914037 -0.969201 
55.379707 1098503.625000 76 80 80 0.894714 0.932718 0.963234 0.979648 0.966411 0.931979 0.834423 0.781932 0.711569 0.673145 0.404832 0.077756 -0.095520 -0.170609 -0.602776 -0.717086 -0.770149 -0.896137 -0.939656 0.979552 0.967106 0.934472 0.837313 0.783172 0.710366 0.665493 0.451509 0.035160 -0.100770 -0.196045 -0.544087 -0.715884 -0.799577 -0.898935 -0.951288 
54.847748 570991.625000 80 80 80 0.962177 0.977084 0.982863 0.979709 0.968352 0.937705 0.838412 0.775906 0.727817 0.684589 0.549985 0.026156 -0.080681 -0.228660 -0.593460 -0.710860 -0.747924 -0.889790 -0.966505 0.978930 0.967516 0.932942 0.831263 0.775309 0.717874 0.677138 0.424777 0.047110 -0.083726 -0.247434 -0.577556 -0.717309 -0.754213 -0.887106 -0.970803 
54.827900 925207.812500 80 80 80 0.983009 0.989974 0.981185 0.981165 0.970026 0.940364 0.815790 0.755566 0.715518 0.666829 0.489576 0.000442 -0.106758 -0.259151 -0.573808 -0.710348 -0.742994 -0.880690 -0.971712 0.979830 0.968736 0.938421 0.835079 0.767903 0.726362 0.682734 0.532364 0.003026 -0.098049 -0.232965 -0.595402 -0.714410 -0.741227 -0.879324 -0.962427 
54.803459 1023570.875000 80 80 80 0.977229 0.968908 0.925350 0.982685 0.971476 0.945903 0.783553 0.735650 0.690144 0.655087 0.460627 -0.062664 -0.126776 -0.194115 -0.487794 -0.708372 -0.725244 -0.865752 -0.969293 0.982836 0.971037 0.946111 0.808552 0.751837 0.709903 0.668071 0.540847 -0.062485 -0.126962 -0.213375 -0.554786 -0.710812 -0.729730 -0.866469 -0.963272 
53.654255 666394.062500 80 80 80 0.937416 0.944288 0.863392 0.985232 0.972968 0.953879 0.742229 0.706300 0.680301 0.647470 0.394358 -0.069537 -0.122301 -0.177408 -0.383923 -0.658680 -0.709593 -0.875087 -0.972475 0.983471 0.971870 0.952459 0.764571 0.713565 0.682534 0.651377 0.448823 -0.068513 -0.126851 -0.187141 -0.413401 -0.692028 -0.725038 -0.859002 -0.967088 
48.957081 479555.312500 80 80 82 0.818136 0.941702 0.905142 0.988612 0.978559 0.944886 0.889291 0.671656 0.653900 0.493512 0.045159 -0.053007 -0.084527 -0.368982 -0.498742 -0.539776 -0.663093 -0.779574 -0.966927 0.987860 0.976148 0.944886 0.774833 0.700217 0.681338 0.622767 0.188580 -0.067163 -0.093652 -0.256127 -0.485376 -0.582689 -0.674249 -0.840145 -0.969219 
47.864189 461902.218750 82 82 82 0.906804 0.937959 0.892378 0.988783 0.977954 0.949274 0.864931 0.689471 0.663970 0.408830 0.043957 -0.013342 -0.100460 -0.431704 -0.463283 -0.529867 -0.644342 -0.782332 -0.960097 0.988651 0.975782 0.948209 0.889125 0.690110 0.665987 0.410249 0.027132 -0.034139 -0.086163 -0.440164 -0.482523 -0.551768 -0.649096 -0.829451 -0.964213 
53.126701 8041966.000000 84 80 82 0.894647 0.698424 0.835344 0.977963 0.961557 0.910394 0.759614 0.677442 0.640515 0.341198 0.231309 0.082479 -0.110171 -0.174494 -0.397106 -0.531856 -0.608782 -0.675451 -0.944120 0.981359 0.968112 0.925016 0.742290 0.683404 0.610705 0.351280 0.253700 0.023820 -0.075047 -0.228023 -0.434031 -0.502725 -0.592974 -0.728459 -0.966960 
55.099777 18273852.000000 80 80 80 0.878987 0.966953 0.945036 0.973422 0.952162 0.901529 0.751245 0.664935 0.636666 0.344846 0.180689 0.053329 -0.138968 -0.213497 -0.400199 -0.587497 -0.722736 -0.757894 -0.843197 0.975509 0.954246 0.905525 0.756862 0.672331 0.639701 0.347743 0.207825 0.084025 -0.128835 -0.192836 -0.408561 -0.574943 -0.681697 -0.731155 -0.864861 
54.921227 19042406.000000 80 82 82 0.933318 0.950009 0.964569 0.977165 0.956185 0.911931 0.736174 0.628082 0.588880 0.323086 0.169996 0.056836 -0.146007 -0.231146 -0.366789 -0.569845 -0.706791 -0.764948 -0.842776 0.974497 0.953038 0.906177 0.743512 0.652504 0.621984 0.338614 0.180601 0.062914 -0.143369 -0.219346 -0.378846 -0.586332 -0.714659 -0.764276 -0.822279 
52.920757 12691368.000000 82 82 82 0.976123 0.972155 0.955890 0.982173 0.963777 0.924877 0.748806 0.568520 0.473591 0.300363 0.179515 0.032555 -0.146933 -0.239892 -0.354787 -0.551525 -0.652026 -0.730191 -0.841482 0.980229 0.960336 0.922693 0.736303 0.599580 0.547700 0.310255 0.173524 0.045230 -0.140959 -0.238208 -0.359632 -0.546810 -0.668410 -0.762293 -0.835633 
52.251808 5272646.000000 82 82 84 0.970333 0.944616 0.952698 0.984947 0.973169 0.944315 0.814517 0.520734 0.352735 0.283245 0.177407 0.037086 -0.189062 -0.291413 -0.382044 -0.492691 -0.612465 -0.692987 -0.911241 0.982998 0.968433 0.932890 0.786276 0.548670 0.398324 0.303927 0.180603 0.042320 -0.154307 -0.249201 -0.370820 -0.520764 -0.634170 -0.705995 -0.868559 
51.280609 2111498.500000 84 82 82 0.957816 0.944949 0.953134 0.987429 0.976709 0.950483 0.836772 0.611645 0.393881 0.275908 0.209693 0.073522 -0.129415 -0.335151 -0.407953 -0.478827 -0.548212 -0.753466 -0.948378 0.986061 0.975522 0.941302 0.782527 0.603014 0.353268 0.273634 0.178134 0.062753 -0.183639 -0.317429 -0.398354 -0.479670 -0.580866 -0.705486 -0.927530 
49.867538 396295.218750 82 80 80 0.955252 0.961342 0.936577 0.990009 0.979372 0.955503 0.867181 0.724285 0.583716 0.362171 0.245618 0.140384 -0.085888 -0.276960 -0.406641 -0.541720 -0.692372 -0.879444 -0.959197 0.988803 0.978531 0.955910 0.885140 0.683433 0.520456 0.320674 0.228509 0.109016 -0.166502 -0.375135 -0.436204 -0.520482 -0.664245 -0.857305 -0.965021 
45.960468 202792.703125 80 78 80 0.930438 0.917078 0.760929 0.993252 0.980726 0.960025 0.862225 0.645656 0.535475 0.390097 0.260309 0.067974 -0.127741 -0.304916 -0.397505 -0.533874 -0.701729 -0.896661 -0.962610 0.992026 0.978415 0.954559 0.872558 0.685983 0.532722 0.396533 0.253484 0.112093 -0.115695 -0.286415 -0.400737 -0.545849 -0.709809 -0.895633 -0.967984 
37.239193 59079.093750 80 80 80 0.810908 0.651162 0.726245 0.992998 0.969957 0.945002 0.733140 0.640514 0.570487 0.362238 0.272495 0.088472 -0.123489 -0.319566 -0.400975 -0.571757 -0.761820 -0.901135 -0.968664 0.993452 0.975422 0.952256 0.837051 0.640217 0.551685 0.343355 0.244030 0.089784 -0.156090 -0.299954 -0.381509 -0.517465 -0.743767 -0.879080 -0.958668 
28.254101 430992.437500 82 82 82 0.756630 0.564921 0.503861 0.991813 0.971611 0.816853 0.659700 0.542677 0.376506 0.177676 -0.028030 -0.146118 -0.388168 -0.507337 -0.654843 -0.754402 -0.849562 -0.924768 -0.955384 0.994451 0.973114 0.928009 0.713074 0.648078 0.548335 0.410102 0.264468 0.089656 -0.145978 -0.310010 -0.413769 -0.618133 -0.818430 -0.922953 -0.962549 
48.678703 9471704.000000 86 44 80 0.640043 0.265612 0.649889 0.975815 0.941106 0.744159 0.457375 0.344497 0.168566 -0.016194 -0.121961 -0.374027 -0.451338 -0.602871 -0.770037 -0.823203 -0.893802 -0.942804 -0.970557 0.976572 0.908898 0.740102 0.491768 0.395158 0.234131 0.010941 -0.051900 -0.304964 -0.466427 -0.555534 -0.735497 -0.824948 -0.871771 -0.930245 -0.970562 
45.601723 4138688.250000 82 68 82 0.710818 0.400568 0.512938 0.974974 0.941395 0.677798 0.425718 0.348184 0.194733 -0.005926 -0.055421 -0.245584 -0.450349 -0.526553 -0.734695 -0.794734 -0.861557 -0.946167 -0.975644 0.974176 0.918115 0.677495 0.419538 0.355444 0.162520 -0.017956 -0.063881 -0.299559 -0.425566 -0.561204 -0.743120 -0.805558 -0.868693 -0.931834 -0.967585 
40.062222 1849356.125000 80 72 60 0.556855 0.373476 0.826863 0.992256 0.981806 0.959146 0.659288 0.359863 0.296282 0.135589 -0.016607 -0.137633 -0.398162 -0.470491 -0.673053 -0.799479 -0.854640 -0.943610 -0.974122 0.978453 0.943684 0.712727 0.466141 0.317018 0.254489 0.038489 -0.037827 -0.174022 -0.440509 -0.477937 -0.685822 -0.799767 -0.878670 -0.946380 -0.964677 
52.444683 3627029.250000 60 64 66 0.753145 0.940049 0.952936 0.990933 0.980502 0.970812 0.918979 0.379978 0.248166 0.155682 0.029150 -0.083151 -0.241718 -0.422003 -0.513956 -0.781818 -0.826027 -0.924667 -0.968950 0.992285 0.981703 0.970922 0.932938 0.442786 0.273587 0.182034 -0.013602 -0.098614 -0.334101 -0.481676 -0.667697 -0.797839 -0.851805 -0.939827 -0.967316 
54.260998 9285736.000000 66 68 72 0.969088 0.939160 0.964997 0.988138 0.979957 0.960754 0.910732 0.303708 0.219294 0.119147 0.012984 -0.109702 -0.217663 -0.426784 -0.482928 -0.740150 -0.817383 -0.894151 -0.950986 0.989030 0.979932 0.966531 0.913524 0.340370 0.240733 0.138706 0.025769 -0.093386 -0.195358 -0.417857 -0.476091 -0.743323 -0.829593 -0.892067 -0.959509 
53.663448 6911500.000000 72 74 76 0.972458 0.977925 0.981676 0.988433 0.980219 0.959223 0.919062 0.317950 0.189108 0.097022 0.007126 -0.097673 -0.232439 -0.445476 -0.497966 -0.717400 -0.809703 -0.903041 -0.947100 0.988569 0.980059 0.958077 0.916668 0.317842 0.209365 0.101990 0.008337 -0.101258 -0.230349 -0.434440 -0.487383 -0.737004 -0.814616 -0.884713 -0.943499 
51.653755 3393210.500000 76 78 78 0.980922 0.978843 0.985445 0.989887 0.980072 0.959328 0.923990 0.389917 0.240714 0.149685 0.037017 -0.045325 -0.193203 -0.412930 -0.502009 -0.706073 -0.793680 -0.883170 -0.937363 0.988597 0.979458 0.958580 0.912082 0.342540 0.204252 0.113521 0.025099 -0.074506 -0.212331 -0.432860 -0.494253 -0.738464 -0.808712 -0.889903 -0.944791 
50.053574 813550.250000 78 78 80 0.979324 0.976543 0.956271 0.991843 0.981913 0.961762 0.928934 0.654870 0.323638 0.219857 0.045843 -0.024521 -0.262741 -0.443363 -0.511297 -0.736706 -0.809990 -0.880710 -0.943533 0.990891 0.980785 0.962846 0.932339 0.429061 0.286458 0.201732 0.028749 -0.039810 -0.217853 -0.424149 -0.526480 -0.728539 -0.797705 -0.867005 -0.931507 
47.465515 165556.187500 78 78 78 0.936583 0.937053 0.942455 0.993410 0.984862 0.961140 0.930982 0.839471 0.385211 0.186837 0.089553 -0.006701 -0.142747 -0.433040 -0.507548 -0.743668 -0.812709 -0.874394 -0.947848 0.992797 0.983457 0.963061 0.929568 0.757741 0.361182 0.205724 0.085591 -0.030819 -0.218462 -0.408748 -0.534274 -0.738078 -0.818723 -0.894314 -0.951244 
46.340080 60462.449219 78 78 78 0.946332 0.918973 0.767206 0.994265 0.986099 0.973369 0.941754 0.750866 0.419784 0.185899 0.091450 -0.005373 -0.122475 -0.433346 -0.515101 -0.748007 -0.803852 -0.884661 -0.967862 0.993824 0.985679 0.965063 0.933539 0.808236 0.408910 0.214291 0.128117 -0.033625 -0.110158 -0.379402 -0.510750 -0.715798 -0.813473 -0.869096 -0.955043 
37.170658 901427.125000 80 86 74 0.691716 0.502698 0.643731 0.992968 0.975914 0.930066 0.729300 0.579213 0.335220 0.099465 -0.035579 -0.235596 -0.433394 -0.632784 -0.736748 -0.846265 -0.896955 -0.943662 -0.972953 0.994682 0.984411 0.954956 0.822099 0.605247 0.418795 0.143129 0.015211 -0.097422 -0.370463 -0.601798 -0.692640 -0.805136 -0.873737 -0.934393 -0.955995 
46.765923 1386962.750000 74 78 74 0.653793 0.576342 0.609359 0.994389 0.974834 0.854630 0.694024 0.488452 0.209329 -0.025383 -0.261747 -0.394910 -0.509059 -0.637896 -0.773444 -0.896124 -0.942406 -0.982900 -0.992085 0.994311 0.982937 0.888618 0.691763 0.539797 0.225510 0.072564 -0.170757 -0.326941 -0.449766 -0.659235 -0.782036 -0.874502 -0.921399 -0.958629 -0.990012 
47.841793 805898.250000 78 78 112 0.692558 0.546302 0.507471 0.986759 0.958649 0.839676 0.686579 0.515034 0.277767 0.045025 -0.316671 -0.465398 -0.560400 -0.634062 -0.820893 -0.896654 -0.938609 -0.972243 -0.995793 0.988385 0.970576 0.871686 0.706202 0.513355 0.269560 0.011172 -0.276402 -0.405552 -0.537139 -0.639446 -0.804862 -0.890221 -0.930754 -0.985449 -0.992305 
44.246639 818976.062500 42 142 42 0.619672 0.473145 0.482138 0.987005 0.955797 0.839838 0.672632 0.485500 0.193651 0.021103 -0.313192 -0.462575 -0.534560 -0.660014 -0.804264 -0.862169 -0.930578 -0.965596 -0.990355 0.982138 0.959552 0.854113 0.696593 0.518242 0.278791 0.001725 -0.308251 -0.442697 -0.529410 -0.645225 -0.806752 -0.881357 -0.934853 -0.980061 -0.994291 
51.248631 2324741.000000 40 78 50 0.432663 0.615684 0.433911 0.979046 0.950346 0.814947 0.655899 0.470889 0.203104 0.004388 -0.292995 -0.485074 -0.523707 -0.592540 -0.809485 -0.878488 -0.939357 -0.970368 -0.979763 0.981427 0.949513 0.821696 0.677054 0.459473 0.225053 -0.082437 -0.308426 -0.400537 -0.534163 -0.633034 -0.813928 -0.885317 -0.945692 -0.976252 -0.987884 
45.788380 2476200.500000 52 46 56 0.356323 0.410778 0.893920 0.989362 0.977727 0.964176 0.810189 0.542575 0.491617 0.147155 0.090641 -0.322494 -0.487912 -0.537818 -0.717653 -0.871190 -0.926470 -0.972082 -0.981869 0.985773 0.955792 0.814039 0.612596 0.459598 0.149857 0.045298 -0.267309 -0.440055 -0.536020 -0.562365 -0.756276 -0.881719 -0.919459 -0.953931 -0.982216 
53.502640 33372056.000000 56 70 72 0.740788 0.952032 0.964695 0.983577 0.973791 0.943331 0.704304 0.526694 0.436349 0.229358 0.159920 -0.072674 -0.343988 -0.448419 -0.536185 -0.715646 -0.777013 -0.921801 -0.978421 0.985673 0.975315 0.954651 0.760077 0.543980 0.490573 0.215118 0.148070 -0.064842 -0.384980 -0.473937 -0.584561 -0.757993 -0.861201 -0.942659 -0.975564 
53.320087 17448724.000000 72 76 78 0.959227 0.916354 0.775294 0.984545 0.975248 0.947655 0.686484 0.465081 0.366587 0.270405 0.179860 -0.117043 -0.373818 -0.462732 -0.551748 -0.680427 -0.756572 -0.940523 -0.975578 0.983886 0.974336 0.943491 0.696148 0.501007 0.391932 0.250765 0.168900 -0.106480 -0.350864 -0.456615 -0.550262 -0.709606 -0.770411 -0.953398 -0.979006 
39.428112 523560.562500 80 78 76 0.689141 0.286771 0.826980 0.986360 0.972626 0.937927 0.642159 0.496092 0.418288 0.293767 0.158990 -0.154080 -0.401423 -0.496718 -0.648767 -0.730827 -0.825655 -0.969678 -0.984953 0.984198 0.974222 0.952306 0.682110 0.437415 0.359424 0.293534 0.181688 -0.141680 -0.408093 -0.491156 -0.593049 -0.695242 -0.823855 -0.961006 -0.976091 
32.807922 247165.234375 76 72 72 0.812443 0.548078 0.698697 0.985897 0.970556 0.948207 0.682770 0.460711 0.414406 0.303285 0.222692 -0.045826 -0.432350 -0.502815 -0.629174 -0.716512 -0.873392 -0.972710 -0.983605 0.988783 0.970100 0.952948 0.715565 0.471226 0.408052 0.318766 0.187056 -0.051276 -0.418027 -0.509802 -0.645034 -0.740699 -0.844949 -0.971493 -0.980004 
29.662809 325557.750000 72 74 218 0.702875 0.659887 0.389675 0.979277 0.964818 0.797863 0.685415 0.628623 0.483066 0.346051 0.219271 -0.067795 -0.406494 -0.515998 -0.610489 -0.719182 -0.872686 -0.974338 -0.983960 0.982450 0.970136 0.943047 0.716851 0.475724 0.418907 0.265152 0.195096 -0.036557 -0.423185 -0.494978 -0.628147 -0.721998 -0.915713 -0.977141 -0.985630 
41.958996 4048258.500000 122 52 118 0.457370 0.576989 0.608897 0.974883 0.938336 0.687057 0.641023 0.506067 0.403782 0.242063 -0.155007 -0.345411 -0.431524 -0.584594 -0.737909 -0.841272 -0.888632 -0.928319 -0.953952 0.970034 0.910044 0.726685 0.680016 0.619577 0.563154 0.355448 0.166749 -0.177930 -0.368361 -0.599991 -0.640946 -0.778803 -0.866146 -0.941901 -0.978229 
50.824402 5880815.000000 118 212 212 0.469416 0.560291 0.546972 0.977130 0.933585 0.699113 0.586037 0.490846 0.346154 -0.000706 -0.247073 -0.418597 -0.507034 -0.615292 -0.801012 -0.883667 -0.929598 -0.956515 -0.983433 0.982695 0.927345 0.651362 0.567335 0.481006 0.383482 0.039206 -0.222534 -0.337541 -0.459342 -0.635170 -0.772990 -0.859209 -0.918630 -0.952390 -0.970541 
47.733936 1094658.375000 172 128 80 0.561780 0.424465 0.557157 0.979309 0.957266 0.760446 0.645680 0.500809 0.380120 -0.007471 -0.216558 -0.427907 -0.525308 -0.629691 -0.803060 -0.876638 -0.919986 -0.951883 -0.976522 0.980076 0.946303 0.747947 0.624788 0.475184 0.383214 -0.081497 -0.274667 -0.442878 -0.531822 -0.639586 -0.792866 -0.876104 -0.939535 -0.959341 -0.979347 
35.472694 183331.062500 80 136 76 0.562217 0.435207 0.594634 0.981972 0.967721 0.876525 0.670015 0.582428 0.437719 0.291014 -0.092199 -0.367442 -0.517457 -0.624820 -0.800550 -0.872748 -0.931618 -0.957780 -0.986337 0.977345 0.959268 0.804164 0.659485 0.510720 0.415171 0.177663 -0.186401 -0.355120 -0.532502 -0.652557 -0.779961 -0.861948 -0.933555 -0.953910 -0.984220 
29.644518 184089.562500 76 88 70 0.537841 0.525278 0.340406 0.982738 0.957437 0.836436 0.694864 0.547718 0.341277 0.108046 -0.107130 -0.265817 -0.455547 -0.595398 -0.707133 -0.845041 -0.935041 -0.957496 -0.980780 0.981384 0.965705 0.894553 0.702141 0.553172 0.414679 0.271964 0.021621 -0.307560 -0.524237 -0.616448 -0.794796 -0.875738 -0.944099 -0.960526 -0.988151 
44.511574 3699887.250000 70 100 82 0.413709 0.533054 0.409482 0.975753 0.944599 0.725567 0.495719 0.330162 0.127914 0.086368 -0.138263 -0.365824 -0.480397 -0.635197 -0.719400 -0.805532 -0.861677 -0.910991 -0.982751 0.970021 0.944490 0.744685 0.664772 0.431450 0.177390 0.033541 -0.153465 -0.311670 -0.452545 -0.590985 -0.707817 -0.812568 -0.863094 -0.914269 -0.975810 
50.225784 6614221.000000 80 58 72 0.490605 0.609364 0.985962 0.989076 0.981711 0.972279 0.795758 0.359093 0.331834 0.124716 0.067924 -0.104147 -0.361040 -0.470252 -0.585464 -0.761263 -0.839930 -0.902504 -0.976608 0.990617 0.982270 0.966905 0.619529 0.362873 0.239829 0.085309 0.041157 -0.325633 -0.454352 -0.528504 -0.688875 -0.728086 -0.835018 -0.898303 -0.964384 
54.204720 6916471.500000 72 74 76 0.976476 0.955954 0.952780 0.988680 0.981907 0.968042 0.834857 0.354233 0.321980 0.168683 0.067794 -0.063268 -0.232443 -0.423874 -0.495079 -0.639571 -0.742732 -0.906736 -0.972428 0.988268 0.981682 0.969312 0.834622 0.372919 0.335020 0.181120 0.071143 -0.036889 -0.251587 -0.433332 -0.514998 -0.693849 -0.775808 -0.902145 -0.966689 
51.524601 3636803.500000 78 80 78 0.967344 0.977431 0.967848 0.990408 0.981768 0.968593 0.836149 0.324555 0.296621 0.177986 0.076456 -0.073540 -0.242994 -0.438254 -0.495141 -0.641448 -0.741442 -0.855511 -0.968884 0.989183 0.981868 0.966217 0.808590 0.345736 0.303083 0.180517 0.062391 -0.065433 -0.261608 -0.429808 -0.504005 -0.644003 -0.745169 -0.856327 -0.965164 
48.311954 673099.500000 78 80 82 0.965439 0.955313 0.870551 0.993327 0.983307 0.971869 0.910191 0.344172 0.297920 0.193704 0.075501 -0.051676 -0.228946 -0.438499 -0.544609 -0.684318 -0.804926 -0.868537 -0.949041 0.991693 0.982788 0.970793 0.859012 0.330191 0.293684 0.178636 0.068024 -0.069376 -0.251768 -0.446328 -0.504905 -0.648611 -0.762549 -0.857570 -0.956871 
43.417820 421711.187500 84 86 86 0.897896 0.814111 0.717062 0.992336 0.982010 0.970125 0.833325 0.384086 0.306281 0.163528 0.087051 -0.036482 -0.279221 -0.454629 -0.638126 -0.784824 -0.846600 -0.888821 -0.936148 0.992656 0.983963 0.974270 0.912176 0.377025 0.304139 0.165411 0.064621 -0.097142 -0.281533 -0.463848 -0.607267 -0.779884 -0.844862 -0.879023 -0.930743 
34.163895 359787.468750 84 82 84 0.577452 0.469772 0.425028 0.988192 0.979466 0.931964 0.591038 0.389043 0.333887 0.162600 0.051620 -0.084506 -0.257344 -0.456783 -0.561986 -0.822690 -0.860552 -0.888503 -0.935676 0.989587 0.982814 0.959391 0.691483 0.360684 0.304686 0.152069 0.087601 -0.143702 -0.251428 -0.468411 -0.521762 -0.809002 -0.848204 -0.904173 -0.940428 
31.300629 443132.187500 54 38 216 0.548737 0.502736 0.515764 0.987859 0.972596 0.912769 0.563127 0.432945 0.270972 0.135312 -0.035145 -0.118799 -0.353334 -0.473659 -0.679086 -0.833664 -0.869852 -0.916408 -0.945131 0.986023 0.974694 0.908240 0.582419 0.407238 0.278001 0.149963 0.016395 -0.114777 -0.264085 -0.476863 -0.658092 -0.836805 -0.859690 -0.907463 -0.952277 
31.338747 408593.750000 76 24 84 0.498050 0.404587 0.528629 0.981112 0.969312 0.876113 0.645125 0.428640 0.297561 0.097459 -0.021421 -0.228699 -0.434693 -0.477086 -0.679707 -0.829715 -0.861513 -0.908517 -0.958316 0.982376 0.962681 0.879384 0.637425 0.422796 0.308593 0.134334 0.018509 -0.187505 -0.431880 -0.466058 -0.636268 -0.832622 -0.868066 -0.905024 -0.961756 
32.809032 812958.937500 134 44 136 0.477452 0.790004 0.542418 0.974357 0.945561 0.837986 0.604071 0.554173 0.246748 0.088747 -0.025964 -0.239531 -0.375937 -0.488693 -0.630461 -0.802051 -0.838723 -0.898628 -0.959355 0.980155 0.958179 0.800107 0.601615 0.515484 0.285206 0.085813 -0.117247 -0.212334 -0.431523 -0.516597 -0.645845 -0.820785 -0.849490 -0.902480 -0.953974 
34.521381 899601.250000 20 40 214 0.527601 0.690135 0.511389 0.971791 0.952206 0.674869 0.581655 0.402458 0.264760 0.175170 0.020208 -0.170971 -0.279064 -0.392685 -0.675558 -0.765841 -0.842064 -0.897710 -0.938872 0.978284 0.952599 0.780179 0.576800 0.539224 0.212756 0.092339 -0.024394 -0.265498 -0.320165 -0.438646 -0.681214 -0.782176 -0.835925 -0.886029 -0.959116 
30.661198 415392.875000 24 88 176 0.511586 0.498821 0.460216 0.977048 0.898058 0.728061 0.679634 0.595219 0.468638 0.239313 0.098673 -0.088380 -0.245982 -0.383785 -0.572383 -0.731118 -0.810917 -0.887580 -0.928069 0.981617 0.952568 0.689748 0.608805 0.466433 0.334479 0.253841 0.018264 -0.106610 -0.231512 -0.367209 -0.656400 -0.747670 -0.817556 -0.877970 -0.941126 
31.740768 285470.375000 80 46 86 0.378207 0.390526 0.475139 0.976933 0.930254 0.756500 0.721765 0.636232 0.517637 0.203506 0.074484 -0.109355 -0.181531 -0.367060 -0.575378 -0.736173 -0.825245 -0.869230 -0.933199 0.973382 0.888037 0.714242 0.690266 0.630500 0.473818 0.206120 0.091547 -0.076557 -0.184026 -0.417066 -0.592455 -0.726058 -0.793060 -0.864059 -0.923208 
26.289042 74947.812500 82 120 70 0.535102 0.545784 0.409833 0.988047 0.915113 0.787730 0.756202 0.643359 0.590695 0.326479 0.111583 -0.090149 -0.188666 -0.390384 -0.531150 -0.738517 -0.832510 -0.879587 -0.958904 0.983679 0.940464 0.766787 0.731294 0.661955 0.539297 0.241112 0.075628 -0.116026 -0.197885 -0.381993 -0.583146 -0.721402 -0.821976 -0.864096 -0.959719 
45.181980 98047.195312 76 64 68 0.342960 0.812355 0.957093 0.984444 0.974827 0.948417 0.858267 0.798061 0.751378 0.656426 0.372500 0.044447 -0.126075 -0.311687 -0.502717 -0.713537 -0.822277 -0.887252 -0.970724 0.987926 0.975098 0.925911 0.810762 0.749158 0.656141 0.529688 0.241333 -0.033462 -0.129287 -0.329046 -0.544710 -0.689327 -0.814593 -0.877638 -0.959269 
53.716831 364259.843750 68 68 68 0.954824 0.974135 0.941778 0.983818 0.974881 0.942803 0.824761 0.766483 0.720534 0.670469 0.604156 0.132846 -0.071275 -0.245334 -0.488292 -0.659776 -0.809525 -0.909692 -0.976872 0.984588 0.974516 0.950051 0.849542 0.795201 0.747766 0.683222 0.564704 0.086889 -0.087348 -0.318152 -0.490978 -0.690644 -0.807523 -0.911669 -0.977305 
56.454956 1494186.625000 68 68 70 0.970221 0.956888 0.924316 0.983931 0.974445 0.942534 0.767609 0.681582 0.654896 0.594977 0.559968 0.121114 -0.105199 -0.165600 -0.410509 -0.641711 -0.793156 -0.907028 -0.975970 0.983660 0.974502 0.939880 0.782893 0.721889 0.684971 0.636426 0.579620 0.146424 -0.069283 -0.224595 -0.490287 -0.655152 -0.803989 -0.910952 -0.977755 
55.900921 3920130.250000 70 70 72 0.954639 0.958055 0.982728 0.984612 0.974760 0.947492 0.755950 0.612401 0.556791 0.456366 0.380695 0.106141 -0.101940 -0.202747 -0.264615 -0.553044 -0.715724 -0.791466 -0.957918 0.984321 0.974581 0.945521 0.770898 0.649065 0.612162 0.539992 0.493820 0.128702 -0.104958 -0.155575 -0.248730 -0.558394 -0.750549 -0.883816 -0.970810 
56.317703 11984881.000000 72 72 74 0.979014 0.967279 0.979862 0.984316 0.975170 0.945853 0.748290 0.542449 0.430711 0.338530 0.247145 0.074547 -0.172920 -0.275883 -0.366889 -0.560618 -0.722645 -0.775305 -0.875829 0.984636 0.974569 0.949388 0.745731 0.575100 0.479077 0.386781 0.304889 0.067899 -0.163916 -0.249478 -0.344012 -0.579046 -0.716580 -0.764049 -0.923801 
55.962032 17903866.000000 74 74 76 0.982928 0.969877 0.978694 0.984666 0.976124 0.943929 0.709178 0.519822 0.388095 0.298736 0.167995 0.017660 -0.189389 -0.287220 -0.376532 -0.588392 -0.722070 -0.773710 -0.842258 0.984680 0.976703 0.942983 0.726336 0.537922 0.392938 0.317681 0.204534 0.037921 -0.192012 -0.285229 -0.354055 -0.570028 -0.715148 -0.766361 -0.839106 
54.272736 15279386.000000 76 78 78 0.968098 0.961554 0.979000 0.986454 0.975852 0.948411 0.720496 0.462645 0.319298 0.252136 0.117963 -0.021040 -0.220498 -0.338360 -0.425478 -0.568127 -0.727517 -0.763927 -0.888535 0.985887 0.977050 0.945503 0.706420 0.484613 0.351465 0.275035 0.130038 -0.014357 -0.208475 -0.315917 -0.399440 -0.587481 -0.732851 -0.776058 -0.840640 
53.423286 11240659.000000 78 78 78 0.975154 0.964376 0.938584 0.988332 0.978672 0.957525 0.737206 0.438018 0.296496 0.208947 0.114557 -0.049279 -0.195916 -0.384717 -0.453748 -0.603967 -0.720029 -0.790545 -0.976185 0.986924 0.976641 0.954876 0.729911 0.449234 0.314611 0.240702 0.119519 -0.019049 -0.200779 -0.355657 -0.437607 -0.557622 -0.720511 -0.766680 -0.883740 
51.412144 5581595.500000 78 80 80 0.931863 0.955863 0.974953 0.989398 0.977138 0.958906 0.799246 0.460255 0.281560 0.182283 0.105190 -0.044050 -0.162642 -0.390326 -0.468383 -0.571688 -0.674602 -0.799815 -0.977259 0.988802 0.978629 0.957434 0.766885 0.477653 0.265693 0.199548 0.100607 -0.041832 -0.199253 -0.381921 -0.467824 -0.578399 -0.711015 -0.778017 -0.975863 
51.766418 4660452.000000 80 80 80 0.979252 0.949104 0.978723 0.989231 0.980133 0.963420 0.802988 0.490822 0.289102 0.164994 0.101062 -0.041166 -0.165303 -0.384194 -0.475104 -0.560057 -0.710887 -0.784951 -0.933390 0.988730 0.979688 0.962241 0.754460 0.519863 0.318652 0.172689 0.111642 -0.033898 -0.161240 -0.380538 -0.466869 -0.556695 -0.690751 -0.793140 -0.963053 
51.443039 4478833.000000 80 78 78 0.973054 0.972245 0.988687 0.989100 0.979125 0.963980 0.846666 0.439020 0.276815 0.139762 0.090962 -0.073291 -0.158860 -0.404382 -0.474882 -0.611499 -0.769393 -0.823444 -0.939385 0.989371 0.978730 0.962816 0.818723 0.464032 0.282168 0.153215 0.097148 -0.065865 -0.168521 -0.406371 -0.477609 -0.587796 -0.728617 -0.834069 -0.946111 
51.477638 2306197.000000 78 76 74 0.978617 0.983754 0.974860 0.989684 0.979640 0.962383 0.914707 0.424289 0.271029 0.130040 0.078363 -0.039770 -0.139515 -0.376350 -0.460885 -0.575980 -0.761161 -0.847190 -0.946325 0.989711 0.979786 0.963850 0.877727 0.435839 0.259182 0.138849 0.080268 -0.049268 -0.159607 -0.376201 -0.464607 -0.565040 -0.764864 -0.828329 -0.932756 
52.086754 1230521.750000 74 72 70 0.973326 0.975727 0.974951 0.988649 0.981808 0.963316 0.937177 0.536444 0.282528 0.147557 0.080849 -0.019871 -0.109735 -0.313246 -0.447417 -0.687855 -0.805378 -0.882032 -0.944938 0.989587 0.981284 0.961617 0.935162 0.471831 0.239476 0.134353 0.067494 -0.026446 -0.130320 -0.344658 -0.456304 -0.573298 -0.785777 -0.839482 -0.958482 
51.982250 1123728.125000 70 66 64 0.961699 0.947384 0.961958 0.990440 0.981769 0.966432 0.938445 0.539343 0.185386 0.108663 0.008943 -0.054060 -0.156824 -0.295303 -0.467336 -0.648657 -0.765157 -0.842668 -0.927274 0.988491 0.981632 0.966321 0.939606 0.597428 0.245592 0.138283 0.064000 -0.016488 -0.102044 -0.256659 -0.407999 -0.671663 -0.799963 -0.892346 -0.949554 
49.073940 585232.500000 64 64 64 0.965130 0.965660 0.899551 0.993302 0.984223 0.970681 0.930083 0.563485 0.188195 0.076609 -0.001098 -0.099268 -0.175270 -0.354745 -0.561435 -0.710161 -0.805308 -0.872150 -0.917893 0.992836 0.983312 0.968359 0.924459 0.443847 0.170222 0.092038 -0.012609 -0.080528 -0.195280 -0.363090 -0.570088 -0.695669 -0.789246 -0.855738 -0.918346 
40.647751 72142.812500 64 66 62 0.855066 0.788557 0.603251 0.991963 0.983547 0.968850 0.869957 0.552482 0.374430 0.173099 0.052290 -0.083989 -0.213759 -0.337524 -0.534869 -0.712982 -0.819359 -0.879813 -0.923453 0.993224 0.984069 0.972150 0.927402 0.571138 0.321038 0.146786 -0.006127 -0.093920 -0.201389 -0.360113 -0.575777 -0.704074 -0.795194 -0.887229 -0.930405 
29.678362 23708.257812 64 56 68 0.625145 0.696198 0.731387 0.994157 0.986493 0.947899 0.799493 0.575634 0.405483 0.180990 0.103777 -0.020440 -0.125443 -0.299267 -0.504024 -0.651549 -0.805125 -0.901036 -0.956690 0.992390 0.982677 0.950041 0.821072 0.596196 0.339238 0.152763 0.070560 -0.041842 -0.169054 -0.302869 -0.487825 -0.674515 -0.793175 -0.877377 -0.943320 
21.811111 10574.157227 132 36 34 0.650230 0.441335 0.739535 0.989368 0.976937 0.908529 0.772140 0.622648 0.437039 0.228712 0.088466 -0.001250 -0.162915 -0.338789 -0.505030 -0.714899 -0.843329 -0.902217 -0.976680 0.992872 0.978989 0.928306 0.777485 0.596996 0.439575 0.197473 0.076981 -0.039525 -0.127669 -0.311768 -0.488925 -0.647274 -0.823693 -0.901251 -0.977396 
20.164146 7260.194824 32 138 136 0.514732 0.435355 0.665635 0.985582 0.973380 0.931774 0.816547 0.611418 0.426986 0.314873 0.184735 -0.041379 -0.199079 -0.374277 -0.505203 -0.724879 -0.861609 -0.918345 -0.979714 0.987326 0.977634 0.913796 0.799118 0.608248 0.472340 0.308893 0.144017 -0.005267 -0.173170 -0.382113 -0.561866 -0.744453 -0.848361 -0.911848 -0.970226 
18.766104 5648.840820 114 58 44 0.492419 0.644486 0.394220 0.988244 0.972711 0.935370 0.800303 0.657916 0.477418 0.333230 0.145092 -0.061769 -0.242499 -0.378946 -0.584953 -0.704124 -0.800228 -0.918992 -0.974758 0.989951 0.974619 0.925255 0.784316 0.631975 0.475207 0.314701 0.127652 -0.070715 -0.192061 -0.397382 -0.531334 -0.738894 -0.834033 -0.907563 -0.975389 
18.359957 5654.491699 122 142 74 0.398093 0.568924 0.597299 0.983788 0.969955 0.919313 0.818442 0.663567 0.479237 0.317466 0.133452 -0.071619 -0.197136 -0.387151 -0.506340 -0.680805 -0.818599 -0.918537 -0.973218 0.988114 0.974608 0.922399 0.816014 0.643029 0.491718 0.324198 0.132156 -0.068708 -0.239737 -0.377494 -0.510655 -0.687988 -0.826515 -0.931245 -0.968811 
15.545076 6946.489746 72 72 54 0.574498 0.574578 0.481188 0.990555 0.973893 0.907169 0.781833 0.596163 0.418433 0.346068 0.132165 -0.080552 -0.232839 -0.362520 -0.529562 -0.715175 -0.795824 -0.908739 -0.974711 0.982546 0.964143 0.909116 0.785958 0.608720 0.419970 0.334842 0.111089 -0.083436 -0.229826 -0.377710 -0.563577 -0.718500 -0.836302 -0.907837 -0.964147 
