49.588409 4402458.000000 20 162 54 0.000000 0.599788 0.835544 0.986751 0.973270 0.955240 0.807543 0.608844 0.579138 0.285790 0.147884 0.026924 -0.241950 -0.382260 -0.454461 -0.633634 -0.778262 -0.907819 -0.942102 0.984826 0.973341 0.894378 0.658389 0.551870 0.430817 0.200586 0.129138 -0.068024 -0.363758 -0.417961 -0.576103 -0.665376 -0.843177 -0.924053 -0.954694 
62.407516 19399484.000000 52 58 60 0.653108 0.944108 0.603487 0.980489 0.974233 0.951641 0.806385 0.628167 0.593147 0.340991 0.184939 0.109060 -0.207953 -0.350467 -0.417550 -0.625362 -0.770054 -0.806317 -0.871275 0.980101 0.972179 0.954123 0.829020 0.620261 0.593637 0.316917 0.154376 0.049446 -0.254867 -0.379402 -0.451911 -0.608129 -0.754311 -0.822453 -0.878278 
52.955803 561712.125000 60 58 60 0.827784 0.771472 0.524972 0.993815 0.979490 0.960242 0.893724 0.648249 0.591926 0.383298 0.203684 0.075766 -0.247357 -0.372291 -0.461457 -0.691840 -0.791652 -0.810894 -0.943514 0.985657 0.976379 0.957639 0.809188 0.647136 0.605552 0.349637 0.219905 0.116506 -0.179245 -0.320615 -0.431286 -0.636337 -0.768133 -0.799393 -0.891458 
46.140686 209772.953125 64 74 72 0.573716 0.733174 0.867073 0.994757 0.983865 0.946957 0.809179 0.652485 0.596550 0.441147 0.253132 0.115614 -0.109563 -0.350215 -0.461529 -0.655117 -0.773351 -0.820246 -0.952918 0.993555 0.980255 0.965478 0.852639 0.628674 0.579821 0.443054 0.241659 0.085180 -0.195234 -0.361482 -0.443502 -0.680445 -0.775930 -0.803604 -0.932440 
40.896778 65225.113281 72 58 58 0.881456 0.365456 0.696836 0.989373 0.976777 0.962556 0.854423 0.650698 0.579358 0.395113 0.222340 0.109201 -0.099456 -0.359006 -0.401954 -0.637718 -0.783527 -0.894389 -0.981917 0.992562 0.980157 0.956427 0.842316 0.641988 0.600604 0.400864 0.229955 0.111497 -0.091673 -0.340609 -0.438655 -0.653195 -0.786933 -0.835116 -0.978595 
35.815273 32056.544922 54 58 56 0.760451 0.590296 0.693259 0.989300 0.974241 0.959418 0.841774 0.624569 0.579733 0.422557 0.220218 0.166099 -0.134486 -0.370622 -0.427309 -0.694244 -0.800512 -0.913373 -0.974800 0.992022 0.978025 0.958600 0.838832 0.624817 0.577514 0.472850 0.229328 0.133809 -0.117336 -0.369805 -0.391332 -0.683790 -0.784450 -0.899917 -0.972634 
32.502335 11449.933594 58 58 62 0.623191 0.627352 0.706211 0.990194 0.976915 0.959061 0.808173 0.639058 0.608626 0.457283 0.186004 0.119993 -0.173478 -0.383871 -0.540863 -0.682162 -0.799799 -0.923755 -0.970080 0.990211 0.975951 0.962012 0.853145 0.634625 0.593292 0.449831 0.202275 0.142264 -0.188606 -0.369324 -0.448645 -0.673032 -0.794290 -0.918216 -0.978552 
27.731407 7753.278809 206 206 58 0.716350 0.494619 0.455351 0.993440 0.977603 0.953949 0.828294 0.628182 0.587966 0.440388 0.199569 0.072564 -0.219475 -0.396216 -0.556160 -0.742292 -0.806818 -0.923591 -0.971378 0.990036 0.975535 0.960405 0.801142 0.636704 0.608277 0.458308 0.204370 0.119014 -0.153523 -0.378979 -0.552319 -0.749050 -0.812389 -0.919299 -0.971459 
38.245090 2925021.500000 120 56 44 0.563022 0.494063 0.486514 0.980427 0.967251 0.926321 0.677229 0.611182 0.400682 0.146335 0.007667 -0.127665 -0.272719 -0.378734 -0.552965 -0.751141 -0.843635 -0.886427 -0.955508 0.994550 0.977596 0.921757 0.824128 0.605513 0.555443 0.383671 0.171155 0.055755 -0.237636 -0.381606 -0.567801 -0.718151 -0.834282 -0.925071 -0.969176 
64.233467 36508136.000000 34 50 24 0.547706 0.826404 0.722621 0.970951 0.967146 0.941077 0.806864 0.614037 0.571112 0.400995 0.255555 0.090413 -0.211641 -0.316282 -0.415321 -0.636876 -0.789053 -0.843114 -0.907427 0.976101 0.968883 0.943067 0.716120 0.595664 0.538130 0.333468 0.143604 -0.060589 -0.231120 -0.350574 -0.453279 -0.747672 -0.825678 -0.875576 -0.934153 
63.979912 64826116.000000 50 50 50 0.967430 0.960600 0.995826 0.972160 0.962347 0.925405 0.824283 0.593942 0.560777 0.306772 0.201729 0.104379 -0.157550 -0.385730 -0.423005 -0.595122 -0.758371 -0.815113 -0.862419 0.972458 0.965856 0.931203 0.815862 0.595369 0.562265 0.354026 0.219905 0.102287 -0.141083 -0.366340 -0.411940 -0.638023 -0.768231 -0.827684 -0.880783 
62.648388 120098912.000000 50 50 48 0.991099 0.965912 0.988708 0.970099 0.957447 0.915962 0.782321 0.599264 0.555670 0.262210 0.160978 0.080495 -0.188912 -0.363146 -0.416375 -0.636415 -0.766841 -0.853012 -0.890558 0.971117 0.958810 0.922283 0.822810 0.593527 0.559654 0.300683 0.180129 0.109827 -0.162282 -0.368147 -0.432866 -0.564466 -0.746597 -0.822962 -0.850609 
61.251293 120721712.000000 48 46 44 0.981727 0.959521 0.935695 0.968651 0.949586 0.908108 0.808203 0.602124 0.564231 0.300729 0.161247 0.014187 -0.166015 -0.373969 -0.440135 -0.622096 -0.768226 -0.874520 -0.891261 0.969560 0.956014 0.908938 0.771967 0.608001 0.551963 0.262815 0.150484 0.036686 -0.178884 -0.375319 -0.421611 -0.622202 -0.760017 -0.874859 -0.894351 
58.060093 22594952.000000 44 42 44 0.915667 0.908932 0.834992 0.982708 0.957732 0.912663 0.872973 0.622294 0.551037 0.258926 0.136659 0.039495 -0.151558 -0.376020 -0.438243 -0.589320 -0.769880 -0.857393 -0.906529 0.975319 0.951386 0.912298 0.855512 0.589724 0.550963 0.335587 0.157876 0.048226 -0.137984 -0.370865 -0.440796 -0.609177 -0.779372 -0.866982 -0.895926 
49.387100 16357975.000000 44 52 46 0.826500 0.561113 0.564892 0.977599 0.955120 0.882743 0.682187 0.563755 0.424001 0.225559 0.051635 -0.114598 -0.195207 -0.368527 -0.543654 -0.690126 -0.843861 -0.914662 -0.967496 0.985326 0.960935 0.904942 0.814331 0.609309 0.560724 0.252710 0.133381 -0.042898 -0.149860 -0.336243 -0.475697 -0.620220 -0.786462 -0.901921 -0.970105 
47.082764 11612882.000000 48 46 46 0.797684 0.777382 0.494849 0.967980 0.952433 0.882178 0.690351 0.529830 0.389350 0.204181 0.138030 -0.106685 -0.229795 -0.395792 -0.549371 -0.696350 -0.814688 -0.911202 -0.966172 0.969223 0.954593 0.873221 0.660712 0.544811 0.389380 0.183460 0.059852 -0.130005 -0.190358 -0.370999 -0.570951 -0.709862 -0.838649 -0.904898 -0.969732 
40.529663 3297802.500000 44 46 44 0.579710 0.791913 0.728212 0.969921 0.946732 0.855171 0.640908 0.581093 0.399055 0.274275 0.123494 -0.059203 -0.267061 -0.412269 -0.575515 -0.713918 -0.835675 -0.916368 -0.963803 0.967596 0.942891 0.871297 0.674790 0.567125 0.398923 0.237219 0.174524 -0.093099 -0.185139 -0.403462 -0.552781 -0.723403 -0.828989 -0.901756 -0.976267 
50.527664 2594713.750000 44 44 44 0.644651 0.537677 0.774538 0.987671 0.976512 0.932699 0.826879 0.665377 0.617866 0.501127 0.324472 0.040164 -0.117341 -0.244206 -0.453776 -0.690456 -0.798010 -0.871172 -0.960884 0.984928 0.970063 0.909082 0.743864 0.599225 0.521210 0.301356 0.168556 -0.002033 -0.180497 -0.390122 -0.562415 -0.709840 -0.810029 -0.879745 -0.959960 
55.308815 6888456.500000 44 44 44 0.810071 0.956105 0.945361 0.987547 0.971584 0.927768 0.775969 0.654446 0.611012 0.515699 0.357629 0.093057 -0.145274 -0.297011 -0.431363 -0.700812 -0.752984 -0.786331 -0.885313 0.988562 0.976195 0.918541 0.799993 0.650086 0.632363 0.555707 0.376642 0.086791 -0.103685 -0.266582 -0.446576 -0.712058 -0.772733 -0.833108 -0.950242 
55.511166 5974011.500000 44 46 48 0.960031 0.971206 0.908249 0.987161 0.970838 0.948262 0.742976 0.611747 0.586582 0.522872 0.332435 0.053549 -0.201100 -0.292474 -0.510424 -0.685506 -0.739204 -0.772740 -0.868593 0.986970 0.970853 0.935003 0.759366 0.636881 0.577130 0.524342 0.331491 0.056402 -0.168965 -0.299024 -0.464355 -0.677739 -0.747242 -0.789273 -0.844750 
50.379951 529140.562500 48 52 58 0.934796 0.838153 0.739679 0.992686 0.980342 0.944255 0.789277 0.628074 0.587633 0.484872 0.356784 0.076663 -0.143539 -0.315362 -0.511379 -0.676140 -0.744760 -0.796149 -0.941958 0.989904 0.975012 0.954179 0.751346 0.618371 0.591740 0.479703 0.331836 0.064404 -0.174281 -0.282281 -0.527112 -0.667559 -0.725985 -0.779796 -0.919992 
42.776226 179052.484375 58 62 46 0.829840 0.787631 0.676169 0.990686 0.975549 0.936582 0.779293 0.623486 0.568436 0.506827 0.331639 0.124878 -0.081673 -0.269265 -0.499499 -0.701664 -0.752140 -0.861356 -0.964356 0.992599 0.977256 0.944693 0.814269 0.609737 0.565828 0.486916 0.336226 0.113556 -0.091711 -0.302137 -0.466937 -0.687854 -0.744454 -0.803308 -0.957753 
36.774616 488190.687500 60 48 36 0.515296 0.780525 0.296300 0.982170 0.964857 0.909097 0.687093 0.612292 0.563400 0.412471 0.075916 -0.080345 -0.248766 -0.377633 -0.523558 -0.661495 -0.777413 -0.873650 -0.970297 0.985071 0.968805 0.939277 0.814412 0.631985 0.574970 0.515973 0.329557 0.116150 -0.077470 -0.285976 -0.424306 -0.683635 -0.756168 -0.879543 -0.969099 
49.667377 33699840.000000 170 22 54 0.432119 0.537780 0.801470 0.987814 0.976725 0.922723 0.639904 0.526062 0.224466 0.068556 -0.006023 -0.263416 -0.390451 -0.478319 -0.645348 -0.723252 -0.849393 -0.919080 -0.979298 0.968637 0.953387 0.773977 0.652336 0.499649 0.280417 0.054079 -0.031993 -0.260667 -0.339175 -0.509106 -0.633553 -0.687869 -0.843947 -0.919610 -0.968999 
57.416061 32761784.000000 54 60 62 0.761471 0.969372 0.985109 0.982032 0.976688 0.956543 0.693427 0.581278 0.455893 0.168442 0.090010 -0.071619 -0.314651 -0.437553 -0.576249 -0.666775 -0.742875 -0.857590 -0.968070 0.984227 0.975984 0.956778 0.671937 0.566530 0.398934 0.144143 0.078021 -0.126332 -0.334543 -0.421932 -0.561755 -0.688470 -0.747415 -0.873711 -0.961149 
58.716621 24497242.000000 62 62 62 0.957099 0.993009 0.964169 0.982805 0.977011 0.957059 0.714870 0.570712 0.474100 0.183802 0.098121 -0.041540 -0.304876 -0.430631 -0.537624 -0.655929 -0.731310 -0.816731 -0.890850 0.982646 0.977159 0.958481 0.706774 0.580253 0.470433 0.184704 0.104106 -0.038523 -0.292272 -0.425128 -0.548219 -0.658764 -0.733027 -0.818248 -0.917488 
52.222725 6256261.000000 62 62 64 0.966070 0.893007 0.725818 0.991507 0.976344 0.949706 0.755367 0.578554 0.489940 0.182009 0.087110 -0.111241 -0.354237 -0.447930 -0.556024 -0.703681 -0.782786 -0.882272 -0.941084 0.985586 0.976869 0.958907 0.732024 0.569730 0.478288 0.171898 0.097446 -0.019709 -0.307235 -0.429967 -0.543646 -0.659342 -0.740962 -0.837412 -0.926994 
46.501881 10838200.000000 62 62 62 0.657759 0.627368 0.775779 0.983508 0.975635 0.928180 0.615937 0.524801 0.261128 0.058343 -0.084219 -0.333391 -0.487457 -0.589420 -0.717995 -0.805276 -0.879748 -0.928705 -0.977219 0.991259 0.980097 0.954547 0.665055 0.557459 0.394781 0.138314 -0.004193 -0.260757 -0.423115 -0.516835 -0.666876 -0.769480 -0.844805 -0.915906 -0.971380 
53.381462 20272742.000000 62 62 62 0.820165 0.756431 0.825929 0.981592 0.972110 0.771880 0.594848 0.511242 0.165824 0.000152 -0.162844 -0.354007 -0.534594 -0.676860 -0.778388 -0.823902 -0.901456 -0.950919 -0.991801 0.980679 0.974665 0.846894 0.591242 0.513715 0.169920 0.004576 -0.156788 -0.410102 -0.529797 -0.658228 -0.757144 -0.827836 -0.894972 -0.933014 -0.981071 
53.983444 11758362.000000 60 62 62 0.712949 0.769562 0.705327 0.982859 0.972983 0.822422 0.598392 0.530124 0.292383 0.039861 -0.123326 -0.380666 -0.552401 -0.705959 -0.795824 -0.864591 -0.915089 -0.948240 -0.978882 0.985270 0.973960 0.787419 0.579440 0.497997 0.225084 0.023113 -0.194221 -0.432575 -0.537776 -0.677087 -0.772416 -0.834707 -0.907785 -0.943308 -0.991592 
54.297081 6374063.000000 30 30 30 0.581141 0.677959 0.610946 0.977755 0.957773 0.802678 0.607392 0.460013 0.212142 0.021249 -0.309970 -0.487141 -0.537379 -0.702836 -0.784821 -0.865698 -0.929078 -0.955814 -0.984565 0.980691 0.966955 0.811502 0.582850 0.503339 0.189603 0.018779 -0.255090 -0.453987 -0.521049 -0.682347 -0.787643 -0.855861 -0.927327 -0.948100 -0.981844 
49.960323 4538054.500000 62 62 80 0.661658 0.658221 0.437624 0.984991 0.963466 0.773167 0.617936 0.497102 0.199466 -0.033470 -0.234147 -0.425147 -0.556372 -0.712744 -0.788876 -0.850864 -0.912599 -0.950334 -0.988156 0.982907 0.961743 0.806469 0.626498 0.501874 0.222127 -0.030523 -0.222988 -0.448801 -0.527215 -0.698642 -0.782731 -0.860154 -0.917175 -0.950745 -0.987686 
42.691505 582927.062500 62 66 70 0.693422 0.469185 0.350217 0.982163 0.971706 0.918892 0.650313 0.569032 0.307264 0.080202 -0.066607 -0.335484 -0.466588 -0.664881 -0.760663 -0.846753 -0.923878 -0.956050 -0.980394 0.981966 0.969695 0.934413 0.636542 0.560414 0.271608 0.023735 -0.152921 -0.377791 -0.489441 -0.687003 -0.773109 -0.809040 -0.900548 -0.948345 -0.977877 
33.387329 138059.515625 24 84 94 0.460654 0.383748 0.659351 0.989945 0.955578 0.883858 0.731996 0.567275 0.436076 0.114387 -0.086358 -0.351125 -0.448339 -0.643260 -0.758099 -0.843826 -0.931116 -0.944177 -0.986653 0.984431 0.964527 0.899806 0.659164 0.567908 0.385900 0.074623 -0.114959 -0.406336 -0.521067 -0.682859 -0.766003 -0.833651 -0.928895 -0.947070 -0.974563 
28.870777 74211.914062 96 52 52 0.665580 0.477717 0.540776 0.982342 0.963116 0.903351 0.741786 0.601351 0.376264 0.145600 -0.081561 -0.430658 -0.522234 -0.628620 -0.771493 -0.848779 -0.929219 -0.957058 -0.984354 0.983290 0.966774 0.895070 0.724157 0.588380 0.392998 0.133553 -0.116430 -0.376640 -0.494760 -0.668995 -0.787870 -0.830766 -0.931422 -0.952334 -0.989966 
24.151670 40171.929688 48 24 52 0.549506 0.482840 0.425324 0.984220 0.965028 0.917911 0.736802 0.613246 0.476966 0.235351 -0.011155 -0.256922 -0.508045 -0.634584 -0.782272 -0.866653 -0.915283 -0.950292 -0.989580 0.982917 0.957270 0.889311 0.754916 0.568379 0.431591 0.154538 -0.030009 -0.360157 -0.513048 -0.602849 -0.758442 -0.852868 -0.907465 -0.948441 -0.982393 
49.603115 7075413.000000 108 20 116 0.454548 0.470909 0.609376 0.979724 0.963502 0.924554 0.825768 0.734687 0.610839 0.344257 0.233069 -0.030372 -0.161135 -0.325760 -0.648742 -0.733788 -0.788792 -0.917863 -0.970299 0.974914 0.938199 0.815845 0.727970 0.633786 0.478515 0.218891 0.113569 -0.080162 -0.258663 -0.457791 -0.672958 -0.754684 -0.858368 -0.931046 -0.973598 
58.806969 20366408.000000 54 68 72 0.841959 0.875561 0.979386 0.973179 0.961054 0.925880 0.817058 0.733344 0.575040 0.338882 0.268409 -0.067771 -0.143005 -0.279895 -0.570832 -0.723036 -0.740795 -0.845241 -0.965993 0.973157 0.961060 0.924221 0.823049 0.743845 0.603015 0.340563 0.269877 -0.073049 -0.153552 -0.301437 -0.585550 -0.729324 -0.748403 -0.885081 -0.962108 
56.988071 15051544.000000 72 74 76 0.966707 0.971028 0.948321 0.975849 0.959113 0.922610 0.817510 0.739262 0.608174 0.341911 0.283970 -0.036043 -0.132413 -0.249797 -0.479469 -0.696991 -0.740291 -0.856342 -0.960695 0.975589 0.959230 0.921896 0.808982 0.737017 0.587028 0.340370 0.261983 -0.032485 -0.138384 -0.260212 -0.548684 -0.701997 -0.739661 -0.810722 -0.953885 
56.067833 6115080.000000 76 78 80 0.941124 0.931882 0.895574 0.973421 0.957171 0.932098 0.849814 0.749496 0.625296 0.350653 0.280846 -0.000364 -0.124612 -0.223096 -0.509527 -0.672384 -0.726504 -0.842678 -0.952780 0.974356 0.958048 0.922883 0.831426 0.747383 0.614411 0.344492 0.274080 -0.013268 -0.129076 -0.239791 -0.482897 -0.676249 -0.732913 -0.839499 -0.961928 
54.959206 2839565.000000 82 82 82 0.923109 0.940209 0.933524 0.973119 0.959700 0.930969 0.842492 0.772838 0.652775 0.386717 0.298153 0.048420 -0.117998 -0.189168 -0.474921 -0.624219 -0.667529 -0.895092 -0.958008 0.974165 0.958564 0.930877 0.849348 0.758495 0.631409 0.364793 0.285526 0.021611 -0.122020 -0.222491 -0.513659 -0.651836 -0.700956 -0.884088 -0.952716 
54.814457 1947956.875000 82 82 82 0.944149 0.925950 0.931975 0.975265 0.963402 0.931749 0.850693 0.797128 0.671580 0.388785 0.280143 0.085721 -0.131488 -0.185953 -0.489428 -0.618253 -0.684038 -0.853002 -0.957937 0.974915 0.962069 0.931562 0.845811 0.785079 0.650030 0.383707 0.274611 0.037257 -0.124605 -0.201487 -0.512642 -0.633406 -0.699037 -0.844833 -0.962410 
53.655663 1064212.875000 82 82 82 0.947171 0.945864 0.965366 0.978149 0.969821 0.934573 0.857219 0.789757 0.655723 0.397693 0.309330 0.073884 -0.143543 -0.183638 -0.499993 -0.596653 -0.660566 -0.892120 -0.964927 0.976849 0.966609 0.932608 0.846448 0.803648 0.661966 0.365729 0.293704 0.071827 -0.142841 -0.190680 -0.493444 -0.602947 -0.666720 -0.869792 -0.963574 
53.678421 494156.812500 82 82 82 0.976665 0.987843 0.985936 0.979222 0.972654 0.944449 0.867246 0.818942 0.693076 0.404287 0.331934 0.127123 -0.161145 -0.194606 -0.498537 -0.610718 -0.761669 -0.924015 -0.972768 0.978517 0.971049 0.938366 0.868820 0.803323 0.661849 0.406995 0.316482 0.122119 -0.154209 -0.183500 -0.529870 -0.602699 -0.710105 -0.890407 -0.973630 
54.253540 260017.718750 82 82 82 0.988744 0.984049 0.966689 0.980146 0.974185 0.956433 0.879394 0.827184 0.748342 0.411107 0.319075 0.085464 -0.169703 -0.238161 -0.524906 -0.651387 -0.807570 -0.920775 -0.977413 0.979834 0.974056 0.950708 0.869340 0.823129 0.737753 0.460319 0.330656 0.131518 -0.157076 -0.218421 -0.504316 -0.658653 -0.801518 -0.920630 -0.972949 
53.093925 215321.187500 82 80 80 0.945053 0.970715 0.961485 0.984875 0.975099 0.961956 0.884387 0.830255 0.747584 0.369892 0.316881 0.064521 -0.192430 -0.337678 -0.553513 -0.616980 -0.795958 -0.910017 -0.975327 0.982645 0.974768 0.961167 0.887197 0.823425 0.740071 0.401475 0.326580 0.129303 -0.188657 -0.268856 -0.541600 -0.620434 -0.806849 -0.908912 -0.973062 
51.487614 207073.484375 80 78 76 0.959955 0.973497 0.962609 0.986480 0.977674 0.961716 0.896298 0.787376 0.749593 0.397486 0.310552 -0.013549 -0.227760 -0.376088 -0.562016 -0.587513 -0.717191 -0.895800 -0.972824 0.985598 0.976340 0.961581 0.895960 0.814426 0.747977 0.412754 0.332461 -0.006701 -0.200650 -0.353796 -0.549990 -0.589819 -0.773578 -0.895759 -0.975730 
52.187592 441210.687500 76 74 72 0.969295 0.951571 0.893494 0.986467 0.977586 0.961207 0.897170 0.705547 0.676952 0.373423 0.314346 0.032524 -0.233306 -0.340298 -0.541417 -0.582793 -0.668589 -0.848650 -0.968789 0.986899 0.977780 0.960931 0.899781 0.756275 0.712814 0.407970 0.309700 0.046915 -0.238909 -0.353633 -0.552466 -0.588552 -0.693694 -0.873378 -0.974872 
52.238583 846774.500000 72 70 66 0.940252 0.947493 0.908187 0.986105 0.980250 0.961916 0.791177 0.663325 0.636471 0.327855 0.258023 0.050720 -0.215286 -0.308477 -0.473674 -0.551935 -0.621212 -0.860807 -0.968834 0.986564 0.979782 0.961976 0.845844 0.680798 0.658167 0.332761 0.284388 0.020353 -0.228801 -0.312632 -0.518241 -0.570073 -0.643012 -0.850184 -0.966944 
49.781246 344798.437500 66 62 62 0.927464 0.930542 0.846321 0.987357 0.978402 0.967726 0.813884 0.662604 0.617164 0.338262 0.238218 0.117685 -0.258843 -0.400369 -0.513165 -0.569115 -0.700128 -0.838654 -0.967501 0.986345 0.979034 0.966917 0.811556 0.656542 0.626130 0.320509 0.239302 0.080135 -0.225563 -0.328972 -0.480916 -0.541611 -0.642870 -0.861340 -0.968796 
46.679443 5765019.000000 60 60 60 0.804186 0.764438 0.673214 0.988659 0.977168 0.936562 0.705359 0.587227 0.338841 0.024568 -0.229057 -0.371767 -0.468174 -0.591379 -0.673577 -0.735673 -0.809978 -0.909402 -0.949489 0.987639 0.976250 0.963548 0.746162 0.650685 0.575126 0.261556 0.177119 -0.293630 -0.418552 -0.511103 -0.615593 -0.687756 -0.785927 -0.883064 -0.929854 
56.621323 7157585.000000 62 66 64 0.729881 0.517787 0.465713 0.984206 0.976888 0.865971 0.650832 0.566956 0.187031 -0.067896 -0.295201 -0.434918 -0.532920 -0.660717 -0.723507 -0.779917 -0.825741 -0.876559 -0.960270 0.988526 0.975589 0.911276 0.709093 0.553204 0.268477 -0.084363 -0.330088 -0.459074 -0.579586 -0.643881 -0.717402 -0.756208 -0.806984 -0.863554 -0.950364 
40.811672 339887.781250 62 52 62 0.467961 0.648205 0.755343 0.985771 0.975638 0.919517 0.701870 0.588452 0.354966 0.060650 -0.251534 -0.418579 -0.519884 -0.685815 -0.733485 -0.766328 -0.824238 -0.862362 -0.973504 0.985910 0.968163 0.874017 0.692300 0.550168 0.319500 0.036413 -0.166324 -0.375260 -0.474518 -0.585167 -0.715510 -0.757591 -0.813253 -0.887291 -0.971020 
34.198845 860520.875000 32 78 86 0.529151 0.545467 0.484549 0.976669 0.960738 0.729454 0.628866 0.477114 0.271313 0.110546 -0.010012 -0.138177 -0.267633 -0.486215 -0.650384 -0.716026 -0.781446 -0.839327 -0.960059 0.983979 0.974313 0.889747 0.766613 0.600087 0.400894 0.132797 -0.150483 -0.368870 -0.512400 -0.657885 -0.710266 -0.748013 -0.799037 -0.875409 -0.962187 
51.760540 41984252.000000 62 78 116 0.575019 0.676472 0.494201 0.964459 0.922315 0.624713 0.608406 0.466665 0.161005 -0.027050 -0.075000 -0.163634 -0.327162 -0.457958 -0.610144 -0.759204 -0.858498 -0.909350 -0.966733 0.972001 0.924851 0.658467 0.614358 0.421766 0.214986 0.028350 -0.040484 -0.144140 -0.312876 -0.480247 -0.604756 -0.724294 -0.864037 -0.908723 -0.974325 
45.702675 3257718.000000 42 196 52 0.417134 0.338241 0.543231 0.971955 0.963340 0.812982 0.669001 0.616898 0.424583 0.070262 -0.044414 -0.116739 -0.287372 -0.460273 -0.617187 -0.760456 -0.843879 -0.917162 -0.981711 0.969750 0.956855 0.739501 0.634063 0.613151 0.331983 0.028374 -0.053428 -0.151226 -0.309646 -0.484540 -0.599248 -0.729656 -0.854779 -0.909625 -0.956979 
33.462440 419781.437500 52 48 52 0.440384 0.501121 0.298216 0.983000 0.944614 0.781812 0.631322 0.591706 0.291663 0.026472 -0.089018 -0.155038 -0.291579 -0.433342 -0.596517 -0.723307 -0.801766 -0.898333 -0.973029 0.970067 0.956094 0.737467 0.623574 0.582622 0.242025 -0.008332 -0.085673 -0.157069 -0.294949 -0.446909 -0.662967 -0.749263 -0.820799 -0.903948 -0.984486 
28.667479 236613.500000 84 88 36 0.278336 0.519207 0.378813 0.979543 0.952184 0.815786 0.637174 0.608929 0.345509 0.014849 -0.044628 -0.145841 -0.327409 -0.426900 -0.640385 -0.735326 -0.802449 -0.878985 -0.965783 0.981804 0.956328 0.758200 0.651835 0.562362 0.273659 0.034460 -0.073554 -0.135343 -0.322148 -0.429744 -0.583630 -0.723576 -0.796992 -0.880195 -0.981014 
42.632786 7704377.500000 150 94 82 0.323789 0.401984 0.357181 0.968306 0.945697 0.838195 0.724499 0.662639 0.593980 0.303145 0.103674 -0.013913 -0.254559 -0.420927 -0.541046 -0.628845 -0.761990 -0.867110 -0.959489 0.971281 0.927514 0.823319 0.666336 0.608660 0.486755 0.115951 -0.033133 -0.103449 -0.291444 -0.503551 -0.622131 -0.768847 -0.814054 -0.905926 -0.948479 
47.814720 6476475.500000 110 48 98 0.337957 0.682929 0.540914 0.968217 0.962612 0.788181 0.693955 0.643594 0.541574 0.224066 0.059777 -0.135998 -0.336717 -0.487504 -0.562000 -0.714309 -0.820516 -0.929765 -0.980795 0.966760 0.949281 0.810315 0.697142 0.644147 0.592332 0.261157 0.090588 -0.021887 -0.288045 -0.473504 -0.545857 -0.649699 -0.770905 -0.874540 -0.981986 
50.353893 2507370.500000 46 50 54 0.496276 0.665884 0.753170 0.988899 0.973790 0.924239 0.882818 0.747802 0.658554 0.467856 0.178573 -0.005085 -0.164108 -0.375092 -0.553271 -0.697633 -0.759197 -0.905186 -0.976813 0.988507 0.966873 0.884548 0.762180 0.689259 0.624725 0.305272 0.154390 -0.098060 -0.260914 -0.440924 -0.585894 -0.709347 -0.804206 -0.923954 -0.971948 
53.976116 1757606.500000 52 54 56 0.832958 0.956252 0.957975 0.992508 0.986028 0.926567 0.841865 0.741941 0.631708 0.385279 0.199068 0.043885 -0.168852 -0.240455 -0.431482 -0.614498 -0.729875 -0.845632 -0.969044 0.992228 0.983413 0.934416 0.854016 0.778470 0.644689 0.463106 0.223782 -0.041773 -0.174899 -0.305712 -0.532219 -0.660639 -0.770947 -0.910289 -0.975604 
54.320988 1075104.875000 54 56 58 0.973153 0.975958 0.979958 0.992702 0.985029 0.940407 0.859801 0.774117 0.652419 0.329320 0.155198 0.082161 -0.159303 -0.229314 -0.366293 -0.632539 -0.696699 -0.851914 -0.973369 0.992589 0.985700 0.927845 0.847539 0.752218 0.648016 0.321885 0.186868 0.033524 -0.161106 -0.228557 -0.402908 -0.609757 -0.706510 -0.801600 -0.963926 
51.563244 366533.781250 58 60 62 0.969873 0.942919 0.927663 0.992252 0.983751 0.952835 0.849824 0.796660 0.656532 0.470341 0.152391 -0.008229 -0.156064 -0.253864 -0.511074 -0.679560 -0.782274 -0.889211 -0.948118 0.992654 0.985084 0.942200 0.860101 0.786302 0.657436 0.446732 0.164723 0.103734 -0.168161 -0.250195 -0.394980 -0.628679 -0.751081 -0.901565 -0.970419 
43.389507 71788.867188 62 62 48 0.942114 0.783803 0.510803 0.992572 0.984696 0.923380 0.841659 0.716745 0.617082 0.425973 0.156695 0.050022 -0.266812 -0.359421 -0.486484 -0.673352 -0.794675 -0.896837 -0.960368 0.992580 0.983455 0.959967 0.852225 0.769429 0.640546 0.412209 0.116347 -0.016337 -0.214583 -0.355881 -0.505644 -0.669722 -0.778875 -0.885305 -0.945245 
39.570152 2442566.750000 56 54 26 0.572847 0.718005 0.530755 0.984688 0.969588 0.924815 0.823185 0.676783 0.379999 0.064970 0.022853 -0.155263 -0.281864 -0.450286 -0.604469 -0.721548 -0.857936 -0.919291 -0.960743 0.991982 0.983493 0.897602 0.838665 0.695551 0.646158 0.448508 0.171344 0.039324 -0.187928 -0.354298 -0.520080 -0.686459 -0.821510 -0.912175 -0.975712 
46.647507 7907841.000000 26 118 116 0.609951 0.491627 0.549642 0.984231 0.952985 0.869174 0.722957 0.576891 0.242215 0.072312 -0.064830 -0.272985 -0.442773 -0.573261 -0.703389 -0.765825 -0.830294 -0.881329 -0.975700 0.976658 0.965551 0.921787 0.788392 0.602572 0.258594 0.038863 -0.011413 -0.218568 -0.382164 -0.533415 -0.644696 -0.718884 -0.815989 -0.905118 -0.968118 
42.190826 3905316.750000 116 116 78 0.598993 0.517866 0.452525 0.984506 0.942050 0.874872 0.729151 0.603669 0.304552 0.104504 -0.083075 -0.248115 -0.444451 -0.614461 -0.736798 -0.785408 -0.874476 -0.929893 -0.962251 0.989964 0.954383 0.851276 0.732683 0.559528 0.321337 0.120151 -0.047766 -0.312702 -0.470758 -0.597666 -0.736713 -0.801419 -0.862432 -0.911254 -0.952285 
35.334766 938415.937500 78 58 42 0.462947 0.383451 0.528470 0.975267 0.933960 0.856815 0.705659 0.577468 0.263282 0.037340 -0.088473 -0.260188 -0.402456 -0.554890 -0.713746 -0.759933 -0.874923 -0.927708 -0.966216 0.977233 0.932825 0.859811 0.719028 0.588416 0.328491 0.081723 -0.076891 -0.248835 -0.425250 -0.605626 -0.725616 -0.774694 -0.877650 -0.925133 -0.981499 
51.126511 4552485.500000 44 44 48 0.418251 0.770072 0.911090 0.986829 0.970000 0.933061 0.881824 0.789592 0.694626 0.281057 0.003369 -0.118708 -0.267792 -0.371348 -0.600239 -0.699572 -0.783765 -0.884335 -0.968287 0.988275 0.972218 0.931108 0.862003 0.673347 0.426559 0.165617 -0.085460 -0.217065 -0.356565 -0.566885 -0.686657 -0.756735 -0.862397 -0.918447 -0.948549 
59.527229 63217688.000000 48 50 52 0.937811 0.867766 0.957878 0.975669 0.955309 0.913572 0.801309 0.709783 0.651121 0.271298 0.020446 -0.030674 -0.226945 -0.345100 -0.423376 -0.583257 -0.705963 -0.770992 -0.944845 0.979219 0.958676 0.920680 0.827317 0.762029 0.668705 0.261779 -0.005032 -0.058589 -0.240925 -0.349450 -0.454360 -0.650011 -0.729373 -0.817923 -0.971373 
59.437061 63817872.000000 52 52 52 0.976403 0.981513 0.989910 0.976872 0.957083 0.920098 0.736885 0.646020 0.599538 0.291036 0.087158 0.001403 -0.162715 -0.335953 -0.424402 -0.563818 -0.712295 -0.760993 -0.882638 0.975059 0.955043 0.915112 0.775831 0.662570 0.634446 0.295021 0.041596 -0.003287 -0.186932 -0.331671 -0.434518 -0.551870 -0.709091 -0.759226 -0.888931 
58.331635 45078172.000000 52 52 52 0.991051 0.982162 0.982168 0.979293 0.963158 0.930980 0.791219 0.568583 0.463795 0.276160 0.133262 0.064045 -0.142187 -0.347080 -0.411737 -0.552336 -0.694180 -0.758778 -0.882696 0.979253 0.960247 0.924956 0.772240 0.597414 0.526582 0.292685 0.126490 0.029761 -0.154104 -0.333478 -0.409990 -0.539430 -0.703235 -0.756506 -0.837752 
58.321045 37528364.000000 52 52 52 0.965740 0.978008 0.951696 0.981811 0.966967 0.939822 0.803988 0.521960 0.368812 0.289067 0.133527 0.063864 -0.160307 -0.365179 -0.422935 -0.557059 -0.703189 -0.763915 -0.918533 0.980440 0.965471 0.938036 0.805329 0.506274 0.411667 0.265450 0.128240 0.062411 -0.164305 -0.357391 -0.418990 -0.561794 -0.705931 -0.763286 -0.887838 
57.837353 27712410.000000 52 50 52 0.936442 0.977011 0.952367 0.987074 0.970827 0.952011 0.810031 0.435954 0.339345 0.261786 0.129728 0.058047 -0.145910 -0.375993 -0.426498 -0.585107 -0.695711 -0.777894 -0.942725 0.984224 0.968707 0.945598 0.795848 0.497629 0.347664 0.286822 0.133821 0.065804 -0.150292 -0.364818 -0.426248 -0.565801 -0.708393 -0.771132 -0.927710 
57.069782 12951512.000000 50 50 50 0.970647 0.975703 0.974131 0.988988 0.973623 0.953582 0.888668 0.441671 0.340947 0.248240 0.156250 0.049777 -0.162507 -0.388139 -0.427651 -0.597639 -0.680776 -0.808898 -0.951828 0.988234 0.972162 0.953168 0.862025 0.431160 0.335435 0.247263 0.142208 0.050975 -0.137950 -0.382665 -0.429549 -0.598973 -0.693281 -0.775635 -0.943034 
54.884239 1515402.375000 50 52 52 0.973734 0.928425 0.980087 0.992230 0.983720 0.950510 0.890026 0.665731 0.475327 0.332562 0.217777 0.072871 -0.028604 -0.364219 -0.407546 -0.572350 -0.691945 -0.835735 -0.963135 0.990074 0.975794 0.952777 0.890530 0.545590 0.382749 0.298576 0.201575 0.085560 -0.123058 -0.388167 -0.423345 -0.601846 -0.676738 -0.826479 -0.954586 
52.930752 562983.375000 52 52 56 0.988338 0.969295 0.949712 0.993155 0.988280 0.953735 0.895173 0.654396 0.428286 0.332715 0.194746 0.074424 -0.021979 -0.320074 -0.409993 -0.565825 -0.698376 -0.855848 -0.974897 0.992904 0.987303 0.944185 0.902572 0.668626 0.463473 0.331040 0.205224 0.081451 0.012418 -0.329283 -0.417211 -0.554921 -0.675604 -0.847150 -0.965881 
48.497925 229362.218750 56 56 58 0.929848 0.814398 0.843114 0.992092 0.979973 0.964508 0.868435 0.647445 0.554783 0.325656 0.215036 0.099092 0.030826 -0.357046 -0.397830 -0.529651 -0.750715 -0.890213 -0.975169 0.992760 0.983628 0.957964 0.911979 0.658583 0.495378 0.326728 0.198562 0.101612 -0.010720 -0.341886 -0.416664 -0.556085 -0.732330 -0.883071 -0.973848 
40.290909 99470.765625 58 54 52 0.929286 0.596991 0.784617 0.991149 0.969253 0.931499 0.868987 0.621200 0.493252 0.384100 0.201303 0.085938 0.023941 -0.367329 -0.411161 -0.584259 -0.737533 -0.874621 -0.977939 0.992136 0.980555 0.955796 0.805696 0.633966 0.517290 0.359564 0.242959 0.109365 0.028414 -0.354406 -0.386856 -0.528205 -0.744245 -0.883703 -0.978219 
37.075558 75048.515625 52 52 52 0.733283 0.901877 0.960594 0.992746 0.982530 0.933195 0.847291 0.626179 0.432427 0.313122 0.217571 0.078815 0.052713 -0.318563 -0.422562 -0.589865 -0.799278 -0.899868 -0.966570 0.992351 0.980449 0.937361 0.868532 0.625623 0.479103 0.326529 0.218969 0.081896 0.061180 -0.340460 -0.439827 -0.602539 -0.755476 -0.892805 -0.970520 
34.540421 35393.082031 52 52 52 0.924345 0.954330 0.777325 0.992945 0.986735 0.927863 0.835983 0.532953 0.417014 0.340812 0.216363 0.077851 0.040281 -0.297093 -0.470848 -0.679093 -0.798937 -0.899346 -0.967181 0.992349 0.983942 0.935420 0.854788 0.578678 0.405551 0.326306 0.214736 0.077557 0.044218 -0.265778 -0.424164 -0.669934 -0.783545 -0.913703 -0.977924 
25.600166 12919.292969 52 50 206 0.805921 0.669002 0.501093 0.992139 0.978880 0.893910 0.798902 0.554236 0.401305 0.333432 0.116723 0.035422 -0.125452 -0.394708 -0.521029 -0.712723 -0.810413 -0.909383 -0.977551 0.991955 0.984572 0.917581 0.773165 0.558727 0.406239 0.346300 0.147910 0.076993 -0.006406 -0.318775 -0.491315 -0.675459 -0.805798 -0.907401 -0.985275 
17.960615 10386.540039 62 52 52 0.601015 0.679333 0.712890 0.986948 0.963420 0.893722 0.760790 0.587703 0.457970 0.369670 0.167561 0.018249 -0.223061 -0.389712 -0.549397 -0.676593 -0.837725 -0.913178 -0.970833 0.989597 0.969516 0.892650 0.770861 0.580216 0.432851 0.378021 0.175739 0.007594 -0.125838 -0.383532 -0.546811 -0.685945 -0.816053 -0.920785 -0.983452 
18.430651 6922.819824 104 102 104 0.663099 0.647572 0.457962 0.983961 0.966162 0.913300 0.790255 0.654196 0.463655 0.301962 0.172139 -0.027061 -0.256919 -0.387943 -0.500919 -0.697711 -0.830699 -0.918112 -0.979567 0.979156 0.961369 0.916688 0.809151 0.604571 0.495309 0.337903 0.218211 0.013510 -0.228382 -0.374212 -0.512613 -0.716169 -0.835404 -0.927066 -0.979326 
17.731558 5912.575684 44 116 114 0.378481 0.402190 0.486964 0.988855 0.966699 0.909171 0.815587 0.643109 0.453739 0.332896 0.205679 0.030800 -0.268940 -0.387794 -0.494814 -0.726380 -0.807520 -0.909879 -0.974220 0.990105 0.970946 0.916958 0.809432 0.660911 0.433770 0.313290 0.198198 -0.009444 -0.292043 -0.386776 -0.521767 -0.685559 -0.826711 -0.918173 -0.973288 
53.533661 35573508.000000 56 48 48 0.449808 0.487198 0.948093 0.980707 0.970718 0.937074 0.670928 0.604558 0.498270 0.299332 0.206615 0.011879 -0.257445 -0.383639 -0.553272 -0.698870 -0.752656 -0.883290 -0.959267 0.989041 0.960326 0.732822 0.676698 0.619998 0.474103 0.178773 0.135193 -0.022648 -0.341757 -0.493017 -0.566505 -0.693746 -0.835291 -0.928323 -0.967253 
62.419449 59210928.000000 48 48 48 0.905476 0.986585 0.993907 0.975590 0.965182 0.951552 0.721459 0.598335 0.453780 0.293591 0.227548 0.095462 -0.219066 -0.369842 -0.457592 -0.631099 -0.714424 -0.773283 -0.945158 0.978442 0.966208 0.952503 0.721395 0.595644 0.482659 0.295732 0.251875 0.083002 -0.241811 -0.339905 -0.487675 -0.649544 -0.731716 -0.774723 -0.942485 
63.636402 95624480.000000 48 46 46 0.995279 0.970080 0.970074 0.974285 0.962732 0.943974 0.741530 0.575179 0.452639 0.281441 0.195101 0.104627 -0.242456 -0.363594 -0.481330 -0.598400 -0.742029 -0.770907 -0.917497 0.975171 0.964322 0.950268 0.731505 0.586425 0.441500 0.282932 0.211548 0.084331 -0.222165 -0.381377 -0.447793 -0.608845 -0.723849 -0.768832 -0.939262 
61.437874 109883496.000000 46 44 44 0.981632 0.989472 0.970918 0.978369 0.961021 0.927663 0.740258 0.566690 0.477755 0.275809 0.152975 0.094790 -0.221352 -0.403117 -0.447063 -0.648416 -0.739628 -0.787340 -0.837518 0.975357 0.961133 0.934918 0.736034 0.569888 0.459281 0.296041 0.183562 0.090292 -0.218314 -0.374819 -0.474502 -0.614709 -0.715217 -0.787435 -0.853548 
54.737938 31692224.000000 44 46 46 0.976472 0.925822 0.786477 0.987367 0.971164 0.902586 0.709578 0.562031 0.475734 0.245517 0.154214 -0.095047 -0.301920 -0.492796 -0.604592 -0.728266 -0.812333 -0.884517 -0.932505 0.983948 0.965199 0.919550 0.751482 0.598960 0.514546 0.328828 0.160711 0.118104 -0.157115 -0.406116 -0.448533 -0.675513 -0.750817 -0.805488 -0.864810 
48.726673 35878824.000000 48 46 44 0.515856 0.911686 0.399878 0.966604 0.958897 0.846565 0.609863 0.484923 0.343058 0.096199 -0.005829 -0.141119 -0.271741 -0.464815 -0.585178 -0.746956 -0.844772 -0.918469 -0.974840 0.971991 0.962552 0.905128 0.683146 0.543969 0.409121 0.222703 0.014783 -0.058494 -0.161047 -0.373757 -0.538252 -0.710400 -0.820652 -0.887334 -0.956186 
49.820919 36440084.000000 46 46 46 0.598234 0.459891 0.823321 0.968534 0.955867 0.772601 0.592337 0.486397 0.205941 0.090634 -0.099384 -0.177466 -0.362108 -0.520562 -0.672106 -0.751989 -0.848604 -0.916479 -0.988484 0.969502 0.949434 0.805739 0.567810 0.484822 0.276411 0.099587 -0.093995 -0.187887 -0.329448 -0.476566 -0.628843 -0.738670 -0.833559 -0.916529 -0.971666 
44.582237 16682687.000000 46 48 46 0.779784 0.877164 0.687987 0.976245 0.951342 0.780678 0.613887 0.529460 0.338311 0.253298 0.010254 -0.135076 -0.302140 -0.469945 -0.634565 -0.753135 -0.824464 -0.925762 -0.985246 0.976187 0.960590 0.817406 0.609605 0.528485 0.258570 0.188821 0.000913 -0.172009 -0.343783 -0.474436 -0.651013 -0.758721 -0.840992 -0.912347 -0.985870 
48.384266 10084802.000000 48 50 52 0.617566 0.754061 0.911619 0.988220 0.971644 0.935740 0.747644 0.646034 0.572929 0.268331 0.152285 -0.037986 -0.220163 -0.406295 -0.586617 -0.729287 -0.817249 -0.913359 -0.979643 0.985429 0.967121 0.787889 0.633467 0.604113 0.371984 0.264418 0.079639 -0.115366 -0.307464 -0.444904 -0.621961 -0.751581 -0.839369 -0.915476 -0.975794 
54.892353 6895008.500000 50 54 58 0.900723 0.935353 0.869732 0.984919 0.971784 0.939910 0.772962 0.684673 0.637973 0.516218 0.276921 0.027794 -0.137136 -0.311799 -0.574789 -0.676436 -0.778007 -0.898166 -0.971958 0.988065 0.973888 0.941426 0.761251 0.674706 0.621283 0.431256 0.192988 0.007452 -0.175060 -0.335184 -0.580926 -0.706246 -0.807918 -0.914251 -0.983183 
58.259949 11827572.000000 58 62 64 0.852763 0.956103 0.973422 0.981861 0.975683 0.927057 0.766880 0.700496 0.652084 0.444610 0.197238 -0.005512 -0.170963 -0.299104 -0.566050 -0.642423 -0.739034 -0.822571 -0.967054 0.981377 0.973760 0.929813 0.766587 0.686560 0.630589 0.521354 0.240280 -0.022002 -0.159829 -0.294356 -0.571812 -0.661731 -0.759558 -0.854367 -0.967246 
57.183182 8152411.000000 64 66 68 0.986366 0.974196 0.954044 0.983469 0.976907 0.933158 0.786389 0.727816 0.600098 0.348965 0.095445 -0.077008 -0.171762 -0.365056 -0.531831 -0.583108 -0.714688 -0.784975 -0.946269 0.982716 0.976556 0.931028 0.770223 0.709712 0.633609 0.354093 0.195288 -0.038818 -0.153636 -0.331748 -0.551718 -0.602640 -0.731619 -0.795831 -0.951166 
52.675011 1866653.625000 68 72 72 0.956540 0.926050 0.950678 0.986459 0.980770 0.941323 0.819590 0.738655 0.568049 0.351834 0.056227 -0.051428 -0.171070 -0.368850 -0.482819 -0.587784 -0.733485 -0.801672 -0.951614 0.984557 0.976333 0.934889 0.802033 0.737126 0.528567 0.320569 0.085321 -0.045106 -0.198363 -0.384608 -0.508628 -0.591827 -0.702288 -0.787280 -0.963154 
51.226276 719555.750000 72 74 76 0.939844 0.892181 0.902726 0.987033 0.982726 0.948778 0.837742 0.736944 0.623639 0.440009 0.044709 -0.071756 -0.193396 -0.330968 -0.540176 -0.692232 -0.749273 -0.819541 -0.947588 0.987564 0.981574 0.948947 0.815791 0.744762 0.609528 0.422521 0.055952 -0.049203 -0.179876 -0.397682 -0.513420 -0.677230 -0.745833 -0.788976 -0.941665 
47.110695 333698.875000 76 80 82 0.843317 0.867151 0.790110 0.987561 0.980103 0.948869 0.857757 0.760718 0.601740 0.477825 0.087092 -0.064762 -0.190908 -0.405505 -0.573888 -0.727420 -0.782736 -0.871388 -0.944378 0.987609 0.981624 0.952165 0.842891 0.730253 0.632611 0.441177 0.080540 -0.086900 -0.226499 -0.429062 -0.535551 -0.714048 -0.772569 -0.870732 -0.944216 
51.138760 5331460.500000 82 82 76 0.693369 0.837057 0.791083 0.979988 0.970754 0.939620 0.842651 0.778746 0.641332 0.149989 -0.004897 -0.083477 -0.271900 -0.380708 -0.625620 -0.735728 -0.835455 -0.914215 -0.977057 0.987403 0.979721 0.933243 0.855859 0.763809 0.607076 0.410869 -0.003761 -0.064497 -0.327286 -0.482709 -0.669594 -0.746502 -0.826525 -0.912656 -0.971558 
58.051003 8743674.000000 76 78 80 0.830835 0.933888 0.917908 0.977080 0.969665 0.943454 0.792026 0.696094 0.656972 0.284176 0.097499 0.032651 -0.174843 -0.297169 -0.406688 -0.677216 -0.778191 -0.813784 -0.925574 0.977437 0.968988 0.947333 0.822000 0.754584 0.683971 0.169862 0.032392 -0.037253 -0.228404 -0.325004 -0.489680 -0.703322 -0.781970 -0.828113 -0.948217 
55.125389 17453678.000000 80 84 84 0.921799 0.934634 0.948485 0.978369 0.973305 0.926883 0.668420 0.606273 0.503236 0.233380 0.142681 0.038836 -0.230521 -0.308015 -0.470514 -0.679935 -0.782089 -0.813731 -0.926029 0.978168 0.971839 0.933516 0.727005 0.645194 0.602670 0.260031 0.132422 0.061532 -0.172800 -0.293609 -0.405672 -0.636648 -0.763711 -0.805512 -0.879092 
54.597092 7370724.500000 84 86 86 0.959372 0.927750 0.943518 0.980202 0.975371 0.948435 0.709378 0.510268 0.400431 0.275110 0.164273 0.030523 -0.195846 -0.298699 -0.410044 -0.659277 -0.745570 -0.809773 -0.839245 0.979337 0.974912 0.945090 0.676881 0.557614 0.426839 0.248602 0.155729 0.031602 -0.201230 -0.305845 -0.422675 -0.662023 -0.754008 -0.806788 -0.844166 
50.308502 1103990.875000 86 84 84 0.936047 0.940648 0.945979 0.983970 0.976221 0.961187 0.800933 0.582860 0.422845 0.348208 0.225806 0.109096 -0.197690 -0.290752 -0.391362 -0.682871 -0.755267 -0.814835 -0.890925 0.983876 0.976705 0.958079 0.720187 0.522602 0.406526 0.303212 0.190977 0.070002 -0.168958 -0.295306 -0.411628 -0.657725 -0.758621 -0.812978 -0.863315 
51.789631 1174225.250000 84 76 86 0.931400 0.789226 0.600623 0.983451 0.975689 0.967450 0.879006 0.528983 0.427707 0.333177 0.233942 -0.034845 -0.254198 -0.331531 -0.497866 -0.704196 -0.779517 -0.822294 -0.875818 0.984031 0.975145 0.962190 0.824637 0.562468 0.438056 0.342798 0.239433 -0.024104 -0.230568 -0.334730 -0.451921 -0.684907 -0.756437 -0.817170 -0.853159 
53.581863 1843161.375000 88 90 86 0.501388 0.555444 0.540637 0.981480 0.973312 0.961001 0.864190 0.591109 0.546412 0.325411 0.229870 -0.037848 -0.203526 -0.295236 -0.426793 -0.690773 -0.763375 -0.806821 -0.877267 0.982348 0.973489 0.959760 0.832862 0.569225 0.484354 0.341592 0.264522 -0.031879 -0.220912 -0.318495 -0.464468 -0.707935 -0.767676 -0.815767 -0.864587 
55.874973 6565346.000000 86 152 150 0.553111 0.857845 0.878976 0.976925 0.968885 0.947812 0.749572 0.646619 0.594864 0.343742 0.251259 0.082268 -0.143136 -0.233537 -0.387545 -0.685190 -0.753249 -0.802441 -0.875061 0.981642 0.971189 0.956767 0.832719 0.615337 0.578238 0.345233 0.240349 -0.003919 -0.171292 -0.266751 -0.413410 -0.682302 -0.752819 -0.801341 -0.885049 
57.113895 1295073.000000 72 72 76 0.755942 0.918712 0.734066 0.981117 0.968243 0.956075 0.847221 0.739155 0.654772 0.398248 0.242226 0.088494 -0.121913 -0.208741 -0.526040 -0.706903 -0.775197 -0.826982 -0.939977 0.977285 0.967392 0.953740 0.815460 0.687434 0.630529 0.403434 0.266533 0.134950 -0.130800 -0.212562 -0.450191 -0.706843 -0.770803 -0.812821 -0.910088 
40.729729 124247.460938 74 76 78 0.813299 0.690348 0.460987 0.991462 0.977329 0.943217 0.834243 0.694740 0.593190 0.401088 0.267457 0.121042 -0.140248 -0.248226 -0.519985 -0.725785 -0.781045 -0.901052 -0.973304 0.988161 0.975123 0.950205 0.835565 0.697007 0.578757 0.399661 0.229685 0.122793 -0.169083 -0.233081 -0.461790 -0.729668 -0.784439 -0.859024 -0.957815 
37.439720 146649.156250 80 74 72 0.493122 0.693372 0.740484 0.977762 0.965397 0.950712 0.769029 0.665426 0.574193 0.406869 0.193699 -0.020360 -0.194235 -0.441391 -0.556943 -0.685292 -0.833314 -0.875901 -0.961629 0.990873 0.974267 0.951241 0.824348 0.679723 0.603956 0.403859 0.272050 0.147749 -0.103414 -0.273034 -0.441096 -0.706820 -0.772280 -0.896242 -0.977653 
34.873337 111736.937500 48 142 142 0.744767 0.777151 0.493691 0.975859 0.967526 0.927259 0.744404 0.674973 0.550194 0.330700 0.081937 -0.068210 -0.311644 -0.439023 -0.621139 -0.697260 -0.854731 -0.892432 -0.961684 0.971451 0.964621 0.921467 0.737420 0.666440 0.549982 0.340829 0.051299 -0.060003 -0.328224 -0.492850 -0.608830 -0.713977 -0.868554 -0.890101 -0.952820 
27.020878 14227.376953 152 110 214 0.511215 0.586257 0.423716 0.977080 0.964656 0.938603 0.800945 0.655399 0.601299 0.384132 0.196534 -0.064876 -0.201995 -0.426949 -0.579327 -0.704568 -0.851900 -0.907647 -0.982398 0.978290 0.966542 0.937625 0.784391 0.671511 0.587526 0.329460 0.172908 -0.039917 -0.269305 -0.422862 -0.588298 -0.711802 -0.849670 -0.899232 -0.965858 
35.538410 22941.017578 214 48 60 0.328257 0.409084 0.874770 0.988705 0.977523 0.958023 0.924536 0.759864 0.567591 0.392542 0.180253 -0.012944 -0.167721 -0.340248 -0.560836 -0.688216 -0.806265 -0.893583 -0.984448 0.989287 0.969380 0.928714 0.783666 0.664946 0.536373 0.336363 0.187168 -0.059957 -0.200286 -0.372561 -0.585648 -0.709152 -0.834136 -0.926178 -0.984613 
53.895599 355917.531250 60 62 62 0.852340 0.951582 0.957141 0.983389 0.976382 0.948717 0.910778 0.874988 0.769119 0.205564 0.117715 -0.000432 -0.110557 -0.178171 -0.446398 -0.610433 -0.796152 -0.879495 -0.972306 0.985983 0.977417 0.959601 0.926940 0.889778 0.682248 0.324036 0.148591 0.006998 -0.116368 -0.294064 -0.500126 -0.682677 -0.801153 -0.888402 -0.977024 
57.258907 4574449.000000 64 64 64 0.922423 0.951885 0.939372 0.977660 0.960475 0.935198 0.862770 0.826984 0.692869 0.195105 0.123182 0.006042 -0.141075 -0.202820 -0.422563 -0.622438 -0.688129 -0.821912 -0.928105 0.982160 0.968838 0.944306 0.891001 0.862241 0.734071 0.194848 0.131585 -0.006572 -0.113933 -0.185257 -0.426757 -0.572710 -0.695715 -0.879028 -0.961319 
57.233253 18841548.000000 64 66 66 0.948337 0.945673 0.969953 0.977052 0.958712 0.917792 0.827392 0.747714 0.643047 0.198477 0.138635 -0.012295 -0.177395 -0.271643 -0.464915 -0.719139 -0.768216 -0.826812 -0.858459 0.974189 0.958200 0.920955 0.844550 0.794130 0.640947 0.209585 0.127503 0.006023 -0.158078 -0.230800 -0.472374 -0.658809 -0.728136 -0.801049 -0.868911 
55.453800 9259457.000000 66 68 68 0.964466 0.890097 0.909520 0.980964 0.960439 0.931880 0.844959 0.708750 0.656484 0.301542 0.114159 0.037003 -0.184826 -0.316495 -0.392492 -0.718900 -0.785977 -0.866421 -0.885246 0.978542 0.959228 0.915338 0.809906 0.726780 0.658130 0.216715 0.135080 -0.012180 -0.194172 -0.296930 -0.461399 -0.742030 -0.784460 -0.851811 -0.875511 
48.374786 359093.656250 66 74 66 0.920110 0.551809 0.815697 0.984297 0.962563 0.909204 0.829442 0.734276 0.680987 0.409991 0.108890 -0.033814 -0.237203 -0.305685 -0.533588 -0.743734 -0.791044 -0.860551 -0.914299 0.984313 0.964071 0.935651 0.861334 0.720231 0.666605 0.424760 0.114644 0.059815 -0.168138 -0.317681 -0.441493 -0.712828 -0.777597 -0.862786 -0.913037 
37.237343 125922.539062 66 66 66 0.807956 0.865642 0.783537 0.976941 0.958675 0.901666 0.855283 0.747677 0.671846 0.412560 0.106157 -0.001931 -0.191868 -0.303037 -0.457905 -0.721725 -0.812230 -0.865782 -0.918453 0.979974 0.954626 0.901741 0.850909 0.757507 0.675102 0.436158 0.130264 0.032396 -0.188907 -0.282954 -0.439339 -0.719914 -0.794615 -0.850778 -0.933642 
34.204803 34434.183594 64 66 66 0.778405 0.603428 0.750923 0.975820 0.956660 0.911741 0.834485 0.749336 0.675522 0.469709 0.144874 0.025351 -0.164830 -0.296335 -0.450688 -0.732059 -0.822186 -0.875437 -0.978989 0.974587 0.959085 0.924322 0.852481 0.760655 0.673977 0.398768 0.119716 0.040545 -0.194189 -0.292217 -0.463205 -0.714780 -0.821302 -0.867357 -0.947492 
30.405188 13149.826172 64 66 64 0.663369 0.634490 0.610555 0.967295 0.953561 0.912094 0.826108 0.769823 0.704375 0.431481 0.164660 0.042979 -0.183851 -0.324566 -0.558367 -0.695714 -0.808511 -0.908069 -0.972112 0.976373 0.958052 0.926214 0.817671 0.771345 0.715561 0.466138 0.164287 0.067421 -0.170124 -0.287449 -0.485866 -0.737582 -0.829554 -0.900520 -0.973581 
23.272989 9947.749023 84 62 66 0.590306 0.473681 0.364296 0.984478 0.951313 0.900631 0.849457 0.752660 0.619674 0.310347 0.153161 -0.002349 -0.247919 -0.363052 -0.552921 -0.707960 -0.834032 -0.930646 -0.976743 0.976276 0.955595 0.914926 0.830701 0.744228 0.658429 0.398110 0.154838 0.001307 -0.203553 -0.324159 -0.580212 -0.708950 -0.840057 -0.912111 -0.979369 
42.515991 9340684.000000 40 74 50 0.514682 0.468133 0.707728 0.981150 0.964093 0.909704 0.690449 0.605071 0.479942 0.254505 0.141290 -0.064393 -0.333643 -0.423241 -0.542618 -0.652163 -0.856038 -0.943392 -0.983725 0.979777 0.938994 0.857220 0.698021 0.611337 0.518795 0.267304 0.163188 -0.036008 -0.312629 -0.440855 -0.534778 -0.710365 -0.856407 -0.931041 -0.982568 
59.640388 61471752.000000 56 58 60 0.341821 0.771904 0.965578 0.977343 0.960628 0.937292 0.763374 0.583435 0.489768 0.272737 0.176868 0.063657 -0.137249 -0.363132 -0.422332 -0.599032 -0.739388 -0.798185 -0.845449 0.976760 0.962525 0.935243 0.767620 0.596017 0.525299 0.291683 0.184304 0.090816 -0.154098 -0.362103 -0.432528 -0.622518 -0.756880 -0.816278 -0.928485 
59.307152 53778012.000000 60 62 62 0.973687 0.986815 0.952063 0.979990 0.966637 0.941522 0.773208 0.494302 0.418979 0.262449 0.160370 0.053491 -0.178495 -0.353679 -0.428045 -0.611116 -0.741542 -0.799392 -0.837502 0.978514 0.963296 0.939155 0.777705 0.520901 0.430722 0.284991 0.154605 0.055841 -0.170573 -0.364962 -0.425395 -0.624779 -0.751234 -0.803279 -0.849691 
58.798126 58347444.000000 64 64 66 0.950341 0.981908 0.968334 0.980759 0.967184 0.940264 0.755956 0.509116 0.380196 0.285100 0.158420 0.019703 -0.194553 -0.354327 -0.448482 -0.612847 -0.762713 -0.804472 -0.874391 0.980412 0.966467 0.942105 0.768991 0.490468 0.393252 0.272981 0.166154 0.032291 -0.187780 -0.363894 -0.434099 -0.623687 -0.757650 -0.801687 -0.853178 
57.201225 20216652.000000 66 66 66 0.968083 0.967909 0.936411 0.985059 0.969417 0.945994 0.820471 0.503512 0.379312 0.289912 0.166232 0.025219 -0.163506 -0.350080 -0.420826 -0.591284 -0.760798 -0.812153 -0.871543 0.983017 0.970592 0.942016 0.773085 0.489713 0.374187 0.285579 0.152086 -0.000680 -0.197336 -0.355909 -0.445226 -0.609129 -0.759693 -0.805029 -0.868865 
51.144203 3611343.750000 66 64 66 0.937241 0.924566 0.818100 0.991352 0.971940 0.944293 0.852678 0.543380 0.448094 0.275082 0.156756 -0.006304 -0.179352 -0.344422 -0.428667 -0.586768 -0.761436 -0.832333 -0.881531 0.988744 0.968258 0.943766 0.852418 0.547263 0.427036 0.311031 0.183879 0.055504 -0.189238 -0.365720 -0.429232 -0.572239 -0.762611 -0.816919 -0.911604 
46.729103 3317265.750000 68 68 70 0.812010 0.888853 0.840884 0.994198 0.975832 0.936779 0.774874 0.469530 0.375619 0.267158 0.152684 -0.046231 -0.129220 -0.374979 -0.436396 -0.697376 -0.782128 -0.857478 -0.886922 0.993033 0.976248 0.936415 0.790336 0.501509 0.374335 0.273050 0.137574 -0.007798 -0.120348 -0.347449 -0.421475 -0.629172 -0.774658 -0.852468 -0.881648 
43.571724 4075543.000000 70 70 68 0.810748 0.513644 0.503764 0.988975 0.963195 0.898898 0.684728 0.529272 0.365121 0.282439 0.109270 -0.008389 -0.156479 -0.350746 -0.444725 -0.655219 -0.772777 -0.863286 -0.902034 0.993191 0.974147 0.927149 0.720959 0.493967 0.378813 0.268032 0.101294 -0.026586 -0.157863 -0.311511 -0.432383 -0.678355 -0.779556 -0.871468 -0.897476 
41.933502 2693556.250000 68 72 68 0.455816 0.761224 0.804300 0.994151 0.973577 0.891331 0.707603 0.478153 0.388725 0.255957 0.095941 -0.034968 -0.177588 -0.312510 -0.390898 -0.582416 -0.756703 -0.842940 -0.919683 0.989059 0.961600 0.881277 0.661461 0.518812 0.366239 0.270233 0.076391 -0.032961 -0.185808 -0.353381 -0.420612 -0.614284 -0.753290 -0.859771 -0.915116 
46.045033 1998789.500000 66 68 64 0.775773 0.899553 0.873371 0.994368 0.980051 0.907018 0.813197 0.595999 0.517782 0.235747 0.153905 0.031794 -0.146486 -0.269055 -0.362993 -0.579263 -0.775909 -0.863601 -0.897177 0.994412 0.984336 0.888023 0.746502 0.572814 0.359336 0.251188 0.111436 -0.005034 -0.140377 -0.298717 -0.403044 -0.636239 -0.791865 -0.863025 -0.894176 
51.798817 7675549.000000 64 64 64 0.875861 0.884851 0.952258 0.984518 0.950656 0.900944 0.818285 0.652144 0.599680 0.417998 0.227477 0.130490 -0.011521 -0.205070 -0.311023 -0.553427 -0.753301 -0.821581 -0.896368 0.990820 0.965437 0.913314 0.858048 0.661623 0.573397 0.353910 0.176765 0.093711 -0.057578 -0.265179 -0.379845 -0.656229 -0.776107 -0.850702 -0.887388 
55.332161 26124130.000000 64 66 68 0.959142 0.962301 0.963581 0.980148 0.932449 0.888734 0.788908 0.634236 0.593428 0.398820 0.208337 0.122847 -0.089401 -0.225060 -0.383697 -0.616346 -0.730000 -0.803969 -0.860334 0.981696 0.941710 0.887777 0.795462 0.639156 0.590067 0.380051 0.224779 0.113380 -0.060362 -0.223573 -0.357906 -0.605573 -0.730293 -0.801556 -0.859406 
55.878685 25042012.000000 68 68 68 0.961856 0.988252 0.937235 0.979071 0.934483 0.898820 0.805183 0.644407 0.603282 0.360005 0.202144 0.113597 -0.068965 -0.288113 -0.373916 -0.622063 -0.737822 -0.807485 -0.846789 0.978806 0.932120 0.893971 0.790560 0.645593 0.600217 0.389698 0.200314 0.123352 -0.078396 -0.256408 -0.363730 -0.610039 -0.737842 -0.803435 -0.853305 
55.785412 43422612.000000 68 68 70 0.942000 0.908146 0.951388 0.979337 0.941817 0.902767 0.789304 0.625070 0.587258 0.317456 0.173483 0.064495 -0.158197 -0.326388 -0.420206 -0.677920 -0.775988 -0.834823 -0.911676 0.979150 0.936505 0.900646 0.792268 0.635657 0.591698 0.314898 0.182551 0.071002 -0.169598 -0.315323 -0.431765 -0.717562 -0.781280 -0.874025 -0.940214 
55.473831 28899184.000000 70 70 70 0.930367 0.966721 0.960897 0.978508 0.961813 0.927954 0.752385 0.626349 0.545845 0.263120 0.154271 0.057983 -0.171288 -0.384767 -0.449528 -0.664010 -0.759287 -0.823528 -0.864738 0.978751 0.953883 0.914104 0.763121 0.627739 0.577179 0.298487 0.170203 0.071143 -0.142267 -0.351749 -0.418023 -0.658038 -0.758029 -0.827261 -0.865481 
53.711391 3695748.500000 70 72 70 0.977453 0.816871 0.623766 0.983025 0.970335 0.950104 0.764568 0.619523 0.532186 0.250514 0.156013 0.061155 -0.241945 -0.443075 -0.501958 -0.678535 -0.773286 -0.822780 -0.872315 0.981010 0.967839 0.944328 0.747940 0.616103 0.537358 0.254355 0.143059 0.068891 -0.228891 -0.425074 -0.484741 -0.675363 -0.766851 -0.822876 -0.870153 
40.387764 460263.500000 74 80 70 0.503099 0.657949 0.740092 0.991992 0.972364 0.910024 0.805631 0.609486 0.539894 0.384882 0.185049 0.094309 -0.132846 -0.390942 -0.448172 -0.619898 -0.764384 -0.832625 -0.895857 0.990851 0.973360 0.918612 0.788682 0.630003 0.539647 0.310888 0.170721 0.093330 -0.205514 -0.388611 -0.451567 -0.648093 -0.790405 -0.830492 -0.905800 
35.926483 170206.156250 70 70 70 0.713236 0.660950 0.818008 0.970527 0.952479 0.903802 0.834932 0.639190 0.529974 0.416044 0.224596 0.110896 -0.141518 -0.381461 -0.456137 -0.674053 -0.791213 -0.837695 -0.953953 0.979498 0.959978 0.910443 0.799545 0.627637 0.550170 0.448515 0.238510 0.105632 -0.160000 -0.339219 -0.442299 -0.639262 -0.788846 -0.822979 -0.957583 
31.271530 80611.750000 70 70 68 0.882653 0.690541 0.394131 0.975301 0.939101 0.890895 0.751013 0.610998 0.540898 0.433455 0.270469 0.110624 -0.068868 -0.381746 -0.425226 -0.641069 -0.786874 -0.888325 -0.954788 0.971014 0.951524 0.899412 0.800910 0.612317 0.532868 0.419431 0.222207 0.120869 -0.081090 -0.384387 -0.424044 -0.638539 -0.770413 -0.849351 -0.962644 
48.938709 19999976.000000 56 58 58 0.691555 0.310664 0.382858 0.973118 0.915283 0.764492 0.558060 0.374409 0.217451 0.058039 -0.160760 -0.387989 -0.459170 -0.593579 -0.673068 -0.766178 -0.828154 -0.938510 -0.985346 0.965778 0.893445 0.757395 0.615214 0.439476 0.294966 0.098183 -0.062378 -0.286734 -0.442550 -0.553290 -0.653455 -0.737193 -0.800196 -0.917140 -0.982128 
42.058105 2727191.250000 118 134 134 0.417012 0.650949 0.603833 0.979180 0.929245 0.751381 0.520725 0.416306 0.289249 0.153535 0.065044 -0.261208 -0.428941 -0.500294 -0.692179 -0.745990 -0.815692 -0.933225 -0.982650 0.978409 0.919331 0.773381 0.507959 0.406254 0.174095 0.095012 -0.109313 -0.369189 -0.436451 -0.572446 -0.662374 -0.776351 -0.850131 -0.929724 -0.987477 
37.785175 1162672.375000 104 106 60 0.451549 0.339247 0.851291 0.990483 0.981212 0.913727 0.629096 0.615641 0.465472 0.254130 0.150495 -0.081798 -0.339062 -0.437270 -0.621833 -0.734753 -0.796549 -0.901153 -0.981053 0.972459 0.938020 0.683804 0.590948 0.494017 0.278618 0.205053 0.088345 -0.216537 -0.353563 -0.510913 -0.654292 -0.738455 -0.822772 -0.924361 -0.983635 
50.415062 1624654.250000 60 64 70 0.691832 0.886906 0.947273 0.989718 0.978866 0.958709 0.788451 0.728766 0.646969 0.331454 0.268876 -0.052439 -0.309059 -0.449218 -0.569899 -0.664461 -0.788037 -0.909353 -0.978667 0.990886 0.980100 0.963740 0.763672 0.698481 0.610380 0.319811 0.228213 -0.022106 -0.337254 -0.438272 -0.581549 -0.741011 -0.820762 -0.920268 -0.977130 
50.622246 482426.281250 70 72 74 0.937814 0.969084 0.965561 0.988088 0.975867 0.957772 0.883365 0.797304 0.694681 0.351877 0.247846 -0.016031 -0.370935 -0.495025 -0.581071 -0.690002 -0.807867 -0.912601 -0.976070 0.988707 0.976296 0.956576 0.855264 0.779168 0.671131 0.321632 0.245296 -0.063284 -0.362147 -0.480929 -0.565324 -0.660362 -0.804677 -0.917764 -0.978639 
50.354862 258172.718750 74 74 74 0.949110 0.967874 0.970679 0.987885 0.975640 0.960171 0.880862 0.815959 0.747780 0.447274 0.275869 -0.020004 -0.321319 -0.473362 -0.552748 -0.633026 -0.741827 -0.872320 -0.971517 0.988501 0.976332 0.960449 0.905746 0.799179 0.681476 0.412259 0.263528 -0.017704 -0.326060 -0.484486 -0.547807 -0.687066 -0.766352 -0.896497 -0.977776 
50.580666 335884.593750 74 74 74 0.969409 0.942815 0.955125 0.989284 0.977367 0.959608 0.875619 0.778122 0.737318 0.433311 0.260675 0.044418 -0.273956 -0.456004 -0.556004 -0.602890 -0.698404 -0.878380 -0.962996 0.989095 0.976030 0.960213 0.869512 0.815179 0.772344 0.422338 0.255905 0.018527 -0.235746 -0.477695 -0.558199 -0.614166 -0.723253 -0.870998 -0.967853 
51.305176 1323640.000000 74 74 74 0.948789 0.947574 0.939810 0.986632 0.973626 0.956081 0.809024 0.682242 0.651699 0.366505 0.295113 0.112177 -0.189188 -0.390823 -0.572346 -0.623537 -0.733939 -0.815843 -0.964996 0.987524 0.974557 0.958023 0.856600 0.721237 0.696746 0.420300 0.293573 0.126555 -0.188740 -0.417325 -0.571140 -0.617463 -0.689275 -0.829365 -0.960909 
51.263969 2397620.000000 74 74 74 0.958377 0.978883 0.979200 0.987965 0.974908 0.958587 0.751878 0.597506 0.520909 0.320238 0.266453 0.052708 -0.118084 -0.222319 -0.513320 -0.605511 -0.682837 -0.778279 -0.915382 0.986718 0.974393 0.956837 0.766100 0.624930 0.592416 0.340430 0.284881 0.045755 -0.153634 -0.298357 -0.568376 -0.633445 -0.736856 -0.791032 -0.917138 
49.803925 933475.312500 74 74 74 0.976084 0.951164 0.908799 0.991127 0.977555 0.962075 0.828114 0.566096 0.451184 0.266384 0.198044 0.057993 -0.032525 -0.257257 -0.459666 -0.544118 -0.657210 -0.812752 -0.957496 0.988329 0.975743 0.959137 0.768222 0.577876 0.446023 0.307535 0.226755 0.071729 -0.080722 -0.190064 -0.462248 -0.545077 -0.677628 -0.787720 -0.925572 
48.500633 217968.093750 74 74 72 0.922978 0.976911 0.967408 0.992559 0.981635 0.965896 0.926895 0.626396 0.535026 0.343506 0.193002 0.088538 -0.163755 -0.414232 -0.482347 -0.534755 -0.722620 -0.875560 -0.968968 0.992410 0.981157 0.966308 0.905054 0.621240 0.553577 0.319270 0.193373 0.052559 -0.168018 -0.416377 -0.461458 -0.572837 -0.670315 -0.846981 -0.965855 
50.411224 138365.000000 72 72 72 0.970972 0.966712 0.956904 0.993648 0.985227 0.970987 0.943256 0.717918 0.497344 0.344565 0.211570 0.136076 -0.175580 -0.454510 -0.499410 -0.582840 -0.766654 -0.901204 -0.974862 0.992749 0.983137 0.968295 0.935717 0.675822 0.524986 0.358024 0.197786 0.121031 -0.143442 -0.460166 -0.503324 -0.560683 -0.728548 -0.893433 -0.972306 
50.931984 84406.195312 72 72 72 0.963281 0.923762 0.920537 0.994164 0.986693 0.970600 0.952388 0.777757 0.486126 0.401043 0.235337 0.130783 -0.276611 -0.457196 -0.497225 -0.584436 -0.767020 -0.914945 -0.976085 0.994028 0.985874 0.970513 0.947508 0.715039 0.496045 0.400625 0.219000 0.119085 -0.234251 -0.450878 -0.494232 -0.579329 -0.765363 -0.901269 -0.976374 
50.782162 51938.187500 70 70 72 0.988002 0.981071 0.958695 0.994408 0.987092 0.973267 0.953093 0.801058 0.568979 0.420858 0.241346 0.002566 -0.200599 -0.398671 -0.521627 -0.691466 -0.835227 -0.916804 -0.972178 0.994457 0.987273 0.972145 0.951095 0.808453 0.527642 0.408247 0.240167 0.022828 -0.235978 -0.444125 -0.515412 -0.630897 -0.815303 -0.917644 -0.973063 
47.571873 24771.710938 70 72 76 0.980142 0.958383 0.943189 0.994959 0.988166 0.973808 0.950620 0.736440 0.564947 0.407663 0.184057 0.036023 -0.203049 -0.376826 -0.563734 -0.674912 -0.825989 -0.913694 -0.973830 0.994252 0.987019 0.971986 0.951551 0.802817 0.569576 0.414593 0.216919 -0.008704 -0.195222 -0.379421 -0.537979 -0.682379 -0.837988 -0.919743 -0.980502 
39.725338 12566.297852 76 76 76 0.920158 0.761325 0.768235 0.994466 0.985882 0.974458 0.913925 0.686190 0.553910 0.333646 0.184467 -0.055975 -0.183594 -0.357444 -0.544794 -0.700671 -0.853899 -0.923065 -0.965579 0.995389 0.987091 0.970824 0.936251 0.699551 0.576726 0.390017 0.194034 0.026409 -0.206411 -0.392137 -0.579125 -0.718058 -0.832795 -0.919351 -0.974646 
45.557285 12645759.000000 66 68 220 0.695982 0.552626 0.639905 0.985440 0.948547 0.710075 0.488625 0.332551 0.197978 0.059460 -0.071634 -0.239068 -0.414596 -0.563054 -0.659494 -0.732857 -0.857416 -0.917057 -0.983957 0.986710 0.971360 0.778337 0.587698 0.371608 0.257212 0.086138 -0.031344 -0.119872 -0.295513 -0.432739 -0.624816 -0.706706 -0.864450 -0.905446 -0.966679 
50.419456 7812709.500000 102 60 62 0.340428 0.777030 0.978444 0.991715 0.981122 0.973561 0.594445 0.425815 0.388710 0.263994 0.181448 -0.159527 -0.284005 -0.461029 -0.607936 -0.672576 -0.785566 -0.924768 -0.979799 0.992106 0.983694 0.954434 0.487828 0.414734 0.361326 0.160172 0.049622 -0.206621 -0.392098 -0.586443 -0.636325 -0.703406 -0.836779 -0.915044 -0.981340 
54.220928 4885187.000000 62 62 60 0.983186 0.966412 0.992713 0.989616 0.978172 0.970385 0.744314 0.547094 0.439682 0.329456 0.274883 -0.027255 -0.255689 -0.338000 -0.551383 -0.681790 -0.761559 -0.893410 -0.969504 0.990370 0.979101 0.970641 0.720557 0.457418 0.407362 0.304847 0.224270 -0.111207 -0.252773 -0.425753 -0.599552 -0.667948 -0.771707 -0.906260 -0.976996 
55.176918 2810631.500000 60 60 60 0.992505 0.984944 0.992260 0.988946 0.977640 0.969791 0.766823 0.620549 0.576175 0.348727 0.287605 0.085533 -0.276904 -0.344579 -0.563890 -0.666841 -0.739162 -0.878723 -0.956381 0.988965 0.977591 0.970110 0.744447 0.594058 0.559496 0.326509 0.299369 -0.004417 -0.283459 -0.347746 -0.542275 -0.676576 -0.749546 -0.907905 -0.962664 
56.228977 1151604.250000 60 60 62 0.991541 0.976615 0.968034 0.986511 0.977869 0.968621 0.834745 0.730208 0.611186 0.383101 0.334139 0.120360 -0.172397 -0.352932 -0.522950 -0.667569 -0.733764 -0.856661 -0.970909 0.988883 0.977825 0.970707 0.806048 0.678920 0.609984 0.362422 0.314272 0.077263 -0.256965 -0.325780 -0.527318 -0.663843 -0.755540 -0.874380 -0.971303 
57.660973 590180.000000 60 62 64 0.959136 0.973863 0.968410 0.985336 0.978852 0.967773 0.862194 0.814281 0.659580 0.432998 0.328867 0.165452 -0.184257 -0.325929 -0.539384 -0.665548 -0.723613 -0.899945 -0.971750 0.984614 0.978214 0.965188 0.852933 0.778508 0.625621 0.440388 0.338687 0.151994 -0.161113 -0.341032 -0.536001 -0.663899 -0.739235 -0.873999 -0.972408 
57.924770 322680.000000 64 66 68 0.963632 0.971504 0.966007 0.985606 0.980847 0.961228 0.901029 0.855734 0.699268 0.438560 0.328105 0.160346 -0.160169 -0.322391 -0.576855 -0.677590 -0.778445 -0.911559 -0.975656 0.985195 0.979700 0.965812 0.888073 0.830802 0.651967 0.422285 0.331701 0.166415 -0.175850 -0.322993 -0.570964 -0.673480 -0.752595 -0.901191 -0.973825 
57.084965 225063.843750 68 70 74 0.969123 0.940773 0.957565 0.986548 0.979739 0.957152 0.925086 0.876080 0.729541 0.415323 0.333247 0.059072 -0.157657 -0.322217 -0.557199 -0.676256 -0.804197 -0.916524 -0.979443 0.985510 0.980976 0.957161 0.914574 0.869088 0.691955 0.423744 0.350658 0.105306 -0.159608 -0.336735 -0.589339 -0.674578 -0.786604 -0.915303 -0.976667 
58.265488 357007.437500 74 78 80 0.967134 0.939978 0.886633 0.983158 0.973348 0.960185 0.911161 0.874295 0.773952 0.449643 0.338061 0.053611 -0.129904 -0.346973 -0.542460 -0.681704 -0.811084 -0.919211 -0.979153 0.986533 0.976777 0.961115 0.933886 0.874302 0.750610 0.419435 0.341021 0.046172 -0.149893 -0.352199 -0.567491 -0.680491 -0.806144 -0.918679 -0.977562 
57.271748 356420.062500 80 84 86 0.915592 0.889866 0.937442 0.979334 0.972041 0.943950 0.889969 0.857809 0.762487 0.482836 0.401846 0.008121 -0.107800 -0.235820 -0.533206 -0.686054 -0.777654 -0.896935 -0.978597 0.979477 0.972647 0.954134 0.898003 0.873380 0.771983 0.448501 0.382464 0.026914 -0.106394 -0.252071 -0.530425 -0.679438 -0.809122 -0.915245 -0.976926 
54.177570 481335.156250 86 86 86 0.951020 0.878353 0.829974 0.980219 0.966458 0.943910 0.868152 0.825471 0.713995 0.563652 0.450901 -0.001219 -0.132252 -0.334208 -0.700456 -0.748573 -0.782757 -0.840008 -0.951269 0.977670 0.968732 0.940375 0.880215 0.846274 0.748805 0.544210 0.427084 -0.036112 -0.118265 -0.246608 -0.634564 -0.735757 -0.770441 -0.852230 -0.967035 
52.901810 309312.375000 86 134 92 0.772580 0.426389 0.334277 0.978777 0.965596 0.954232 0.870916 0.810088 0.678107 0.599686 0.538334 0.040153 -0.153473 -0.341057 -0.658221 -0.770061 -0.788998 -0.848952 -0.960353 0.981496 0.967373 0.947764 0.857745 0.824632 0.699507 0.579917 0.513527 0.002061 -0.140747 -0.358376 -0.709610 -0.753510 -0.784563 -0.844888 -0.938092 
51.497612 250841.281250 150 84 146 0.522700 0.671127 0.709626 0.976497 0.966716 0.939032 0.840618 0.788336 0.708979 0.634144 0.606413 0.180693 -0.147546 -0.356357 -0.666928 -0.777999 -0.820637 -0.854656 -0.944512 0.980392 0.966925 0.940497 0.862365 0.795028 0.722509 0.630755 0.597768 0.190200 -0.108760 -0.324264 -0.592654 -0.761211 -0.799984 -0.850809 -0.971059 
50.819763 209880.968750 146 146 142 0.883951 0.823551 0.635922 0.979291 0.969219 0.944753 0.821371 0.770702 0.705816 0.663134 0.535009 0.101899 -0.151187 -0.346801 -0.599125 -0.790240 -0.825324 -0.861421 -0.958511 0.976581 0.965466 0.946650 0.833317 0.783547 0.716349 0.652779 0.597193 0.077430 -0.186261 -0.383512 -0.726083 -0.797243 -0.827545 -0.853147 -0.908328 
49.937550 134345.218750 140 204 204 0.849087 0.651650 0.665934 0.979998 0.968963 0.939406 0.835301 0.783071 0.736826 0.690880 0.524619 0.060218 -0.177511 -0.375159 -0.625096 -0.804858 -0.840780 -0.860972 -0.942588 0.976485 0.966821 0.944599 0.836660 0.772132 0.722989 0.681445 0.582983 0.126905 -0.189843 -0.389783 -0.695562 -0.809345 -0.839613 -0.859569 -0.914832 
48.049706 158356.171875 204 204 204 0.912573 0.911354 0.908257 0.975953 0.966881 0.931352 0.819725 0.789780 0.738883 0.700808 0.479749 0.069146 -0.185929 -0.397319 -0.694452 -0.832982 -0.852267 -0.874290 -0.915096 0.976098 0.967621 0.942528 0.818103 0.782211 0.730848 0.702953 0.489080 0.054494 -0.151862 -0.377875 -0.643624 -0.809832 -0.841430 -0.861301 -0.932650 
41.480072 30247.792969 48 146 116 0.422750 0.511652 0.698767 0.977487 0.966469 0.944277 0.829529 0.765794 0.723222 0.668562 0.315189 0.049075 -0.197150 -0.436778 -0.601099 -0.777701 -0.858778 -0.874138 -0.980861 0.978649 0.968186 0.948331 0.817405 0.781262 0.728307 0.686997 0.423631 0.048128 -0.185609 -0.406656 -0.631644 -0.826219 -0.852184 -0.868396 -0.938184 
36.728714 23020.392578 116 58 108 0.806492 0.494340 0.418955 0.972281 0.954066 0.891462 0.800981 0.756604 0.708706 0.674151 0.319550 -0.007562 -0.171653 -0.405809 -0.603390 -0.737081 -0.843718 -0.889511 -0.974617 0.979617 0.961401 0.931620 0.813968 0.772617 0.719625 0.680099 0.492420 0.011789 -0.161557 -0.410234 -0.591253 -0.750370 -0.859878 -0.881268 -0.973577 
24.672249 10500.264648 108 108 174 0.433214 0.646334 0.490378 0.979302 0.958157 0.858723 0.787866 0.744498 0.680430 0.545613 0.211141 -0.046410 -0.195278 -0.439451 -0.596623 -0.738164 -0.831343 -0.928332 -0.980790 0.968035 0.951197 0.845118 0.795255 0.741318 0.683299 0.532062 0.248278 0.028242 -0.240384 -0.407115 -0.573384 -0.698776 -0.838361 -0.911267 -0.977906 
23.747625 7608.348145 106 86 88 0.350793 0.493329 0.499889 0.982030 0.965583 0.834073 0.790105 0.754529 0.671081 0.500007 0.197362 0.019648 -0.195194 -0.397857 -0.544441 -0.704351 -0.834499 -0.915190 -0.978115 0.979538 0.962716 0.824286 0.781946 0.739543 0.673223 0.506016 0.186675 -0.015087 -0.177403 -0.431863 -0.546222 -0.716714 -0.822127 -0.941987 -0.980218 
20.986757 5064.192383 92 94 46 0.324920 0.562091 0.669312 0.988249 0.967914 0.866555 0.793875 0.766187 0.636690 0.394958 0.210863 -0.060557 -0.275421 -0.449544 -0.574264 -0.732784 -0.823305 -0.915498 -0.978702 0.989472 0.964888 0.860193 0.793885 0.765512 0.696224 0.472038 0.172910 -0.046231 -0.198125 -0.401417 -0.552408 -0.698452 -0.852937 -0.926750 -0.972520 
18.115194 4524.014160 46 48 90 0.684566 0.575496 0.358390 0.988899 0.970613 0.902384 0.788613 0.733781 0.579488 0.322692 0.154727 -0.075192 -0.255760 -0.407471 -0.607275 -0.722027 -0.844280 -0.906284 -0.979787 0.984749 0.964380 0.896308 0.798803 0.764940 0.612992 0.398882 0.176583 -0.022081 -0.238850 -0.398813 -0.582361 -0.725450 -0.832779 -0.931942 -0.969039 
16.898293 4379.249512 88 84 72 0.392962 0.581191 0.428053 0.990439 0.963796 0.904279 0.772233 0.707036 0.556261 0.395005 0.108922 -0.043474 -0.279647 -0.408130 -0.646143 -0.740570 -0.847579 -0.927702 -0.986795 0.991090 0.973988 0.905749 0.782206 0.718470 0.563951 0.386395 0.110527 -0.080670 -0.236827 -0.390348 -0.585859 -0.733119 -0.847510 -0.916947 -0.976227 
14.543086 1804.311890 78 56 62 0.357332 0.366708 0.974324 0.980042 0.963978 0.884662 0.814756 0.656919 0.523602 0.351571 0.172046 -0.036653 -0.218539 -0.433060 -0.571365 -0.720590 -0.828017 -0.891249 -0.981091 0.982582 0.967988 0.902314 0.820401 0.694202 0.531546 0.389461 0.168430 -0.050195 -0.258099 -0.429566 -0.591108 -0.738739 -0.842284 -0.906877 -0.979880 
