46.272892 25660.302734 20 56 62 0.000000 0.828785 0.891204 0.994143 0.988874 0.974196 0.958703 0.795639 0.613407 0.391944 0.221243 -0.012883 -0.224346 -0.375614 -0.543162 -0.719648 -0.838787 -0.923290 -0.977999 0.994292 0.990864 0.960373 0.870606 0.719534 0.529099 0.352444 0.076450 -0.110532 -0.213134 -0.410137 -0.558267 -0.713938 -0.813135 -0.923482 -0.963129 
53.509514 139880.921875 62 66 66 0.886158 0.970595 0.970051 0.993726 0.985067 0.972555 0.938005 0.801867 0.692667 0.414799 0.212770 0.007041 -0.173755 -0.408426 -0.550727 -0.597652 -0.808031 -0.906572 -0.974411 0.994227 0.986455 0.972076 0.948904 0.803948 0.684464 0.437740 0.208727 0.018037 -0.168834 -0.372648 -0.527864 -0.665218 -0.824566 -0.906407 -0.978469 
55.311871 363473.593750 68 68 66 0.978432 0.971489 0.985600 0.993500 0.984223 0.970728 0.916811 0.777274 0.663480 0.376166 0.194880 0.070966 -0.121417 -0.355806 -0.550879 -0.578049 -0.738348 -0.910186 -0.974790 0.993489 0.984399 0.971670 0.922080 0.784272 0.673978 0.394679 0.194667 0.039892 -0.168002 -0.389973 -0.551561 -0.571219 -0.746303 -0.906085 -0.973240 
55.849541 398308.187500 66 66 66 0.986462 0.992231 0.992760 0.994081 0.985269 0.970550 0.913581 0.758849 0.646492 0.438989 0.171854 0.059339 -0.089295 -0.330334 -0.559151 -0.589104 -0.734860 -0.908996 -0.974220 0.994008 0.985268 0.971113 0.914252 0.765476 0.649194 0.407396 0.201172 0.073152 -0.096642 -0.351020 -0.550987 -0.579596 -0.738271 -0.909378 -0.974462 
55.431183 371174.562500 66 66 66 0.992310 0.976580 0.969409 0.994113 0.985214 0.970016 0.910054 0.760363 0.639707 0.417482 0.180724 0.065157 -0.098177 -0.260802 -0.513631 -0.608321 -0.757243 -0.903466 -0.970892 0.994170 0.985380 0.970324 0.913150 0.766099 0.643701 0.416348 0.156699 0.064846 -0.101731 -0.273868 -0.550857 -0.600404 -0.734436 -0.909353 -0.974733 
54.553837 4597912.000000 64 64 54 0.953359 0.951482 0.689548 0.991989 0.980993 0.958665 0.813393 0.606503 0.464080 0.232708 0.137050 0.043161 -0.122010 -0.293903 -0.493674 -0.573833 -0.650219 -0.748202 -0.963377 0.993756 0.984643 0.968120 0.909095 0.760073 0.623428 0.378503 0.157282 0.047740 -0.104012 -0.320384 -0.520448 -0.557829 -0.744274 -0.894506 -0.969799 
61.707607 115290536.000000 58 60 58 0.751922 0.909575 0.922418 0.980398 0.970834 0.921515 0.704114 0.586386 0.472589 0.255887 0.167073 0.031795 -0.179442 -0.265159 -0.489188 -0.640815 -0.716790 -0.747501 -0.843782 0.982496 0.972611 0.945528 0.694800 0.564974 0.445975 0.232547 0.144518 0.030203 -0.170426 -0.256757 -0.511008 -0.600560 -0.683313 -0.706260 -0.890109 
61.625957 122216576.000000 58 58 56 0.917182 0.979991 0.952806 0.978513 0.959340 0.909565 0.718066 0.650073 0.559302 0.320865 0.205761 0.085356 -0.182936 -0.278604 -0.405837 -0.606389 -0.725951 -0.758113 -0.849302 0.980058 0.964676 0.914273 0.711534 0.611538 0.521338 0.292049 0.196107 0.057362 -0.176440 -0.278908 -0.469545 -0.622784 -0.738883 -0.769670 -0.871174 
61.996006 86963472.000000 58 54 52 0.917232 0.957266 0.966828 0.977542 0.952482 0.912126 0.756438 0.693236 0.637246 0.344273 0.200967 0.102057 -0.176322 -0.264961 -0.435778 -0.609359 -0.734141 -0.751261 -0.905906 0.976798 0.956703 0.900997 0.732749 0.660729 0.601774 0.314651 0.207527 0.109934 -0.153678 -0.276919 -0.426195 -0.618392 -0.733727 -0.759002 -0.862811 
62.358795 55545172.000000 52 50 46 0.925474 0.939412 0.948324 0.978958 0.958115 0.909675 0.785956 0.730997 0.667261 0.339935 0.187405 0.102075 -0.131910 -0.225906 -0.397017 -0.600018 -0.699798 -0.736848 -0.986612 0.977539 0.951577 0.909715 0.772285 0.718509 0.629214 0.331724 0.205085 0.111531 -0.168798 -0.257348 -0.423841 -0.609775 -0.726216 -0.744803 -0.953578 
62.799751 24407268.000000 46 44 40 0.902675 0.952309 0.914287 0.975634 0.959778 0.917243 0.803111 0.757787 0.696514 0.398244 0.147975 0.088782 -0.100181 -0.210065 -0.309686 -0.610315 -0.677186 -0.800406 -0.991727 0.973807 0.960603 0.904873 0.787984 0.757931 0.689217 0.359570 0.162358 0.091477 -0.135085 -0.223986 -0.352881 -0.628018 -0.686284 -0.776807 -0.993661 
58.459324 15377887.000000 42 40 38 0.929611 0.936835 0.929465 0.980602 0.957564 0.921218 0.843957 0.784485 0.676402 0.370240 0.109174 0.069207 -0.142161 -0.214462 -0.431719 -0.629889 -0.796478 -0.892540 -0.983893 0.980039 0.959739 0.905339 0.818441 0.788556 0.673747 0.337098 0.149439 0.058489 -0.109771 -0.207129 -0.359073 -0.630221 -0.676247 -0.866555 -0.993953 
59.787239 6093421.500000 38 36 36 0.929877 0.944327 0.943279 0.984191 0.974717 0.896381 0.867543 0.820004 0.684208 0.490086 0.155783 0.012509 -0.048191 -0.192594 -0.351230 -0.663485 -0.759622 -0.953956 -0.990007 0.982081 0.964300 0.911952 0.872777 0.801016 0.668861 0.419079 0.122745 0.044413 -0.054255 -0.195908 -0.347049 -0.624015 -0.836569 -0.903931 -0.983362 
59.966080 2900689.000000 36 34 34 0.942800 0.940114 0.959705 0.984455 0.980280 0.923450 0.863817 0.814116 0.685716 0.469571 0.204855 0.055286 -0.079853 -0.184397 -0.509103 -0.679843 -0.824309 -0.910001 -0.979523 0.984386 0.978808 0.896417 0.863214 0.803269 0.685427 0.490139 0.188733 0.004902 -0.055919 -0.196064 -0.455113 -0.665371 -0.782608 -0.958123 -0.991886 
59.700531 2013107.375000 34 34 34 0.956587 0.960611 0.970634 0.983803 0.980337 0.928534 0.859900 0.809425 0.671356 0.471380 0.224065 0.135301 -0.100674 -0.237791 -0.380803 -0.802003 -0.856769 -0.906349 -0.979221 0.984174 0.980575 0.927218 0.860124 0.812450 0.680267 0.456697 0.181349 0.092483 -0.078377 -0.252796 -0.423809 -0.763397 -0.844509 -0.924352 -0.980251 
57.711479 832228.875000 34 34 34 0.974095 0.937133 0.965790 0.984508 0.980569 0.932236 0.867469 0.801007 0.686691 0.505264 0.251038 0.151613 -0.102021 -0.236467 -0.318720 -0.669154 -0.817366 -0.933737 -0.977792 0.984147 0.981175 0.927329 0.853311 0.803240 0.651159 0.543111 0.290556 0.179796 -0.125083 -0.256053 -0.377530 -0.741342 -0.844155 -0.896890 -0.973367 
55.656380 483366.750000 34 34 34 0.942326 0.939031 0.962727 0.984462 0.980859 0.940309 0.879110 0.783921 0.685222 0.552074 0.252648 0.119129 -0.074518 -0.218785 -0.434231 -0.663517 -0.797290 -0.907055 -0.976225 0.984567 0.980987 0.940098 0.868344 0.798674 0.645478 0.489221 0.238045 0.148438 -0.080016 -0.218260 -0.375957 -0.654419 -0.784916 -0.915549 -0.976440 
59.043079 547380.937500 34 34 36 0.961850 0.934778 0.979639 0.985850 0.982761 0.957768 0.871489 0.844340 0.686302 0.566834 0.239444 0.161384 -0.172545 -0.327586 -0.452335 -0.689653 -0.840089 -0.932563 -0.961558 0.985216 0.982132 0.950800 0.876129 0.825894 0.720361 0.589910 0.235735 0.116890 -0.108254 -0.263862 -0.507295 -0.682959 -0.824588 -0.925430 -0.970364 
60.364574 890185.250000 36 36 38 0.980710 0.983467 0.881115 0.986154 0.982344 0.926196 0.867071 0.854794 0.736662 0.630136 0.291443 0.140484 -0.157830 -0.318853 -0.449710 -0.691721 -0.810532 -0.915102 -0.973809 0.986032 0.983066 0.950868 0.867879 0.852379 0.685815 0.602383 0.288739 0.119998 -0.251152 -0.332810 -0.415258 -0.676046 -0.846119 -0.929298 -0.960914 
59.136864 5536831.000000 36 38 40 0.928829 0.961397 0.937023 0.985123 0.970259 0.917345 0.820646 0.791001 0.730935 0.619461 0.473307 0.002413 -0.329366 -0.363731 -0.581770 -0.725847 -0.767864 -0.857368 -0.930580 0.986472 0.979950 0.924517 0.868068 0.818096 0.726591 0.655979 0.374071 0.090382 -0.275571 -0.365462 -0.508716 -0.755660 -0.788398 -0.882462 -0.955032 
59.987190 20773144.000000 40 42 46 0.953981 0.955568 0.968369 0.980140 0.961279 0.913189 0.807797 0.761503 0.691667 0.376635 0.301819 0.166641 -0.185031 -0.261663 -0.444706 -0.713779 -0.792872 -0.858520 -0.925293 0.979930 0.960922 0.893928 0.815338 0.774384 0.708016 0.554351 0.357134 0.063616 -0.193423 -0.318033 -0.573177 -0.728145 -0.776313 -0.876486 -0.924690 
59.849686 4645704.500000 44 48 50 0.932437 0.943916 0.863543 0.988208 0.973405 0.928752 0.830609 0.769027 0.714801 0.467280 0.195196 0.088784 -0.142846 -0.266778 -0.325130 -0.469255 -0.784182 -0.859325 -0.959680 0.982185 0.965396 0.925543 0.830534 0.773836 0.723540 0.360690 0.248275 0.125920 -0.158905 -0.250582 -0.338262 -0.576615 -0.761887 -0.838363 -0.935549 
58.438374 3382743.500000 50 52 54 0.839219 0.937961 0.910676 0.992777 0.987805 0.918380 0.829061 0.776187 0.694629 0.479498 0.124214 -0.132051 -0.224898 -0.297561 -0.376506 -0.534567 -0.692344 -0.807956 -0.957685 0.992383 0.987878 0.911297 0.816105 0.764498 0.696869 0.382985 0.178883 -0.093313 -0.219372 -0.268521 -0.353910 -0.556736 -0.733051 -0.822957 -0.955447 
58.301487 3750564.000000 54 56 56 0.907598 0.951083 0.900928 0.993319 0.987535 0.911533 0.830416 0.775182 0.673847 0.463428 0.118832 -0.145625 -0.244032 -0.316390 -0.376627 -0.541197 -0.682635 -0.797245 -0.958704 0.993201 0.988587 0.914654 0.822637 0.773482 0.676268 0.482215 0.153580 -0.142932 -0.233313 -0.305661 -0.368351 -0.515180 -0.668636 -0.812302 -0.961095 
56.202374 2939508.000000 56 58 60 0.906376 0.961383 0.966456 0.993701 0.987466 0.876626 0.819306 0.763414 0.663035 0.482648 0.086637 -0.132153 -0.231713 -0.296696 -0.371295 -0.507481 -0.704015 -0.782764 -0.954358 0.993545 0.988558 0.901070 0.825013 0.766658 0.669054 0.540067 0.064581 -0.150972 -0.241602 -0.309167 -0.382649 -0.537689 -0.708979 -0.785935 -0.957312 
58.214306 17752404.000000 60 60 62 0.966593 0.597735 0.976786 0.981583 0.962169 0.919671 0.849656 0.784067 0.713687 0.341848 0.010669 -0.051540 -0.173830 -0.250844 -0.383699 -0.689491 -0.756010 -0.856400 -0.915376 0.989567 0.971861 0.921027 0.829670 0.770064 0.667991 0.391215 0.042027 -0.066153 -0.225951 -0.295597 -0.407214 -0.607620 -0.732142 -0.814317 -0.951229 
59.974342 19999468.000000 62 64 64 0.979649 0.952894 0.978929 0.978993 0.956895 0.896158 0.844583 0.792938 0.725036 0.371182 0.017459 -0.022535 -0.170783 -0.213535 -0.410704 -0.669756 -0.743354 -0.805688 -0.884744 0.979783 0.960143 0.901694 0.848171 0.792470 0.724367 0.360643 -0.000236 -0.035475 -0.157190 -0.225390 -0.389511 -0.666911 -0.741049 -0.808248 -0.911106 
61.048004 26514974.000000 64 66 66 0.980027 0.953793 0.971717 0.971942 0.954605 0.886376 0.837721 0.780755 0.718944 0.421418 0.040318 -0.025932 -0.159762 -0.238867 -0.403432 -0.680926 -0.751054 -0.849273 -0.897530 0.974446 0.955665 0.893608 0.845989 0.788513 0.721927 0.406165 0.050353 -0.015335 -0.156515 -0.230686 -0.381723 -0.663681 -0.739265 -0.821844 -0.897365 
60.458534 38432932.000000 66 68 68 0.966806 0.947660 0.918906 0.972359 0.958207 0.877968 0.817621 0.765322 0.706675 0.332279 -0.005464 -0.066204 -0.188755 -0.300396 -0.428650 -0.676959 -0.761313 -0.830710 -0.867571 0.975872 0.957038 0.883624 0.825417 0.774325 0.711834 0.395845 0.016040 -0.039961 -0.176022 -0.273844 -0.407031 -0.684075 -0.763997 -0.824241 -0.891820 
58.893742 28932802.000000 68 70 70 0.940268 0.937290 0.889168 0.978997 0.964957 0.902502 0.807107 0.744120 0.693994 0.320702 -0.029526 -0.087096 -0.222717 -0.361786 -0.475785 -0.638750 -0.711524 -0.807754 -0.860553 0.977229 0.960805 0.890734 0.817133 0.757764 0.702464 0.321793 -0.023539 -0.076042 -0.211617 -0.336116 -0.442141 -0.646394 -0.749319 -0.824604 -0.851765 
55.407139 5423406.000000 72 72 76 0.913044 0.866991 0.728178 0.984700 0.972529 0.932318 0.818884 0.721291 0.679966 0.362520 -0.002308 -0.063968 -0.192384 -0.416666 -0.496327 -0.601115 -0.697013 -0.823774 -0.883470 0.982280 0.970266 0.918793 0.812234 0.725830 0.690087 0.294300 -0.018565 -0.078800 -0.199942 -0.385798 -0.486807 -0.630150 -0.707550 -0.827249 -0.871541 
52.638542 994691.750000 74 72 72 0.732142 0.738595 0.880890 0.987937 0.979580 0.941689 0.869184 0.753727 0.664622 0.563414 0.081117 -0.035690 -0.164144 -0.291707 -0.512135 -0.595871 -0.781991 -0.833445 -0.928552 0.989007 0.978141 0.938667 0.862951 0.728205 0.671317 0.465518 0.058467 -0.028530 -0.169838 -0.324379 -0.499450 -0.549959 -0.734362 -0.828049 -0.923925 
50.375870 305140.093750 72 70 66 0.899330 0.785806 0.462261 0.987772 0.980569 0.938746 0.841545 0.753049 0.716216 0.508734 0.019188 -0.080821 -0.202223 -0.357106 -0.458734 -0.603768 -0.732448 -0.812852 -0.946139 0.989482 0.981351 0.958279 0.866371 0.746072 0.701527 0.462447 0.019774 -0.086489 -0.189369 -0.336979 -0.476247 -0.574451 -0.754971 -0.834375 -0.944596 
43.032951 9858909.000000 68 68 66 0.388540 0.443703 0.689004 0.985997 0.953879 0.868699 0.769627 0.693412 0.386002 0.122505 -0.036663 -0.241114 -0.425263 -0.626083 -0.712786 -0.820212 -0.895417 -0.951540 -0.992853 0.986783 0.960385 0.892831 0.794513 0.731940 0.453240 0.208494 0.063709 -0.097639 -0.297598 -0.503574 -0.695453 -0.769869 -0.894577 -0.940334 -0.989538 
55.949272 21981840.000000 66 78 68 0.649563 0.588970 0.450219 0.981848 0.938916 0.854033 0.778234 0.539260 0.204140 -0.011851 -0.173379 -0.357472 -0.580633 -0.667547 -0.788633 -0.886454 -0.936077 -0.957040 -0.991730 0.984378 0.938045 0.869499 0.775792 0.664228 0.285561 -0.010557 -0.149707 -0.391173 -0.540129 -0.673605 -0.770115 -0.865538 -0.923447 -0.965418 -0.989939 
57.905499 29322014.000000 68 38 116 0.446849 0.631326 0.482851 0.967082 0.889053 0.830859 0.703978 0.444673 0.266445 0.015146 -0.218693 -0.392267 -0.578524 -0.671892 -0.741649 -0.848408 -0.937325 -0.958206 -0.978700 0.971647 0.915892 0.846163 0.763830 0.487876 0.210954 0.032318 -0.162752 -0.355781 -0.567255 -0.706394 -0.765800 -0.864992 -0.930824 -0.961372 -0.994328 
54.924858 20587116.000000 66 228 114 0.448857 0.505129 0.419164 0.973901 0.888329 0.811301 0.725510 0.392729 0.191560 -0.067356 -0.257360 -0.458895 -0.545804 -0.660396 -0.721477 -0.801221 -0.889964 -0.940373 -0.990521 0.970138 0.886197 0.792306 0.695031 0.448596 0.246059 0.049938 -0.215237 -0.430489 -0.543894 -0.659433 -0.750079 -0.826767 -0.904455 -0.949332 -0.977387 
58.331776 21809810.000000 66 68 40 0.514333 0.388518 0.447230 0.979036 0.908625 0.801575 0.600372 0.296721 0.126524 -0.066580 -0.207453 -0.385592 -0.441515 -0.598197 -0.649073 -0.714013 -0.867770 -0.932127 -0.978278 0.971073 0.903087 0.802276 0.707965 0.307677 0.076666 -0.051877 -0.304053 -0.423928 -0.530162 -0.643334 -0.673385 -0.729655 -0.866094 -0.939868 -0.983462 
41.893101 4320863.500000 144 142 34 0.513435 0.312258 0.336380 0.977390 0.931709 0.792718 0.565524 0.325799 0.207172 0.093063 -0.025592 -0.154720 -0.339652 -0.477162 -0.611958 -0.765366 -0.884452 -0.951501 -0.982502 0.976436 0.901937 0.799651 0.640660 0.285792 0.122397 -0.013819 -0.084257 -0.297211 -0.391674 -0.533521 -0.636480 -0.754639 -0.883676 -0.937014 -0.986689 
44.180832 14905141.000000 36 38 82 0.492009 0.692074 0.424434 0.975812 0.848949 0.710828 0.598085 0.363027 0.266476 0.148446 0.017472 -0.154886 -0.334832 -0.549568 -0.603665 -0.764546 -0.869326 -0.937811 -0.973290 0.976364 0.902684 0.776870 0.610719 0.360357 0.273143 0.158718 0.038671 -0.113530 -0.292997 -0.475458 -0.630365 -0.742886 -0.854809 -0.930444 -0.984839 
43.482338 7804911.500000 90 90 78 0.367744 0.621837 0.349655 0.964111 0.889777 0.669659 0.618608 0.436762 0.289766 0.131725 0.028736 -0.152660 -0.397802 -0.537316 -0.637027 -0.715624 -0.872545 -0.928142 -0.967529 0.970821 0.893080 0.666934 0.606534 0.369541 0.286790 0.128100 0.015478 -0.154295 -0.393844 -0.540661 -0.632848 -0.730374 -0.877662 -0.924725 -0.982552 
46.015659 5876685.500000 78 38 58 0.284134 0.356858 0.782526 0.988220 0.976055 0.938821 0.701527 0.661966 0.525214 0.386619 0.101105 -0.053430 -0.240309 -0.473861 -0.621270 -0.706182 -0.853141 -0.946296 -0.967907 0.980571 0.917243 0.706428 0.618451 0.484043 0.342361 0.197618 0.027987 -0.162897 -0.372477 -0.515250 -0.640514 -0.730595 -0.863340 -0.935912 -0.980262 
56.853569 13534590.000000 58 66 70 0.729521 0.909646 0.966778 0.983990 0.975603 0.933586 0.727413 0.671405 0.584321 0.438390 0.298535 0.016459 -0.035153 -0.305182 -0.599527 -0.673203 -0.803068 -0.940359 -0.974047 0.985114 0.976474 0.942753 0.714728 0.666573 0.560695 0.418474 0.255965 0.018858 -0.076301 -0.379906 -0.558020 -0.669324 -0.804959 -0.929816 -0.967844 
57.978863 15322337.000000 70 72 74 0.962649 0.987355 0.979923 0.983396 0.972795 0.941660 0.727826 0.646378 0.558325 0.432764 0.323137 0.033688 -0.004145 -0.237619 -0.612974 -0.681497 -0.757783 -0.908698 -0.963406 0.983591 0.973655 0.937527 0.737680 0.656541 0.581175 0.436083 0.321076 0.014095 -0.021901 -0.223902 -0.620714 -0.671392 -0.777007 -0.925530 -0.972012 
58.113819 13795070.000000 74 74 76 0.978189 0.983988 0.978612 0.982323 0.971832 0.945655 0.746400 0.614780 0.503754 0.380515 0.308279 0.047395 -0.001017 -0.161136 -0.579600 -0.688514 -0.705459 -0.876508 -0.965094 0.982950 0.972385 0.944736 0.755025 0.636331 0.544722 0.409763 0.320969 0.050132 -0.003385 -0.163983 -0.589446 -0.693250 -0.732365 -0.906279 -0.977651 
56.560753 15777784.000000 76 76 76 0.982809 0.981264 0.954202 0.983142 0.971791 0.945780 0.753480 0.600384 0.486617 0.276267 0.199210 0.028316 -0.031969 -0.265729 -0.586221 -0.670238 -0.704541 -0.880992 -0.955925 0.982555 0.972345 0.945572 0.756000 0.600921 0.482541 0.337636 0.255075 0.037649 -0.003996 -0.219927 -0.591752 -0.674039 -0.699199 -0.869980 -0.958331 
53.233841 2727599.750000 78 78 80 0.955035 0.929920 0.830955 0.988460 0.971597 0.956486 0.794104 0.618206 0.536152 0.317175 0.193752 0.024053 -0.084742 -0.326925 -0.535774 -0.641199 -0.684671 -0.803377 -0.958588 0.984257 0.971175 0.953167 0.770358 0.611320 0.503692 0.255291 0.177641 0.014043 -0.069964 -0.292842 -0.555446 -0.653234 -0.696469 -0.824706 -0.951621 
51.133957 812031.812500 78 76 72 0.740891 0.886469 0.968816 0.990762 0.980867 0.958591 0.900067 0.629791 0.566806 0.402978 0.303731 0.112159 -0.007663 -0.413462 -0.540971 -0.619011 -0.736673 -0.901052 -0.971450 0.992242 0.975673 0.950990 0.858689 0.616238 0.557398 0.415364 0.286346 0.051504 -0.080932 -0.376121 -0.529944 -0.660440 -0.730131 -0.906110 -0.962581 
52.866253 503592.625000 72 72 72 0.955789 0.957914 0.955329 0.991018 0.982737 0.963247 0.904594 0.643815 0.594165 0.403825 0.242269 0.086371 0.003901 -0.441438 -0.579725 -0.646643 -0.702187 -0.889108 -0.967929 0.990439 0.981288 0.959292 0.893749 0.638726 0.590638 0.440149 0.274617 0.080617 -0.000508 -0.422527 -0.551316 -0.629959 -0.712432 -0.890455 -0.967223 
47.888126 550382.312500 72 74 68 0.948063 0.685243 0.517636 0.990918 0.981287 0.959446 0.756643 0.607163 0.533370 0.338720 0.210850 0.043330 -0.111541 -0.460038 -0.606945 -0.794521 -0.896701 -0.933135 -0.974056 0.991548 0.983279 0.965359 0.907145 0.632847 0.579121 0.411467 0.239119 0.093914 -0.024099 -0.330025 -0.579250 -0.650350 -0.738937 -0.910533 -0.971891 
42.027458 2326352.000000 70 72 76 0.503555 0.690831 0.724656 0.993079 0.983609 0.906432 0.651680 0.596732 0.402254 0.220229 -0.157299 -0.450095 -0.559990 -0.671719 -0.743114 -0.857510 -0.895825 -0.955891 -0.995968 0.991812 0.981550 0.920346 0.657924 0.604485 0.452967 0.304771 0.150830 -0.076509 -0.444734 -0.607847 -0.722311 -0.806432 -0.876495 -0.920314 -0.993366 
49.067490 4164110.000000 76 74 78 0.710009 0.703286 0.604350 0.987604 0.971485 0.836868 0.654965 0.557175 0.266739 -0.019628 -0.326292 -0.461903 -0.539479 -0.692299 -0.781559 -0.859943 -0.922716 -0.952525 -0.988601 0.991629 0.979585 0.876059 0.662102 0.577934 0.409239 0.176528 -0.356999 -0.465953 -0.596924 -0.714137 -0.749960 -0.825959 -0.920968 -0.958029 -0.992606 
55.406113 7677224.000000 78 66 80 0.489204 0.698583 0.619686 0.984092 0.936161 0.812563 0.651315 0.482892 0.229282 0.014258 -0.357772 -0.466067 -0.587141 -0.745008 -0.816302 -0.866950 -0.904122 -0.965823 -0.996735 0.984908 0.958015 0.797682 0.656779 0.485637 0.196475 -0.025060 -0.280663 -0.447655 -0.552902 -0.716679 -0.805438 -0.875988 -0.921404 -0.956350 -0.990846 
53.225475 5600675.500000 80 70 74 0.624250 0.629258 0.608761 0.984458 0.957565 0.773964 0.642629 0.409366 0.148018 -0.009941 -0.358871 -0.424727 -0.520481 -0.635474 -0.695920 -0.785352 -0.878766 -0.924173 -0.992904 0.984236 0.944148 0.806461 0.645868 0.464309 0.142296 0.002787 -0.341066 -0.462760 -0.584539 -0.720479 -0.772624 -0.849739 -0.885022 -0.938290 -0.993625 
38.762585 1677870.000000 74 64 216 0.741022 0.418878 0.395221 0.978568 0.928898 0.760623 0.709334 0.612006 0.364390 0.104398 -0.101102 -0.227400 -0.328203 -0.572743 -0.667370 -0.798663 -0.878904 -0.948232 -0.986447 0.983932 0.941345 0.740443 0.707702 0.513084 0.240308 -0.038849 -0.218364 -0.338707 -0.415010 -0.569428 -0.645011 -0.751058 -0.865440 -0.943762 -0.990635 
32.736732 406084.812500 144 36 86 0.598174 0.621444 0.477794 0.987074 0.964568 0.794457 0.736574 0.581367 0.383269 0.046647 -0.103725 -0.238177 -0.415306 -0.552286 -0.742177 -0.840051 -0.891419 -0.943927 -0.993220 0.977935 0.938672 0.753513 0.730657 0.538760 0.348609 0.061075 -0.077991 -0.201580 -0.374186 -0.521217 -0.718364 -0.834688 -0.901143 -0.955710 -0.993760 
27.575539 200131.906250 84 70 106 0.446914 0.656781 0.420324 0.987636 0.965891 0.853199 0.751994 0.634907 0.401328 0.091799 -0.104302 -0.305289 -0.409520 -0.561516 -0.716196 -0.804274 -0.885324 -0.940844 -0.983471 0.985140 0.974586 0.843629 0.737548 0.586145 0.386128 0.045380 -0.170603 -0.322819 -0.429884 -0.564993 -0.734962 -0.800425 -0.877114 -0.938703 -0.991646 
49.599232 2160694.000000 64 66 74 0.328836 0.780368 0.913128 0.985978 0.975967 0.952554 0.828829 0.780860 0.714103 0.262584 0.170070 -0.176999 -0.329995 -0.496909 -0.584967 -0.790933 -0.854077 -0.927530 -0.993581 0.990190 0.979043 0.954222 0.829211 0.778560 0.545270 0.236106 0.085555 -0.220410 -0.389038 -0.533938 -0.680432 -0.814982 -0.880668 -0.932409 -0.984318 
53.438866 2475338.500000 74 74 76 0.907527 0.962279 0.983706 0.986151 0.975734 0.953263 0.837065 0.749872 0.705556 0.260414 0.226424 -0.043256 -0.397102 -0.492298 -0.555830 -0.690827 -0.841550 -0.903643 -0.989015 0.985247 0.974674 0.948564 0.825972 0.764919 0.718078 0.266643 0.219068 -0.084767 -0.359518 -0.479640 -0.556195 -0.721718 -0.832119 -0.907527 -0.993126 
51.264496 6699786.000000 76 78 80 0.985898 0.945670 0.929671 0.986795 0.973579 0.951991 0.778305 0.738535 0.566200 0.234932 -0.001792 -0.394459 -0.532062 -0.683217 -0.791792 -0.882812 -0.915734 -0.944487 -0.974827 0.986867 0.976248 0.954504 0.824240 0.747556 0.689575 0.269488 0.218144 -0.147768 -0.459775 -0.509225 -0.688838 -0.847314 -0.905998 -0.931222 -0.967435 
49.745480 2928518.000000 80 80 82 0.945585 0.853100 0.879818 0.991911 0.979721 0.948726 0.771525 0.737128 0.408515 0.171511 -0.187526 -0.421864 -0.568623 -0.669782 -0.803077 -0.869532 -0.939625 -0.961667 -0.989703 0.988897 0.974614 0.953257 0.767270 0.735676 0.496139 0.193934 -0.061150 -0.432430 -0.642274 -0.720655 -0.811682 -0.876860 -0.926866 -0.952608 -0.983409 
45.523056 2828810.250000 82 78 76 0.907585 0.849273 0.920109 0.989905 0.977600 0.952811 0.749955 0.702881 0.571376 0.205102 -0.131228 -0.394296 -0.472861 -0.642845 -0.763371 -0.844212 -0.916667 -0.950933 -0.982019 0.991537 0.979721 0.948355 0.750750 0.712191 0.466746 0.067027 -0.283669 -0.430508 -0.516972 -0.652634 -0.763856 -0.849085 -0.911127 -0.956750 -0.977852 
50.618446 4413634.500000 76 74 74 0.906216 0.984816 0.981046 0.987799 0.976997 0.958717 0.774975 0.654541 0.623109 0.288520 0.235818 -0.085884 -0.469551 -0.534738 -0.669360 -0.812418 -0.913876 -0.946137 -0.981914 0.988336 0.976830 0.958774 0.784885 0.669630 0.635594 0.283852 0.197122 -0.303142 -0.461929 -0.573000 -0.712714 -0.835396 -0.906525 -0.937018 -0.974953 
50.852264 11991146.000000 74 76 78 0.984638 0.959513 0.794550 0.988693 0.976784 0.957165 0.685387 0.590099 0.371298 0.247902 0.109572 -0.245535 -0.448017 -0.600845 -0.720711 -0.840125 -0.903386 -0.930020 -0.978807 0.988127 0.977202 0.959893 0.751682 0.637115 0.568669 0.266799 0.222815 -0.031534 -0.492902 -0.534840 -0.677455 -0.800645 -0.902262 -0.938069 -0.969663 
48.370468 5456310.000000 78 80 80 0.744809 0.667606 0.509876 0.992593 0.980455 0.891418 0.641005 0.526759 0.146271 0.003049 -0.124783 -0.376391 -0.511130 -0.659613 -0.767891 -0.860636 -0.901038 -0.938182 -0.980911 0.990712 0.975861 0.945134 0.639358 0.539257 0.328072 0.135445 -0.183214 -0.365461 -0.492814 -0.618760 -0.750349 -0.846148 -0.900140 -0.932837 -0.986536 
31.564621 169521.906250 80 74 74 0.465188 0.711513 0.633251 0.985910 0.978791 0.908297 0.674089 0.616991 0.439067 0.198553 0.016543 -0.217408 -0.456433 -0.572969 -0.733894 -0.824009 -0.912579 -0.952330 -0.985733 0.990020 0.982721 0.903826 0.659644 0.601831 0.346760 0.107147 -0.061359 -0.266600 -0.471447 -0.640824 -0.733269 -0.823944 -0.891037 -0.924530 -0.982305 
25.013374 54845.789062 150 144 74 0.661970 0.425468 0.368290 0.988273 0.979060 0.906303 0.745228 0.641297 0.510803 0.244999 0.087578 -0.362465 -0.496036 -0.612858 -0.731458 -0.841812 -0.904566 -0.947694 -0.976320 0.988299 0.970303 0.904617 0.729201 0.638343 0.486655 0.232145 0.069018 -0.295604 -0.485159 -0.593587 -0.747061 -0.842706 -0.892126 -0.948814 -0.980429 
49.191269 22359560.000000 118 106 206 0.638003 0.491302 0.322381 0.961331 0.908849 0.800258 0.622467 0.371833 0.176059 0.072073 -0.093879 -0.357951 -0.491340 -0.599058 -0.754528 -0.786072 -0.874393 -0.932677 -0.973797 0.985334 0.949138 0.798414 0.651762 0.428334 0.216651 0.057569 -0.053598 -0.232012 -0.393290 -0.556992 -0.640463 -0.731970 -0.826207 -0.919688 -0.974905 
52.832092 12496821.000000 62 58 40 0.181826 0.603088 0.397744 0.981666 0.927428 0.715011 0.473192 0.351545 0.135771 0.028146 -0.126374 -0.379952 -0.484976 -0.574908 -0.746254 -0.811953 -0.862673 -0.932061 -0.958984 0.966335 0.931835 0.790444 0.552687 0.366879 0.168396 0.040240 -0.094965 -0.410785 -0.503754 -0.604425 -0.752562 -0.822012 -0.881771 -0.919668 -0.977323 
44.964012 5532960.000000 94 118 94 0.548249 0.504482 0.498161 0.974405 0.906158 0.714440 0.453567 0.392826 0.252387 0.105865 0.001725 -0.231641 -0.448375 -0.501520 -0.672623 -0.767457 -0.828893 -0.910597 -0.957872 0.975964 0.935022 0.690355 0.503119 0.398255 0.199543 0.062277 -0.076543 -0.339737 -0.470746 -0.530995 -0.703967 -0.806570 -0.863447 -0.923281 -0.961209 
41.160316 4989855.000000 58 72 62 0.327374 0.364550 0.898728 0.993489 0.980971 0.867563 0.511988 0.409653 0.308855 0.133412 0.061941 -0.053813 -0.307808 -0.469419 -0.609939 -0.776464 -0.827791 -0.906192 -0.971137 0.978399 0.940900 0.744911 0.504567 0.461545 0.281738 0.126584 0.035695 -0.131678 -0.420477 -0.493219 -0.659073 -0.770912 -0.838706 -0.898607 -0.969038 
53.084675 17225784.000000 62 62 60 0.785645 0.918463 0.951714 0.991692 0.972058 0.941734 0.859723 0.518409 0.458666 0.255033 0.130389 0.004457 -0.281102 -0.402510 -0.509720 -0.699200 -0.788616 -0.869990 -0.929890 0.992837 0.976898 0.948537 0.898859 0.477438 0.386300 0.170455 0.084740 -0.072898 -0.337225 -0.466411 -0.544647 -0.714488 -0.812227 -0.884103 -0.956299 
56.321510 56174824.000000 60 62 64 0.932406 0.976298 0.983366 0.985165 0.966788 0.933403 0.743877 0.520494 0.462375 0.236560 0.122803 0.018280 -0.202904 -0.400177 -0.472061 -0.639804 -0.716034 -0.841585 -0.880210 0.988654 0.967405 0.934601 0.767469 0.525798 0.466420 0.253475 0.128767 0.030201 -0.213689 -0.397199 -0.491640 -0.652005 -0.747690 -0.849363 -0.909259 
57.446091 50049952.000000 64 64 64 0.982486 0.992982 0.956209 0.982089 0.966805 0.935594 0.774997 0.521106 0.463149 0.222620 0.118007 0.043927 -0.193752 -0.406337 -0.483472 -0.627059 -0.694942 -0.833869 -0.862998 0.983686 0.966696 0.934925 0.767667 0.511538 0.454442 0.224816 0.111385 0.042894 -0.206310 -0.401804 -0.479910 -0.642707 -0.711809 -0.828910 -0.865911 
57.264153 27991204.000000 64 66 68 0.961298 0.987289 0.967787 0.984658 0.971398 0.942258 0.802701 0.543159 0.492440 0.234987 0.114561 0.027056 -0.200885 -0.441601 -0.498057 -0.623714 -0.695166 -0.818402 -0.859897 0.982937 0.967980 0.939547 0.791751 0.530083 0.474130 0.226021 0.119509 0.021245 -0.193254 -0.425967 -0.485840 -0.628547 -0.696483 -0.827313 -0.858674 
55.505619 3780930.250000 66 70 66 0.928692 0.760185 0.942678 0.991047 0.980522 0.953170 0.885811 0.630458 0.506398 0.361799 0.150280 0.064943 -0.239870 -0.456184 -0.499871 -0.596212 -0.719121 -0.801255 -0.916187 0.987111 0.971241 0.949726 0.842239 0.562885 0.519637 0.258008 0.108556 0.041012 -0.231801 -0.447104 -0.501216 -0.621095 -0.690830 -0.807816 -0.873426 
56.096863 1929846.625000 68 68 68 0.941877 0.956313 0.983678 0.991657 0.981536 0.966294 0.902623 0.610774 0.531285 0.387293 0.134598 0.080143 -0.195157 -0.442994 -0.519324 -0.555107 -0.665149 -0.852382 -0.953348 0.991270 0.981086 0.960308 0.897464 0.642540 0.495207 0.384493 0.148242 0.077498 -0.162443 -0.430852 -0.495234 -0.549570 -0.691186 -0.828404 -0.942487 
56.115562 929111.500000 68 68 68 0.976022 0.975176 0.942578 0.992067 0.983220 0.966901 0.931356 0.652250 0.514794 0.392857 0.121039 0.084949 -0.191865 -0.406469 -0.505003 -0.543289 -0.648200 -0.874251 -0.957003 0.991317 0.981984 0.964640 0.921833 0.645279 0.489668 0.391071 0.124445 0.069431 -0.214551 -0.415181 -0.504189 -0.544218 -0.630187 -0.856071 -0.955795 
53.205448 1211145.625000 68 72 76 0.950391 0.861078 0.458462 0.993200 0.984706 0.964741 0.906493 0.578768 0.483951 0.222514 0.119899 -0.133238 -0.334631 -0.405308 -0.555516 -0.696977 -0.780905 -0.871276 -0.943091 0.992882 0.984794 0.969876 0.929938 0.695629 0.510979 0.430974 0.162014 0.090840 -0.191446 -0.417391 -0.511207 -0.561511 -0.749548 -0.890175 -0.961703 
49.797398 17130962.000000 78 74 74 0.677741 0.723282 0.937740 0.985658 0.980132 0.945928 0.622915 0.478801 0.395446 0.164257 0.109924 -0.164301 -0.392945 -0.471187 -0.601375 -0.687946 -0.781442 -0.898046 -0.979306 0.987337 0.969936 0.916699 0.750230 0.490714 0.365467 0.169297 0.070138 -0.273268 -0.375940 -0.463148 -0.612525 -0.729357 -0.819739 -0.899556 -0.959720 
57.710835 19930192.000000 74 72 74 0.924929 0.987943 0.960571 0.986799 0.981372 0.962112 0.698714 0.503048 0.448584 0.210389 0.142550 0.025059 -0.290123 -0.411794 -0.509525 -0.653109 -0.701774 -0.780229 -0.913812 0.986308 0.980362 0.958455 0.686465 0.492174 0.437510 0.191599 0.134733 -0.030348 -0.330975 -0.439432 -0.543296 -0.661188 -0.709407 -0.831420 -0.940275 
58.114609 6239591.500000 72 72 76 0.992406 0.954603 0.956117 0.987900 0.982897 0.967181 0.825660 0.499369 0.444598 0.224035 0.155174 0.052549 -0.249308 -0.420845 -0.530664 -0.630405 -0.684905 -0.778609 -0.952791 0.987299 0.982233 0.966191 0.771838 0.509417 0.443370 0.224752 0.151461 0.047450 -0.265170 -0.405347 -0.492801 -0.645157 -0.693114 -0.764310 -0.945877 
51.645554 1657265.250000 76 80 82 0.939852 0.493739 0.554538 0.990650 0.981860 0.962473 0.806470 0.495890 0.440666 0.203007 0.149079 -0.142985 -0.333343 -0.410721 -0.490971 -0.608627 -0.715319 -0.768139 -0.886385 0.988405 0.982813 0.964309 0.791040 0.506048 0.460001 0.201056 0.150813 -0.015374 -0.288720 -0.399159 -0.503053 -0.594994 -0.682071 -0.756239 -0.877938 
42.828835 175927.765625 84 84 84 0.580199 0.449478 0.600041 0.989234 0.984092 0.968161 0.839098 0.505868 0.469916 0.282133 0.181853 0.021762 -0.259581 -0.419112 -0.484469 -0.634809 -0.696600 -0.844167 -0.942754 0.992483 0.984373 0.966544 0.825877 0.495347 0.458397 0.275507 0.186217 0.011766 -0.288167 -0.416150 -0.472117 -0.649082 -0.705050 -0.814426 -0.958789 
37.685051 71760.867188 176 182 182 0.569069 0.756943 0.765854 0.989107 0.984790 0.959779 0.760543 0.515535 0.464497 0.243390 0.150324 0.077428 -0.210994 -0.408990 -0.470179 -0.590846 -0.722125 -0.876584 -0.969436 0.991040 0.983596 0.966131 0.829696 0.506269 0.480673 0.273876 0.144965 0.054752 -0.205622 -0.418556 -0.487177 -0.628515 -0.698520 -0.879908 -0.961563 
31.581257 19978.480469 184 80 40 0.653759 0.722026 0.686972 0.991584 0.986701 0.945716 0.790302 0.533919 0.461114 0.348736 0.126445 0.087716 -0.285596 -0.418745 -0.467815 -0.676495 -0.808693 -0.897881 -0.973844 0.990622 0.984895 0.962704 0.808359 0.519656 0.457812 0.291792 0.133908 0.092827 -0.301697 -0.420029 -0.452999 -0.622084 -0.771416 -0.900997 -0.967470 
26.601593 10454.813477 218 180 142 0.642763 0.548566 0.682084 0.986524 0.980089 0.932900 0.771037 0.577943 0.456091 0.287129 0.162545 0.040379 -0.282577 -0.448947 -0.519316 -0.671997 -0.830365 -0.915988 -0.976045 0.989483 0.985015 0.955283 0.784914 0.590813 0.482618 0.328002 0.144149 0.054104 -0.332178 -0.413812 -0.553513 -0.684510 -0.817930 -0.919800 -0.979146 
21.067944 9609.095703 144 66 74 0.624076 0.575275 0.545070 0.990144 0.982681 0.915848 0.789901 0.600269 0.463366 0.351110 0.156853 -0.046095 -0.337453 -0.424540 -0.518893 -0.676150 -0.801786 -0.914749 -0.978653 0.984891 0.973440 0.926537 0.803019 0.572796 0.488625 0.332375 0.157865 -0.001702 -0.344462 -0.428311 -0.558823 -0.667206 -0.813248 -0.930358 -0.976743 
44.233517 13816952.000000 118 36 34 0.670871 0.728743 0.552265 0.976376 0.899319 0.810280 0.686096 0.420434 0.186629 0.102226 -0.090394 -0.288118 -0.403190 -0.583394 -0.681324 -0.743667 -0.825611 -0.901851 -0.956297 0.985716 0.972810 0.858752 0.707200 0.531639 0.340086 0.175371 0.063511 -0.225884 -0.322424 -0.525086 -0.606884 -0.709302 -0.758334 -0.891686 -0.951103 
52.758446 10854078.000000 36 36 178 0.637546 0.852891 0.518260 0.982887 0.944381 0.790079 0.628974 0.332237 0.192668 -0.078059 -0.345314 -0.472792 -0.533784 -0.629104 -0.741442 -0.807173 -0.877468 -0.924656 -0.984990 0.977641 0.904209 0.826624 0.697026 0.388888 0.179997 0.080861 -0.189738 -0.372512 -0.480361 -0.623578 -0.727625 -0.797972 -0.864821 -0.910446 -0.972089 
52.456738 7687687.500000 222 222 28 0.605876 0.543122 0.556494 0.978985 0.917803 0.777750 0.584842 0.328427 0.147490 0.040305 -0.307269 -0.462675 -0.502112 -0.628597 -0.737707 -0.812945 -0.893471 -0.943894 -0.982559 0.980231 0.920055 0.783564 0.569678 0.359995 0.163798 0.016509 -0.352899 -0.489772 -0.532998 -0.637268 -0.720167 -0.782058 -0.879730 -0.921819 -0.986225 
51.469097 7585384.000000 50 54 56 0.543723 0.359342 0.692655 0.978944 0.908243 0.789637 0.465341 0.399409 0.214628 0.032534 -0.225215 -0.435413 -0.462480 -0.623043 -0.732985 -0.755066 -0.859468 -0.919488 -0.973946 0.972853 0.897399 0.774203 0.507092 0.395176 0.206453 -0.007634 -0.301011 -0.446390 -0.475673 -0.631847 -0.733228 -0.786243 -0.867599 -0.927845 -0.984853 
44.083561 1539309.250000 56 78 74 0.679977 0.509886 0.611827 0.984647 0.961919 0.783356 0.488107 0.423906 0.201712 0.135552 -0.084405 -0.373868 -0.441105 -0.495185 -0.662427 -0.755108 -0.814177 -0.919666 -0.978987 0.979462 0.942818 0.772590 0.480190 0.400070 0.181719 0.116244 -0.242838 -0.411168 -0.446172 -0.552216 -0.710657 -0.759525 -0.833613 -0.920634 -0.980993 
49.818687 2576855.750000 60 62 74 0.481519 0.800208 0.720156 0.989686 0.980919 0.969352 0.885400 0.504356 0.438585 0.266203 0.180299 -0.158430 -0.365392 -0.461154 -0.626983 -0.741789 -0.832808 -0.917211 -0.968857 0.993470 0.983324 0.966857 0.732380 0.474682 0.387143 0.164940 0.090132 -0.304925 -0.407272 -0.452078 -0.644261 -0.761871 -0.833172 -0.907898 -0.980047 
54.387634 4681663.500000 74 76 78 0.755143 0.971653 0.982170 0.987823 0.978779 0.963968 0.878875 0.502605 0.391248 0.268595 0.207549 -0.081910 -0.299462 -0.404385 -0.573450 -0.707180 -0.765692 -0.868712 -0.956001 0.988099 0.980350 0.964885 0.890331 0.499179 0.414761 0.258536 0.191137 -0.066341 -0.291862 -0.391009 -0.550460 -0.724122 -0.776352 -0.897839 -0.958328 
53.715763 4171602.750000 78 80 82 0.972763 0.973687 0.976841 0.987281 0.976535 0.963629 0.856070 0.532842 0.447459 0.315547 0.219084 -0.080946 -0.262126 -0.363027 -0.551984 -0.697283 -0.750786 -0.858846 -0.962237 0.987600 0.976930 0.962679 0.862643 0.523540 0.416071 0.291150 0.222989 -0.035230 -0.265157 -0.348694 -0.588849 -0.697437 -0.767743 -0.842739 -0.957373 
54.345917 2256060.750000 82 84 84 0.974348 0.976810 0.976929 0.986714 0.977490 0.968065 0.844852 0.577998 0.478608 0.332224 0.266522 -0.025668 -0.240887 -0.299962 -0.572006 -0.688604 -0.753430 -0.837525 -0.924357 0.987264 0.977226 0.967785 0.834595 0.556223 0.471202 0.334564 0.253032 -0.066884 -0.242250 -0.314521 -0.554697 -0.684431 -0.753200 -0.843393 -0.940340 
54.592304 918590.812500 84 86 86 0.975703 0.983172 0.981339 0.987679 0.978855 0.969782 0.871189 0.660125 0.593355 0.360218 0.297715 -0.042505 -0.231146 -0.280381 -0.599353 -0.686388 -0.721708 -0.857572 -0.965009 0.987167 0.978649 0.968411 0.883020 0.627148 0.521116 0.339012 0.254580 -0.023080 -0.248466 -0.283549 -0.562340 -0.692199 -0.724672 -0.850855 -0.955293 
53.821255 328187.031250 86 86 86 0.982424 0.975722 0.972187 0.988499 0.980286 0.970008 0.906772 0.719938 0.668180 0.379473 0.318792 -0.033420 -0.242438 -0.275461 -0.523356 -0.713032 -0.754852 -0.882804 -0.978559 0.988237 0.980091 0.970165 0.899510 0.683946 0.641990 0.398786 0.323691 0.006823 -0.238746 -0.262939 -0.550544 -0.705480 -0.767371 -0.853407 -0.971707 
53.404293 226045.171875 84 84 82 0.963991 0.979721 0.937513 0.988218 0.979320 0.967464 0.895668 0.765305 0.740851 0.433948 0.297143 0.095464 -0.220577 -0.321414 -0.539177 -0.686158 -0.773591 -0.899153 -0.975087 0.988646 0.979871 0.969696 0.907511 0.740597 0.712221 0.423682 0.306490 -0.013681 -0.235298 -0.312637 -0.548156 -0.704344 -0.749992 -0.901025 -0.978861 
52.624279 216769.453125 82 80 76 0.948114 0.907388 0.892137 0.986845 0.977244 0.960758 0.879182 0.801299 0.767843 0.532315 0.268570 0.048931 -0.249003 -0.303406 -0.548208 -0.672040 -0.770756 -0.896727 -0.974575 0.987540 0.978913 0.964668 0.883679 0.776412 0.760018 0.457696 0.306037 0.096234 -0.222790 -0.322175 -0.576025 -0.683070 -0.763605 -0.887862 -0.972655 
54.131428 220405.453125 76 72 68 0.901796 0.910654 0.933882 0.986718 0.980870 0.961074 0.887259 0.836270 0.792499 0.489733 0.249892 0.027326 -0.265549 -0.340230 -0.579547 -0.637616 -0.760001 -0.903120 -0.978714 0.987453 0.979711 0.959879 0.879681 0.821929 0.793495 0.513089 0.234473 -0.004364 -0.244915 -0.314923 -0.563503 -0.652819 -0.755710 -0.902467 -0.974470 
54.963093 250417.453125 68 64 62 0.942847 0.935985 0.958455 0.985224 0.979046 0.963338 0.891704 0.861398 0.730783 0.395022 0.231534 0.024996 -0.263299 -0.396426 -0.567544 -0.615994 -0.747255 -0.902952 -0.974835 0.985688 0.980338 0.962885 0.895772 0.848885 0.784572 0.400872 0.250681 0.053957 -0.251016 -0.360503 -0.576863 -0.637785 -0.781353 -0.893157 -0.975430 
54.352840 141201.906250 62 58 56 0.942718 0.971046 0.934138 0.988156 0.976852 0.967012 0.926927 0.836592 0.751180 0.421612 0.218743 0.045088 -0.261254 -0.408392 -0.577403 -0.620065 -0.772426 -0.909963 -0.973954 0.986823 0.978166 0.968988 0.917685 0.843517 0.762071 0.374793 0.213542 0.028859 -0.294666 -0.404437 -0.576321 -0.620452 -0.764237 -0.901172 -0.972193 
51.513538 84943.648438 56 54 52 0.979950 0.921120 0.952838 0.991496 0.982521 0.955527 0.928596 0.866483 0.761423 0.445007 0.177880 0.084314 -0.224830 -0.433031 -0.559603 -0.611844 -0.788412 -0.910673 -0.976968 0.990653 0.978495 0.963318 0.929155 0.846392 0.771375 0.454700 0.206813 0.068029 -0.271906 -0.408761 -0.559679 -0.616859 -0.763456 -0.907234 -0.977057 
50.103207 41510.054688 52 50 48 0.945405 0.926438 0.909832 0.991618 0.984040 0.962004 0.938992 0.874985 0.750624 0.401652 0.233874 0.030548 -0.190095 -0.420330 -0.544573 -0.688572 -0.827447 -0.925279 -0.974115 0.992317 0.985622 0.960082 0.925390 0.858831 0.734621 0.438178 0.219328 0.044651 -0.174071 -0.408870 -0.526309 -0.674067 -0.820481 -0.916000 -0.978045 
44.502174 18578.503906 48 46 44 0.938064 0.875492 0.516770 0.991122 0.985683 0.959758 0.927903 0.812890 0.615300 0.392941 0.204676 -0.031857 -0.186886 -0.404751 -0.510131 -0.710919 -0.821382 -0.907441 -0.966236 0.991024 0.984537 0.961664 0.942630 0.840160 0.673451 0.416818 0.230341 0.003541 -0.177254 -0.393403 -0.548086 -0.705720 -0.841821 -0.919068 -0.975809 
32.647865 9775.402344 46 70 44 0.643217 0.569969 0.360771 0.981894 0.974055 0.939224 0.883360 0.774395 0.611665 0.382366 0.207583 -0.076813 -0.285442 -0.450339 -0.567405 -0.713290 -0.792263 -0.914913 -0.975827 0.987575 0.980755 0.952738 0.894158 0.779239 0.606040 0.388277 0.233635 -0.009754 -0.231464 -0.416754 -0.543003 -0.722866 -0.815200 -0.916246 -0.976520 
27.698814 6382.513672 116 52 46 0.335089 0.593936 0.681037 0.988675 0.979471 0.920201 0.843731 0.734825 0.557424 0.385557 0.192316 -0.052382 -0.252486 -0.411921 -0.577052 -0.750789 -0.845405 -0.931994 -0.974188 0.989354 0.983963 0.935995 0.840558 0.795114 0.580924 0.383567 0.246340 -0.008519 -0.297888 -0.441755 -0.567137 -0.694869 -0.834112 -0.918555 -0.978440 
23.502415 5010.672852 44 50 60 0.443560 0.671059 0.576848 0.990565 0.980589 0.931003 0.836740 0.656099 0.510305 0.351447 0.136653 -0.074835 -0.260985 -0.408409 -0.563693 -0.735985 -0.838336 -0.928682 -0.971953 0.990842 0.985145 0.925829 0.859952 0.682161 0.524393 0.353865 0.163221 -0.037687 -0.313201 -0.424274 -0.563668 -0.745187 -0.852680 -0.925841 -0.980795 
18.719931 4462.489258 230 56 50 0.432411 0.562378 0.582945 0.988618 0.972232 0.924350 0.850844 0.649421 0.531893 0.345830 0.164620 -0.034831 -0.240262 -0.407863 -0.593032 -0.721487 -0.852114 -0.927997 -0.969295 0.987386 0.975090 0.933152 0.821174 0.640957 0.501788 0.313790 0.148849 -0.073039 -0.251090 -0.388075 -0.614276 -0.725078 -0.830474 -0.927397 -0.984667 
18.526167 4553.114746 50 50 50 0.701317 0.641557 0.518579 0.985198 0.965809 0.913274 0.817434 0.678694 0.530581 0.326081 0.153727 -0.069498 -0.236421 -0.412246 -0.562652 -0.732187 -0.844922 -0.929929 -0.974110 0.989570 0.977946 0.913483 0.853868 0.694521 0.543864 0.346781 0.152264 -0.099659 -0.256186 -0.419570 -0.552288 -0.728876 -0.847108 -0.919817 -0.981456 
19.843409 4836.521484 38 88 88 0.683599 0.715223 0.674922 0.989261 0.979499 0.922407 0.826226 0.678285 0.487421 0.361658 0.168101 -0.036727 -0.231324 -0.401799 -0.531279 -0.740343 -0.828150 -0.924961 -0.975509 0.986398 0.974570 0.921051 0.830975 0.658639 0.511037 0.357252 0.196988 -0.070126 -0.255236 -0.384055 -0.558269 -0.711359 -0.834010 -0.933102 -0.972843 
15.801288 727.954651 52 50 62 0.660965 0.323876 0.896862 0.981608 0.962569 0.908862 0.829189 0.707338 0.562022 0.381878 0.165566 -0.109515 -0.270479 -0.426735 -0.576407 -0.742519 -0.809509 -0.912251 -0.957571 0.985110 0.971899 0.919127 0.838659 0.700554 0.528370 0.349792 0.159311 -0.101718 -0.248989 -0.428820 -0.559349 -0.724818 -0.831281 -0.922572 -0.974033 
