41.157688 140208.765625 50 80 83 0.000000 0.810562 0.750126 0.996356 0.991566 0.943315 0.911004 0.675469 0.479010 0.334448 -0.119300 -0.278350 -0.324715 -0.417573 -0.452889 -0.646922 -0.841236 -0.930449 -0.976147 0.996653 0.991135 0.899293 0.788737 0.642706 0.484353 0.289099 0.125845 -0.094133 -0.256719 -0.426077 -0.584343 -0.718838 -0.840298 -0.927639 -0.982747 
53.195900 214353.171875 66 70 66 0.666384 0.944023 0.925315 0.992609 0.982969 0.969209 0.895540 0.843833 0.799609 0.524599 0.197039 0.004999 -0.228440 -0.536202 -0.705182 -0.767674 -0.829379 -0.882970 -0.965178 0.993845 0.985524 0.970514 0.891176 0.849528 0.631442 0.306298 0.171003 -0.038007 -0.502143 -0.643733 -0.709528 -0.767821 -0.816135 -0.854747 -0.968886 
55.831432 341176.343750 66 66 66 0.967104 0.972872 0.980437 0.991728 0.981137 0.954823 0.874824 0.819096 0.708989 0.650060 0.546402 0.060487 -0.052673 -0.308128 -0.549953 -0.728842 -0.809074 -0.891306 -0.971094 0.991665 0.981401 0.960074 0.873398 0.836757 0.728443 0.651209 0.419973 0.051566 -0.120508 -0.402924 -0.630572 -0.749809 -0.821092 -0.884072 -0.956995 
57.194401 626560.187500 66 66 68 0.985533 0.984251 0.963026 0.991205 0.979224 0.948925 0.878048 0.803925 0.697142 0.602057 0.522138 0.058942 -0.035109 -0.159094 -0.457619 -0.671096 -0.792978 -0.908282 -0.974069 0.991293 0.980435 0.950410 0.884840 0.805518 0.710057 0.626037 0.542053 0.051823 -0.038135 -0.210926 -0.505741 -0.683059 -0.798273 -0.902013 -0.975234 
53.753235 560078.500000 68 70 74 0.973613 0.839314 0.686557 0.992296 0.975016 0.939873 0.861082 0.804040 0.622383 0.507320 0.225954 0.025451 -0.108330 -0.384539 -0.446916 -0.585513 -0.736512 -0.883035 -0.950942 0.991123 0.975322 0.946931 0.874410 0.809356 0.654891 0.573664 0.443741 0.008725 -0.043717 -0.248343 -0.437348 -0.596582 -0.755226 -0.898107 -0.968777 
38.996529 39740.437500 74 74 74 0.592275 0.512336 0.712778 0.993403 0.984024 0.926651 0.831752 0.778273 0.650568 0.547117 0.327155 0.001583 -0.120223 -0.358229 -0.493643 -0.704242 -0.825340 -0.901962 -0.969046 0.992371 0.979979 0.927748 0.842645 0.789388 0.628117 0.492102 0.201376 0.019181 -0.216329 -0.413985 -0.471969 -0.623101 -0.771915 -0.896966 -0.952575 
33.994473 23303.326172 74 68 66 0.669191 0.489789 0.586111 0.989676 0.972086 0.920232 0.833110 0.763016 0.639568 0.592188 0.346699 0.005456 -0.134746 -0.401604 -0.546816 -0.734614 -0.855768 -0.930283 -0.977535 0.992304 0.980424 0.932373 0.835538 0.778340 0.644822 0.561129 0.320887 -0.004067 -0.124933 -0.381888 -0.545485 -0.733667 -0.834906 -0.916367 -0.973823 
33.094372 1360639.125000 66 68 56 0.571185 0.431551 0.661062 0.966349 0.935368 0.873177 0.793739 0.594357 0.405285 0.308393 0.133003 -0.037569 -0.260284 -0.430607 -0.581372 -0.731621 -0.819312 -0.913097 -0.987958 0.991471 0.969428 0.910222 0.826797 0.761051 0.655066 0.584265 0.299122 -0.013500 -0.165322 -0.394383 -0.571119 -0.730752 -0.851344 -0.921432 -0.973476 
45.484436 4030365.750000 78 70 68 0.413831 0.674083 0.243801 0.968630 0.948493 0.889961 0.814779 0.596169 0.415717 0.258626 0.113581 -0.080275 -0.313558 -0.451608 -0.612866 -0.725583 -0.878732 -0.934892 -0.967854 0.965716 0.948471 0.891846 0.830228 0.604654 0.421216 0.288975 0.164144 -0.020779 -0.274045 -0.419798 -0.588506 -0.729689 -0.828662 -0.922717 -0.982136 
36.202629 2420136.500000 66 148 76 0.338614 0.553433 0.525666 0.963593 0.908823 0.874581 0.783620 0.594197 0.414809 0.271084 0.123477 -0.086877 -0.301951 -0.448493 -0.623180 -0.757509 -0.882236 -0.932428 -0.956089 0.985119 0.922854 0.847440 0.767237 0.552843 0.387203 0.246235 0.086275 -0.089562 -0.329300 -0.474402 -0.621162 -0.747797 -0.884746 -0.929371 -0.959130 
38.833729 1374518.625000 76 78 76 0.463383 0.637733 0.399735 0.955058 0.917375 0.889384 0.839277 0.626143 0.481172 0.262181 0.111807 -0.174791 -0.331719 -0.493938 -0.610794 -0.685397 -0.869454 -0.929527 -0.967576 0.949542 0.907627 0.881810 0.828487 0.606165 0.467473 0.258337 0.134156 -0.179704 -0.321499 -0.463174 -0.598555 -0.710123 -0.886597 -0.930086 -0.964365 
56.620136 1419491.875000 74 52 60 0.528847 0.393092 0.952681 0.986892 0.975552 0.955902 0.926083 0.887728 0.665923 0.272832 0.149647 -0.044640 -0.293810 -0.415331 -0.591866 -0.624511 -0.751951 -0.918656 -0.965984 0.989500 0.970687 0.917864 0.883802 0.714860 0.531328 0.270690 0.120459 -0.139828 -0.339109 -0.491375 -0.617049 -0.665260 -0.847351 -0.927003 -0.967940 
65.084244 2723178.000000 58 62 64 0.902336 0.971271 0.971307 0.984761 0.978733 0.956922 0.924096 0.894871 0.697196 0.330448 0.151755 -0.043765 -0.299088 -0.366793 -0.545779 -0.608161 -0.715193 -0.896715 -0.974603 0.985400 0.977245 0.959504 0.921609 0.896730 0.735706 0.238595 0.149734 -0.016714 -0.284881 -0.389538 -0.568618 -0.631861 -0.703832 -0.895074 -0.970336 
65.987251 3248777.500000 64 68 68 0.966868 0.983164 0.963873 0.985226 0.978230 0.945252 0.928587 0.898996 0.701609 0.330977 0.125530 -0.000826 -0.270632 -0.392846 -0.518981 -0.619493 -0.712999 -0.886067 -0.974744 0.984810 0.978982 0.948093 0.927082 0.895872 0.686114 0.331776 0.141518 -0.021450 -0.294868 -0.372073 -0.526351 -0.600414 -0.719630 -0.893255 -0.975430 
65.519066 2505926.250000 68 70 68 0.964861 0.939273 0.981752 0.985315 0.978657 0.947310 0.929286 0.902918 0.720184 0.333556 0.154104 -0.006331 -0.274169 -0.371608 -0.527664 -0.600214 -0.715763 -0.892339 -0.974181 0.985439 0.978313 0.947872 0.930724 0.904060 0.707711 0.289127 0.153623 -0.020696 -0.263336 -0.363621 -0.520896 -0.597135 -0.723597 -0.896678 -0.974504 
66.261284 3939973.750000 68 66 64 0.982648 0.962099 0.974646 0.983409 0.975906 0.934118 0.919090 0.899785 0.750720 0.324220 0.194468 -0.000737 -0.287069 -0.362892 -0.515004 -0.630250 -0.689852 -0.886175 -0.974199 0.984430 0.977827 0.940288 0.924246 0.900392 0.718027 0.323918 0.154749 -0.037075 -0.273553 -0.367946 -0.518881 -0.611391 -0.688365 -0.880046 -0.973965 
66.707779 3039268.000000 64 64 62 0.982432 0.963983 0.953556 0.982317 0.975200 0.932359 0.916124 0.885228 0.776159 0.433079 0.275911 0.158702 -0.248823 -0.379728 -0.549312 -0.637705 -0.727590 -0.901473 -0.975627 0.982594 0.974374 0.929565 0.917201 0.892231 0.777918 0.411834 0.256218 0.078385 -0.259816 -0.371593 -0.535157 -0.623092 -0.734014 -0.901008 -0.975792 
64.929192 5177900.500000 62 60 60 0.957013 0.927289 0.849423 0.980970 0.972330 0.939073 0.880735 0.851858 0.776694 0.426553 0.332234 0.037960 -0.285202 -0.387284 -0.560612 -0.648553 -0.682525 -0.814520 -0.969059 0.982036 0.974176 0.938974 0.900371 0.863998 0.779564 0.368366 0.313157 0.075008 -0.271280 -0.386128 -0.543838 -0.633166 -0.674278 -0.861754 -0.972615 
63.961281 11573899.000000 60 58 56 0.842107 0.969918 0.961676 0.978202 0.965773 0.934662 0.875257 0.807501 0.687787 0.486840 0.407527 0.007153 -0.275042 -0.360231 -0.569781 -0.668656 -0.714450 -0.764173 -0.962162 0.980282 0.969524 0.938409 0.870822 0.843289 0.713849 0.462844 0.409265 0.046801 -0.282632 -0.414173 -0.578198 -0.659606 -0.711914 -0.757414 -0.955565 
64.185173 13035978.000000 58 56 54 0.935660 0.969021 0.993204 0.976421 0.963947 0.932972 0.848911 0.748746 0.664800 0.579859 0.484896 0.073854 -0.200358 -0.294140 -0.446079 -0.650338 -0.713171 -0.785371 -0.961640 0.977216 0.963503 0.934929 0.861333 0.761329 0.680662 0.533560 0.429101 0.034548 -0.228043 -0.301782 -0.505836 -0.661117 -0.713848 -0.761258 -0.949850 
64.096878 6588472.000000 54 54 52 0.989272 0.970053 0.967526 0.974322 0.966012 0.931909 0.868630 0.721218 0.651604 0.578838 0.539131 0.141192 -0.151638 -0.279271 -0.359910 -0.679645 -0.739112 -0.854806 -0.972027 0.975432 0.964065 0.931803 0.858245 0.739603 0.656260 0.587249 0.525428 0.105043 -0.177493 -0.294453 -0.412752 -0.683033 -0.725092 -0.820167 -0.965276 
61.641613 3503888.750000 52 52 56 0.966594 0.860104 0.876623 0.976454 0.969276 0.938706 0.830037 0.662324 0.605633 0.543651 0.456819 0.172932 -0.041216 -0.177344 -0.341634 -0.679161 -0.722845 -0.839732 -0.969081 0.974929 0.968574 0.938828 0.848753 0.696759 0.632618 0.563223 0.487341 0.163147 -0.065216 -0.208664 -0.377963 -0.687939 -0.730768 -0.862828 -0.971723 
54.012482 1139186.875000 56 72 54 0.937709 0.718792 0.293751 0.975756 0.966184 0.923004 0.794252 0.667966 0.599523 0.522421 0.428340 0.159804 -0.031774 -0.190206 -0.370765 -0.633167 -0.725986 -0.877592 -0.969916 0.978051 0.968475 0.932225 0.811245 0.662116 0.624422 0.541774 0.451701 0.174515 -0.021938 -0.173597 -0.344032 -0.640987 -0.713495 -0.837509 -0.967589 
47.083553 213780.125000 56 56 54 0.317531 0.774368 0.753564 0.975496 0.964263 0.926075 0.847486 0.730323 0.656509 0.576970 0.529845 0.218206 -0.110355 -0.264049 -0.438273 -0.657009 -0.765227 -0.885334 -0.970808 0.974317 0.960117 0.924675 0.854500 0.707287 0.618836 0.544689 0.469202 0.148916 -0.027978 -0.235924 -0.406200 -0.648458 -0.735796 -0.881809 -0.969852 
40.940739 89640.796875 54 54 54 0.850266 0.494451 0.480572 0.966918 0.951023 0.893364 0.793537 0.724324 0.643061 0.568243 0.519889 0.351784 -0.099253 -0.272439 -0.488721 -0.655551 -0.788397 -0.927605 -0.971694 0.972874 0.956114 0.909137 0.805211 0.728460 0.649130 0.569702 0.511847 0.322490 -0.105404 -0.259684 -0.465629 -0.659183 -0.776168 -0.898017 -0.972604 
38.225487 196895.125000 148 148 24 0.532331 0.601587 0.554021 0.963773 0.950924 0.868744 0.774084 0.682627 0.609766 0.448098 0.378111 0.206713 -0.036787 -0.159218 -0.476696 -0.603368 -0.761166 -0.895668 -0.968668 0.969146 0.951792 0.879718 0.797599 0.702802 0.639817 0.578134 0.491714 0.292475 -0.084393 -0.296121 -0.498702 -0.665502 -0.774423 -0.928964 -0.965956 
35.337547 70868.937500 46 72 56 0.416515 0.461835 0.590417 0.970078 0.952676 0.880342 0.780729 0.677405 0.606123 0.530733 0.406864 0.157423 -0.060717 -0.255640 -0.493961 -0.677420 -0.825127 -0.910996 -0.969583 0.968076 0.957569 0.865025 0.778171 0.679562 0.592638 0.430559 0.369955 0.165070 -0.036728 -0.155438 -0.479705 -0.609029 -0.796768 -0.904759 -0.971658 
32.302986 37571.929688 56 54 56 0.603034 0.507600 0.641547 0.968924 0.952909 0.883231 0.742288 0.672177 0.616426 0.549203 0.467201 0.150688 -0.166718 -0.358162 -0.505755 -0.687562 -0.817080 -0.909436 -0.977021 0.971307 0.957353 0.894377 0.775598 0.690133 0.595834 0.551332 0.476858 0.151991 -0.127569 -0.354526 -0.502257 -0.708349 -0.829250 -0.897973 -0.969411 
50.842442 2519642.250000 56 82 60 0.647947 0.470900 0.779966 0.977590 0.949185 0.922091 0.871350 0.714102 0.654924 0.338089 0.249619 0.163915 0.062355 -0.111970 -0.241828 -0.632940 -0.783850 -0.835287 -0.958113 0.969993 0.951168 0.822606 0.744586 0.659414 0.583251 0.492863 0.284833 0.136897 -0.101875 -0.290189 -0.487800 -0.689954 -0.811026 -0.904894 -0.976997 
61.199280 13002625.000000 60 64 62 0.669305 0.822357 0.971907 0.981929 0.959848 0.933732 0.881645 0.754259 0.556998 0.293716 0.230545 0.136365 0.024426 -0.125223 -0.285111 -0.703884 -0.788485 -0.839838 -0.922513 0.979178 0.953257 0.925480 0.877108 0.721430 0.636770 0.342721 0.241262 0.162880 0.047425 -0.084350 -0.222977 -0.689005 -0.775966 -0.824571 -0.941362 
59.874043 5518652.500000 62 62 64 0.981544 0.980151 0.867489 0.986490 0.965443 0.940765 0.878926 0.786235 0.536347 0.310546 0.241965 0.140312 -0.033011 -0.149483 -0.458833 -0.716134 -0.769022 -0.823211 -0.890819 0.982966 0.961894 0.939296 0.882595 0.785003 0.497710 0.306093 0.226817 0.136756 -0.008578 -0.121931 -0.393695 -0.720675 -0.766031 -0.822208 -0.906749 
49.852051 2999754.250000 66 66 64 0.780975 0.830211 0.735819 0.994004 0.972339 0.912179 0.820469 0.687616 0.540152 0.290332 0.192484 0.081080 -0.134520 -0.315379 -0.490578 -0.740949 -0.798590 -0.866211 -0.923201 0.992450 0.972230 0.931770 0.842498 0.729105 0.582653 0.309645 0.223669 0.099430 -0.036450 -0.200061 -0.415744 -0.716344 -0.779877 -0.821396 -0.885044 
46.813892 5721942.500000 66 64 66 0.697358 0.536721 0.771261 0.992365 0.972166 0.924392 0.762281 0.664549 0.508608 0.243003 0.153231 -0.049905 -0.357198 -0.502882 -0.667289 -0.772319 -0.877450 -0.922809 -0.966966 0.993809 0.974318 0.912014 0.783531 0.662373 0.500368 0.245242 0.155851 -0.033415 -0.313575 -0.452052 -0.674287 -0.777084 -0.860457 -0.914643 -0.962781 
41.447372 786897.250000 64 64 64 0.776868 0.699579 0.697372 0.990030 0.966502 0.921206 0.792581 0.698366 0.609149 0.275598 0.214313 0.009161 -0.302181 -0.418679 -0.569686 -0.773925 -0.884409 -0.933735 -0.979290 0.992535 0.972356 0.927951 0.767160 0.680725 0.560869 0.260739 0.196866 -0.007425 -0.285779 -0.460439 -0.624976 -0.773890 -0.877131 -0.931109 -0.980568 
41.666138 15361869.000000 62 72 148 0.685229 0.603523 0.376606 0.970961 0.945361 0.860128 0.696508 0.615971 0.412886 0.213754 0.031893 -0.050440 -0.397947 -0.464603 -0.558097 -0.787614 -0.890319 -0.944350 -0.971322 0.986340 0.957506 0.916686 0.782253 0.688963 0.514957 0.295838 0.153283 -0.010642 -0.234781 -0.461495 -0.533366 -0.726143 -0.855580 -0.944079 -0.976554 
56.855446 29309464.000000 198 58 66 0.452374 0.612605 0.884584 0.983963 0.974940 0.940034 0.772907 0.681964 0.548503 0.250186 0.187880 -0.013274 -0.253302 -0.323214 -0.536430 -0.680369 -0.742082 -0.843948 -0.927305 0.986311 0.972452 0.929152 0.729541 0.651317 0.457511 0.201901 0.124155 -0.086817 -0.338562 -0.440429 -0.574884 -0.767738 -0.853588 -0.929793 -0.964182 
55.071110 1515216.125000 64 72 72 0.902101 0.745063 0.736124 0.992443 0.976915 0.949869 0.821203 0.709218 0.583826 0.321756 0.234157 0.014467 -0.176194 -0.350429 -0.590782 -0.690607 -0.766670 -0.916937 -0.954931 0.986550 0.974382 0.946748 0.812771 0.703369 0.561553 0.274657 0.215504 -0.032197 -0.233003 -0.312393 -0.540111 -0.688573 -0.723785 -0.879467 -0.946525 
41.184296 270387.625000 70 84 66 0.720012 0.817165 0.624729 0.993447 0.974115 0.937256 0.809587 0.677068 0.594845 0.367261 0.162844 -0.036709 -0.214212 -0.379389 -0.508327 -0.703332 -0.799102 -0.919431 -0.956996 0.994049 0.977864 0.944381 0.836428 0.692199 0.590410 0.344804 0.177574 -0.014522 -0.207581 -0.376370 -0.526604 -0.721066 -0.791728 -0.916213 -0.962618 
36.224190 148110.671875 66 60 34 0.636113 0.607999 0.696833 0.986503 0.973867 0.935565 0.795854 0.672336 0.584695 0.304164 0.194971 -0.020776 -0.257331 -0.345386 -0.477981 -0.658767 -0.790504 -0.907033 -0.971767 0.990538 0.973851 0.931853 0.799485 0.672460 0.576577 0.330486 0.179538 0.010076 -0.243667 -0.371282 -0.486173 -0.695607 -0.800030 -0.920168 -0.955856 
32.550758 146223.265625 32 110 102 0.620502 0.411032 0.524893 0.985244 0.965093 0.908373 0.792353 0.680659 0.605886 0.317428 0.172849 -0.046357 -0.271601 -0.424184 -0.590933 -0.708080 -0.818022 -0.909823 -0.944082 0.983226 0.974536 0.919287 0.780051 0.677411 0.627700 0.341205 0.204929 0.030562 -0.268990 -0.344111 -0.491293 -0.660459 -0.787188 -0.903593 -0.977438 
42.058262 9302551.000000 56 74 150 0.391824 0.379286 0.359697 0.966749 0.932906 0.859587 0.738834 0.551773 0.414593 0.247800 0.137862 -0.086226 -0.338452 -0.461012 -0.620336 -0.738745 -0.887115 -0.921674 -0.943348 0.962284 0.936547 0.888407 0.766999 0.615973 0.424431 0.270373 0.130997 -0.112445 -0.353092 -0.484802 -0.612463 -0.713685 -0.848090 -0.912659 -0.936088 
41.475300 9252936.000000 150 72 44 0.477998 0.516879 0.453548 0.931496 0.893422 0.828984 0.691482 0.558544 0.461312 0.282752 0.109613 -0.045966 -0.324002 -0.447919 -0.600955 -0.734473 -0.877773 -0.934465 -0.962128 0.951239 0.896977 0.837452 0.683927 0.554619 0.432622 0.268897 0.104497 -0.056273 -0.309097 -0.428692 -0.583442 -0.764815 -0.890496 -0.930431 -0.946871 
48.404625 10138646.000000 56 74 66 0.509878 0.390693 0.883121 0.988740 0.957633 0.918647 0.783452 0.698535 0.540781 0.410031 0.210005 0.040866 -0.095407 -0.419764 -0.540535 -0.694955 -0.814096 -0.928501 -0.971782 0.963671 0.898517 0.808321 0.718660 0.619717 0.421204 0.321051 0.119215 0.003170 -0.302569 -0.441114 -0.588203 -0.720686 -0.853862 -0.938480 -0.971828 
60.002178 13644774.000000 66 70 74 0.819898 0.899818 0.932551 0.981625 0.958057 0.933453 0.843403 0.705096 0.652680 0.442373 0.384931 0.164335 0.032370 -0.159532 -0.540265 -0.626362 -0.749116 -0.918170 -0.968802 0.984917 0.958662 0.931098 0.829446 0.714272 0.661086 0.454609 0.366434 0.098682 0.012320 -0.236822 -0.541585 -0.626251 -0.788025 -0.925261 -0.969042 
62.576714 27652402.000000 74 74 74 0.945323 0.972207 0.935132 0.977524 0.953602 0.929231 0.851369 0.671781 0.607288 0.406434 0.313475 0.242750 0.055713 -0.112648 -0.534194 -0.650037 -0.714427 -0.837263 -0.962932 0.979382 0.955444 0.931110 0.846970 0.685650 0.628937 0.431585 0.351559 0.222668 0.037817 -0.130719 -0.541748 -0.647670 -0.725602 -0.898949 -0.977454 
63.613602 55482928.000000 76 76 76 0.948408 0.980767 0.974519 0.978630 0.956824 0.931807 0.843345 0.635539 0.565462 0.385702 0.266261 0.192013 -0.036467 -0.294781 -0.443726 -0.707911 -0.774240 -0.828726 -0.889486 0.977023 0.953829 0.927614 0.853720 0.648539 0.579440 0.402657 0.286936 0.224212 0.029312 -0.222739 -0.521919 -0.690786 -0.765007 -0.809387 -0.916297 
62.912613 20184850.000000 76 76 76 0.983072 0.943038 0.966116 0.982077 0.967778 0.946756 0.853809 0.633294 0.586120 0.394152 0.257402 0.177927 0.080219 -0.300722 -0.526641 -0.672191 -0.794500 -0.830820 -0.942677 0.980746 0.961404 0.938204 0.845139 0.625197 0.567985 0.383675 0.253579 0.187941 0.042152 -0.291778 -0.468687 -0.719658 -0.780769 -0.821993 -0.902556 
59.168442 25595264.000000 76 78 76 0.957155 0.821080 0.790328 0.987070 0.972248 0.950159 0.779063 0.620587 0.554045 0.284306 0.185661 -0.086409 -0.411823 -0.502766 -0.702165 -0.764293 -0.863155 -0.921490 -0.974580 0.983766 0.970231 0.954734 0.844646 0.634231 0.594166 0.415579 0.222384 0.152905 -0.182102 -0.478262 -0.639635 -0.751769 -0.816204 -0.886351 -0.948546 
51.137234 23913396.000000 76 76 76 0.779879 0.825471 0.832710 0.994604 0.973507 0.917941 0.747798 0.622230 0.500816 0.249324 0.157099 -0.297522 -0.400954 -0.560698 -0.721738 -0.780379 -0.868634 -0.946624 -0.990205 0.993366 0.972369 0.916823 0.741611 0.628574 0.533203 0.269032 0.169681 -0.245137 -0.399092 -0.488132 -0.692472 -0.794115 -0.878692 -0.941309 -0.990373 
48.743252 15912822.000000 76 76 88 0.822968 0.600365 0.708899 0.993938 0.972230 0.909680 0.698312 0.626865 0.458955 0.247591 0.054549 -0.277667 -0.415202 -0.554274 -0.709188 -0.810855 -0.908272 -0.950633 -0.989866 0.994031 0.974311 0.927108 0.727757 0.606797 0.488274 0.242119 0.133324 -0.288971 -0.415272 -0.544504 -0.723100 -0.780591 -0.890186 -0.944369 -0.991117 
47.186562 18512050.000000 90 80 76 0.707163 0.791676 0.838273 0.991567 0.972957 0.904227 0.689230 0.619938 0.439614 0.252448 0.080164 -0.246654 -0.399821 -0.534153 -0.661872 -0.814875 -0.909437 -0.957401 -0.983098 0.990999 0.969022 0.915129 0.701521 0.616721 0.445392 0.242859 0.065869 -0.277707 -0.377734 -0.551532 -0.687066 -0.838430 -0.908789 -0.958262 -0.987845 
53.697685 21418318.000000 76 76 72 0.876546 0.889675 0.944645 0.988014 0.970579 0.953815 0.775461 0.624097 0.545733 0.299931 0.209364 -0.056045 -0.440241 -0.513433 -0.640970 -0.765868 -0.854812 -0.943001 -0.982225 0.989909 0.971983 0.936120 0.707544 0.617467 0.483836 0.264593 0.116137 -0.207175 -0.450491 -0.536679 -0.664235 -0.784309 -0.896109 -0.952863 -0.988562 
61.292835 67071148.000000 72 70 72 0.926619 0.958471 0.989999 0.982584 0.968088 0.948435 0.776201 0.591473 0.518350 0.300963 0.237031 0.126849 -0.228608 -0.438979 -0.507137 -0.706668 -0.784484 -0.898777 -0.971566 0.984760 0.969861 0.950808 0.808687 0.611558 0.550026 0.327121 0.230081 0.142193 -0.277489 -0.470835 -0.538454 -0.708065 -0.814370 -0.934193 -0.973164 
58.742081 23387496.000000 72 74 80 0.992752 0.936859 0.847198 0.987910 0.972377 0.946334 0.746010 0.611277 0.500478 0.287916 0.223283 -0.116293 -0.337170 -0.454901 -0.595101 -0.715314 -0.745224 -0.842217 -0.965264 0.982844 0.968127 0.950025 0.743374 0.587043 0.495834 0.278027 0.236096 0.043115 -0.327511 -0.448126 -0.553342 -0.711635 -0.747842 -0.837763 -0.964428 
51.199539 13193836.000000 80 74 70 0.850123 0.842697 0.753635 0.994017 0.980271 0.936352 0.743973 0.580427 0.434972 0.238169 0.156389 -0.133257 -0.346489 -0.458916 -0.565310 -0.672281 -0.767926 -0.907436 -0.975545 0.993251 0.977869 0.933953 0.782070 0.625611 0.480947 0.267251 0.190468 -0.112471 -0.327131 -0.468743 -0.571032 -0.692359 -0.769060 -0.877345 -0.978678 
56.074139 18859308.000000 70 68 64 0.831822 0.929727 0.955962 0.987581 0.973384 0.943106 0.867550 0.623227 0.489973 0.289976 0.208688 -0.058627 -0.327992 -0.457286 -0.572195 -0.642473 -0.744209 -0.869450 -0.972901 0.989768 0.971600 0.946204 0.825323 0.575873 0.483374 0.241132 0.180809 -0.104650 -0.320280 -0.433244 -0.550716 -0.677324 -0.766798 -0.897838 -0.976389 
60.376907 27950602.000000 64 62 60 0.963520 0.950232 0.961213 0.986389 0.972594 0.944305 0.844307 0.603638 0.547983 0.364069 0.202581 0.148643 -0.131004 -0.430755 -0.530151 -0.629529 -0.718679 -0.767270 -0.959564 0.987414 0.973112 0.943551 0.859531 0.609438 0.544390 0.320091 0.199055 0.098553 -0.263659 -0.473061 -0.560583 -0.640121 -0.705230 -0.800686 -0.982808 
60.439640 16292493.000000 60 58 56 0.976549 0.977844 0.973630 0.986667 0.971234 0.944540 0.875767 0.616041 0.549686 0.457498 0.177265 0.136090 -0.149797 -0.479229 -0.569306 -0.663779 -0.740119 -0.775335 -0.910470 0.985844 0.971497 0.942698 0.861258 0.608031 0.546024 0.403369 0.189642 0.154491 -0.108522 -0.416671 -0.554338 -0.633416 -0.739113 -0.783173 -0.911805 
56.757904 3860156.250000 56 54 54 0.955968 0.950578 0.896492 0.991149 0.980210 0.955544 0.884507 0.619038 0.583232 0.343837 0.188484 0.102340 -0.230008 -0.496528 -0.563562 -0.677269 -0.739697 -0.811460 -0.942804 0.989208 0.975118 0.949843 0.869336 0.627316 0.574431 0.415199 0.176756 0.105222 -0.238777 -0.513548 -0.559484 -0.652833 -0.742088 -0.793865 -0.919342 
54.997025 1152226.875000 52 52 54 0.895237 0.943953 0.756121 0.993092 0.987446 0.950928 0.865010 0.638320 0.570865 0.452518 0.222537 0.145767 -0.100563 -0.393314 -0.533296 -0.666237 -0.735526 -0.853518 -0.969860 0.991646 0.983734 0.952846 0.910784 0.611418 0.562679 0.389038 0.204608 0.144431 -0.099163 -0.447574 -0.565327 -0.671466 -0.747462 -0.839156 -0.963269 
47.472000 1153125.875000 56 54 118 0.875770 0.591942 0.545229 0.989317 0.966016 0.868736 0.784211 0.612775 0.550303 0.394700 0.178257 0.051035 -0.202845 -0.307794 -0.427213 -0.631277 -0.685345 -0.832551 -0.940171 0.993135 0.987016 0.908760 0.814836 0.661906 0.567532 0.448959 0.217374 0.114596 -0.229667 -0.340919 -0.470180 -0.637497 -0.707625 -0.843919 -0.960004 
35.840752 2275575.500000 118 128 58 0.580548 0.436981 0.598831 0.983867 0.944436 0.889607 0.755265 0.591337 0.470880 0.303288 0.143160 -0.087752 -0.299092 -0.532229 -0.687875 -0.769250 -0.877385 -0.941992 -0.992964 0.981766 0.956448 0.901041 0.758144 0.615245 0.559365 0.402858 0.180637 0.085844 -0.214675 -0.312906 -0.499413 -0.649759 -0.741710 -0.890776 -0.976575 
45.175423 14047648.000000 130 132 70 0.540794 0.560217 0.388290 0.984902 0.946864 0.775364 0.588678 0.507034 0.338759 0.231585 -0.072525 -0.308038 -0.447560 -0.633875 -0.687075 -0.821279 -0.900886 -0.952917 -0.994010 0.985135 0.950066 0.870511 0.640203 0.526728 0.379632 0.264924 0.061373 -0.289902 -0.386371 -0.619113 -0.692866 -0.809417 -0.893233 -0.953008 -0.995401 
42.729813 3183972.500000 70 54 62 0.446031 0.504925 0.660509 0.974235 0.922227 0.769077 0.729756 0.625762 0.456553 0.259734 0.023758 -0.246656 -0.401484 -0.581370 -0.696131 -0.826978 -0.901968 -0.938254 -0.983305 0.971978 0.891164 0.755174 0.680846 0.533625 0.388792 0.219970 -0.044983 -0.310848 -0.447654 -0.638611 -0.699068 -0.842783 -0.897846 -0.947210 -0.987613 
30.781443 236821.687500 58 52 56 0.540481 0.762904 0.645566 0.984652 0.960949 0.845038 0.692956 0.582767 0.494480 0.299010 0.021566 -0.247965 -0.408871 -0.593871 -0.730242 -0.853250 -0.906639 -0.946071 -0.984709 0.982168 0.951304 0.784594 0.718841 0.604420 0.470476 0.271144 0.007849 -0.258744 -0.416855 -0.581210 -0.728705 -0.852058 -0.903132 -0.946859 -0.981248 
24.919117 224026.296875 130 52 50 0.573095 0.750005 0.463112 0.982011 0.952247 0.868382 0.711943 0.565138 0.450442 0.276066 0.120600 -0.090487 -0.365956 -0.563392 -0.666942 -0.790669 -0.894784 -0.955358 -0.987014 0.984532 0.962728 0.876977 0.700810 0.593510 0.512675 0.310832 0.085700 -0.244085 -0.394111 -0.585159 -0.694087 -0.824785 -0.908891 -0.953139 -0.988166 
45.674892 24448202.000000 76 48 150 0.552267 0.512192 0.455079 0.954975 0.918679 0.774506 0.614200 0.453411 0.363043 0.273450 0.130006 -0.150071 -0.325245 -0.480171 -0.633827 -0.713854 -0.762237 -0.885579 -0.970235 0.955436 0.919081 0.841663 0.682055 0.464036 0.393882 0.307097 0.146895 -0.111002 -0.301490 -0.491854 -0.644845 -0.716580 -0.800516 -0.911559 -0.986699 
47.072372 18614616.000000 150 90 56 0.548332 0.612019 0.574379 0.952893 0.890514 0.723461 0.554421 0.457094 0.337662 0.172252 0.035429 -0.159720 -0.391222 -0.471134 -0.641918 -0.729373 -0.812087 -0.914406 -0.967632 0.953476 0.893031 0.699835 0.563128 0.450142 0.345638 0.208397 0.053438 -0.171722 -0.377067 -0.482809 -0.638850 -0.728334 -0.784563 -0.903580 -0.975230 
40.914749 4522706.000000 78 76 64 0.579245 0.463065 0.511787 0.968953 0.908422 0.774676 0.574381 0.530152 0.364947 0.222317 0.051138 -0.259923 -0.377709 -0.452090 -0.638039 -0.742462 -0.784502 -0.915558 -0.978284 0.956929 0.910668 0.748495 0.558553 0.491378 0.367172 0.196255 0.026189 -0.196173 -0.370542 -0.461016 -0.617945 -0.735310 -0.810514 -0.916664 -0.975009 
48.270489 1341331.625000 52 50 54 0.452662 0.818848 0.956799 0.992557 0.985623 0.960608 0.849965 0.643090 0.509538 0.346237 0.183878 -0.100161 -0.285569 -0.413147 -0.597071 -0.728552 -0.814921 -0.912175 -0.983154 0.991131 0.983433 0.888363 0.681457 0.574958 0.486337 0.246424 0.117851 -0.211776 -0.353664 -0.449074 -0.615420 -0.731698 -0.782374 -0.892979 -0.981448 
54.389771 1193613.000000 54 54 54 0.967502 0.958687 0.965290 0.992965 0.986537 0.966238 0.834972 0.716706 0.608834 0.395227 0.243610 -0.065879 -0.208194 -0.359606 -0.537869 -0.710524 -0.778198 -0.861289 -0.960967 0.993148 0.985855 0.966300 0.858636 0.695884 0.551177 0.376730 0.214986 -0.024561 -0.226045 -0.381710 -0.563712 -0.727515 -0.799129 -0.895985 -0.969763 
55.966286 951966.937500 52 54 52 0.979140 0.981369 0.972550 0.993129 0.987232 0.965035 0.851428 0.720334 0.659594 0.411015 0.278728 -0.133194 -0.209770 -0.307059 -0.371736 -0.669712 -0.761749 -0.847654 -0.971073 0.993228 0.986731 0.965236 0.843723 0.726562 0.648652 0.387329 0.243091 -0.068980 -0.221380 -0.313839 -0.422214 -0.701488 -0.770457 -0.845422 -0.957649 
56.235584 6274129.000000 52 54 50 0.980091 0.946031 0.643228 0.992348 0.985469 0.934012 0.792973 0.683798 0.584666 0.345256 0.197802 -0.041609 -0.243664 -0.327283 -0.431335 -0.597460 -0.740388 -0.855622 -0.960627 0.992886 0.987030 0.961361 0.820650 0.743396 0.698171 0.413681 0.250001 -0.117646 -0.209640 -0.304123 -0.371074 -0.603113 -0.759448 -0.861095 -0.971526 
60.665604 100233384.000000 52 52 52 0.902006 0.970487 0.992363 0.984297 0.963101 0.934313 0.795407 0.551281 0.499458 0.291584 0.146949 0.044810 -0.215265 -0.354018 -0.464052 -0.567995 -0.727992 -0.769320 -0.881921 0.987066 0.966238 0.932079 0.789780 0.594775 0.539772 0.311022 0.184888 0.005045 -0.279997 -0.338184 -0.441520 -0.586920 -0.743437 -0.790960 -0.935315 
61.581177 118433208.000000 52 52 52 0.995390 0.992506 0.974781 0.981705 0.961684 0.935241 0.781649 0.527818 0.488706 0.312447 0.157097 0.018511 -0.251329 -0.366512 -0.456446 -0.576152 -0.736985 -0.791500 -0.851434 0.982948 0.961442 0.933686 0.781043 0.544235 0.493199 0.318811 0.156408 0.015589 -0.246793 -0.353113 -0.463562 -0.615898 -0.724701 -0.782134 -0.859328 
61.158386 124707280.000000 52 52 54 0.982177 0.961706 0.990730 0.982686 0.964271 0.934562 0.763346 0.527576 0.459913 0.291424 0.162376 0.004455 -0.270579 -0.328725 -0.477701 -0.621607 -0.738129 -0.790058 -0.868537 0.981866 0.962324 0.935958 0.766747 0.531925 0.474167 0.303118 0.161656 0.021998 -0.279012 -0.352438 -0.466838 -0.612366 -0.744236 -0.789081 -0.868615 
58.350807 30256866.000000 54 54 60 0.981705 0.955676 0.883109 0.988325 0.975352 0.940417 0.801411 0.531822 0.489779 0.290823 0.144498 -0.091608 -0.268406 -0.333517 -0.512914 -0.687317 -0.780187 -0.814809 -0.981729 0.984934 0.968337 0.936378 0.795195 0.556608 0.470970 0.299755 0.168887 0.015755 -0.248906 -0.299526 -0.477999 -0.647495 -0.776690 -0.798037 -0.918841 
52.718399 79925896.000000 58 62 52 0.841148 0.714690 0.762777 0.985754 0.966459 0.804237 0.557561 0.486037 0.206982 0.058238 -0.105787 -0.246950 -0.353450 -0.467124 -0.606458 -0.698120 -0.842134 -0.957020 -0.988331 0.990608 0.979698 0.918334 0.646298 0.522583 0.374893 0.127999 -0.031242 -0.218984 -0.294179 -0.404819 -0.545925 -0.724795 -0.813942 -0.936786 -0.984867 
56.847725 127671888.000000 54 54 54 0.858612 0.892354 0.909868 0.977262 0.963339 0.799025 0.522848 0.428710 0.199446 0.008071 -0.168601 -0.229627 -0.369279 -0.484384 -0.598350 -0.759971 -0.859756 -0.952159 -0.987803 0.978828 0.962786 0.794692 0.524487 0.436379 0.194151 -0.003196 -0.155274 -0.224751 -0.346499 -0.498065 -0.598201 -0.745454 -0.863375 -0.956652 -0.984079 
57.955494 97003344.000000 52 52 52 0.905302 0.610843 0.693838 0.982058 0.945562 0.701513 0.497375 0.390206 0.144350 -0.092723 -0.194697 -0.300079 -0.395387 -0.518296 -0.661642 -0.774898 -0.860504 -0.947188 -0.991016 0.975996 0.957766 0.782300 0.516688 0.419493 0.204073 -0.024368 -0.201746 -0.262059 -0.368368 -0.487278 -0.631641 -0.756332 -0.858744 -0.960010 -0.992140 
58.056427 76974896.000000 52 48 50 0.638086 0.550479 0.654747 0.978087 0.910052 0.590259 0.490414 0.321967 0.138374 -0.087106 -0.182277 -0.242590 -0.390278 -0.513329 -0.626815 -0.782692 -0.880085 -0.950932 -0.987802 0.981766 0.930022 0.640238 0.485122 0.342948 0.116285 -0.105833 -0.170916 -0.291740 -0.416407 -0.514786 -0.638771 -0.774198 -0.865403 -0.939842 -0.989119 
58.850281 69454488.000000 62 54 52 0.668281 0.767799 0.657918 0.976747 0.933317 0.586117 0.461766 0.289181 0.118814 -0.030584 -0.211860 -0.257332 -0.379753 -0.508962 -0.667533 -0.791601 -0.868743 -0.966351 -0.988614 0.976527 0.911764 0.574889 0.478353 0.277666 0.112068 -0.069995 -0.193803 -0.267929 -0.384638 -0.510311 -0.667556 -0.806107 -0.876598 -0.963417 -0.988962 
53.478184 26116066.000000 52 52 114 0.806151 0.739514 0.511737 0.980008 0.938887 0.599604 0.483432 0.405123 0.170223 0.037494 -0.179713 -0.274442 -0.404287 -0.518005 -0.612083 -0.746302 -0.845306 -0.933430 -0.988378 0.977200 0.939319 0.607589 0.479211 0.354399 0.144292 0.010023 -0.202750 -0.258471 -0.399089 -0.502147 -0.632712 -0.761807 -0.843524 -0.951247 -0.987609 
49.645611 20840792.000000 112 64 70 0.430204 0.655789 0.743409 0.992498 0.973853 0.953142 0.669132 0.517046 0.432689 0.219419 0.084330 -0.193869 -0.280799 -0.438825 -0.592872 -0.736114 -0.824762 -0.941285 -0.986590 0.993354 0.977531 0.725280 0.502091 0.456122 0.211151 0.082842 -0.151402 -0.254324 -0.356559 -0.486024 -0.582906 -0.731549 -0.846441 -0.923530 -0.984161 
56.757706 44944472.000000 74 78 82 0.798175 0.953289 0.924603 0.985734 0.969819 0.950768 0.760237 0.524821 0.471392 0.233212 0.174791 -0.090994 -0.251667 -0.357712 -0.582350 -0.684582 -0.775708 -0.920611 -0.982360 0.988043 0.970001 0.953439 0.703748 0.529428 0.464379 0.228929 0.170391 -0.112540 -0.255606 -0.347425 -0.595442 -0.704460 -0.805071 -0.936573 -0.981418 
56.750923 31795436.000000 82 86 88 0.931771 0.951882 0.948777 0.985676 0.966917 0.947631 0.781740 0.555374 0.503647 0.245799 0.179190 0.009923 -0.238735 -0.347443 -0.492150 -0.725064 -0.799049 -0.926140 -0.980276 0.985723 0.968638 0.948248 0.770824 0.548770 0.495467 0.242573 0.189024 -0.075016 -0.257212 -0.326741 -0.516733 -0.693056 -0.784721 -0.922553 -0.980367 
55.813324 20172378.000000 88 90 92 0.923087 0.957720 0.986088 0.983377 0.965395 0.947579 0.780266 0.566058 0.516866 0.271944 0.202485 0.040381 -0.260321 -0.345093 -0.458786 -0.680841 -0.767430 -0.917631 -0.977204 0.983699 0.965962 0.947159 0.764175 0.555704 0.502741 0.255814 0.201470 0.031234 -0.229407 -0.352512 -0.492503 -0.694873 -0.776253 -0.909565 -0.979484 
54.426113 8048454.000000 92 92 92 0.981267 0.977273 0.956895 0.985650 0.968540 0.953072 0.823827 0.587154 0.547094 0.247033 0.186917 0.008830 -0.275665 -0.419990 -0.474739 -0.655485 -0.753176 -0.903637 -0.960152 0.984172 0.966310 0.948809 0.819416 0.578635 0.538924 0.257893 0.176313 0.023081 -0.234501 -0.398754 -0.471767 -0.684616 -0.747719 -0.913893 -0.971355 
50.085011 1043210.125000 92 92 80 0.931137 0.848156 0.808315 0.994319 0.980144 0.960477 0.888310 0.580195 0.528650 0.318236 0.173240 -0.065249 -0.237422 -0.403731 -0.493842 -0.595596 -0.782218 -0.903778 -0.975401 0.991345 0.971762 0.958492 0.859876 0.582973 0.534277 0.253362 0.186155 -0.091750 -0.297699 -0.431562 -0.491288 -0.581499 -0.770105 -0.895350 -0.966008 
51.241684 545270.625000 82 82 82 0.818809 0.916735 0.922893 0.994066 0.983258 0.965739 0.924971 0.592714 0.556052 0.354353 0.207299 0.049972 -0.187628 -0.362176 -0.478425 -0.650241 -0.812961 -0.908980 -0.975880 0.994038 0.981531 0.966347 0.899955 0.586347 0.549567 0.341402 0.198077 -0.037300 -0.232883 -0.381651 -0.495520 -0.619570 -0.800256 -0.913653 -0.977356 
52.284779 330281.843750 80 78 76 0.948312 0.980104 0.980197 0.994517 0.986242 0.964165 0.937958 0.651745 0.544679 0.415317 0.191735 0.073726 -0.212542 -0.365116 -0.511850 -0.661614 -0.808214 -0.910084 -0.976077 0.993998 0.984813 0.964380 0.931681 0.618859 0.535679 0.403841 0.208954 0.087790 -0.171331 -0.330200 -0.483111 -0.655250 -0.793741 -0.904159 -0.975690 
52.251114 244823.656250 76 76 74 0.976238 0.965951 0.960788 0.995260 0.987567 0.967888 0.938098 0.645742 0.590790 0.411287 0.162147 0.043524 -0.205191 -0.384009 -0.562339 -0.603711 -0.810408 -0.921411 -0.975167 0.994989 0.987515 0.963745 0.937664 0.718540 0.557051 0.410167 0.182427 0.034689 -0.216589 -0.372083 -0.548128 -0.636321 -0.818307 -0.916323 -0.976943 
50.201828 124186.734375 76 76 76 0.956947 0.946159 0.936978 0.995228 0.988749 0.972570 0.921001 0.644631 0.585070 0.438264 0.110722 0.032244 -0.175182 -0.460106 -0.564939 -0.606010 -0.781462 -0.936717 -0.967835 0.995151 0.987067 0.969001 0.929458 0.634818 0.597407 0.425471 0.119044 0.033823 -0.191866 -0.433408 -0.551302 -0.593375 -0.743819 -0.930596 -0.966161 
43.077179 53933.402344 76 78 80 0.934910 0.838018 0.843299 0.996436 0.991108 0.966038 0.844039 0.642244 0.518577 0.350809 0.088040 -0.163945 -0.271458 -0.367823 -0.510370 -0.662895 -0.809584 -0.924204 -0.969237 0.995667 0.989586 0.970177 0.898953 0.675058 0.563362 0.355736 0.154053 -0.070517 -0.247436 -0.398783 -0.543956 -0.638027 -0.808058 -0.936221 -0.972031 
36.304005 15401.555664 82 76 62 0.833518 0.803690 0.643327 0.995447 0.990366 0.947547 0.865183 0.614192 0.518141 0.339799 0.123747 -0.123928 -0.246435 -0.366206 -0.582025 -0.709163 -0.829561 -0.919509 -0.970724 0.996412 0.992219 0.961345 0.854542 0.645922 0.517857 0.355087 0.094775 -0.173469 -0.260887 -0.370086 -0.571900 -0.692529 -0.839427 -0.918042 -0.969526 
29.321749 36430.308594 62 74 84 0.792737 0.766973 0.560806 0.994677 0.979523 0.939041 0.794980 0.623311 0.483435 0.224902 0.119146 -0.131098 -0.322822 -0.381119 -0.504453 -0.758391 -0.823340 -0.925820 -0.978893 0.995070 0.985837 0.945131 0.827321 0.618933 0.480571 0.249766 0.134085 -0.123021 -0.284580 -0.370053 -0.501768 -0.723232 -0.823103 -0.908918 -0.981642 
23.474762 18099.921875 84 64 74 0.711952 0.351355 0.484530 0.993654 0.972684 0.907670 0.806971 0.614367 0.514070 0.302628 0.140049 -0.114394 -0.273463 -0.347969 -0.499819 -0.692883 -0.834241 -0.899043 -0.976289 0.993044 0.974389 0.930292 0.837959 0.650227 0.527098 0.305181 0.130071 -0.151894 -0.292833 -0.362622 -0.513377 -0.727509 -0.840547 -0.929691 -0.974674 
22.871666 19211.015625 74 80 74 0.491917 0.760169 0.637507 0.991111 0.969364 0.907608 0.802227 0.623553 0.544239 0.332318 0.116493 -0.060567 -0.278709 -0.348963 -0.467880 -0.691967 -0.827252 -0.922728 -0.968745 0.994345 0.974769 0.903797 0.813545 0.601215 0.518999 0.279239 0.123071 -0.091858 -0.283614 -0.358570 -0.485844 -0.683034 -0.834359 -0.918457 -0.975457 
21.368492 20612.941406 74 86 72 0.650410 0.477073 0.587001 0.979187 0.962675 0.903638 0.773141 0.633749 0.545096 0.315226 0.116204 -0.077845 -0.252161 -0.332495 -0.503673 -0.660910 -0.830850 -0.922306 -0.977028 0.986789 0.964155 0.905305 0.781148 0.644539 0.539609 0.301119 0.124483 -0.117023 -0.246848 -0.335326 -0.447809 -0.689915 -0.822609 -0.922257 -0.975876 
19.586775 19056.613281 130 116 110 0.535486 0.482294 0.441471 0.978563 0.962830 0.891298 0.737720 0.633614 0.533761 0.289206 0.105161 -0.107569 -0.291803 -0.354746 -0.472234 -0.725353 -0.819815 -0.910661 -0.961374 0.980597 0.959455 0.901698 0.752850 0.627302 0.561618 0.329023 0.093347 -0.050946 -0.286528 -0.367239 -0.499320 -0.678151 -0.827428 -0.920462 -0.971185 
20.315020 23916.775391 58 74 56 0.638251 0.492898 0.479053 0.979342 0.963499 0.901392 0.745706 0.649079 0.496961 0.297480 0.103753 -0.120558 -0.301790 -0.344997 -0.457597 -0.699381 -0.809534 -0.900837 -0.972289 0.982000 0.961929 0.905449 0.747663 0.644480 0.494731 0.298969 0.098289 -0.105250 -0.301069 -0.354604 -0.470544 -0.736604 -0.814315 -0.910129 -0.969486 
20.580322 27041.703125 54 130 86 0.492857 0.534374 0.431482 0.977771 0.951478 0.867117 0.732173 0.672684 0.486421 0.312595 0.084785 -0.196159 -0.311678 -0.359508 -0.414551 -0.682425 -0.855344 -0.916189 -0.974660 0.980843 0.957392 0.871066 0.746292 0.653825 0.499980 0.290151 0.105097 -0.125378 -0.312576 -0.356453 -0.423029 -0.648715 -0.828405 -0.895669 -0.975026 
20.197699 34319.160156 84 130 148 0.476618 0.601397 0.443609 0.979372 0.957319 0.877396 0.728767 0.662347 0.502512 0.263314 0.100431 -0.125282 -0.300548 -0.356347 -0.459127 -0.690302 -0.841000 -0.914225 -0.975113 0.977113 0.954504 0.879202 0.732875 0.664268 0.495325 0.290324 0.089043 -0.165831 -0.292146 -0.345235 -0.451976 -0.712617 -0.858357 -0.929354 -0.979804 
22.493702 42204.070312 148 90 56 0.602855 0.516872 0.512229 0.975794 0.948862 0.877456 0.744918 0.703992 0.594140 0.324011 0.122343 -0.132797 -0.273528 -0.342796 -0.424956 -0.671742 -0.817310 -0.910392 -0.974073 0.975774 0.947210 0.873934 0.741615 0.680149 0.524576 0.277781 0.101383 -0.116068 -0.292880 -0.358538 -0.448334 -0.675752 -0.809604 -0.902320 -0.977809 
24.543962 61697.386719 82 74 80 0.314183 0.553623 0.574861 0.977802 0.941474 0.848096 0.731950 0.694519 0.560463 0.295500 0.148401 -0.118171 -0.285424 -0.351341 -0.411324 -0.610518 -0.836132 -0.907149 -0.965528 0.979873 0.935024 0.843968 0.729308 0.703322 0.592231 0.312058 0.139926 -0.140852 -0.289076 -0.346084 -0.421777 -0.652920 -0.832237 -0.908049 -0.974068 
25.920284 62078.359375 82 46 84 0.572006 0.437058 0.393294 0.978940 0.956056 0.830122 0.722690 0.700771 0.513928 0.316806 0.085575 -0.202666 -0.317457 -0.366565 -0.399070 -0.589513 -0.838861 -0.906725 -0.966767 0.975166 0.949159 0.852638 0.727256 0.683694 0.527426 0.304267 0.122830 -0.104479 -0.268730 -0.361715 -0.397417 -0.585434 -0.838943 -0.903807 -0.957415 
22.978878 17542.289062 166 48 60 0.443789 0.466835 0.750150 0.980547 0.953756 0.858633 0.754553 0.704379 0.576835 0.312177 0.100906 -0.186523 -0.320065 -0.393246 -0.441464 -0.691186 -0.821333 -0.920073 -0.974161 0.981279 0.954263 0.842746 0.727862 0.700280 0.536947 0.287324 0.059336 -0.234189 -0.321780 -0.388566 -0.431306 -0.652642 -0.816108 -0.909816 -0.974060 
18.740238 5879.111328 58 52 54 0.554287 0.811354 0.658435 0.980818 0.968481 0.920869 0.828568 0.672643 0.529855 0.364784 0.100534 -0.093267 -0.229097 -0.425819 -0.594643 -0.711350 -0.836328 -0.938267 -0.973639 0.978269 0.966282 0.894480 0.805533 0.706338 0.545383 0.345659 0.088473 -0.098041 -0.248569 -0.396330 -0.541076 -0.734856 -0.850716 -0.943421 -0.969995 
17.381914 4761.153809 52 28 52 0.626644 0.632196 0.544737 0.980499 0.967641 0.906213 0.800775 0.682690 0.525605 0.330835 0.133462 -0.072132 -0.244418 -0.410904 -0.568540 -0.727660 -0.837505 -0.940319 -0.975973 0.980931 0.967939 0.916933 0.810910 0.680966 0.522492 0.353257 0.132881 -0.098095 -0.263949 -0.410686 -0.571528 -0.715975 -0.827237 -0.935108 -0.981624 
16.325726 6290.628906 52 46 58 0.486351 0.511476 0.362615 0.981702 0.956397 0.895512 0.802410 0.690108 0.536738 0.293508 0.117566 -0.084189 -0.229317 -0.436647 -0.592198 -0.712985 -0.838660 -0.907433 -0.959434 0.984278 0.968736 0.916072 0.798230 0.685572 0.550968 0.312316 0.138841 -0.059162 -0.246186 -0.446507 -0.579462 -0.710449 -0.838000 -0.918280 -0.974637 
61.076069 26217706.000000 62 126 64 0.376717 0.538841 0.937175 0.974470 0.935015 0.898177 0.868492 0.802380 0.690775 0.359304 0.185886 0.101713 -0.064760 -0.223859 -0.328097 -0.743677 -0.825562 -0.893243 -0.914629 0.976323 0.937856 0.902192 0.858410 0.799481 0.694345 0.427487 0.240247 0.145302 -0.083014 -0.208717 -0.434923 -0.736088 -0.825246 -0.899387 -0.930415 
64.585205 44724316.000000 64 62 58 0.955968 0.934043 0.911139 0.982133 0.948110 0.883425 0.860967 0.801864 0.693188 0.369842 0.152693 0.059962 -0.104540 -0.278107 -0.427401 -0.730886 -0.794361 -0.883909 -0.909747 0.980173 0.940740 0.893360 0.867612 0.804671 0.687469 0.370121 0.153258 0.061288 -0.130618 -0.265923 -0.375421 -0.735810 -0.811319 -0.889540 -0.911695 
64.900024 57833512.000000 60 58 56 0.940263 0.984266 0.978666 0.977680 0.951377 0.898891 0.854951 0.797971 0.706777 0.426963 0.108201 0.044933 -0.157467 -0.309981 -0.359190 -0.662932 -0.797163 -0.865067 -0.903093 0.979789 0.950360 0.884738 0.856869 0.803770 0.707398 0.442776 0.122850 0.050146 -0.110494 -0.286159 -0.359977 -0.700888 -0.801437 -0.872053 -0.909576 
65.123421 60280076.000000 56 54 54 0.978809 0.986303 0.979513 0.979962 0.951701 0.926668 0.874639 0.775718 0.702804 0.377442 0.115470 -0.050869 -0.285350 -0.384676 -0.427849 -0.674320 -0.767808 -0.843815 -0.894890 0.978689 0.950606 0.916281 0.862326 0.784411 0.702619 0.355990 0.104623 0.007475 -0.206451 -0.334014 -0.413635 -0.645599 -0.771838 -0.855772 -0.916280 
61.983624 16033700.000000 54 54 54 0.977164 0.923742 0.948294 0.990276 0.966081 0.933064 0.863228 0.763677 0.661175 0.397029 0.088095 -0.086774 -0.212597 -0.366967 -0.436767 -0.665015 -0.748312 -0.819750 -0.957364 0.983081 0.955008 0.932872 0.885205 0.755986 0.687539 0.413974 0.090689 -0.086446 -0.265593 -0.382708 -0.435108 -0.633618 -0.742649 -0.807522 -0.896852 
59.414120 12388779.000000 54 52 52 0.886171 0.974091 0.955339 0.992202 0.983306 0.926304 0.827070 0.755452 0.680375 0.312101 0.099564 -0.048418 -0.237152 -0.372329 -0.469309 -0.667967 -0.745917 -0.836235 -0.923422 0.992168 0.982515 0.923518 0.832023 0.765504 0.682063 0.329412 0.083150 -0.062362 -0.232756 -0.347666 -0.420890 -0.639533 -0.750257 -0.821480 -0.951544 
59.664352 7974633.000000 52 50 52 0.955780 0.953321 0.891712 0.991794 0.984643 0.923808 0.853325 0.781062 0.657564 0.357325 0.116739 -0.032577 -0.231797 -0.409216 -0.469858 -0.672007 -0.788192 -0.860845 -0.922770 0.992040 0.984165 0.925162 0.849056 0.768011 0.679024 0.352259 0.075244 -0.047099 -0.217989 -0.399081 -0.482475 -0.690014 -0.771069 -0.851058 -0.903809 
60.617531 81454552.000000 50 50 48 0.895386 0.899072 0.984941 0.989834 0.976437 0.929884 0.854746 0.523882 0.476621 0.284706 0.113522 -0.040961 -0.274451 -0.442935 -0.503757 -0.595726 -0.715260 -0.880289 -0.973546 0.990865 0.982117 0.915067 0.856566 0.691466 0.527610 0.412338 0.141300 -0.086282 -0.334829 -0.444484 -0.500699 -0.649283 -0.811488 -0.895090 -0.962583 
62.083061 132861552.000000 48 48 46 0.987950 0.951321 0.992881 0.988674 0.973640 0.931467 0.859531 0.512915 0.301412 0.222473 0.114620 -0.076051 -0.231699 -0.440619 -0.532875 -0.585924 -0.698214 -0.791937 -0.972440 0.989129 0.973661 0.935045 0.847385 0.507157 0.407163 0.257619 0.125882 -0.040786 -0.256218 -0.427337 -0.506143 -0.575123 -0.656996 -0.820219 -0.964972 
61.426258 74882008.000000 46 46 46 0.990806 0.990759 0.976567 0.988493 0.975084 0.928492 0.873124 0.633050 0.257721 0.200440 0.150513 -0.050481 -0.320074 -0.448337 -0.525235 -0.606862 -0.706499 -0.791487 -0.968737 0.988344 0.973689 0.927122 0.867799 0.585725 0.265773 0.210628 0.122733 -0.066503 -0.267245 -0.419096 -0.529112 -0.579926 -0.663031 -0.786601 -0.954692 
59.403374 30824680.000000 46 46 46 0.972989 0.960496 0.945043 0.989144 0.979202 0.936641 0.885348 0.546174 0.279658 0.190054 0.153517 0.042221 -0.265510 -0.442237 -0.527816 -0.648848 -0.733165 -0.767511 -0.968959 0.988700 0.976904 0.931047 0.874012 0.633624 0.287370 0.194497 0.162549 0.033444 -0.328600 -0.446131 -0.517300 -0.621321 -0.737275 -0.789164 -0.981653 
58.718380 56783216.000000 46 44 44 0.953058 0.942368 0.902571 0.986089 0.972373 0.933345 0.852388 0.449754 0.327786 0.216472 0.144073 0.011410 -0.283932 -0.424542 -0.521150 -0.635696 -0.732530 -0.787913 -0.896468 0.988793 0.976695 0.936535 0.858842 0.457996 0.307098 0.196377 0.153897 0.012346 -0.256623 -0.437434 -0.537319 -0.638893 -0.725575 -0.762347 -0.931010 
60.316254 93089576.000000 44 44 46 0.855682 0.967496 0.983698 0.985844 0.967521 0.937085 0.843413 0.491467 0.432401 0.258669 0.095021 -0.015755 -0.268325 -0.411278 -0.527770 -0.605388 -0.728850 -0.804153 -0.872621 0.986639 0.969058 0.935453 0.838184 0.481185 0.401265 0.234984 0.136214 0.002810 -0.258928 -0.435622 -0.509727 -0.612999 -0.730805 -0.782407 -0.892502 
59.017281 26305666.000000 46 46 48 0.980975 0.968838 0.924608 0.987053 0.970394 0.947037 0.868906 0.550990 0.470654 0.353443 0.122445 -0.062787 -0.250778 -0.444947 -0.557073 -0.651985 -0.790260 -0.838568 -0.930896 0.985887 0.968992 0.939153 0.858944 0.513913 0.457687 0.333644 0.095174 -0.028231 -0.210270 -0.404074 -0.553331 -0.616047 -0.752144 -0.818712 -0.871952 
52.794563 18412596.000000 48 52 46 0.935748 0.883393 0.502976 0.988711 0.976213 0.936670 0.724685 0.562732 0.455731 0.208227 0.065969 -0.284449 -0.421383 -0.552256 -0.656101 -0.765504 -0.886876 -0.920814 -0.980273 0.988527 0.974309 0.949885 0.837916 0.592928 0.498588 0.260711 0.125877 -0.136864 -0.367067 -0.520158 -0.637061 -0.744588 -0.858173 -0.918000 -0.969890 
44.939800 13681949.000000 52 48 46 0.713509 0.349386 0.543246 0.980415 0.951056 0.871736 0.706141 0.473061 0.388353 0.136997 -0.016030 -0.311696 -0.422488 -0.604191 -0.670842 -0.802343 -0.907925 -0.945205 -0.990801 0.983330 0.957141 0.895467 0.688088 0.514635 0.369942 0.160630 -0.004191 -0.343410 -0.445143 -0.578894 -0.651330 -0.797554 -0.899616 -0.935030 -0.989104 
42.660706 8453815.000000 46 48 48 0.560254 0.743447 0.692201 0.986005 0.971320 0.913139 0.626370 0.475206 0.382628 0.202599 -0.008585 -0.260041 -0.385628 -0.573862 -0.653407 -0.800626 -0.905203 -0.954465 -0.988592 0.984795 0.963849 0.875614 0.690248 0.465683 0.399345 0.182221 0.009335 -0.246839 -0.371461 -0.581740 -0.664383 -0.777701 -0.903947 -0.943857 -0.986790 
42.035488 4876428.000000 48 44 42 0.733657 0.471693 0.630747 0.983277 0.964753 0.868298 0.614825 0.464045 0.292482 0.106306 -0.068841 -0.323930 -0.440332 -0.591477 -0.682103 -0.829938 -0.901755 -0.966213 -0.989380 0.986651 0.969881 0.905644 0.618196 0.483583 0.359130 0.161663 -0.041889 -0.301324 -0.437981 -0.584384 -0.656942 -0.817226 -0.907465 -0.959394 -0.986442 
40.936237 3363587.000000 132 168 168 0.660861 0.570718 0.619209 0.978908 0.955812 0.807118 0.557416 0.456290 0.260075 0.129090 -0.104729 -0.287980 -0.436117 -0.550873 -0.685980 -0.822295 -0.887733 -0.958654 -0.990376 0.984193 0.961208 0.816597 0.548426 0.418633 0.264518 0.131250 -0.069123 -0.311078 -0.439074 -0.590655 -0.725270 -0.839720 -0.898314 -0.966593 -0.992353 
44.028076 6279396.500000 130 186 42 0.493435 0.436279 0.497902 0.972332 0.941938 0.731547 0.573417 0.506223 0.295458 0.112778 -0.069472 -0.234016 -0.440310 -0.552322 -0.634123 -0.803859 -0.924908 -0.981262 -0.992665 0.976102 0.944834 0.755936 0.554344 0.469311 0.280930 0.119451 -0.112504 -0.270779 -0.453502 -0.556806 -0.673992 -0.802224 -0.913917 -0.972100 -0.990621 
58.486916 128178944.000000 60 52 56 0.280311 0.807311 0.958936 0.980234 0.956030 0.931882 0.809803 0.610629 0.562835 0.259301 0.131196 0.014333 -0.273929 -0.499806 -0.558370 -0.679880 -0.775869 -0.856648 -0.981817 0.985951 0.963388 0.931045 0.851543 0.623206 0.548919 0.234314 0.105965 -0.167620 -0.327562 -0.498424 -0.565633 -0.708161 -0.860960 -0.968686 -0.990924 
63.925632 220377648.000000 56 56 58 0.899381 0.973248 0.962682 0.969209 0.945992 0.922209 0.834174 0.600407 0.535848 0.318372 0.140783 0.079781 -0.243536 -0.450492 -0.521696 -0.644816 -0.762290 -0.811173 -0.957417 0.974146 0.948651 0.928299 0.804026 0.609794 0.547023 0.294970 0.135405 0.071727 -0.267970 -0.481312 -0.540945 -0.646085 -0.769710 -0.817094 -0.957071 
63.300976 179061136.000000 58 58 60 0.960747 0.988344 0.844964 0.972998 0.944390 0.915414 0.838209 0.594959 0.534893 0.334579 0.150566 0.077687 -0.190512 -0.436834 -0.510051 -0.669864 -0.739358 -0.815672 -0.971188 0.970152 0.945113 0.918923 0.848258 0.598316 0.537129 0.328383 0.138945 0.066864 -0.207821 -0.439704 -0.502189 -0.656745 -0.743055 -0.817236 -0.974177 
61.842533 117018768.000000 60 58 58 0.878049 0.957382 0.991395 0.974375 0.945170 0.916130 0.840514 0.608939 0.550359 0.383449 0.176730 0.094115 -0.141076 -0.439948 -0.505611 -0.660126 -0.742144 -0.814028 -0.957690 0.976016 0.942098 0.913312 0.829515 0.587373 0.530496 0.323286 0.160164 0.081216 -0.106743 -0.431201 -0.506073 -0.643093 -0.738551 -0.809473 -0.946710 
61.443043 94729680.000000 58 58 58 0.990547 0.997424 0.989682 0.977643 0.949900 0.919843 0.851061 0.633245 0.539151 0.341175 0.158688 0.083215 -0.206578 -0.435306 -0.496078 -0.651864 -0.781521 -0.820831 -0.926246 0.975214 0.946705 0.918358 0.838718 0.614760 0.536640 0.345858 0.165120 0.085144 -0.177803 -0.429602 -0.513741 -0.672157 -0.781268 -0.821074 -0.938432 
60.317921 45072304.000000 58 58 60 0.993770 0.978333 0.924785 0.981964 0.958016 0.933181 0.836455 0.683996 0.595218 0.351326 0.129767 0.064067 -0.176798 -0.433181 -0.558650 -0.652201 -0.767957 -0.822476 -0.945056 0.979464 0.954742 0.924593 0.847627 0.659602 0.563429 0.346187 0.155198 0.079256 -0.213048 -0.423836 -0.510999 -0.668263 -0.760219 -0.824774 -0.893097 
54.480633 18431378.000000 60 60 58 0.947212 0.665042 0.658205 0.989645 0.958642 0.923204 0.801113 0.649010 0.534544 0.294771 0.119608 -0.105664 -0.386356 -0.518741 -0.649786 -0.777648 -0.880974 -0.974975 -0.988311 0.984844 0.959504 0.935266 0.837856 0.694804 0.606424 0.300349 0.134390 0.054729 -0.234285 -0.488798 -0.580402 -0.718681 -0.825055 -0.950212 -0.986127 
44.906864 8084383.500000 60 60 58 0.656351 0.723051 0.710591 0.963328 0.950639 0.902080 0.749788 0.626084 0.506114 0.222788 0.060056 -0.182184 -0.416630 -0.537631 -0.668322 -0.788074 -0.882408 -0.948483 -0.990399 0.988689 0.954811 0.925862 0.781987 0.628015 0.524094 0.286356 0.044717 -0.191435 -0.396801 -0.532033 -0.636741 -0.781865 -0.883062 -0.971956 -0.989895 
42.767540 7293998.000000 60 58 62 0.679319 0.837772 0.522986 0.960710 0.944179 0.892206 0.734801 0.622662 0.525623 0.194473 0.100712 -0.277947 -0.472980 -0.562432 -0.704214 -0.820989 -0.905858 -0.954919 -0.990162 0.961664 0.946084 0.892447 0.736603 0.615334 0.535997 0.220466 0.102007 -0.210714 -0.449169 -0.536585 -0.680963 -0.811840 -0.885856 -0.953142 -0.989323 
48.635029 12737636.000000 60 58 58 0.445230 0.795513 0.634175 0.952927 0.929945 0.851930 0.676943 0.571727 0.418254 0.171774 -0.074722 -0.375408 -0.494417 -0.619294 -0.724687 -0.846969 -0.900622 -0.981565 -0.993209 0.955450 0.938926 0.853442 0.719697 0.584511 0.473697 0.158525 0.055790 -0.350476 -0.469860 -0.614402 -0.704039 -0.863321 -0.905635 -0.974728 -0.991739 
50.956646 14350858.000000 58 58 58 0.568506 0.745176 0.668791 0.951255 0.919575 0.800631 0.645860 0.563017 0.361084 0.150055 0.004907 -0.288265 -0.521811 -0.580356 -0.716371 -0.862540 -0.917328 -0.981723 -0.991400 0.957195 0.921798 0.828095 0.659843 0.558748 0.383938 0.156947 -0.035194 -0.381541 -0.530911 -0.606390 -0.747697 -0.861520 -0.912540 -0.976484 -0.991980 
45.762459 7492120.000000 58 44 44 0.659500 0.361860 0.667490 0.987813 0.961365 0.861672 0.667110 0.575721 0.395481 0.184621 0.071059 -0.129658 -0.461808 -0.577999 -0.704792 -0.848319 -0.902878 -0.953449 -0.987036 0.949520 0.908279 0.765580 0.633269 0.552783 0.334879 0.128669 0.016271 -0.224142 -0.492998 -0.580838 -0.708566 -0.861457 -0.918102 -0.973858 -0.988747 
55.867035 73151552.000000 44 54 56 0.562603 0.889071 0.952624 0.983517 0.968185 0.935692 0.743169 0.624061 0.528751 0.236023 0.155843 -0.009419 -0.380702 -0.486890 -0.610065 -0.736663 -0.814060 -0.899037 -0.977339 0.987347 0.967719 0.933551 0.772606 0.631302 0.529273 0.265664 0.149556 0.019645 -0.372707 -0.514599 -0.602670 -0.770027 -0.862285 -0.931755 -0.981689 
55.149532 20110058.000000 56 58 60 0.966636 0.952174 0.892408 0.987849 0.974828 0.938995 0.739917 0.620631 0.489084 0.214085 0.159649 -0.151267 -0.433122 -0.519621 -0.599618 -0.722617 -0.797505 -0.910171 -0.974108 0.983559 0.969631 0.937440 0.757441 0.615922 0.502189 0.214295 0.160090 -0.077395 -0.413119 -0.523538 -0.589027 -0.710548 -0.776290 -0.913702 -0.979793 
50.925961 2822465.750000 60 60 60 0.882985 0.777168 0.919624 0.993638 0.982416 0.963199 0.859165 0.633198 0.577158 0.243696 0.164564 -0.155289 -0.408694 -0.515662 -0.603658 -0.750465 -0.834974 -0.962302 -0.986792 0.993423 0.981911 0.954499 0.781787 0.631306 0.561200 0.228612 0.138079 -0.170348 -0.467716 -0.536282 -0.619335 -0.737218 -0.828362 -0.957189 -0.987325 
54.234257 23367644.000000 60 60 60 0.894790 0.809971 0.729668 0.989493 0.973682 0.944671 0.821931 0.567261 0.502522 0.177155 0.103749 -0.102836 -0.290176 -0.420697 -0.553439 -0.633762 -0.713111 -0.865162 -0.985474 0.993677 0.982493 0.963316 0.880281 0.625092 0.550338 0.242376 0.140447 -0.156422 -0.353526 -0.484012 -0.589539 -0.711123 -0.821360 -0.952935 -0.984715 
59.408722 102200280.000000 60 62 64 0.781512 0.954050 0.919712 0.984727 0.966322 0.936651 0.780838 0.517376 0.467074 0.248828 0.149605 0.000726 -0.286011 -0.368511 -0.515031 -0.659244 -0.747045 -0.774767 -0.931800 0.984913 0.969376 0.941404 0.777178 0.537761 0.497127 0.218373 0.112977 -0.048907 -0.303875 -0.387830 -0.538490 -0.634958 -0.724757 -0.764534 -0.968317 
60.648422 132365128.000000 64 68 72 0.938510 0.963204 0.943910 0.980593 0.961710 0.932751 0.725754 0.491367 0.442479 0.252110 0.159980 0.068136 -0.227623 -0.320586 -0.482334 -0.682579 -0.751582 -0.789361 -0.877453 0.983419 0.963037 0.933667 0.745449 0.508767 0.453300 0.244943 0.154531 0.062941 -0.224470 -0.334571 -0.466459 -0.661812 -0.747639 -0.774441 -0.917345 
59.962112 60725744.000000 72 76 80 0.929948 0.953016 0.964694 0.980590 0.963991 0.934708 0.767163 0.491218 0.437746 0.284029 0.190610 0.088240 -0.165174 -0.347964 -0.414357 -0.692094 -0.756163 -0.802781 -0.833880 0.978925 0.962950 0.934652 0.735006 0.482268 0.425069 0.256016 0.177755 0.063064 -0.217924 -0.324953 -0.448969 -0.677590 -0.761721 -0.796851 -0.869702 
58.461334 41203364.000000 80 84 84 0.972677 0.930330 0.899293 0.983783 0.970680 0.946575 0.739402 0.451229 0.395236 0.272620 0.193365 0.096785 -0.235893 -0.332213 -0.436487 -0.674699 -0.763919 -0.809004 -0.869874 0.981987 0.967680 0.939233 0.750393 0.480920 0.413344 0.275976 0.193531 0.105950 -0.182687 -0.337500 -0.404750 -0.653866 -0.744078 -0.797456 -0.837434 
57.850258 17851854.000000 86 88 88 0.973396 0.966024 0.956493 0.985052 0.977643 0.955887 0.721121 0.440298 0.394822 0.278874 0.222301 0.088168 -0.227235 -0.330057 -0.426448 -0.635420 -0.747441 -0.804247 -0.864544 0.984188 0.973918 0.950419 0.800644 0.433978 0.371680 0.274461 0.196106 0.089737 -0.214692 -0.319778 -0.423727 -0.655304 -0.743116 -0.790167 -0.834094 
56.825542 10558463.000000 88 90 92 0.951585 0.977802 0.965400 0.986553 0.978491 0.960151 0.729515 0.432544 0.386820 0.296668 0.241509 0.089234 -0.251980 -0.344343 -0.471254 -0.653843 -0.713860 -0.768770 -0.835904 0.985736 0.978074 0.960470 0.698458 0.429355 0.384953 0.284305 0.234073 0.057709 -0.275615 -0.338735 -0.471218 -0.663671 -0.730723 -0.786226 -0.842923 
52.319336 4443056.500000 92 94 96 0.969418 0.895487 0.587357 0.987128 0.979901 0.964043 0.650041 0.434342 0.370022 0.255884 0.189671 -0.058008 -0.262322 -0.347819 -0.533493 -0.644674 -0.714182 -0.808134 -0.938030 0.987699 0.978975 0.962677 0.751767 0.431252 0.382500 0.282249 0.224561 0.105449 -0.259124 -0.339184 -0.457854 -0.636910 -0.700520 -0.760694 -0.879578 
49.414505 27583188.000000 98 110 106 0.573469 0.417118 0.576208 0.986765 0.973869 0.755489 0.489637 0.428117 0.256868 0.113357 -0.148148 -0.203174 -0.348871 -0.436836 -0.577080 -0.687649 -0.844984 -0.905965 -0.984383 0.987183 0.980002 0.914793 0.522006 0.449299 0.308967 0.206254 -0.060475 -0.184738 -0.297543 -0.392223 -0.557141 -0.674901 -0.792833 -0.892820 -0.985595 
53.082260 50343816.000000 90 80 54 0.445877 0.727692 0.441927 0.983239 0.956239 0.627035 0.490769 0.375219 0.162601 0.055646 -0.175834 -0.243693 -0.378185 -0.492553 -0.618492 -0.728836 -0.881299 -0.927557 -0.980809 0.986407 0.961659 0.716337 0.481775 0.418807 0.198815 0.080906 -0.157712 -0.224111 -0.363049 -0.472101 -0.606865 -0.735729 -0.859867 -0.914457 -0.981060 
54.274979 33974920.000000 108 76 84 0.423112 0.560429 0.536392 0.981225 0.912016 0.540319 0.488857 0.263227 0.177988 0.050357 -0.208056 -0.301057 -0.372865 -0.525397 -0.639536 -0.765653 -0.860615 -0.923984 -0.988500 0.982519 0.935206 0.543945 0.486882 0.291361 0.165771 0.068545 -0.192602 -0.283856 -0.366056 -0.504013 -0.627875 -0.746505 -0.873008 -0.930442 -0.987341 
55.045506 36479180.000000 84 130 40 0.385512 0.523893 0.409468 0.973222 0.902172 0.547519 0.497516 0.245222 0.190139 -0.006929 -0.158864 -0.282125 -0.381535 -0.487895 -0.640694 -0.759233 -0.838448 -0.940821 -0.979048 0.975459 0.906241 0.548271 0.487395 0.237097 0.197037 -0.010915 -0.188874 -0.308762 -0.377371 -0.509500 -0.625684 -0.745390 -0.852160 -0.930053 -0.986865 
53.414635 33752704.000000 62 60 58 0.446629 0.524620 0.664329 0.971933 0.906614 0.580582 0.498140 0.299663 0.174662 -0.040022 -0.108626 -0.191493 -0.368200 -0.480621 -0.649625 -0.763785 -0.861782 -0.926132 -0.982294 0.973674 0.918514 0.562289 0.500777 0.301471 0.166551 0.000527 -0.137828 -0.222035 -0.368831 -0.462211 -0.655791 -0.777184 -0.851453 -0.928295 -0.984160 
48.838421 10032488.000000 58 60 62 0.570104 0.613664 0.654075 0.990081 0.918198 0.607870 0.575381 0.331292 0.221434 0.049522 -0.068298 -0.165043 -0.344112 -0.472281 -0.610369 -0.720760 -0.846589 -0.923045 -0.978889 0.979586 0.884984 0.590740 0.547753 0.282064 0.186034 -0.033544 -0.087471 -0.208597 -0.342080 -0.468700 -0.614451 -0.748814 -0.866927 -0.927465 -0.983309 
45.697968 4663858.500000 80 76 80 0.498850 0.817899 0.910507 0.994039 0.977941 0.961300 0.763456 0.471296 0.307928 0.170600 0.054770 -0.144714 -0.243853 -0.400093 -0.520082 -0.719692 -0.849291 -0.918025 -0.973741 0.992884 0.980820 0.851054 0.570502 0.488542 0.226110 0.168746 -0.030491 -0.133884 -0.307091 -0.448587 -0.596665 -0.709491 -0.864972 -0.917629 -0.982403 
51.639557 2914057.000000 82 82 82 0.894077 0.937043 0.957443 0.993237 0.979249 0.959992 0.898179 0.611215 0.442511 0.217244 0.126261 -0.144040 -0.218813 -0.373683 -0.510782 -0.721933 -0.816174 -0.904107 -0.984406 0.993329 0.978063 0.960430 0.895627 0.565806 0.402681 0.234461 0.031619 -0.120686 -0.207628 -0.395160 -0.512244 -0.720818 -0.834070 -0.932486 -0.984572 
52.112598 1853027.500000 82 82 82 0.969031 0.972469 0.964198 0.992965 0.979808 0.960329 0.878839 0.602323 0.507253 0.276469 0.174703 -0.016318 -0.200703 -0.317758 -0.490978 -0.574111 -0.769827 -0.890858 -0.974452 0.992901 0.979584 0.959733 0.899287 0.607990 0.497464 0.206561 0.146664 -0.099625 -0.233362 -0.323305 -0.525255 -0.628020 -0.799938 -0.887154 -0.981357 
54.168659 8346584.000000 82 80 80 0.959938 0.896294 0.871750 0.986687 0.968131 0.944471 0.787480 0.627038 0.503912 0.323999 0.260711 0.119700 0.018063 -0.170202 -0.514564 -0.577404 -0.617541 -0.845163 -0.969739 0.991141 0.975095 0.952301 0.833855 0.604725 0.465217 0.307229 0.222974 0.107632 -0.051393 -0.281123 -0.495600 -0.559192 -0.720283 -0.890148 -0.974269 
55.560654 4730397.500000 80 80 80 0.869888 0.925046 0.968074 0.986564 0.967845 0.942603 0.817940 0.688713 0.596871 0.333993 0.271417 0.126799 -0.034287 -0.133020 -0.278590 -0.642386 -0.723633 -0.831688 -0.962592 0.986160 0.968212 0.944108 0.809593 0.650299 0.549521 0.332010 0.260255 0.128913 -0.006168 -0.105886 -0.439339 -0.595180 -0.633289 -0.830324 -0.962056 
52.300182 1277542.875000 80 82 84 0.970999 0.940362 0.910969 0.990667 0.971591 0.941603 0.833013 0.721279 0.590432 0.376116 0.304115 0.139304 -0.050468 -0.203510 -0.416774 -0.677386 -0.738690 -0.901058 -0.974833 0.987664 0.969082 0.944252 0.831519 0.717025 0.626126 0.363071 0.286867 0.143886 -0.045820 -0.163003 -0.347519 -0.661563 -0.731123 -0.873677 -0.967094 
44.190693 404982.937500 84 84 82 0.890072 0.830666 0.806422 0.994952 0.976443 0.941522 0.790868 0.683234 0.487765 0.328640 0.248616 -0.023923 -0.104325 -0.274273 -0.468458 -0.671543 -0.787969 -0.917303 -0.985468 0.994273 0.974878 0.935728 0.821167 0.708897 0.550624 0.345567 0.279335 0.038777 -0.078737 -0.221061 -0.454942 -0.652308 -0.761402 -0.915072 -0.986054 
34.032768 251436.453125 84 78 82 0.815679 0.614751 0.539000 0.980027 0.965519 0.909920 0.712778 0.641579 0.470354 0.311129 0.197789 -0.006227 -0.210171 -0.370349 -0.532787 -0.678701 -0.787535 -0.934866 -0.973882 0.989738 0.969354 0.936641 0.736954 0.643172 0.442383 0.317380 0.191017 -0.034710 -0.173330 -0.336528 -0.499685 -0.694008 -0.788270 -0.905733 -0.976613 
26.576698 57243.339844 112 130 84 0.474039 0.496501 0.476963 0.988943 0.967610 0.898994 0.723244 0.683632 0.478420 0.322428 0.122726 -0.028810 -0.233321 -0.367015 -0.536826 -0.697607 -0.823625 -0.940686 -0.980977 0.978356 0.962767 0.890618 0.717728 0.657162 0.463269 0.323350 0.159759 0.008157 -0.230516 -0.372380 -0.531237 -0.669318 -0.784771 -0.947470 -0.979016 
22.247593 17268.613281 84 52 150 0.577557 0.555547 0.424167 0.985947 0.964809 0.923023 0.753800 0.657736 0.537465 0.330306 0.076765 -0.064122 -0.194085 -0.411495 -0.569524 -0.693227 -0.846861 -0.922011 -0.976616 0.985678 0.968272 0.925394 0.759265 0.664103 0.519433 0.306515 0.110036 -0.078299 -0.216343 -0.379666 -0.560424 -0.688383 -0.847827 -0.929939 -0.978944 
24.696751 216101.703125 210 54 56 0.429807 0.631912 0.653277 0.972163 0.945064 0.833316 0.720709 0.604357 0.420121 0.275097 0.189357 -0.007189 -0.279670 -0.405747 -0.554051 -0.684008 -0.816522 -0.877418 -0.967081 0.986876 0.964669 0.917911 0.780298 0.640323 0.527265 0.296580 0.095573 -0.086594 -0.248039 -0.423581 -0.578270 -0.716247 -0.854577 -0.920314 -0.976538 
35.124928 922615.812500 56 46 38 0.580092 0.507214 0.461234 0.949316 0.904423 0.804370 0.742787 0.625986 0.425657 0.303271 0.187090 0.028707 -0.232981 -0.378109 -0.558215 -0.725136 -0.815794 -0.920922 -0.984121 0.967738 0.935118 0.824473 0.730769 0.569033 0.457092 0.285794 0.199022 0.036730 -0.283206 -0.398749 -0.542569 -0.673826 -0.824910 -0.888598 -0.967684 
34.825951 371732.000000 62 52 74 0.509820 0.496696 0.332247 0.948684 0.905210 0.808011 0.751656 0.679508 0.510039 0.383192 0.246389 0.131310 -0.154421 -0.368702 -0.505606 -0.704580 -0.778473 -0.868174 -0.986452 0.926583 0.885395 0.811125 0.757948 0.650738 0.431060 0.312804 0.209297 0.020301 -0.199821 -0.366209 -0.536791 -0.706221 -0.783602 -0.899679 -0.984999 
40.005779 271989.156250 74 78 66 0.294945 0.586656 0.824278 0.991324 0.964957 0.929511 0.841965 0.707806 0.589906 0.439483 0.367963 0.188554 -0.037714 -0.289512 -0.458956 -0.686652 -0.773929 -0.875964 -0.962301 0.947586 0.904768 0.810545 0.736101 0.675280 0.515446 0.428719 0.280689 0.118055 -0.118583 -0.351846 -0.483481 -0.701782 -0.766594 -0.873851 -0.973577 
56.100521 6629476.000000 66 72 76 0.826621 0.759498 0.906214 0.984140 0.961488 0.938042 0.861896 0.653210 0.548997 0.431928 0.359726 0.234978 -0.076427 -0.168559 -0.468955 -0.708687 -0.771404 -0.806613 -0.907539 0.987019 0.962456 0.935281 0.869830 0.705176 0.575232 0.445088 0.370844 0.289927 -0.053456 -0.178665 -0.481181 -0.695927 -0.776306 -0.823580 -0.925261 
57.933010 14974072.000000 78 80 80 0.930573 0.957055 0.978580 0.983795 0.961447 0.939814 0.860593 0.614314 0.538962 0.345674 0.256440 0.088756 -0.119694 -0.241140 -0.371395 -0.676362 -0.750827 -0.815171 -0.864448 0.983315 0.960077 0.940067 0.859898 0.629354 0.538686 0.403005 0.317178 0.175365 -0.089817 -0.176513 -0.370938 -0.697285 -0.766255 -0.809287 -0.893031 
58.118862 18287302.000000 80 80 82 0.983433 0.979406 0.921736 0.984850 0.968245 0.946290 0.838543 0.603760 0.520708 0.300400 0.154810 0.039427 -0.215538 -0.361072 -0.447274 -0.598989 -0.718828 -0.791127 -0.857708 0.984040 0.963303 0.943298 0.862369 0.618475 0.538426 0.322127 0.203814 0.048474 -0.170156 -0.274120 -0.404571 -0.624245 -0.725237 -0.786235 -0.864142 
55.387505 15679269.000000 82 82 84 0.931684 0.870735 0.853242 0.988263 0.975596 0.960422 0.750170 0.605530 0.518213 0.198286 0.126942 -0.163892 -0.397907 -0.527887 -0.627873 -0.784908 -0.864433 -0.929560 -0.981480 0.985624 0.972876 0.953862 0.818617 0.610761 0.538409 0.288909 0.170650 0.042906 -0.268818 -0.384747 -0.498209 -0.645951 -0.796723 -0.849735 -0.944683 
48.526405 12217449.000000 84 84 84 0.843648 0.691212 0.465912 0.982124 0.970306 0.935593 0.658491 0.579262 0.458795 0.210918 0.096936 -0.307674 -0.440026 -0.590859 -0.718812 -0.798181 -0.881109 -0.940637 -0.978831 0.987997 0.972754 0.949010 0.700846 0.599131 0.487160 0.195861 0.102953 -0.271469 -0.439234 -0.573320 -0.684600 -0.811020 -0.886906 -0.937239 -0.981211 
46.693542 10229819.000000 84 82 82 0.393615 0.733347 0.569009 0.986428 0.969393 0.934522 0.635415 0.565936 0.405783 0.198649 -0.156095 -0.407979 -0.491663 -0.647268 -0.732151 -0.845799 -0.892649 -0.959677 -0.992080 0.988110 0.971107 0.933750 0.646531 0.566227 0.453714 0.217669 0.031108 -0.369369 -0.447203 -0.611739 -0.723992 -0.812937 -0.884865 -0.945598 -0.986746 
50.001942 15811048.000000 56 62 84 0.553590 0.563359 0.736163 0.987236 0.968549 0.918962 0.737097 0.591560 0.433136 0.205791 0.041724 -0.423417 -0.506324 -0.633873 -0.749985 -0.861683 -0.915071 -0.972843 -0.989817 0.991415 0.971575 0.908146 0.697462 0.569088 0.393049 0.187474 -0.101254 -0.420070 -0.485714 -0.635517 -0.746196 -0.847852 -0.901415 -0.974514 -0.991794 
53.106556 28482680.000000 84 82 82 0.838234 0.936287 0.957205 0.985808 0.974753 0.955401 0.699397 0.580769 0.482266 0.229993 0.179324 -0.264041 -0.410968 -0.534943 -0.708127 -0.795651 -0.880936 -0.931009 -0.968360 0.987435 0.974840 0.952100 0.699435 0.582674 0.475782 0.215737 0.141041 -0.358431 -0.464647 -0.621090 -0.724228 -0.862711 -0.902243 -0.958899 -0.989850 
56.768780 49832072.000000 82 82 84 0.950606 0.967654 0.923383 0.982870 0.973627 0.950042 0.645197 0.600279 0.437206 0.237997 0.192189 -0.115260 -0.397178 -0.468581 -0.604379 -0.728233 -0.836955 -0.912105 -0.961846 0.983867 0.974027 0.953401 0.665455 0.588026 0.476692 0.251099 0.195998 -0.138339 -0.401773 -0.462483 -0.653751 -0.740752 -0.850081 -0.922996 -0.955628 
50.138680 8054125.000000 84 90 90 0.887098 0.859136 0.691104 0.989464 0.974216 0.941477 0.657059 0.596660 0.423428 0.209792 0.146724 -0.279316 -0.403339 -0.500627 -0.607794 -0.707389 -0.834801 -0.923604 -0.969030 0.985902 0.975284 0.947464 0.646077 0.597546 0.395420 0.220693 0.167252 -0.234261 -0.432313 -0.491587 -0.596284 -0.713036 -0.855520 -0.915808 -0.972152 
48.581486 13808879.000000 92 86 84 0.492709 0.578027 0.931750 0.985362 0.971232 0.945607 0.669953 0.588554 0.487654 0.245322 0.195105 -0.173381 -0.308320 -0.445380 -0.536807 -0.674761 -0.811447 -0.899003 -0.977164 0.987640 0.972266 0.937015 0.642678 0.596056 0.440250 0.209391 0.158852 -0.244971 -0.341912 -0.489773 -0.578434 -0.694638 -0.824807 -0.918094 -0.978188 
57.109715 37625624.000000 84 84 84 0.955631 0.962682 0.968620 0.982135 0.966546 0.939714 0.768564 0.580690 0.526370 0.278636 0.212637 0.062685 -0.248461 -0.372717 -0.488519 -0.606119 -0.695076 -0.859016 -0.950607 0.983355 0.969506 0.945506 0.746188 0.579178 0.528115 0.263387 0.199685 -0.007332 -0.298075 -0.385340 -0.554994 -0.621507 -0.758644 -0.874729 -0.974071 
58.336086 44636060.000000 84 86 86 0.974939 0.980329 0.939172 0.981857 0.963338 0.934592 0.762594 0.577010 0.527025 0.283427 0.212988 0.082265 -0.240277 -0.328169 -0.474068 -0.636018 -0.696787 -0.776637 -0.924952 0.982488 0.964401 0.936436 0.759301 0.575062 0.516598 0.274910 0.209237 0.055717 -0.233671 -0.334893 -0.472118 -0.606926 -0.683744 -0.793912 -0.932141 
56.160908 18199586.000000 88 88 88 0.965819 0.775094 0.800031 0.984523 0.966540 0.932385 0.776828 0.560012 0.523758 0.306204 0.214370 0.088328 -0.215548 -0.305884 -0.478774 -0.646361 -0.680517 -0.770307 -0.934172 0.982882 0.963107 0.933261 0.778479 0.565402 0.526332 0.301696 0.219533 0.098128 -0.217934 -0.306402 -0.470566 -0.649988 -0.704272 -0.785345 -0.923694 
55.293243 20450632.000000 88 86 86 0.842289 0.920427 0.974166 0.984587 0.966574 0.935775 0.783560 0.552607 0.492643 0.263461 0.195221 0.048072 -0.216787 -0.327878 -0.446549 -0.578617 -0.655522 -0.759924 -0.898949 0.982919 0.965485 0.931147 0.770430 0.560221 0.500438 0.268658 0.205824 0.074064 -0.213992 -0.321160 -0.448593 -0.607452 -0.664642 -0.741323 -0.913825 
52.212799 4552285.000000 86 86 86 0.946890 0.927308 0.853058 0.990843 0.974762 0.952031 0.824728 0.562548 0.505523 0.230401 0.180153 -0.044426 -0.301371 -0.427321 -0.534232 -0.659501 -0.768417 -0.852864 -0.920482 0.987162 0.970710 0.941310 0.788674 0.563190 0.507000 0.247937 0.185803 -0.004025 -0.237539 -0.386319 -0.504331 -0.603471 -0.698110 -0.827554 -0.895833 
48.151299 659185.125000 84 84 86 0.885433 0.861053 0.833790 0.995453 0.982572 0.954746 0.849411 0.560315 0.536501 0.323484 0.233068 0.081618 -0.231136 -0.351374 -0.497171 -0.623963 -0.746359 -0.889343 -0.963838 0.994140 0.977383 0.957475 0.882639 0.588388 0.553359 0.275438 0.213304 0.011415 -0.256814 -0.383739 -0.514671 -0.627897 -0.774615 -0.870890 -0.958441 
44.480118 6811699.500000 84 84 84 0.787050 0.665566 0.452793 0.994250 0.964826 0.931081 0.715712 0.528769 0.436973 0.190914 0.075139 -0.203639 -0.358489 -0.480501 -0.591640 -0.701092 -0.831070 -0.887950 -0.947155 0.996566 0.984052 0.949612 0.848296 0.562856 0.539519 0.361693 0.224345 0.066715 -0.213504 -0.391909 -0.478570 -0.631378 -0.748442 -0.884852 -0.952191 
51.846500 22107140.000000 86 92 86 0.570090 0.368719 0.531872 0.981854 0.949803 0.797102 0.514154 0.451646 0.278804 0.171501 -0.241214 -0.382850 -0.475013 -0.535817 -0.638477 -0.725045 -0.833076 -0.903768 -0.980526 0.983901 0.949234 0.898250 0.571370 0.491134 0.303294 0.136178 -0.106035 -0.326631 -0.451814 -0.508974 -0.622504 -0.753087 -0.841384 -0.894083 -0.975848 
43.471367 1789331.250000 86 128 84 0.477397 0.506212 0.569537 0.990481 0.960656 0.846127 0.570084 0.492089 0.330170 0.217158 -0.091309 -0.330943 -0.441214 -0.539743 -0.640496 -0.731668 -0.808293 -0.904558 -0.971149 0.985993 0.956191 0.749880 0.517686 0.446959 0.326850 0.208864 -0.197969 -0.354365 -0.462997 -0.531535 -0.638961 -0.705287 -0.826423 -0.902603 -0.975715 
29.998281 198818.921875 84 84 82 0.543885 0.545246 0.514877 0.981373 0.960513 0.902291 0.631356 0.544382 0.444918 0.237483 -0.032228 -0.321187 -0.435461 -0.496994 -0.566157 -0.729484 -0.821352 -0.914840 -0.981097 0.982304 0.955402 0.908892 0.604758 0.546903 0.397227 0.185728 -0.098937 -0.324445 -0.451580 -0.516861 -0.623186 -0.729777 -0.825660 -0.920418 -0.976513 
38.122066 2543603.750000 80 86 96 0.505512 0.681803 0.455594 0.972252 0.937647 0.821055 0.552451 0.311902 0.222094 0.120655 0.024654 -0.137418 -0.318176 -0.430226 -0.604972 -0.709358 -0.773809 -0.863406 -0.920686 0.981592 0.965920 0.916962 0.653864 0.544910 0.437293 0.234331 0.031425 -0.299927 -0.417571 -0.482338 -0.581371 -0.706709 -0.813820 -0.913646 -0.972171 
45.444481 6572983.500000 96 50 130 0.516088 0.444723 0.641084 0.975395 0.947403 0.846901 0.514657 0.348358 0.202097 0.089774 -0.028404 -0.136869 -0.323492 -0.505360 -0.655135 -0.719573 -0.790642 -0.890203 -0.933053 0.964577 0.932570 0.814402 0.537685 0.328301 0.214781 0.117107 -0.005201 -0.130651 -0.307795 -0.440563 -0.643469 -0.710718 -0.775107 -0.869359 -0.927749 
41.132172 1512817.250000 130 86 96 0.705948 0.494943 0.448927 0.976043 0.939740 0.840669 0.483952 0.333198 0.254644 0.106998 -0.014958 -0.152621 -0.342309 -0.491207 -0.613290 -0.730987 -0.807974 -0.884241 -0.942584 0.973933 0.948393 0.796283 0.467305 0.312506 0.193387 0.065276 -0.025318 -0.143418 -0.342872 -0.512202 -0.645880 -0.740629 -0.819213 -0.886437 -0.939173 
44.669384 2990664.500000 98 52 52 0.372975 0.408455 0.890696 0.989682 0.971404 0.928941 0.889528 0.537337 0.384877 0.251269 0.134421 0.037107 -0.201767 -0.364311 -0.470590 -0.670093 -0.788857 -0.853056 -0.914173 0.977754 0.925657 0.862691 0.504866 0.356733 0.279799 0.157727 0.069140 -0.099456 -0.271032 -0.437704 -0.558413 -0.754956 -0.808027 -0.866457 -0.932836 
57.862186 84483888.000000 52 56 56 0.846456 0.968980 0.967122 0.983908 0.945769 0.917093 0.825355 0.528571 0.440670 0.300773 0.165266 0.075704 -0.134317 -0.391178 -0.435762 -0.617875 -0.717934 -0.814692 -0.854581 0.987216 0.957964 0.918271 0.864959 0.527195 0.446668 0.320503 0.155751 0.082989 -0.149263 -0.358142 -0.431760 -0.587039 -0.703039 -0.809204 -0.866289 
59.516983 139241808.000000 56 56 56 0.957701 0.964352 0.964921 0.980215 0.943617 0.917898 0.748074 0.535729 0.485659 0.278268 0.180800 0.055610 -0.184560 -0.404780 -0.482636 -0.615287 -0.703406 -0.800247 -0.906478 0.980017 0.942917 0.918053 0.765556 0.530967 0.466813 0.275119 0.166449 0.059509 -0.146070 -0.399344 -0.456641 -0.612010 -0.712298 -0.811785 -0.864682 
59.876270 189771296.000000 56 54 54 0.975170 0.981967 0.970391 0.978449 0.941619 0.915883 0.739078 0.543222 0.480456 0.259639 0.156108 0.061599 -0.220047 -0.423209 -0.501232 -0.615185 -0.745218 -0.827301 -0.944586 0.978324 0.942745 0.917108 0.727301 0.533668 0.472930 0.275289 0.158382 0.055910 -0.200921 -0.414133 -0.483887 -0.608507 -0.715327 -0.806728 -0.938620 
59.046741 136267504.000000 54 52 52 0.973346 0.984338 0.982113 0.981356 0.943675 0.915765 0.763531 0.571262 0.521894 0.266144 0.149992 0.061067 -0.178982 -0.448086 -0.532747 -0.626735 -0.700308 -0.811693 -0.947373 0.979743 0.941247 0.915599 0.750398 0.562876 0.499136 0.261202 0.150614 0.053347 -0.201978 -0.428047 -0.503188 -0.614834 -0.711411 -0.837811 -0.956213 
54.946892 5865826.000000 52 54 52 0.987099 0.886873 0.939537 0.991399 0.977786 0.934474 0.833013 0.599263 0.545275 0.376295 0.171281 0.084743 -0.163200 -0.469652 -0.532665 -0.638859 -0.705739 -0.833520 -0.963347 0.985721 0.952165 0.921547 0.790469 0.579325 0.535830 0.294487 0.147704 0.080437 -0.151558 -0.447536 -0.523059 -0.647379 -0.703793 -0.784445 -0.949348 
53.259361 2913575.000000 54 54 54 0.935894 0.962219 0.714479 0.991722 0.978630 0.941933 0.853669 0.600287 0.559256 0.429890 0.200789 0.104421 -0.142091 -0.382582 -0.460514 -0.580182 -0.706536 -0.808201 -0.941122 0.991891 0.981546 0.940469 0.865833 0.615449 0.524619 0.423289 0.190129 0.100741 -0.139299 -0.422992 -0.505568 -0.591711 -0.707382 -0.824672 -0.945914 
56.103539 52512008.000000 54 58 60 0.888951 0.857366 0.966395 0.984331 0.963634 0.930550 0.755082 0.568429 0.517678 0.249516 0.132057 0.053228 -0.211159 -0.359097 -0.449697 -0.599183 -0.692766 -0.737461 -0.801195 0.987621 0.966451 0.932777 0.795013 0.574196 0.538068 0.293349 0.131951 0.037955 -0.210959 -0.363379 -0.479784 -0.598077 -0.701451 -0.742741 -0.882770 
59.167358 59214472.000000 60 62 68 0.967570 0.916372 0.905390 0.984697 0.967161 0.936174 0.776500 0.556397 0.476258 0.249104 0.152835 0.054365 -0.244561 -0.335012 -0.446647 -0.630211 -0.709173 -0.746517 -0.814792 0.983677 0.964464 0.931107 0.766831 0.561395 0.494116 0.244630 0.138743 0.044054 -0.227349 -0.345354 -0.477184 -0.623098 -0.705681 -0.747329 -0.810451 
59.586945 23428850.000000 68 72 76 0.888803 0.953333 0.892677 0.983343 0.970284 0.952472 0.798757 0.555219 0.498550 0.305696 0.177403 0.104009 -0.186725 -0.334809 -0.468609 -0.632623 -0.699754 -0.747615 -0.838964 0.984618 0.969004 0.944558 0.785069 0.545641 0.479347 0.256917 0.166958 0.069914 -0.229088 -0.354484 -0.440588 -0.640706 -0.709724 -0.753485 -0.833678 
56.556396 11533466.000000 78 80 84 0.906296 0.796339 0.683979 0.986489 0.974470 0.950572 0.726897 0.543614 0.485850 0.250582 0.181103 -0.073741 -0.283952 -0.356892 -0.525487 -0.621286 -0.713910 -0.814732 -0.982915 0.983752 0.972856 0.955388 0.813788 0.555299 0.514690 0.323663 0.178705 0.107634 -0.262971 -0.347540 -0.457759 -0.606764 -0.729784 -0.782846 -0.943281 
48.097839 24071860.000000 90 88 90 0.681557 0.479581 0.686961 0.988729 0.971658 0.920222 0.572928 0.534694 0.333372 0.196515 -0.087930 -0.326582 -0.403913 -0.490577 -0.639595 -0.704935 -0.825923 -0.906845 -0.979834 0.991946 0.977968 0.929116 0.638401 0.546149 0.392683 0.189201 0.075326 -0.243014 -0.336584 -0.433365 -0.577253 -0.682562 -0.779823 -0.863187 -0.971189 
51.254902 7753859.000000 90 54 92 0.629514 0.781694 0.907099 0.986144 0.977199 0.961677 0.745246 0.518384 0.474262 0.229832 0.157137 -0.090525 -0.348546 -0.413609 -0.555702 -0.656074 -0.755355 -0.887159 -0.942897 0.987453 0.977612 0.942696 0.582614 0.525298 0.395731 0.215841 0.044342 -0.287715 -0.395203 -0.451223 -0.603852 -0.678404 -0.803430 -0.901265 -0.961318 
55.246132 4740658.500000 92 96 104 0.893094 0.922407 0.912411 0.984528 0.975284 0.963802 0.824634 0.499159 0.471333 0.299167 0.193694 0.116298 -0.226222 -0.375315 -0.434236 -0.649987 -0.725239 -0.865518 -0.921612 0.985371 0.976999 0.962960 0.839503 0.520459 0.471916 0.270345 0.190563 0.025999 -0.338535 -0.411700 -0.528082 -0.671546 -0.756685 -0.881608 -0.935028 
54.230343 2515376.250000 104 106 110 0.919432 0.657115 0.777575 0.981710 0.973930 0.960822 0.867342 0.487927 0.447857 0.300241 0.208280 0.124910 -0.236476 -0.377119 -0.443435 -0.669603 -0.748405 -0.818851 -0.931676 0.983801 0.975224 0.962903 0.858654 0.487912 0.449161 0.287957 0.202355 0.137383 -0.202124 -0.373639 -0.439594 -0.673391 -0.729580 -0.844242 -0.924445 
53.402042 1369508.375000 110 116 122 0.800228 0.735836 0.786863 0.983057 0.978086 0.964345 0.797587 0.472064 0.412758 0.340878 0.228697 0.147554 0.025108 -0.358348 -0.407022 -0.648522 -0.736629 -0.851129 -0.935604 0.984392 0.976832 0.967697 0.857361 0.475739 0.433376 0.342284 0.214582 0.144328 -0.119889 -0.358349 -0.425403 -0.672815 -0.739553 -0.842647 -0.931783 
51.043720 574793.875000 122 154 150 0.787212 0.742785 0.797686 0.985709 0.976275 0.968028 0.849776 0.462609 0.386652 0.316910 0.222243 0.137284 0.059384 -0.347559 -0.390366 -0.608333 -0.744868 -0.852470 -0.961689 0.984700 0.978878 0.966981 0.820775 0.446533 0.394710 0.314417 0.228734 0.147703 0.041527 -0.338980 -0.390648 -0.618294 -0.732288 -0.858110 -0.949913 
47.884171 349018.375000 150 168 68 0.574926 0.594861 0.668171 0.988732 0.981023 0.970935 0.835629 0.454212 0.373096 0.291043 0.225541 0.150362 0.076060 -0.352352 -0.420922 -0.614107 -0.737950 -0.874299 -0.972889 0.988442 0.979320 0.967170 0.862370 0.433676 0.385062 0.285047 0.215700 0.127794 0.065116 -0.331233 -0.391225 -0.595822 -0.756481 -0.863259 -0.972930 
44.611187 117621.382812 36 74 88 0.822786 0.825541 0.795980 0.991478 0.983113 0.972010 0.856172 0.456293 0.366380 0.291575 0.229759 0.143713 0.054676 -0.323475 -0.442237 -0.665365 -0.742879 -0.893931 -0.973489 0.990244 0.981323 0.971784 0.868379 0.451103 0.390227 0.291529 0.238545 0.133143 0.077081 -0.316160 -0.423814 -0.638057 -0.746988 -0.876271 -0.968817 
32.466560 37758.492188 88 98 72 0.798427 0.564915 0.698680 0.988029 0.978314 0.957719 0.787207 0.499175 0.395611 0.298908 0.208107 0.157608 -0.112050 -0.408603 -0.500705 -0.662502 -0.763897 -0.908523 -0.972654 0.992255 0.978489 0.962799 0.800674 0.513846 0.373892 0.306468 0.222150 0.166038 -0.047216 -0.374460 -0.475650 -0.676116 -0.757620 -0.912016 -0.971366 
32.206787 51771.519531 72 72 70 0.632439 0.691768 0.701380 0.993819 0.981424 0.949356 0.766848 0.484739 0.297588 0.227969 0.157272 0.102168 0.002818 -0.334101 -0.466325 -0.629450 -0.786016 -0.897134 -0.970446 0.988868 0.978049 0.956115 0.770743 0.479911 0.372554 0.247578 0.186826 0.137872 -0.051732 -0.401122 -0.504398 -0.648959 -0.746561 -0.903031 -0.970834 
27.948990 18079.541016 146 88 84 0.769823 0.578484 0.252248 0.988385 0.970796 0.925369 0.753876 0.578872 0.340791 0.236799 0.152507 0.110745 -0.083172 -0.370379 -0.506600 -0.678023 -0.791354 -0.923615 -0.973842 0.993200 0.978151 0.929427 0.789087 0.500930 0.293269 0.224077 0.151576 0.112582 0.009267 -0.291017 -0.442858 -0.664900 -0.795916 -0.903367 -0.974580 
20.567066 8685.929688 56 58 114 0.349539 0.652238 0.573065 0.982630 0.971043 0.931975 0.813985 0.591250 0.448230 0.312706 0.161963 0.098698 -0.217487 -0.408002 -0.560662 -0.710163 -0.823745 -0.927882 -0.970317 0.983318 0.971653 0.927327 0.768091 0.559004 0.425023 0.267605 0.165413 0.106918 -0.173557 -0.412975 -0.552965 -0.702467 -0.789045 -0.926364 -0.970521 
20.254583 9219.074219 54 180 50 0.572083 0.591594 0.570779 0.985041 0.971281 0.924319 0.786341 0.647626 0.476412 0.323217 0.142762 -0.004138 -0.248715 -0.401268 -0.565463 -0.730232 -0.834065 -0.914396 -0.974468 0.982481 0.968550 0.926452 0.810169 0.626295 0.465421 0.338273 0.170164 0.063088 -0.214137 -0.404029 -0.545115 -0.718438 -0.828534 -0.922828 -0.974419 
18.705103 7499.528320 98 114 214 0.640894 0.762548 0.450158 0.980434 0.971430 0.912060 0.786480 0.600142 0.466795 0.330162 0.193631 0.005669 -0.225620 -0.413833 -0.558470 -0.742429 -0.852059 -0.909184 -0.981522 0.981736 0.972863 0.915433 0.778572 0.624373 0.479422 0.297858 0.153966 -0.044311 -0.255726 -0.427149 -0.572224 -0.734704 -0.851848 -0.909639 -0.975315 
19.147772 8967.082031 212 84 84 0.549149 0.704916 0.601638 0.983799 0.969235 0.923140 0.799746 0.563889 0.516172 0.350728 0.212120 0.057472 -0.186441 -0.381330 -0.563659 -0.759092 -0.820372 -0.925812 -0.968491 0.979639 0.967824 0.897106 0.786434 0.579805 0.501914 0.349192 0.207762 0.043959 -0.205606 -0.386057 -0.547478 -0.742835 -0.829042 -0.905984 -0.971871 
20.880873 10439.616211 130 126 128 0.372888 0.415747 0.334379 0.981224 0.966606 0.921894 0.815527 0.561232 0.509907 0.319273 0.143968 -0.014415 -0.249634 -0.407963 -0.587740 -0.725020 -0.809084 -0.933179 -0.978365 0.980007 0.966436 0.932705 0.798632 0.564442 0.524647 0.336261 0.169209 0.026851 -0.225469 -0.394724 -0.574427 -0.743694 -0.807616 -0.942286 -0.973343 
