54.446739 6395988.000000 20 156 56 0.000000 0.564165 0.930182 0.982981 0.969565 0.949402 0.868501 0.664146 0.621784 0.353873 0.179624 0.074856 -0.229583 -0.366303 -0.434264 -0.616970 -0.765406 -0.877630 -0.970134 0.988153 0.973564 0.935038 0.875753 0.648849 0.533397 0.309650 0.156049 -0.147731 -0.318031 -0.430725 -0.558065 -0.708390 -0.837315 -0.940222 -0.985344 
63.524094 52560856.000000 56 56 56 0.857761 0.991240 0.961206 0.979626 0.961310 0.938579 0.856072 0.659636 0.613242 0.342827 0.183613 0.087062 -0.198359 -0.347651 -0.398105 -0.623419 -0.777623 -0.828894 -0.891768 0.979523 0.966353 0.942483 0.865913 0.658925 0.616433 0.393498 0.179747 0.106045 -0.118931 -0.336469 -0.401906 -0.572932 -0.753166 -0.830590 -0.944514 
62.448853 42251716.000000 56 56 56 0.970352 0.919210 0.979703 0.982647 0.961058 0.937107 0.821292 0.669133 0.620923 0.289694 0.197279 0.046846 -0.230855 -0.295751 -0.406769 -0.599415 -0.770990 -0.818737 -0.875409 0.980878 0.959990 0.937666 0.851709 0.664224 0.619619 0.316512 0.192613 0.077056 -0.199935 -0.331863 -0.390763 -0.596948 -0.761907 -0.830021 -0.872979 
55.409603 20601750.000000 56 58 60 0.979735 0.978361 0.842627 0.984206 0.969469 0.925585 0.733585 0.662862 0.517967 0.244828 0.172576 0.009445 -0.273871 -0.320409 -0.511071 -0.655074 -0.782528 -0.824345 -0.979978 0.984361 0.966768 0.939183 0.783113 0.675495 0.586064 0.276916 0.195668 0.037291 -0.261690 -0.309047 -0.420670 -0.621322 -0.780371 -0.817248 -0.956265 
49.700085 11957984.000000 60 60 58 0.901778 0.786442 0.878548 0.991191 0.972979 0.896374 0.711345 0.658048 0.519083 0.278150 0.202059 -0.062846 -0.286199 -0.320369 -0.520732 -0.700461 -0.787524 -0.819522 -0.984640 0.989597 0.965860 0.902196 0.709587 0.659752 0.505527 0.255717 0.187198 -0.054975 -0.284121 -0.334716 -0.520304 -0.698080 -0.788356 -0.845457 -0.986704 
47.838207 4966564.000000 58 58 56 0.868288 0.839916 0.947190 0.992801 0.973030 0.925490 0.782868 0.652297 0.553755 0.273649 0.181011 -0.113821 -0.267111 -0.390703 -0.533054 -0.732090 -0.796220 -0.875596 -0.988824 0.992923 0.976785 0.903921 0.729837 0.655005 0.527335 0.276996 0.179250 -0.148037 -0.280571 -0.334707 -0.525162 -0.742959 -0.804743 -0.854537 -0.987678 
45.590515 2707758.000000 56 56 56 0.902491 0.923924 0.861384 0.992438 0.977133 0.926305 0.777767 0.645603 0.538398 0.251184 0.125284 -0.171654 -0.342054 -0.473466 -0.591763 -0.731796 -0.821551 -0.881946 -0.987070 0.992578 0.974521 0.931468 0.832357 0.636464 0.494306 0.290834 0.203088 -0.145491 -0.299078 -0.401361 -0.532482 -0.674858 -0.777336 -0.933787 -0.993290 
46.174698 9878187.000000 56 54 44 0.893928 0.785856 0.607054 0.986825 0.970324 0.928438 0.793789 0.615323 0.505352 0.251129 0.157124 -0.223571 -0.357736 -0.437172 -0.571517 -0.762430 -0.823981 -0.897075 -0.973555 0.990666 0.975029 0.885486 0.732084 0.625721 0.463249 0.238870 0.144313 -0.114813 -0.318140 -0.462500 -0.586441 -0.714520 -0.825692 -0.914315 -0.982282 
61.535564 144464432.000000 38 40 38 0.672228 0.926532 0.989179 0.983100 0.957751 0.935780 0.763747 0.571139 0.534565 0.364927 0.193115 0.088023 -0.239985 -0.360951 -0.397485 -0.587170 -0.781745 -0.830899 -0.937563 0.986037 0.969309 0.931288 0.789234 0.580503 0.534873 0.326235 0.198911 0.053686 -0.278145 -0.343422 -0.405213 -0.622262 -0.785337 -0.825517 -0.941967 
63.719707 142092368.000000 38 38 36 0.980958 0.995509 0.947623 0.980692 0.950782 0.936390 0.825812 0.561534 0.457590 0.348949 0.172919 0.058947 -0.132192 -0.390576 -0.428129 -0.594237 -0.725715 -0.791902 -0.971312 0.981811 0.952851 0.937493 0.777640 0.564709 0.494691 0.363857 0.197318 0.083562 -0.147864 -0.378703 -0.408393 -0.550212 -0.743175 -0.811122 -0.961880 
62.092609 70695696.000000 38 36 36 0.965028 0.971886 0.980988 0.981853 0.954066 0.932621 0.867942 0.542468 0.451032 0.331338 0.186362 0.044969 -0.124835 -0.329448 -0.427164 -0.559101 -0.747390 -0.814697 -0.969104 0.980063 0.949880 0.934731 0.844083 0.551077 0.456006 0.337408 0.167694 0.036297 -0.144023 -0.354453 -0.443373 -0.608023 -0.761267 -0.810423 -0.959796 
59.508949 28373390.000000 36 36 34 0.986231 0.964642 0.980927 0.983108 0.966956 0.925579 0.863531 0.504656 0.445428 0.316600 0.218478 0.106876 0.007691 -0.358183 -0.410501 -0.556224 -0.704018 -0.768610 -0.988390 0.983158 0.961657 0.929488 0.876338 0.522434 0.457538 0.322518 0.216657 0.083848 -0.064392 -0.334877 -0.405286 -0.541326 -0.691259 -0.795260 -0.989678 
57.550880 16334331.000000 34 34 34 0.975167 0.933971 0.948446 0.982059 0.968176 0.922987 0.876330 0.497394 0.438209 0.358648 0.197492 0.086617 -0.023856 -0.304155 -0.393750 -0.517969 -0.648076 -0.845093 -0.989615 0.982369 0.966225 0.923295 0.862193 0.480893 0.434910 0.320019 0.200531 0.100163 -0.020246 -0.322990 -0.417057 -0.521025 -0.722090 -0.780479 -0.972647 
57.261425 8968760.000000 34 32 32 0.945933 0.956111 0.970817 0.980603 0.964932 0.920622 0.891292 0.670952 0.547309 0.323215 0.215395 0.039739 -0.017358 -0.319829 -0.393651 -0.514543 -0.630041 -0.850078 -0.996745 0.982181 0.972224 0.920779 0.884654 0.591930 0.433402 0.353825 0.200212 0.070495 -0.018699 -0.301342 -0.407861 -0.524580 -0.635543 -0.860305 -0.993055 
59.248779 8548241.000000 32 32 32 0.959457 0.973480 0.977669 0.977708 0.947895 0.917947 0.894962 0.704910 0.660534 0.436463 0.297955 0.050763 -0.044293 -0.239743 -0.404225 -0.538055 -0.667343 -0.868971 -0.993565 0.979691 0.957341 0.918255 0.893962 0.670067 0.592618 0.392397 0.272702 0.040337 -0.017829 -0.285173 -0.398989 -0.513424 -0.670286 -0.854323 -0.997834 
63.108845 17917364.000000 32 32 32 0.983661 0.992632 0.991931 0.972353 0.935193 0.918703 0.880092 0.715819 0.698319 0.452807 0.266981 0.036036 -0.069399 -0.327974 -0.391185 -0.464550 -0.712972 -0.878838 -0.987421 0.975435 0.940050 0.917922 0.889623 0.707773 0.686355 0.437655 0.273879 0.055394 -0.026753 -0.214303 -0.397525 -0.471952 -0.683694 -0.898688 -0.987615 
65.068604 21002950.000000 32 32 32 0.989596 0.992378 0.984865 0.967509 0.936011 0.920863 0.896495 0.742626 0.686376 0.399624 0.179148 -0.083565 -0.190361 -0.276084 -0.469382 -0.564240 -0.675197 -0.790109 -0.985332 0.968636 0.934800 0.919549 0.885621 0.724617 0.697937 0.432563 0.209135 -0.005653 -0.173365 -0.330658 -0.404319 -0.560555 -0.690628 -0.800057 -0.989251 
63.373924 9755187.000000 32 32 32 0.991173 0.988491 0.936779 0.977483 0.953504 0.922911 0.913959 0.742601 0.686720 0.400729 0.105287 -0.140887 -0.206844 -0.334534 -0.452073 -0.556701 -0.672154 -0.818670 -0.985598 0.973321 0.945637 0.922247 0.912417 0.769614 0.644135 0.398394 0.159401 -0.136077 -0.221215 -0.343341 -0.465376 -0.570162 -0.684637 -0.805991 -0.986340 
59.445248 6434570.500000 32 34 34 0.960213 0.943645 0.957522 0.981101 0.958091 0.926076 0.905507 0.790672 0.702510 0.472438 0.032095 -0.138697 -0.220606 -0.352098 -0.447871 -0.530539 -0.704504 -0.828202 -0.989833 0.979397 0.955221 0.923772 0.904964 0.766065 0.693989 0.443670 0.026475 -0.138447 -0.189899 -0.330717 -0.462244 -0.528134 -0.634073 -0.876793 -0.989321 
58.620228 3781420.000000 34 34 36 0.965859 0.914728 0.946218 0.983638 0.967555 0.935343 0.924072 0.780328 0.652725 0.424664 0.095376 -0.169769 -0.211859 -0.347899 -0.381258 -0.516505 -0.693483 -0.920804 -0.985279 0.982777 0.966743 0.931137 0.919436 0.753277 0.672946 0.460567 0.168110 -0.177429 -0.239507 -0.376034 -0.427586 -0.530258 -0.704908 -0.824515 -0.985422 
59.342594 1247888.750000 36 38 40 0.956841 0.915708 0.920569 0.985111 0.971502 0.943420 0.936164 0.817095 0.710296 0.473311 0.074792 -0.153539 -0.222838 -0.282161 -0.419546 -0.528620 -0.730123 -0.885326 -0.972349 0.984044 0.968585 0.939804 0.931560 0.800914 0.681324 0.441975 -0.000248 -0.145274 -0.232380 -0.315722 -0.376233 -0.508315 -0.706393 -0.888127 -0.975472 
53.586342 405060.250000 40 42 46 0.939455 0.886877 0.785315 0.986838 0.967580 0.940724 0.907591 0.802947 0.716163 0.493804 0.076773 -0.082917 -0.152959 -0.302060 -0.430276 -0.553887 -0.775577 -0.883069 -0.972430 0.986230 0.967274 0.946983 0.926281 0.832147 0.740705 0.395789 0.124925 -0.134441 -0.175546 -0.276216 -0.379425 -0.576323 -0.769076 -0.895491 -0.972994 
47.520653 199765.796875 44 46 46 0.821944 0.794444 0.775195 0.988622 0.977865 0.928997 0.914434 0.825480 0.692051 0.539101 0.084257 -0.099252 -0.183723 -0.280627 -0.463592 -0.612369 -0.751233 -0.878421 -0.963834 0.989504 0.976877 0.931709 0.912522 0.788673 0.697540 0.506699 0.138968 -0.091258 -0.174129 -0.327267 -0.408274 -0.595522 -0.770933 -0.882911 -0.968074 
52.206074 935088.937500 46 44 44 0.934792 0.896955 0.931533 0.984546 0.968556 0.933324 0.908245 0.852888 0.725662 0.315976 0.016377 -0.075820 -0.160413 -0.405047 -0.539282 -0.581352 -0.712406 -0.775831 -0.959131 0.986371 0.972598 0.933672 0.912716 0.832014 0.708008 0.570247 0.038749 -0.102663 -0.149113 -0.369763 -0.532538 -0.605454 -0.706963 -0.847731 -0.968794 
55.669167 4792996.000000 44 44 44 0.883256 0.936192 0.971511 0.986453 0.968656 0.944950 0.869229 0.791387 0.695254 0.192714 0.056883 -0.049642 -0.185893 -0.318602 -0.511388 -0.664920 -0.753524 -0.835262 -0.865454 0.985830 0.968974 0.944412 0.905240 0.815482 0.729974 0.161472 0.023641 -0.065628 -0.169053 -0.381922 -0.552996 -0.601061 -0.736236 -0.780650 -0.921718 
56.256809 15087861.000000 44 44 46 0.967636 0.947026 0.935767 0.987432 0.970549 0.943346 0.802937 0.691843 0.630415 0.297233 0.088905 -0.010364 -0.233492 -0.364429 -0.569939 -0.733084 -0.790719 -0.853426 -0.939026 0.987115 0.970624 0.944217 0.821279 0.735418 0.650403 0.268065 0.103650 -0.026165 -0.182334 -0.328030 -0.486085 -0.700178 -0.764763 -0.843119 -0.878991 
52.844448 8797404.000000 46 50 52 0.946296 0.920367 0.770466 0.989679 0.976917 0.952978 0.813825 0.695177 0.509699 0.181192 0.002997 -0.232556 -0.460562 -0.601839 -0.692473 -0.810954 -0.910861 -0.971486 -0.983705 0.988373 0.972492 0.946454 0.819830 0.696928 0.659910 0.272939 0.055790 -0.058290 -0.328120 -0.425516 -0.604748 -0.769346 -0.806570 -0.934201 -0.982389 
45.084915 6061866.000000 54 44 46 0.813806 0.452627 0.778309 0.989679 0.972655 0.867534 0.748183 0.653233 0.406277 0.126423 -0.032282 -0.392862 -0.456278 -0.614387 -0.734315 -0.832272 -0.924025 -0.958031 -0.989588 0.989303 0.977752 0.907953 0.770189 0.675385 0.402084 0.136722 -0.104912 -0.375648 -0.491365 -0.651344 -0.739183 -0.827705 -0.915746 -0.962758 -0.987354 
47.921425 8469315.000000 46 46 46 0.754235 0.810190 0.669442 0.986897 0.965442 0.863486 0.720022 0.554689 0.376201 0.068157 -0.190740 -0.325929 -0.502157 -0.637544 -0.754218 -0.844942 -0.921053 -0.971527 -0.987103 0.989047 0.973178 0.872617 0.756378 0.658524 0.434767 0.047481 -0.132260 -0.321964 -0.496022 -0.661101 -0.753727 -0.835323 -0.917774 -0.969103 -0.993788 
46.762291 4545015.000000 46 138 138 0.807432 0.646511 0.683793 0.981327 0.957043 0.856919 0.722380 0.620688 0.262356 0.080272 -0.229978 -0.378028 -0.480565 -0.642055 -0.757089 -0.809493 -0.901834 -0.974104 -0.992240 0.983402 0.960906 0.865717 0.722320 0.633862 0.354898 0.060511 -0.234157 -0.374112 -0.519488 -0.630798 -0.754356 -0.828695 -0.903375 -0.971611 -0.989196 
44.502831 5545531.500000 50 96 46 0.594318 0.571891 0.667008 0.975129 0.929791 0.739657 0.677970 0.586906 0.350967 0.026191 -0.201227 -0.344005 -0.428942 -0.551812 -0.717007 -0.793277 -0.870159 -0.971728 -0.992430 0.978784 0.941092 0.815099 0.682377 0.608751 0.362730 0.039223 -0.153137 -0.331320 -0.443208 -0.640750 -0.767818 -0.812284 -0.916199 -0.970772 -0.993974 
32.664810 421196.562500 48 62 46 0.671519 0.477175 0.595222 0.981572 0.953224 0.868313 0.739954 0.646521 0.432892 0.138357 -0.094732 -0.288594 -0.411836 -0.578958 -0.763465 -0.804847 -0.892072 -0.949623 -0.991597 0.976949 0.954543 0.835300 0.715032 0.649370 0.328268 0.149261 -0.050996 -0.331558 -0.424823 -0.584032 -0.745035 -0.791388 -0.886509 -0.958726 -0.995370 
42.705528 426385.625000 44 46 50 0.469622 0.658198 0.926096 0.991599 0.984098 0.946815 0.927736 0.754689 0.568220 0.153991 -0.155417 -0.223148 -0.380976 -0.478249 -0.684104 -0.740325 -0.866217 -0.964228 -0.982659 0.990605 0.978671 0.933842 0.797984 0.659135 0.531630 0.178096 -0.026898 -0.267137 -0.395521 -0.528984 -0.737760 -0.819750 -0.901901 -0.961696 -0.985139 
50.009712 809274.500000 48 50 48 0.840689 0.951961 0.978167 0.990400 0.979832 0.956520 0.935712 0.824759 0.539400 0.156917 -0.195799 -0.242192 -0.349970 -0.508565 -0.671184 -0.692257 -0.811003 -0.929763 -0.983572 0.990985 0.981595 0.953619 0.931572 0.827804 0.538704 0.174763 -0.178536 -0.227702 -0.339646 -0.475329 -0.683127 -0.737812 -0.835366 -0.943662 -0.989557 
50.746540 1255285.000000 48 48 48 0.977927 0.969467 0.893207 0.990578 0.980878 0.955629 0.926944 0.803585 0.532838 0.144053 -0.174372 -0.272959 -0.339362 -0.574840 -0.641376 -0.706237 -0.751989 -0.884479 -0.980965 0.990359 0.979964 0.956714 0.933564 0.829228 0.548039 0.090754 -0.209918 -0.257863 -0.370356 -0.548821 -0.655347 -0.699464 -0.759822 -0.919505 -0.982343 
59.339108 22715868.000000 48 46 44 0.958549 0.867513 0.970790 0.978776 0.961996 0.945496 0.846205 0.752791 0.669643 0.266368 -0.049961 -0.121119 -0.266824 -0.375123 -0.538911 -0.676394 -0.744980 -0.806257 -0.975328 0.983103 0.966475 0.944589 0.864128 0.797701 0.655641 0.160602 -0.029891 -0.167494 -0.274707 -0.428495 -0.636556 -0.682413 -0.790669 -0.903614 -0.994460 
58.719841 14687874.000000 44 44 46 0.989144 0.974757 0.946369 0.985780 0.968161 0.944837 0.854288 0.697319 0.646486 0.352919 -0.022350 -0.119013 -0.265547 -0.363854 -0.511903 -0.659525 -0.739102 -0.793264 -0.939772 0.981933 0.963093 0.937860 0.802101 0.714863 0.636607 0.303253 -0.038721 -0.129156 -0.256504 -0.379079 -0.505323 -0.660965 -0.737839 -0.786437 -0.887335 
51.822472 5509909.000000 46 48 46 0.974224 0.942309 0.746655 0.987754 0.970917 0.928089 0.786513 0.662768 0.538989 0.201704 0.012129 -0.086948 -0.357538 -0.431258 -0.620969 -0.723565 -0.806004 -0.903862 -0.979026 0.985997 0.969807 0.946776 0.872193 0.692364 0.663989 0.386040 0.041377 -0.063540 -0.291482 -0.351769 -0.513749 -0.710006 -0.767065 -0.830927 -0.968154 
42.450615 8803460.000000 48 44 46 0.771639 0.810562 0.791341 0.988389 0.974949 0.837182 0.707302 0.567123 0.416313 0.175551 -0.007486 -0.184125 -0.335764 -0.431252 -0.563276 -0.758736 -0.838235 -0.929206 -0.977653 0.988331 0.972648 0.859862 0.672111 0.597599 0.473330 0.113861 0.016627 -0.158099 -0.359010 -0.431229 -0.572403 -0.729273 -0.803544 -0.933542 -0.974687 
40.252956 5766921.500000 46 46 44 0.823608 0.869565 0.657100 0.984882 0.956344 0.854921 0.695169 0.594670 0.431941 0.106605 -0.004510 -0.182019 -0.342604 -0.424333 -0.533564 -0.725186 -0.829096 -0.930892 -0.984485 0.987814 0.968537 0.825952 0.683265 0.604623 0.393245 0.145289 -0.021004 -0.169259 -0.364776 -0.464656 -0.608800 -0.747670 -0.832734 -0.926592 -0.974188 
41.239922 8736990.000000 46 46 48 0.625360 0.760232 0.474609 0.985767 0.949337 0.733022 0.608739 0.544008 0.249353 0.119698 -0.077373 -0.237464 -0.337636 -0.443833 -0.559078 -0.724221 -0.857246 -0.943526 -0.971338 0.986878 0.957225 0.839287 0.659293 0.588873 0.398320 0.088930 -0.014649 -0.196252 -0.339671 -0.428055 -0.544726 -0.721695 -0.848622 -0.920498 -0.984180 
32.071678 257295.015625 46 44 44 0.556515 0.790120 0.616788 0.977702 0.958519 0.859311 0.717779 0.633674 0.433031 0.162507 0.022715 -0.211385 -0.328725 -0.475160 -0.578579 -0.763685 -0.833571 -0.924687 -0.977896 0.985420 0.958792 0.796939 0.620703 0.540025 0.259536 0.127289 -0.042618 -0.214478 -0.339131 -0.437828 -0.570810 -0.722974 -0.843442 -0.943475 -0.970709 
24.227196 71742.140625 44 46 42 0.638910 0.718445 0.605798 0.973331 0.960442 0.888774 0.735867 0.654157 0.460957 0.235075 0.056032 -0.187727 -0.289632 -0.375608 -0.575687 -0.726757 -0.836046 -0.935129 -0.971016 0.968768 0.953823 0.830579 0.730802 0.649358 0.490282 0.176751 0.002173 -0.189169 -0.295374 -0.439262 -0.588796 -0.722940 -0.824919 -0.926966 -0.979608 
44.608978 13495584.000000 42 102 36 0.742823 0.656290 0.335521 0.970635 0.934911 0.783690 0.592069 0.460231 0.307200 0.110349 -0.064448 -0.376349 -0.450576 -0.529997 -0.694833 -0.762654 -0.810462 -0.931684 -0.978351 0.975780 0.954118 0.866122 0.695317 0.517788 0.359680 0.208546 0.001432 -0.210330 -0.383695 -0.477467 -0.598020 -0.700531 -0.778536 -0.939424 -0.972016 
50.336552 9092748.000000 34 130 128 0.524496 0.524095 0.653258 0.988440 0.977633 0.964200 0.735758 0.517090 0.482424 0.218990 0.139274 -0.102815 -0.383254 -0.428254 -0.580296 -0.768145 -0.811227 -0.924878 -0.982350 0.986857 0.973000 0.817795 0.575357 0.512174 0.335713 0.128058 -0.068278 -0.417899 -0.450636 -0.511078 -0.703128 -0.773495 -0.821307 -0.942662 -0.977830 
57.202091 4279929.500000 128 82 84 0.451760 0.876923 0.916919 0.984793 0.975738 0.965957 0.901098 0.543223 0.511596 0.260764 0.196132 -0.032332 -0.311827 -0.389108 -0.495928 -0.675983 -0.775494 -0.863434 -0.960715 0.986062 0.976469 0.962881 0.876463 0.530382 0.508623 0.280612 0.177332 -0.004465 -0.356600 -0.426302 -0.549088 -0.760433 -0.794194 -0.886094 -0.961734 
55.236298 3260441.250000 86 86 88 0.907461 0.812743 0.655504 0.986968 0.977482 0.966970 0.824561 0.563845 0.532151 0.248209 0.203967 -0.068163 -0.262738 -0.372383 -0.474749 -0.661962 -0.738095 -0.825159 -0.955161 0.984562 0.975971 0.964889 0.824525 0.539393 0.510345 0.262829 0.200956 -0.079133 -0.315466 -0.385135 -0.508309 -0.668287 -0.738775 -0.843139 -0.956590 
42.950638 120750.968750 92 94 88 0.515093 0.710893 0.803283 0.994026 0.985234 0.963765 0.851326 0.566775 0.506536 0.295284 0.202178 -0.092967 -0.306324 -0.407600 -0.533962 -0.723191 -0.754763 -0.837312 -0.954443 0.990988 0.980664 0.964596 0.827658 0.565024 0.538267 0.255876 0.185396 -0.079401 -0.266034 -0.396071 -0.505874 -0.702505 -0.759220 -0.800076 -0.950252 
38.922188 52190.363281 88 86 82 0.814433 0.788621 0.799950 0.990378 0.980760 0.964134 0.889771 0.565139 0.527522 0.310122 0.202066 0.097737 -0.260963 -0.413791 -0.472841 -0.696058 -0.767641 -0.911301 -0.963172 0.992385 0.984213 0.965023 0.854770 0.551746 0.512559 0.313972 0.223791 -0.039036 -0.292826 -0.407928 -0.503415 -0.729508 -0.762900 -0.870963 -0.963590 
32.414555 417258.656250 80 86 78 0.713734 0.400106 0.327571 0.987702 0.978961 0.851290 0.659845 0.587002 0.409458 0.230546 0.049651 -0.163419 -0.257923 -0.431947 -0.542195 -0.658119 -0.844574 -0.932284 -0.983448 0.989660 0.977757 0.959894 0.854863 0.552768 0.499918 0.353378 0.201562 0.095065 -0.248364 -0.426797 -0.489297 -0.702408 -0.793387 -0.927694 -0.970025 
36.721947 4510915.000000 46 42 78 0.771240 0.548342 0.375808 0.979385 0.925335 0.710567 0.639234 0.518581 0.375419 0.159157 -0.014176 -0.180465 -0.320322 -0.456422 -0.593295 -0.743441 -0.817599 -0.937452 -0.986433 0.979624 0.945765 0.732576 0.642595 0.556134 0.398179 0.221629 0.023197 -0.156539 -0.295638 -0.446633 -0.569830 -0.681530 -0.848777 -0.939912 -0.979641 
37.640869 4396710.500000 42 90 20 0.377288 0.537773 0.478780 0.978000 0.904648 0.715551 0.628630 0.465421 0.332383 0.260317 -0.008072 -0.193627 -0.303910 -0.484034 -0.589039 -0.699418 -0.838225 -0.925119 -0.985448 0.982212 0.946330 0.739752 0.631342 0.476359 0.321794 0.213014 -0.015476 -0.168732 -0.353520 -0.478110 -0.599484 -0.702776 -0.853925 -0.921957 -0.976689 
39.168594 5835090.000000 44 208 48 0.504498 0.509663 0.408749 0.969094 0.885179 0.696499 0.651638 0.527074 0.435169 0.155072 -0.000226 -0.173118 -0.300644 -0.450876 -0.555978 -0.734706 -0.854609 -0.943955 -0.987890 0.967058 0.886584 0.706656 0.657328 0.513176 0.395527 0.224620 0.027478 -0.205287 -0.308515 -0.463170 -0.595042 -0.715185 -0.839589 -0.933886 -0.983917 
41.537739 8157470.000000 208 46 46 0.482310 0.694121 0.495529 0.956275 0.849237 0.756857 0.637672 0.560085 0.424166 0.204475 0.069717 -0.168267 -0.287169 -0.470943 -0.577105 -0.732246 -0.827222 -0.922587 -0.992977 0.961622 0.890479 0.722137 0.659743 0.542167 0.465805 0.173565 0.003845 -0.153506 -0.319768 -0.472922 -0.587503 -0.711862 -0.821675 -0.956650 -0.989913 
37.712082 1835747.000000 46 110 54 0.410562 0.377174 0.458687 0.988076 0.957872 0.860474 0.729449 0.613987 0.546397 0.320666 0.109180 -0.101122 -0.284647 -0.345834 -0.581113 -0.690788 -0.833682 -0.911620 -0.980350 0.942885 0.813613 0.768985 0.657279 0.573834 0.432368 0.256808 0.051156 -0.171854 -0.269185 -0.442250 -0.559321 -0.728915 -0.813236 -0.927479 -0.986946 
53.816113 1466262.875000 54 64 70 0.578283 0.717842 0.968684 0.983016 0.967176 0.939810 0.849316 0.764941 0.668378 0.612323 0.393780 0.152093 -0.048476 -0.301996 -0.453844 -0.665814 -0.786790 -0.912055 -0.989873 0.986662 0.965163 0.937596 0.848525 0.735979 0.650834 0.559962 0.352339 0.026336 -0.177236 -0.380877 -0.508542 -0.662763 -0.811800 -0.903693 -0.988515 
54.628925 451170.406250 70 72 74 0.970973 0.959343 0.911905 0.987536 0.974119 0.947165 0.872123 0.788577 0.649514 0.582142 0.355616 0.138224 0.057371 -0.227440 -0.425178 -0.658267 -0.796682 -0.911550 -0.981848 0.983512 0.968071 0.943791 0.863429 0.776255 0.659089 0.603429 0.415394 0.160269 0.025141 -0.245065 -0.415825 -0.651012 -0.780197 -0.910837 -0.984704 
52.476250 330580.000000 74 76 76 0.730922 0.946814 0.967722 0.989652 0.980628 0.955012 0.864958 0.770391 0.663161 0.590739 0.289330 0.072840 0.034053 -0.206816 -0.476148 -0.686136 -0.814537 -0.895397 -0.969753 0.989306 0.981743 0.952691 0.860438 0.781984 0.657108 0.588595 0.290474 0.101032 0.046887 -0.227647 -0.446549 -0.679441 -0.810943 -0.896488 -0.973549 
51.646729 282115.250000 76 76 76 0.969578 0.968140 0.970729 0.992284 0.980231 0.955804 0.888942 0.752388 0.688189 0.596060 0.280800 0.001693 -0.058602 -0.206427 -0.443247 -0.691945 -0.808592 -0.885299 -0.973694 0.991163 0.979862 0.956566 0.875029 0.752697 0.670715 0.585692 0.287490 0.037221 -0.018728 -0.178231 -0.433005 -0.706313 -0.816417 -0.884827 -0.973299 
49.953808 1150095.250000 76 78 76 0.969697 0.799168 0.720485 0.991927 0.973966 0.946014 0.818881 0.646456 0.611438 0.441595 0.285786 0.136403 -0.147450 -0.304157 -0.511385 -0.632919 -0.757483 -0.864756 -0.956666 0.992270 0.981715 0.956051 0.884556 0.742617 0.663524 0.549199 0.322573 0.029814 -0.101551 -0.288477 -0.493331 -0.657839 -0.792772 -0.879228 -0.968869 
47.119972 1085841.125000 76 78 78 0.707791 0.879817 0.909557 0.995144 0.983205 0.951410 0.804248 0.547629 0.458182 0.277671 0.102379 -0.026818 -0.171559 -0.291891 -0.456205 -0.574837 -0.719956 -0.886513 -0.924084 0.993802 0.979238 0.954455 0.827387 0.610875 0.516314 0.369072 0.211288 0.053385 -0.168109 -0.244814 -0.443319 -0.633422 -0.720490 -0.888916 -0.943709 
46.964828 1445744.375000 78 78 78 0.921010 0.903558 0.935166 0.995820 0.985817 0.955569 0.774424 0.526748 0.454394 0.202756 0.077859 -0.029926 -0.208993 -0.402194 -0.482262 -0.698323 -0.792167 -0.829664 -0.890108 0.995797 0.984893 0.959642 0.804116 0.530122 0.449863 0.199352 0.072024 -0.039593 -0.184113 -0.353649 -0.457425 -0.618985 -0.730438 -0.875041 -0.924124 
48.727207 1525760.625000 78 78 74 0.937929 0.959623 0.947048 0.994881 0.979132 0.962165 0.887043 0.496180 0.443938 0.261319 0.132451 0.029277 -0.202773 -0.429820 -0.500387 -0.628734 -0.743268 -0.879325 -0.931458 0.995759 0.984149 0.961554 0.823394 0.505979 0.463123 0.160826 0.088356 -0.036897 -0.225663 -0.425227 -0.501652 -0.665544 -0.793007 -0.837872 -0.897452 
52.418915 5120015.000000 74 70 70 0.965405 0.976848 0.958445 0.991192 0.971719 0.953285 0.861363 0.534012 0.478065 0.302646 0.136892 0.033368 -0.179088 -0.412832 -0.481439 -0.554411 -0.649648 -0.862612 -0.903158 0.993061 0.975528 0.954130 0.903506 0.529825 0.444144 0.325282 0.143158 0.026610 -0.198998 -0.416751 -0.495393 -0.572552 -0.707344 -0.856649 -0.914330 
53.643257 6558255.000000 70 72 74 0.948435 0.985635 0.985481 0.987117 0.974035 0.956186 0.821362 0.561468 0.508238 0.286297 0.125362 0.057913 -0.270861 -0.466552 -0.520665 -0.588303 -0.753280 -0.868812 -0.932286 0.988013 0.971418 0.955567 0.818851 0.541551 0.497696 0.298396 0.132977 0.032345 -0.212435 -0.445776 -0.509554 -0.589921 -0.731885 -0.861995 -0.893093 
49.278389 6643685.000000 74 76 78 0.987471 0.928096 0.649549 0.987187 0.975504 0.957367 0.694490 0.568461 0.423433 0.158884 0.036035 -0.314124 -0.452782 -0.526575 -0.671358 -0.798733 -0.905883 -0.955980 -0.983990 0.986257 0.975264 0.954100 0.790238 0.573940 0.518649 0.195112 0.111603 -0.102769 -0.423489 -0.511457 -0.592182 -0.759086 -0.854078 -0.927522 -0.967941 
48.155098 8734594.000000 80 72 74 0.610291 0.550811 0.672869 0.988379 0.976043 0.850105 0.592830 0.486505 0.213421 0.020416 -0.205937 -0.321653 -0.470414 -0.607720 -0.751831 -0.843036 -0.906535 -0.967676 -0.997294 0.988307 0.973711 0.892828 0.583924 0.510192 0.301968 0.076267 -0.108620 -0.413059 -0.506711 -0.580977 -0.742726 -0.812289 -0.908317 -0.953168 -0.993222 
52.381779 10191356.000000 74 80 68 0.748351 0.713742 0.282521 0.982196 0.960840 0.784745 0.560807 0.486057 0.174112 -0.049926 -0.275878 -0.399621 -0.537240 -0.665214 -0.761720 -0.842064 -0.916197 -0.945613 -0.989443 0.985287 0.974303 0.841593 0.603209 0.450226 0.218487 -0.002478 -0.222305 -0.397916 -0.511468 -0.652335 -0.785008 -0.873099 -0.912886 -0.948055 -0.993711 
52.308079 10511073.000000 138 70 72 0.447307 0.496195 0.613648 0.977837 0.940460 0.696792 0.543324 0.243835 0.089615 -0.100041 -0.248655 -0.317654 -0.437412 -0.559389 -0.637089 -0.764337 -0.867527 -0.945441 -0.981166 0.983660 0.939013 0.743310 0.586605 0.406423 0.119548 -0.148531 -0.306264 -0.421903 -0.558226 -0.610735 -0.683864 -0.794887 -0.901961 -0.961873 -0.985707 
35.506706 522239.968750 72 106 110 0.659487 0.545241 0.508161 0.983983 0.962632 0.865263 0.671297 0.470374 0.231981 0.060695 -0.209997 -0.296529 -0.457580 -0.577540 -0.654089 -0.773443 -0.903094 -0.940595 -0.986203 0.980382 0.951326 0.761310 0.607891 0.401833 0.152701 0.030062 -0.149770 -0.251996 -0.389471 -0.527884 -0.642801 -0.740357 -0.877819 -0.944490 -0.979209 
28.684227 224002.812500 110 220 220 0.496503 0.405845 0.434720 0.988598 0.953629 0.903052 0.706719 0.526879 0.247578 0.011799 -0.180823 -0.282090 -0.453760 -0.598892 -0.655941 -0.789704 -0.903076 -0.947850 -0.988257 0.985027 0.956585 0.885984 0.691196 0.508144 0.316478 0.032120 -0.149599 -0.268928 -0.439977 -0.605660 -0.689126 -0.804662 -0.913421 -0.947157 -0.988884 
25.555115 76901.578125 88 116 46 0.423830 0.509725 0.507838 0.981530 0.967877 0.907676 0.730468 0.521241 0.379353 0.089723 -0.205460 -0.295225 -0.423637 -0.596449 -0.641423 -0.817150 -0.887806 -0.926967 -0.988866 0.988412 0.956183 0.882004 0.721798 0.502297 0.348287 0.048082 -0.190960 -0.295981 -0.451407 -0.591006 -0.664589 -0.773329 -0.885440 -0.954268 -0.989608 
22.885534 53715.000000 52 112 44 0.494308 0.331870 0.644743 0.981340 0.955000 0.911577 0.766841 0.575767 0.425895 0.207336 -0.154693 -0.287044 -0.472929 -0.549770 -0.612724 -0.798846 -0.902566 -0.951371 -0.984066 0.987405 0.967737 0.903160 0.780525 0.551062 0.419100 0.082972 -0.182726 -0.321378 -0.436615 -0.579112 -0.634011 -0.792006 -0.894138 -0.946569 -0.984833 
40.642773 1513788.625000 96 46 76 0.375540 0.599147 0.376386 0.962826 0.949279 0.846526 0.786732 0.620407 0.504051 0.336134 0.174996 -0.020500 -0.236043 -0.405564 -0.523556 -0.699885 -0.906243 -0.960901 -0.976964 0.962007 0.948676 0.860158 0.751958 0.624324 0.514615 0.347038 0.187051 0.029480 -0.166640 -0.381751 -0.512272 -0.707818 -0.914094 -0.962296 -0.977164 
32.777546 221122.062500 46 92 150 0.483940 0.458765 0.487547 0.972038 0.908484 0.859664 0.823437 0.663341 0.571637 0.376777 0.196840 -0.010560 -0.241024 -0.430623 -0.586577 -0.698693 -0.888110 -0.965323 -0.993221 0.959542 0.920180 0.856898 0.767104 0.638001 0.555494 0.368498 0.208291 -0.038403 -0.262652 -0.413504 -0.538171 -0.712302 -0.910999 -0.963421 -0.989273 
27.469847 59384.031250 222 78 214 0.516273 0.637001 0.342168 0.971358 0.929279 0.849778 0.810893 0.681790 0.625506 0.364034 0.223419 -0.154353 -0.297543 -0.453548 -0.607964 -0.730128 -0.877459 -0.945744 -0.985099 0.971322 0.921808 0.855413 0.806521 0.676092 0.626561 0.396343 0.235485 -0.017081 -0.306677 -0.476225 -0.621511 -0.717526 -0.887235 -0.945751 -0.992522 
50.184647 749244.937500 64 54 58 0.358601 0.441170 0.971638 0.982738 0.955536 0.932698 0.863646 0.794612 0.696882 0.637445 0.460565 0.143402 -0.060972 -0.317811 -0.513998 -0.665012 -0.815441 -0.919262 -0.976148 0.985701 0.958419 0.925010 0.866492 0.767692 0.680943 0.499837 0.281881 -0.017592 -0.293541 -0.382521 -0.609306 -0.722768 -0.865647 -0.940724 -0.982597 
57.558891 1984492.750000 58 60 62 0.647170 0.940030 0.945757 0.970580 0.952877 0.916353 0.849472 0.773655 0.646461 0.565092 0.458614 0.263762 0.187613 -0.040706 -0.441333 -0.631601 -0.785525 -0.914368 -0.976719 0.974294 0.953019 0.928196 0.854298 0.796113 0.675335 0.627514 0.522438 0.259681 0.147686 -0.227774 -0.452773 -0.658195 -0.799982 -0.915448 -0.977401 
56.400738 8175116.000000 62 64 64 0.959304 0.940899 0.957232 0.974043 0.946443 0.898747 0.825681 0.735170 0.614112 0.401555 0.300378 0.197000 0.060102 -0.028888 -0.461455 -0.657044 -0.682478 -0.777647 -0.965029 0.973085 0.951458 0.911745 0.842605 0.747419 0.618170 0.464449 0.366271 0.233526 0.143576 0.000336 -0.429586 -0.635200 -0.719653 -0.893412 -0.974463 
57.325485 26282786.000000 64 66 68 0.950830 0.982465 0.952835 0.972334 0.935873 0.898162 0.813030 0.692456 0.610257 0.336626 0.259896 0.106463 -0.066426 -0.194656 -0.481135 -0.659939 -0.719919 -0.768399 -0.851213 0.972671 0.939258 0.894404 0.821244 0.716638 0.608986 0.359550 0.275183 0.135431 -0.007180 -0.110024 -0.526670 -0.655724 -0.706319 -0.751895 -0.914966 
57.886612 38577076.000000 68 68 68 0.953346 0.982248 0.947907 0.973061 0.938679 0.908448 0.770666 0.673636 0.615671 0.339491 0.263368 0.071071 -0.110543 -0.263961 -0.423400 -0.675492 -0.734496 -0.802998 -0.831483 0.972686 0.935940 0.901871 0.800736 0.679223 0.622854 0.330679 0.264568 0.074162 -0.090225 -0.223802 -0.421860 -0.667384 -0.733007 -0.784057 -0.831769 
58.073429 31553308.000000 68 70 70 0.928993 0.928962 0.972499 0.976033 0.945734 0.921704 0.792218 0.650602 0.582791 0.363242 0.278637 0.079197 -0.165654 -0.271123 -0.403560 -0.687583 -0.748051 -0.801305 -0.840928 0.973817 0.941072 0.915083 0.778534 0.661042 0.592083 0.353796 0.261644 0.073649 -0.164794 -0.284533 -0.450744 -0.694815 -0.766180 -0.804573 -0.869866 
55.973701 6802969.500000 70 70 76 0.971155 0.944810 0.719199 0.981837 0.957709 0.933379 0.817255 0.652193 0.614124 0.405960 0.319022 0.086547 -0.131849 -0.234997 -0.435781 -0.702730 -0.752327 -0.793236 -0.856194 0.977983 0.951544 0.926162 0.807370 0.647915 0.600420 0.375528 0.301764 0.084622 -0.162347 -0.259362 -0.402213 -0.687683 -0.750811 -0.793752 -0.851288 
41.650047 681545.375000 76 82 76 0.693049 0.447317 0.517756 0.987470 0.943784 0.870305 0.793253 0.661404 0.596439 0.382245 0.258126 0.092340 -0.151711 -0.297476 -0.436473 -0.670311 -0.780328 -0.821727 -0.952198 0.986255 0.958879 0.916816 0.814408 0.683179 0.591780 0.421890 0.311450 0.086689 -0.147294 -0.284586 -0.451925 -0.697610 -0.767813 -0.814256 -0.929279 
37.337219 2212824.000000 76 68 68 0.536690 0.642460 0.418765 0.984374 0.945959 0.896774 0.699625 0.637099 0.433357 0.270636 0.094133 -0.125085 -0.285935 -0.410911 -0.521936 -0.741897 -0.788188 -0.896474 -0.992489 0.990895 0.925398 0.882604 0.752031 0.628004 0.557840 0.343493 0.206702 -0.028362 -0.258910 -0.406258 -0.529216 -0.699299 -0.788293 -0.843681 -0.988781 
41.110893 3101178.250000 68 68 70 0.464331 0.470156 0.645275 0.983307 0.964891 0.912032 0.773290 0.619560 0.517644 0.327190 0.203313 -0.107746 -0.275454 -0.383447 -0.533939 -0.743419 -0.799446 -0.913790 -0.983690 0.966600 0.936808 0.891919 0.698695 0.629613 0.468126 0.255702 0.118596 -0.134751 -0.282265 -0.419691 -0.513864 -0.757914 -0.804078 -0.917230 -0.982368 
53.995323 1707083.750000 66 68 118 0.470193 0.884971 0.894194 0.975851 0.964279 0.951451 0.851170 0.630842 0.598723 0.408728 0.294225 0.139783 -0.113488 -0.316279 -0.380170 -0.691076 -0.791985 -0.819802 -0.958638 0.980474 0.966213 0.952088 0.830644 0.627094 0.582522 0.370489 0.274169 0.085826 -0.159483 -0.324570 -0.403249 -0.693431 -0.783126 -0.835781 -0.970096 
53.331303 703062.125000 118 154 76 0.936927 0.826251 0.800944 0.976489 0.967883 0.955397 0.849825 0.621296 0.590515 0.428166 0.230727 0.122957 -0.028741 -0.348156 -0.369335 -0.590288 -0.777805 -0.870361 -0.969464 0.975048 0.966516 0.956407 0.895661 0.638224 0.606002 0.456324 0.249343 0.097148 -0.109279 -0.332658 -0.369306 -0.643145 -0.794002 -0.867428 -0.970122 
38.101688 45498.625000 52 52 52 0.809417 0.531544 0.409925 0.987719 0.966911 0.924754 0.804513 0.673993 0.621949 0.444020 0.274105 0.154704 -0.135791 -0.334857 -0.430560 -0.687040 -0.807977 -0.902826 -0.967792 0.975145 0.967041 0.945195 0.801964 0.663550 0.625017 0.472780 0.244350 0.131866 -0.040568 -0.332094 -0.385018 -0.624207 -0.810718 -0.873056 -0.973964 
31.480133 133647.453125 50 90 92 0.566915 0.538224 0.623721 0.984959 0.970263 0.926866 0.762089 0.673055 0.587488 0.273470 0.100925 -0.210815 -0.345626 -0.407869 -0.472079 -0.559504 -0.746890 -0.861048 -0.988098 0.981290 0.964638 0.921835 0.807037 0.680318 0.633804 0.504198 0.304483 0.167288 -0.148637 -0.372727 -0.493011 -0.665983 -0.808880 -0.919724 -0.958866 
42.106060 48369.371094 90 80 74 0.554157 0.508111 0.806549 0.986683 0.982609 0.966663 0.895811 0.689306 0.625262 0.472030 0.175768 -0.014079 -0.222781 -0.408552 -0.499199 -0.630385 -0.807209 -0.901434 -0.968786 0.987282 0.978612 0.936181 0.838336 0.659038 0.629072 0.354873 0.129812 -0.080592 -0.327095 -0.404045 -0.468598 -0.577301 -0.773335 -0.893882 -0.980617 
45.943111 42684.367188 72 72 68 0.787333 0.922524 0.934772 0.988468 0.981987 0.965518 0.932652 0.779537 0.635206 0.433004 0.258417 -0.035862 -0.220860 -0.325513 -0.569516 -0.708435 -0.831334 -0.921141 -0.964812 0.989458 0.983305 0.972185 0.918021 0.727753 0.651250 0.418028 0.211562 0.004922 -0.219660 -0.383631 -0.536232 -0.663932 -0.809718 -0.904149 -0.972253 
48.322937 99872.890625 70 68 68 0.933363 0.954880 0.966918 0.988498 0.975991 0.957024 0.935315 0.855964 0.649692 0.413482 0.173293 -0.103023 -0.238387 -0.304199 -0.581991 -0.757511 -0.809811 -0.850781 -0.951168 0.988115 0.979211 0.959742 0.934650 0.836576 0.649008 0.417699 0.194003 -0.096008 -0.234193 -0.289260 -0.515630 -0.696932 -0.825244 -0.885600 -0.963467 
51.911659 158945.000000 68 66 64 0.964091 0.972459 0.952986 0.987712 0.974241 0.956587 0.931257 0.882308 0.756712 0.433939 0.093003 -0.083654 -0.190134 -0.289048 -0.585224 -0.763267 -0.791827 -0.855522 -0.970131 0.988636 0.974066 0.957061 0.932785 0.878931 0.717437 0.387524 0.133806 -0.094466 -0.224664 -0.322165 -0.682704 -0.764029 -0.803115 -0.829050 -0.938994 
55.769024 1403008.625000 66 64 64 0.908695 0.904643 0.979455 0.977800 0.957560 0.937501 0.896029 0.856694 0.767257 0.269936 0.040452 -0.052239 -0.181615 -0.295725 -0.333496 -0.546919 -0.782219 -0.838721 -0.967414 0.984833 0.967564 0.952363 0.918714 0.870156 0.734956 0.385494 0.062907 -0.079610 -0.171206 -0.292444 -0.378929 -0.728661 -0.786037 -0.867646 -0.976748 
56.603439 2445645.000000 64 64 64 0.974035 0.972012 0.907903 0.973374 0.954040 0.911093 0.880547 0.833908 0.713965 0.361250 0.121893 0.044395 -0.101791 -0.258888 -0.344812 -0.516647 -0.734984 -0.907184 -0.957727 0.973806 0.955685 0.922992 0.883398 0.845928 0.731165 0.352052 0.078397 0.014993 -0.149499 -0.275313 -0.345047 -0.446711 -0.717760 -0.877940 -0.969026 
57.008545 5042806.500000 66 66 66 0.944093 0.986363 0.909992 0.975562 0.943924 0.902186 0.876583 0.800026 0.698039 0.371798 0.187456 0.110587 -0.065511 -0.308433 -0.459240 -0.548806 -0.739823 -0.920195 -0.939119 0.975258 0.950454 0.907487 0.880401 0.821355 0.704622 0.347238 0.150060 0.074579 -0.099354 -0.265591 -0.433661 -0.546006 -0.709977 -0.924601 -0.942013 
57.144321 11399048.000000 66 68 70 0.960466 0.964489 0.967255 0.976150 0.937919 0.907290 0.856794 0.782569 0.671034 0.346945 0.191357 0.094966 -0.034969 -0.390315 -0.451871 -0.733777 -0.853182 -0.910193 -0.939883 0.975781 0.938570 0.904544 0.869148 0.793689 0.706121 0.363957 0.193419 0.108644 -0.018869 -0.377020 -0.459150 -0.591546 -0.813259 -0.908363 -0.936063 
56.691177 18588120.000000 70 72 74 0.967549 0.973708 0.941487 0.976060 0.940542 0.908397 0.843801 0.750242 0.659208 0.307164 0.156350 0.051979 -0.049656 -0.346349 -0.473127 -0.750447 -0.851360 -0.910674 -0.942105 0.974981 0.939800 0.906281 0.858412 0.766558 0.666052 0.340348 0.163912 0.074386 -0.037180 -0.386748 -0.465246 -0.770382 -0.857113 -0.904532 -0.939429 
55.519791 17497974.000000 74 78 80 0.937368 0.917541 0.735778 0.974923 0.937598 0.904546 0.832694 0.710421 0.632477 0.319153 0.143828 0.049822 -0.075369 -0.259208 -0.484369 -0.693593 -0.759657 -0.881412 -0.916802 0.974902 0.939600 0.907065 0.831289 0.737584 0.640882 0.301452 0.132486 0.035548 -0.076969 -0.319035 -0.527511 -0.686515 -0.783024 -0.905812 -0.940381 
54.540901 4543856.000000 82 86 90 0.746543 0.875014 0.747272 0.974680 0.943451 0.920313 0.858747 0.691295 0.651576 0.440757 0.208199 0.132647 -0.006303 -0.180193 -0.358716 -0.647480 -0.782874 -0.877472 -0.943373 0.974910 0.938986 0.912410 0.847867 0.693131 0.647489 0.363689 0.169502 0.086627 -0.048103 -0.196198 -0.402379 -0.694515 -0.764907 -0.887962 -0.931260 
54.512482 2988776.250000 92 96 94 0.722503 0.807505 0.719915 0.969974 0.947591 0.931607 0.831637 0.638255 0.595555 0.414977 0.244890 0.165787 0.033116 -0.135786 -0.226254 -0.619159 -0.770252 -0.818106 -0.957196 0.969465 0.944092 0.927029 0.861535 0.660751 0.614009 0.454729 0.228439 0.144536 -0.035087 -0.172649 -0.301293 -0.720486 -0.773738 -0.847174 -0.942066 
51.012962 1911696.500000 92 174 100 0.778204 0.663034 0.338102 0.978210 0.964098 0.942885 0.826203 0.577994 0.495006 0.367312 0.236497 0.142323 -0.086781 -0.194385 -0.288252 -0.549532 -0.796043 -0.846176 -0.974649 0.977507 0.951930 0.939977 0.874089 0.665965 0.569539 0.398215 0.234746 0.165909 0.006295 -0.158717 -0.269296 -0.580568 -0.782069 -0.842601 -0.969601 
45.733932 729279.937500 174 172 170 0.629341 0.424923 0.464139 0.985450 0.970366 0.917731 0.824693 0.701885 0.457218 0.377361 0.238655 0.126726 -0.093569 -0.208396 -0.314961 -0.497237 -0.747298 -0.875376 -0.971171 0.981406 0.966597 0.926941 0.816361 0.540768 0.428559 0.341647 0.210396 0.106216 -0.105493 -0.206670 -0.309691 -0.472105 -0.666915 -0.853064 -0.974520 
42.661530 373026.875000 170 174 174 0.758220 0.686369 0.693021 0.983709 0.975810 0.907757 0.831467 0.650103 0.451516 0.339084 0.280136 0.110471 -0.110643 -0.255614 -0.298601 -0.446118 -0.750145 -0.891629 -0.987173 0.984619 0.971246 0.906900 0.853981 0.699284 0.556763 0.350573 0.270760 0.099894 -0.078535 -0.231476 -0.302431 -0.528060 -0.768980 -0.894834 -0.985221 
36.148479 667608.187500 182 78 76 0.441169 0.716169 0.365320 0.984557 0.946861 0.878216 0.758571 0.599245 0.452855 0.337008 0.225883 0.096867 -0.235934 -0.331633 -0.539179 -0.680926 -0.765252 -0.867361 -0.961372 0.989191 0.966673 0.909870 0.806844 0.606541 0.459499 0.353278 0.243459 0.176652 -0.075755 -0.301145 -0.319126 -0.632756 -0.768025 -0.848920 -0.980147 
36.414330 3714980.000000 76 78 60 0.449488 0.380678 0.422155 0.968202 0.907358 0.765975 0.634243 0.576632 0.353517 0.222427 0.045297 -0.157120 -0.369107 -0.435581 -0.628117 -0.732435 -0.806992 -0.901192 -0.972009 0.967609 0.910396 0.837978 0.656152 0.540896 0.446951 0.255611 0.108605 -0.127180 -0.303825 -0.467616 -0.585565 -0.713487 -0.789825 -0.912439 -0.975951 
35.354885 1586825.250000 154 56 174 0.353329 0.557166 0.408572 0.972480 0.920482 0.801190 0.621032 0.514804 0.366861 0.247315 0.049838 -0.153421 -0.346143 -0.427407 -0.615442 -0.753105 -0.794728 -0.937825 -0.977643 0.965789 0.922458 0.693616 0.630935 0.516856 0.376755 0.224250 0.103633 -0.125883 -0.354748 -0.443154 -0.596604 -0.747677 -0.810777 -0.917146 -0.984426 
27.339582 238089.359375 104 76 118 0.404602 0.326589 0.447059 0.982950 0.940777 0.831003 0.678621 0.557797 0.396851 0.253144 0.083358 -0.178079 -0.296934 -0.438240 -0.610915 -0.748309 -0.808833 -0.927871 -0.993126 0.983807 0.915176 0.810676 0.653164 0.510836 0.369491 0.228095 0.056669 -0.170892 -0.331641 -0.409239 -0.627674 -0.762408 -0.804719 -0.923232 -0.979805 
22.825119 66704.203125 118 90 56 0.475017 0.526921 0.362555 0.969699 0.951882 0.887589 0.737751 0.603812 0.468870 0.292056 0.137903 -0.161896 -0.352797 -0.436649 -0.591019 -0.741276 -0.785878 -0.948924 -0.989702 0.974790 0.946715 0.861344 0.674465 0.594929 0.413367 0.262188 0.106511 -0.124828 -0.324741 -0.416567 -0.586830 -0.720970 -0.775611 -0.924564 -0.992788 
19.298246 19761.398438 74 56 230 0.355557 0.319463 0.362191 0.982465 0.955910 0.892755 0.776455 0.631911 0.466028 0.347415 0.127409 -0.086112 -0.314164 -0.419106 -0.610418 -0.713784 -0.785758 -0.906806 -0.977336 0.978353 0.953141 0.886993 0.788347 0.612124 0.469560 0.330549 0.150275 -0.148315 -0.340043 -0.426294 -0.600096 -0.734615 -0.783697 -0.904638 -0.974535 
17.356817 12276.113281 172 120 88 0.372345 0.496668 0.516429 0.988725 0.958727 0.871188 0.793520 0.683340 0.466937 0.326437 0.130122 -0.134528 -0.303067 -0.438087 -0.585295 -0.719583 -0.840298 -0.930275 -0.977372 0.986652 0.954799 0.891234 0.821663 0.652242 0.476471 0.297560 0.081260 -0.119974 -0.316702 -0.401728 -0.576500 -0.711964 -0.824711 -0.934067 -0.981184 
17.101919 8063.093262 92 208 48 0.462445 0.431192 0.448263 0.984190 0.957637 0.905634 0.809387 0.634694 0.511753 0.349469 0.173142 -0.077194 -0.253761 -0.418380 -0.587556 -0.706511 -0.788354 -0.924288 -0.979413 0.977172 0.960756 0.901125 0.808218 0.658300 0.530786 0.346852 0.147038 -0.149949 -0.267420 -0.406778 -0.587384 -0.695604 -0.821203 -0.923105 -0.981845 
17.904940 7601.890625 44 214 88 0.444529 0.513490 0.536767 0.984150 0.964777 0.912039 0.819837 0.650366 0.498962 0.333009 0.182489 -0.051449 -0.242572 -0.379489 -0.598747 -0.748456 -0.844518 -0.926017 -0.962859 0.984814 0.960392 0.912751 0.826312 0.661225 0.521824 0.369379 0.192661 -0.080781 -0.279363 -0.394594 -0.570340 -0.731305 -0.830523 -0.931472 -0.974507 
17.306606 5789.561523 88 90 94 0.569561 0.529582 0.372464 0.989470 0.965506 0.919242 0.815562 0.632598 0.512713 0.367140 0.148327 -0.049135 -0.271639 -0.414970 -0.552773 -0.712245 -0.825705 -0.926249 -0.970505 0.986664 0.967225 0.922392 0.815188 0.649889 0.513655 0.356299 0.197235 -0.088159 -0.234751 -0.446636 -0.591675 -0.673932 -0.863053 -0.919508 -0.977112 
16.713509 5032.330566 116 86 168 0.336177 0.546164 0.411498 0.980230 0.968925 0.903406 0.802717 0.675016 0.466933 0.352201 0.188787 -0.037077 -0.280905 -0.400203 -0.550247 -0.735615 -0.843980 -0.925207 -0.969500 0.981389 0.964764 0.912410 0.776640 0.671806 0.475320 0.364575 0.186635 -0.001355 -0.256648 -0.375375 -0.561507 -0.735141 -0.842269 -0.920447 -0.976380 
16.651215 5051.170410 90 90 92 0.345558 0.404807 0.594822 0.984074 0.963378 0.922645 0.815332 0.635634 0.493102 0.387368 0.121476 -0.083218 -0.245887 -0.364573 -0.575352 -0.702301 -0.832000 -0.920395 -0.974418 0.984807 0.967870 0.905930 0.808106 0.680875 0.517372 0.396028 0.147901 -0.046066 -0.236207 -0.409139 -0.555621 -0.709835 -0.846602 -0.922037 -0.974774 
14.826031 5256.285645 92 44 88 0.610593 0.503713 0.358630 0.989018 0.961931 0.907703 0.791524 0.633646 0.479663 0.376513 0.105100 -0.099634 -0.258608 -0.384036 -0.546173 -0.716698 -0.821930 -0.915842 -0.967015 0.984489 0.961297 0.918028 0.808118 0.639956 0.466133 0.365196 0.141913 -0.039803 -0.258483 -0.374935 -0.562728 -0.745373 -0.856799 -0.914189 -0.974015 
16.321211 5031.505859 122 210 60 0.351173 0.440243 0.527582 0.984259 0.969601 0.895313 0.796506 0.674802 0.498511 0.317585 0.179072 -0.084404 -0.264403 -0.388913 -0.538935 -0.728484 -0.829644 -0.949175 -0.980920 0.986998 0.971026 0.914702 0.786346 0.626371 0.507516 0.381060 0.162071 -0.025503 -0.243092 -0.410781 -0.557338 -0.745208 -0.843613 -0.929768 -0.977546 
16.040401 5269.470215 208 48 116 0.535440 0.766927 0.451580 0.987178 0.961521 0.922370 0.800558 0.608688 0.511802 0.363204 0.173892 -0.052842 -0.255381 -0.367068 -0.510837 -0.669365 -0.832745 -0.921164 -0.976559 0.986185 0.969676 0.919746 0.820234 0.589298 0.458912 0.324341 0.175144 -0.046004 -0.272758 -0.375730 -0.526240 -0.737890 -0.843953 -0.927516 -0.973640 
16.454636 5106.550293 114 90 116 0.542439 0.381107 0.485295 0.983362 0.965758 0.916873 0.821073 0.637475 0.514278 0.362294 0.161361 -0.038740 -0.225234 -0.382690 -0.531153 -0.689494 -0.836681 -0.933752 -0.979227 0.987887 0.965742 0.914667 0.811708 0.620115 0.507304 0.351380 0.180500 -0.045899 -0.283818 -0.403593 -0.535269 -0.693476 -0.835202 -0.929947 -0.976335 
16.016138 6792.386230 116 48 46 0.557060 0.405100 0.543039 0.987418 0.972419 0.896786 0.787312 0.603867 0.429297 0.325625 0.156246 -0.068274 -0.242275 -0.351084 -0.534671 -0.685837 -0.832904 -0.907467 -0.975665 0.979078 0.964480 0.916758 0.777411 0.606292 0.454553 0.380579 0.155216 -0.074424 -0.230929 -0.346221 -0.540526 -0.717166 -0.821337 -0.917935 -0.973924 
16.001293 7645.369629 46 174 56 0.656703 0.392770 0.469079 0.982226 0.965150 0.920283 0.771365 0.577539 0.468206 0.334196 0.156041 -0.074087 -0.269542 -0.357126 -0.513581 -0.702937 -0.820738 -0.934292 -0.981686 0.981341 0.964810 0.910986 0.776825 0.593732 0.426180 0.329397 0.146583 -0.105906 -0.272701 -0.375523 -0.470769 -0.699104 -0.812288 -0.947322 -0.986306 
17.172932 6099.736328 84 86 120 0.589157 0.568788 0.588136 0.984913 0.965921 0.911708 0.782144 0.578565 0.436639 0.344238 0.226145 -0.096913 -0.228479 -0.379100 -0.546840 -0.708970 -0.847529 -0.921207 -0.974355 0.981151 0.967823 0.914694 0.794182 0.631442 0.463152 0.338548 0.164965 -0.058114 -0.235208 -0.323040 -0.524063 -0.714680 -0.817790 -0.927492 -0.970525 
15.237378 6509.795898 118 90 52 0.573281 0.355187 0.411699 0.987122 0.957489 0.921616 0.814983 0.580935 0.422468 0.320206 0.153235 -0.040679 -0.282205 -0.391865 -0.510200 -0.695486 -0.846966 -0.920635 -0.975451 0.986473 0.954153 0.923414 0.820429 0.550683 0.430855 0.329173 0.171017 -0.102717 -0.219023 -0.399374 -0.548650 -0.690912 -0.827275 -0.934530 -0.974377 
15.979357 4774.814941 52 56 92 0.561359 0.512845 0.501341 0.989645 0.964802 0.910631 0.827247 0.575212 0.442784 0.323567 0.149851 0.011457 -0.249506 -0.350157 -0.511555 -0.699769 -0.819739 -0.925588 -0.976651 0.982894 0.966720 0.917010 0.829208 0.592779 0.459511 0.292768 0.150207 -0.022468 -0.258143 -0.363792 -0.501977 -0.685470 -0.828882 -0.925850 -0.986398 
15.086409 6119.463379 204 118 50 0.470276 0.427453 0.393602 0.985799 0.959479 0.896765 0.819053 0.609748 0.458528 0.276459 0.145803 0.043245 -0.186611 -0.342779 -0.494798 -0.694413 -0.808452 -0.915786 -0.980682 0.986498 0.961937 0.904445 0.799548 0.611771 0.402480 0.324875 0.167211 -0.001506 -0.206579 -0.323407 -0.541673 -0.686234 -0.835997 -0.926075 -0.970133 
14.850265 3779.103760 148 62 90 0.427402 0.345073 0.478817 0.981191 0.958417 0.907505 0.836904 0.606342 0.467542 0.370601 0.167542 -0.018793 -0.253066 -0.396449 -0.565078 -0.703128 -0.833231 -0.924151 -0.973391 0.986830 0.953347 0.894616 0.834235 0.591162 0.464013 0.382342 0.176547 0.055208 -0.193884 -0.388513 -0.510264 -0.709154 -0.808445 -0.927183 -0.975339 
11.453041 1853.084106 88 26 24 0.498724 0.377681 0.463457 0.986837 0.964040 0.902499 0.819403 0.659666 0.490626 0.371603 0.163724 -0.082863 -0.254693 -0.407538 -0.620615 -0.752014 -0.842442 -0.923089 -0.976568 0.987012 0.962950 0.920644 0.807018 0.655760 0.452045 0.339873 0.128298 -0.056039 -0.268023 -0.419804 -0.585013 -0.738522 -0.859271 -0.913186 -0.985291 
14.137187 2192.760986 130 30 28 0.444576 0.340581 0.570710 0.984748 0.964907 0.917558 0.826423 0.637346 0.462964 0.372829 0.202930 -0.086208 -0.263636 -0.416085 -0.626898 -0.738804 -0.837630 -0.910905 -0.980127 0.982288 0.967964 0.930665 0.832196 0.636809 0.496492 0.382184 0.158198 -0.057038 -0.229933 -0.347366 -0.580736 -0.745578 -0.862058 -0.932455 -0.985020 
14.075452 2504.896240 54 54 46 0.572234 0.546158 0.409660 0.988344 0.966512 0.925362 0.815630 0.649588 0.477484 0.357819 0.206550 -0.083353 -0.226681 -0.408345 -0.575615 -0.698205 -0.840001 -0.924185 -0.978522 0.980799 0.968323 0.918617 0.804700 0.674801 0.471517 0.359935 0.135928 -0.099335 -0.247311 -0.397940 -0.586937 -0.725653 -0.821162 -0.915046 -0.980838 
39.029224 261141.796875 96 140 62 0.608823 0.540268 0.749630 0.954881 0.925630 0.901251 0.829209 0.612809 0.561932 0.404764 0.319432 0.222028 0.076094 -0.141910 -0.198373 -0.591506 -0.796460 -0.873331 -0.963253 0.969790 0.927366 0.903891 0.788034 0.618320 0.553124 0.425185 0.329189 0.236337 0.056787 -0.249558 -0.498066 -0.684745 -0.790700 -0.889145 -0.979353 
49.395084 8426681.000000 62 62 54 0.693305 0.862533 0.684616 0.979342 0.938221 0.911893 0.799264 0.608234 0.505170 0.326038 0.264582 0.161521 -0.046698 -0.221183 -0.273045 -0.664567 -0.814832 -0.869723 -0.898773 0.985030 0.944571 0.905417 0.868065 0.659388 0.562377 0.419989 0.312535 0.225346 0.087161 -0.140468 -0.216287 -0.523658 -0.775746 -0.866193 -0.961544 
59.320827 58595892.000000 54 58 54 0.587169 0.967615 0.952682 0.975304 0.946252 0.909144 0.816809 0.593162 0.515959 0.339582 0.243806 0.143605 -0.017377 -0.243510 -0.345394 -0.617692 -0.740216 -0.813902 -0.878162 0.972642 0.943689 0.906748 0.813794 0.607952 0.529518 0.362350 0.262444 0.172650 -0.032884 -0.230995 -0.341562 -0.609533 -0.774039 -0.848024 -0.929321 
61.548351 46658440.000000 54 54 54 0.962032 0.945923 0.887997 0.982844 0.954168 0.930237 0.858715 0.578423 0.491863 0.369903 0.204121 0.129039 0.011089 -0.265428 -0.404323 -0.534542 -0.703426 -0.799756 -0.915787 0.977728 0.950088 0.919152 0.821139 0.572065 0.496192 0.344751 0.230067 0.129656 -0.016387 -0.273819 -0.374909 -0.596897 -0.737172 -0.793133 -0.880168 
56.615276 3363455.500000 54 56 56 0.881744 0.904672 0.830175 0.991892 0.981844 0.944875 0.867848 0.656229 0.536039 0.391549 0.233541 0.102314 -0.125083 -0.307253 -0.484783 -0.636737 -0.745773 -0.826698 -0.947348 0.989937 0.970057 0.936258 0.887637 0.618371 0.502387 0.390840 0.192387 0.124096 -0.031810 -0.279882 -0.407037 -0.539905 -0.719334 -0.808721 -0.935231 
50.589401 12509826.000000 58 60 62 0.820492 0.779299 0.837484 0.990173 0.972893 0.936588 0.785288 0.529925 0.447933 0.276559 0.134564 -0.082632 -0.339512 -0.463515 -0.560166 -0.689942 -0.775699 -0.848757 -0.947608 0.991131 0.976934 0.929272 0.796080 0.611786 0.512679 0.283863 0.100026 -0.041001 -0.277038 -0.452320 -0.594763 -0.683602 -0.767371 -0.824913 -0.978279 
51.422806 16650943.000000 60 60 60 0.837388 0.851240 0.865436 0.991681 0.978057 0.930865 0.777802 0.532082 0.371657 0.241766 0.096184 -0.066258 -0.232224 -0.449306 -0.512781 -0.673999 -0.744282 -0.895873 -0.956611 0.990860 0.978155 0.932525 0.749180 0.533954 0.405180 0.276649 0.127047 -0.046474 -0.265578 -0.449422 -0.555782 -0.645678 -0.766559 -0.892543 -0.955800 
53.892548 17714934.000000 58 56 54 0.888986 0.921875 0.964410 0.991489 0.979022 0.948639 0.850115 0.502806 0.359814 0.215771 0.102956 -0.062288 -0.234333 -0.462642 -0.532669 -0.665408 -0.826624 -0.908106 -0.931092 0.991745 0.981483 0.936034 0.787527 0.516218 0.334234 0.252608 0.092111 -0.084843 -0.243122 -0.454656 -0.533631 -0.659433 -0.762697 -0.906987 -0.935263 
58.264420 15570579.000000 54 50 48 0.961454 0.937688 0.962484 0.991505 0.983279 0.955184 0.886447 0.538952 0.350029 0.220466 0.139128 -0.063582 -0.206341 -0.397452 -0.444375 -0.662859 -0.802913 -0.880391 -0.915438 0.991150 0.980791 0.948868 0.881152 0.558724 0.352986 0.224061 0.134863 -0.095388 -0.232041 -0.408650 -0.459813 -0.702037 -0.836751 -0.908429 -0.934923 
59.692005 33843344.000000 48 46 44 0.980245 0.971655 0.986585 0.989685 0.980707 0.945448 0.880809 0.389617 0.289405 0.185730 0.118640 0.006441 -0.181588 -0.389494 -0.430152 -0.691183 -0.739452 -0.878950 -0.910100 0.990864 0.983385 0.950194 0.874523 0.492558 0.314647 0.195561 0.140595 -0.018512 -0.171477 -0.374926 -0.432498 -0.696566 -0.765481 -0.877022 -0.914751 
58.645863 12502459.000000 44 44 44 0.989021 0.979793 0.980121 0.988692 0.973216 0.951484 0.887201 0.476668 0.402515 0.275105 0.155608 0.098281 -0.032176 -0.364958 -0.459702 -0.668727 -0.698314 -0.883660 -0.914504 0.989239 0.977328 0.948457 0.876454 0.399729 0.306964 0.218779 0.130046 0.069558 -0.160257 -0.385850 -0.474729 -0.675624 -0.709466 -0.887273 -0.911945 
55.426422 1875151.875000 44 44 44 0.977745 0.969666 0.952518 0.989225 0.974448 0.953719 0.907117 0.696810 0.639551 0.328012 0.177294 0.078208 -0.164617 -0.380331 -0.532242 -0.588963 -0.728665 -0.903361 -0.925780 0.989038 0.973361 0.953602 0.901966 0.592320 0.508622 0.324058 0.182997 0.089437 -0.074887 -0.390129 -0.467863 -0.664731 -0.719274 -0.898906 -0.916900 
51.492004 674307.312500 44 44 46 0.963429 0.938542 0.927183 0.988829 0.976004 0.947478 0.903542 0.729094 0.548180 0.341172 0.173294 0.083003 -0.124881 -0.307811 -0.487030 -0.640369 -0.755265 -0.894634 -0.932952 0.988982 0.975113 0.951222 0.887425 0.762901 0.640854 0.312312 0.177801 0.065321 -0.151174 -0.367108 -0.476900 -0.604929 -0.753123 -0.901699 -0.925540 
45.775791 338301.968750 46 46 46 0.944323 0.822804 0.888743 0.987156 0.970960 0.946720 0.904404 0.690637 0.484341 0.350759 0.192520 0.096161 -0.040736 -0.296595 -0.425262 -0.602441 -0.760594 -0.878199 -0.945055 0.988434 0.971263 0.946397 0.890885 0.736937 0.498322 0.304217 0.192968 0.080992 -0.069077 -0.326096 -0.438698 -0.650215 -0.757030 -0.878049 -0.943694 
49.182594 309347.062500 46 46 46 0.883810 0.911465 0.953899 0.990345 0.982253 0.949742 0.880792 0.803791 0.664052 0.328792 0.168282 0.102552 -0.126526 -0.329457 -0.369860 -0.553447 -0.736472 -0.899047 -0.967964 0.990374 0.982045 0.947667 0.902943 0.732492 0.535696 0.354682 0.230645 0.123037 -0.040585 -0.268420 -0.460428 -0.591549 -0.786926 -0.893658 -0.965190 
53.050674 1276093.125000 46 46 46 0.966671 0.957265 0.968293 0.990186 0.979878 0.952710 0.873760 0.733791 0.650091 0.272208 0.165433 0.087793 -0.188551 -0.334435 -0.397967 -0.591895 -0.657194 -0.872042 -0.961144 0.990144 0.980766 0.951532 0.868658 0.769619 0.711829 0.304422 0.145369 0.079324 -0.168908 -0.338269 -0.409632 -0.581279 -0.639219 -0.881713 -0.959932 
51.809086 8424032.000000 46 46 48 0.977522 0.931731 0.907990 0.990905 0.981261 0.936841 0.771145 0.582166 0.483447 0.191537 0.137980 -0.093777 -0.288555 -0.467533 -0.587061 -0.648580 -0.742051 -0.857881 -0.966612 0.990335 0.980437 0.946674 0.852250 0.613275 0.555635 0.261027 0.175759 0.035882 -0.260930 -0.338526 -0.462909 -0.640259 -0.670055 -0.835253 -0.959764 
47.952919 6485987.000000 48 50 50 0.926355 0.935358 0.783612 0.991470 0.981204 0.939661 0.757356 0.584088 0.322180 0.136988 0.017785 -0.341702 -0.437839 -0.542110 -0.609165 -0.739341 -0.823814 -0.898318 -0.973495 0.991613 0.984676 0.933151 0.735127 0.579124 0.415780 0.161462 0.084332 -0.193497 -0.353570 -0.474141 -0.576360 -0.692385 -0.781584 -0.895291 -0.966481 
46.071945 4738626.000000 50 50 46 0.811539 0.868249 0.748928 0.991404 0.986232 0.937516 0.654044 0.567525 0.279666 0.076434 -0.162476 -0.396334 -0.529556 -0.636185 -0.720842 -0.801528 -0.899317 -0.936613 -0.969691 0.991436 0.983781 0.942912 0.674139 0.585423 0.297979 0.121264 -0.064792 -0.394445 -0.482586 -0.559507 -0.659367 -0.763042 -0.853691 -0.927313 -0.977421 
53.163418 7623619.500000 50 46 50 0.814766 0.652452 0.698108 0.988640 0.971955 0.815028 0.654698 0.502792 0.212687 -0.063950 -0.312269 -0.451903 -0.562697 -0.641955 -0.784951 -0.863335 -0.926269 -0.945900 -0.976595 0.988280 0.973082 0.868729 0.648451 0.492927 0.196276 0.049953 -0.316965 -0.423674 -0.565110 -0.671722 -0.797780 -0.842311 -0.902120 -0.938317 -0.985931 
48.334602 4462179.500000 50 96 34 0.712365 0.672143 0.530681 0.988950 0.975604 0.832540 0.590773 0.510751 0.207258 0.133358 -0.131140 -0.427198 -0.510700 -0.668639 -0.758613 -0.833555 -0.920667 -0.955761 -0.994427 0.989608 0.974621 0.811707 0.620595 0.496240 0.190857 0.031792 -0.291257 -0.427860 -0.540466 -0.635944 -0.776944 -0.853712 -0.925495 -0.945859 -0.984010 
54.678215 32164594.000000 54 44 44 0.445129 0.666997 0.903075 0.986594 0.965610 0.950322 0.814197 0.516033 0.481671 0.281754 0.223477 -0.007712 -0.450569 -0.536655 -0.626825 -0.710796 -0.809141 -0.930737 -0.978198 0.986470 0.974981 0.950499 0.769718 0.527580 0.484305 0.241921 0.183434 -0.149141 -0.464780 -0.552055 -0.643593 -0.783566 -0.891064 -0.945223 -0.983416 
54.729561 14515005.000000 44 44 50 0.914023 0.961836 0.845266 0.987488 0.967947 0.950337 0.762436 0.455494 0.428748 0.305299 0.245845 0.037322 -0.406575 -0.512931 -0.573813 -0.639985 -0.799444 -0.925285 -0.966988 0.985802 0.963647 0.950147 0.781918 0.497109 0.432897 0.298970 0.244385 0.102369 -0.380046 -0.513215 -0.590174 -0.670628 -0.795041 -0.916075 -0.966610 
38.360275 697730.125000 50 48 42 0.881739 0.604211 0.650308 0.988536 0.978956 0.925465 0.693140 0.561535 0.424835 0.289235 0.179230 -0.120502 -0.471253 -0.552587 -0.624110 -0.790706 -0.910263 -0.951816 -0.981565 0.988764 0.973573 0.932009 0.717709 0.467723 0.412728 0.304725 0.225456 -0.048334 -0.457066 -0.532438 -0.588536 -0.735040 -0.893421 -0.942865 -0.968164 
32.795174 320957.625000 42 44 44 0.800803 0.792687 0.477140 0.983490 0.965201 0.933174 0.689013 0.496698 0.425295 0.302626 0.232137 0.042476 -0.413729 -0.510829 -0.672961 -0.810857 -0.906072 -0.949457 -0.970346 0.986822 0.972258 0.929609 0.722293 0.520469 0.464081 0.277020 0.221504 -0.077473 -0.456262 -0.555323 -0.638572 -0.816228 -0.896787 -0.956038 -0.973245 
29.958385 138969.671875 48 44 44 0.495780 0.779119 0.697113 0.987181 0.967729 0.927903 0.706538 0.494948 0.442907 0.378118 0.261912 0.034085 -0.427559 -0.510444 -0.681034 -0.810857 -0.913114 -0.947391 -0.964625 0.985079 0.972940 0.914917 0.637402 0.507225 0.449157 0.355555 0.250520 0.037502 -0.410743 -0.538600 -0.677177 -0.820206 -0.894849 -0.943264 -0.970252 
39.390560 3475988.250000 42 48 46 0.714835 0.518305 0.518362 0.975311 0.950693 0.772686 0.466001 0.386979 0.203295 0.110471 -0.034861 -0.184914 -0.379661 -0.474659 -0.616663 -0.692814 -0.765398 -0.861747 -0.921805 0.984457 0.958609 0.894936 0.610178 0.465168 0.415909 0.253328 0.045647 -0.158850 -0.316439 -0.481596 -0.606721 -0.749091 -0.876370 -0.941484 -0.962318 
40.515972 2218595.250000 88 88 88 0.549792 0.707551 0.734069 0.978410 0.959581 0.796238 0.492340 0.350477 0.186768 0.023905 -0.120217 -0.325586 -0.390849 -0.572293 -0.694435 -0.765754 -0.823855 -0.899260 -0.948755 0.981934 0.954837 0.815065 0.526154 0.391748 0.236087 0.091360 -0.043640 -0.251547 -0.348921 -0.517344 -0.644695 -0.721767 -0.781340 -0.862471 -0.939629 
42.680534 3630602.000000 88 86 86 0.704779 0.509698 0.682714 0.973608 0.950357 0.745947 0.441542 0.300338 0.176216 0.061091 -0.141916 -0.228602 -0.401725 -0.509355 -0.698003 -0.793675 -0.838284 -0.891179 -0.974171 0.979019 0.954280 0.774373 0.498337 0.308267 0.206875 -0.012330 -0.108080 -0.280447 -0.412503 -0.594331 -0.703024 -0.781862 -0.840107 -0.885756 -0.957857 
44.362106 4628743.000000 84 88 88 0.616709 0.568075 0.500210 0.969887 0.949313 0.696456 0.441144 0.317132 0.171544 0.073514 -0.148702 -0.262476 -0.418524 -0.526930 -0.614346 -0.740694 -0.850647 -0.886870 -0.964798 0.977977 0.955604 0.715560 0.431872 0.294224 0.176743 0.067203 -0.120575 -0.239558 -0.429550 -0.509628 -0.627542 -0.764248 -0.832885 -0.877066 -0.962892 
44.995045 3297350.250000 34 144 146 0.497102 0.338621 0.456518 0.968984 0.938770 0.802875 0.407467 0.279346 0.157003 0.001593 -0.143353 -0.262569 -0.433225 -0.498255 -0.606529 -0.742803 -0.817783 -0.878833 -0.960469 0.969330 0.951803 0.734759 0.432603 0.301341 0.184250 -0.048728 -0.135184 -0.231738 -0.432078 -0.493753 -0.608969 -0.753791 -0.838256 -0.872414 -0.975253 
41.272144 1339988.625000 146 96 60 0.474840 0.493635 0.765532 0.980855 0.949186 0.830188 0.473869 0.322559 0.153447 0.008813 -0.106166 -0.250832 -0.411265 -0.486962 -0.647137 -0.753830 -0.805049 -0.909089 -0.966230 0.974922 0.933838 0.838958 0.449895 0.299189 0.150347 0.036430 -0.111780 -0.247161 -0.425641 -0.454074 -0.641242 -0.742022 -0.802601 -0.870119 -0.969632 
53.108917 6076801.000000 106 44 44 0.525601 0.778455 0.970757 0.990202 0.985926 0.968189 0.838044 0.350331 0.295728 0.210597 0.138050 -0.035453 -0.243634 -0.394007 -0.479181 -0.672349 -0.795891 -0.854224 -0.950998 0.989545 0.984704 0.954169 0.745991 0.382902 0.287846 0.103839 -0.049163 -0.168164 -0.339653 -0.463631 -0.641435 -0.752999 -0.807087 -0.861643 -0.955250 
57.482834 4915739.500000 44 42 42 0.965844 0.991506 0.993804 0.990101 0.986599 0.972941 0.739634 0.415386 0.362679 0.245159 0.173361 0.077512 -0.083124 -0.362952 -0.414479 -0.616310 -0.793956 -0.848274 -0.943308 0.990319 0.986851 0.971908 0.768111 0.365912 0.295079 0.199659 0.132209 0.048177 -0.198826 -0.360747 -0.421021 -0.648990 -0.800528 -0.858494 -0.949806 
57.862965 4374850.500000 42 42 42 0.996065 0.991427 0.962599 0.989602 0.986009 0.970289 0.763686 0.511447 0.481798 0.250644 0.192367 0.120711 -0.152311 -0.393936 -0.412301 -0.673898 -0.819949 -0.865798 -0.945480 0.989820 0.986306 0.971850 0.704288 0.469385 0.418480 0.271512 0.207269 0.097180 -0.141731 -0.379307 -0.409990 -0.678124 -0.805927 -0.867567 -0.951593 
56.647392 2064042.500000 42 40 40 0.974390 0.985205 0.985331 0.988626 0.984907 0.957445 0.791447 0.679429 0.596211 0.294815 0.193781 0.118589 -0.071226 -0.381030 -0.430108 -0.597359 -0.788866 -0.869780 -0.947299 0.988978 0.985410 0.962395 0.764358 0.599156 0.536497 0.286049 0.194083 0.139385 -0.072769 -0.405113 -0.429023 -0.637639 -0.809134 -0.876902 -0.950587 
56.394215 939742.687500 40 40 40 0.992919 0.984513 0.991205 0.988689 0.984555 0.960827 0.848890 0.714328 0.661415 0.299949 0.208041 0.120278 -0.026465 -0.326999 -0.429338 -0.587252 -0.791043 -0.917127 -0.959960 0.988736 0.984732 0.959651 0.798988 0.715037 0.671061 0.318056 0.194724 0.135928 -0.016532 -0.359770 -0.419151 -0.613358 -0.781988 -0.909041 -0.956708 
56.408508 705803.750000 40 40 40 0.990651 0.992510 0.993838 0.988793 0.984897 0.961390 0.886110 0.754420 0.632054 0.331798 0.188911 0.049492 -0.036758 -0.283546 -0.400459 -0.648808 -0.839874 -0.910746 -0.965288 0.988650 0.984578 0.959516 0.867508 0.721584 0.652059 0.349483 0.203873 0.084794 -0.040865 -0.317525 -0.404367 -0.603077 -0.809117 -0.912024 -0.959708 
56.680397 543059.812500 40 40 40 0.993980 0.994668 0.994600 0.988903 0.985134 0.963824 0.906957 0.731473 0.661558 0.296856 0.173750 0.022075 -0.020212 -0.233943 -0.458838 -0.643856 -0.837766 -0.907531 -0.964510 0.988842 0.985009 0.962985 0.901748 0.757689 0.629749 0.325026 0.183102 0.025222 -0.030140 -0.263427 -0.392050 -0.662661 -0.850289 -0.909814 -0.959182 
56.715248 698938.375000 40 40 40 0.994434 0.996101 0.990890 0.989119 0.985410 0.965908 0.880835 0.706300 0.691216 0.309278 0.180198 0.081755 -0.034963 -0.323518 -0.552244 -0.630910 -0.844856 -0.935368 -0.951878 0.988915 0.985151 0.963651 0.905505 0.711107 0.684057 0.267204 0.171238 0.035452 -0.018404 -0.228200 -0.489639 -0.670568 -0.827362 -0.920139 -0.962416 
56.170979 1589286.000000 40 40 42 0.991161 0.975667 0.976233 0.989518 0.986255 0.967319 0.812924 0.703492 0.627539 0.321311 0.081339 0.014681 -0.287513 -0.551688 -0.603950 -0.743441 -0.833321 -0.884252 -0.920188 0.989312 0.985749 0.967100 0.834291 0.709542 0.683959 0.316414 0.155164 0.042114 -0.090721 -0.510164 -0.561431 -0.670712 -0.843355 -0.904311 -0.939356 
51.808273 5246236.000000 44 44 44 0.911280 0.917204 0.966494 0.989769 0.985218 0.932967 0.802157 0.648816 0.622932 0.210483 -0.042294 -0.343062 -0.510038 -0.611068 -0.711077 -0.773537 -0.850031 -0.896205 -0.975560 0.989495 0.986401 0.945796 0.822876 0.671948 0.621903 0.303152 0.047638 -0.061277 -0.426423 -0.577960 -0.672853 -0.770725 -0.838951 -0.885149 -0.939692 
51.974464 7233144.000000 44 44 44 0.954608 0.947891 0.863495 0.989768 0.985218 0.958859 0.784896 0.656576 0.501575 0.158760 -0.286267 -0.454198 -0.574613 -0.676096 -0.762394 -0.831498 -0.908019 -0.953567 -0.983992 0.989879 0.984831 0.951987 0.782189 0.646314 0.599708 0.173560 -0.127375 -0.441814 -0.528690 -0.643807 -0.735368 -0.820697 -0.879882 -0.945722 -0.973060 
49.532391 3198228.500000 44 40 42 0.871392 0.828322 0.668588 0.988394 0.984057 0.903935 0.694625 0.592724 0.339064 0.114308 -0.358959 -0.472115 -0.560386 -0.733538 -0.810270 -0.860493 -0.919365 -0.954605 -0.988441 0.988923 0.984599 0.947009 0.729961 0.635428 0.348710 0.164202 -0.339798 -0.462929 -0.573896 -0.677906 -0.761354 -0.848627 -0.926852 -0.955491 -0.989921 
51.097469 6270977.500000 40 40 42 0.735705 0.732129 0.905451 0.987440 0.981149 0.801769 0.652741 0.559088 0.337815 -0.011378 -0.354578 -0.424444 -0.587797 -0.695119 -0.796024 -0.854772 -0.914118 -0.949622 -0.977507 0.987263 0.981453 0.862363 0.647268 0.593571 0.376344 0.116704 -0.335616 -0.440247 -0.585147 -0.694460 -0.794262 -0.862577 -0.926730 -0.958445 -0.988198 
57.521626 9501070.000000 42 42 40 0.929641 0.795055 0.663359 0.985843 0.960305 0.771869 0.638912 0.508903 0.222581 -0.078522 -0.291647 -0.468633 -0.617074 -0.683565 -0.734795 -0.768544 -0.861843 -0.923505 -0.989773 0.988449 0.978943 0.726037 0.618761 0.519003 0.265333 -0.043052 -0.320058 -0.477450 -0.618120 -0.674461 -0.727540 -0.786676 -0.891705 -0.961142 -0.985517 
42.440815 575527.937500 42 38 84 0.657800 0.774948 0.680554 0.987369 0.978568 0.866866 0.688839 0.595940 0.330104 0.016748 -0.264319 -0.509224 -0.630049 -0.693496 -0.739313 -0.781701 -0.893823 -0.949997 -0.987523 0.986437 0.969244 0.819412 0.679123 0.539472 0.310617 0.063943 -0.200729 -0.445785 -0.582768 -0.670194 -0.728754 -0.788192 -0.887096 -0.961861 -0.983641 
42.671555 16280379.000000 42 46 58 0.672999 0.508394 0.464652 0.948810 0.932118 0.802974 0.555348 0.470571 0.288441 0.184473 -0.069614 -0.195806 -0.333835 -0.438977 -0.584049 -0.740844 -0.797539 -0.929029 -0.972998 0.982811 0.962308 0.825888 0.612407 0.412569 0.242366 0.090946 -0.051653 -0.236006 -0.430505 -0.639507 -0.718849 -0.788292 -0.889671 -0.947680 -0.979198 
48.510483 19852080.000000 58 44 48 0.364253 0.494027 0.740060 0.986986 0.969319 0.936450 0.743800 0.613767 0.433452 0.210066 0.078364 -0.144379 -0.283493 -0.435252 -0.587323 -0.738260 -0.828084 -0.937948 -0.978396 0.969201 0.937972 0.757476 0.584680 0.481758 0.238352 0.116748 -0.085332 -0.234442 -0.382274 -0.456700 -0.641821 -0.738827 -0.820165 -0.934708 -0.973928 
52.406143 7562851.000000 48 50 54 0.501028 0.902793 0.831785 0.988046 0.966619 0.935046 0.824732 0.651576 0.568044 0.274964 0.211605 -0.026589 -0.165756 -0.463110 -0.641930 -0.719677 -0.806969 -0.937980 -0.971839 0.983957 0.963655 0.937892 0.791570 0.621887 0.551584 0.238853 0.178596 -0.063077 -0.165370 -0.387531 -0.555729 -0.715898 -0.796371 -0.930353 -0.979194 
41.592426 1572045.750000 52 58 50 0.866321 0.738516 0.607858 0.990486 0.976167 0.898132 0.736485 0.616919 0.405250 0.170513 0.080713 -0.186140 -0.300393 -0.493858 -0.667083 -0.743512 -0.851923 -0.948497 -0.981803 0.991794 0.978228 0.926555 0.804789 0.652599 0.473752 0.229329 0.088421 -0.167326 -0.233192 -0.475367 -0.662269 -0.733730 -0.806365 -0.950003 -0.973380 
33.715271 1257689.625000 50 20 28 0.742730 0.366849 0.610342 0.979236 0.949141 0.841362 0.632407 0.582626 0.364448 0.234614 0.079206 -0.049710 -0.297245 -0.434816 -0.648756 -0.740619 -0.836261 -0.932439 -0.979551 0.986821 0.966029 0.861118 0.656735 0.566826 0.408970 0.185310 0.086794 -0.120723 -0.327819 -0.441795 -0.633374 -0.745834 -0.830293 -0.929779 -0.978355 
28.864613 360265.718750 28 114 96 0.677206 0.365429 0.414384 0.974469 0.935519 0.812921 0.635644 0.561590 0.369024 0.225280 0.055525 -0.070151 -0.342129 -0.499234 -0.611193 -0.702438 -0.821328 -0.945015 -0.977946 0.972273 0.946205 0.802953 0.642145 0.560306 0.392654 0.205730 0.068089 -0.126955 -0.353058 -0.474989 -0.635907 -0.726275 -0.815076 -0.926641 -0.983866 
20.901377 35394.179688 102 94 94 0.399295 0.539361 0.761959 0.984506 0.964442 0.919739 0.690824 0.626202 0.499774 0.242870 0.048732 -0.137755 -0.311648 -0.479319 -0.650005 -0.733573 -0.815899 -0.954150 -0.985900 0.984938 0.957022 0.884182 0.676229 0.631986 0.452868 0.241993 0.057640 -0.122153 -0.328685 -0.476842 -0.629639 -0.716120 -0.826707 -0.962506 -0.983201 
18.485172 18228.466797 94 120 90 0.723410 0.494688 0.473527 0.984265 0.963941 0.910356 0.715426 0.618780 0.536028 0.332468 0.096773 -0.126901 -0.293324 -0.441904 -0.668129 -0.742181 -0.861718 -0.948662 -0.983542 0.981879 0.963093 0.901884 0.689650 0.624361 0.534924 0.339886 0.027731 -0.142840 -0.220247 -0.486842 -0.680389 -0.724773 -0.833702 -0.962902 -0.980345 
35.754246 4865704.000000 84 126 50 0.575360 0.374598 0.415973 0.964949 0.938581 0.805367 0.746992 0.508581 0.394343 0.272035 0.122304 -0.116514 -0.267638 -0.474520 -0.579388 -0.721946 -0.777716 -0.927381 -0.984557 0.986230 0.951130 0.847436 0.730121 0.494144 0.401215 0.283742 0.065930 -0.131088 -0.294301 -0.470184 -0.588802 -0.707660 -0.775655 -0.915978 -0.985244 
34.165802 1506489.375000 48 36 54 0.392834 0.328987 0.536004 0.968328 0.908973 0.767221 0.683730 0.498715 0.386400 0.288132 0.121953 -0.057629 -0.287964 -0.453397 -0.562932 -0.681840 -0.784092 -0.964361 -0.988989 0.968416 0.946092 0.816701 0.738322 0.561437 0.382714 0.229787 0.089349 -0.049927 -0.248159 -0.516330 -0.598945 -0.725352 -0.824026 -0.960985 -0.991056 
37.729649 2632053.000000 26 30 26 0.529573 0.425906 0.688621 0.948693 0.877835 0.760079 0.657484 0.570462 0.391358 0.308424 0.181553 -0.027639 -0.254835 -0.476177 -0.541529 -0.670292 -0.811140 -0.944253 -0.990635 0.959013 0.868547 0.777130 0.704663 0.554369 0.428492 0.279278 0.148994 -0.028238 -0.275259 -0.441207 -0.530886 -0.693706 -0.809145 -0.949967 -0.992364 
35.420933 590829.750000 26 92 26 0.532824 0.568718 0.358159 0.969707 0.862627 0.773078 0.718270 0.641597 0.507255 0.324345 0.181106 0.056089 -0.121870 -0.451482 -0.531250 -0.684026 -0.778927 -0.927604 -0.981960 0.967678 0.888313 0.753582 0.702444 0.582648 0.422832 0.304844 0.151054 0.008882 -0.213899 -0.478305 -0.562467 -0.695650 -0.766814 -0.935286 -0.990430 
48.403069 482519.093750 74 42 50 0.405037 0.623957 0.922089 0.988837 0.973524 0.943684 0.884873 0.696195 0.651331 0.545636 0.411464 0.158349 0.003527 -0.346213 -0.496471 -0.625299 -0.758165 -0.923460 -0.974375 0.986240 0.965795 0.929164 0.786016 0.725144 0.656701 0.412908 0.254825 0.108496 -0.065141 -0.419212 -0.523871 -0.627810 -0.781260 -0.912827 -0.981225 
48.832264 5132025.500000 50 56 56 0.927186 0.851120 0.243798 0.988655 0.975310 0.933207 0.689879 0.515428 0.408138 0.304487 0.160014 0.024565 -0.243215 -0.494145 -0.567515 -0.681084 -0.813214 -0.930963 -0.980108 0.989629 0.974927 0.954948 0.842132 0.667513 0.606431 0.451916 0.337500 0.160414 -0.034608 -0.382739 -0.523234 -0.643219 -0.778333 -0.906976 -0.978971 
49.197315 34856496.000000 160 48 112 0.474487 0.554213 0.456383 0.978578 0.944688 0.704229 0.507361 0.307532 0.207073 0.118849 -0.059361 -0.189799 -0.310739 -0.505993 -0.619725 -0.713448 -0.832333 -0.931846 -0.980792 0.984295 0.949339 0.743539 0.593455 0.348695 0.285233 0.223983 0.040568 -0.093860 -0.320510 -0.502421 -0.664454 -0.726346 -0.836786 -0.923052 -0.966182 
53.204502 19572240.000000 110 230 230 0.538992 0.600436 0.626567 0.976372 0.934824 0.728550 0.553212 0.310909 0.164650 -0.050582 -0.284322 -0.412832 -0.500242 -0.602039 -0.705545 -0.777960 -0.862904 -0.921494 -0.970692 0.977541 0.942739 0.708153 0.549378 0.281360 0.136521 0.017133 -0.143837 -0.258098 -0.411003 -0.482200 -0.626706 -0.745840 -0.868724 -0.922968 -0.975242 
55.483967 12978456.000000 54 88 48 0.605317 0.556965 0.586019 0.980825 0.939371 0.767310 0.601317 0.343715 0.140256 -0.070670 -0.310043 -0.440101 -0.544982 -0.665587 -0.739005 -0.831627 -0.876936 -0.918132 -0.967237 0.973821 0.917428 0.737412 0.602597 0.333297 0.166816 -0.069113 -0.248976 -0.453646 -0.543714 -0.638398 -0.714699 -0.789961 -0.873960 -0.920780 -0.975596 
54.589420 8315389.000000 92 88 58 0.764127 0.584420 0.629150 0.976427 0.928163 0.793155 0.621113 0.369784 0.160161 -0.056232 -0.251186 -0.436243 -0.559013 -0.695546 -0.776217 -0.857306 -0.908597 -0.934354 -0.975313 0.983930 0.939370 0.783261 0.606278 0.350927 0.160476 -0.085953 -0.260138 -0.476295 -0.568563 -0.691738 -0.758907 -0.831763 -0.890818 -0.927148 -0.981682 
53.787956 5847108.000000 58 44 120 0.713504 0.478261 0.490815 0.981399 0.933785 0.786833 0.626565 0.370243 0.143028 -0.068414 -0.264160 -0.448025 -0.574681 -0.691653 -0.776358 -0.875117 -0.915447 -0.952504 -0.985274 0.977831 0.927912 0.791677 0.615083 0.364407 0.184907 -0.038668 -0.287862 -0.467412 -0.555322 -0.671340 -0.793258 -0.866962 -0.900914 -0.940925 -0.978887 
52.475452 4751042.500000 120 122 80 0.520963 0.455364 0.597359 0.980152 0.949177 0.804805 0.644217 0.375867 0.178200 -0.038833 -0.246238 -0.497965 -0.571081 -0.702611 -0.785604 -0.877501 -0.909695 -0.966169 -0.985761 0.978427 0.928152 0.794595 0.622196 0.375838 0.126434 -0.043826 -0.222010 -0.408082 -0.569513 -0.707762 -0.775043 -0.888174 -0.914777 -0.962075 -0.989538 
52.940411 6167412.000000 84 48 84 0.593349 0.461820 0.330378 0.977840 0.920792 0.796493 0.621467 0.369524 0.166469 -0.050468 -0.296648 -0.444406 -0.551501 -0.689395 -0.775073 -0.869130 -0.905312 -0.959774 -0.989637 0.975608 0.936667 0.799433 0.636959 0.377277 0.192159 -0.008467 -0.265026 -0.459093 -0.569459 -0.678469 -0.800993 -0.881510 -0.922615 -0.958825 -0.988151 
51.610241 4340185.000000 208 44 28 0.557610 0.621692 0.422972 0.980253 0.934406 0.817428 0.548923 0.366908 0.099174 0.055132 -0.113919 -0.450292 -0.498174 -0.645821 -0.763060 -0.878246 -0.917230 -0.961461 -0.981805 0.977227 0.926718 0.802171 0.598044 0.350044 0.116764 0.032767 -0.268555 -0.460689 -0.524562 -0.621198 -0.787698 -0.870368 -0.929111 -0.966358 -0.985890 
52.403637 26506538.000000 86 30 38 0.367073 0.327718 0.904465 0.984639 0.972152 0.941246 0.825394 0.547209 0.474794 0.264319 0.157068 0.088064 -0.328307 -0.519003 -0.572320 -0.800533 -0.883583 -0.942031 -0.970876 0.983754 0.974679 0.916730 0.688808 0.446119 0.292686 0.110816 0.006776 -0.362459 -0.472332 -0.614891 -0.763033 -0.835530 -0.905211 -0.944783 -0.971837 
56.830490 41326856.000000 38 38 40 0.837332 0.970447 0.972323 0.986009 0.963623 0.942964 0.841086 0.523621 0.450179 0.258438 0.143323 0.083953 -0.246089 -0.494867 -0.541460 -0.698184 -0.811179 -0.923359 -0.974841 0.986028 0.965363 0.943060 0.839715 0.544569 0.478604 0.263281 0.149621 0.080777 -0.270997 -0.510930 -0.535904 -0.758163 -0.841731 -0.920320 -0.966846 
55.535370 17623190.000000 40 42 48 0.988488 0.967102 0.870356 0.987283 0.972069 0.940834 0.835746 0.568021 0.484043 0.274992 0.118387 0.064543 -0.225697 -0.507841 -0.560913 -0.668630 -0.818556 -0.921086 -0.973649 0.985964 0.966636 0.937342 0.810101 0.554346 0.467562 0.263822 0.147136 0.057783 -0.193272 -0.504500 -0.553145 -0.640984 -0.764237 -0.891433 -0.979478 
46.873241 8075885.500000 46 50 46 0.930471 0.707066 0.573246 0.985151 0.967698 0.898018 0.669659 0.511730 0.391677 0.193720 0.093095 -0.225585 -0.458123 -0.566700 -0.680620 -0.844247 -0.899837 -0.942225 -0.984412 0.986395 0.970197 0.946567 0.857722 0.558215 0.473145 0.267229 0.134654 -0.031085 -0.403240 -0.555233 -0.635748 -0.809593 -0.896369 -0.923047 -0.985527 
46.639305 10569052.000000 48 44 82 0.711970 0.716118 0.536718 0.986683 0.971828 0.905355 0.653420 0.463556 0.339987 0.152116 -0.065037 -0.293125 -0.490856 -0.578944 -0.708172 -0.871585 -0.908528 -0.954344 -0.986372 0.984432 0.971255 0.840711 0.622236 0.484620 0.373432 0.189655 -0.002212 -0.243315 -0.490504 -0.611791 -0.685591 -0.875834 -0.916578 -0.957644 -0.983172 
50.922832 9799026.000000 36 154 40 0.391607 0.583606 0.747620 0.982672 0.962153 0.872801 0.566792 0.459625 0.307208 0.173540 -0.004790 -0.439959 -0.540670 -0.637441 -0.792796 -0.873200 -0.923439 -0.971508 -0.988660 0.980353 0.961203 0.904737 0.611105 0.436563 0.334020 0.174311 -0.005666 -0.450217 -0.551799 -0.616215 -0.765358 -0.859419 -0.922794 -0.965056 -0.986988 
48.124168 2523577.750000 42 48 52 0.709003 0.368736 0.787605 0.982708 0.945299 0.845869 0.570339 0.453391 0.264445 0.107119 -0.125744 -0.436325 -0.533594 -0.644206 -0.770113 -0.875513 -0.916017 -0.970936 -0.989804 0.984198 0.962216 0.864305 0.593093 0.473118 0.275403 0.133901 -0.101889 -0.414086 -0.553496 -0.682507 -0.787171 -0.875469 -0.909986 -0.962956 -0.987280 
49.938469 3532610.750000 52 46 174 0.723086 0.473573 0.474673 0.980973 0.956645 0.832914 0.631298 0.440865 0.170312 0.046567 -0.251213 -0.461328 -0.541333 -0.678030 -0.783582 -0.888676 -0.918754 -0.970453 -0.991210 0.983091 0.953396 0.829613 0.607402 0.464453 0.164213 0.045471 -0.234383 -0.424196 -0.517531 -0.661024 -0.800077 -0.870435 -0.923784 -0.969197 -0.995319 
41.877731 286647.593750 46 122 28 0.625281 0.479538 0.450278 0.980662 0.959489 0.859395 0.656208 0.564922 0.294340 0.102633 -0.157950 -0.401073 -0.538241 -0.655422 -0.777030 -0.875282 -0.910003 -0.959815 -0.984668 0.985046 0.946629 0.849022 0.651971 0.486799 0.173401 0.055119 -0.238129 -0.446972 -0.530876 -0.659738 -0.795393 -0.869432 -0.924651 -0.963666 -0.989751 
31.677591 672137.312500 108 42 44 0.543351 0.654605 0.444107 0.971723 0.952150 0.885699 0.643831 0.417544 0.257539 0.132888 -0.043602 -0.259755 -0.429673 -0.560253 -0.658894 -0.729672 -0.872989 -0.939387 -0.989407 0.975170 0.957244 0.904935 0.650894 0.545175 0.401010 0.177945 -0.033255 -0.366183 -0.523171 -0.646597 -0.756388 -0.874660 -0.918133 -0.954093 -0.977034 
48.609409 8288535.500000 174 68 70 0.591069 0.509899 0.402113 0.964600 0.949406 0.892036 0.598754 0.328984 0.230110 -0.009777 -0.178389 -0.422704 -0.470365 -0.603051 -0.647236 -0.725834 -0.848352 -0.918769 -0.980375 0.963490 0.938210 0.838495 0.503396 0.325255 0.226902 0.031100 -0.160714 -0.383743 -0.479934 -0.597359 -0.658297 -0.740112 -0.845855 -0.920359 -0.973410 
50.763031 20494110.000000 24 124 64 0.506957 0.549431 0.941107 0.984373 0.969885 0.940785 0.813301 0.496020 0.415080 0.197212 0.121113 0.000012 -0.289115 -0.409382 -0.549236 -0.630821 -0.775728 -0.887584 -0.970551 0.989222 0.965651 0.934588 0.745855 0.433505 0.289963 0.112363 -0.106400 -0.339578 -0.414628 -0.520875 -0.613868 -0.726725 -0.780740 -0.911283 -0.983512 
54.634056 11247030.000000 64 68 70 0.928222 0.965367 0.986967 0.983283 0.966824 0.948431 0.834183 0.549093 0.466913 0.257367 0.155878 0.064887 -0.160281 -0.345173 -0.472420 -0.596024 -0.684292 -0.893969 -0.975218 0.983537 0.968804 0.944476 0.796786 0.521238 0.436100 0.212148 0.138339 0.030713 -0.243403 -0.381257 -0.511828 -0.629593 -0.710914 -0.867278 -0.957111 
54.875298 5222755.500000 70 70 70 0.979815 0.985108 0.973380 0.984375 0.967769 0.952938 0.871364 0.570407 0.486079 0.262553 0.173737 0.079013 -0.123566 -0.324127 -0.470499 -0.588520 -0.651472 -0.849911 -0.970473 0.982159 0.965928 0.948916 0.856229 0.557497 0.472782 0.262299 0.163112 0.084067 -0.159823 -0.337920 -0.496774 -0.597857 -0.679126 -0.872605 -0.978443 
51.635193 2076648.375000 70 72 76 0.981262 0.973587 0.822153 0.988116 0.972317 0.953551 0.853447 0.600826 0.532662 0.237805 0.169043 0.018848 -0.163310 -0.307319 -0.452123 -0.540923 -0.664976 -0.864659 -0.970727 0.986007 0.968707 0.954648 0.850981 0.586723 0.497458 0.267366 0.178120 0.081687 -0.100263 -0.321937 -0.449598 -0.555015 -0.659321 -0.858574 -0.959902 
46.788982 332306.718750 76 76 80 0.855648 0.907505 0.851017 0.991336 0.978289 0.954420 0.912235 0.627585 0.526457 0.357389 0.185718 0.074094 -0.183202 -0.378250 -0.490896 -0.588344 -0.771631 -0.930950 -0.974786 0.990636 0.977613 0.952180 0.900668 0.609052 0.555379 0.325607 0.173277 0.020807 -0.188692 -0.342101 -0.468149 -0.555919 -0.728598 -0.917655 -0.976306 
41.565002 96888.085938 80 80 80 0.853727 0.654112 0.657143 0.995509 0.985056 0.957561 0.887641 0.573609 0.550187 0.304485 0.168106 0.100915 -0.158847 -0.382805 -0.546539 -0.682455 -0.819123 -0.920455 -0.981855 0.993851 0.979132 0.955410 0.908670 0.588270 0.548119 0.308857 0.183356 0.039295 -0.205612 -0.362124 -0.507156 -0.656832 -0.802267 -0.925959 -0.972720 
34.043678 37759.082031 82 86 58 0.671158 0.640230 0.721920 0.992351 0.968557 0.938690 0.888946 0.580436 0.509916 0.267427 0.166882 0.016690 -0.235430 -0.368305 -0.541093 -0.669681 -0.831628 -0.933234 -0.978482 0.994558 0.981626 0.938921 0.899097 0.612886 0.547143 0.289107 0.155109 0.081693 -0.202717 -0.338202 -0.579476 -0.661524 -0.822742 -0.915951 -0.968831 
25.883276 13226.279297 54 174 174 0.517058 0.622010 0.568201 0.990678 0.975392 0.944791 0.858360 0.614606 0.535896 0.319171 0.169614 -0.123899 -0.259980 -0.425838 -0.558384 -0.683466 -0.837084 -0.907934 -0.984265 0.987960 0.968440 0.943154 0.856108 0.594790 0.530908 0.280549 0.154801 -0.021544 -0.267379 -0.368678 -0.554841 -0.677026 -0.805477 -0.935006 -0.985705 
51.034370 20604758.000000 76 130 48 0.712393 0.391965 0.514716 0.968000 0.939181 0.811700 0.548196 0.300656 0.177547 0.019758 -0.230074 -0.379746 -0.471128 -0.617567 -0.688800 -0.778813 -0.833487 -0.913853 -0.968507 0.974427 0.942589 0.838624 0.593276 0.428784 0.296507 0.075737 -0.162784 -0.301072 -0.488925 -0.599196 -0.654602 -0.746605 -0.809785 -0.925406 -0.958409 
43.552032 1259474.250000 48 44 54 0.301707 0.515127 0.812130 0.981531 0.975879 0.915966 0.619683 0.404831 0.191498 0.133140 -0.105424 -0.392752 -0.438306 -0.554397 -0.676544 -0.769293 -0.822097 -0.899714 -0.956075 0.976973 0.961581 0.888786 0.624041 0.232206 0.172047 0.077803 -0.168086 -0.348815 -0.432067 -0.572887 -0.677715 -0.777271 -0.831472 -0.887955 -0.967261 
31.778324 213251.125000 28 26 28 0.633318 0.628042 0.702425 0.975611 0.966239 0.920519 0.733921 0.517256 0.321213 0.145105 0.077196 -0.260583 -0.383414 -0.541946 -0.648476 -0.761665 -0.821363 -0.915601 -0.963218 0.978800 0.969596 0.945151 0.662393 0.494190 0.244569 0.142593 -0.034513 -0.327222 -0.413737 -0.552556 -0.669182 -0.785987 -0.828106 -0.880203 -0.970967 
32.059990 176242.656250 26 24 26 0.606043 0.411227 0.926960 0.974459 0.968645 0.949418 0.739091 0.463994 0.441736 0.160828 0.112694 -0.190984 -0.397297 -0.485247 -0.644785 -0.720174 -0.795093 -0.896798 -0.956810 0.975420 0.967931 0.923259 0.597007 0.463711 0.391390 0.139169 0.100646 -0.164772 -0.376262 -0.461688 -0.620185 -0.731662 -0.819484 -0.880293 -0.951395 
40.301441 117232.484375 26 26 26 0.919491 0.921914 0.799728 0.977625 0.971840 0.960628 0.921393 0.483366 0.451688 0.256774 0.135418 -0.130121 -0.408337 -0.475836 -0.633914 -0.717377 -0.790176 -0.871892 -0.939497 0.977839 0.971365 0.960322 0.903108 0.462624 0.429964 0.160354 0.107331 -0.246096 -0.418476 -0.530832 -0.649001 -0.728256 -0.813022 -0.883333 -0.940343 
44.078747 96517.101562 26 26 26 0.901434 0.822598 0.725818 0.979074 0.971531 0.959644 0.942627 0.528065 0.422038 0.327470 0.154766 0.035401 -0.297423 -0.416516 -0.602514 -0.730568 -0.800168 -0.852640 -0.934665 0.979040 0.971115 0.961617 0.940430 0.532921 0.458826 0.347095 0.109593 -0.054268 -0.368560 -0.440059 -0.627518 -0.714126 -0.805930 -0.849931 -0.940593 
47.189487 2263725.500000 28 28 52 0.526870 0.831836 0.824453 0.985849 0.968519 0.946579 0.755781 0.443327 0.394530 0.259930 0.181188 0.086556 -0.064574 -0.266542 -0.336363 -0.620353 -0.696490 -0.768230 -0.925207 0.978076 0.970412 0.955672 0.734781 0.444900 0.389474 0.233477 0.187802 0.013442 -0.109735 -0.314602 -0.413160 -0.651927 -0.709385 -0.769498 -0.913873 
54.637794 4585395.000000 52 64 66 0.592848 0.945989 0.969774 0.987041 0.968581 0.940970 0.886496 0.563238 0.452311 0.355402 0.246417 0.136403 -0.075398 -0.183550 -0.318430 -0.611941 -0.668609 -0.788909 -0.929593 0.986141 0.969160 0.949081 0.887347 0.496932 0.416731 0.320922 0.208739 0.114223 -0.065277 -0.225533 -0.345473 -0.611211 -0.670318 -0.783571 -0.921848 
53.775528 841088.687500 66 66 68 0.971292 0.946735 0.770196 0.989855 0.974971 0.942488 0.899809 0.727474 0.632695 0.400793 0.306273 0.152340 -0.147016 -0.184067 -0.430563 -0.643176 -0.716780 -0.871183 -0.963707 0.988177 0.969690 0.939927 0.881848 0.663703 0.583929 0.365765 0.286327 0.176876 -0.074999 -0.171094 -0.332000 -0.621063 -0.666388 -0.836119 -0.950710 
52.024380 477764.031250 68 66 66 0.763275 0.987821 0.984540 0.991828 0.983407 0.949481 0.858290 0.818071 0.585558 0.437806 0.287365 -0.035690 -0.133391 -0.176100 -0.347291 -0.589435 -0.775200 -0.880281 -0.971518 0.992273 0.983503 0.958061 0.861308 0.801347 0.567796 0.437398 0.244396 0.011251 -0.138713 -0.179932 -0.364349 -0.635268 -0.767028 -0.884476 -0.966927 
52.804733 979976.625000 66 66 66 0.988732 0.977460 0.969374 0.990424 0.981598 0.926040 0.868686 0.779625 0.624388 0.452232 0.200863 0.030842 -0.099415 -0.167389 -0.349661 -0.585884 -0.772797 -0.848836 -0.958152 0.990909 0.982517 0.937674 0.861458 0.797266 0.605407 0.442277 0.264046 0.035310 -0.111123 -0.169312 -0.313757 -0.607580 -0.762247 -0.870066 -0.965370 
51.834942 824093.625000 66 66 66 0.966432 0.963139 0.951014 0.990483 0.980899 0.916885 0.875702 0.790694 0.655482 0.456036 0.094306 0.016165 -0.083906 -0.186316 -0.362913 -0.583917 -0.750687 -0.838024 -0.958672 0.990812 0.981461 0.921718 0.874466 0.790015 0.634212 0.445835 0.128913 0.007973 -0.084632 -0.173083 -0.390190 -0.597121 -0.761981 -0.844584 -0.956928 
54.245106 2542163.000000 66 66 66 0.945803 0.909811 0.926191 0.982355 0.969837 0.929505 0.880703 0.795377 0.628888 0.447321 0.152470 0.046717 -0.071941 -0.174430 -0.363516 -0.602524 -0.764120 -0.855717 -0.963595 0.990415 0.979801 0.909989 0.873555 0.772687 0.653149 0.451235 0.087963 0.028959 -0.096952 -0.188018 -0.383856 -0.575628 -0.752148 -0.846029 -0.961235 
56.933666 2563640.500000 66 64 64 0.911378 0.968208 0.944641 0.980224 0.962823 0.919917 0.886979 0.786514 0.657254 0.528321 0.213883 0.066237 -0.009401 -0.147655 -0.302215 -0.637146 -0.786445 -0.858584 -0.970234 0.981159 0.965733 0.923709 0.887791 0.796840 0.631871 0.477825 0.212306 0.061959 -0.030866 -0.170972 -0.297478 -0.595640 -0.783440 -0.839710 -0.958970 
56.879517 1372738.125000 64 66 66 0.965619 0.971493 0.988422 0.980700 0.963025 0.923696 0.886494 0.814415 0.690547 0.612396 0.237153 0.079323 0.023058 -0.131604 -0.334479 -0.632513 -0.790393 -0.885507 -0.972912 0.980299 0.962684 0.920987 0.886543 0.789803 0.673157 0.587709 0.225839 0.070319 0.011659 -0.134830 -0.344356 -0.641032 -0.792984 -0.869785 -0.972030 
56.631531 863966.437500 66 66 66 0.990025 0.986641 0.967608 0.981415 0.963790 0.928947 0.890765 0.836556 0.756270 0.587775 0.195142 0.086210 0.015768 -0.166688 -0.423957 -0.637181 -0.790336 -0.893054 -0.974389 0.980969 0.964123 0.926182 0.889447 0.825886 0.724386 0.581354 0.196802 0.085450 0.011285 -0.161414 -0.416090 -0.635488 -0.794592 -0.899267 -0.974938 
56.128281 508650.625000 66 68 68 0.959652 0.929121 0.967546 0.982822 0.966003 0.934795 0.895548 0.842884 0.787796 0.575709 0.208417 0.103532 0.048380 -0.172440 -0.455503 -0.641959 -0.804122 -0.900205 -0.976890 0.981884 0.963652 0.930788 0.889292 0.841009 0.783004 0.603894 0.224847 0.089795 0.048304 -0.153967 -0.445197 -0.640974 -0.796688 -0.898378 -0.976762 
55.983543 431271.750000 68 68 66 0.963827 0.938850 0.983982 0.983598 0.968817 0.935404 0.902828 0.852322 0.763260 0.636307 0.218498 0.097809 0.029739 -0.252297 -0.471220 -0.660150 -0.808025 -0.908221 -0.975513 0.983449 0.968036 0.936637 0.905792 0.847879 0.753721 0.625978 0.214589 0.108816 0.037271 -0.256232 -0.444372 -0.649560 -0.803606 -0.904182 -0.976381 
56.380672 514045.093750 66 66 66 0.983091 0.970465 0.952569 0.983394 0.966410 0.935736 0.876914 0.838525 0.756198 0.676654 0.393882 0.100903 0.049461 -0.247046 -0.465368 -0.660245 -0.793236 -0.908757 -0.976550 0.983555 0.968174 0.935227 0.893065 0.848634 0.775213 0.655951 0.242791 0.095324 0.032414 -0.267671 -0.459678 -0.659462 -0.813870 -0.908629 -0.974871 
56.823746 1276184.750000 66 68 68 0.948987 0.958238 0.936304 0.980312 0.959979 0.929498 0.853061 0.770795 0.694098 0.604156 0.473560 0.171261 0.081148 0.002020 -0.400586 -0.617964 -0.786923 -0.898408 -0.974063 0.981965 0.963682 0.932113 0.862138 0.815788 0.707978 0.655196 0.491325 0.110567 0.068209 -0.210431 -0.468459 -0.661284 -0.801251 -0.905814 -0.976506 
57.284546 13063514.000000 68 68 68 0.977125 0.972050 0.971883 0.977553 0.944433 0.915374 0.817776 0.692579 0.590134 0.383723 0.323730 0.152867 0.009629 -0.059873 -0.451778 -0.630127 -0.669747 -0.740842 -0.933984 0.978859 0.952359 0.923128 0.837115 0.724912 0.642025 0.478934 0.392061 0.216535 0.052431 -0.007192 -0.448615 -0.603715 -0.648198 -0.872412 -0.964257 
57.066833 25788616.000000 68 68 68 0.962794 0.956394 0.953934 0.975273 0.934911 0.903333 0.809679 0.687122 0.556116 0.319140 0.250904 0.104638 -0.055184 -0.184068 -0.356918 -0.651185 -0.738264 -0.793697 -0.846982 0.976223 0.938605 0.906559 0.812340 0.684938 0.554839 0.336545 0.269700 0.122602 -0.032646 -0.138278 -0.461687 -0.648004 -0.713508 -0.760368 -0.922497 
55.898872 23487138.000000 68 68 68 0.952136 0.978113 0.989821 0.976691 0.931908 0.898494 0.812493 0.686961 0.579096 0.318201 0.216897 0.099215 -0.058303 -0.260216 -0.361367 -0.638384 -0.774274 -0.842057 -0.867836 0.976400 0.933673 0.899810 0.809092 0.680266 0.574669 0.310469 0.232630 0.093695 -0.075347 -0.222647 -0.351162 -0.660632 -0.764494 -0.830073 -0.857300 
54.781857 16068549.000000 68 68 68 0.988492 0.963728 0.914273 0.980030 0.938616 0.902104 0.831734 0.706505 0.611361 0.277290 0.159153 0.064361 -0.084180 -0.294463 -0.374261 -0.568853 -0.726232 -0.856465 -0.876680 0.978010 0.933525 0.900505 0.819280 0.691353 0.598162 0.303267 0.187153 0.067768 -0.082009 -0.267805 -0.362146 -0.589152 -0.747240 -0.852257 -0.870329 
54.186394 10969416.000000 66 66 66 0.946182 0.955188 0.950434 0.980379 0.943218 0.899806 0.837954 0.741690 0.651364 0.308843 0.114997 0.048450 -0.079742 -0.311157 -0.377992 -0.533360 -0.706246 -0.846414 -0.875617 0.980288 0.940387 0.900080 0.823240 0.718652 0.626232 0.304936 0.156210 0.056816 -0.071849 -0.301008 -0.373547 -0.551911 -0.716198 -0.839009 -0.873787 
54.496998 5390888.000000 66 66 66 0.965220 0.974799 0.980633 0.980704 0.946883 0.906723 0.854874 0.789939 0.688092 0.356549 0.101132 0.017002 -0.110549 -0.299026 -0.350982 -0.462802 -0.760592 -0.843262 -0.915169 0.980215 0.943906 0.901157 0.849247 0.766181 0.664132 0.346241 0.102914 0.037783 -0.095879 -0.300308 -0.361191 -0.487205 -0.721994 -0.848480 -0.889464 
54.242435 2051974.625000 66 66 66 0.966102 0.933568 0.905020 0.980202 0.952723 0.907640 0.872212 0.820236 0.715353 0.455774 0.091202 -0.003239 -0.118964 -0.254620 -0.358790 -0.412737 -0.768795 -0.862719 -0.944830 0.981073 0.949978 0.909076 0.866294 0.815897 0.699404 0.364839 0.111193 -0.000028 -0.114498 -0.287815 -0.359126 -0.424747 -0.745822 -0.849456 -0.919372 
53.701790 987630.062500 66 64 64 0.874123 0.939755 0.966683 0.979556 0.959017 0.920385 0.885672 0.831874 0.724359 0.529058 0.086065 -0.048618 -0.126012 -0.253762 -0.331050 -0.428843 -0.757940 -0.872486 -0.961475 0.978119 0.955792 0.912968 0.884056 0.828417 0.695062 0.495693 0.105226 -0.003333 -0.116980 -0.248058 -0.332888 -0.411745 -0.753973 -0.868468 -0.959276 
53.589115 1164901.625000 64 64 64 0.959131 0.962165 0.963129 0.980777 0.963276 0.920786 0.878360 0.825077 0.758975 0.495381 0.019133 -0.072177 -0.143021 -0.244138 -0.355311 -0.444222 -0.769613 -0.870667 -0.949999 0.979937 0.962075 0.920128 0.882581 0.835666 0.760881 0.488600 0.036423 -0.066270 -0.131183 -0.253159 -0.327108 -0.426080 -0.781532 -0.867712 -0.959898 
53.251568 1468170.375000 64 66 66 0.958882 0.938335 0.960875 0.983520 0.963352 0.926466 0.885569 0.795430 0.730685 0.412081 0.021363 -0.031623 -0.153523 -0.215243 -0.344702 -0.445972 -0.756191 -0.893599 -0.932828 0.981269 0.962409 0.923684 0.876330 0.814238 0.751847 0.414613 0.019248 -0.059097 -0.162023 -0.238429 -0.340097 -0.437531 -0.777842 -0.875291 -0.936711 
50.252956 434628.593750 66 68 68 0.966982 0.884145 0.772488 0.991901 0.969922 0.929858 0.886789 0.805532 0.731299 0.474848 0.045473 -0.016629 -0.143036 -0.297515 -0.359762 -0.502469 -0.799726 -0.909643 -0.961150 0.987680 0.961634 0.931060 0.895180 0.789700 0.737839 0.418635 0.035172 -0.026128 -0.139225 -0.243463 -0.343228 -0.447562 -0.772466 -0.904998 -0.942743 
44.346588 4947062.500000 68 68 68 0.794419 0.641032 0.622966 0.991939 0.957163 0.896888 0.807426 0.673993 0.446409 0.006741 -0.066899 -0.300182 -0.402523 -0.539161 -0.649067 -0.789934 -0.854689 -0.939554 -0.966775 0.990518 0.969467 0.922076 0.861131 0.788468 0.659530 0.305366 0.005292 -0.075765 -0.280893 -0.408322 -0.680572 -0.767973 -0.847569 -0.932993 -0.970616 
36.958645 2460038.750000 68 68 50 0.679815 0.585269 0.468406 0.973813 0.922954 0.873270 0.776400 0.679957 0.342362 0.080742 -0.136362 -0.324878 -0.503405 -0.607006 -0.719902 -0.778398 -0.857945 -0.936080 -0.982518 0.984308 0.954560 0.895615 0.803517 0.725021 0.566747 0.059356 -0.041960 -0.290270 -0.408836 -0.530935 -0.635330 -0.776638 -0.837574 -0.919411 -0.971532 
49.076454 11241152.000000 52 66 78 0.643693 0.489352 0.554205 0.964267 0.922432 0.862710 0.676475 0.511439 0.279965 0.066600 -0.035035 -0.351281 -0.456572 -0.641938 -0.713168 -0.796545 -0.852560 -0.910337 -0.977283 0.958470 0.908366 0.863627 0.717989 0.511430 0.212803 0.033143 -0.139054 -0.360262 -0.550097 -0.645404 -0.738635 -0.777733 -0.850853 -0.922809 -0.969400 
44.938499 3861868.250000 78 82 64 0.416586 0.392511 0.561747 0.967092 0.909652 0.840990 0.594761 0.455335 0.276444 0.051148 -0.002574 -0.369373 -0.435833 -0.583299 -0.688238 -0.801725 -0.846146 -0.905418 -0.963062 0.964605 0.896990 0.859958 0.560460 0.467303 0.207207 0.035283 -0.061420 -0.362308 -0.438677 -0.645032 -0.693898 -0.800322 -0.859516 -0.919665 -0.981262 
35.532326 667264.875000 64 66 64 0.715730 0.700889 0.782865 0.990716 0.953177 0.874666 0.754687 0.445951 0.373295 0.084239 0.041799 -0.179470 -0.385408 -0.537266 -0.656133 -0.764548 -0.839743 -0.904057 -0.959734 0.964973 0.928766 0.851149 0.648743 0.446840 0.365645 0.069509 0.012176 -0.349795 -0.406234 -0.549286 -0.716955 -0.765071 -0.819532 -0.911745 -0.963635 
49.089691 5389727.000000 64 82 82 0.605193 0.551750 0.696516 0.984967 0.971684 0.957603 0.820143 0.425877 0.394113 0.250144 0.118460 0.026467 -0.166175 -0.354482 -0.413045 -0.649347 -0.811571 -0.894427 -0.973221 0.990559 0.973943 0.954096 0.827827 0.435001 0.396309 0.255390 0.108829 0.011780 -0.273960 -0.397028 -0.513426 -0.740866 -0.818735 -0.907371 -0.973501 
48.070370 1268606.875000 158 154 158 0.604184 0.697635 0.783187 0.984837 0.973835 0.965324 0.838623 0.416407 0.389094 0.245318 0.136000 0.056724 -0.195658 -0.347996 -0.533360 -0.741194 -0.819375 -0.925910 -0.982708 0.984360 0.973342 0.960993 0.813692 0.430302 0.397816 0.254057 0.133416 0.045235 -0.192876 -0.356614 -0.468495 -0.718817 -0.811754 -0.921261 -0.980107 
46.176338 889906.625000 84 34 168 0.468223 0.468545 0.460142 0.985622 0.977164 0.965733 0.719340 0.391210 0.362087 0.248471 0.162171 0.052496 -0.184615 -0.323808 -0.408629 -0.719216 -0.777781 -0.873110 -0.968746 0.987340 0.977673 0.965540 0.624101 0.395773 0.352295 0.239181 0.152228 0.027923 -0.185221 -0.323051 -0.424749 -0.700881 -0.775779 -0.875086 -0.961653 
43.964592 323455.000000 168 194 194 0.716219 0.803889 0.829659 0.988951 0.981218 0.964329 0.859880 0.401520 0.344848 0.282595 0.210169 0.106598 -0.041868 -0.320259 -0.356652 -0.699549 -0.784898 -0.859846 -0.958243 0.985979 0.977072 0.966314 0.826345 0.403420 0.350824 0.286609 0.182677 0.075658 -0.191205 -0.313603 -0.419183 -0.727306 -0.783358 -0.873329 -0.953150 
40.012493 85519.882812 172 172 86 0.685070 0.507736 0.728241 0.991476 0.985453 0.964315 0.870728 0.465198 0.303706 0.272391 0.213457 0.134312 -0.034600 -0.347722 -0.402263 -0.712310 -0.786950 -0.883004 -0.971979 0.990148 0.981927 0.961896 0.865086 0.471990 0.346947 0.306141 0.213514 0.143576 -0.064818 -0.337579 -0.370935 -0.710089 -0.794374 -0.870631 -0.959242 
35.810932 53832.761719 152 152 78 0.483594 0.671554 0.422734 0.993935 0.983362 0.947318 0.817494 0.494348 0.305874 0.262852 0.174516 0.122278 0.007752 -0.342695 -0.430851 -0.684720 -0.775157 -0.875683 -0.944349 0.994435 0.986504 0.960727 0.858274 0.468149 0.319540 0.271761 0.191148 0.130920 0.024106 -0.338489 -0.419541 -0.727394 -0.781985 -0.894929 -0.960694 
33.458263 32025.732422 62 72 74 0.556449 0.809219 0.837379 0.995691 0.988475 0.955028 0.856571 0.500869 0.356588 0.283984 0.178754 0.129830 -0.159305 -0.408372 -0.444999 -0.681486 -0.800678 -0.903089 -0.972991 0.995250 0.984856 0.944263 0.813856 0.563114 0.366410 0.286072 0.187612 0.129175 -0.234671 -0.389969 -0.462693 -0.691580 -0.801762 -0.859258 -0.952629 
30.833012 18955.128906 74 78 86 0.868827 0.738697 0.508499 0.995993 0.983196 0.935016 0.830576 0.618638 0.336109 0.262250 0.140328 0.069667 -0.105737 -0.376057 -0.471796 -0.656327 -0.824004 -0.930313 -0.970695 0.996012 0.989405 0.936387 0.853461 0.553867 0.338642 0.273676 0.179965 0.093185 -0.187337 -0.395369 -0.469776 -0.709351 -0.826841 -0.907081 -0.968807 
19.956942 9252.638672 88 86 84 0.398232 0.423907 0.643521 0.990703 0.973116 0.921418 0.814501 0.647203 0.429094 0.282407 0.140087 0.034540 -0.142210 -0.391874 -0.548781 -0.728867 -0.828365 -0.915323 -0.978261 0.989584 0.971931 0.922228 0.794567 0.578776 0.361613 0.263970 0.145900 0.050025 -0.125387 -0.365739 -0.480404 -0.727250 -0.824191 -0.930319 -0.986811 
17.560669 6375.756348 86 52 102 0.578156 0.560056 0.472905 0.990229 0.962730 0.922653 0.831739 0.630215 0.477136 0.326996 0.188788 0.001559 -0.253373 -0.424100 -0.582571 -0.729190 -0.807173 -0.903695 -0.981387 0.988223 0.964396 0.917539 0.786473 0.664827 0.467354 0.324404 0.202024 0.019374 -0.221295 -0.401749 -0.536280 -0.735616 -0.802745 -0.914161 -0.972260 
17.096876 5253.712402 102 118 58 0.463984 0.318243 0.336580 0.987519 0.971383 0.914150 0.835462 0.699952 0.470182 0.316216 0.170876 -0.014590 -0.279980 -0.414343 -0.620087 -0.720274 -0.852094 -0.927404 -0.971591 0.988662 0.963591 0.903995 0.823595 0.646798 0.499975 0.321509 0.175886 -0.049469 -0.239430 -0.413170 -0.584465 -0.712993 -0.825186 -0.913358 -0.971576 
15.237159 2002.384033 58 52 84 0.610397 0.339300 0.333812 0.982578 0.965316 0.920880 0.802392 0.638988 0.498802 0.357313 0.177737 -0.043832 -0.268969 -0.384030 -0.602244 -0.754640 -0.852906 -0.920219 -0.970423 0.989832 0.972444 0.915191 0.824915 0.675265 0.467603 0.331655 0.197718 -0.074137 -0.307049 -0.411134 -0.588041 -0.741882 -0.851356 -0.928747 -0.979294 
