33.466854 1973720.875000 20 82 74 0.000000 0.683476 0.469076 0.954007 0.941806 0.872881 0.709940 0.564525 0.362796 0.220297 0.065631 -0.065481 -0.267459 -0.409673 -0.563965 -0.678228 -0.806323 -0.904388 -0.963096 0.959948 0.940187 0.896307 0.736607 0.582638 0.394910 0.250701 0.093978 -0.021870 -0.178148 -0.404717 -0.558575 -0.685680 -0.764263 -0.897096 -0.967469 
46.146996 1184325.375000 72 54 60 0.534565 0.879972 0.969744 0.991770 0.980857 0.970228 0.790395 0.447452 0.389702 0.281860 0.142188 0.027712 -0.116790 -0.303113 -0.405650 -0.514726 -0.714126 -0.894700 -0.972776 0.990114 0.966462 0.931304 0.782478 0.612820 0.445069 0.262559 0.106571 -0.015842 -0.242630 -0.385579 -0.537170 -0.670238 -0.840158 -0.913558 -0.970855 
52.898956 6986109.000000 60 58 58 0.976969 0.985448 0.991434 0.990198 0.977833 0.967776 0.760442 0.412771 0.332999 0.243099 0.115494 -0.001110 -0.154327 -0.368192 -0.417072 -0.616116 -0.725317 -0.861210 -0.977036 0.990707 0.978298 0.968464 0.796439 0.431677 0.377749 0.281294 0.139231 0.017385 -0.124251 -0.355266 -0.409955 -0.626426 -0.743177 -0.899813 -0.977917 
53.822128 10531808.000000 58 58 60 0.992276 0.991119 0.902767 0.990132 0.978024 0.966100 0.768546 0.374959 0.284476 0.217760 0.074895 -0.024816 -0.210746 -0.385829 -0.442814 -0.587600 -0.728090 -0.843647 -0.976209 0.990381 0.977901 0.967097 0.754586 0.403693 0.306068 0.235021 0.112636 -0.018626 -0.144751 -0.342996 -0.424211 -0.581025 -0.696355 -0.854544 -0.978499 
55.698784 23018904.000000 60 58 58 0.892348 0.870950 0.930750 0.985866 0.975716 0.963334 0.690682 0.371152 0.325880 0.196672 0.097205 -0.044191 -0.194824 -0.355294 -0.430094 -0.564565 -0.723411 -0.832087 -0.985436 0.989511 0.979500 0.961714 0.666800 0.369908 0.314466 0.203490 0.076621 -0.051928 -0.211580 -0.381886 -0.447983 -0.578127 -0.751130 -0.825992 -0.983189 
60.453133 40239036.000000 58 56 56 0.941684 0.919548 0.990630 0.982003 0.973387 0.963306 0.759995 0.386018 0.330530 0.219035 0.138808 0.017338 -0.153633 -0.337963 -0.462507 -0.585242 -0.747667 -0.814217 -0.979251 0.981123 0.974276 0.961192 0.712565 0.372763 0.327261 0.211644 0.115783 -0.011152 -0.164257 -0.355820 -0.431112 -0.571327 -0.715119 -0.836393 -0.984109 
65.382050 111884768.000000 56 56 56 0.991946 0.990834 0.987740 0.977718 0.972081 0.949042 0.757160 0.520434 0.389466 0.278352 0.166970 0.054070 -0.143555 -0.289596 -0.475119 -0.590855 -0.737981 -0.787645 -0.970512 0.979319 0.972941 0.958021 0.769381 0.471604 0.369797 0.256145 0.155093 0.042576 -0.141273 -0.343542 -0.436658 -0.574139 -0.747536 -0.809758 -0.973148 
65.395844 127019272.000000 56 56 56 0.991132 0.996316 0.990436 0.976755 0.969451 0.932144 0.735996 0.593275 0.519714 0.301894 0.169508 0.070858 -0.168458 -0.248674 -0.422410 -0.614115 -0.751855 -0.795904 -0.931839 0.977177 0.970568 0.938849 0.741562 0.535703 0.444841 0.266977 0.159967 0.063631 -0.188813 -0.285272 -0.427404 -0.600854 -0.744331 -0.793917 -0.972282 
60.086254 4840171.000000 56 60 54 0.993429 0.785484 0.920536 0.983384 0.974385 0.932886 0.748627 0.651108 0.573098 0.321449 0.213896 0.056477 -0.199805 -0.251409 -0.522662 -0.663149 -0.772324 -0.800358 -0.948704 0.977395 0.970321 0.935466 0.746547 0.628965 0.572590 0.302941 0.200782 0.072613 -0.177724 -0.242872 -0.476666 -0.642740 -0.758042 -0.791256 -0.915449 
52.760735 2986796.250000 52 54 54 0.684845 0.932072 0.952605 0.990065 0.979300 0.947793 0.778171 0.709924 0.476822 0.403507 0.255858 0.037459 -0.184642 -0.224820 -0.340656 -0.516934 -0.736227 -0.807241 -0.960081 0.989975 0.979361 0.939499 0.770293 0.697089 0.477521 0.401761 0.251512 0.017191 -0.180171 -0.246461 -0.368582 -0.531232 -0.749412 -0.800474 -0.945421 
54.950905 1869513.875000 54 52 52 0.951223 0.977884 0.949054 0.992196 0.982118 0.960607 0.792746 0.740157 0.618116 0.339029 0.270096 0.017392 -0.213089 -0.250782 -0.412009 -0.569463 -0.731465 -0.810449 -0.942342 0.991367 0.979903 0.958757 0.791658 0.737626 0.569257 0.375213 0.272459 0.006765 -0.197049 -0.239681 -0.388264 -0.536899 -0.728324 -0.808279 -0.944879 
54.850445 1356300.250000 52 50 50 0.962831 0.973871 0.945156 0.991741 0.983131 0.957028 0.798389 0.722873 0.629118 0.397212 0.323040 0.012374 -0.149653 -0.239361 -0.304795 -0.553046 -0.737369 -0.849874 -0.969872 0.992076 0.984078 0.957000 0.794821 0.719211 0.618758 0.382439 0.312971 0.003346 -0.177884 -0.256968 -0.333708 -0.553928 -0.750660 -0.817616 -0.955915 
55.154804 957585.750000 50 48 44 0.945838 0.936034 0.836240 0.990961 0.985866 0.947975 0.805101 0.733722 0.640907 0.474347 0.290583 0.095343 -0.151300 -0.202143 -0.289105 -0.569947 -0.748167 -0.884657 -0.968318 0.991329 0.983629 0.955081 0.832855 0.733750 0.635906 0.392641 0.293273 0.038880 -0.127590 -0.217693 -0.283412 -0.511928 -0.733944 -0.861308 -0.970902 
59.927479 50754368.000000 46 42 40 0.886570 0.770094 0.961094 0.967825 0.952654 0.925038 0.707124 0.636611 0.605331 0.336943 0.193570 0.109671 -0.138603 -0.235787 -0.302983 -0.505367 -0.723246 -0.774596 -0.898865 0.987013 0.971596 0.917585 0.779781 0.659063 0.628816 0.407374 0.227651 0.135557 -0.092533 -0.212258 -0.255739 -0.532962 -0.741707 -0.834838 -0.935926 
62.883850 73970976.000000 40 40 38 0.920020 0.966305 0.979876 0.960111 0.948160 0.917337 0.743736 0.613455 0.552744 0.369314 0.198703 0.088729 -0.105108 -0.193096 -0.273981 -0.555550 -0.705805 -0.743377 -0.930308 0.962086 0.950332 0.915764 0.713682 0.612591 0.567866 0.344873 0.184378 0.114537 -0.114782 -0.208022 -0.298020 -0.517757 -0.721426 -0.750529 -0.906969 
62.837227 57744140.000000 38 38 38 0.963225 0.992347 0.961910 0.958436 0.945353 0.908815 0.768310 0.660974 0.576235 0.368431 0.234659 0.123793 -0.062605 -0.171317 -0.275289 -0.519098 -0.677372 -0.749898 -0.981516 0.958196 0.946481 0.911516 0.757837 0.630919 0.552255 0.356849 0.217849 0.105308 -0.052767 -0.191682 -0.263765 -0.483989 -0.680443 -0.738874 -0.959356 
64.004997 27974728.000000 38 38 36 0.956764 0.938657 0.978921 0.956762 0.943465 0.917037 0.797122 0.693029 0.639132 0.484514 0.266574 0.172816 -0.001521 -0.122011 -0.207417 -0.525524 -0.699972 -0.881874 -0.985874 0.957754 0.944277 0.914240 0.791625 0.687306 0.625027 0.410836 0.232489 0.159458 -0.022472 -0.136278 -0.248990 -0.529209 -0.659799 -0.847450 -0.985801 
64.514717 19632750.000000 36 36 36 0.972206 0.989978 0.993905 0.962890 0.943048 0.924508 0.801188 0.702391 0.640141 0.552572 0.388887 0.183460 0.030931 -0.126830 -0.281311 -0.574522 -0.765209 -0.901051 -0.990261 0.959279 0.942950 0.921115 0.794626 0.695785 0.634437 0.516726 0.301845 0.162722 0.006338 -0.121225 -0.243779 -0.536659 -0.743291 -0.897332 -0.987900 
62.417427 5470794.000000 36 36 38 0.992295 0.992236 0.962190 0.975143 0.946837 0.934181 0.850707 0.712835 0.652171 0.613813 0.472314 0.140285 -0.036237 -0.201738 -0.279071 -0.624972 -0.774273 -0.900040 -0.982026 0.968905 0.943648 0.928936 0.816191 0.698020 0.644867 0.597403 0.433321 0.188485 0.012803 -0.188281 -0.351245 -0.637926 -0.780896 -0.909124 -0.983644 
60.689934 4415490.000000 38 38 38 0.955130 0.958095 0.875292 0.971093 0.950569 0.929059 0.816950 0.751183 0.683108 0.606764 0.476441 0.209481 0.114740 -0.134002 -0.356115 -0.624468 -0.777322 -0.901770 -0.977180 0.976547 0.950442 0.937052 0.850898 0.723721 0.667053 0.597107 0.458222 0.189791 0.038416 -0.193777 -0.301520 -0.635426 -0.771842 -0.906872 -0.980054 
61.710781 5422009.500000 38 38 46 0.924775 0.832302 0.922398 0.965227 0.955438 0.900835 0.796925 0.747869 0.685079 0.622019 0.446087 0.162811 0.113978 -0.074059 -0.331374 -0.603843 -0.778088 -0.909073 -0.981024 0.965460 0.952268 0.916576 0.801246 0.746840 0.684623 0.640779 0.459021 0.170439 0.105706 -0.136486 -0.355294 -0.620099 -0.781332 -0.907471 -0.978296 
62.537003 5899542.500000 44 48 56 0.885655 0.860956 0.818425 0.974618 0.958037 0.914434 0.795903 0.725857 0.688686 0.587733 0.492209 0.177626 0.066778 -0.020154 -0.321200 -0.612005 -0.767406 -0.903919 -0.975990 0.968241 0.961522 0.896407 0.795558 0.735987 0.676812 0.607990 0.526468 0.163952 0.087781 -0.064536 -0.360024 -0.618735 -0.781510 -0.905867 -0.979279 
62.352596 20307392.000000 56 60 64 0.559905 0.941581 0.891424 0.972289 0.958302 0.923751 0.767942 0.677047 0.650064 0.401522 0.305011 0.197967 -0.021559 -0.136821 -0.225679 -0.583538 -0.634322 -0.798120 -0.967528 0.972588 0.954594 0.928324 0.786412 0.705760 0.662331 0.557847 0.405130 0.185783 0.012068 -0.076022 -0.232092 -0.571226 -0.701841 -0.885899 -0.972655 
58.509674 4629142.500000 62 66 72 0.893677 0.922256 0.850748 0.980811 0.967035 0.941875 0.815336 0.662061 0.613212 0.451786 0.259636 0.141346 -0.097319 -0.199900 -0.381555 -0.609754 -0.642155 -0.747743 -0.959939 0.976834 0.962892 0.927098 0.778286 0.662593 0.628024 0.400676 0.280077 0.135457 -0.084864 -0.152151 -0.317840 -0.595469 -0.631900 -0.710329 -0.954202 
46.078014 694862.375000 72 74 100 0.839057 0.374344 0.479139 0.981490 0.939180 0.849668 0.744429 0.693612 0.622385 0.443868 0.324259 0.153958 -0.091099 -0.325610 -0.483801 -0.590553 -0.652916 -0.810544 -0.950572 0.981395 0.967219 0.921431 0.774477 0.712090 0.606200 0.449632 0.253837 0.125454 -0.126308 -0.303565 -0.461054 -0.586873 -0.640174 -0.791200 -0.949873 
42.012421 735501.375000 100 84 80 0.361408 0.409132 0.742245 0.966401 0.954568 0.888974 0.752280 0.699459 0.617656 0.393915 0.256221 0.099345 -0.070846 -0.274453 -0.492835 -0.635770 -0.724388 -0.823855 -0.933520 0.971770 0.951457 0.853468 0.743918 0.683864 0.620482 0.438293 0.338319 0.187684 -0.074674 -0.285422 -0.461239 -0.592457 -0.673861 -0.846581 -0.957993 
41.874081 2871029.750000 80 74 62 0.707595 0.520416 0.506321 0.959865 0.948400 0.864180 0.725288 0.657717 0.454765 0.197619 0.122596 -0.032428 -0.194992 -0.469369 -0.587040 -0.694476 -0.780537 -0.839054 -0.922053 0.957870 0.944643 0.868933 0.737347 0.680863 0.449655 0.251329 0.127785 -0.003901 -0.156796 -0.377951 -0.565016 -0.662802 -0.749194 -0.802060 -0.892618 
40.240398 4615775.500000 62 54 74 0.741514 0.466489 0.418713 0.967374 0.948430 0.849805 0.717022 0.633916 0.451859 0.182579 0.062438 -0.116830 -0.220984 -0.480472 -0.657502 -0.751410 -0.806560 -0.855886 -0.947634 0.961913 0.944648 0.835580 0.715382 0.622810 0.406938 0.181911 0.092203 -0.104342 -0.220614 -0.521832 -0.627169 -0.751878 -0.802931 -0.870734 -0.944027 
52.877167 25776816.000000 76 64 76 0.377714 0.766917 0.941068 0.982498 0.972916 0.944223 0.747540 0.507656 0.378325 0.248823 0.098944 0.002860 -0.200536 -0.317902 -0.444000 -0.685377 -0.797949 -0.873807 -0.896446 0.987169 0.974602 0.924014 0.751005 0.640519 0.424319 0.254523 0.112202 -0.007651 -0.171297 -0.337697 -0.550258 -0.750830 -0.820044 -0.885999 -0.926010 
58.364517 25699242.000000 76 76 78 0.954449 0.970864 0.980356 0.978658 0.969533 0.951552 0.775074 0.532217 0.412004 0.239961 0.141220 0.045578 -0.148061 -0.317552 -0.412142 -0.715994 -0.784362 -0.862167 -0.897655 0.980343 0.970265 0.948239 0.742948 0.495426 0.386686 0.223196 0.119867 0.006038 -0.205927 -0.325346 -0.435456 -0.694599 -0.786235 -0.867464 -0.895825 
56.078457 6722112.000000 78 80 82 0.971895 0.932244 0.775880 0.981685 0.970946 0.954195 0.784037 0.573485 0.506469 0.295252 0.194499 0.020836 -0.146486 -0.293506 -0.431481 -0.676444 -0.750851 -0.845380 -0.884283 0.978309 0.969728 0.952370 0.777817 0.571484 0.485480 0.273242 0.179173 0.068794 -0.140066 -0.277827 -0.382014 -0.704170 -0.791262 -0.853170 -0.893935 
47.305222 931478.000000 82 82 82 0.801575 0.847102 0.728432 0.989385 0.982063 0.942542 0.784051 0.614923 0.478889 0.343189 0.227463 0.098177 -0.118349 -0.342274 -0.382513 -0.591273 -0.761535 -0.835700 -0.915363 0.988691 0.977174 0.952059 0.763954 0.590262 0.519245 0.334846 0.198531 0.001775 -0.169954 -0.282531 -0.383565 -0.627410 -0.754576 -0.839981 -0.896269 
46.692734 549494.125000 80 80 82 0.748809 0.823156 0.933923 0.989640 0.976453 0.955833 0.852112 0.635166 0.545231 0.347121 0.242009 0.129057 -0.133036 -0.361127 -0.404342 -0.502461 -0.794714 -0.846064 -0.925685 0.988642 0.976490 0.947665 0.823846 0.611308 0.516177 0.348152 0.233369 0.141829 -0.129902 -0.360227 -0.395887 -0.572008 -0.777923 -0.833829 -0.931689 
46.127701 221650.625000 82 82 84 0.923411 0.889836 0.829796 0.993284 0.977287 0.960153 0.851713 0.637418 0.531309 0.401468 0.241911 0.135143 -0.094601 -0.348915 -0.392802 -0.536776 -0.787702 -0.873576 -0.952475 0.990785 0.976621 0.960320 0.869298 0.631867 0.534565 0.359979 0.229836 0.152582 -0.086728 -0.357574 -0.401791 -0.492698 -0.799735 -0.852843 -0.936131 
38.701328 93655.460938 84 82 82 0.830837 0.708759 0.626621 0.990357 0.974290 0.955309 0.763329 0.624525 0.483501 0.372623 0.193788 0.079339 -0.106402 -0.286020 -0.390548 -0.635013 -0.783496 -0.890932 -0.975137 0.994416 0.981746 0.958790 0.787724 0.634692 0.523866 0.403265 0.215750 0.072577 -0.092647 -0.339701 -0.380941 -0.590243 -0.780469 -0.884115 -0.953497 
31.301674 65485.734375 56 56 56 0.809378 0.380456 0.687514 0.982719 0.960597 0.935076 0.771313 0.577790 0.471283 0.362150 0.203993 0.130806 -0.126402 -0.317720 -0.420735 -0.680600 -0.799347 -0.910979 -0.971542 0.980060 0.967300 0.938369 0.756398 0.587994 0.475684 0.367844 0.198204 0.126555 -0.080167 -0.308900 -0.407720 -0.645984 -0.787364 -0.917344 -0.979359 
26.160994 17410.187500 100 74 116 0.528808 0.508240 0.431523 0.984409 0.969150 0.938863 0.789956 0.615808 0.533050 0.385442 0.190497 0.043180 -0.220737 -0.370400 -0.527460 -0.714412 -0.833971 -0.919249 -0.975121 0.984771 0.968230 0.935294 0.772920 0.617741 0.495797 0.371412 0.190092 0.086685 -0.203769 -0.330773 -0.474785 -0.706988 -0.821267 -0.913212 -0.974688 
37.566307 2500850.000000 104 96 88 0.436789 0.586093 0.560284 0.974771 0.969292 0.738168 0.622198 0.569467 0.501349 0.298574 0.050114 -0.149916 -0.293585 -0.386712 -0.631682 -0.751502 -0.823843 -0.937993 -0.983631 0.978311 0.966435 0.751606 0.629401 0.575196 0.494115 0.292409 0.025173 -0.169394 -0.304539 -0.417663 -0.629457 -0.759819 -0.853076 -0.941480 -0.987735 
33.500702 798126.937500 62 58 54 0.628673 0.595740 0.445143 0.982020 0.965768 0.800487 0.608724 0.483819 0.246604 0.129668 0.040848 -0.054355 -0.298053 -0.438214 -0.590724 -0.737921 -0.808845 -0.861666 -0.968524 0.977283 0.970506 0.733954 0.604877 0.511943 0.324603 0.188094 0.067059 -0.027252 -0.252206 -0.408046 -0.558786 -0.728075 -0.798577 -0.887820 -0.979631 
53.119694 18202934.000000 54 56 58 0.400629 0.922315 0.953169 0.989544 0.977240 0.965500 0.726879 0.421086 0.302309 0.235615 0.062358 -0.037860 -0.190888 -0.389811 -0.477866 -0.594627 -0.690224 -0.835453 -0.982192 0.992102 0.982353 0.961454 0.771442 0.521546 0.330488 0.222236 0.096477 -0.035985 -0.227947 -0.417989 -0.509925 -0.656752 -0.784548 -0.855280 -0.973675 
58.852562 44618540.000000 58 60 60 0.976656 0.984425 0.990645 0.982967 0.976564 0.958527 0.716541 0.379024 0.306482 0.192489 0.058257 -0.039961 -0.187422 -0.425697 -0.505343 -0.609951 -0.680990 -0.860335 -0.985255 0.984627 0.976008 0.960305 0.713488 0.390315 0.302473 0.217049 0.057665 -0.056825 -0.197865 -0.406067 -0.492301 -0.602931 -0.697697 -0.836955 -0.986157 
57.792057 25524832.000000 60 60 60 0.993641 0.983792 0.985898 0.984773 0.977493 0.963425 0.726975 0.416744 0.307788 0.189349 0.046552 -0.056314 -0.223190 -0.412291 -0.493103 -0.575905 -0.655699 -0.937227 -0.977043 0.983715 0.977172 0.960610 0.723579 0.373864 0.309045 0.179238 0.049944 -0.047216 -0.211576 -0.440668 -0.499200 -0.588041 -0.646542 -0.923387 -0.982202 
55.898876 15263249.000000 60 60 60 0.984036 0.985123 0.968120 0.986993 0.976950 0.965289 0.749007 0.378014 0.263514 0.189654 0.085615 -0.026795 -0.203107 -0.396071 -0.505323 -0.573047 -0.641581 -0.928784 -0.977191 0.985801 0.977535 0.964252 0.730673 0.405275 0.279472 0.205973 0.086087 -0.037792 -0.194100 -0.393287 -0.512363 -0.576530 -0.642961 -0.940671 -0.980980 
55.824783 17631688.000000 60 60 60 0.948654 0.989485 0.984773 0.986803 0.977432 0.965988 0.703660 0.357458 0.284955 0.193992 0.128382 0.009351 -0.211516 -0.395980 -0.489644 -0.580338 -0.681271 -0.932951 -0.982812 0.986904 0.977045 0.964741 0.703411 0.363796 0.274983 0.195692 0.103215 -0.021781 -0.203187 -0.398453 -0.496090 -0.576925 -0.662317 -0.928700 -0.980635 
56.961746 20766360.000000 60 60 60 0.990079 0.983459 0.958129 0.987169 0.978038 0.966779 0.698002 0.383138 0.317020 0.200235 0.141146 0.053843 -0.209357 -0.419295 -0.484963 -0.628129 -0.761266 -0.920112 -0.971012 0.987328 0.977640 0.968135 0.735659 0.365480 0.309391 0.179441 0.135273 0.028056 -0.201279 -0.387764 -0.488084 -0.606107 -0.737088 -0.926038 -0.966792 
53.720268 1438962.125000 60 60 70 0.956918 0.933635 0.470727 0.989033 0.979008 0.967451 0.776262 0.598319 0.474743 0.282282 0.174314 0.093439 -0.136025 -0.425530 -0.487562 -0.654393 -0.768391 -0.903197 -0.971387 0.988031 0.978285 0.967803 0.731256 0.508016 0.398797 0.250781 0.148264 0.093603 -0.139218 -0.402662 -0.497301 -0.665189 -0.755662 -0.888144 -0.981967 
36.019707 225302.031250 60 60 58 0.287054 0.507727 0.788173 0.986300 0.974738 0.947351 0.664042 0.433197 0.343012 0.271938 0.182216 0.036935 -0.219546 -0.406682 -0.501096 -0.583275 -0.732205 -0.908767 -0.970043 0.989654 0.980250 0.941473 0.755264 0.528393 0.375226 0.265496 0.178212 0.077155 -0.224734 -0.409311 -0.504409 -0.630073 -0.760210 -0.906661 -0.970428 
34.109436 81719.726562 58 62 60 0.716474 0.932541 0.882135 0.989328 0.978757 0.964069 0.701722 0.432900 0.363300 0.281047 0.181955 0.068913 -0.204733 -0.377134 -0.454361 -0.544152 -0.624293 -0.897135 -0.958465 0.987546 0.977530 0.955845 0.672758 0.434362 0.345067 0.267858 0.157313 0.066987 -0.219600 -0.380712 -0.472379 -0.554945 -0.675012 -0.918695 -0.960246 
29.025856 164403.953125 62 62 62 0.875769 0.688899 0.527416 0.985884 0.969073 0.882197 0.731792 0.534291 0.337046 0.268199 0.095163 -0.068564 -0.318189 -0.445474 -0.583152 -0.704576 -0.794883 -0.869355 -0.958077 0.990346 0.977778 0.960996 0.700539 0.429725 0.361669 0.291508 0.195867 0.058844 -0.150599 -0.389580 -0.463848 -0.552810 -0.643892 -0.893596 -0.959684 
43.818897 1665027.250000 66 62 74 0.540582 0.547997 0.705383 0.982097 0.968883 0.925381 0.866662 0.789821 0.476774 0.170735 0.087416 -0.139012 -0.232224 -0.432898 -0.571285 -0.718083 -0.801036 -0.878944 -0.980144 0.972579 0.955996 0.857701 0.733748 0.658999 0.330614 0.154083 0.025803 -0.185806 -0.355352 -0.496978 -0.615950 -0.735503 -0.812781 -0.895120 -0.980420 
55.357430 1830657.750000 74 80 84 0.823617 0.884232 0.829455 0.979097 0.969334 0.944518 0.896645 0.856979 0.609952 0.154712 0.105226 -0.066669 -0.184880 -0.245177 -0.575390 -0.740162 -0.791618 -0.831303 -0.895851 0.979480 0.970203 0.943644 0.884938 0.839579 0.532987 0.174484 0.105157 -0.060418 -0.183194 -0.244586 -0.519967 -0.719145 -0.781048 -0.818489 -0.888456 
56.117516 1127038.250000 86 86 86 0.961383 0.949774 0.837673 0.977925 0.964463 0.948158 0.913540 0.871463 0.582456 0.157927 0.078928 -0.037111 -0.159845 -0.218982 -0.412460 -0.724083 -0.775875 -0.831051 -0.948678 0.978118 0.965763 0.945951 0.905944 0.868397 0.535809 0.149604 0.093427 -0.055231 -0.161661 -0.231189 -0.493884 -0.727961 -0.792859 -0.835854 -0.891110 
57.453274 2587269.750000 86 84 82 0.739373 0.940065 0.980510 0.977443 0.964730 0.944823 0.912960 0.862866 0.574388 0.114429 0.010921 -0.067896 -0.167842 -0.244281 -0.488336 -0.678589 -0.734625 -0.815639 -0.916115 0.977547 0.964046 0.946096 0.911106 0.863665 0.528758 0.118713 0.025755 -0.039004 -0.166475 -0.229574 -0.518479 -0.695941 -0.767219 -0.819577 -0.921717 
57.915100 2196673.250000 82 82 80 0.983095 0.958768 0.987752 0.976959 0.966390 0.946635 0.917862 0.841916 0.614566 0.085165 0.009791 -0.080585 -0.184847 -0.250941 -0.426787 -0.662827 -0.733926 -0.804516 -0.929488 0.977208 0.965281 0.945628 0.914999 0.841016 0.587371 0.125882 0.014015 -0.074527 -0.180056 -0.239958 -0.464325 -0.661732 -0.734051 -0.820571 -0.939839 
57.955647 1955031.500000 80 78 76 0.985730 0.949443 0.957698 0.976004 0.967804 0.944439 0.918623 0.851925 0.652142 0.172233 0.005223 -0.075290 -0.229319 -0.299831 -0.490711 -0.664424 -0.735434 -0.827663 -0.956877 0.976358 0.966317 0.944093 0.920279 0.829960 0.619227 0.106449 -0.001101 -0.072111 -0.216770 -0.275777 -0.504149 -0.661341 -0.738235 -0.806746 -0.934695 
61.334873 3454632.500000 76 74 74 0.980545 0.957558 0.952487 0.976599 0.967911 0.951824 0.913928 0.830445 0.667256 0.136724 0.007421 -0.075297 -0.220020 -0.300544 -0.416056 -0.603112 -0.713520 -0.821269 -0.962404 0.977062 0.968865 0.950792 0.915416 0.855100 0.718174 0.134544 0.018105 -0.070327 -0.217740 -0.289346 -0.403302 -0.640501 -0.721846 -0.821846 -0.963319 
58.224350 643555.812500 74 74 74 0.960573 0.948498 0.805365 0.980899 0.967829 0.948796 0.918138 0.843651 0.732358 0.237440 0.040171 -0.032673 -0.199769 -0.297444 -0.385478 -0.577040 -0.720966 -0.862484 -0.966235 0.977743 0.967554 0.951537 0.917621 0.831262 0.696047 0.140754 0.019207 -0.057247 -0.218293 -0.305605 -0.400764 -0.614159 -0.709792 -0.809608 -0.958573 
43.100563 798731.625000 76 76 78 0.875942 0.665775 0.613192 0.984962 0.939186 0.910937 0.865158 0.748652 0.674021 0.159165 0.005944 -0.126820 -0.240530 -0.345357 -0.456407 -0.622447 -0.872209 -0.936935 -0.987528 0.987250 0.965058 0.933102 0.903928 0.819842 0.716483 0.324690 0.042006 -0.058198 -0.194885 -0.278712 -0.403918 -0.585240 -0.773494 -0.879583 -0.973204 
42.356270 4759151.000000 80 74 74 0.652430 0.667177 0.338263 0.976585 0.928687 0.876350 0.779534 0.678604 0.599508 0.141833 0.009976 -0.170764 -0.265614 -0.392499 -0.474183 -0.592893 -0.823050 -0.927772 -0.975754 0.975835 0.942266 0.891272 0.832701 0.700889 0.636036 0.122728 -0.022790 -0.166259 -0.258436 -0.398658 -0.462567 -0.612010 -0.852706 -0.943901 -0.985830 
42.083679 10118577.000000 148 150 102 0.628278 0.345531 0.454343 0.959329 0.930312 0.822097 0.716889 0.637589 0.502149 0.156736 0.046260 -0.091076 -0.249050 -0.420716 -0.512636 -0.652657 -0.854315 -0.937790 -0.988316 0.962212 0.921786 0.840162 0.732724 0.665315 0.520998 0.140412 0.032703 -0.132617 -0.296796 -0.417275 -0.502744 -0.655233 -0.858292 -0.923587 -0.972932 
43.172501 9923961.000000 150 148 148 0.351638 0.633315 0.739102 0.951573 0.920044 0.824525 0.731768 0.607951 0.522337 0.167847 0.061518 -0.074787 -0.214047 -0.381829 -0.515585 -0.678086 -0.800091 -0.927443 -0.984777 0.952951 0.922250 0.807257 0.725303 0.626942 0.495077 0.155392 0.058083 -0.081569 -0.206049 -0.391809 -0.508217 -0.662281 -0.799258 -0.935687 -0.989177 
43.406239 8559967.000000 148 80 74 0.569114 0.545307 0.739204 0.947034 0.908911 0.796585 0.673393 0.591913 0.455088 0.147717 0.065435 -0.028512 -0.202543 -0.391934 -0.502044 -0.647028 -0.807312 -0.919025 -0.968385 0.944125 0.906586 0.823000 0.696971 0.603133 0.522435 0.154669 0.078756 -0.050297 -0.222833 -0.377608 -0.505422 -0.645258 -0.795971 -0.927499 -0.971443 
43.179783 6073092.000000 74 62 58 0.790370 0.297693 0.854104 0.982242 0.944767 0.837473 0.715034 0.643967 0.530947 0.338450 0.129300 0.045983 -0.129331 -0.319452 -0.451176 -0.653108 -0.768915 -0.910588 -0.971901 0.952137 0.909583 0.785974 0.682725 0.584885 0.482728 0.239360 0.079314 -0.003115 -0.176298 -0.364330 -0.501962 -0.653615 -0.794537 -0.905458 -0.962250 
52.583824 11883868.000000 60 56 52 0.718030 0.922791 0.980379 0.983746 0.945059 0.906989 0.818104 0.710442 0.618319 0.407996 0.170953 0.118109 -0.043863 -0.248597 -0.411796 -0.567579 -0.762222 -0.925157 -0.956455 0.983556 0.948911 0.909918 0.806024 0.702173 0.581726 0.341334 0.143417 0.067852 -0.071706 -0.294078 -0.417338 -0.605931 -0.733278 -0.908807 -0.970960 
56.853203 39684204.000000 52 50 50 0.966850 0.973862 0.933997 0.980708 0.931448 0.886276 0.810708 0.676423 0.622186 0.413807 0.193996 0.129275 -0.069402 -0.281211 -0.433656 -0.535164 -0.781980 -0.925340 -0.974082 0.984347 0.939908 0.897075 0.816163 0.696649 0.624890 0.426492 0.182006 0.114148 -0.062773 -0.266047 -0.441202 -0.555200 -0.725805 -0.927243 -0.960531 
61.283726 99812632.000000 50 48 48 0.972768 0.950301 0.957824 0.970000 0.919069 0.875508 0.791094 0.668698 0.617449 0.459972 0.198516 0.124450 -0.050642 -0.246508 -0.399304 -0.618645 -0.804697 -0.922913 -0.968300 0.974912 0.924513 0.879537 0.800099 0.672407 0.621518 0.450166 0.189510 0.132104 -0.045860 -0.248430 -0.409121 -0.585721 -0.809056 -0.933710 -0.974891 
62.894321 149748928.000000 48 50 50 0.953304 0.936491 0.988333 0.961822 0.921719 0.868146 0.761301 0.665133 0.612241 0.433564 0.197155 0.125103 -0.103057 -0.262556 -0.400865 -0.544587 -0.809825 -0.904593 -0.966303 0.965416 0.918714 0.871945 0.780870 0.666477 0.617153 0.444407 0.194242 0.124539 -0.084275 -0.272723 -0.404559 -0.622483 -0.834092 -0.916347 -0.973777 
63.891953 186056160.000000 50 50 54 0.985790 0.903933 0.938337 0.954568 0.925440 0.862933 0.762881 0.673950 0.626018 0.396922 0.191511 0.099834 -0.098627 -0.266053 -0.450769 -0.518396 -0.767079 -0.904984 -0.975281 0.956107 0.924648 0.865247 0.760091 0.665544 0.620122 0.398665 0.211579 0.121497 -0.104234 -0.259448 -0.393268 -0.525353 -0.770453 -0.918822 -0.971871 
64.420708 221360464.000000 54 56 58 0.931991 0.903425 0.864581 0.953143 0.924284 0.864318 0.775225 0.660733 0.625713 0.383212 0.161953 0.085007 -0.113744 -0.303646 -0.437945 -0.540865 -0.738045 -0.916090 -0.971950 0.954183 0.923741 0.858795 0.772128 0.670810 0.621877 0.423186 0.180332 0.089605 -0.104349 -0.267547 -0.440724 -0.527710 -0.723541 -0.917094 -0.971265 
62.822998 176415936.000000 58 62 68 0.858960 0.945789 0.915115 0.960093 0.925641 0.870384 0.766495 0.684677 0.621183 0.298181 0.134658 0.051836 -0.116050 -0.302652 -0.461857 -0.578903 -0.713124 -0.898671 -0.976473 0.957030 0.924905 0.869842 0.764995 0.671577 0.631002 0.325893 0.147241 0.082307 -0.112797 -0.332409 -0.457684 -0.523730 -0.720344 -0.911981 -0.964964 
62.684101 199027616.000000 68 72 76 0.856307 0.787779 0.717140 0.955057 0.926075 0.881471 0.762504 0.690888 0.622264 0.257367 0.122551 0.048785 -0.170796 -0.368842 -0.447501 -0.569117 -0.716349 -0.797012 -0.972128 0.958518 0.923275 0.881272 0.765012 0.687222 0.625252 0.264752 0.118303 0.041341 -0.133627 -0.367783 -0.436909 -0.582511 -0.695354 -0.848241 -0.977542 
62.393681 138068768.000000 76 82 84 0.797532 0.941271 0.938323 0.956012 0.931654 0.891211 0.770631 0.704115 0.633128 0.248961 0.127821 0.047814 -0.187177 -0.370228 -0.441962 -0.580308 -0.729840 -0.818151 -0.904004 0.956115 0.930282 0.885036 0.761092 0.698383 0.617556 0.243179 0.119969 0.043640 -0.184607 -0.377557 -0.445438 -0.571220 -0.729139 -0.811862 -0.950933 
62.100380 38284288.000000 84 84 86 0.952103 0.950486 0.922665 0.960708 0.941682 0.913359 0.818476 0.746638 0.662285 0.291290 0.159834 0.073162 -0.133825 -0.337738 -0.424157 -0.564042 -0.711927 -0.801428 -0.906760 0.957975 0.934799 0.903942 0.792229 0.724795 0.645223 0.241306 0.142925 0.062004 -0.183981 -0.334946 -0.434214 -0.590897 -0.713775 -0.813435 -0.894254 
58.935413 6956230.000000 86 86 86 0.901394 0.882232 0.788903 0.972848 0.960188 0.918476 0.831894 0.758796 0.673487 0.308942 0.159318 0.103095 -0.201457 -0.290055 -0.417167 -0.599834 -0.760613 -0.819327 -0.899832 0.964975 0.950442 0.919779 0.832675 0.760253 0.676725 0.310481 0.134656 0.081264 -0.174785 -0.316539 -0.396385 -0.585014 -0.760375 -0.815935 -0.885329 
48.383045 1847790.625000 86 86 92 0.786380 0.762265 0.584796 0.987034 0.956836 0.887836 0.818502 0.723988 0.647606 0.388284 0.174461 0.097195 -0.072764 -0.341095 -0.405580 -0.594686 -0.718000 -0.812388 -0.924418 0.983203 0.961667 0.897460 0.828872 0.733323 0.625780 0.299353 0.167688 0.096794 -0.141062 -0.308393 -0.398423 -0.602689 -0.710461 -0.827997 -0.903775 
44.026276 1045722.875000 92 84 90 0.636048 0.500176 0.375218 0.975574 0.925864 0.884083 0.825168 0.713523 0.660023 0.400311 0.172791 0.090528 -0.136647 -0.365871 -0.466659 -0.627278 -0.765218 -0.886389 -0.980491 0.984134 0.942154 0.887238 0.820680 0.708893 0.652968 0.444945 0.191690 0.098672 -0.080391 -0.358087 -0.434803 -0.579287 -0.749580 -0.835350 -0.969945 
42.665581 2283673.750000 88 86 74 0.513656 0.557696 0.392235 0.970072 0.933421 0.877191 0.810815 0.705840 0.624677 0.357189 0.114098 0.057197 -0.256492 -0.404464 -0.560262 -0.731657 -0.862686 -0.905782 -0.990666 0.973792 0.925328 0.881754 0.814241 0.712409 0.630130 0.373742 0.129160 0.074256 -0.232578 -0.392629 -0.536868 -0.689101 -0.831311 -0.920645 -0.987467 
41.213921 3163049.000000 212 72 152 0.450327 0.649959 0.707218 0.982601 0.931414 0.891821 0.820580 0.663661 0.606866 0.270695 0.074559 -0.068603 -0.320072 -0.489063 -0.685005 -0.762903 -0.843739 -0.896570 -0.981527 0.975054 0.933479 0.890126 0.817551 0.688040 0.626726 0.375289 0.104521 0.041562 -0.273052 -0.398408 -0.603594 -0.780492 -0.850898 -0.905538 -0.988753 
41.979630 5076095.500000 76 72 68 0.474402 0.564575 0.741918 0.987989 0.949103 0.905640 0.806355 0.715606 0.597943 0.147043 -0.040390 -0.190044 -0.334648 -0.593243 -0.686212 -0.742418 -0.843679 -0.917816 -0.978510 0.984419 0.940305 0.882530 0.806689 0.703047 0.598580 0.263471 0.036619 -0.139199 -0.350495 -0.589887 -0.700607 -0.745633 -0.826945 -0.890414 -0.970358 
44.971436 4519037.000000 68 72 70 0.720285 0.848872 0.908061 0.989107 0.968101 0.919838 0.812392 0.726166 0.603170 0.097419 -0.062680 -0.247158 -0.380499 -0.470436 -0.586723 -0.686762 -0.816857 -0.919884 -0.973778 0.988359 0.962063 0.916274 0.809131 0.712507 0.584179 0.058640 -0.069078 -0.226605 -0.334323 -0.485918 -0.621970 -0.721366 -0.850390 -0.921350 -0.979486 
44.323597 1378259.000000 70 66 64 0.897828 0.838643 0.853662 0.990915 0.979818 0.917873 0.834895 0.723924 0.638373 0.298415 -0.061823 -0.202288 -0.422724 -0.526235 -0.609300 -0.694463 -0.808803 -0.915995 -0.990753 0.989405 0.975085 0.917092 0.813238 0.738767 0.610960 0.159673 -0.049682 -0.253702 -0.405738 -0.496887 -0.601340 -0.681147 -0.814319 -0.914132 -0.976657 
46.219551 684328.250000 64 60 58 0.826358 0.847212 0.851893 0.984956 0.978218 0.939836 0.851637 0.764260 0.680387 0.431455 -0.021364 -0.225259 -0.428044 -0.496709 -0.632557 -0.690184 -0.777554 -0.857252 -0.972040 0.989797 0.979553 0.932643 0.861326 0.756218 0.649716 0.388723 -0.025921 -0.163732 -0.456574 -0.541384 -0.616734 -0.686453 -0.778133 -0.895490 -0.989223 
51.532932 647575.437500 58 56 56 0.742581 0.952577 0.928293 0.986211 0.975398 0.957367 0.863354 0.827034 0.729573 0.493655 0.031915 -0.197474 -0.347025 -0.416565 -0.514705 -0.618702 -0.708377 -0.843933 -0.955271 0.985186 0.976743 0.949395 0.858374 0.823856 0.703273 0.499522 0.046456 -0.225649 -0.390297 -0.440036 -0.573003 -0.665990 -0.745017 -0.858238 -0.948964 
58.252224 15388033.000000 56 52 54 0.934376 0.798690 0.906296 0.977080 0.961314 0.934788 0.859696 0.821856 0.673177 0.053230 -0.019182 -0.093633 -0.207221 -0.350272 -0.493676 -0.573704 -0.638739 -0.717405 -0.927951 0.983876 0.970931 0.949750 0.853421 0.818648 0.687937 0.125235 -0.029975 -0.110775 -0.231207 -0.387443 -0.504416 -0.573629 -0.641707 -0.730833 -0.953280 
60.843510 27385468.000000 54 52 52 0.964659 0.978748 0.985820 0.974301 0.950312 0.923453 0.840476 0.801043 0.617885 0.191608 0.106958 0.017367 -0.148790 -0.220357 -0.424996 -0.589851 -0.705950 -0.746433 -0.897486 0.974820 0.952370 0.925579 0.849281 0.806652 0.639686 0.124249 0.041265 -0.054689 -0.117810 -0.303264 -0.512223 -0.589962 -0.689774 -0.755088 -0.918752 
60.916363 23094022.000000 52 52 52 0.978074 0.991801 0.984172 0.973422 0.949401 0.922237 0.839718 0.784956 0.591490 0.278727 0.203988 0.061524 -0.107163 -0.183250 -0.439235 -0.564014 -0.653183 -0.756801 -0.917818 0.973042 0.949560 0.919664 0.836760 0.792117 0.578701 0.234585 0.158218 0.072574 -0.097032 -0.184473 -0.368855 -0.593065 -0.690372 -0.757427 -0.921079 
60.919323 12718016.000000 52 52 54 0.977037 0.982204 0.976839 0.972709 0.951977 0.919725 0.847347 0.780855 0.667643 0.473765 0.270795 0.026177 -0.071290 -0.163062 -0.451494 -0.573359 -0.666324 -0.773745 -0.966113 0.973918 0.950899 0.924423 0.847684 0.789851 0.663989 0.333607 0.220673 0.026910 -0.113764 -0.198316 -0.426137 -0.553274 -0.635181 -0.752243 -0.951674 
60.545116 10356259.000000 54 56 58 0.971955 0.942982 0.839760 0.974297 0.952545 0.925700 0.813364 0.768540 0.649158 0.550178 0.324390 -0.015754 -0.105000 -0.174800 -0.318126 -0.529779 -0.625615 -0.858988 -0.974065 0.973147 0.950890 0.924834 0.839535 0.761889 0.659032 0.543632 0.301400 0.016827 -0.099371 -0.164384 -0.357514 -0.548121 -0.628212 -0.831358 -0.973378 
58.911854 9469311.000000 58 60 66 0.905490 0.790635 0.907712 0.975058 0.959249 0.894558 0.814558 0.771465 0.671750 0.567843 0.206803 -0.031589 -0.116963 -0.195004 -0.356253 -0.502486 -0.619224 -0.816221 -0.974685 0.972987 0.954875 0.910356 0.814601 0.777279 0.654600 0.544047 0.217363 -0.012336 -0.103795 -0.179966 -0.341394 -0.522897 -0.604771 -0.844356 -0.974258 
58.846054 11676554.000000 66 70 74 0.888001 0.934827 0.915323 0.973578 0.957169 0.911301 0.803088 0.760371 0.651142 0.596259 0.271794 -0.044071 -0.127710 -0.197944 -0.416163 -0.630682 -0.698464 -0.754688 -0.953667 0.976498 0.958500 0.904535 0.809984 0.767020 0.662500 0.596770 0.249761 -0.050710 -0.120922 -0.204074 -0.363819 -0.574294 -0.697051 -0.773476 -0.969353 
58.230129 7418072.500000 74 78 84 0.902377 0.814697 0.802331 0.974663 0.960026 0.908172 0.798645 0.757899 0.654001 0.591530 0.259002 -0.044091 -0.131190 -0.218876 -0.551874 -0.615154 -0.719410 -0.767238 -0.906046 0.972702 0.959151 0.904133 0.796689 0.758932 0.643143 0.595920 0.219259 -0.044685 -0.141529 -0.211711 -0.508656 -0.607634 -0.698296 -0.752263 -0.920356 
56.208858 3713542.750000 86 86 90 0.873927 0.803840 0.884499 0.975306 0.962267 0.915505 0.804089 0.756902 0.648782 0.620622 0.393983 -0.020267 -0.125025 -0.199491 -0.559030 -0.659688 -0.751064 -0.789372 -0.914972 0.975492 0.960666 0.901795 0.793777 0.753707 0.644698 0.618854 0.286761 -0.048282 -0.134698 -0.203247 -0.540855 -0.636525 -0.735084 -0.785675 -0.904387 
55.859570 1906224.500000 90 94 94 0.897005 0.641357 0.750065 0.973606 0.962947 0.929230 0.802103 0.756529 0.676405 0.614048 0.516987 -0.046819 -0.120617 -0.201380 -0.590900 -0.679497 -0.737150 -0.796691 -0.956767 0.972704 0.962328 0.922579 0.804979 0.766156 0.659056 0.625666 0.425512 -0.049508 -0.122879 -0.199206 -0.587324 -0.672506 -0.757659 -0.793995 -0.931925 
55.777611 1105039.250000 96 98 98 0.827060 0.935102 0.945665 0.974835 0.965297 0.942136 0.819792 0.755693 0.677650 0.615049 0.537204 -0.054999 -0.110712 -0.208552 -0.573255 -0.699805 -0.725287 -0.806622 -0.965588 0.975012 0.964446 0.939786 0.799167 0.753094 0.679836 0.620418 0.483712 -0.068735 -0.099250 -0.247471 -0.574493 -0.700553 -0.732728 -0.795171 -0.961050 
53.872940 312267.312500 98 100 100 0.950331 0.964894 0.930715 0.979159 0.968922 0.949481 0.824998 0.750396 0.701116 0.629546 0.578061 0.074508 -0.088856 -0.184844 -0.497495 -0.696496 -0.765835 -0.895991 -0.974670 0.976493 0.966732 0.948392 0.826500 0.754253 0.697202 0.630743 0.564784 -0.011240 -0.106272 -0.199416 -0.548743 -0.704585 -0.736149 -0.872045 -0.973895 
47.732388 113252.867188 100 100 102 0.947644 0.754298 0.803605 0.986948 0.978220 0.947089 0.798015 0.732354 0.695032 0.657072 0.347388 0.062677 -0.043272 -0.250415 -0.449829 -0.677154 -0.783756 -0.899835 -0.971809 0.983139 0.972412 0.952755 0.817265 0.746279 0.696260 0.642247 0.469080 0.034531 -0.068204 -0.201025 -0.435453 -0.654018 -0.779134 -0.894533 -0.975033 
45.858398 93115.750000 102 96 96 0.794901 0.887837 0.934444 0.987403 0.975670 0.952611 0.842486 0.752929 0.689615 0.634936 0.377241 0.121088 -0.011995 -0.260812 -0.455757 -0.670192 -0.782301 -0.905923 -0.973884 0.987851 0.978865 0.947448 0.817912 0.737772 0.690146 0.642394 0.320633 0.112507 -0.031516 -0.291565 -0.443208 -0.671823 -0.771780 -0.906187 -0.971573 
45.408440 51362.792969 96 96 98 0.928457 0.895717 0.806601 0.989401 0.979806 0.963334 0.852035 0.778513 0.689978 0.568983 0.273674 0.136308 -0.061806 -0.289041 -0.460615 -0.662125 -0.810785 -0.919200 -0.972014 0.988352 0.976736 0.959223 0.846405 0.759905 0.691927 0.619532 0.301581 0.134298 -0.033863 -0.273118 -0.456286 -0.661182 -0.811168 -0.917438 -0.973703 
41.993748 31305.400391 98 98 100 0.848281 0.683255 0.646610 0.990534 0.982704 0.950742 0.817157 0.766191 0.701254 0.555857 0.227916 0.151434 -0.115368 -0.295282 -0.516595 -0.668917 -0.811288 -0.892082 -0.969372 0.989457 0.983179 0.957556 0.819018 0.776313 0.689908 0.566375 0.265147 0.139496 -0.128070 -0.288313 -0.496434 -0.654600 -0.806956 -0.908305 -0.972946 
32.378403 13966.022461 100 100 114 0.780507 0.589111 0.561583 0.989208 0.972807 0.900658 0.798896 0.761733 0.678516 0.574021 0.272863 0.082686 -0.166226 -0.326335 -0.535590 -0.696230 -0.823342 -0.911935 -0.976999 0.989074 0.979734 0.932177 0.806405 0.758202 0.683680 0.570985 0.219420 0.125668 -0.142765 -0.306577 -0.518693 -0.692396 -0.818505 -0.896548 -0.981041 
38.340508 4168604.000000 56 46 56 0.479536 0.454836 0.285842 0.958847 0.924699 0.770682 0.699595 0.610643 0.549216 0.315476 0.198616 -0.076252 -0.287922 -0.457814 -0.541947 -0.690083 -0.830672 -0.879725 -0.980650 0.988567 0.969475 0.864499 0.802367 0.737926 0.653105 0.526728 0.289894 0.041708 -0.198468 -0.349728 -0.536887 -0.693916 -0.834686 -0.917535 -0.964937 
37.847740 2977801.000000 22 46 92 0.501630 0.581014 0.641998 0.959736 0.891436 0.709215 0.681832 0.545757 0.336245 0.210815 0.092907 -0.098938 -0.275922 -0.484201 -0.611196 -0.710791 -0.847574 -0.903409 -0.983405 0.961078 0.922761 0.753879 0.673306 0.604132 0.492645 0.247408 0.136802 -0.124376 -0.289386 -0.483987 -0.578845 -0.714483 -0.834580 -0.894153 -0.969986 
36.818333 2004192.250000 92 104 46 0.606955 0.440102 0.370041 0.961834 0.872369 0.717272 0.672820 0.579126 0.369962 0.225815 0.092894 -0.081162 -0.218736 -0.518102 -0.606969 -0.726014 -0.806714 -0.904431 -0.986232 0.955385 0.853202 0.720935 0.679234 0.537429 0.352722 0.214321 0.093539 -0.045385 -0.224064 -0.490907 -0.616022 -0.715528 -0.830347 -0.905188 -0.984371 
36.718681 2185129.000000 130 56 52 0.420826 0.553524 0.396476 0.943531 0.812152 0.728848 0.683173 0.594140 0.329611 0.230988 0.077361 -0.116718 -0.235178 -0.504040 -0.651825 -0.735538 -0.798590 -0.912437 -0.985578 0.955581 0.855437 0.733918 0.691493 0.602613 0.361835 0.224702 0.082671 -0.118133 -0.221668 -0.524170 -0.654301 -0.734738 -0.791145 -0.900179 -0.984161 
38.531452 5061054.500000 78 56 80 0.536642 0.556458 0.467080 0.956198 0.857582 0.714724 0.656781 0.563290 0.353436 0.228795 0.078931 -0.111387 -0.275993 -0.495501 -0.630350 -0.736285 -0.809792 -0.909335 -0.986225 0.951672 0.853240 0.735735 0.680223 0.562823 0.359046 0.234045 0.125557 -0.099628 -0.217826 -0.492243 -0.630326 -0.745405 -0.818016 -0.902762 -0.989453 
39.610737 4342075.000000 148 150 148 0.425355 0.492640 0.762657 0.961237 0.837435 0.727355 0.676998 0.597722 0.408616 0.193247 0.080583 -0.108104 -0.257057 -0.468763 -0.613239 -0.729116 -0.826025 -0.908873 -0.991806 0.962157 0.864138 0.701512 0.673444 0.575806 0.363211 0.204010 0.062785 -0.098114 -0.280620 -0.498956 -0.619671 -0.734358 -0.810447 -0.903248 -0.983014 
40.317039 5524948.500000 148 46 106 0.739388 0.429396 0.423957 0.936032 0.818477 0.765689 0.652938 0.599426 0.390743 0.174037 0.075788 -0.113284 -0.261779 -0.492276 -0.625845 -0.738472 -0.834473 -0.906649 -0.989309 0.948888 0.820153 0.751903 0.672984 0.608189 0.390728 0.189092 0.098065 -0.124882 -0.258427 -0.471643 -0.623488 -0.741197 -0.828656 -0.901254 -0.990774 
41.655083 2710835.750000 58 74 54 0.461430 0.303540 0.719628 0.982179 0.959276 0.887561 0.804819 0.689963 0.624305 0.351573 0.144764 -0.061990 -0.183470 -0.383868 -0.608300 -0.717381 -0.827779 -0.926388 -0.990845 0.942406 0.835352 0.762738 0.688412 0.616219 0.449529 0.178572 0.050836 -0.108986 -0.220626 -0.447939 -0.618843 -0.732346 -0.832478 -0.909764 -0.988184 
57.737541 4838954.500000 54 62 62 0.683839 0.918747 0.907310 0.972900 0.956403 0.906853 0.830081 0.775041 0.663469 0.622470 0.423460 0.122136 0.074229 -0.189300 -0.495294 -0.640267 -0.747463 -0.914728 -0.985321 0.978369 0.960464 0.915671 0.835383 0.779755 0.682268 0.639099 0.267315 0.111267 -0.030253 -0.314596 -0.514325 -0.685695 -0.798207 -0.922523 -0.984211 
59.510975 10493648.000000 64 64 64 0.905369 0.926240 0.959039 0.969254 0.946190 0.878509 0.826252 0.769938 0.630704 0.478980 0.281564 0.179300 0.062450 -0.026875 -0.335240 -0.626940 -0.679472 -0.847722 -0.976517 0.969675 0.950356 0.891681 0.826808 0.770057 0.640595 0.579846 0.362814 0.156884 0.076265 -0.057584 -0.454894 -0.628407 -0.690976 -0.904171 -0.983266 
58.937904 12367178.000000 64 64 62 0.956112 0.871911 0.904649 0.970900 0.950289 0.858666 0.827912 0.781644 0.631968 0.301002 0.199010 0.127714 0.007692 -0.102597 -0.261713 -0.598889 -0.669235 -0.812740 -0.980774 0.969428 0.946183 0.870693 0.825881 0.777762 0.630039 0.367858 0.241974 0.159282 0.045279 -0.064097 -0.262164 -0.610253 -0.662212 -0.820590 -0.974508 
59.040184 11854255.000000 64 64 64 0.866425 0.937455 0.963731 0.975868 0.952535 0.885686 0.835207 0.807571 0.632638 0.258169 0.155092 0.076341 -0.034388 -0.120360 -0.259605 -0.549864 -0.680477 -0.835312 -0.964052 0.973240 0.950770 0.868841 0.828987 0.790614 0.656549 0.280231 0.181051 0.103472 -0.008590 -0.134873 -0.238420 -0.599762 -0.692009 -0.829958 -0.975520 
58.001389 8783884.000000 64 64 64 0.968022 0.968951 0.902746 0.977913 0.957133 0.890715 0.842431 0.800913 0.660617 0.381074 0.120492 0.023421 -0.065457 -0.134188 -0.282394 -0.531256 -0.689666 -0.823300 -0.952434 0.976597 0.952872 0.883932 0.837722 0.799021 0.639112 0.324497 0.136451 0.056553 -0.065689 -0.122837 -0.297718 -0.540918 -0.698350 -0.839532 -0.946565 
53.534809 2755627.250000 64 68 70 0.919130 0.669291 0.683754 0.988568 0.971247 0.902076 0.843663 0.773150 0.606310 0.295902 0.113121 -0.014716 -0.141971 -0.240060 -0.342671 -0.475203 -0.695519 -0.746318 -0.940802 0.980259 0.963553 0.899383 0.844334 0.797286 0.652928 0.344331 0.099093 0.039366 -0.086156 -0.156546 -0.341836 -0.533456 -0.688062 -0.775483 -0.949123 
51.496124 3564098.500000 70 70 72 0.742954 0.757942 0.955205 0.989200 0.975595 0.886539 0.842416 0.777550 0.625673 0.235046 0.086606 -0.033176 -0.208291 -0.288464 -0.377940 -0.510867 -0.702390 -0.743807 -0.893845 0.989342 0.975965 0.881165 0.841596 0.772954 0.583233 0.288788 0.149429 -0.076842 -0.184627 -0.261587 -0.363837 -0.521948 -0.701993 -0.759224 -0.945949 
50.589607 2246507.000000 72 76 76 0.956347 0.881436 0.807846 0.988299 0.979118 0.889007 0.829974 0.792208 0.594868 0.222145 0.059532 -0.023412 -0.182375 -0.320833 -0.395216 -0.542782 -0.692221 -0.770410 -0.897609 0.988590 0.977789 0.896876 0.838279 0.799305 0.601044 0.229464 0.068731 -0.057243 -0.204189 -0.310900 -0.415762 -0.554925 -0.706726 -0.759950 -0.918823 
46.922318 749242.937500 76 84 86 0.852529 0.917092 0.770238 0.990896 0.978581 0.905602 0.834275 0.799345 0.609211 0.303523 0.095080 -0.017388 -0.106200 -0.345237 -0.405007 -0.530822 -0.695363 -0.777078 -0.908094 0.989796 0.979478 0.881759 0.825386 0.786830 0.581429 0.235806 0.084236 -0.014073 -0.141206 -0.333372 -0.400876 -0.503123 -0.698135 -0.779931 -0.887100 
42.329674 111766.656250 88 96 96 0.750436 0.804883 0.645248 0.990531 0.979721 0.894425 0.840911 0.809938 0.637813 0.300563 0.144827 0.012624 -0.105783 -0.271219 -0.391739 -0.529073 -0.719409 -0.866908 -0.961722 0.991081 0.981177 0.905697 0.844576 0.811772 0.619959 0.317668 0.146886 -0.002360 -0.089932 -0.338976 -0.399037 -0.551248 -0.704168 -0.818383 -0.948316 
35.432549 944673.250000 52 94 44 0.599821 0.464629 0.438200 0.988795 0.961665 0.864387 0.800771 0.713610 0.418208 0.181260 0.123538 -0.046588 -0.262033 -0.439472 -0.557964 -0.733688 -0.813943 -0.943520 -0.982495 0.992867 0.975438 0.891674 0.857246 0.813698 0.655115 0.262814 0.144077 0.021473 -0.125596 -0.311410 -0.440462 -0.614456 -0.788827 -0.896298 -0.982231 
49.879871 1381214.750000 84 92 90 0.545772 0.728507 0.931445 0.982657 0.976127 0.948594 0.784648 0.717187 0.676811 0.286467 0.167741 0.115657 -0.200767 -0.331656 -0.465093 -0.682864 -0.795471 -0.837534 -0.877415 0.984900 0.976392 0.943742 0.780379 0.736372 0.663453 0.222107 0.161426 0.069119 -0.205597 -0.367558 -0.508230 -0.707324 -0.787808 -0.923168 -0.981894 
53.840614 3645353.750000 90 90 90 0.900260 0.948300 0.932544 0.980761 0.975115 0.941957 0.775371 0.676092 0.651220 0.256676 0.160023 0.065336 -0.218735 -0.340399 -0.434986 -0.678021 -0.764099 -0.814236 -0.847791 0.980834 0.974044 0.940304 0.775160 0.692919 0.651753 0.240304 0.169319 0.038149 -0.234003 -0.335532 -0.462275 -0.699818 -0.767498 -0.830834 -0.856983 
51.762131 809289.750000 90 90 104 0.949638 0.780072 0.520022 0.985336 0.978757 0.952591 0.775384 0.666773 0.619778 0.213834 0.170329 0.036630 -0.196854 -0.338957 -0.518456 -0.665388 -0.722495 -0.810119 -0.869588 0.982244 0.976784 0.955613 0.788812 0.664735 0.643566 0.202430 0.167107 -0.001394 -0.250587 -0.384307 -0.564860 -0.670058 -0.719882 -0.821489 -0.858637 
36.774498 72238.929688 66 46 102 0.564558 0.616007 0.591622 0.990443 0.981893 0.936651 0.835315 0.685183 0.620354 0.291950 0.169555 0.054667 -0.264360 -0.376496 -0.564451 -0.679847 -0.802657 -0.840397 -0.954863 0.991851 0.977738 0.941339 0.842385 0.682827 0.618331 0.258650 0.157921 0.000449 -0.240666 -0.356376 -0.532977 -0.668719 -0.789420 -0.831292 -0.931534 
33.090000 33337.906250 52 96 52 0.601901 0.582956 0.712856 0.989874 0.980771 0.936876 0.815974 0.682581 0.627125 0.318646 0.119560 0.011204 -0.194277 -0.359999 -0.560459 -0.694646 -0.801040 -0.877676 -0.975470 0.991992 0.984516 0.931829 0.794775 0.676151 0.632671 0.295595 0.151489 0.031634 -0.234321 -0.367679 -0.579382 -0.673510 -0.805191 -0.849441 -0.962297 
41.902664 6382964.500000 112 96 94 0.659938 0.440612 0.470111 0.982240 0.969981 0.847284 0.701894 0.319500 0.184381 0.082161 -0.085490 -0.204052 -0.306955 -0.444785 -0.626914 -0.725918 -0.797269 -0.889292 -0.973703 0.983989 0.972729 0.868447 0.750520 0.491853 0.223142 0.148667 -0.058360 -0.153725 -0.279426 -0.390598 -0.553284 -0.678181 -0.785250 -0.872545 -0.972769 
44.470230 2100523.250000 58 56 80 0.736094 0.804169 0.873970 0.987608 0.977350 0.959277 0.676246 0.630915 0.371965 0.208444 0.142483 -0.038008 -0.150057 -0.298383 -0.536695 -0.644009 -0.753793 -0.876143 -0.979127 0.990273 0.978781 0.944058 0.692545 0.525519 0.221407 0.171081 -0.030157 -0.179741 -0.292799 -0.433643 -0.595828 -0.703884 -0.807131 -0.895682 -0.976518 
43.053047 234657.562500 82 84 84 0.745358 0.828256 0.628996 0.991599 0.977567 0.952522 0.687313 0.657497 0.475770 0.268448 0.163345 -0.042495 -0.183023 -0.365202 -0.550008 -0.668965 -0.749790 -0.872223 -0.965235 0.987704 0.976688 0.958874 0.685297 0.658588 0.427687 0.261674 0.171300 -0.002165 -0.101220 -0.247174 -0.549763 -0.640253 -0.742175 -0.869535 -0.973096 
27.327707 35369.390625 78 90 172 0.764978 0.511407 0.503675 0.989826 0.973415 0.923811 0.749057 0.636448 0.445162 0.202349 0.056508 -0.127055 -0.245933 -0.350713 -0.498422 -0.668016 -0.754738 -0.875499 -0.959185 0.995097 0.979984 0.919403 0.739141 0.635022 0.430834 0.227761 0.068745 -0.153563 -0.259218 -0.360695 -0.515598 -0.674765 -0.744335 -0.868087 -0.969681 
19.644264 9903.227539 148 82 34 0.459372 0.582356 0.440369 0.987269 0.972299 0.891444 0.777111 0.633153 0.407274 0.218375 0.096142 -0.071291 -0.253925 -0.356353 -0.529967 -0.670765 -0.779579 -0.898735 -0.970756 0.989819 0.975688 0.906811 0.754016 0.654750 0.445473 0.214559 0.070439 -0.086666 -0.219821 -0.330240 -0.486467 -0.670375 -0.754807 -0.901714 -0.960834 
31.343876 1334090.875000 92 56 92 0.575965 0.555952 0.462695 0.973751 0.902343 0.751045 0.696358 0.605678 0.354311 0.211806 0.104499 -0.064900 -0.219297 -0.479702 -0.590637 -0.722269 -0.791403 -0.919425 -0.985236 0.977078 0.920490 0.773276 0.707146 0.592196 0.367642 0.204919 0.109426 -0.051555 -0.229653 -0.473597 -0.562661 -0.720672 -0.769035 -0.919311 -0.992115 
20.838463 52354.343750 92 102 132 0.546898 0.459723 0.478109 0.980928 0.945565 0.794922 0.722969 0.676595 0.447977 0.236261 0.104550 -0.028350 -0.247695 -0.470500 -0.556692 -0.655747 -0.841732 -0.930411 -0.972229 0.979917 0.942890 0.799089 0.715051 0.651635 0.441043 0.214399 0.113301 -0.071770 -0.246999 -0.456748 -0.585989 -0.701921 -0.818035 -0.921505 -0.976759 
29.691948 87712.023438 132 62 108 0.403869 0.473016 0.410219 0.963064 0.915326 0.792779 0.760586 0.695680 0.638375 0.297751 0.168600 0.074562 -0.068269 -0.374575 -0.526133 -0.674349 -0.822591 -0.939788 -0.969530 0.970258 0.917702 0.792273 0.734847 0.694487 0.566150 0.264899 0.168460 0.032325 -0.110960 -0.439747 -0.535431 -0.652689 -0.828870 -0.939108 -0.967502 
29.623215 41930.675781 58 58 50 0.348747 0.383529 0.763027 0.990697 0.971220 0.868672 0.756484 0.716200 0.637146 0.557266 0.256156 0.054252 -0.156846 -0.341593 -0.513974 -0.688240 -0.832126 -0.923042 -0.979034 0.972548 0.920898 0.798154 0.748447 0.684380 0.619764 0.501673 0.174018 0.088773 -0.125916 -0.333409 -0.524711 -0.697079 -0.830309 -0.932958 -0.969108 
50.913433 400747.562500 58 52 52 0.577145 0.947689 0.965220 0.989091 0.961569 0.932302 0.880386 0.747059 0.719403 0.612846 0.561848 0.227128 0.046581 -0.195543 -0.464508 -0.643377 -0.800465 -0.900749 -0.977209 0.990271 0.966599 0.933780 0.898623 0.749748 0.723738 0.627333 0.546230 0.184901 -0.043651 -0.265052 -0.465825 -0.672786 -0.814850 -0.902270 -0.976170 
55.496613 1744557.125000 52 52 52 0.985043 0.964019 0.917296 0.984076 0.954789 0.925454 0.841152 0.715573 0.664366 0.597089 0.483393 0.238958 0.090867 0.016495 -0.330780 -0.619708 -0.771333 -0.904232 -0.976383 0.987297 0.959714 0.928819 0.857458 0.731880 0.695598 0.596151 0.550263 0.213024 0.085681 -0.106734 -0.448028 -0.632118 -0.795831 -0.904836 -0.978116 
58.319340 6747652.500000 52 52 52 0.937332 0.948700 0.959974 0.976410 0.941784 0.921003 0.806148 0.675204 0.646161 0.531881 0.362394 0.203906 0.071603 -0.071023 -0.201861 -0.599441 -0.743105 -0.854026 -0.973048 0.980459 0.947186 0.923514 0.827989 0.687024 0.652286 0.570359 0.423642 0.233269 0.081806 0.002829 -0.250920 -0.605601 -0.761860 -0.896008 -0.975706 
58.481133 9842784.000000 52 52 52 0.954107 0.969304 0.674026 0.970745 0.941031 0.915470 0.794670 0.681665 0.638175 0.479459 0.301706 0.196996 -0.020945 -0.111905 -0.183489 -0.641568 -0.744843 -0.778389 -0.955771 0.973729 0.939942 0.919345 0.795948 0.674614 0.640185 0.481216 0.300643 0.204018 0.015792 -0.105954 -0.193133 -0.647640 -0.749883 -0.805639 -0.965639 
57.156876 16027743.000000 52 52 52 0.634278 0.979183 0.967424 0.976138 0.941728 0.918058 0.795773 0.669478 0.611342 0.410535 0.241631 0.170429 -0.037804 -0.174222 -0.278252 -0.568192 -0.730248 -0.782397 -0.932293 0.973704 0.941540 0.913684 0.787313 0.674990 0.608819 0.467972 0.269029 0.186206 -0.008139 -0.129264 -0.206827 -0.627406 -0.740523 -0.790738 -0.949997 
57.154942 13316344.000000 52 52 50 0.962184 0.935732 0.965757 0.979325 0.946850 0.922201 0.810614 0.665193 0.616636 0.417133 0.232886 0.159258 -0.065808 -0.165023 -0.262763 -0.631476 -0.761441 -0.792347 -0.898729 0.977350 0.943403 0.919219 0.808964 0.672339 0.609544 0.411581 0.232946 0.174161 -0.036837 -0.162888 -0.270470 -0.570543 -0.735022 -0.781002 -0.931171 
56.247120 8310463.500000 50 50 50 0.967293 0.987023 0.970806 0.984175 0.953181 0.927587 0.838771 0.658690 0.615922 0.421951 0.259872 0.148679 -0.079003 -0.156356 -0.340747 -0.673752 -0.753395 -0.795515 -0.911550 0.981620 0.949655 0.925272 0.826316 0.660748 0.626527 0.429869 0.246133 0.143403 -0.044914 -0.145338 -0.313491 -0.663681 -0.764034 -0.796845 -0.890416 
52.617378 2365181.000000 50 50 52 0.987779 0.958342 0.899036 0.990058 0.969755 0.934181 0.864832 0.629735 0.562606 0.358058 0.290014 0.111771 -0.070467 -0.139254 -0.428957 -0.697065 -0.748953 -0.868212 -0.968851 0.987260 0.961760 0.931368 0.857687 0.655717 0.592747 0.409316 0.278197 0.138956 -0.058450 -0.129049 -0.271658 -0.671360 -0.742720 -0.777516 -0.923669 
47.368847 24492362.000000 52 52 50 0.908076 0.745777 0.707826 0.983382 0.945267 0.834937 0.625678 0.451528 0.297242 0.243674 0.111282 0.001815 -0.226207 -0.447819 -0.596298 -0.719772 -0.807052 -0.928539 -0.989568 0.991210 0.973697 0.914495 0.732218 0.589483 0.428575 0.280476 0.196674 -0.003512 -0.152849 -0.399815 -0.589925 -0.717621 -0.841599 -0.930376 -0.983481 
52.795540 35592028.000000 52 52 52 0.758855 0.629809 0.442279 0.966819 0.917308 0.688917 0.563955 0.337252 0.203603 0.137919 0.071657 -0.105076 -0.328503 -0.525219 -0.628136 -0.739757 -0.845007 -0.939899 -0.989151 0.954803 0.919543 0.721994 0.569561 0.374353 0.241137 0.163689 0.084735 -0.040547 -0.302180 -0.487715 -0.609784 -0.716866 -0.832094 -0.916814 -0.984185 
51.167965 36057992.000000 52 52 50 0.548569 0.766161 0.860973 0.961728 0.922519 0.685871 0.568697 0.319105 0.169195 0.095483 -0.014313 -0.119190 -0.408178 -0.541674 -0.661947 -0.796176 -0.860968 -0.941329 -0.986893 0.965892 0.919820 0.710306 0.562935 0.317526 0.182017 0.114234 0.035928 -0.140148 -0.395225 -0.535898 -0.657794 -0.763936 -0.863306 -0.932495 -0.982409 
53.733940 42216616.000000 52 50 50 0.712331 0.896607 0.709180 0.935496 0.923696 0.672970 0.566643 0.286395 0.130057 0.076480 0.006756 -0.133408 -0.402655 -0.538769 -0.652797 -0.754461 -0.868799 -0.934663 -0.990342 0.939116 0.921921 0.686747 0.572612 0.323200 0.130973 0.064587 -0.007736 -0.155171 -0.421080 -0.535148 -0.632580 -0.770899 -0.857130 -0.946554 -0.987928 
53.997108 49979156.000000 50 50 46 0.717753 0.745733 0.644640 0.949883 0.901997 0.660519 0.452341 0.246452 0.173339 0.089575 -0.045300 -0.232546 -0.401476 -0.569890 -0.680183 -0.781463 -0.862853 -0.932768 -0.982301 0.936886 0.918996 0.661756 0.520675 0.252063 0.160614 0.075146 0.018141 -0.197244 -0.400174 -0.569838 -0.692111 -0.767718 -0.870196 -0.932267 -0.985560 
50.751076 23267580.000000 50 102 50 0.531345 0.645120 0.637337 0.966728 0.871265 0.628775 0.549558 0.291817 0.204531 0.116475 -0.020429 -0.193674 -0.335296 -0.531657 -0.651343 -0.773544 -0.861558 -0.947432 -0.990731 0.961078 0.845250 0.635058 0.522927 0.253596 0.193932 0.087039 -0.034189 -0.215229 -0.366158 -0.550485 -0.657395 -0.792387 -0.857200 -0.947055 -0.986128 
42.636948 4552657.500000 50 74 58 0.541974 0.510923 0.612770 0.989213 0.959762 0.679077 0.581217 0.431846 0.238247 0.166443 0.043276 -0.132188 -0.370594 -0.510479 -0.664869 -0.743375 -0.837997 -0.933057 -0.985609 0.968074 0.886443 0.618014 0.546455 0.307351 0.222118 0.133053 0.005483 -0.190644 -0.345865 -0.528455 -0.670938 -0.769056 -0.850563 -0.923839 -0.982468 
51.023239 16862794.000000 64 78 82 0.445563 0.628868 0.717232 0.981911 0.969772 0.933311 0.686631 0.621060 0.490826 0.258895 0.189853 0.011269 -0.073657 -0.329930 -0.570751 -0.676969 -0.811063 -0.936712 -0.976380 0.987199 0.970808 0.939558 0.678741 0.622416 0.427953 0.236917 0.132668 0.005820 -0.124312 -0.467790 -0.607394 -0.725094 -0.817364 -0.937599 -0.976671 
52.470978 12426973.000000 86 90 96 0.757779 0.772526 0.703359 0.975252 0.965619 0.932500 0.670714 0.632536 0.505216 0.260850 0.174531 0.025102 -0.080543 -0.283859 -0.575075 -0.675188 -0.782996 -0.917326 -0.977828 0.979779 0.966875 0.927822 0.667324 0.625424 0.487565 0.267065 0.203724 0.018195 -0.057633 -0.318982 -0.596641 -0.659829 -0.788483 -0.934382 -0.974956 
47.602341 1573767.625000 98 102 34 0.677261 0.914046 0.621474 0.982340 0.968800 0.947024 0.698451 0.640347 0.537755 0.271481 0.188210 0.019134 -0.172602 -0.432629 -0.569676 -0.692282 -0.816052 -0.924550 -0.987158 0.976778 0.968366 0.936611 0.679084 0.639036 0.535754 0.262012 0.192236 0.018759 -0.093315 -0.322756 -0.557541 -0.669486 -0.779603 -0.894951 -0.983253 
41.411972 393379.125000 62 94 104 0.602250 0.449667 0.415551 0.982458 0.967381 0.942139 0.667844 0.627857 0.506860 0.266288 0.192977 0.037049 -0.089823 -0.437601 -0.544435 -0.688252 -0.834538 -0.921363 -0.971226 0.983758 0.970731 0.944234 0.731266 0.631473 0.523228 0.253808 0.176746 0.043569 -0.093141 -0.447351 -0.552714 -0.700586 -0.833564 -0.927366 -0.976736 
35.087517 113565.945312 104 82 138 0.453850 0.456328 0.358810 0.988205 0.976323 0.958794 0.722917 0.626654 0.548361 0.283040 0.184873 0.023986 -0.085871 -0.359998 -0.500616 -0.703652 -0.826559 -0.924183 -0.983074 0.988084 0.974975 0.946557 0.660859 0.629390 0.499044 0.296256 0.176881 0.015027 -0.146336 -0.402912 -0.506916 -0.693333 -0.844050 -0.918051 -0.974789 
28.976131 38877.191406 134 62 62 0.577212 0.505543 0.532680 0.989607 0.975311 0.939400 0.729508 0.633858 0.495273 0.276388 0.169970 0.029252 -0.117896 -0.323127 -0.513311 -0.756783 -0.840268 -0.934158 -0.974957 0.990696 0.974217 0.947800 0.741250 0.624218 0.497371 0.275571 0.164862 0.049966 -0.064140 -0.319300 -0.501849 -0.725403 -0.816011 -0.929362 -0.978212 
22.389275 16031.580078 62 66 56 0.705661 0.411660 0.616940 0.989337 0.972477 0.921116 0.695419 0.628798 0.507696 0.197780 0.093588 -0.053186 -0.232049 -0.386387 -0.528722 -0.736139 -0.855619 -0.934467 -0.983086 0.990273 0.979366 0.932358 0.698347 0.633016 0.467145 0.261893 0.140778 -0.009989 -0.183669 -0.381160 -0.519632 -0.742684 -0.841621 -0.936833 -0.975787 
15.891929 7485.071289 80 94 110 0.455547 0.598784 0.433051 0.989741 0.974219 0.908280 0.706622 0.611378 0.495450 0.234459 0.106621 -0.032375 -0.251708 -0.414177 -0.575393 -0.717712 -0.841798 -0.932415 -0.967172 0.987818 0.967309 0.912675 0.721476 0.613044 0.504088 0.217862 0.105642 -0.021255 -0.244228 -0.401366 -0.574288 -0.711392 -0.859013 -0.925784 -0.978496 
16.524179 9040.430664 50 44 46 0.644907 0.636181 0.657697 0.988986 0.976108 0.905093 0.691237 0.629941 0.434380 0.239600 0.152858 -0.025179 -0.226814 -0.401957 -0.583167 -0.734394 -0.847650 -0.923032 -0.979846 0.986715 0.972388 0.913662 0.698138 0.601948 0.434364 0.248328 0.126720 -0.039335 -0.236537 -0.416724 -0.588018 -0.733414 -0.838517 -0.926564 -0.980591 
15.400154 5192.029297 60 58 60 0.516828 0.765609 0.567107 0.987051 0.969682 0.922709 0.743884 0.636557 0.471250 0.233982 0.134769 -0.062499 -0.238166 -0.392317 -0.577889 -0.731322 -0.849361 -0.927330 -0.983481 0.989581 0.976182 0.906359 0.718369 0.627439 0.518201 0.233888 0.140354 -0.047153 -0.226258 -0.398068 -0.576389 -0.729791 -0.858037 -0.926673 -0.979194 
12.065228 4507.090332 58 100 98 0.465387 0.591589 0.584858 0.984912 0.967032 0.879596 0.716374 0.622086 0.488327 0.296948 0.112663 -0.005836 -0.249511 -0.423472 -0.600544 -0.747473 -0.842819 -0.921223 -0.978449 0.987766 0.968867 0.894136 0.749083 0.624949 0.490640 0.262049 0.148177 -0.065671 -0.228887 -0.416964 -0.578916 -0.742492 -0.857432 -0.920438 -0.980630 
8.217070 869.372192 98 100 80 0.543546 0.362087 0.607653 0.987527 0.955157 0.876150 0.768837 0.615755 0.516996 0.311665 0.086193 -0.066851 -0.254861 -0.391350 -0.573586 -0.740480 -0.830997 -0.936997 -0.979049 0.984430 0.965229 0.879215 0.732365 0.624109 0.510482 0.277653 0.112976 -0.029480 -0.239888 -0.427861 -0.609694 -0.749366 -0.848947 -0.927627 -0.978190 
