42.034882 380245.156250 50 90 63 0.000000 0.757437 0.918421 0.983196 0.955523 0.924078 0.847762 0.709032 0.566709 0.463471 0.364303 0.164084 0.094355 -0.006085 -0.366610 -0.573066 -0.743741 -0.909976 -0.969729 0.990170 0.968988 0.910675 0.785259 0.601305 0.496080 0.442241 0.246501 0.087390 -0.084756 -0.312682 -0.515608 -0.696115 -0.808705 -0.922103 -0.975168 
54.748405 20344682.000000 50 52 54 0.836840 0.564031 0.952594 0.963825 0.938656 0.903612 0.847869 0.659814 0.549582 0.324066 0.216406 0.106308 -0.097419 -0.280138 -0.388498 -0.550650 -0.781074 -0.871418 -0.901173 0.971754 0.941915 0.904725 0.847270 0.684025 0.561441 0.341167 0.228709 0.117613 -0.097799 -0.248652 -0.351321 -0.466005 -0.728408 -0.867406 -0.891543 
60.067284 51601636.000000 54 52 54 0.987141 0.981616 0.913047 0.964185 0.941942 0.909287 0.842205 0.680321 0.507153 0.316873 0.225089 0.122252 -0.092950 -0.305656 -0.432676 -0.528599 -0.739793 -0.873345 -0.914643 0.962072 0.939274 0.903477 0.838606 0.662252 0.502643 0.303690 0.209404 0.093786 -0.106869 -0.315951 -0.416538 -0.561857 -0.744310 -0.871892 -0.902936 
60.757301 11284984.000000 54 54 162 0.933073 0.958457 0.721203 0.974654 0.953454 0.924151 0.866472 0.700165 0.596316 0.401581 0.232211 0.159455 -0.085933 -0.309280 -0.430820 -0.511956 -0.714276 -0.877224 -0.967718 0.966887 0.946798 0.917980 0.859974 0.708194 0.577097 0.382485 0.223770 0.166129 -0.037931 -0.296323 -0.439811 -0.502003 -0.702561 -0.863786 -0.932684 
41.753914 295729.437500 56 54 52 0.288523 0.632698 0.709960 0.965239 0.938074 0.891403 0.800510 0.662192 0.591109 0.459867 0.250548 0.195024 0.004174 -0.285237 -0.417130 -0.546503 -0.729131 -0.872920 -0.942876 0.979311 0.954919 0.917737 0.841186 0.664566 0.622551 0.483298 0.237158 0.153912 -0.097677 -0.341277 -0.433609 -0.594854 -0.788361 -0.889940 -0.974983 
40.264626 259948.171875 52 54 54 0.590687 0.819408 0.839985 0.966450 0.950284 0.903514 0.797329 0.679958 0.609207 0.438245 0.257784 0.228154 0.076291 -0.260474 -0.416920 -0.494219 -0.741204 -0.888111 -0.940230 0.969439 0.949319 0.892521 0.792532 0.675891 0.576354 0.447021 0.266645 0.234411 0.107248 -0.259160 -0.414011 -0.527568 -0.710291 -0.883198 -0.945106 
39.026264 142486.109375 54 54 54 0.879462 0.846770 0.740777 0.965113 0.946007 0.921291 0.828448 0.679446 0.629740 0.388949 0.260403 0.212869 0.017209 -0.334198 -0.432462 -0.524560 -0.776804 -0.893748 -0.962938 0.967148 0.945512 0.911824 0.825773 0.675669 0.619614 0.395500 0.280744 0.207972 0.004692 -0.261329 -0.386458 -0.539671 -0.727807 -0.883925 -0.959909 
39.831093 8666722.000000 54 48 48 0.698813 0.527413 0.395777 0.968571 0.942686 0.876641 0.750833 0.572047 0.411296 0.218942 0.069640 -0.071702 -0.292249 -0.496344 -0.551628 -0.753973 -0.878595 -0.958045 -0.984240 0.967743 0.945056 0.876382 0.750081 0.634065 0.499544 0.278223 0.145382 -0.040062 -0.226745 -0.475289 -0.560538 -0.724037 -0.816969 -0.920668 -0.976096 
56.080910 12816122.000000 60 48 50 0.303848 0.894480 0.979095 0.977176 0.968121 0.948372 0.849749 0.603164 0.508076 0.278744 0.184503 0.120108 -0.138759 -0.460554 -0.527377 -0.597644 -0.828909 -0.917652 -0.962995 0.984685 0.969449 0.942673 0.782797 0.591904 0.483875 0.255738 0.173348 0.030244 -0.231477 -0.494720 -0.512023 -0.730304 -0.909535 -0.943418 -0.977456 
60.008892 17080050.000000 50 50 54 0.974973 0.975422 0.885762 0.982325 0.968289 0.950355 0.859538 0.589982 0.486541 0.276548 0.170496 0.109951 -0.046803 -0.395382 -0.532059 -0.578439 -0.772397 -0.877609 -0.945514 0.979174 0.967082 0.950873 0.854217 0.597921 0.505257 0.313015 0.175440 0.139394 -0.069088 -0.372864 -0.533719 -0.587534 -0.799109 -0.883522 -0.948964 
51.198532 11726301.000000 52 58 54 0.873033 0.781232 0.625627 0.986482 0.968178 0.916563 0.767369 0.615917 0.423081 0.193693 0.081493 -0.115536 -0.365161 -0.552862 -0.604969 -0.836752 -0.911564 -0.958654 -0.979472 0.986395 0.973296 0.941602 0.829826 0.619074 0.505205 0.322988 0.150867 0.077817 -0.164669 -0.497619 -0.553843 -0.729647 -0.901206 -0.945806 -0.970113 
48.162407 15647449.000000 56 50 50 0.623215 0.571114 0.856258 0.970980 0.957676 0.835653 0.658261 0.509233 0.320395 0.134782 0.007235 -0.214381 -0.475975 -0.580952 -0.690623 -0.857984 -0.920141 -0.970125 -0.989283 0.968832 0.945598 0.893566 0.692538 0.538688 0.349349 0.134306 0.004096 -0.236361 -0.432806 -0.561793 -0.687627 -0.853463 -0.917530 -0.973464 -0.987133 
49.236530 14842458.000000 50 48 52 0.833000 0.707204 0.711789 0.973710 0.962686 0.871235 0.603105 0.487344 0.339827 0.186073 -0.066631 -0.277921 -0.463867 -0.592885 -0.713040 -0.834351 -0.909173 -0.975760 -0.992430 0.969930 0.960275 0.833309 0.620363 0.486711 0.331613 0.155488 -0.089603 -0.257775 -0.536338 -0.603211 -0.711216 -0.845623 -0.914528 -0.970091 -0.991014 
48.721310 14129669.000000 50 54 52 0.739012 0.796657 0.734848 0.974927 0.961767 0.833485 0.573945 0.450677 0.283535 0.093965 -0.056054 -0.233290 -0.519877 -0.609300 -0.698316 -0.841588 -0.922624 -0.972998 -0.984265 0.979370 0.953308 0.817898 0.608755 0.498610 0.316476 0.202374 -0.063998 -0.243362 -0.422512 -0.598923 -0.734366 -0.821115 -0.912205 -0.973048 -0.988644 
48.715355 10095245.000000 54 50 56 0.753412 0.687188 0.353616 0.974995 0.953381 0.740791 0.560457 0.451372 0.243060 0.063053 -0.087787 -0.309509 -0.496391 -0.598170 -0.711743 -0.829372 -0.919672 -0.970474 -0.988327 0.973554 0.962181 0.837805 0.568179 0.436013 0.281807 0.076227 -0.112992 -0.254837 -0.496375 -0.600310 -0.734282 -0.832529 -0.918333 -0.975408 -0.988639 
48.591362 5301453.000000 62 52 68 0.476727 0.485479 0.615597 0.971312 0.947484 0.790581 0.574707 0.460797 0.222205 0.053222 -0.067919 -0.315466 -0.453828 -0.645771 -0.743646 -0.846319 -0.942913 -0.974081 -0.994104 0.968477 0.938125 0.747710 0.595247 0.475547 0.205515 0.083951 -0.157917 -0.328915 -0.483226 -0.621266 -0.747844 -0.835043 -0.923712 -0.965873 -0.993101 
47.961483 4809283.000000 68 20 168 0.723378 0.499818 0.464194 0.970131 0.926374 0.812832 0.556561 0.455282 0.210142 0.047601 -0.081556 -0.374466 -0.518623 -0.593590 -0.714293 -0.812346 -0.942599 -0.979602 -0.990393 0.974444 0.949220 0.789142 0.588240 0.455615 0.224935 0.074051 -0.109191 -0.325066 -0.491850 -0.593164 -0.719406 -0.821295 -0.929531 -0.981523 -0.993357 
45.222851 4835926.000000 104 82 34 0.362766 0.500621 0.882759 0.982194 0.962733 0.871440 0.628028 0.450200 0.332574 0.109975 -0.001338 -0.207518 -0.416630 -0.566294 -0.588861 -0.812343 -0.918203 -0.971593 -0.986491 0.970505 0.930506 0.721176 0.557438 0.445172 0.196253 0.070793 -0.100235 -0.259395 -0.519217 -0.577822 -0.709150 -0.835771 -0.918723 -0.975338 -0.986435 
58.249519 48563976.000000 42 36 38 0.421234 0.933881 0.985782 0.984058 0.968111 0.920008 0.870296 0.606626 0.500175 0.340454 0.151339 0.052976 -0.073159 -0.441531 -0.554549 -0.620863 -0.773971 -0.893627 -0.987985 0.984686 0.975932 0.924715 0.869659 0.606820 0.494227 0.290613 0.144899 0.062100 -0.097180 -0.486534 -0.567826 -0.682612 -0.874006 -0.963489 -0.982287 
59.804199 73936048.000000 38 38 38 0.990077 0.987011 0.981799 0.982154 0.960455 0.921880 0.860832 0.567925 0.432011 0.329460 0.131374 0.058692 -0.046640 -0.406292 -0.539429 -0.615222 -0.769420 -0.866667 -0.980929 0.982068 0.960558 0.921639 0.863544 0.574207 0.479648 0.323882 0.122734 0.064250 -0.046927 -0.452454 -0.544915 -0.617880 -0.782590 -0.883812 -0.980711 
59.568501 68014640.000000 38 38 36 0.973400 0.960897 0.975235 0.983691 0.967003 0.921185 0.864177 0.535348 0.385102 0.327921 0.167407 0.051107 -0.114734 -0.371037 -0.513595 -0.663453 -0.775329 -0.831861 -0.955350 0.983078 0.963866 0.921030 0.862626 0.567511 0.398218 0.332105 0.136141 0.048949 -0.092347 -0.393314 -0.533011 -0.651083 -0.782047 -0.849957 -0.979733 
60.044933 53087768.000000 38 36 36 0.934196 0.994324 0.989077 0.984414 0.973107 0.923999 0.876823 0.464009 0.360585 0.292253 0.178158 0.093951 -0.122815 -0.403239 -0.501562 -0.665995 -0.778688 -0.818735 -0.965683 0.984203 0.970808 0.920044 0.870245 0.484429 0.375601 0.307910 0.184769 0.065377 -0.116312 -0.391583 -0.498682 -0.671407 -0.773647 -0.831777 -0.945633 
59.411770 35133132.000000 36 36 34 0.994480 0.964620 0.976186 0.983812 0.973386 0.924748 0.854516 0.530680 0.368223 0.287509 0.159964 0.113661 -0.053825 -0.362539 -0.513499 -0.626148 -0.784110 -0.816849 -0.948282 0.984343 0.973866 0.925100 0.864064 0.494440 0.360667 0.284237 0.167379 0.116899 -0.090175 -0.369743 -0.502188 -0.612672 -0.788140 -0.808512 -0.962161 
58.652023 15465463.000000 34 34 34 0.967037 0.987478 0.985301 0.983701 0.976644 0.931303 0.886617 0.551009 0.375954 0.282587 0.196369 0.081984 -0.025712 -0.355450 -0.511233 -0.671589 -0.759769 -0.834350 -0.885065 0.983835 0.975257 0.928996 0.865333 0.518485 0.370073 0.282555 0.167592 0.096646 -0.028967 -0.362794 -0.532459 -0.648129 -0.766880 -0.827477 -0.903434 
58.811951 7289717.000000 34 34 34 0.989205 0.980998 0.964133 0.983436 0.979046 0.938820 0.886627 0.534290 0.450363 0.329105 0.224673 0.097944 -0.045605 -0.390244 -0.483445 -0.638463 -0.768388 -0.789315 -0.926092 0.983639 0.978149 0.933822 0.884366 0.550343 0.426533 0.284484 0.220353 0.079486 0.000743 -0.398151 -0.486364 -0.680598 -0.757208 -0.821112 -0.895888 
58.302002 1788072.875000 34 32 34 0.968660 0.954874 0.988101 0.984224 0.980440 0.949425 0.871798 0.740544 0.571301 0.396275 0.250507 0.098001 -0.054684 -0.322586 -0.453140 -0.660526 -0.779676 -0.828068 -0.966836 0.983038 0.979151 0.941963 0.880495 0.600047 0.457983 0.398673 0.224462 0.094978 -0.051607 -0.361628 -0.479021 -0.633170 -0.779001 -0.793538 -0.946196 
59.063690 1216252.250000 34 34 34 0.937289 0.976534 0.977314 0.984548 0.981268 0.943109 0.863951 0.799644 0.613947 0.434570 0.289451 0.194238 0.026872 -0.250982 -0.470986 -0.692326 -0.769759 -0.879030 -0.975981 0.984599 0.981544 0.953422 0.860071 0.792244 0.575254 0.427761 0.300846 0.237787 -0.110550 -0.284575 -0.489984 -0.696955 -0.766488 -0.882514 -0.976684 
59.267712 743575.625000 34 34 36 0.979776 0.954484 0.976593 0.986098 0.982538 0.959690 0.908481 0.769467 0.566934 0.373966 0.292275 0.163513 0.046197 -0.243753 -0.474581 -0.671579 -0.783737 -0.913884 -0.975993 0.985326 0.982002 0.952676 0.869706 0.785024 0.604830 0.413629 0.286481 0.210442 -0.004660 -0.228782 -0.454867 -0.687182 -0.759520 -0.899334 -0.976480 
52.464645 160399.500000 36 38 36 0.983675 0.891148 0.667473 0.985861 0.979437 0.938939 0.875552 0.651760 0.540232 0.373951 0.266584 0.170689 0.000458 -0.296668 -0.464421 -0.643560 -0.798110 -0.914194 -0.975720 0.986589 0.983104 0.961009 0.909657 0.732893 0.549947 0.416595 0.276101 0.198361 -0.031097 -0.271257 -0.504526 -0.671389 -0.810615 -0.923497 -0.981041 
39.729916 187615.437500 36 34 36 0.713496 0.688033 0.902593 0.984471 0.978613 0.931760 0.857490 0.664709 0.400241 0.267864 0.118637 0.021877 -0.092326 -0.154570 -0.293254 -0.561888 -0.762603 -0.899397 -0.974941 0.982120 0.965746 0.929588 0.835757 0.570740 0.433220 0.245623 0.117941 0.021501 -0.076167 -0.139576 -0.311817 -0.595987 -0.774443 -0.897846 -0.967262 
45.541870 21784698.000000 36 106 94 0.865870 0.439643 0.706837 0.962715 0.931483 0.870839 0.785225 0.469430 0.259968 0.086487 -0.069848 -0.279364 -0.468399 -0.586108 -0.732839 -0.813949 -0.875147 -0.947113 -0.982673 0.983759 0.976782 0.903855 0.830591 0.505041 0.358064 0.206409 0.052618 -0.172100 -0.326029 -0.521861 -0.695008 -0.779612 -0.829320 -0.917222 -0.960499 
53.188644 19139368.000000 94 106 100 0.646312 0.391323 0.453992 0.971453 0.928398 0.873557 0.713253 0.385485 0.331171 0.016453 -0.065984 -0.364310 -0.555256 -0.621364 -0.726459 -0.868140 -0.910706 -0.953159 -0.979585 0.960629 0.939160 0.868081 0.785645 0.420460 0.277764 0.030889 -0.107913 -0.352136 -0.519302 -0.614196 -0.756362 -0.860529 -0.898595 -0.942200 -0.979319 
45.959660 7890712.500000 38 36 62 0.515949 0.587981 0.556193 0.960771 0.896306 0.848103 0.652070 0.423215 0.304902 0.079008 -0.010154 -0.163062 -0.471824 -0.544606 -0.621516 -0.833594 -0.879529 -0.936027 -0.972515 0.973326 0.937333 0.874649 0.623321 0.423187 0.260710 0.037051 -0.058089 -0.272011 -0.494513 -0.602610 -0.689120 -0.868654 -0.908688 -0.949152 -0.985020 
39.046890 3529728.500000 62 26 62 0.606021 0.446657 0.523472 0.955921 0.887439 0.872567 0.688970 0.537737 0.311761 0.127361 -0.008856 -0.099444 -0.287912 -0.456511 -0.566895 -0.819228 -0.861759 -0.924908 -0.963145 0.946615 0.899935 0.831743 0.620605 0.511292 0.285020 0.090771 0.001092 -0.144120 -0.426720 -0.511490 -0.579967 -0.824914 -0.859474 -0.924627 -0.978436 
49.274559 6503036.000000 62 50 50 0.724167 0.688953 0.920375 0.986146 0.957634 0.908782 0.876829 0.788137 0.595908 0.235129 0.099391 -0.007963 -0.118865 -0.324089 -0.567612 -0.790580 -0.883376 -0.930770 -0.962750 0.990061 0.942075 0.873671 0.840222 0.608397 0.433965 0.113447 0.034971 -0.098942 -0.242991 -0.433918 -0.592503 -0.795533 -0.858169 -0.934602 -0.961231 
56.670841 22190924.000000 52 52 62 0.905334 0.918712 0.841624 0.976117 0.944772 0.897523 0.843453 0.762497 0.655082 0.268086 0.139895 0.065036 -0.097788 -0.235474 -0.460027 -0.752985 -0.832250 -0.910385 -0.953220 0.980590 0.946354 0.902690 0.866433 0.772600 0.640804 0.311885 0.130678 0.061517 -0.125706 -0.217983 -0.424249 -0.763139 -0.863581 -0.928272 -0.959570 
56.587593 22384582.000000 60 66 68 0.775869 0.864846 0.939101 0.977607 0.938207 0.894848 0.824607 0.769944 0.620028 0.265516 0.189265 0.026625 -0.121656 -0.198198 -0.376887 -0.772772 -0.835643 -0.875471 -0.923853 0.980202 0.944349 0.884100 0.847769 0.759903 0.650645 0.274145 0.183596 0.049205 -0.120214 -0.199556 -0.402095 -0.728308 -0.839182 -0.895019 -0.946307 
55.700592 17693530.000000 68 70 70 0.945840 0.946546 0.986747 0.972592 0.942720 0.886606 0.821305 0.759278 0.651738 0.261861 0.196610 0.042122 -0.109354 -0.192231 -0.312693 -0.774227 -0.841337 -0.874138 -0.919142 0.975580 0.940424 0.893463 0.819481 0.763572 0.623215 0.260371 0.194436 0.042216 -0.132627 -0.194837 -0.364809 -0.788477 -0.839168 -0.880423 -0.925506 
55.060776 15247281.000000 70 70 70 0.981673 0.990255 0.990860 0.974304 0.948110 0.888584 0.828171 0.747254 0.597982 0.279256 0.215010 0.054574 -0.101552 -0.188770 -0.326691 -0.761309 -0.824322 -0.860592 -0.887853 0.973028 0.945653 0.886012 0.818072 0.754651 0.640012 0.272181 0.207386 0.043273 -0.102866 -0.192401 -0.323116 -0.780215 -0.836387 -0.868582 -0.913086 
54.702911 18991124.000000 70 70 70 0.987900 0.972213 0.956928 0.976050 0.952084 0.895993 0.836960 0.714994 0.504020 0.287059 0.217166 0.054697 -0.112428 -0.195701 -0.361633 -0.764415 -0.802083 -0.850555 -0.876258 0.974565 0.948564 0.892173 0.829016 0.738991 0.549106 0.279574 0.218595 0.062435 -0.116547 -0.183795 -0.360515 -0.776887 -0.816172 -0.861635 -0.892320 
54.634418 20633052.000000 70 70 70 0.969802 0.977340 0.956404 0.977145 0.955793 0.903908 0.828890 0.654408 0.487675 0.297759 0.223795 0.063426 -0.105022 -0.208496 -0.348871 -0.741829 -0.796617 -0.844999 -0.876436 0.977173 0.953934 0.903930 0.835948 0.660859 0.492784 0.295263 0.215525 0.041889 -0.106258 -0.213960 -0.359852 -0.749095 -0.794823 -0.845095 -0.872239 
54.572376 14287012.000000 70 72 72 0.952258 0.938879 0.936955 0.979293 0.963440 0.914091 0.792801 0.626540 0.498027 0.321029 0.228493 0.075288 -0.105066 -0.189690 -0.294562 -0.679097 -0.775767 -0.815278 -0.868774 0.978135 0.959164 0.905888 0.813843 0.656725 0.496930 0.296297 0.226349 0.078716 -0.111454 -0.206077 -0.330627 -0.727787 -0.786120 -0.831974 -0.880066 
53.178055 1279699.250000 72 74 72 0.930463 0.837128 0.777821 0.986572 0.974779 0.946381 0.846751 0.676716 0.576374 0.399158 0.290626 0.092551 -0.125012 -0.183558 -0.345123 -0.681095 -0.774950 -0.863766 -0.934746 0.981028 0.967870 0.939490 0.808577 0.624549 0.506455 0.348244 0.245796 0.072110 -0.118510 -0.180038 -0.300146 -0.685549 -0.758620 -0.840279 -0.903203 
50.959568 512622.625000 74 74 72 0.590289 0.892228 0.849143 0.990375 0.980920 0.951209 0.838303 0.671502 0.603550 0.446605 0.278170 0.201196 -0.064653 -0.219805 -0.282352 -0.683347 -0.794381 -0.863598 -0.960150 0.988810 0.980852 0.955216 0.837519 0.681994 0.610137 0.424044 0.266164 0.119653 -0.143283 -0.211218 -0.310073 -0.665257 -0.805581 -0.868899 -0.957130 
45.638092 197026.562500 72 76 74 0.845123 0.794440 0.683638 0.993234 0.982240 0.920927 0.767200 0.665564 0.589197 0.409950 0.286303 0.192244 -0.058614 -0.185199 -0.347544 -0.639525 -0.780842 -0.895316 -0.971630 0.989970 0.982386 0.945264 0.818472 0.658038 0.582045 0.484687 0.298750 0.220580 -0.019573 -0.186402 -0.300778 -0.686214 -0.805026 -0.887901 -0.964766 
42.102249 669771.937500 76 72 76 0.663016 0.758632 0.756553 0.995340 0.979085 0.917145 0.766128 0.617482 0.492198 0.415045 0.231424 0.115629 -0.060109 -0.290162 -0.582080 -0.699475 -0.742512 -0.858013 -0.968781 0.995361 0.976117 0.917541 0.787124 0.652083 0.579778 0.371070 0.270106 0.165022 -0.070088 -0.219149 -0.516418 -0.702240 -0.755998 -0.872174 -0.964542 
48.327133 581965.187500 70 72 68 0.713514 0.893755 0.937124 0.993053 0.982920 0.966207 0.827911 0.666937 0.542554 0.294431 0.197619 0.041523 -0.031543 -0.326434 -0.452677 -0.518459 -0.747567 -0.834816 -0.963380 0.994763 0.986400 0.945183 0.776416 0.659386 0.569499 0.391589 0.202380 0.090099 -0.032217 -0.222050 -0.492173 -0.708924 -0.769107 -0.847563 -0.956450 
53.699730 4353695.500000 68 66 66 0.950122 0.970091 0.965184 0.988739 0.979645 0.961078 0.882276 0.569254 0.347838 0.249598 0.098915 -0.046017 -0.157632 -0.356950 -0.497194 -0.526244 -0.764132 -0.853005 -0.968844 0.991061 0.981036 0.965278 0.874751 0.584235 0.348283 0.251987 0.119412 -0.038972 -0.138772 -0.326095 -0.482539 -0.514648 -0.713406 -0.832513 -0.932320 
56.806137 5057591.000000 64 64 64 0.942906 0.956909 0.968245 0.988868 0.980666 0.968348 0.911643 0.501256 0.323815 0.244547 0.079177 -0.084473 -0.191640 -0.439501 -0.490755 -0.623257 -0.739974 -0.925150 -0.989366 0.987763 0.979967 0.963916 0.885040 0.565209 0.351773 0.246985 0.105114 -0.064004 -0.158138 -0.389215 -0.497718 -0.561480 -0.719014 -0.870036 -0.987636 
55.466423 2266643.000000 64 66 68 0.968802 0.970673 0.961135 0.989708 0.981436 0.971692 0.908061 0.458150 0.316680 0.247114 0.160050 0.027654 -0.140675 -0.435407 -0.472085 -0.633270 -0.703609 -0.934349 -0.987951 0.989463 0.980951 0.971062 0.906439 0.492933 0.320772 0.235025 0.115788 -0.030148 -0.169596 -0.438091 -0.485292 -0.649802 -0.735722 -0.951941 -0.988260 
52.065678 342611.062500 68 68 80 0.965974 0.950579 0.590156 0.991549 0.982396 0.968980 0.926727 0.531419 0.446276 0.292478 0.217812 0.070771 -0.141740 -0.379205 -0.467885 -0.612994 -0.718481 -0.902829 -0.979852 0.990483 0.982006 0.970355 0.909855 0.450592 0.388918 0.284208 0.224664 0.075920 -0.108430 -0.400176 -0.457604 -0.619246 -0.684676 -0.938344 -0.986376 
34.271957 35356.472656 80 68 68 0.615503 0.633166 0.482145 0.993534 0.981353 0.959334 0.849854 0.524863 0.426739 0.296483 0.217364 0.022732 -0.142597 -0.386027 -0.497723 -0.554375 -0.772779 -0.917739 -0.969940 0.992064 0.981086 0.963165 0.872656 0.550208 0.424531 0.286693 0.192310 0.017164 -0.132613 -0.437373 -0.505488 -0.572502 -0.759929 -0.874811 -0.979949 
30.410349 19800.931641 68 68 60 0.550784 0.544318 0.678278 0.991038 0.978727 0.956590 0.789522 0.603352 0.441498 0.282534 0.234154 0.074046 -0.186352 -0.342410 -0.485052 -0.697693 -0.804565 -0.896811 -0.975725 0.987810 0.980765 0.960707 0.788323 0.573258 0.403458 0.292502 0.203178 0.021458 -0.104215 -0.389480 -0.464955 -0.624517 -0.817062 -0.915339 -0.977266 
27.442776 20678.615234 62 64 30 0.554411 0.359596 0.378465 0.989158 0.974449 0.915132 0.794409 0.667634 0.438911 0.307864 0.188918 -0.024714 -0.208097 -0.405253 -0.613690 -0.701843 -0.762406 -0.918040 -0.993678 0.988921 0.977184 0.957853 0.842584 0.655836 0.489869 0.297163 0.267193 0.054013 -0.187273 -0.378123 -0.514477 -0.667707 -0.817791 -0.923212 -0.982367 
31.815683 855955.937500 140 34 66 0.607406 0.763366 0.555762 0.975129 0.913125 0.812090 0.790439 0.546190 0.418012 0.214428 0.115546 -0.024835 -0.171909 -0.454335 -0.661264 -0.762468 -0.887826 -0.973122 -0.993035 0.978622 0.965777 0.843540 0.815750 0.648362 0.391158 0.242652 0.103195 -0.048058 -0.215260 -0.482575 -0.645852 -0.711784 -0.759244 -0.928532 -0.997449 
34.751354 2581440.500000 66 62 28 0.468843 0.410024 0.335469 0.967604 0.854229 0.795151 0.709942 0.429352 0.332920 0.183332 0.028766 -0.129980 -0.296969 -0.461552 -0.600226 -0.746859 -0.845068 -0.960981 -0.987670 0.969632 0.853042 0.801866 0.732686 0.455839 0.351227 0.158327 0.046931 -0.146607 -0.261273 -0.485937 -0.625776 -0.738882 -0.875795 -0.955630 -0.989663 
35.647598 2096161.375000 36 28 50 0.376449 0.670937 0.579245 0.971451 0.885845 0.792642 0.769483 0.476073 0.388336 0.237133 0.090766 -0.096773 -0.262191 -0.477234 -0.603367 -0.728252 -0.808896 -0.953406 -0.989605 0.968543 0.865468 0.785641 0.753799 0.448336 0.337451 0.176502 0.043911 -0.151426 -0.307077 -0.460832 -0.602202 -0.745809 -0.826509 -0.958508 -0.988239 
44.519165 541030.125000 68 60 66 0.529732 0.249359 0.605346 0.988333 0.974883 0.943769 0.872110 0.801488 0.554378 0.395449 0.213320 0.042634 -0.156809 -0.358232 -0.561732 -0.692123 -0.818002 -0.949279 -0.990125 0.986105 0.938316 0.804433 0.788838 0.487479 0.424764 0.222273 0.136472 -0.048752 -0.264466 -0.434977 -0.569879 -0.708094 -0.801005 -0.954501 -0.986847 
52.833485 330440.656250 66 68 76 0.516139 0.858262 0.843864 0.986299 0.971539 0.955856 0.888030 0.824077 0.705679 0.463171 0.361242 0.145907 -0.007872 -0.312853 -0.503528 -0.680506 -0.809213 -0.940537 -0.988451 0.987491 0.971169 0.950122 0.890797 0.823329 0.671840 0.467171 0.355358 0.114714 -0.024156 -0.341977 -0.541247 -0.679491 -0.793288 -0.945095 -0.992239 
47.186451 1667529.250000 76 82 78 0.823168 0.635077 0.643301 0.992121 0.972919 0.925631 0.809328 0.680055 0.360372 0.255818 0.129746 -0.078986 -0.271173 -0.409234 -0.608055 -0.721086 -0.794337 -0.886862 -0.982197 0.986818 0.971768 0.952905 0.874007 0.805041 0.608911 0.359091 0.236434 0.083965 -0.095372 -0.344826 -0.523120 -0.710623 -0.764161 -0.931103 -0.986223 
37.891762 3452250.750000 82 74 148 0.633570 0.492419 0.481376 0.985011 0.944856 0.853688 0.711844 0.519155 0.329424 0.182292 0.023189 -0.157399 -0.255220 -0.456351 -0.634505 -0.716677 -0.809035 -0.933584 -0.976167 0.992579 0.967454 0.876000 0.761040 0.552702 0.333276 0.233500 0.043992 -0.161564 -0.270972 -0.434868 -0.569536 -0.708902 -0.818883 -0.896811 -0.972644 
38.578140 4813875.000000 94 80 74 0.410286 0.417972 0.483198 0.953522 0.897389 0.828427 0.651604 0.475668 0.327189 0.177058 0.070217 -0.170300 -0.241954 -0.466172 -0.656387 -0.695752 -0.819620 -0.927083 -0.972790 0.973827 0.937533 0.822555 0.683198 0.513157 0.343573 0.188401 0.073503 -0.167010 -0.263485 -0.457626 -0.642331 -0.709287 -0.796781 -0.932260 -0.980036 
39.732365 5811379.500000 74 60 50 0.437430 0.582799 0.371969 0.942996 0.862786 0.787929 0.608849 0.477458 0.316617 0.184857 0.072459 -0.144527 -0.263589 -0.437305 -0.617209 -0.717408 -0.800534 -0.909981 -0.974989 0.950232 0.889435 0.842711 0.674423 0.446573 0.321999 0.180985 0.039798 -0.159877 -0.288960 -0.464391 -0.662423 -0.713364 -0.787375 -0.899851 -0.970461 
40.280914 7198587.000000 74 44 34 0.358822 0.355553 0.500835 0.928417 0.873632 0.771505 0.621701 0.540180 0.385907 0.168823 -0.001676 -0.114195 -0.265968 -0.420257 -0.631444 -0.761786 -0.834230 -0.897865 -0.975640 0.956167 0.900941 0.759951 0.621060 0.504311 0.334906 0.148999 0.030098 -0.152057 -0.278960 -0.406263 -0.621480 -0.746097 -0.802849 -0.899252 -0.981066 
40.526241 5379267.500000 70 24 84 0.386175 0.527162 0.456873 0.935629 0.869922 0.828025 0.597381 0.464977 0.302374 0.186770 0.064740 -0.075471 -0.319327 -0.453456 -0.715395 -0.759371 -0.809043 -0.924699 -0.982810 0.951845 0.873448 0.795640 0.602517 0.472359 0.316147 0.183552 0.035438 -0.174323 -0.298851 -0.475436 -0.704326 -0.763344 -0.834769 -0.910812 -0.975144 
36.621071 2705297.750000 142 142 204 0.619802 0.601930 0.482446 0.927656 0.884709 0.771174 0.629199 0.526747 0.275378 0.213656 0.002282 -0.203218 -0.312678 -0.432845 -0.647673 -0.772747 -0.853418 -0.932091 -0.984097 0.945294 0.881432 0.782274 0.601042 0.484033 0.280899 0.200487 0.035352 -0.173278 -0.337110 -0.448296 -0.644452 -0.773482 -0.832005 -0.933834 -0.976391 
48.971451 2461751.000000 36 70 48 0.475007 0.353872 0.588368 0.984469 0.960385 0.926824 0.898479 0.728790 0.559599 0.367808 0.250194 0.149452 -0.186499 -0.293802 -0.482168 -0.735141 -0.786026 -0.887640 -0.962979 0.967903 0.910311 0.838905 0.657145 0.517583 0.287767 0.229609 0.126636 -0.152688 -0.294877 -0.368450 -0.613762 -0.732415 -0.841204 -0.926070 -0.966378 
61.111874 53424192.000000 48 54 54 0.788747 0.965603 0.955877 0.966423 0.946827 0.925321 0.849960 0.641853 0.540652 0.334942 0.246219 0.109631 -0.172758 -0.305863 -0.389279 -0.692200 -0.774814 -0.848463 -0.876812 0.976438 0.953362 0.927303 0.886836 0.682628 0.533839 0.343088 0.267000 0.149752 -0.207222 -0.299946 -0.402405 -0.682842 -0.786764 -0.847708 -0.900317 
62.882133 62395684.000000 54 54 54 0.954999 0.968704 0.974501 0.963469 0.945011 0.922578 0.854237 0.646638 0.521656 0.339146 0.211018 0.121592 -0.159564 -0.320952 -0.409699 -0.644660 -0.770510 -0.826834 -0.872706 0.963834 0.945539 0.923097 0.849956 0.641634 0.535225 0.339014 0.224352 0.113943 -0.152704 -0.318313 -0.402750 -0.675325 -0.774761 -0.836738 -0.879312 
62.946495 65222680.000000 54 54 54 0.973160 0.962439 0.935223 0.966152 0.944903 0.919850 0.861065 0.632945 0.523375 0.296753 0.200721 0.119653 -0.128331 -0.320368 -0.391995 -0.619995 -0.730269 -0.833918 -0.909641 0.963446 0.944767 0.920538 0.851929 0.635818 0.531924 0.323935 0.209059 0.120636 -0.137043 -0.326303 -0.403846 -0.618163 -0.749638 -0.813324 -0.881058 
58.836361 8101950.000000 54 56 56 0.953467 0.952753 0.803193 0.981068 0.950663 0.923183 0.886139 0.704303 0.574980 0.388758 0.167530 0.123683 -0.017327 -0.259971 -0.374442 -0.557871 -0.745587 -0.880772 -0.929605 0.973190 0.946380 0.920544 0.879041 0.655890 0.474470 0.290539 0.185260 0.116315 -0.125808 -0.285780 -0.377881 -0.619217 -0.725577 -0.868283 -0.919283 
47.097687 6036268.000000 56 56 54 0.829033 0.772036 0.760208 0.980294 0.942856 0.919042 0.723991 0.621313 0.563775 0.323980 0.144043 0.050588 -0.191173 -0.466145 -0.605021 -0.778059 -0.871129 -0.929996 -0.981043 0.987502 0.955239 0.921966 0.862624 0.639573 0.600037 0.439570 0.159334 0.100468 -0.124751 -0.268293 -0.452385 -0.634480 -0.774549 -0.852095 -0.948322 
48.801670 15418958.000000 54 56 54 0.703579 0.821139 0.831978 0.951144 0.924415 0.850381 0.674779 0.609617 0.513120 0.145682 0.009823 -0.261741 -0.464531 -0.622086 -0.759073 -0.812403 -0.882060 -0.985968 -0.995990 0.962531 0.936288 0.879100 0.680260 0.620602 0.535224 0.259525 0.058145 -0.087072 -0.416945 -0.584924 -0.692868 -0.825662 -0.874549 -0.972503 -0.992939 
51.153446 10354611.000000 54 54 56 0.900854 0.416493 0.857683 0.959835 0.914438 0.880947 0.676609 0.550395 0.391188 0.182076 -0.097990 -0.326432 -0.480851 -0.584029 -0.760440 -0.866405 -0.918918 -0.981325 -0.994571 0.961289 0.907213 0.854848 0.663525 0.596279 0.398037 0.167583 -0.059331 -0.312937 -0.445297 -0.604407 -0.754804 -0.850074 -0.929001 -0.984809 -0.993666 
49.887371 6429088.000000 56 56 54 0.879829 0.848761 0.742961 0.951073 0.934721 0.880231 0.684210 0.553835 0.360492 0.171411 -0.059596 -0.389611 -0.493320 -0.624509 -0.750892 -0.863469 -0.926151 -0.984735 -0.994456 0.958135 0.926422 0.888636 0.676236 0.564183 0.462092 0.180969 -0.046060 -0.362634 -0.502853 -0.588872 -0.739442 -0.869088 -0.934222 -0.973306 -0.995642 
54.035419 4999381.000000 54 54 54 0.788049 0.710149 0.641991 0.952803 0.924563 0.846242 0.671932 0.565333 0.355708 0.012976 -0.285197 -0.380063 -0.564983 -0.670438 -0.736459 -0.865751 -0.937406 -0.982481 -0.996799 0.955076 0.933358 0.867955 0.657181 0.545454 0.330395 0.109777 -0.184276 -0.388324 -0.521211 -0.636448 -0.763369 -0.866305 -0.936967 -0.990344 -0.995382 
46.501205 967949.875000 54 54 74 0.757534 0.659835 0.654912 0.966353 0.928480 0.882008 0.677037 0.598214 0.452683 0.165873 -0.096351 -0.324749 -0.530475 -0.651209 -0.768272 -0.875213 -0.909460 -0.966161 -0.995793 0.953625 0.903071 0.832537 0.667356 0.591471 0.378251 0.017709 -0.229449 -0.417078 -0.603920 -0.681487 -0.778986 -0.876532 -0.923004 -0.972835 -0.991412 
31.779673 320824.500000 74 56 54 0.654886 0.844271 0.346430 0.969743 0.941949 0.898341 0.709416 0.579090 0.386792 0.153515 0.006064 -0.207849 -0.383241 -0.587527 -0.689005 -0.807082 -0.902893 -0.979404 -0.996056 0.975930 0.940368 0.910574 0.677318 0.609547 0.522637 0.225681 0.044464 -0.322425 -0.443307 -0.618520 -0.720230 -0.872647 -0.931458 -0.978264 -0.995903 
44.447399 12035410.000000 76 54 54 0.632703 0.328515 0.683304 0.951221 0.891070 0.851443 0.592345 0.442166 0.330284 0.092325 -0.152014 -0.325408 -0.457276 -0.557045 -0.712701 -0.790102 -0.861186 -0.913623 -0.982383 0.947597 0.891096 0.834887 0.534916 0.439990 0.322712 0.078257 -0.058017 -0.235915 -0.419509 -0.543351 -0.658803 -0.748041 -0.847717 -0.910097 -0.986944 
45.611881 4194311.500000 54 54 60 0.542124 0.701528 0.596923 0.982082 0.934639 0.846502 0.601277 0.400844 0.154739 0.107362 -0.141284 -0.339628 -0.467442 -0.598910 -0.712754 -0.775694 -0.854926 -0.926089 -0.985379 0.953601 0.918848 0.799082 0.602155 0.324576 0.151273 0.036941 -0.215120 -0.346784 -0.504244 -0.590604 -0.699972 -0.786044 -0.878094 -0.919852 -0.981677 
52.418369 5499620.500000 54 54 66 0.594506 0.860277 0.914197 0.985398 0.978056 0.959524 0.867030 0.515850 0.445946 0.232437 0.165093 0.064608 -0.318204 -0.470882 -0.523445 -0.668982 -0.814852 -0.930731 -0.985592 0.990250 0.977003 0.964594 0.825047 0.497748 0.407774 0.177309 0.126301 -0.162270 -0.398060 -0.506577 -0.642703 -0.738360 -0.828742 -0.919652 -0.986340 
54.759121 5412625.000000 66 70 72 0.907700 0.982143 0.984676 0.986239 0.977022 0.955499 0.886231 0.547577 0.449529 0.223759 0.166814 0.072064 -0.253598 -0.459718 -0.522983 -0.670127 -0.804762 -0.883269 -0.986351 0.986212 0.978111 0.957390 0.870422 0.534484 0.454644 0.230333 0.169977 0.065550 -0.234069 -0.468800 -0.530547 -0.674830 -0.809664 -0.917119 -0.988303 
53.488411 3424305.750000 72 74 74 0.985952 0.938025 0.970313 0.986634 0.977692 0.957290 0.884108 0.588550 0.464057 0.228081 0.188376 0.084532 -0.341925 -0.475745 -0.511344 -0.697867 -0.800108 -0.916611 -0.991077 0.986362 0.976783 0.955987 0.884723 0.577504 0.459196 0.230648 0.177702 0.105614 -0.245710 -0.477822 -0.510807 -0.668427 -0.789397 -0.901175 -0.991298 
50.673237 2252181.000000 74 74 74 0.967342 0.970852 0.952389 0.988632 0.977699 0.962155 0.858680 0.598767 0.503992 0.226202 0.186218 0.017475 -0.420143 -0.520488 -0.652439 -0.811786 -0.894262 -0.935234 -0.984441 0.986976 0.976896 0.959340 0.884874 0.589297 0.460933 0.234915 0.186712 0.079001 -0.374885 -0.471969 -0.579615 -0.727104 -0.830080 -0.899149 -0.984634 
47.517380 2948184.750000 76 74 74 0.959364 0.952125 0.865072 0.989965 0.979152 0.966254 0.780280 0.571167 0.426607 0.148126 -0.046837 -0.394673 -0.554801 -0.690250 -0.787157 -0.872296 -0.898435 -0.940349 -0.990047 0.989326 0.979683 0.964862 0.833568 0.595527 0.514177 0.203924 0.144071 -0.275466 -0.455028 -0.571331 -0.773340 -0.855699 -0.900069 -0.951411 -0.985054 
54.772095 6024146.000000 76 74 74 0.876333 0.779684 0.767550 0.992266 0.970186 0.888159 0.695161 0.547138 0.323977 0.062696 -0.256201 -0.429159 -0.551954 -0.694069 -0.821818 -0.901390 -0.928434 -0.945129 -0.971865 0.990429 0.974979 0.940605 0.725444 0.569095 0.359894 0.100524 -0.157201 -0.420508 -0.536718 -0.687230 -0.801043 -0.886370 -0.916778 -0.946022 -0.987170 
57.107147 5833165.000000 74 74 74 0.764179 0.771300 0.322879 0.989663 0.959506 0.838880 0.636190 0.422937 0.163628 0.012829 -0.092368 -0.288994 -0.569499 -0.735822 -0.780803 -0.878638 -0.916347 -0.936191 -0.973384 0.991418 0.963373 0.854241 0.692588 0.513717 0.308084 0.059005 -0.210633 -0.345435 -0.608983 -0.699275 -0.818125 -0.908054 -0.930277 -0.946059 -0.968114 
44.100918 880858.312500 76 62 68 0.447871 0.685512 0.943321 0.991959 0.982539 0.966643 0.875707 0.680861 0.420162 0.116838 -0.060914 -0.237303 -0.384029 -0.647283 -0.741624 -0.859665 -0.907427 -0.928522 -0.968377 0.992174 0.982455 0.905495 0.715226 0.544725 0.276700 0.056474 -0.052068 -0.246396 -0.485049 -0.687034 -0.756731 -0.873311 -0.911281 -0.944101 -0.985352 
49.180378 415106.093750 68 70 70 0.876912 0.929576 0.981985 0.990002 0.982349 0.968457 0.910890 0.834232 0.602837 0.256019 0.048222 -0.212413 -0.451691 -0.601894 -0.719074 -0.826457 -0.881133 -0.936210 -0.957673 0.991123 0.982357 0.968867 0.916950 0.792921 0.544321 0.212053 -0.018005 -0.235464 -0.403683 -0.609575 -0.756068 -0.836336 -0.902755 -0.929366 -0.975639 
52.754875 481330.781250 70 70 70 0.978708 0.989739 0.966143 0.987558 0.982013 0.965812 0.904433 0.853486 0.669049 0.303996 0.089277 -0.078729 -0.447930 -0.640013 -0.676453 -0.837905 -0.898106 -0.936449 -0.953878 0.988852 0.982405 0.968366 0.903335 0.849925 0.665940 0.259820 0.064560 -0.219740 -0.525126 -0.640085 -0.715745 -0.845537 -0.906447 -0.940999 -0.953773 
54.132721 430808.312500 70 68 66 0.961808 0.988301 0.990950 0.987746 0.981409 0.968925 0.914158 0.861415 0.658022 0.339485 0.072069 -0.115974 -0.322317 -0.641183 -0.663824 -0.843608 -0.901948 -0.933311 -0.945701 0.987462 0.981852 0.967260 0.915076 0.846497 0.628479 0.315594 0.075432 -0.112994 -0.354228 -0.653984 -0.687557 -0.851289 -0.906273 -0.934897 -0.950284 
56.891247 6591587.000000 66 64 64 0.990692 0.945829 0.932960 0.982003 0.970367 0.941656 0.891725 0.864687 0.626418 0.148874 -0.026726 -0.138591 -0.246344 -0.340402 -0.665098 -0.768600 -0.859287 -0.920906 -0.947481 0.986931 0.980410 0.964357 0.912467 0.856214 0.617649 0.326841 0.083672 -0.158928 -0.253540 -0.621363 -0.663782 -0.753246 -0.900510 -0.934935 -0.946640 
60.069294 9970337.000000 64 64 62 0.888896 0.974916 0.947737 0.977175 0.958251 0.934329 0.876422 0.862936 0.718709 0.057789 -0.020418 -0.142777 -0.221898 -0.300468 -0.532528 -0.722642 -0.805624 -0.899204 -0.933730 0.979515 0.962334 0.940411 0.885829 0.868677 0.762020 0.054480 -0.041175 -0.129360 -0.246921 -0.301004 -0.547723 -0.727887 -0.807976 -0.911721 -0.934380 
61.157722 20964470.000000 62 60 58 0.972465 0.986872 0.976180 0.972204 0.951706 0.926774 0.862094 0.847966 0.693778 0.071881 -0.003890 -0.112358 -0.204021 -0.279114 -0.505190 -0.705281 -0.782198 -0.868889 -0.898029 0.975978 0.955613 0.928993 0.869520 0.856150 0.712158 0.068176 -0.006557 -0.131640 -0.205467 -0.290333 -0.532015 -0.714455 -0.791249 -0.881640 -0.920608 
62.763271 36998644.000000 58 56 54 0.991066 0.982562 0.993158 0.970323 0.948282 0.925112 0.850928 0.831911 0.672029 0.108542 0.039004 -0.101349 -0.193752 -0.267858 -0.479922 -0.704255 -0.781933 -0.872202 -0.908190 0.968594 0.949612 0.925660 0.856178 0.839614 0.684598 0.099708 0.019572 -0.111789 -0.190042 -0.262218 -0.489331 -0.701288 -0.770264 -0.867571 -0.898905 
62.433044 29373296.000000 54 52 52 0.989229 0.936465 0.985131 0.974456 0.949208 0.928084 0.853226 0.817336 0.662106 0.144246 0.104683 -0.074272 -0.208066 -0.248766 -0.440280 -0.692510 -0.764691 -0.862175 -0.885271 0.970613 0.947411 0.927326 0.848852 0.824393 0.672815 0.112405 0.067773 -0.109305 -0.190658 -0.259011 -0.501404 -0.701630 -0.800232 -0.863881 -0.896461 
60.481361 13210892.000000 52 52 52 0.981116 0.951050 0.951691 0.978501 0.957529 0.931571 0.883784 0.817539 0.576778 0.206717 0.156758 -0.007184 -0.173550 -0.277404 -0.476716 -0.691384 -0.798659 -0.851376 -0.884083 0.976319 0.952922 0.929125 0.863797 0.814382 0.647986 0.151453 0.119211 -0.009689 -0.204728 -0.268434 -0.450048 -0.682710 -0.787774 -0.850249 -0.885175 
52.936707 3549155.250000 52 52 54 0.934468 0.913919 0.688575 0.988284 0.964132 0.922742 0.866305 0.814976 0.489935 0.226853 0.169604 -0.068637 -0.183091 -0.287724 -0.528966 -0.717452 -0.827269 -0.876630 -0.976703 0.983620 0.965054 0.929688 0.876125 0.831633 0.513635 0.240422 0.202681 0.011787 -0.164304 -0.249988 -0.468340 -0.675596 -0.786442 -0.856336 -0.926099 
42.441162 4234527.500000 54 54 54 0.821914 0.531153 0.709057 0.971876 0.953425 0.847173 0.822417 0.630662 0.366521 0.212235 0.064927 -0.140441 -0.267591 -0.412692 -0.649851 -0.707662 -0.881567 -0.930296 -0.985931 0.985441 0.959817 0.902924 0.833240 0.800117 0.409597 0.217778 0.107777 -0.107529 -0.217349 -0.452917 -0.594611 -0.722304 -0.846256 -0.909932 -0.987508 
40.343315 2884602.500000 52 54 52 0.523830 0.763693 0.727079 0.970516 0.953902 0.909505 0.846842 0.502873 0.277147 0.179878 0.022762 -0.157181 -0.263390 -0.464879 -0.644994 -0.750357 -0.830145 -0.948418 -0.993139 0.972451 0.960867 0.849008 0.825599 0.632837 0.319870 0.194087 0.070259 -0.103045 -0.288952 -0.490730 -0.640559 -0.752680 -0.875600 -0.956864 -0.988783 
38.718647 2297250.500000 52 54 52 0.781642 0.640276 0.493168 0.970243 0.951805 0.869048 0.829751 0.587182 0.300975 0.212347 0.108907 -0.138320 -0.267265 -0.481070 -0.585514 -0.692505 -0.857441 -0.947853 -0.988327 0.973003 0.958168 0.872173 0.828628 0.588912 0.295994 0.220058 0.050676 -0.152768 -0.261120 -0.498793 -0.630582 -0.750246 -0.838844 -0.953945 -0.991704 
33.574432 264612.937500 52 54 52 0.650331 0.812260 0.762166 0.952554 0.938181 0.874152 0.834518 0.770693 0.410001 0.227420 0.101124 -0.120236 -0.249870 -0.409871 -0.637459 -0.722942 -0.872495 -0.969898 -0.994122 0.956012 0.942843 0.861909 0.828074 0.743498 0.347296 0.189980 0.090095 -0.153212 -0.247386 -0.447249 -0.586385 -0.711179 -0.853828 -0.955522 -0.987673 
29.665081 356691.625000 52 56 56 0.554294 0.705175 0.531024 0.952339 0.938625 0.878064 0.797374 0.520371 0.379923 0.271568 0.133783 -0.172342 -0.219087 -0.517506 -0.662866 -0.771324 -0.839335 -0.962524 -0.992955 0.957559 0.940029 0.869740 0.827316 0.746197 0.385016 0.247002 0.127361 -0.079338 -0.263924 -0.444557 -0.631142 -0.752443 -0.855306 -0.968183 -0.993381 
37.455288 3603781.250000 56 108 38 0.604342 0.414265 0.554748 0.948915 0.912543 0.828737 0.757490 0.547054 0.376316 0.249195 0.114736 -0.087746 -0.216715 -0.425580 -0.577212 -0.675824 -0.810492 -0.942468 -0.977056 0.957521 0.906276 0.823972 0.652133 0.463712 0.369234 0.225913 0.087717 -0.155711 -0.195265 -0.495894 -0.631755 -0.678578 -0.808499 -0.955042 -0.989451 
37.373516 416502.562500 96 56 52 0.573873 0.386032 0.296931 0.984332 0.960641 0.919861 0.863356 0.756884 0.516825 0.354023 0.189614 -0.022992 -0.148426 -0.334619 -0.575105 -0.653955 -0.820656 -0.957736 -0.984621 0.946384 0.903061 0.849502 0.779940 0.559031 0.407569 0.271756 0.123421 -0.060825 -0.222301 -0.442783 -0.601401 -0.689088 -0.847240 -0.956570 -0.979801 
56.812115 720640.125000 50 66 72 0.612315 0.783770 0.872517 0.978764 0.966193 0.941211 0.873903 0.839871 0.730494 0.539952 0.424257 0.177784 0.062319 -0.233224 -0.479983 -0.675650 -0.804244 -0.921531 -0.983167 0.980651 0.964993 0.938645 0.880261 0.841370 0.713899 0.489894 0.421484 0.162194 0.021232 -0.223553 -0.458772 -0.663861 -0.789415 -0.927238 -0.986842 
56.606659 527864.125000 72 74 78 0.880535 0.909902 0.938070 0.980353 0.966569 0.930003 0.874757 0.832717 0.715658 0.614381 0.441277 0.185971 0.108025 -0.265995 -0.469074 -0.667392 -0.819313 -0.919226 -0.970108 0.977673 0.966008 0.936289 0.872355 0.838506 0.718094 0.592723 0.431602 0.172813 0.103984 -0.254545 -0.478467 -0.661648 -0.800641 -0.912538 -0.977971 
51.139481 120491.992188 78 82 82 0.904895 0.906083 0.697593 0.990628 0.966144 0.936901 0.891873 0.837050 0.708962 0.615375 0.481731 0.159097 -0.023628 -0.320903 -0.484623 -0.692723 -0.806132 -0.928310 -0.969447 0.984154 0.965260 0.935954 0.875634 0.821725 0.707477 0.627189 0.441574 0.164243 0.059237 -0.293594 -0.476995 -0.680951 -0.811435 -0.925469 -0.972123 
40.928917 61722.175781 78 80 74 0.729995 0.637586 0.540766 0.995364 0.971032 0.925711 0.879413 0.758551 0.646393 0.583838 0.339837 0.024761 -0.079691 -0.364362 -0.518386 -0.693657 -0.843610 -0.915441 -0.980374 0.994110 0.975846 0.929495 0.893932 0.789963 0.635364 0.612025 0.354237 0.096965 -0.102167 -0.356225 -0.472647 -0.694789 -0.849454 -0.915716 -0.973351 
36.190403 63262.101562 76 94 80 0.530409 0.574925 0.519683 0.978754 0.958026 0.921062 0.872335 0.756754 0.630962 0.563668 0.201869 -0.004084 -0.163366 -0.304897 -0.528734 -0.707857 -0.871245 -0.922720 -0.976668 0.991820 0.959963 0.923903 0.856709 0.765865 0.621352 0.573345 0.182415 0.032944 -0.160946 -0.309102 -0.531687 -0.711547 -0.832736 -0.936275 -0.986074 
34.299892 35806.019531 78 70 80 0.550770 0.563275 0.615378 0.994673 0.969678 0.922540 0.857254 0.756383 0.632949 0.561311 0.264273 0.055444 -0.154575 -0.349936 -0.580442 -0.718876 -0.853078 -0.913457 -0.972528 0.988418 0.963951 0.917509 0.846059 0.787183 0.627314 0.587835 0.270988 0.028458 -0.171198 -0.359100 -0.581399 -0.722824 -0.848230 -0.926316 -0.976881 
47.828133 120559.976562 82 74 80 0.669201 0.906104 0.706426 0.987973 0.963811 0.938384 0.901479 0.835976 0.752658 0.671930 0.402115 0.128553 -0.051921 -0.323579 -0.535398 -0.702563 -0.831567 -0.909030 -0.973272 0.992999 0.973214 0.934426 0.895033 0.823807 0.735925 0.619397 0.417694 0.059025 -0.153320 -0.309898 -0.544663 -0.698191 -0.807715 -0.909269 -0.969715 
53.702854 509761.312500 80 82 90 0.943823 0.938325 0.944529 0.976111 0.954932 0.932423 0.868222 0.807421 0.721887 0.665145 0.434199 0.156356 0.094159 -0.327465 -0.561962 -0.767460 -0.863569 -0.903310 -0.934785 0.979815 0.955576 0.933383 0.877279 0.816438 0.738315 0.664798 0.490627 0.152706 0.043898 -0.328940 -0.523073 -0.718279 -0.861244 -0.912724 -0.952955 
53.109406 446337.218750 88 90 90 0.905860 0.945308 0.976873 0.974800 0.954152 0.928405 0.853107 0.799410 0.717821 0.668931 0.430150 0.162434 0.134290 -0.300701 -0.547853 -0.771116 -0.872361 -0.899985 -0.932770 0.974306 0.953428 0.928555 0.858405 0.805133 0.704636 0.659921 0.429192 0.151670 0.121771 -0.314037 -0.562771 -0.774432 -0.864152 -0.900762 -0.928453 
52.157520 228880.203125 90 92 94 0.954282 0.430609 0.770560 0.977989 0.958635 0.935786 0.878078 0.805867 0.771777 0.717962 0.304457 0.155865 0.085527 -0.331906 -0.521023 -0.714508 -0.856097 -0.899817 -0.962784 0.975749 0.955380 0.929502 0.858769 0.803720 0.740939 0.681136 0.362751 0.155000 0.096714 -0.340295 -0.527371 -0.742644 -0.861086 -0.893737 -0.948386 
51.113667 144918.140625 94 176 74 0.845255 0.737361 0.808938 0.977526 0.960864 0.937282 0.872401 0.809677 0.750299 0.693760 0.469389 0.147471 0.010441 -0.353164 -0.510017 -0.696582 -0.843647 -0.893555 -0.970094 0.978149 0.959301 0.936478 0.878017 0.805193 0.753493 0.690533 0.361758 0.158908 0.016855 -0.317623 -0.492380 -0.708877 -0.837880 -0.902020 -0.970305 
51.672405 128508.187500 172 172 172 0.910779 0.952864 0.954343 0.980211 0.964279 0.942087 0.893831 0.823539 0.763026 0.687475 0.414704 0.152535 -0.012795 -0.335522 -0.511948 -0.699415 -0.839606 -0.921377 -0.973491 0.977455 0.961437 0.940052 0.875842 0.804760 0.746533 0.687363 0.480970 0.135971 -0.029675 -0.330851 -0.498977 -0.689514 -0.811770 -0.914557 -0.976795 
49.745926 88630.195312 172 172 172 0.894816 0.831003 0.830157 0.979779 0.966145 0.941940 0.877295 0.809744 0.760116 0.702968 0.516622 0.131630 -0.061395 -0.355698 -0.510235 -0.706978 -0.819337 -0.928418 -0.975390 0.980266 0.966237 0.941748 0.888715 0.827711 0.765472 0.696474 0.444538 0.113949 -0.070847 -0.349525 -0.507377 -0.704233 -0.828894 -0.916055 -0.974992 
51.523403 141459.640625 168 168 86 0.862129 0.628325 0.798276 0.979664 0.963997 0.942712 0.885720 0.804816 0.775491 0.723364 0.397619 0.155019 -0.064296 -0.333705 -0.537470 -0.705462 -0.838004 -0.907553 -0.968255 0.977430 0.964258 0.944527 0.878667 0.802708 0.768563 0.718092 0.396178 0.130287 -0.082875 -0.349066 -0.523359 -0.713887 -0.830771 -0.908034 -0.972707 
51.495171 200830.359375 162 162 162 0.741185 0.717338 0.720118 0.982450 0.963724 0.936754 0.873722 0.803360 0.758018 0.709293 0.413378 0.176510 0.021566 -0.335785 -0.519471 -0.706378 -0.829241 -0.903324 -0.962044 0.981371 0.963496 0.937182 0.874246 0.808560 0.765200 0.708274 0.372335 0.157670 -0.008259 -0.324451 -0.542695 -0.722527 -0.821478 -0.900475 -0.964135 
49.159142 122754.812500 76 150 148 0.933456 0.852478 0.815538 0.984746 0.964975 0.937077 0.874103 0.800811 0.754116 0.695028 0.388390 0.153751 -0.038393 -0.324506 -0.522815 -0.717321 -0.839381 -0.909729 -0.973976 0.983433 0.963827 0.940099 0.875346 0.809971 0.761822 0.707958 0.420998 0.187545 -0.008640 -0.347367 -0.525562 -0.726677 -0.833890 -0.897203 -0.967314 
44.052849 37702.226562 74 72 72 0.641651 0.778062 0.749074 0.990265 0.972403 0.941099 0.889327 0.783241 0.720885 0.635577 0.362599 0.136558 -0.118050 -0.349810 -0.540094 -0.694807 -0.826279 -0.907308 -0.965762 0.986409 0.965804 0.942932 0.887246 0.794894 0.752251 0.690233 0.388516 0.140658 -0.043896 -0.322614 -0.545795 -0.692515 -0.825724 -0.911741 -0.972012 
35.283882 18288.589844 72 72 80 0.777056 0.339826 0.585528 0.986379 0.963065 0.913442 0.824731 0.753942 0.710222 0.606612 0.302648 0.077718 -0.158707 -0.359608 -0.561713 -0.698497 -0.823271 -0.920388 -0.967462 0.991771 0.973111 0.943898 0.872970 0.761069 0.722412 0.600668 0.267239 0.131385 -0.139057 -0.364003 -0.520388 -0.716963 -0.810226 -0.912352 -0.971430 
26.946573 9046.562500 80 150 76 0.537218 0.404886 0.317543 0.984383 0.956390 0.890273 0.802742 0.751390 0.698009 0.522915 0.259541 0.018645 -0.208585 -0.383949 -0.547011 -0.707236 -0.851994 -0.927314 -0.973782 0.989579 0.961449 0.910611 0.823080 0.756237 0.717965 0.545115 0.256793 0.035626 -0.201294 -0.331381 -0.562874 -0.702154 -0.829901 -0.930116 -0.978513 
20.501007 5777.064453 56 62 78 0.413873 0.450049 0.487478 0.977255 0.960066 0.897006 0.795539 0.733733 0.657658 0.445621 0.183958 -0.080145 -0.243407 -0.408754 -0.547266 -0.740741 -0.853813 -0.904691 -0.981055 0.976351 0.955944 0.859805 0.789864 0.739772 0.681908 0.545698 0.197892 -0.009642 -0.244801 -0.400401 -0.561835 -0.731093 -0.846717 -0.921827 -0.976569 
16.828726 3599.687500 78 38 38 0.510061 0.430364 0.624914 0.977981 0.950400 0.906209 0.786761 0.712767 0.581309 0.366734 0.191634 -0.014766 -0.246146 -0.392240 -0.574903 -0.763159 -0.831456 -0.937682 -0.977175 0.982335 0.959358 0.906774 0.794019 0.716724 0.645928 0.384118 0.210916 -0.015160 -0.259828 -0.422858 -0.575864 -0.736025 -0.837458 -0.923504 -0.972947 
16.573961 5836.200684 76 56 160 0.457050 0.673972 0.326200 0.979484 0.959867 0.887507 0.786627 0.716734 0.534296 0.369264 0.197084 -0.058145 -0.211406 -0.410013 -0.560595 -0.736063 -0.839622 -0.905782 -0.974117 0.984841 0.962079 0.914354 0.797116 0.729511 0.586178 0.401894 0.196799 -0.091488 -0.248007 -0.377203 -0.584013 -0.733977 -0.837217 -0.914460 -0.980550 
17.981627 13352.908203 162 94 30 0.491171 0.641799 0.678667 0.981146 0.959492 0.896964 0.787052 0.644278 0.491183 0.276668 0.105004 -0.039955 -0.212667 -0.275509 -0.554574 -0.697943 -0.803730 -0.910485 -0.970550 0.985626 0.948107 0.897948 0.795042 0.686034 0.496818 0.234985 0.052034 -0.060170 -0.230631 -0.286974 -0.563233 -0.698600 -0.813557 -0.901917 -0.980776 
20.244139 13440.389648 62 114 66 0.673346 0.610540 0.576294 0.982072 0.964247 0.875433 0.777191 0.611797 0.374889 0.225527 0.146451 0.020399 -0.129788 -0.307827 -0.504018 -0.687129 -0.810128 -0.900794 -0.974141 0.977925 0.965464 0.834726 0.710620 0.585842 0.300166 0.193175 0.128637 0.034479 -0.110749 -0.219257 -0.451440 -0.711810 -0.808870 -0.909877 -0.967555 
17.722290 11049.005859 66 204 204 0.510941 0.557167 0.572099 0.981408 0.960449 0.860439 0.755589 0.581006 0.437612 0.235650 0.148357 0.030463 -0.159802 -0.295951 -0.498520 -0.655920 -0.808122 -0.907151 -0.970085 0.986459 0.944379 0.853975 0.766540 0.567005 0.413680 0.184104 0.087140 -0.037948 -0.174643 -0.343437 -0.479367 -0.589197 -0.780881 -0.898861 -0.958225 
16.337364 8533.732422 88 82 82 0.360978 0.492888 0.522388 0.983761 0.966140 0.891326 0.758557 0.637188 0.461536 0.180871 0.120580 0.007227 -0.196148 -0.245036 -0.479062 -0.708970 -0.811274 -0.929159 -0.978490 0.983383 0.962068 0.889521 0.750363 0.611301 0.404525 0.259542 0.126464 -0.015230 -0.200099 -0.233539 -0.476937 -0.698016 -0.788977 -0.903126 -0.980967 
17.616594 11844.611328 80 80 66 0.481152 0.551455 0.298921 0.977602 0.965912 0.890664 0.773826 0.618478 0.457399 0.166561 0.111831 -0.038161 -0.123976 -0.255996 -0.528686 -0.744778 -0.820445 -0.904814 -0.980302 0.982045 0.962946 0.874520 0.764982 0.598906 0.475115 0.201933 0.117953 -0.010144 -0.155900 -0.259056 -0.484090 -0.702800 -0.810326 -0.927372 -0.966457 
19.247625 21963.748047 208 60 102 0.389160 0.386454 0.326237 0.986197 0.964663 0.878584 0.773078 0.546079 0.421632 0.191364 0.086316 -0.021312 -0.180309 -0.273124 -0.421415 -0.677845 -0.797974 -0.898790 -0.968296 0.980697 0.960847 0.883385 0.747544 0.600519 0.404683 0.156465 0.110200 -0.044652 -0.110731 -0.248498 -0.513671 -0.722670 -0.793523 -0.898462 -0.974648 
21.297832 28896.537109 102 52 198 0.456182 0.356958 0.398933 0.974317 0.944035 0.870228 0.668194 0.509670 0.400883 0.176449 0.075534 -0.048664 -0.216777 -0.289552 -0.373154 -0.582554 -0.832065 -0.910608 -0.974324 0.975989 0.945038 0.878597 0.718141 0.512869 0.445223 0.153012 0.080355 -0.015836 -0.227857 -0.284379 -0.351353 -0.643864 -0.802458 -0.912392 -0.967455 
25.083660 54413.554688 90 90 110 0.539814 0.391501 0.618395 0.972587 0.950975 0.861708 0.628073 0.500131 0.473009 0.182802 0.119854 -0.036888 -0.211552 -0.272454 -0.360920 -0.577483 -0.782628 -0.894065 -0.967748 0.971556 0.956766 0.884309 0.617449 0.506216 0.385023 0.173989 0.109096 -0.070095 -0.180758 -0.282091 -0.358526 -0.612471 -0.796677 -0.900071 -0.964785 
27.101677 87945.679688 200 200 88 0.598262 0.411360 0.503452 0.967511 0.935512 0.850491 0.601631 0.489172 0.408910 0.230802 0.109230 -0.027025 -0.116765 -0.273074 -0.346472 -0.534498 -0.745020 -0.888953 -0.972776 0.977884 0.953439 0.869537 0.646333 0.514052 0.455197 0.229498 0.136785 -0.011382 -0.155061 -0.287419 -0.360897 -0.572931 -0.796818 -0.897568 -0.981240 
29.685581 160231.078125 114 86 46 0.442737 0.620683 0.387629 0.968055 0.932384 0.847022 0.541430 0.482146 0.393626 0.196551 0.113471 -0.074942 -0.171015 -0.308137 -0.393998 -0.476798 -0.771321 -0.913102 -0.982976 0.975093 0.937505 0.851745 0.567219 0.475466 0.367034 0.213845 0.087270 -0.032694 -0.139973 -0.269844 -0.357845 -0.573407 -0.797786 -0.887106 -0.978284 
30.807407 221688.796875 46 46 62 0.525420 0.251648 0.439991 0.962021 0.929324 0.848916 0.536736 0.477815 0.364729 0.238667 0.117073 -0.055413 -0.187284 -0.310464 -0.391644 -0.528449 -0.822636 -0.915978 -0.992499 0.969001 0.941223 0.866279 0.524579 0.485272 0.346005 0.232456 0.092401 -0.018055 -0.181888 -0.332810 -0.411944 -0.493696 -0.833937 -0.915665 -0.981958 
32.573631 336627.187500 62 82 24 0.435986 0.510379 0.385513 0.967430 0.926914 0.870600 0.634408 0.478058 0.403914 0.146728 0.083064 -0.065197 -0.193014 -0.293986 -0.371057 -0.533431 -0.789665 -0.941840 -0.992444 0.973652 0.921128 0.848546 0.591274 0.477129 0.396006 0.215855 0.119242 -0.060231 -0.173359 -0.296933 -0.375763 -0.546028 -0.824018 -0.939112 -0.985233 
33.030651 275039.468750 206 34 146 0.396721 0.449219 0.502565 0.972516 0.936426 0.850871 0.557271 0.450746 0.370409 0.230782 0.119794 -0.104139 -0.204199 -0.287513 -0.350618 -0.524510 -0.815557 -0.928267 -0.989375 0.964271 0.941005 0.850074 0.554366 0.464202 0.357584 0.197759 0.101562 -0.073454 -0.194356 -0.304682 -0.379130 -0.547511 -0.777155 -0.931320 -0.991744 
32.397655 246331.593750 72 112 134 0.374274 0.520084 0.516427 0.965142 0.920649 0.855043 0.636203 0.489390 0.425961 0.202141 0.135781 -0.069752 -0.132180 -0.310472 -0.370739 -0.481174 -0.771914 -0.923777 -0.993674 0.967544 0.942790 0.846424 0.563274 0.443725 0.358282 0.233849 0.116434 -0.028939 -0.128429 -0.282753 -0.363767 -0.518151 -0.794488 -0.918898 -0.994760 
30.970139 143986.093750 48 78 62 0.733836 0.544803 0.456418 0.968097 0.934150 0.870872 0.721305 0.455677 0.415126 0.194516 0.134765 -0.025193 -0.164639 -0.303166 -0.334114 -0.548224 -0.784892 -0.938497 -0.990805 0.965863 0.921856 0.860646 0.652442 0.458521 0.379652 0.205677 0.108089 -0.029173 -0.167556 -0.258773 -0.356098 -0.467087 -0.788384 -0.948944 -0.990064 
36.065811 264350.250000 110 54 36 0.487369 0.444236 0.677447 0.941253 0.878920 0.863714 0.824680 0.510370 0.424959 0.264636 0.119345 0.041265 -0.084425 -0.227349 -0.321390 -0.434619 -0.748093 -0.872185 -0.970963 0.972010 0.899848 0.875229 0.705336 0.477187 0.406622 0.193970 0.119635 -0.018336 -0.121182 -0.243189 -0.319085 -0.492370 -0.756467 -0.904549 -0.980701 
38.841125 112938.851562 24 24 170 0.620059 0.469075 0.538131 0.942243 0.899187 0.868180 0.846339 0.561289 0.389475 0.338075 0.122194 0.052684 -0.129515 -0.239373 -0.335132 -0.435033 -0.742234 -0.894662 -0.960831 0.915868 0.881099 0.859292 0.840113 0.577747 0.429766 0.351033 0.149310 0.043573 -0.066328 -0.219969 -0.327456 -0.397807 -0.691069 -0.877818 -0.957999 
21.360609 15961.438477 106 48 62 0.413656 0.461205 0.511191 0.981449 0.930462 0.881564 0.841101 0.544236 0.445834 0.305194 0.163553 -0.009674 -0.141811 -0.290724 -0.436597 -0.649145 -0.796933 -0.895625 -0.958151 0.961605 0.902469 0.869104 0.826620 0.514686 0.443292 0.319653 0.113918 0.042472 -0.155315 -0.286536 -0.387021 -0.583304 -0.779321 -0.897386 -0.960987 
17.531010 8123.193359 50 86 86 0.437866 0.580379 0.457331 0.981405 0.945042 0.872960 0.831966 0.618880 0.474667 0.373483 0.120302 0.032679 -0.103584 -0.352795 -0.529916 -0.690783 -0.853855 -0.913575 -0.972080 0.985520 0.949465 0.869540 0.833916 0.559015 0.475076 0.330017 0.156018 0.011550 -0.141330 -0.297577 -0.485812 -0.689230 -0.831147 -0.906116 -0.967743 
38.087223 309389.937500 86 56 52 0.406719 0.671698 0.643507 0.984764 0.970859 0.895006 0.871097 0.664479 0.477332 0.336070 0.189930 0.110847 -0.068432 -0.202486 -0.291758 -0.465382 -0.753724 -0.868404 -0.957507 0.982275 0.965939 0.876880 0.842129 0.598537 0.475882 0.387470 0.142224 0.012929 -0.191316 -0.388704 -0.581299 -0.713527 -0.848169 -0.922860 -0.969785 
55.931137 24051898.000000 50 50 50 0.353530 0.852855 0.941664 0.972427 0.948907 0.921800 0.864117 0.640398 0.479266 0.277894 0.171049 0.084727 -0.091899 -0.255300 -0.331705 -0.587310 -0.767350 -0.834522 -0.905913 0.976202 0.953108 0.915447 0.865758 0.660730 0.476580 0.341751 0.165560 0.092863 -0.071205 -0.239167 -0.304590 -0.482708 -0.747982 -0.826280 -0.911039 
62.755665 87776824.000000 50 52 50 0.951704 0.923125 0.972814 0.974972 0.957801 0.926145 0.870462 0.632857 0.479038 0.271883 0.129615 0.067915 -0.103258 -0.267686 -0.464503 -0.609163 -0.741442 -0.817983 -0.946718 0.973974 0.951913 0.924842 0.871278 0.625874 0.457840 0.282501 0.139964 0.066497 -0.109552 -0.264127 -0.370332 -0.628650 -0.752309 -0.832470 -0.917617 
59.766483 6133878.000000 50 50 50 0.971974 0.954556 0.945972 0.988941 0.975642 0.951984 0.846534 0.642256 0.559765 0.292734 0.166736 0.086626 -0.034796 -0.315677 -0.494346 -0.602867 -0.773232 -0.845461 -0.967579 0.978120 0.965222 0.930589 0.866697 0.652260 0.500222 0.260749 0.147585 0.071908 -0.046655 -0.264340 -0.511124 -0.570767 -0.736938 -0.805042 -0.953660 
58.899502 4739043.000000 50 48 46 0.841986 0.965921 0.968901 0.990725 0.983942 0.943192 0.894413 0.654847 0.580778 0.418254 0.181089 0.106443 -0.083938 -0.403862 -0.534281 -0.591393 -0.723410 -0.790607 -0.964114 0.990895 0.983190 0.943349 0.894346 0.644243 0.604509 0.439510 0.196926 0.089269 -0.114396 -0.333609 -0.497957 -0.607905 -0.737014 -0.792664 -0.963857 
58.386082 4645156.500000 46 48 50 0.964909 0.940422 0.944425 0.990274 0.981115 0.942890 0.910537 0.650886 0.543809 0.423464 0.169331 0.043480 -0.206601 -0.399340 -0.575568 -0.701296 -0.790847 -0.923920 -0.985780 0.990455 0.982949 0.945353 0.896883 0.644354 0.549183 0.345824 0.135175 0.066477 -0.100299 -0.451187 -0.542286 -0.662700 -0.748860 -0.832770 -0.982708 
50.336670 19100936.000000 50 48 50 0.945256 0.598528 0.552260 0.988295 0.967113 0.931841 0.773699 0.564839 0.491167 0.183304 0.015797 -0.238967 -0.389315 -0.556349 -0.692968 -0.823315 -0.895847 -0.967753 -0.992734 0.990297 0.976363 0.943570 0.850850 0.595732 0.538313 0.256319 0.096314 -0.129579 -0.341413 -0.469742 -0.669195 -0.794824 -0.864879 -0.946521 -0.988795 
49.550789 16270224.000000 50 46 50 0.573896 0.525419 0.695463 0.985151 0.951954 0.899447 0.616231 0.526386 0.366128 0.142990 -0.077192 -0.247605 -0.466665 -0.623510 -0.741828 -0.847311 -0.910814 -0.968799 -0.997371 0.988825 0.969584 0.907753 0.676356 0.529504 0.396774 0.151173 -0.006168 -0.216460 -0.385004 -0.605033 -0.718372 -0.836708 -0.928936 -0.972273 -0.997782 
51.069981 14178996.000000 50 48 50 0.737772 0.621061 0.836810 0.985469 0.952714 0.871691 0.631213 0.512551 0.355954 0.113830 -0.018219 -0.227661 -0.500290 -0.624611 -0.788787 -0.865961 -0.930316 -0.974888 -0.993656 0.982606 0.941182 0.883527 0.611254 0.526864 0.361197 0.123666 -0.073885 -0.277955 -0.497268 -0.618594 -0.785235 -0.869607 -0.925360 -0.971805 -0.997395 
49.139450 12320166.000000 50 50 36 0.788350 0.748921 0.684262 0.981456 0.953194 0.835308 0.638737 0.518035 0.269081 0.122687 -0.031042 -0.314891 -0.500046 -0.608331 -0.763781 -0.867925 -0.916777 -0.968865 -0.992074 0.987091 0.970937 0.812258 0.648780 0.501826 0.317587 0.115241 -0.060766 -0.252294 -0.492463 -0.605093 -0.762777 -0.859172 -0.908062 -0.964999 -0.994423 
51.558449 10851524.000000 84 120 34 0.427355 0.552352 0.542699 0.967587 0.945979 0.840245 0.582778 0.475795 0.217126 0.103228 -0.056313 -0.294826 -0.458278 -0.606363 -0.746684 -0.851748 -0.919038 -0.976337 -0.996638 0.964864 0.938668 0.871846 0.628670 0.473508 0.285707 0.082896 -0.078752 -0.332804 -0.519925 -0.611935 -0.733249 -0.853783 -0.928907 -0.977226 -0.996398 
45.670288 5252463.000000 34 48 34 0.557349 0.561829 0.718160 0.981472 0.937315 0.808978 0.589032 0.490813 0.246513 0.155354 0.003123 -0.190023 -0.424545 -0.565233 -0.625287 -0.830336 -0.932035 -0.975750 -0.992963 0.964619 0.925927 0.791818 0.565404 0.476557 0.235203 0.151022 -0.075678 -0.222273 -0.488786 -0.571829 -0.652461 -0.848715 -0.914211 -0.977628 -0.993377 
59.547707 81403552.000000 44 38 44 0.528486 0.832873 0.948597 0.979976 0.959016 0.928718 0.837935 0.653061 0.554839 0.283037 0.173917 0.095336 -0.130074 -0.454514 -0.516555 -0.642219 -0.760525 -0.919077 -0.990872 0.984316 0.968623 0.924694 0.862608 0.635597 0.504559 0.227093 0.153357 0.055970 -0.206154 -0.460755 -0.571016 -0.706811 -0.859146 -0.955267 -0.990185 
65.358971 130454792.000000 44 44 44 0.924969 0.995575 0.953475 0.967427 0.957242 0.918272 0.820745 0.672011 0.517606 0.284599 0.167721 0.127044 -0.104669 -0.445097 -0.521641 -0.598058 -0.744308 -0.842121 -0.989450 0.969077 0.956387 0.925329 0.813123 0.669746 0.529512 0.295414 0.163683 0.106867 -0.097300 -0.424547 -0.525993 -0.638884 -0.752043 -0.872419 -0.988025 
64.093384 84836720.000000 44 46 46 0.961260 0.952249 0.986082 0.968689 0.959782 0.920037 0.828781 0.662155 0.501841 0.276166 0.175689 0.123984 -0.104052 -0.449958 -0.506641 -0.623174 -0.740719 -0.819451 -0.986978 0.967637 0.957996 0.912690 0.831204 0.663968 0.499790 0.275187 0.170761 0.132647 -0.107359 -0.470650 -0.511674 -0.621922 -0.740052 -0.842053 -0.981044 
61.110352 15872694.000000 46 46 46 0.973945 0.948429 0.583476 0.977723 0.964111 0.942478 0.792879 0.660184 0.559445 0.265625 0.177840 0.115375 -0.109861 -0.458948 -0.511644 -0.646982 -0.746925 -0.916958 -0.987494 0.971677 0.962014 0.934223 0.835231 0.675494 0.496997 0.277557 0.177985 0.114416 -0.113732 -0.448221 -0.510685 -0.627176 -0.737316 -0.834342 -0.977831 
47.130135 1471785.625000 46 46 52 0.702921 0.835312 0.557733 0.989770 0.975506 0.925167 0.810685 0.671571 0.543837 0.382895 0.254473 0.112541 -0.164791 -0.467685 -0.529927 -0.651055 -0.816026 -0.969039 -0.990570 0.984917 0.965674 0.944662 0.781512 0.676023 0.576055 0.341648 0.197481 0.109947 -0.111977 -0.440706 -0.535018 -0.644056 -0.813615 -0.964068 -0.989428 
42.434532 823695.687500 52 44 44 0.676142 0.639052 0.877163 0.986620 0.968536 0.917106 0.823996 0.624269 0.559529 0.503342 0.242582 0.106155 -0.076207 -0.456222 -0.518811 -0.629520 -0.764201 -0.970998 -0.988320 0.987777 0.965751 0.908158 0.790793 0.620190 0.551833 0.425566 0.211329 0.084611 -0.067127 -0.423419 -0.515205 -0.647370 -0.800631 -0.972591 -0.992006 
41.446796 293144.218750 44 46 46 0.846412 0.871166 0.921893 0.970738 0.960587 0.917663 0.759120 0.626359 0.569927 0.459160 0.248976 0.155671 -0.026706 -0.475323 -0.512771 -0.594560 -0.757842 -0.939392 -0.993622 0.980190 0.961193 0.933476 0.784043 0.653259 0.566325 0.527888 0.266886 0.134418 -0.010749 -0.457064 -0.511879 -0.630066 -0.754019 -0.941020 -0.993610 
43.864094 6615857.500000 46 46 36 0.870777 0.788414 0.897963 0.974746 0.955216 0.896785 0.802365 0.617614 0.454485 0.341928 0.138690 -0.064300 -0.182510 -0.377858 -0.563508 -0.638194 -0.850774 -0.963893 -0.977003 0.973208 0.961010 0.934081 0.757874 0.635889 0.570702 0.391267 0.217456 0.003678 -0.144676 -0.350015 -0.535967 -0.628904 -0.767944 -0.964169 -0.990227 
61.420979 58323272.000000 42 46 46 0.498877 0.961166 0.939547 0.965576 0.959548 0.912796 0.851897 0.626541 0.472042 0.304089 0.111756 0.071030 -0.110043 -0.384523 -0.501427 -0.598165 -0.763499 -0.828511 -0.929649 0.972239 0.962073 0.931326 0.840553 0.629122 0.494584 0.256885 0.132450 0.071036 -0.101455 -0.432625 -0.508085 -0.633377 -0.753489 -0.905758 -0.964715 
61.669010 63707032.000000 46 46 48 0.933866 0.988917 0.951634 0.968191 0.959539 0.908847 0.859138 0.559816 0.462054 0.311353 0.113094 0.078519 -0.094493 -0.381419 -0.479878 -0.603669 -0.745924 -0.826437 -0.886555 0.967673 0.958872 0.905344 0.849100 0.573926 0.462474 0.290787 0.105767 0.077964 -0.116116 -0.380046 -0.497136 -0.602800 -0.762065 -0.830063 -0.919948 
61.639603 60861460.000000 46 46 48 0.959404 0.954474 0.970877 0.970280 0.959918 0.913317 0.864247 0.578182 0.474470 0.300659 0.132559 0.081290 -0.092310 -0.366264 -0.500180 -0.590679 -0.743076 -0.827279 -0.886406 0.969061 0.959322 0.909477 0.862902 0.556918 0.472095 0.303990 0.128094 0.077528 -0.099892 -0.365695 -0.485235 -0.591287 -0.730439 -0.823779 -0.876560 
57.599701 6034921.000000 48 48 48 0.971703 0.445804 0.676970 0.983168 0.964474 0.923178 0.847278 0.601483 0.522724 0.239679 0.124620 0.065954 -0.087200 -0.397075 -0.510411 -0.608476 -0.737017 -0.814973 -0.904402 0.974803 0.962330 0.922086 0.858492 0.587256 0.479928 0.246958 0.127037 0.087637 -0.080685 -0.385156 -0.497516 -0.584686 -0.716623 -0.798434 -0.854853 
46.452141 23329530.000000 48 48 46 0.657260 0.284347 0.772304 0.971301 0.960614 0.879305 0.698023 0.502311 0.437147 0.273887 0.029438 -0.032527 -0.248212 -0.480634 -0.639687 -0.778994 -0.838079 -0.892749 -0.958856 0.982812 0.955596 0.892682 0.678347 0.562113 0.468342 0.272850 0.080094 -0.043433 -0.227184 -0.458013 -0.621923 -0.770639 -0.830756 -0.894417 -0.949988 
43.829208 11039662.000000 48 48 48 0.503421 0.818389 0.859228 0.973094 0.952912 0.895888 0.693564 0.593983 0.417841 0.220632 0.024647 -0.081080 -0.213654 -0.525646 -0.599613 -0.738131 -0.815145 -0.925595 -0.975996 0.972041 0.960696 0.864347 0.676374 0.588940 0.431505 0.214968 -0.010998 -0.075828 -0.374330 -0.527224 -0.635262 -0.784449 -0.849704 -0.923528 -0.975939 
45.216690 7412257.000000 46 48 48 0.845384 0.612348 0.929915 0.986903 0.970552 0.938284 0.792869 0.556482 0.393398 0.199502 0.037787 -0.151633 -0.259150 -0.499666 -0.571749 -0.762028 -0.848889 -0.918357 -0.970766 0.979632 0.957713 0.915432 0.734331 0.515863 0.377364 0.204083 -0.022192 -0.115472 -0.323748 -0.511890 -0.584161 -0.774122 -0.832163 -0.905565 -0.960395 
54.644035 24695712.000000 48 48 46 0.929762 0.958713 0.990785 0.990879 0.982592 0.952331 0.824095 0.379697 0.267300 0.187359 0.066887 -0.138131 -0.210525 -0.406813 -0.529685 -0.612417 -0.768894 -0.950342 -0.984761 0.990363 0.977749 0.953449 0.845655 0.501114 0.362080 0.227726 0.131235 -0.139156 -0.203723 -0.403867 -0.530633 -0.691678 -0.829404 -0.904554 -0.980011 
56.377758 12971223.000000 46 46 48 0.990376 0.992761 0.949868 0.990835 0.984629 0.951776 0.855303 0.352962 0.240748 0.187448 0.113438 -0.049747 -0.134509 -0.406590 -0.491407 -0.616454 -0.765550 -0.946678 -0.980540 0.990896 0.984637 0.952271 0.818735 0.352788 0.244120 0.173124 0.047375 -0.102784 -0.196374 -0.421308 -0.521070 -0.612469 -0.773148 -0.960662 -0.984865 
50.140881 1482788.375000 46 52 46 0.990073 0.856728 0.849351 0.992229 0.985194 0.941544 0.753342 0.506348 0.346504 0.189689 0.136276 0.041530 -0.053978 -0.465257 -0.532136 -0.687803 -0.772602 -0.952498 -0.978528 0.990965 0.983163 0.951892 0.832132 0.350219 0.255194 0.179013 0.113822 0.017766 -0.088505 -0.416111 -0.513743 -0.615876 -0.741823 -0.954346 -0.978653 
37.530224 178060.500000 50 48 48 0.800787 0.795906 0.636971 0.989890 0.973316 0.929264 0.841426 0.491880 0.408511 0.239499 0.154346 -0.073669 -0.183187 -0.303943 -0.526598 -0.586855 -0.704720 -0.931948 -0.978151 0.990733 0.983590 0.935613 0.806393 0.537906 0.459584 0.224050 0.170749 -0.081815 -0.166157 -0.378402 -0.503731 -0.623136 -0.802883 -0.896133 -0.971717 
31.188585 92365.390625 46 46 46 0.736834 0.653436 0.900002 0.988659 0.975951 0.947222 0.776823 0.531765 0.338610 0.220704 0.125156 -0.043346 -0.155852 -0.266266 -0.483645 -0.558815 -0.729194 -0.901227 -0.972434 0.985279 0.963494 0.936192 0.777989 0.515586 0.356071 0.227778 0.157076 0.015873 -0.122094 -0.335684 -0.472177 -0.566147 -0.666719 -0.917593 -0.977479 
39.653404 5442969.500000 46 46 140 0.869924 0.667982 0.528595 0.977335 0.938005 0.817085 0.752939 0.635436 0.481241 0.274375 0.108974 -0.032564 -0.260830 -0.485942 -0.567503 -0.634200 -0.734348 -0.878427 -0.976790 0.988179 0.956733 0.799894 0.759356 0.561364 0.448173 0.271764 0.105207 -0.037686 -0.217030 -0.500875 -0.569283 -0.640448 -0.709669 -0.888523 -0.977516 
38.129860 3012676.500000 140 50 42 0.520776 0.573350 0.626978 0.974020 0.965131 0.804266 0.672413 0.585445 0.416294 0.244606 0.098898 -0.037884 -0.292578 -0.506478 -0.645288 -0.758318 -0.815867 -0.905348 -0.977613 0.974891 0.959130 0.834177 0.700255 0.633975 0.536609 0.228860 0.108112 -0.007581 -0.332596 -0.472331 -0.611839 -0.698296 -0.777624 -0.870286 -0.977351 
54.798931 17980250.000000 56 44 46 0.369980 0.827468 0.988884 0.988791 0.974160 0.940091 0.868772 0.602923 0.445267 0.239818 0.170505 0.065261 -0.170718 -0.433454 -0.503309 -0.668562 -0.781584 -0.830824 -0.972730 0.988946 0.976180 0.929112 0.844527 0.626523 0.530391 0.248229 0.147318 0.002488 -0.182633 -0.424726 -0.582419 -0.773839 -0.818942 -0.942618 -0.977533 
57.527370 18848872.000000 46 46 94 0.986523 0.988232 0.567994 0.986741 0.970141 0.946956 0.838200 0.565083 0.440497 0.276701 0.154766 0.072161 -0.114231 -0.409732 -0.512416 -0.592884 -0.741520 -0.790904 -0.969652 0.987474 0.970571 0.941353 0.848280 0.585314 0.443930 0.250733 0.166007 0.065382 -0.153524 -0.432529 -0.496573 -0.643376 -0.774769 -0.805446 -0.969329 
47.580429 356844.500000 46 54 56 0.546632 0.822647 0.839455 0.992745 0.985013 0.944305 0.808396 0.627551 0.582305 0.401056 0.221725 0.038819 -0.100287 -0.386756 -0.496315 -0.617274 -0.723311 -0.836331 -0.973128 0.990817 0.977512 0.955331 0.833037 0.603544 0.486967 0.296840 0.157943 0.085118 -0.077293 -0.427219 -0.509948 -0.584841 -0.691992 -0.827485 -0.978677 
44.076683 172434.437500 56 58 58 0.747229 0.877107 0.846449 0.993178 0.986865 0.956113 0.785441 0.585815 0.558567 0.399582 0.237882 0.111954 -0.064211 -0.382335 -0.531921 -0.613557 -0.737637 -0.835565 -0.962792 0.993298 0.987623 0.950637 0.817509 0.606741 0.559591 0.446183 0.212455 0.060758 -0.082328 -0.379364 -0.521920 -0.618496 -0.756145 -0.842406 -0.963050 
44.939240 228381.109375 58 52 52 0.923186 0.472531 0.927077 0.992708 0.983419 0.962802 0.900972 0.585608 0.562420 0.404143 0.217011 0.074252 -0.124276 -0.429369 -0.511839 -0.724591 -0.796636 -0.904966 -0.949329 0.990874 0.977711 0.951120 0.837736 0.597072 0.563513 0.404054 0.244803 0.097949 -0.048208 -0.419876 -0.504602 -0.666197 -0.781360 -0.886185 -0.947489 
49.888184 210050.968750 52 52 52 0.905075 0.906075 0.982853 0.993106 0.988633 0.963853 0.931890 0.621437 0.566280 0.413100 0.161295 0.089213 -0.181869 -0.425615 -0.545381 -0.599111 -0.848550 -0.935190 -0.952687 0.993401 0.986298 0.967857 0.919539 0.584092 0.564614 0.379076 0.205843 0.116927 -0.058657 -0.372764 -0.511618 -0.699849 -0.795062 -0.913406 -0.965285 
53.784847 371357.875000 52 52 52 0.980344 0.980912 0.990833 0.992780 0.988922 0.955011 0.929616 0.733422 0.524917 0.319023 0.139574 0.090079 -0.054318 -0.455226 -0.563932 -0.582901 -0.683327 -0.878822 -0.969317 0.992881 0.988556 0.962626 0.937987 0.725651 0.516890 0.324579 0.134374 0.101402 -0.173284 -0.485238 -0.563427 -0.595245 -0.735115 -0.914483 -0.958758 
54.030098 569187.437500 52 52 52 0.992090 0.994957 0.995344 0.992665 0.987972 0.953804 0.927822 0.678642 0.501708 0.299614 0.121212 0.029918 -0.037534 -0.420397 -0.555190 -0.571810 -0.663920 -0.836923 -0.966334 0.992670 0.988030 0.956385 0.931887 0.701142 0.504047 0.282906 0.133250 0.059492 -0.034888 -0.439651 -0.560181 -0.575465 -0.668117 -0.863746 -0.968678 
53.388268 2164678.500000 52 52 50 0.996405 0.991657 0.704078 0.992191 0.984294 0.946357 0.864821 0.659896 0.581861 0.295258 0.103425 -0.018344 -0.126265 -0.421374 -0.511790 -0.583407 -0.708524 -0.806840 -0.938736 0.992462 0.986738 0.953878 0.921129 0.672329 0.551728 0.292520 0.150490 0.023855 -0.020342 -0.339604 -0.551284 -0.578944 -0.675458 -0.854724 -0.962852 
59.714943 50069828.000000 50 48 48 0.837150 0.958064 0.978660 0.977315 0.959170 0.919252 0.845969 0.703633 0.593031 0.331764 0.129314 -0.073653 -0.163302 -0.369143 -0.445013 -0.616169 -0.751494 -0.809519 -0.848607 0.984991 0.965123 0.933380 0.849922 0.681251 0.571726 0.358442 0.082777 -0.068164 -0.167497 -0.399514 -0.488321 -0.571978 -0.669900 -0.773204 -0.848614 
60.794811 58016596.000000 48 48 48 0.990083 0.976917 0.922529 0.972305 0.951677 0.889340 0.833609 0.737359 0.642989 0.248727 0.069018 -0.025324 -0.104273 -0.278933 -0.387912 -0.604692 -0.740669 -0.816111 -0.871852 0.975123 0.954887 0.903859 0.834322 0.718722 0.641542 0.230500 0.107262 -0.016589 -0.126424 -0.354968 -0.420501 -0.625833 -0.755446 -0.826626 -0.864457 
60.410915 42811028.000000 48 46 46 0.929573 0.949624 0.986266 0.973209 0.951785 0.884783 0.816567 0.772512 0.667163 0.239340 0.103749 0.003606 -0.101432 -0.275428 -0.368075 -0.638427 -0.768488 -0.828063 -0.869472 0.972313 0.950220 0.885235 0.827245 0.761303 0.656586 0.255168 0.068104 -0.023644 -0.103366 -0.276599 -0.360305 -0.631660 -0.754565 -0.822399 -0.864016 
59.663605 37079544.000000 46 46 46 0.975251 0.983304 0.934412 0.968144 0.946705 0.862329 0.809957 0.754273 0.685553 0.271688 0.095093 0.027582 -0.095513 -0.270203 -0.371657 -0.641486 -0.773117 -0.837338 -0.880486 0.970876 0.951246 0.874927 0.809147 0.770217 0.684034 0.222734 0.096833 0.030682 -0.107665 -0.265208 -0.384811 -0.653408 -0.780394 -0.836686 -0.882450 
58.782154 31926946.000000 46 44 44 0.911225 0.980604 0.940426 0.976439 0.947169 0.865966 0.801085 0.746932 0.672820 0.244826 0.135544 0.042540 -0.087928 -0.259550 -0.363846 -0.575191 -0.763648 -0.821709 -0.889716 0.972167 0.948500 0.869990 0.808978 0.759616 0.694405 0.252685 0.112909 0.018654 -0.089668 -0.280780 -0.377111 -0.599736 -0.753976 -0.829929 -0.877056 
57.415009 25031480.000000 44 44 42 0.945302 0.888520 0.973965 0.981514 0.947123 0.874772 0.809652 0.738426 0.631482 0.313362 0.126318 0.087830 -0.019686 -0.239415 -0.373425 -0.486840 -0.747172 -0.824472 -0.910125 0.980663 0.942853 0.867819 0.802870 0.742781 0.647070 0.247494 0.130044 0.078145 -0.077283 -0.257341 -0.364489 -0.547805 -0.777749 -0.831255 -0.912872 
55.887890 12509947.000000 42 42 44 0.961833 0.944914 0.892720 0.986004 0.957643 0.892839 0.837139 0.716272 0.626675 0.361989 0.165807 0.083056 -0.052240 -0.219489 -0.362813 -0.506399 -0.724333 -0.810565 -0.886981 0.984771 0.953436 0.882916 0.823712 0.708826 0.620794 0.379415 0.149861 0.081460 -0.016529 -0.244552 -0.365636 -0.479889 -0.743569 -0.818428 -0.905872 
48.889359 750447.687500 44 44 44 0.883450 0.547799 0.594045 0.982411 0.966238 0.863574 0.765336 0.714741 0.624494 0.568963 0.191818 0.084194 -0.071106 -0.245745 -0.365854 -0.531779 -0.754139 -0.829732 -0.962954 0.987583 0.967547 0.887581 0.805528 0.716988 0.641246 0.412355 0.204225 0.107306 -0.030780 -0.237739 -0.431529 -0.490714 -0.705414 -0.808148 -0.911584 
39.520641 204784.468750 44 44 44 0.593744 0.693799 0.714849 0.983186 0.962533 0.857912 0.805340 0.709483 0.649382 0.478377 0.149148 0.085288 -0.050925 -0.269166 -0.333701 -0.527198 -0.771943 -0.854989 -0.958333 0.981924 0.964737 0.838717 0.765315 0.690631 0.628909 0.554027 0.206163 0.114775 -0.063341 -0.242767 -0.332131 -0.480956 -0.732089 -0.849283 -0.972211 
36.095009 140693.718750 44 44 42 0.783480 0.509419 0.673437 0.978450 0.929715 0.859220 0.818838 0.716950 0.622444 0.530824 0.169661 0.092851 0.004442 -0.275527 -0.372791 -0.548779 -0.792281 -0.897505 -0.974161 0.981615 0.951600 0.858823 0.813899 0.720217 0.622464 0.492992 0.198574 0.091657 -0.035894 -0.261706 -0.329414 -0.548715 -0.758232 -0.895931 -0.967224 
31.107338 56120.601562 44 44 46 0.768744 0.458266 0.716617 0.966713 0.928865 0.847117 0.795371 0.725146 0.641323 0.549918 0.144966 0.062923 -0.117620 -0.307941 -0.462756 -0.664172 -0.790880 -0.886211 -0.969933 0.972871 0.928681 0.874846 0.809019 0.699853 0.641692 0.501159 0.161783 0.066624 -0.037565 -0.280545 -0.398207 -0.633957 -0.777451 -0.891862 -0.972094 
28.537476 33625.929688 46 44 86 0.664709 0.354766 0.451643 0.959527 0.886951 0.836368 0.786302 0.689413 0.635978 0.549632 0.151535 0.079339 -0.161452 -0.305073 -0.459480 -0.650924 -0.810721 -0.916970 -0.966765 0.978626 0.911387 0.844157 0.797087 0.714395 0.649224 0.414826 0.138970 0.081689 -0.115260 -0.326798 -0.457269 -0.654068 -0.827138 -0.919173 -0.960192 
28.017941 23687.818359 42 26 44 0.369938 0.411055 0.518211 0.976571 0.941704 0.807632 0.760578 0.711203 0.639156 0.473266 0.147318 0.042642 -0.166461 -0.333584 -0.520787 -0.666365 -0.813351 -0.919598 -0.977447 0.967909 0.928271 0.824116 0.763148 0.714168 0.658435 0.567731 0.139169 0.072474 -0.162546 -0.313712 -0.462283 -0.610865 -0.787299 -0.915983 -0.976979 
41.555496 4210456.000000 36 42 44 0.767662 0.367798 0.458873 0.966474 0.920501 0.764227 0.707310 0.369183 0.213032 0.083208 0.018171 -0.087388 -0.212523 -0.427422 -0.582547 -0.787962 -0.837250 -0.926834 -0.982764 0.969035 0.846758 0.765856 0.731745 0.374680 0.251857 0.134153 0.009779 -0.076207 -0.218096 -0.435901 -0.568379 -0.784686 -0.823428 -0.939830 -0.975570 
53.594170 12612569.000000 80 46 66 0.330212 0.697420 0.869223 0.983749 0.976171 0.952070 0.836976 0.428008 0.379715 0.257769 0.124168 0.025515 -0.151885 -0.356870 -0.424048 -0.526931 -0.803481 -0.865716 -0.962060 0.987330 0.978411 0.923697 0.763935 0.573223 0.326962 0.198584 0.062122 -0.042956 -0.228057 -0.418284 -0.496685 -0.761430 -0.850905 -0.915227 -0.973414 
59.247227 24535388.000000 66 72 74 0.915648 0.808887 0.915356 0.976031 0.965369 0.948475 0.843459 0.477582 0.450288 0.241253 0.166371 0.041477 -0.134447 -0.332887 -0.388400 -0.586614 -0.780181 -0.870787 -0.891741 0.982316 0.970047 0.947496 0.822413 0.463393 0.423039 0.259421 0.152357 0.049785 -0.136237 -0.348162 -0.404852 -0.527131 -0.775300 -0.868791 -0.902392 
57.370667 20641740.000000 74 80 80 0.925628 0.915084 0.971636 0.973654 0.956829 0.934883 0.851313 0.564205 0.437373 0.281572 0.220468 0.041455 -0.159340 -0.289966 -0.372920 -0.641745 -0.802403 -0.870857 -0.895423 0.974968 0.962808 0.939744 0.859263 0.509247 0.448747 0.267563 0.192904 0.062533 -0.131680 -0.305567 -0.383085 -0.564721 -0.778969 -0.874064 -0.894393 
57.222107 12528969.000000 80 80 78 0.981501 0.965291 0.977518 0.971421 0.953708 0.936205 0.843501 0.641674 0.508309 0.334109 0.283784 0.062904 -0.103318 -0.267878 -0.361671 -0.675513 -0.808115 -0.861497 -0.887370 0.970441 0.953618 0.936127 0.835827 0.605826 0.474300 0.308695 0.246813 0.061852 -0.127700 -0.280379 -0.355540 -0.665412 -0.809329 -0.870380 -0.893224 
54.123718 2603399.000000 78 78 78 0.983919 0.956893 0.485345 0.979584 0.958124 0.937181 0.838442 0.687159 0.555488 0.348849 0.275721 0.122206 -0.120651 -0.294921 -0.405576 -0.532624 -0.715352 -0.857282 -0.910271 0.975655 0.955630 0.936302 0.854757 0.667080 0.536077 0.357034 0.288221 0.116014 -0.068316 -0.290186 -0.386278 -0.623534 -0.795621 -0.848935 -0.892888 
45.089947 2477006.000000 78 78 70 0.393131 0.658049 0.598359 0.984817 0.971454 0.923694 0.777254 0.608107 0.493947 0.260151 0.106681 0.026523 -0.092140 -0.191766 -0.368711 -0.561798 -0.691301 -0.859509 -0.928092 0.980775 0.954473 0.931048 0.685784 0.621821 0.531378 0.267726 0.115974 0.058022 -0.106796 -0.211165 -0.319763 -0.515410 -0.782634 -0.873304 -0.932345 
54.146881 2801737.750000 68 72 70 0.514067 0.945567 0.943924 0.980341 0.970845 0.929778 0.869204 0.777420 0.571204 0.372389 0.212661 0.110197 -0.101288 -0.206437 -0.399840 -0.751707 -0.806601 -0.840616 -0.904018 0.981139 0.972334 0.927824 0.857921 0.733692 0.536522 0.336175 0.191073 0.061936 -0.067087 -0.200700 -0.377638 -0.652672 -0.795565 -0.837774 -0.912454 
56.273315 2659627.500000 70 70 70 0.958542 0.978753 0.972466 0.981306 0.970497 0.940447 0.880559 0.834273 0.609033 0.289340 0.155680 0.037712 -0.160047 -0.323589 -0.365892 -0.702895 -0.853577 -0.878429 -0.908830 0.980065 0.969831 0.935009 0.877002 0.812710 0.596999 0.342523 0.177854 0.054662 -0.141792 -0.307743 -0.366096 -0.716954 -0.831611 -0.872082 -0.902437 
55.261650 585424.312500 70 70 70 0.976813 0.984148 0.977293 0.985135 0.976744 0.949636 0.910774 0.857579 0.650250 0.372772 0.136201 0.024672 -0.104070 -0.312836 -0.362419 -0.741459 -0.857338 -0.883953 -0.930000 0.983752 0.973054 0.947077 0.892951 0.847337 0.654267 0.335531 0.143147 0.022255 -0.120976 -0.315538 -0.347866 -0.774755 -0.855019 -0.879112 -0.915682 
54.286572 164457.328125 70 70 70 0.981400 0.973591 0.965095 0.987011 0.982018 0.960327 0.928739 0.877922 0.609893 0.412972 0.175370 -0.012376 -0.172291 -0.325802 -0.486819 -0.705479 -0.845216 -0.902966 -0.960762 0.986288 0.980472 0.954555 0.924103 0.875359 0.614315 0.357788 0.135134 0.025187 -0.123285 -0.305745 -0.415484 -0.702722 -0.856880 -0.893790 -0.944387 
53.153614 132888.296875 70 72 72 0.971081 0.974407 0.987668 0.987279 0.982936 0.961424 0.930790 0.826380 0.626852 0.465914 0.229968 0.010904 -0.211049 -0.332027 -0.576684 -0.694107 -0.780648 -0.901829 -0.976427 0.987013 0.982755 0.960650 0.932715 0.861005 0.631681 0.443134 0.223113 0.007854 -0.210159 -0.312600 -0.519244 -0.697333 -0.817211 -0.910968 -0.974644 
53.109451 165530.671875 72 72 74 0.986619 0.983129 0.959823 0.987629 0.982668 0.962138 0.934644 0.876118 0.613831 0.397323 0.198555 -0.078402 -0.271756 -0.449954 -0.642937 -0.753443 -0.801460 -0.865566 -0.974905 0.987417 0.982808 0.959855 0.933940 0.839109 0.598488 0.383700 0.119477 -0.141090 -0.296406 -0.437915 -0.619212 -0.698684 -0.751435 -0.832677 -0.962345 
53.724724 297362.031250 74 76 76 0.979689 0.963324 0.761853 0.987549 0.979335 0.958705 0.928187 0.885057 0.669027 0.354075 0.116797 -0.150646 -0.233587 -0.473743 -0.521740 -0.690709 -0.823097 -0.885203 -0.956668 0.987830 0.982461 0.959714 0.933243 0.875486 0.654482 0.443353 0.201767 -0.073777 -0.237806 -0.461278 -0.545015 -0.709010 -0.795450 -0.881525 -0.975533 
54.033585 553539.125000 76 80 82 0.816277 0.897166 0.951972 0.984208 0.963798 0.938441 0.910229 0.879329 0.791447 0.367076 0.106221 -0.078022 -0.304698 -0.464689 -0.533028 -0.779452 -0.846862 -0.902611 -0.956163 0.983755 0.969809 0.948048 0.911088 0.885882 0.750724 0.267655 -0.010223 -0.177936 -0.347495 -0.511336 -0.662879 -0.805256 -0.844347 -0.917995 -0.966075 
52.167316 233903.234375 82 82 84 0.950403 0.921496 0.971941 0.985414 0.963718 0.931543 0.911622 0.873548 0.840398 0.362118 0.104307 -0.024761 -0.153805 -0.435390 -0.509805 -0.644595 -0.846479 -0.875932 -0.949348 0.985748 0.963223 0.933912 0.910610 0.875052 0.801036 0.372969 0.127024 -0.053136 -0.201104 -0.454990 -0.499884 -0.717340 -0.851192 -0.887253 -0.946316 
52.700161 800516.500000 84 86 86 0.947149 0.900500 0.920036 0.980570 0.951728 0.927007 0.896299 0.862834 0.795933 0.152650 0.109797 -0.057721 -0.095839 -0.395423 -0.483572 -0.689343 -0.851431 -0.876083 -0.913359 0.983418 0.957563 0.929727 0.906218 0.867975 0.834387 0.270953 0.115820 0.016565 -0.111967 -0.271267 -0.487129 -0.590862 -0.844676 -0.881853 -0.960872 
53.476379 1480411.000000 86 86 86 0.923368 0.910638 0.986605 0.978896 0.943769 0.922191 0.884352 0.859188 0.750374 0.187024 0.142882 -0.054192 -0.093591 -0.407643 -0.471902 -0.725488 -0.849383 -0.878250 -0.907462 0.980406 0.948411 0.922863 0.889594 0.859830 0.769437 0.162332 0.119918 -0.062033 -0.097979 -0.400675 -0.483843 -0.677833 -0.846548 -0.871667 -0.905874 
54.629704 1521326.500000 86 86 84 0.987681 0.965546 0.964347 0.976919 0.944731 0.918708 0.883968 0.857979 0.758205 0.234187 0.180693 -0.044638 -0.086719 -0.395621 -0.463336 -0.691804 -0.844169 -0.873798 -0.914354 0.979440 0.942815 0.920499 0.882905 0.857628 0.743230 0.222432 0.169316 -0.051192 -0.102425 -0.375595 -0.464531 -0.690975 -0.852234 -0.873190 -0.915486 
55.154350 1620087.000000 84 84 84 0.966095 0.976296 0.979065 0.980224 0.952635 0.913429 0.887385 0.857779 0.789828 0.235597 0.142788 -0.056199 -0.101100 -0.415221 -0.457445 -0.692044 -0.851801 -0.879936 -0.912622 0.978905 0.947634 0.914594 0.884892 0.853993 0.756204 0.255525 0.165438 -0.043899 -0.096100 -0.396155 -0.470046 -0.688739 -0.849350 -0.875993 -0.933035 
54.538147 927662.750000 84 84 82 0.975618 0.942762 0.970908 0.983610 0.963630 0.918299 0.893017 0.866212 0.814784 0.283477 0.042550 -0.086842 -0.141849 -0.401155 -0.452279 -0.701252 -0.849568 -0.877466 -0.922789 0.982511 0.957623 0.915422 0.888805 0.862231 0.794867 0.253073 0.106704 -0.076489 -0.117696 -0.406606 -0.453364 -0.701723 -0.854833 -0.881540 -0.922046 
52.769608 474355.843750 82 80 80 0.977873 0.959747 0.953919 0.984868 0.972324 0.930253 0.892012 0.877294 0.786044 0.354578 0.139074 -0.127272 -0.247574 -0.372937 -0.428431 -0.655211 -0.855376 -0.900209 -0.938826 0.985089 0.968651 0.921136 0.894445 0.870868 0.806265 0.423721 0.038974 -0.121244 -0.205465 -0.390314 -0.432977 -0.666873 -0.854412 -0.875599 -0.935386 
51.173225 247362.968750 80 78 78 0.937492 0.963790 0.831240 0.987652 0.973688 0.947605 0.889191 0.876786 0.775593 0.358474 0.116670 0.042143 -0.199543 -0.380197 -0.589011 -0.694571 -0.739329 -0.888893 -0.953460 0.985922 0.973528 0.943438 0.888513 0.877365 0.757495 0.336782 0.129225 -0.042201 -0.283954 -0.377823 -0.489132 -0.658992 -0.796456 -0.926396 -0.940854 
50.432453 164223.953125 76 74 74 0.853211 0.922897 0.897475 0.988186 0.977339 0.955917 0.919550 0.873660 0.693775 0.349312 0.103443 0.043668 -0.156669 -0.300912 -0.555887 -0.703352 -0.788911 -0.881845 -0.965905 0.988656 0.974688 0.950184 0.900305 0.872925 0.753490 0.323876 0.116030 0.036908 -0.144710 -0.316335 -0.584967 -0.698296 -0.753215 -0.870546 -0.956063 
50.900768 156472.250000 74 74 74 0.909015 0.859588 0.955083 0.988445 0.978507 0.955083 0.921815 0.870969 0.676574 0.370444 0.130205 0.053498 -0.084027 -0.296300 -0.486817 -0.701806 -0.832532 -0.888000 -0.968602 0.987984 0.977627 0.953070 0.911880 0.874514 0.710342 0.373761 0.118488 0.052454 -0.133512 -0.297469 -0.487043 -0.699694 -0.806380 -0.885972 -0.968232 
51.781990 142820.375000 74 72 72 0.949896 0.963631 0.962394 0.987364 0.978317 0.957499 0.925099 0.863417 0.666159 0.349279 0.208755 0.092985 -0.140048 -0.259042 -0.469991 -0.691278 -0.843386 -0.899810 -0.968684 0.987821 0.978052 0.957129 0.926058 0.873076 0.665878 0.342816 0.164314 0.109006 -0.119414 -0.292149 -0.461032 -0.691614 -0.848092 -0.894162 -0.963783 
50.787292 76108.101562 72 72 70 0.950405 0.981272 0.921258 0.988192 0.977964 0.960060 0.930461 0.884868 0.713416 0.429266 0.229356 -0.075065 -0.141501 -0.382971 -0.497169 -0.675162 -0.828721 -0.907121 -0.974326 0.987814 0.979001 0.960715 0.937591 0.860445 0.658144 0.385503 0.240001 -0.016767 -0.135594 -0.269988 -0.519708 -0.696052 -0.848293 -0.901154 -0.967709 
51.233368 88519.406250 70 70 68 0.938082 0.954152 0.917796 0.986867 0.974788 0.956249 0.917080 0.861204 0.820279 0.379135 0.229726 -0.020848 -0.135358 -0.208999 -0.520965 -0.670184 -0.811449 -0.911646 -0.975547 0.987053 0.976062 0.957780 0.917369 0.886334 0.775702 0.417712 0.235947 -0.044999 -0.150896 -0.312820 -0.503762 -0.663802 -0.817046 -0.913743 -0.977119 
51.091236 277555.093750 68 66 64 0.933382 0.945012 0.961072 0.987958 0.976798 0.951017 0.903143 0.795115 0.746012 0.342893 0.276893 0.139003 -0.168451 -0.210199 -0.485908 -0.730652 -0.770036 -0.862097 -0.969679 0.987739 0.975099 0.954796 0.910031 0.833748 0.800438 0.356726 0.251018 0.053216 -0.146388 -0.206258 -0.532024 -0.669926 -0.765027 -0.906142 -0.979381 
51.716187 394921.093750 64 62 66 0.964790 0.988420 0.802168 0.989809 0.979619 0.961528 0.909805 0.797641 0.504084 0.308266 0.254483 0.191203 -0.235072 -0.340663 -0.447499 -0.699500 -0.839012 -0.884870 -0.934263 0.988393 0.977212 0.956577 0.897535 0.787395 0.597709 0.302069 0.262328 0.160630 -0.167738 -0.301620 -0.388789 -0.713305 -0.790707 -0.847339 -0.946169 
42.795135 36393.570312 66 64 64 0.813743 0.772498 0.918596 0.994780 0.988471 0.963015 0.897091 0.714500 0.566618 0.321538 0.225610 0.032860 -0.200875 -0.324158 -0.560368 -0.688366 -0.814633 -0.917062 -0.972141 0.993717 0.985259 0.962762 0.900482 0.768692 0.548961 0.307474 0.246890 0.149278 -0.230429 -0.362481 -0.495585 -0.713964 -0.860246 -0.894447 -0.953308 
47.697678 894052.562500 66 64 56 0.915775 0.896653 0.834183 0.987962 0.970987 0.950920 0.885041 0.640624 0.551455 0.376991 0.260456 0.183986 -0.067308 -0.324732 -0.398668 -0.567950 -0.811039 -0.899801 -0.953048 0.994316 0.987103 0.965606 0.894702 0.643558 0.468174 0.327590 0.184857 -0.043899 -0.199163 -0.361168 -0.527561 -0.680525 -0.841258 -0.926715 -0.970811 
57.954121 21801092.000000 54 56 54 0.767413 0.963320 0.950343 0.975689 0.956222 0.931077 0.870922 0.597873 0.507763 0.298829 0.204812 0.149928 -0.128027 -0.327059 -0.382775 -0.621145 -0.771677 -0.888184 -0.911235 0.978517 0.965135 0.937887 0.874408 0.618334 0.533533 0.325981 0.223077 0.158502 -0.101826 -0.324346 -0.386227 -0.585983 -0.774886 -0.887647 -0.911531 
59.333664 40073948.000000 54 54 54 0.933830 0.969801 0.976198 0.967624 0.945775 0.918314 0.855009 0.604614 0.493777 0.303342 0.199256 0.132763 -0.146743 -0.274336 -0.357110 -0.643552 -0.756686 -0.869667 -0.896850 0.970994 0.949340 0.925661 0.856626 0.595476 0.505990 0.299606 0.201751 0.139176 -0.124453 -0.304408 -0.374789 -0.619287 -0.769523 -0.877904 -0.904675 
58.695114 36418396.000000 54 54 54 0.976712 0.972165 0.985262 0.968582 0.941543 0.901651 0.845401 0.646181 0.530711 0.334508 0.218707 0.119799 -0.106055 -0.242066 -0.314486 -0.630352 -0.746676 -0.864750 -0.897057 0.967468 0.943940 0.909386 0.854869 0.631078 0.496785 0.321634 0.204445 0.131267 -0.136466 -0.259284 -0.318577 -0.632950 -0.745887 -0.860123 -0.897066 
57.474976 32659932.000000 54 54 54 0.982185 0.995167 0.988435 0.969233 0.937993 0.885112 0.821092 0.684970 0.523039 0.355170 0.232228 0.130736 -0.088683 -0.201191 -0.298275 -0.591473 -0.752812 -0.849751 -0.902725 0.967851 0.938865 0.891378 0.830867 0.655942 0.537041 0.356224 0.232244 0.119944 -0.088445 -0.212861 -0.306691 -0.614541 -0.743349 -0.859756 -0.893727 
56.456890 20336446.000000 54 54 52 0.994316 0.946804 0.956368 0.974836 0.942143 0.882190 0.802462 0.714824 0.558965 0.351632 0.245889 0.147238 -0.023760 -0.186937 -0.244744 -0.529597 -0.743694 -0.843367 -0.890680 0.971718 0.939664 0.880868 0.812817 0.697140 0.539216 0.353748 0.238814 0.141984 -0.067764 -0.193843 -0.263711 -0.567192 -0.733572 -0.834614 -0.884626 
57.595295 17561834.000000 52 52 52 0.954930 0.982769 0.925862 0.970570 0.936832 0.891744 0.823268 0.729255 0.615655 0.342318 0.234823 0.162758 -0.027707 -0.159531 -0.234711 -0.514972 -0.741982 -0.820796 -0.925319 0.973303 0.941086 0.891223 0.811903 0.743037 0.578386 0.324218 0.243160 0.136352 -0.017685 -0.183897 -0.242816 -0.545980 -0.723689 -0.829257 -0.909927 
58.380692 10045991.000000 52 50 48 0.924817 0.970795 0.919038 0.972339 0.939688 0.890267 0.847077 0.768112 0.649049 0.369190 0.232988 0.164287 0.024349 -0.176913 -0.221377 -0.506898 -0.733053 -0.850083 -0.964176 0.972063 0.933943 0.890782 0.837211 0.744903 0.617518 0.359913 0.220081 0.168884 -0.031354 -0.171730 -0.228164 -0.484271 -0.748195 -0.824964 -0.938196 
57.707058 4084080.250000 50 48 48 0.915208 0.960053 0.908878 0.980531 0.951475 0.888891 0.856163 0.796750 0.700678 0.365018 0.249147 0.193917 -0.017416 -0.147719 -0.178510 -0.454093 -0.751229 -0.867303 -0.969043 0.976264 0.940684 0.886843 0.851846 0.776289 0.659524 0.367385 0.249234 0.159534 -0.000702 -0.143862 -0.204405 -0.516674 -0.751752 -0.868032 -0.969342 
55.505592 1893420.500000 48 48 48 0.912791 0.872607 0.935902 0.984564 0.960053 0.894990 0.851923 0.793159 0.711839 0.434917 0.298178 0.202492 0.052230 -0.116756 -0.208840 -0.556444 -0.760577 -0.892636 -0.972644 0.982759 0.954413 0.888103 0.856217 0.803685 0.708670 0.390602 0.258165 0.210970 0.035781 -0.149368 -0.181809 -0.511922 -0.755283 -0.877125 -0.972738 
52.342991 500717.375000 48 48 46 0.910262 0.935533 0.719910 0.981996 0.961749 0.916049 0.872574 0.798223 0.687338 0.556724 0.294276 0.237853 0.039808 -0.141437 -0.301560 -0.600101 -0.780276 -0.893948 -0.975486 0.984957 0.962643 0.916598 0.856650 0.784497 0.719966 0.433218 0.281848 0.219270 0.083665 -0.117688 -0.212324 -0.546645 -0.763811 -0.892119 -0.971880 
38.795399 1727915.250000 48 48 48 0.835556 0.606722 0.620385 0.979052 0.935633 0.857501 0.779685 0.630807 0.491146 0.310197 0.206109 -0.068396 -0.156841 -0.481285 -0.576506 -0.742373 -0.821264 -0.919138 -0.984034 0.984000 0.960663 0.900243 0.828111 0.719300 0.629718 0.478536 0.273492 0.188124 -0.011990 -0.157583 -0.423282 -0.627766 -0.794000 -0.909884 -0.972642 
42.956337 9039677.000000 50 50 62 0.632051 0.590902 0.414634 0.934691 0.892261 0.808915 0.667052 0.519206 0.353029 0.328010 0.151816 -0.167521 -0.234065 -0.371513 -0.599558 -0.680906 -0.822770 -0.904186 -0.973428 0.962805 0.916008 0.832233 0.710371 0.606947 0.445030 0.333710 0.140113 -0.054328 -0.231326 -0.497807 -0.600299 -0.711247 -0.829906 -0.906536 -0.979225 
46.651932 4000708.500000 110 94 94 0.424764 0.642348 0.643483 0.946268 0.882728 0.782693 0.684410 0.461464 0.365731 0.284145 0.178295 -0.048411 -0.228326 -0.420274 -0.606010 -0.700680 -0.807688 -0.937564 -0.985520 0.941349 0.873370 0.762272 0.649946 0.407326 0.354489 0.328397 0.190537 -0.120920 -0.249261 -0.436759 -0.633901 -0.703726 -0.811953 -0.917495 -0.976195 
35.293545 985691.875000 94 50 90 0.654955 0.469917 0.459852 0.938754 0.881595 0.824779 0.688719 0.624940 0.408721 0.262713 0.161898 -0.048941 -0.201750 -0.370705 -0.586703 -0.694007 -0.845777 -0.911342 -0.975672 0.955298 0.889093 0.807711 0.684763 0.496087 0.347482 0.259382 0.159876 -0.013134 -0.221850 -0.426050 -0.600469 -0.695157 -0.843648 -0.892490 -0.981883 
29.241211 158234.312500 62 50 60 0.394730 0.518986 0.490202 0.975532 0.919307 0.849541 0.716029 0.644184 0.421339 0.330436 0.284875 0.074289 -0.123509 -0.335690 -0.593780 -0.672275 -0.800681 -0.886348 -0.961061 0.961362 0.902312 0.831976 0.694732 0.615745 0.449409 0.314256 0.206562 -0.028965 -0.191385 -0.330480 -0.605052 -0.657308 -0.803119 -0.901852 -0.970416 
49.486099 523323.937500 68 64 72 0.346878 0.670041 0.691574 0.984241 0.964441 0.935277 0.881713 0.743738 0.638233 0.503183 0.414912 0.275774 0.136452 -0.094260 -0.478928 -0.666892 -0.750028 -0.891017 -0.974745 0.988101 0.968114 0.940788 0.835918 0.675387 0.582260 0.409908 0.350634 0.292049 0.023548 -0.230426 -0.478917 -0.675861 -0.731759 -0.877702 -0.958862 
51.023354 393621.812500 72 88 94 0.965041 0.478366 0.910736 0.977730 0.959824 0.935087 0.854861 0.742251 0.658348 0.557795 0.412766 0.146728 0.083030 -0.086271 -0.473004 -0.649397 -0.796039 -0.902419 -0.968618 0.978297 0.960797 0.930299 0.859912 0.756165 0.651096 0.513943 0.390322 0.221262 0.106324 0.005671 -0.414729 -0.644631 -0.757349 -0.902442 -0.969870 
48.334770 195262.109375 94 96 104 0.914780 0.407664 0.709770 0.976813 0.960309 0.940634 0.864211 0.763256 0.689886 0.557929 0.439609 0.187862 0.078728 -0.198517 -0.478336 -0.674809 -0.818059 -0.897876 -0.971236 0.979077 0.962059 0.935988 0.856275 0.745484 0.646937 0.582190 0.434332 0.184727 0.090700 -0.108842 -0.444173 -0.633825 -0.786084 -0.891104 -0.972256 
47.931664 143301.500000 104 82 230 0.532263 0.798784 0.630068 0.973522 0.960260 0.940431 0.843068 0.777698 0.726966 0.618782 0.477548 0.221333 0.039100 -0.223281 -0.471401 -0.655791 -0.810387 -0.916359 -0.975001 0.974856 0.960650 0.938452 0.840914 0.766814 0.687160 0.542275 0.397660 0.276894 0.018580 -0.243816 -0.476983 -0.662526 -0.803535 -0.907610 -0.976920 
37.228607 39387.503906 66 52 68 0.488072 0.337227 0.653561 0.979972 0.963503 0.934235 0.806585 0.742298 0.662126 0.572288 0.360702 0.169352 -0.113096 -0.322466 -0.506968 -0.660490 -0.816972 -0.915113 -0.979691 0.967181 0.959115 0.930087 0.794835 0.754282 0.650316 0.597725 0.421129 0.211982 -0.074488 -0.266694 -0.510221 -0.663760 -0.818396 -0.917115 -0.961496 
41.918640 28840.716797 68 20 84 0.648475 0.543695 0.595927 0.975604 0.962528 0.928807 0.799375 0.756595 0.664437 0.569507 0.388918 0.176405 -0.101377 -0.331755 -0.522185 -0.686862 -0.830361 -0.908813 -0.978366 0.979898 0.964305 0.943280 0.830600 0.764865 0.710021 0.613542 0.476879 0.156285 -0.021299 -0.301944 -0.503155 -0.653947 -0.817846 -0.921568 -0.973097 
32.232498 17455.466797 62 66 62 0.525298 0.575983 0.523440 0.990588 0.968673 0.934253 0.832197 0.741613 0.658861 0.518950 0.314410 0.087941 -0.206529 -0.367309 -0.551700 -0.688869 -0.842227 -0.924998 -0.978259 0.991120 0.964237 0.935609 0.852919 0.744584 0.673409 0.546656 0.361661 0.140012 -0.149389 -0.338639 -0.535101 -0.712984 -0.817982 -0.924491 -0.975916 
23.111944 9295.957031 62 74 72 0.484154 0.583709 0.492882 0.991265 0.963003 0.906950 0.802762 0.696934 0.617919 0.353726 0.221989 0.072408 -0.158514 -0.385238 -0.552434 -0.722321 -0.828396 -0.919456 -0.978773 0.992191 0.971258 0.919179 0.797858 0.710769 0.642056 0.400975 0.223026 0.037561 -0.188960 -0.389213 -0.548635 -0.688808 -0.834646 -0.917660 -0.986655 
18.257076 7209.597168 152 154 154 0.518132 0.503564 0.475810 0.983921 0.957459 0.906899 0.792110 0.705258 0.511969 0.362250 0.195418 -0.067151 -0.161314 -0.335223 -0.548803 -0.671995 -0.836837 -0.910365 -0.966393 0.987957 0.956018 0.911012 0.778992 0.686390 0.568522 0.369179 0.217955 0.020627 -0.154941 -0.334235 -0.556198 -0.685774 -0.852337 -0.918034 -0.975527 
16.538586 5466.553711 54 62 58 0.431772 0.556443 0.490329 0.983090 0.964822 0.899228 0.749230 0.654912 0.549853 0.359195 0.119884 -0.080204 -0.157123 -0.374788 -0.577333 -0.689257 -0.843614 -0.911306 -0.975178 0.984237 0.962074 0.897351 0.785350 0.700981 0.547852 0.354368 0.131759 -0.072189 -0.139311 -0.348052 -0.506993 -0.710194 -0.822483 -0.913429 -0.958780 
14.434728 4497.540039 56 184 184 0.477324 0.358799 0.370907 0.984942 0.956048 0.885433 0.763864 0.671126 0.533069 0.358384 0.198465 -0.052849 -0.204024 -0.372946 -0.559410 -0.712304 -0.849051 -0.918710 -0.971733 0.985458 0.959966 0.901058 0.777293 0.689781 0.550855 0.404708 0.121590 -0.072623 -0.214627 -0.398636 -0.552949 -0.686974 -0.839932 -0.906409 -0.973295 
13.511582 2647.038818 206 78 168 0.379954 0.417987 0.387904 0.989680 0.962326 0.907096 0.774445 0.688139 0.550280 0.350305 0.196497 -0.030921 -0.245252 -0.444628 -0.559945 -0.753644 -0.816563 -0.911128 -0.984048 0.981617 0.964400 0.911703 0.778572 0.661645 0.504749 0.345718 0.205353 -0.054293 -0.232354 -0.409633 -0.568426 -0.742851 -0.829239 -0.923844 -0.982243 
