30.912884 17114.050781 20 172 172 0.000000 0.585984 0.569813 0.962777 0.940954 0.915041 0.865266 0.794365 0.728275 0.546826 0.229189 -0.011744 -0.148104 -0.359297 -0.562182 -0.693817 -0.855821 -0.910078 -0.980383 0.964401 0.939627 0.897450 0.805640 0.735941 0.599890 0.449044 0.209524 -0.083559 -0.166461 -0.393848 -0.608558 -0.723724 -0.865066 -0.932654 -0.982550 
43.139740 714943.312500 34 36 74 0.379757 0.647250 0.670123 0.957451 0.933662 0.893109 0.839912 0.780451 0.705153 0.310215 0.064387 -0.019020 -0.175676 -0.274895 -0.387948 -0.704471 -0.815272 -0.888444 -0.919519 0.949489 0.936215 0.915450 0.861415 0.798188 0.743797 0.577110 0.139453 0.013632 -0.109315 -0.261459 -0.495615 -0.697892 -0.847849 -0.898450 -0.963133 
55.730484 34230164.000000 74 104 60 0.709254 0.496894 0.965470 0.963011 0.930665 0.888874 0.816915 0.778736 0.655630 0.245943 0.079861 -0.020079 -0.182082 -0.328496 -0.427048 -0.726702 -0.822635 -0.893393 -0.912370 0.962789 0.932358 0.882943 0.820754 0.764132 0.658580 0.181720 0.069057 -0.043940 -0.208507 -0.278887 -0.431158 -0.732068 -0.828233 -0.892682 -0.912482 
63.067596 109104384.000000 60 60 60 0.975391 0.957942 0.981283 0.960001 0.938742 0.891724 0.822550 0.779522 0.651877 0.231602 0.057025 -0.028297 -0.198950 -0.293547 -0.397605 -0.690810 -0.816195 -0.877978 -0.902877 0.959083 0.934742 0.886566 0.818633 0.780992 0.641167 0.225466 0.059682 -0.015404 -0.211900 -0.300356 -0.408263 -0.709864 -0.817374 -0.893298 -0.909347 
64.221123 83517904.000000 60 58 60 0.974293 0.928353 0.700933 0.963365 0.949248 0.914323 0.830000 0.779707 0.669783 0.198024 0.040917 -0.033679 -0.167955 -0.301336 -0.428824 -0.654728 -0.821950 -0.896480 -0.910270 0.960893 0.944008 0.898519 0.825566 0.779703 0.648683 0.212312 0.040459 -0.040369 -0.197357 -0.300641 -0.396485 -0.679461 -0.819632 -0.891698 -0.909128 
54.286339 1355705.500000 58 60 60 0.757800 0.473011 0.783350 0.992962 0.958315 0.906677 0.849778 0.785884 0.707953 0.354524 0.113293 -0.008384 -0.154191 -0.304318 -0.416036 -0.718233 -0.818247 -0.870162 -0.903400 0.971156 0.954561 0.926369 0.833820 0.780972 0.668826 0.184178 0.047533 -0.034335 -0.193205 -0.277644 -0.426845 -0.696684 -0.831575 -0.885542 -0.904892 
47.174240 799040.062500 60 60 60 0.806742 0.814056 0.893331 0.992639 0.961501 0.916952 0.876542 0.781403 0.713380 0.457413 0.116469 -0.024836 -0.161403 -0.261096 -0.374583 -0.684733 -0.814979 -0.877881 -0.910490 0.991986 0.948369 0.907625 0.866287 0.756096 0.681365 0.411931 0.118557 -0.030346 -0.180436 -0.285307 -0.397094 -0.732112 -0.818956 -0.873871 -0.893923 
46.903721 408456.968750 60 60 70 0.917977 0.768818 0.491890 0.994445 0.966689 0.909211 0.847469 0.789901 0.748125 0.482884 0.101774 0.012684 -0.122749 -0.237671 -0.344483 -0.664824 -0.829815 -0.888301 -0.924055 0.994046 0.963820 0.908098 0.862500 0.790995 0.735836 0.491940 0.109005 0.007307 -0.130514 -0.237860 -0.351252 -0.648533 -0.798226 -0.886845 -0.928653 
43.021843 126905.757812 60 78 60 0.578148 0.742334 0.717055 0.994613 0.972702 0.926477 0.837257 0.802185 0.768837 0.532174 0.054476 0.003110 -0.125061 -0.264799 -0.346498 -0.616381 -0.858321 -0.892526 -0.951003 0.994258 0.961027 0.915096 0.823177 0.792465 0.732567 0.544767 0.102451 0.007828 -0.092663 -0.258331 -0.338089 -0.647935 -0.856549 -0.891518 -0.930353 
43.206974 72472.968750 72 70 60 0.578948 0.710571 0.846262 0.994664 0.986061 0.908706 0.842576 0.794613 0.764315 0.467421 0.104549 0.012132 -0.138032 -0.275481 -0.362549 -0.623028 -0.825656 -0.885710 -0.952706 0.994539 0.982167 0.915224 0.838184 0.797702 0.766700 0.465169 0.072503 0.011068 -0.105839 -0.260251 -0.344502 -0.629908 -0.832552 -0.885285 -0.951371 
40.147671 39395.484375 60 60 60 0.823145 0.800047 0.661592 0.994121 0.980783 0.913975 0.848805 0.802506 0.772492 0.474437 0.117089 0.017201 -0.159359 -0.292404 -0.410764 -0.678126 -0.824418 -0.908673 -0.968817 0.993976 0.984514 0.920531 0.848606 0.795953 0.762842 0.499354 0.101577 0.010890 -0.153368 -0.290001 -0.399371 -0.660446 -0.835065 -0.897117 -0.967320 
41.048222 14080527.000000 60 50 44 0.707416 0.401372 0.545397 0.982056 0.959126 0.825186 0.660256 0.603168 0.499714 0.228855 0.074134 -0.095416 -0.287838 -0.452949 -0.563503 -0.729647 -0.856726 -0.919129 -0.975849 0.992162 0.964272 0.917020 0.838715 0.798637 0.743226 0.496925 0.198099 0.003775 -0.155818 -0.324799 -0.513113 -0.683563 -0.802693 -0.913597 -0.969167 
60.553478 71081480.000000 44 54 56 0.528919 0.834080 0.966561 0.963866 0.944432 0.929454 0.759303 0.610034 0.572532 0.435346 0.214854 0.071348 -0.138398 -0.361099 -0.444400 -0.658185 -0.776614 -0.876819 -0.900883 0.975829 0.956148 0.930033 0.762902 0.609027 0.584929 0.364693 0.171806 0.065242 -0.201374 -0.387910 -0.548518 -0.725196 -0.832329 -0.893374 -0.961969 
61.092472 103795104.000000 56 56 56 0.965984 0.979491 0.989163 0.962291 0.942586 0.911578 0.771819 0.567993 0.532618 0.364283 0.153077 0.060975 -0.180303 -0.391864 -0.455275 -0.612000 -0.753235 -0.889595 -0.908906 0.958182 0.943409 0.917948 0.784355 0.584238 0.548968 0.396432 0.169839 0.060335 -0.165671 -0.365602 -0.445466 -0.636890 -0.780391 -0.882028 -0.906470 
59.456337 83420352.000000 56 56 56 0.996079 0.982342 0.956538 0.968923 0.939663 0.911507 0.788637 0.562075 0.521337 0.384270 0.176911 0.069100 -0.119314 -0.380854 -0.456803 -0.588129 -0.741003 -0.893455 -0.910976 0.964627 0.940434 0.906948 0.766336 0.561257 0.517695 0.358315 0.150048 0.059681 -0.158650 -0.394693 -0.466365 -0.600120 -0.752746 -0.893167 -0.913716 
55.099239 7695298.500000 56 58 60 0.986806 0.970280 0.931373 0.985757 0.952743 0.930918 0.851070 0.605127 0.543905 0.402755 0.229773 0.132005 -0.080615 -0.365346 -0.470297 -0.577368 -0.793091 -0.885758 -0.933702 0.977079 0.943011 0.918452 0.818711 0.581714 0.533071 0.417511 0.220754 0.115041 -0.066275 -0.364076 -0.438352 -0.577818 -0.760287 -0.891486 -0.920910 
44.551895 2212297.250000 60 58 56 0.923994 0.743166 0.756494 0.970984 0.939420 0.900842 0.721817 0.569442 0.503589 0.400209 0.251189 0.101448 -0.162591 -0.478663 -0.570793 -0.673944 -0.792337 -0.907459 -0.975823 0.988177 0.954213 0.934369 0.792671 0.581347 0.520329 0.399323 0.236090 0.105087 -0.115021 -0.420602 -0.534271 -0.635258 -0.780812 -0.891948 -0.970515 
39.703911 408722.812500 56 56 56 0.742649 0.781503 0.922695 0.964183 0.940980 0.917172 0.820411 0.570519 0.491000 0.373113 0.284153 0.123772 -0.056887 -0.342730 -0.455525 -0.599495 -0.772691 -0.881913 -0.921309 0.958035 0.942847 0.916437 0.779132 0.576980 0.493554 0.409889 0.269172 0.117411 -0.049169 -0.385035 -0.527274 -0.649159 -0.787445 -0.891403 -0.945764 
38.623230 158240.187500 56 56 72 0.905809 0.817464 0.545472 0.967677 0.942524 0.928548 0.832727 0.610670 0.498623 0.429604 0.313503 0.160262 -0.048885 -0.350148 -0.460553 -0.547222 -0.756015 -0.888095 -0.946787 0.961994 0.941639 0.918306 0.847330 0.587101 0.480027 0.392768 0.283248 0.135457 -0.060243 -0.326450 -0.452749 -0.546877 -0.760914 -0.884284 -0.927223 
30.278980 51739.910156 36 58 38 0.547689 0.347108 0.553311 0.968676 0.933703 0.881083 0.767184 0.602900 0.515268 0.428844 0.274510 0.142202 -0.046472 -0.374471 -0.443859 -0.591802 -0.794414 -0.896876 -0.970359 0.960076 0.939177 0.911335 0.799545 0.595170 0.507228 0.438648 0.286283 0.149042 -0.050567 -0.388594 -0.449456 -0.567873 -0.791697 -0.886144 -0.954768 
27.629822 36615.386719 54 56 48 0.372140 0.784945 0.471586 0.963885 0.939286 0.893586 0.757482 0.589875 0.522567 0.438282 0.277442 0.154554 -0.005591 -0.336634 -0.447072 -0.660601 -0.826220 -0.910192 -0.962587 0.957243 0.941028 0.898812 0.722488 0.581653 0.502806 0.432311 0.261249 0.144467 0.013095 -0.346341 -0.421975 -0.602122 -0.775438 -0.899105 -0.971858 
40.804829 963845.625000 94 56 126 0.505057 0.435145 0.465538 0.958222 0.939062 0.868335 0.839194 0.714727 0.580439 0.479456 0.253016 0.050127 -0.234309 -0.597138 -0.682396 -0.817455 -0.897009 -0.920248 -0.962072 0.957559 0.942486 0.878166 0.835267 0.727722 0.593174 0.488720 0.289214 0.111676 -0.162741 -0.516674 -0.670486 -0.862984 -0.906929 -0.932163 -0.962924 
32.408989 280432.031250 22 96 86 0.420796 0.454226 0.461176 0.967047 0.922597 0.855715 0.789879 0.587858 0.513472 0.401181 0.160782 -0.057292 -0.363389 -0.569439 -0.677743 -0.830104 -0.911542 -0.939575 -0.975313 0.961912 0.935182 0.860370 0.832765 0.659846 0.530023 0.426745 0.167500 0.016116 -0.267714 -0.547592 -0.663837 -0.784256 -0.896293 -0.924791 -0.963106 
27.972506 165075.812500 58 54 146 0.373884 0.407745 0.448817 0.967379 0.918875 0.869779 0.777605 0.569892 0.504011 0.359200 0.176487 -0.125667 -0.489902 -0.655778 -0.730247 -0.855497 -0.913262 -0.961221 -0.984005 0.968366 0.920458 0.879396 0.761672 0.566662 0.489059 0.366303 0.196778 -0.193383 -0.453877 -0.649526 -0.728261 -0.863430 -0.920992 -0.956848 -0.982772 
46.279755 394515.750000 54 82 60 0.402050 0.458968 0.831593 0.986914 0.978028 0.951027 0.897019 0.854599 0.644035 0.402112 0.157979 -0.276331 -0.386738 -0.492642 -0.554534 -0.687227 -0.826603 -0.906618 -0.970073 0.989048 0.970768 0.898979 0.847544 0.618359 0.517260 0.382409 0.175726 -0.147781 -0.420721 -0.578792 -0.675778 -0.788723 -0.895869 -0.955998 -0.981124 
54.068230 3815543.750000 60 62 64 0.649831 0.912338 0.900213 0.982248 0.975187 0.936359 0.859232 0.737634 0.705825 0.364385 -0.009746 -0.080011 -0.306546 -0.440701 -0.508372 -0.606315 -0.790712 -0.889441 -0.919038 0.983291 0.976790 0.942979 0.886801 0.826033 0.646235 0.264848 -0.043888 -0.182127 -0.350844 -0.450257 -0.534610 -0.643949 -0.777583 -0.875903 -0.927195 
56.066227 6084820.500000 64 64 66 0.941399 0.937430 0.956552 0.983044 0.974566 0.938084 0.748849 0.669109 0.597592 0.501610 0.191395 0.038332 -0.072145 -0.379418 -0.452785 -0.539798 -0.642682 -0.834260 -0.924682 0.982585 0.973652 0.940446 0.803578 0.699658 0.668569 0.495282 0.101803 -0.009220 -0.142210 -0.352921 -0.461583 -0.543780 -0.703462 -0.884176 -0.921718 
55.524136 7106026.500000 66 66 66 0.976849 0.990613 0.970165 0.985021 0.979074 0.953093 0.738896 0.540916 0.471347 0.308610 0.138045 0.069112 -0.094175 -0.358556 -0.448314 -0.541225 -0.664866 -0.780752 -0.897379 0.984185 0.977408 0.944086 0.752699 0.590095 0.542707 0.398600 0.162018 0.062582 -0.081716 -0.363587 -0.453011 -0.538509 -0.646319 -0.807043 -0.923713 
53.250008 3323252.250000 66 66 66 0.980110 0.831764 0.804660 0.989410 0.980010 0.961775 0.743424 0.545628 0.337117 0.227396 0.119989 0.030471 -0.101747 -0.345099 -0.446870 -0.517008 -0.641627 -0.758559 -0.891675 0.986449 0.980364 0.962546 0.751067 0.527929 0.405946 0.255412 0.142786 0.045894 -0.113617 -0.331927 -0.443789 -0.514503 -0.658031 -0.776558 -0.885714 
51.989891 1547475.500000 64 66 66 0.756100 0.977197 0.981473 0.990477 0.981314 0.970613 0.779716 0.560585 0.384493 0.227646 0.153622 0.083238 -0.115064 -0.358491 -0.435187 -0.517064 -0.612849 -0.705242 -0.944516 0.989755 0.980997 0.970145 0.756144 0.556692 0.367737 0.217181 0.151548 0.042864 -0.116760 -0.342073 -0.428959 -0.502047 -0.598084 -0.734303 -0.933236 
49.692314 338503.281250 66 68 70 0.980560 0.919057 0.561095 0.992233 0.983735 0.970521 0.793762 0.604751 0.511749 0.288124 0.196376 0.113784 -0.082083 -0.367183 -0.445419 -0.582554 -0.675439 -0.809345 -0.962651 0.990940 0.981868 0.972165 0.764698 0.574946 0.458501 0.246527 0.179096 0.103023 -0.060615 -0.370241 -0.444114 -0.557424 -0.651371 -0.735590 -0.959793 
42.401348 71883.773438 72 72 76 0.587439 0.838626 0.814182 0.995012 0.988161 0.962752 0.834916 0.634987 0.496510 0.302445 0.214804 0.078086 -0.078274 -0.334837 -0.474777 -0.552141 -0.726716 -0.889517 -0.972904 0.995080 0.989292 0.957671 0.834356 0.627031 0.480625 0.330294 0.200271 0.053725 -0.098215 -0.389742 -0.478128 -0.575703 -0.714573 -0.876566 -0.967674 
38.990387 37224.949219 78 78 76 0.847951 0.835145 0.874295 0.994941 0.987275 0.966159 0.841561 0.621801 0.416145 0.305262 0.239667 0.152100 -0.033054 -0.386586 -0.472955 -0.576723 -0.791515 -0.911839 -0.973212 0.994765 0.986040 0.964264 0.828711 0.618388 0.471498 0.294022 0.234608 0.123040 -0.061623 -0.350908 -0.471226 -0.547970 -0.757600 -0.910069 -0.969047 
40.057076 18028.902344 76 78 78 0.863581 0.833055 0.814280 0.996089 0.990493 0.976068 0.866235 0.651626 0.440051 0.268285 0.168742 0.116144 -0.034193 -0.385111 -0.509542 -0.683115 -0.811737 -0.924244 -0.970089 0.995544 0.987977 0.976907 0.871518 0.660137 0.446080 0.282582 0.206667 0.124061 -0.004852 -0.413807 -0.488680 -0.660249 -0.805069 -0.917813 -0.970200 
34.628326 11420.229492 78 64 80 0.832531 0.397562 0.700957 0.994337 0.987197 0.967322 0.828922 0.670741 0.479983 0.306605 0.187263 0.052113 -0.158000 -0.362219 -0.540315 -0.683954 -0.828805 -0.916190 -0.975740 0.996054 0.991999 0.969709 0.832504 0.639142 0.430491 0.281512 0.174060 0.095273 -0.132823 -0.360528 -0.518228 -0.685229 -0.816140 -0.925325 -0.973894 
35.437378 8466.282227 80 72 72 0.644952 0.770959 0.891363 0.995707 0.990965 0.965426 0.860869 0.694089 0.498361 0.287992 0.188435 0.070127 -0.186167 -0.376124 -0.551250 -0.722036 -0.845507 -0.915970 -0.972056 0.995382 0.990322 0.971503 0.853065 0.704529 0.509932 0.311812 0.175612 0.047871 -0.168050 -0.375096 -0.577294 -0.700619 -0.845309 -0.915188 -0.975799 
38.418705 2787448.250000 74 72 72 0.927934 0.957481 0.845614 0.983801 0.953162 0.878751 0.774433 0.656994 0.548781 0.376198 0.142653 -0.024502 -0.306856 -0.460482 -0.617679 -0.720379 -0.804485 -0.881869 -0.973015 0.995806 0.991813 0.969582 0.865083 0.673982 0.488434 0.316948 0.205159 0.054446 -0.208250 -0.391680 -0.552426 -0.710342 -0.827815 -0.914339 -0.971826 
56.235031 8914981.000000 72 78 80 0.774050 0.829113 0.898384 0.967157 0.950709 0.924046 0.844543 0.787858 0.701654 0.347800 0.101970 -0.018754 -0.171253 -0.230009 -0.457493 -0.751267 -0.812744 -0.867482 -0.901172 0.973362 0.955977 0.920075 0.839407 0.755985 0.610289 0.430420 0.137559 -0.001881 -0.209289 -0.379647 -0.598685 -0.705690 -0.794257 -0.856699 -0.967527 
57.278408 15958479.000000 80 80 78 0.924489 0.660730 0.923278 0.961975 0.938595 0.906354 0.824046 0.782489 0.688354 0.268724 0.097362 -0.017450 -0.190551 -0.270491 -0.451337 -0.767834 -0.819981 -0.892910 -0.906923 0.960912 0.944527 0.916077 0.836872 0.791362 0.721228 0.306080 0.135051 0.007791 -0.164315 -0.256932 -0.500816 -0.778541 -0.823451 -0.893982 -0.913343 
57.970840 28500512.000000 78 78 76 0.941265 0.976624 0.897623 0.960960 0.938115 0.900518 0.819367 0.768240 0.674687 0.260262 0.094873 -0.023492 -0.192269 -0.255681 -0.391802 -0.757362 -0.833997 -0.887541 -0.908834 0.961898 0.938987 0.900887 0.822989 0.774022 0.673173 0.301791 0.100100 0.000729 -0.170557 -0.234844 -0.390572 -0.776838 -0.830250 -0.889009 -0.905602 
57.365070 27496152.000000 76 74 68 0.920092 0.937980 0.940148 0.961784 0.934388 0.896395 0.820227 0.738241 0.648942 0.287545 0.137031 0.019662 -0.182391 -0.255481 -0.410263 -0.762214 -0.827272 -0.883679 -0.905588 0.959315 0.935707 0.898959 0.819535 0.757748 0.667643 0.257675 0.116884 -0.008857 -0.192976 -0.264031 -0.393680 -0.749681 -0.827635 -0.886836 -0.910322 
55.911407 23526798.000000 68 66 62 0.942974 0.946485 0.907848 0.965436 0.938647 0.893946 0.800796 0.733706 0.658520 0.299231 0.133366 0.033747 -0.212666 -0.301243 -0.398174 -0.707006 -0.819278 -0.883262 -0.901871 0.964296 0.935445 0.895725 0.810710 0.737969 0.659859 0.320309 0.169052 0.053951 -0.146765 -0.273656 -0.388748 -0.700262 -0.822166 -0.893352 -0.910787 
54.292847 10190656.000000 62 60 52 0.883787 0.384458 0.872253 0.975151 0.946119 0.913856 0.826277 0.715818 0.670098 0.412919 0.119784 0.032156 -0.205707 -0.320529 -0.391250 -0.667716 -0.822223 -0.894809 -0.916622 0.964926 0.947293 0.901364 0.797672 0.731828 0.663633 0.308801 0.113607 0.026759 -0.214394 -0.298922 -0.401760 -0.710364 -0.825645 -0.891082 -0.909470 
51.283234 3517538.250000 54 50 48 0.936943 0.951537 0.949367 0.989317 0.965359 0.913722 0.861223 0.673631 0.634556 0.480749 0.136812 0.046263 -0.096349 -0.339071 -0.434857 -0.612886 -0.838360 -0.903272 -0.918220 0.985773 0.948534 0.910346 0.850387 0.698655 0.652331 0.534763 0.147653 0.033433 -0.142422 -0.334554 -0.396133 -0.645577 -0.810251 -0.899814 -0.919864 
46.936001 767935.250000 48 48 38 0.918553 0.855999 0.268997 0.988796 0.966458 0.905569 0.838690 0.713418 0.622357 0.482136 0.133672 -0.005870 -0.141863 -0.351908 -0.479458 -0.654669 -0.831364 -0.897933 -0.955830 0.989711 0.975587 0.915670 0.865258 0.683428 0.613746 0.450148 0.108979 0.005500 -0.124077 -0.341527 -0.451598 -0.622785 -0.843216 -0.898945 -0.922202 
39.509064 4663992.500000 56 168 52 0.392548 0.421035 0.606334 0.963549 0.931966 0.852837 0.772759 0.680504 0.522409 0.164083 -0.055373 -0.217784 -0.483735 -0.572439 -0.676417 -0.847349 -0.888171 -0.935154 -0.978723 0.966294 0.935839 0.874643 0.786297 0.718162 0.596176 0.256273 0.028041 -0.110127 -0.301417 -0.480812 -0.593937 -0.796370 -0.857703 -0.929620 -0.975752 
41.146244 4000376.500000 52 88 50 0.478488 0.331072 0.571275 0.953248 0.915098 0.838174 0.771176 0.668545 0.527802 0.076579 -0.064848 -0.312480 -0.511836 -0.598007 -0.710774 -0.847304 -0.908025 -0.953941 -0.986383 0.963246 0.919414 0.845833 0.764505 0.661080 0.539611 0.099102 -0.083479 -0.299013 -0.511594 -0.590738 -0.704712 -0.843480 -0.896606 -0.949142 -0.986034 
43.778473 3097023.750000 50 50 50 0.567465 0.401018 0.566186 0.946750 0.910179 0.842769 0.772937 0.669316 0.491202 -0.000943 -0.146174 -0.395284 -0.525176 -0.616556 -0.755819 -0.870349 -0.922012 -0.962018 -0.990518 0.952969 0.907786 0.836357 0.767186 0.675498 0.530380 0.045722 -0.103460 -0.367160 -0.512385 -0.588048 -0.731758 -0.866447 -0.908002 -0.966127 -0.992527 
44.663967 2683662.000000 50 44 50 0.572303 0.403496 0.501540 0.961571 0.919768 0.847549 0.753010 0.662063 0.376652 -0.025426 -0.177039 -0.398805 -0.553326 -0.633269 -0.736150 -0.862262 -0.911753 -0.959784 -0.987553 0.951633 0.914518 0.852049 0.768883 0.666799 0.389040 -0.012223 -0.158472 -0.413686 -0.559959 -0.625104 -0.757509 -0.868455 -0.919480 -0.966427 -0.990181 
42.405201 1470854.750000 52 56 56 0.598553 0.671517 0.522139 0.973444 0.905218 0.816627 0.769929 0.625481 0.402005 -0.067142 -0.224453 -0.390063 -0.528465 -0.651004 -0.736011 -0.843850 -0.920308 -0.964264 -0.991591 0.966704 0.921073 0.825572 0.759856 0.652478 0.419970 -0.061705 -0.201738 -0.379739 -0.540394 -0.664457 -0.750569 -0.856886 -0.918386 -0.960319 -0.991418 
42.565460 833211.312500 56 76 26 0.499647 0.435265 0.444486 0.968440 0.923252 0.822332 0.759406 0.599589 0.343044 -0.075037 -0.215966 -0.376380 -0.543409 -0.653916 -0.768502 -0.890212 -0.932948 -0.970589 -0.989093 0.970578 0.907047 0.816531 0.759526 0.594801 0.385319 -0.057124 -0.213260 -0.379305 -0.533371 -0.644884 -0.754433 -0.865070 -0.928404 -0.972019 -0.991415 
47.035492 1950055.750000 82 92 46 0.330235 0.514619 0.428232 0.977622 0.934556 0.802154 0.660509 0.543066 0.296909 -0.169455 -0.301247 -0.463867 -0.587488 -0.703615 -0.788000 -0.859365 -0.918071 -0.970555 -0.991464 0.970160 0.928661 0.837406 0.732628 0.585321 0.343966 -0.082859 -0.254529 -0.407335 -0.566722 -0.673869 -0.772882 -0.877458 -0.932012 -0.973705 -0.988714 
49.546341 2316030.750000 62 52 60 0.413513 0.518958 0.625546 0.978353 0.920778 0.735559 0.657733 0.606589 0.205500 0.003396 -0.224816 -0.422354 -0.563297 -0.622743 -0.730525 -0.813167 -0.904843 -0.941352 -0.987462 0.979549 0.931264 0.810667 0.658163 0.527781 0.253504 -0.179406 -0.351660 -0.527016 -0.605553 -0.684110 -0.779254 -0.854625 -0.913279 -0.954359 -0.992062 
34.491165 1433236.625000 60 58 56 0.401888 0.448438 0.522489 0.964186 0.838569 0.757274 0.689698 0.620263 0.430018 0.129387 0.045477 -0.194250 -0.331003 -0.514333 -0.650914 -0.771152 -0.854154 -0.944675 -0.983761 0.972429 0.902855 0.709683 0.658027 0.614380 0.222019 0.097919 -0.039966 -0.269376 -0.430207 -0.553718 -0.689292 -0.774782 -0.864648 -0.944541 -0.985215 
28.651863 187050.859375 74 54 28 0.310402 0.477475 0.477582 0.971430 0.924470 0.783151 0.740325 0.628124 0.497320 0.139737 0.048680 -0.138404 -0.422983 -0.588020 -0.677252 -0.797766 -0.907172 -0.953153 -0.992517 0.965155 0.861725 0.767028 0.726624 0.620659 0.526756 0.143888 0.072446 -0.120385 -0.309998 -0.534858 -0.654597 -0.761168 -0.885811 -0.952360 -0.988947 
23.493687 68737.031250 122 148 54 0.457164 0.509128 0.624688 0.983994 0.956272 0.863027 0.748724 0.645111 0.490832 0.192865 0.048654 -0.248169 -0.480172 -0.603947 -0.711659 -0.818421 -0.913909 -0.953032 -0.993894 0.977005 0.954001 0.826046 0.721564 0.626493 0.454746 0.135127 0.037272 -0.249273 -0.476170 -0.625697 -0.712555 -0.824313 -0.914055 -0.956620 -0.993480 
49.530716 660565.937500 54 56 70 0.504781 0.833740 0.940337 0.986775 0.979756 0.956311 0.870103 0.823774 0.727715 0.274109 0.142013 -0.172991 -0.249622 -0.500628 -0.593817 -0.750999 -0.894374 -0.934636 -0.988753 0.990520 0.979820 0.963511 0.888906 0.805165 0.657633 0.354292 0.091011 -0.151919 -0.363735 -0.553686 -0.652567 -0.826467 -0.902318 -0.948472 -0.992511 
53.273697 3515799.000000 70 72 72 0.960005 0.967353 0.930518 0.985529 0.977753 0.938703 0.789167 0.722862 0.643564 0.273537 0.165517 -0.024804 -0.209727 -0.270761 -0.494453 -0.576114 -0.655424 -0.899906 -0.986025 0.985627 0.979329 0.944627 0.846211 0.785620 0.703185 0.291833 0.166756 -0.100498 -0.237615 -0.348597 -0.563273 -0.602474 -0.841672 -0.927954 -0.986076 
51.229382 2072772.750000 72 74 74 0.940278 0.952772 0.909369 0.988979 0.977613 0.946905 0.742149 0.655413 0.623241 0.381550 0.183283 0.011304 -0.196158 -0.257011 -0.505892 -0.640891 -0.765449 -0.880036 -0.987715 0.986109 0.976497 0.941262 0.759884 0.685783 0.635528 0.318255 0.191925 0.034937 -0.204299 -0.261674 -0.465330 -0.577548 -0.630581 -0.870756 -0.990534 
42.296883 6921346.000000 74 74 70 0.863822 0.557241 0.742909 0.988090 0.966447 0.791232 0.567586 0.533924 0.359475 0.181537 0.028677 -0.109519 -0.348926 -0.531144 -0.664083 -0.758506 -0.858081 -0.944659 -0.981931 0.989630 0.977063 0.912370 0.639123 0.571612 0.480410 0.238321 0.040380 -0.089684 -0.307745 -0.494725 -0.632876 -0.755142 -0.848703 -0.930592 -0.971158 
33.886276 1110279.250000 70 72 70 0.582468 0.812284 0.488316 0.991031 0.975858 0.869347 0.650649 0.549616 0.338656 0.205524 0.068503 -0.115677 -0.314233 -0.505179 -0.629673 -0.750007 -0.858450 -0.931488 -0.976228 0.990286 0.973945 0.898600 0.617549 0.546266 0.385748 0.231650 0.072704 -0.078694 -0.278736 -0.507810 -0.642480 -0.776471 -0.843775 -0.940244 -0.982447 
46.243004 18954014.000000 64 88 86 0.535213 0.473270 0.611880 0.980878 0.930576 0.616076 0.554212 0.388660 0.190440 0.103279 -0.078484 -0.149456 -0.377322 -0.559033 -0.688988 -0.768242 -0.900418 -0.925254 -0.969434 0.987746 0.943895 0.730750 0.580564 0.429297 0.243316 0.113222 -0.029782 -0.131906 -0.304653 -0.555072 -0.676874 -0.764664 -0.867560 -0.931615 -0.980767 
47.555717 14759928.000000 86 66 62 0.558417 0.571459 0.471088 0.980460 0.791576 0.633058 0.618170 0.503984 0.234291 0.179391 -0.043822 -0.188308 -0.385689 -0.534065 -0.675395 -0.777143 -0.854291 -0.916879 -0.965950 0.979097 0.824869 0.620325 0.594389 0.353139 0.203811 0.143736 -0.100178 -0.202838 -0.372002 -0.535724 -0.677314 -0.768658 -0.878032 -0.918166 -0.972087 
49.492783 8579946.000000 62 54 62 0.623072 0.670583 0.952890 0.985962 0.961535 0.925955 0.816122 0.746648 0.622762 0.275809 0.175141 0.013274 -0.113402 -0.393905 -0.619993 -0.704861 -0.817075 -0.912198 -0.977823 0.989709 0.964584 0.822978 0.638209 0.620243 0.405858 0.212467 0.079516 -0.140464 -0.327247 -0.507731 -0.636368 -0.765298 -0.850321 -0.919693 -0.960224 
55.735382 7935410.000000 62 62 66 0.501990 0.792482 0.924154 0.973998 0.956569 0.924016 0.851782 0.793885 0.619719 0.246914 0.184391 0.049357 -0.088093 -0.267623 -0.613484 -0.728153 -0.785435 -0.895406 -0.971086 0.978157 0.957740 0.927805 0.836473 0.762055 0.627692 0.286372 0.171833 0.097606 -0.088104 -0.257095 -0.603127 -0.698717 -0.765570 -0.867916 -0.964563 
55.275665 3621082.000000 66 66 66 0.915246 0.987834 0.973563 0.974712 0.957983 0.926181 0.882125 0.817828 0.657715 0.277012 0.163100 0.050351 -0.089932 -0.299268 -0.646064 -0.744473 -0.827502 -0.908580 -0.958742 0.973712 0.955602 0.922236 0.865340 0.810218 0.638200 0.283124 0.181114 0.061256 -0.060969 -0.279631 -0.629511 -0.730134 -0.788246 -0.915154 -0.959347 
55.166096 1767386.250000 66 66 66 0.980493 0.989552 0.985915 0.975525 0.959383 0.928251 0.896772 0.825986 0.678652 0.331273 0.188807 0.077996 -0.033816 -0.234413 -0.666939 -0.761210 -0.796343 -0.857479 -0.931266 0.975527 0.958673 0.927863 0.891122 0.824874 0.684424 0.282545 0.171554 0.070011 -0.064178 -0.274854 -0.672842 -0.760385 -0.817172 -0.884817 -0.944533 
55.297279 1611598.625000 66 66 64 0.985365 0.962882 0.977214 0.974086 0.959944 0.931702 0.894558 0.829306 0.674938 0.288624 0.164969 0.077051 -0.030519 -0.190963 -0.685179 -0.753246 -0.799811 -0.834241 -0.919444 0.974982 0.959891 0.928528 0.895169 0.826930 0.670908 0.309781 0.174989 0.087213 -0.031786 -0.186699 -0.676864 -0.764909 -0.798352 -0.849004 -0.919190 
56.112019 1346916.500000 64 64 62 0.975891 0.944559 0.946475 0.975258 0.959600 0.940251 0.900898 0.844590 0.656744 0.267609 0.157672 0.086293 -0.033186 -0.170691 -0.614290 -0.751238 -0.798626 -0.831672 -0.922197 0.974679 0.960170 0.937741 0.901937 0.838898 0.656679 0.308062 0.169211 0.077069 -0.036201 -0.156387 -0.662084 -0.749676 -0.791924 -0.830394 -0.935726 
55.550327 2271677.250000 62 60 58 0.962913 0.987713 0.982572 0.979508 0.956621 0.942361 0.893758 0.841594 0.637945 0.197906 0.138245 -0.014657 -0.118996 -0.194342 -0.626205 -0.729196 -0.770985 -0.801473 -0.907638 0.977024 0.958236 0.941608 0.894400 0.843327 0.649736 0.185036 0.133863 -0.003774 -0.104534 -0.227069 -0.639533 -0.719562 -0.780557 -0.820817 -0.898172 
53.958393 1289734.125000 58 58 56 0.987477 0.956242 0.937765 0.986615 0.955871 0.939597 0.897877 0.834786 0.685468 0.188910 0.115208 0.005716 -0.158129 -0.212661 -0.568714 -0.739792 -0.770329 -0.812463 -0.885144 0.982414 0.955202 0.941850 0.897983 0.836709 0.657317 0.184051 0.133074 -0.030525 -0.131968 -0.219483 -0.623818 -0.726034 -0.767160 -0.811722 -0.882167 
45.120056 174648.828125 56 58 66 0.951042 0.891634 0.506597 0.987915 0.964435 0.942411 0.897239 0.830252 0.614453 0.234136 0.058875 -0.099776 -0.213638 -0.299295 -0.596747 -0.728549 -0.785064 -0.874600 -0.968987 0.990042 0.965815 0.938415 0.907768 0.832524 0.708960 0.239419 0.109245 0.018102 -0.176026 -0.216043 -0.594255 -0.736651 -0.769662 -0.834969 -0.935867 
43.950161 4193048.500000 48 62 62 0.525019 0.748810 0.651644 0.962706 0.951277 0.913734 0.843325 0.600923 0.334448 -0.055384 -0.176313 -0.381908 -0.537826 -0.627899 -0.724437 -0.799633 -0.857567 -0.900099 -0.973936 0.967007 0.952582 0.919972 0.863072 0.719546 0.340342 0.098361 -0.132822 -0.223154 -0.477374 -0.617435 -0.691809 -0.756356 -0.824600 -0.892065 -0.962926 
49.825592 4445588.000000 62 94 62 0.675173 0.553727 0.603971 0.967258 0.941155 0.894491 0.795926 0.545470 0.237731 -0.079542 -0.214185 -0.457019 -0.546250 -0.655012 -0.756657 -0.822436 -0.874553 -0.921187 -0.955972 0.964105 0.947927 0.908885 0.812113 0.557713 0.222253 -0.091902 -0.201340 -0.451359 -0.539197 -0.619897 -0.755814 -0.830196 -0.874888 -0.914529 -0.961500 
49.679676 3198493.750000 62 54 62 0.563650 0.562214 0.593242 0.963222 0.943821 0.900937 0.784953 0.554127 0.309334 -0.027702 -0.267599 -0.462985 -0.602483 -0.724940 -0.778792 -0.829335 -0.869740 -0.935228 -0.976718 0.961722 0.942399 0.894754 0.772677 0.542660 0.251166 -0.035533 -0.208681 -0.471564 -0.585463 -0.686565 -0.756898 -0.816567 -0.880020 -0.924930 -0.966880 
51.625828 3602039.750000 60 64 90 0.494105 0.553599 0.458329 0.968486 0.947147 0.856502 0.677927 0.531530 0.230865 -0.086976 -0.271752 -0.452390 -0.600128 -0.710102 -0.796848 -0.834633 -0.885157 -0.928695 -0.978713 0.966296 0.948545 0.893365 0.710204 0.541496 0.324650 -0.033350 -0.256871 -0.446257 -0.586455 -0.720058 -0.788490 -0.831841 -0.876084 -0.928397 -0.971151 
53.419704 4205378.000000 148 150 62 0.445756 0.486014 0.363745 0.972480 0.939313 0.776980 0.679791 0.507802 0.112310 -0.043796 -0.177805 -0.421570 -0.573561 -0.681433 -0.803071 -0.839972 -0.882691 -0.928352 -0.972590 0.971823 0.931981 0.808708 0.679765 0.511037 0.155078 -0.073944 -0.259528 -0.483396 -0.593522 -0.708495 -0.806618 -0.842052 -0.892546 -0.929236 -0.979412 
40.685547 989651.187500 110 90 48 0.436071 0.445911 0.450416 0.985530 0.952163 0.830175 0.669806 0.607938 0.367014 0.066892 0.008720 -0.229429 -0.443935 -0.627511 -0.727220 -0.803141 -0.873100 -0.927929 -0.972491 0.970484 0.941244 0.783505 0.633341 0.569957 0.162613 0.015289 -0.073337 -0.372643 -0.528688 -0.659265 -0.750376 -0.815003 -0.869064 -0.920352 -0.972747 
53.146702 14474244.000000 126 50 60 0.215550 0.793526 0.800770 0.983273 0.969429 0.926755 0.797524 0.733654 0.636065 0.190523 0.139481 -0.058756 -0.174380 -0.274485 -0.589830 -0.704140 -0.819714 -0.861144 -0.957291 0.988343 0.972809 0.937505 0.848263 0.722231 0.623595 0.191639 0.124249 -0.092389 -0.195389 -0.471733 -0.675791 -0.790179 -0.851520 -0.916539 -0.966904 
55.217720 12157029.000000 58 64 66 0.769858 0.971547 0.980168 0.982667 0.974378 0.916589 0.792203 0.751627 0.565282 0.206364 0.140605 -0.035153 -0.185938 -0.318907 -0.546517 -0.634624 -0.804835 -0.873117 -0.942621 0.981276 0.971316 0.912581 0.785874 0.740671 0.573444 0.213086 0.139860 0.022755 -0.169515 -0.286299 -0.570703 -0.651259 -0.809721 -0.857609 -0.954590 
54.104885 5831785.500000 66 68 66 0.985519 0.980417 0.968607 0.984521 0.977946 0.932300 0.806292 0.763801 0.598172 0.185745 0.151208 -0.099790 -0.260285 -0.369374 -0.510978 -0.688810 -0.836908 -0.911001 -0.952038 0.983665 0.976544 0.922998 0.798045 0.756506 0.573461 0.192298 0.147162 -0.087825 -0.221621 -0.337729 -0.523371 -0.690811 -0.819228 -0.893356 -0.945765 
52.458611 3647493.250000 66 66 66 0.965673 0.958179 0.951688 0.987278 0.979339 0.937512 0.790791 0.757802 0.575554 0.208991 0.148464 -0.042576 -0.285519 -0.369509 -0.492109 -0.587836 -0.801846 -0.868866 -0.929456 0.985834 0.978832 0.935051 0.799765 0.758762 0.624160 0.199434 0.150793 -0.075255 -0.276807 -0.376726 -0.493854 -0.617249 -0.832075 -0.911229 -0.950038 
49.198807 1282593.625000 66 66 68 0.948763 0.954051 0.873553 0.991398 0.982064 0.949768 0.784767 0.727736 0.614497 0.217322 0.106243 -0.140766 -0.317611 -0.433352 -0.551350 -0.656018 -0.788087 -0.885228 -0.943283 0.988840 0.980350 0.944494 0.787201 0.750962 0.603816 0.225520 0.161474 -0.033886 -0.281875 -0.362258 -0.506161 -0.579981 -0.792090 -0.865164 -0.931276 
45.943016 7321059.500000 68 74 64 0.860342 0.796461 0.333039 0.990216 0.969731 0.791517 0.685744 0.633134 0.290165 -0.008227 -0.250117 -0.368570 -0.542840 -0.607210 -0.681622 -0.780507 -0.861165 -0.922623 -0.963707 0.993389 0.983843 0.905597 0.719478 0.672222 0.370691 0.110901 -0.125038 -0.323849 -0.443956 -0.586127 -0.646788 -0.748457 -0.840545 -0.923501 -0.965566 
53.410152 11695247.000000 94 60 64 0.522490 0.444801 0.578710 0.987294 0.953663 0.741981 0.670346 0.583225 0.253576 -0.111315 -0.294580 -0.448384 -0.582748 -0.670004 -0.736941 -0.821096 -0.864254 -0.925996 -0.984849 0.984473 0.961660 0.744258 0.672835 0.602265 0.205811 -0.111359 -0.233057 -0.435695 -0.587519 -0.636400 -0.714149 -0.801045 -0.860153 -0.917555 -0.982259 
55.871387 9593261.000000 60 58 54 0.753918 0.652116 0.521715 0.985977 0.927305 0.754375 0.643052 0.539603 0.258222 -0.129238 -0.354409 -0.476453 -0.602489 -0.707291 -0.778702 -0.826382 -0.882975 -0.926660 -0.983104 0.990018 0.946403 0.750928 0.657627 0.555481 0.296271 -0.078009 -0.351687 -0.444754 -0.585422 -0.693488 -0.754318 -0.817230 -0.867234 -0.927523 -0.987856 
56.987415 8665115.000000 54 74 90 0.327916 0.492494 0.278560 0.977352 0.909972 0.767011 0.630407 0.532232 0.174788 -0.119071 -0.275399 -0.484151 -0.566073 -0.726943 -0.797615 -0.841371 -0.905559 -0.935610 -0.976076 0.978031 0.917828 0.766186 0.632008 0.529644 0.206067 -0.121820 -0.313718 -0.482190 -0.584351 -0.720390 -0.795678 -0.835647 -0.892581 -0.931480 -0.988055 
56.828209 6409832.000000 230 130 46 0.377542 0.525873 0.626627 0.980338 0.918151 0.789117 0.623095 0.557850 0.306503 0.056487 -0.340405 -0.453613 -0.629884 -0.765457 -0.802112 -0.838222 -0.891023 -0.933385 -0.987407 0.979223 0.916060 0.764582 0.624396 0.556173 0.273917 -0.064114 -0.341015 -0.468575 -0.575796 -0.760465 -0.804286 -0.848843 -0.906740 -0.935827 -0.983837 
56.596199 52274580.000000 143 120 153 0.547558 0.430528 0.521750 0.976462 0.904703 0.784031 0.625111 0.414990 0.038988 -0.210662 -0.371310 -0.443228 -0.497305 -0.593912 -0.745997 -0.862124 -0.930293 -0.955500 -0.981140 0.977890 0.900535 0.766333 0.650193 0.385154 0.007310 -0.209746 -0.367870 -0.431818 -0.487860 -0.593876 -0.764766 -0.847716 -0.928113 -0.947585 -0.985090 
57.339558 73588976.000000 188 148 138 0.612777 0.669591 0.542012 0.975226 0.903003 0.767152 0.619728 0.294036 -0.027660 -0.164830 -0.345950 -0.404692 -0.490291 -0.603658 -0.747516 -0.868818 -0.922909 -0.947922 -0.978402 0.976087 0.903303 0.775033 0.621716 0.373995 -0.033601 -0.195428 -0.361712 -0.424076 -0.516150 -0.594742 -0.724836 -0.869331 -0.923432 -0.957842 -0.980403 
50.600914 13265532.000000 135 95 185 0.557000 0.393752 0.579240 0.975052 0.864774 0.747098 0.630577 0.279814 0.087132 -0.051388 -0.186652 -0.348559 -0.398352 -0.553230 -0.664943 -0.786299 -0.888397 -0.950400 -0.981680 0.975806 0.890338 0.754297 0.597435 0.215622 0.012120 -0.118066 -0.306292 -0.393195 -0.455899 -0.601995 -0.731675 -0.834627 -0.912063 -0.946491 -0.981375 
49.257618 30668592.000000 78 55 73 0.464212 0.430131 0.886916 0.988142 0.976100 0.866506 0.796321 0.658938 0.402507 0.283633 0.162354 -0.073377 -0.335339 -0.454931 -0.616107 -0.732226 -0.860828 -0.945898 -0.974400 0.991645 0.958563 0.773110 0.691937 0.382499 0.215751 0.004613 -0.118921 -0.305556 -0.369422 -0.518616 -0.649345 -0.743364 -0.859832 -0.945386 -0.975720 
56.280991 30867272.000000 58 64 68 0.700748 0.930256 0.969786 0.978598 0.966092 0.910580 0.754991 0.699116 0.603179 0.307815 0.171856 0.059919 -0.069771 -0.463349 -0.584168 -0.695615 -0.831865 -0.897742 -0.970102 0.980472 0.966503 0.909752 0.743973 0.693523 0.578455 0.242156 0.149499 -0.029301 -0.108352 -0.391534 -0.556128 -0.712651 -0.833931 -0.916091 -0.979286 
55.707977 8538352.000000 68 70 70 0.942176 0.942179 0.948060 0.977169 0.965816 0.924185 0.778669 0.702911 0.595538 0.541877 0.297907 0.093493 -0.019883 -0.456428 -0.636223 -0.769853 -0.836826 -0.906891 -0.969292 0.978471 0.966304 0.914671 0.764633 0.700025 0.599039 0.467191 0.233039 0.072546 -0.029288 -0.439189 -0.599495 -0.724071 -0.833256 -0.892517 -0.969294 
55.407330 3688573.000000 70 72 72 0.959824 0.984116 0.975457 0.978052 0.967590 0.931227 0.793189 0.722184 0.639087 0.590871 0.345734 0.129091 -0.016724 -0.379379 -0.687773 -0.779772 -0.858195 -0.920227 -0.969058 0.977153 0.966411 0.928598 0.785507 0.716161 0.615430 0.573951 0.368920 0.123543 -0.053112 -0.477582 -0.687108 -0.777629 -0.853820 -0.919734 -0.970073 
53.475571 1800005.500000 72 72 72 0.958741 0.950023 0.934366 0.979174 0.968840 0.926581 0.802123 0.733154 0.664374 0.610141 0.346367 0.136379 -0.046266 -0.346765 -0.661821 -0.771049 -0.813233 -0.890445 -0.969292 0.977895 0.968205 0.923651 0.796018 0.723351 0.650069 0.590371 0.300077 0.134108 -0.018052 -0.233180 -0.675792 -0.783934 -0.829997 -0.894587 -0.966849 
52.581081 586053.062500 72 72 72 0.942423 0.986447 0.946278 0.981521 0.970449 0.941390 0.827447 0.756442 0.696447 0.639077 0.512604 0.110333 -0.058266 -0.359038 -0.645890 -0.776060 -0.813697 -0.880699 -0.970026 0.980438 0.969609 0.933530 0.818256 0.743442 0.676700 0.624652 0.466053 0.109396 -0.073479 -0.357582 -0.636795 -0.774966 -0.806816 -0.896965 -0.972440 
51.644955 342629.500000 72 70 70 0.950449 0.972713 0.914763 0.983708 0.969161 0.946406 0.835110 0.763321 0.724478 0.652058 0.541256 0.084151 -0.068389 -0.355983 -0.577483 -0.761531 -0.819054 -0.895454 -0.972678 0.981986 0.969349 0.944319 0.831591 0.759949 0.712732 0.636165 0.512385 0.112193 -0.063836 -0.336843 -0.604036 -0.770214 -0.815248 -0.881211 -0.969832 
49.952415 338399.312500 70 68 68 0.906449 0.842356 0.926592 0.987853 0.971133 0.932760 0.812523 0.767009 0.708807 0.650657 0.574400 0.127897 -0.091997 -0.305393 -0.578729 -0.730603 -0.819263 -0.907213 -0.964230 0.986684 0.969945 0.945375 0.819570 0.757160 0.708374 0.653757 0.536052 0.066003 -0.074420 -0.316653 -0.573207 -0.739620 -0.821326 -0.909452 -0.965704 
50.882648 302505.343750 68 64 64 0.914120 0.965245 0.965118 0.988334 0.974264 0.937264 0.829522 0.771041 0.723821 0.650590 0.595777 0.130364 -0.097356 -0.300806 -0.571134 -0.738720 -0.822276 -0.901850 -0.967295 0.988386 0.973887 0.932179 0.815007 0.771184 0.715898 0.651313 0.583937 0.143265 -0.090358 -0.293633 -0.578063 -0.729379 -0.810340 -0.895294 -0.967229 
49.533012 222949.781250 64 64 64 0.960585 0.969516 0.967168 0.988953 0.976513 0.934339 0.835083 0.792554 0.689968 0.625088 0.527554 0.101954 -0.062716 -0.277830 -0.508219 -0.725428 -0.830826 -0.908433 -0.974066 0.988942 0.974956 0.937304 0.840017 0.775990 0.726891 0.642013 0.583860 0.108086 -0.112776 -0.275932 -0.547714 -0.739471 -0.828256 -0.908961 -0.971878 
45.074951 175353.171875 64 64 66 0.958477 0.912493 0.668859 0.990025 0.975129 0.943483 0.850121 0.739333 0.655671 0.572313 0.257724 0.045151 -0.111221 -0.386486 -0.555349 -0.707368 -0.842786 -0.897941 -0.964096 0.989211 0.976623 0.934443 0.839243 0.788616 0.654554 0.612520 0.343536 0.071375 -0.064617 -0.308075 -0.531713 -0.711661 -0.839705 -0.900913 -0.969421 
38.634026 206543.718750 66 68 64 0.600993 0.812633 0.625633 0.991070 0.973373 0.890805 0.775480 0.704371 0.590631 0.507748 0.167432 -0.009217 -0.185735 -0.343321 -0.548749 -0.711553 -0.814834 -0.904542 -0.958411 0.990752 0.976405 0.936483 0.809237 0.725634 0.639328 0.552899 0.285406 0.027582 -0.122959 -0.398091 -0.564445 -0.709810 -0.834157 -0.900939 -0.961968 
34.971710 735089.687500 64 120 52 0.716911 0.681128 0.446026 0.978803 0.944891 0.759055 0.705170 0.606908 0.549978 0.406615 0.172880 -0.016331 -0.215838 -0.340290 -0.545698 -0.690904 -0.799185 -0.903279 -0.966982 0.987505 0.962444 0.832137 0.754674 0.661882 0.568207 0.479182 0.137057 -0.044912 -0.223010 -0.344620 -0.561130 -0.706075 -0.809713 -0.901276 -0.965632 
41.826473 2533172.750000 52 150 150 0.484975 0.545696 0.759863 0.970480 0.840120 0.693188 0.665501 0.581301 0.506054 0.243692 0.112667 -0.075526 -0.251452 -0.392749 -0.540521 -0.676868 -0.815824 -0.872267 -0.949474 0.971490 0.859829 0.707879 0.678521 0.577553 0.529776 0.333174 0.156508 0.007844 -0.197436 -0.342814 -0.551841 -0.681225 -0.814799 -0.883251 -0.953176 
33.064781 43169.722656 148 68 148 0.688545 0.503097 0.456326 0.978461 0.953966 0.792037 0.685793 0.639181 0.560586 0.366589 0.157271 -0.023551 -0.218731 -0.385560 -0.548590 -0.691605 -0.810152 -0.884268 -0.971490 0.975888 0.913864 0.701847 0.673214 0.612715 0.538273 0.250428 0.113727 -0.056825 -0.218925 -0.390343 -0.522983 -0.656698 -0.812061 -0.865113 -0.960355 
19.494232 12953.476562 62 60 64 0.552276 0.634795 0.573919 0.979340 0.956823 0.812420 0.717499 0.662467 0.555456 0.446838 0.263755 0.063551 -0.229347 -0.376522 -0.525977 -0.696441 -0.857984 -0.918283 -0.975293 0.979394 0.957270 0.808611 0.722345 0.660439 0.537805 0.375092 0.226315 0.051935 -0.246602 -0.394497 -0.530051 -0.706005 -0.825964 -0.895694 -0.975059 
19.231756 20753.333984 62 60 60 0.515877 0.653313 0.841571 0.985815 0.968261 0.862667 0.727058 0.644567 0.527378 0.369598 0.122943 -0.117934 -0.276206 -0.461324 -0.641739 -0.762709 -0.858607 -0.913757 -0.969630 0.978459 0.962520 0.820541 0.719284 0.637969 0.560918 0.440012 0.193968 -0.025571 -0.254943 -0.409367 -0.597082 -0.730013 -0.868156 -0.913925 -0.976532 
15.586588 11686.453125 54 68 84 0.507599 0.516015 0.427004 0.982846 0.960996 0.901723 0.736515 0.626084 0.466003 0.241815 0.087260 -0.103966 -0.262250 -0.451955 -0.609562 -0.737812 -0.851269 -0.929618 -0.968523 0.990920 0.972602 0.879616 0.720262 0.655595 0.521705 0.342992 0.104843 -0.116846 -0.280071 -0.469955 -0.624182 -0.759072 -0.866228 -0.925619 -0.963867 
35.662140 1194717.000000 86 200 54 0.642383 0.528201 0.865694 0.989275 0.965651 0.913342 0.681611 0.474992 0.237572 0.107989 0.004034 -0.168530 -0.303208 -0.497886 -0.586588 -0.774857 -0.907092 -0.939481 -0.961194 0.971375 0.948141 0.871071 0.658792 0.428976 0.183051 0.075972 -0.041390 -0.179697 -0.344089 -0.489639 -0.589890 -0.786438 -0.906117 -0.936671 -0.962454 
53.192223 4841637.000000 52 62 68 0.500496 0.843985 0.933116 0.989144 0.980795 0.972624 0.805077 0.465041 0.388713 0.232934 0.123247 0.009355 -0.121965 -0.423717 -0.466286 -0.670521 -0.818988 -0.916422 -0.987301 0.992299 0.980058 0.971088 0.820535 0.492067 0.434372 0.274727 0.142915 0.021676 -0.129369 -0.381893 -0.469516 -0.668906 -0.853858 -0.918986 -0.961291 
55.155876 3194716.750000 70 74 78 0.928653 0.984276 0.984846 0.989285 0.983959 0.973448 0.873706 0.388143 0.286644 0.193466 0.067444 -0.064808 -0.251715 -0.424149 -0.467412 -0.606768 -0.769735 -0.936416 -0.985141 0.988676 0.982530 0.971998 0.840060 0.425775 0.345673 0.201059 0.078972 -0.029923 -0.166685 -0.443846 -0.486630 -0.644149 -0.790141 -0.906974 -0.991057 
48.808319 394168.843750 78 82 82 0.982851 0.903707 0.945552 0.991353 0.985765 0.974480 0.855631 0.424058 0.303639 0.202282 0.158645 0.024360 -0.128792 -0.410572 -0.484357 -0.592169 -0.807478 -0.956887 -0.977120 0.990175 0.984736 0.974249 0.872893 0.383549 0.283507 0.194355 0.109401 -0.034585 -0.215054 -0.445768 -0.497856 -0.608831 -0.769462 -0.947892 -0.980911 
41.143906 52059.929688 82 88 70 0.864051 0.694542 0.554298 0.990935 0.986906 0.966632 0.817499 0.476608 0.333087 0.220941 0.162227 0.105512 -0.123585 -0.410733 -0.493269 -0.608555 -0.814427 -0.945135 -0.967587 0.991519 0.986110 0.976251 0.840000 0.429501 0.317033 0.200283 0.160855 0.071438 -0.056027 -0.416223 -0.485454 -0.609018 -0.811939 -0.955428 -0.974120 
30.167820 18222.433594 36 146 150 0.680290 0.630289 0.593456 0.986861 0.980655 0.948266 0.811736 0.532182 0.324002 0.261827 0.163343 0.052239 -0.157309 -0.424599 -0.481050 -0.598080 -0.803566 -0.895017 -0.977967 0.987544 0.982620 0.958108 0.828052 0.485461 0.342432 0.240552 0.158383 0.061871 -0.150911 -0.405075 -0.482840 -0.555068 -0.810784 -0.912664 -0.965198 
25.480362 9966.108398 78 80 144 0.708592 0.637021 0.624816 0.990990 0.982004 0.944103 0.792059 0.647221 0.422019 0.263025 0.169538 0.085642 -0.142510 -0.422179 -0.511493 -0.721050 -0.837858 -0.933584 -0.979176 0.989276 0.981057 0.948631 0.801269 0.622699 0.344739 0.264356 0.166109 0.067318 -0.118318 -0.428777 -0.484419 -0.677878 -0.829167 -0.923205 -0.978157 
23.203316 45839.550781 64 64 92 0.550105 0.393700 0.620018 0.970789 0.955347 0.927401 0.739139 0.669797 0.418324 0.238450 0.053624 -0.065649 -0.229168 -0.515757 -0.650393 -0.748282 -0.776945 -0.853412 -0.958154 0.991262 0.973283 0.931743 0.730659 0.645913 0.451288 0.234295 0.152972 -0.012826 -0.190942 -0.429095 -0.607487 -0.738531 -0.781647 -0.912396 -0.970612 
35.764259 44374.570312 22 62 74 0.494859 0.728952 0.391601 0.979180 0.958372 0.940306 0.858430 0.765748 0.723495 0.488569 0.164583 0.098698 -0.106969 -0.351232 -0.506450 -0.690092 -0.769411 -0.894201 -0.967027 0.970132 0.956460 0.937833 0.792590 0.728945 0.630060 0.312351 0.129902 -0.019030 -0.171870 -0.423224 -0.611321 -0.749513 -0.777767 -0.854398 -0.959938 
49.822174 1720390.000000 58 68 64 0.790108 0.489645 0.774496 0.978953 0.960893 0.934168 0.851470 0.802880 0.674415 0.299963 0.114873 0.071864 -0.118231 -0.347399 -0.445643 -0.543317 -0.629536 -0.782547 -0.942985 0.984505 0.960631 0.937232 0.866154 0.766729 0.717351 0.516697 0.131718 0.094793 -0.114957 -0.337018 -0.465560 -0.592010 -0.759725 -0.875033 -0.952046 
58.873070 3845036.250000 64 64 64 0.839272 0.933625 0.975046 0.978525 0.962462 0.944276 0.872612 0.822649 0.776027 0.265882 0.080553 0.020469 -0.201527 -0.330273 -0.513432 -0.603261 -0.713002 -0.831564 -0.936504 0.977277 0.961456 0.941797 0.860871 0.815652 0.745694 0.337046 0.104525 0.069025 -0.166510 -0.338076 -0.485536 -0.565437 -0.641585 -0.830391 -0.957786 
59.612125 3212068.500000 64 64 64 0.965696 0.988630 0.961291 0.982094 0.969384 0.942199 0.891137 0.856398 0.748442 0.254874 0.057926 -0.007694 -0.210083 -0.361637 -0.516717 -0.598063 -0.755361 -0.849415 -0.938781 0.980508 0.965914 0.944305 0.888819 0.840529 0.780169 0.218881 0.072216 0.009139 -0.182941 -0.352026 -0.533259 -0.614693 -0.734943 -0.836029 -0.937250 
58.621071 1581647.750000 64 64 64 0.970148 0.949752 0.953977 0.984856 0.974123 0.941987 0.896182 0.871152 0.763640 0.291857 0.050235 -0.004512 -0.188563 -0.370118 -0.486184 -0.564754 -0.785653 -0.853292 -0.961069 0.983627 0.972327 0.942686 0.891587 0.867457 0.743251 0.317108 0.042611 -0.003368 -0.199340 -0.360253 -0.502507 -0.585043 -0.757967 -0.851424 -0.948536 
54.780106 284273.718750 64 66 68 0.946690 0.956258 0.744196 0.988638 0.977872 0.939609 0.923804 0.872038 0.725145 0.375965 0.044849 -0.017168 -0.163029 -0.355127 -0.500200 -0.606645 -0.809946 -0.864123 -0.959672 0.986291 0.975491 0.941269 0.912892 0.869602 0.756815 0.373368 0.070821 -0.019290 -0.192137 -0.340962 -0.488059 -0.577172 -0.801508 -0.864669 -0.963956 
38.024105 18646.376953 68 64 66 0.711015 0.475026 0.652387 0.982093 0.952198 0.920383 0.883520 0.857048 0.721264 0.375651 0.117310 0.056454 -0.189833 -0.361312 -0.515275 -0.622579 -0.782681 -0.904685 -0.985072 0.991517 0.968323 0.935150 0.906062 0.835839 0.695760 0.394678 0.125463 0.004973 -0.191318 -0.375724 -0.493933 -0.654723 -0.804386 -0.889918 -0.973721 
34.623894 17264.458984 66 64 64 0.741207 0.571683 0.845870 0.979619 0.961076 0.924674 0.878650 0.855147 0.712902 0.418835 0.212867 0.021814 -0.165981 -0.362700 -0.516609 -0.703296 -0.834731 -0.909723 -0.970340 0.976856 0.957111 0.901423 0.879202 0.848906 0.701798 0.366349 0.154228 0.031251 -0.120950 -0.350552 -0.503952 -0.682571 -0.822104 -0.918984 -0.974992 
34.108307 11018.548828 64 62 64 0.838212 0.545547 0.749697 0.979786 0.957694 0.942514 0.891245 0.846698 0.682761 0.420893 0.182397 -0.038560 -0.216367 -0.404392 -0.572866 -0.731183 -0.845554 -0.916522 -0.971374 0.981987 0.960185 0.939338 0.887922 0.854011 0.711646 0.404245 0.169736 0.001371 -0.211148 -0.399044 -0.533480 -0.719016 -0.824601 -0.909859 -0.964397 
33.182777 8059.215820 66 64 82 0.704679 0.822755 0.550923 0.969081 0.957305 0.940849 0.880911 0.810317 0.605739 0.377744 0.224576 -0.030719 -0.211858 -0.388820 -0.556955 -0.711686 -0.829157 -0.928180 -0.978557 0.967639 0.957530 0.940915 0.878781 0.823594 0.672340 0.409839 0.237987 -0.030434 -0.185803 -0.396563 -0.572607 -0.715077 -0.847724 -0.920654 -0.975721 
30.793056 77632.742188 62 46 60 0.578644 0.460860 0.567678 0.960512 0.927515 0.871751 0.846887 0.784670 0.665164 0.451874 0.080218 -0.121606 -0.462056 -0.599773 -0.669847 -0.719435 -0.772502 -0.825396 -0.944931 0.972211 0.955207 0.925195 0.869221 0.801535 0.568465 0.364916 0.206596 -0.045111 -0.238226 -0.449379 -0.609665 -0.715310 -0.812352 -0.915805 -0.980079 
39.357155 292621.812500 26 148 148 0.447499 0.639513 0.542922 0.950297 0.900052 0.845160 0.816625 0.757066 0.656616 0.562965 0.131030 -0.093384 -0.441992 -0.599534 -0.672773 -0.730405 -0.767025 -0.864979 -0.977909 0.943828 0.901446 0.860578 0.836915 0.767123 0.657009 0.555083 0.111023 -0.128815 -0.480097 -0.610910 -0.675065 -0.720912 -0.765246 -0.835074 -0.977578 
36.027752 38183.234375 76 80 64 0.439353 0.425020 0.684726 0.969024 0.936831 0.843761 0.815356 0.777368 0.667995 0.474828 0.138147 -0.050095 -0.351883 -0.565977 -0.651577 -0.723699 -0.773243 -0.857987 -0.962292 0.959017 0.929683 0.838143 0.814199 0.768656 0.669783 0.535862 0.117830 -0.079027 -0.481304 -0.594685 -0.665134 -0.728072 -0.782609 -0.848006 -0.962288 
22.777657 10892.912109 64 148 80 0.633653 0.598506 0.453495 0.968047 0.942156 0.865862 0.839432 0.754395 0.637043 0.403540 0.158722 -0.099203 -0.281987 -0.507390 -0.660363 -0.717631 -0.766180 -0.896097 -0.972901 0.968496 0.948464 0.869140 0.826510 0.774703 0.634416 0.405983 0.157729 -0.093900 -0.297611 -0.523328 -0.653991 -0.724170 -0.768286 -0.858607 -0.970373 
21.344219 6192.766113 102 64 62 0.479749 0.439097 0.509109 0.977274 0.943851 0.876117 0.844637 0.771276 0.691960 0.365283 0.187334 -0.046854 -0.262766 -0.408766 -0.636456 -0.707347 -0.826976 -0.920123 -0.972212 0.972228 0.936143 0.876968 0.845004 0.770352 0.661181 0.396431 0.168682 -0.102801 -0.262866 -0.425068 -0.665039 -0.713413 -0.794205 -0.918887 -0.974649 
19.136082 4654.785156 62 56 62 0.675980 0.263780 0.525598 0.974735 0.947706 0.866328 0.836782 0.769608 0.621510 0.347250 0.190326 -0.070221 -0.276940 -0.411204 -0.572756 -0.717955 -0.844440 -0.914354 -0.983973 0.976773 0.944307 0.869595 0.836961 0.775763 0.689437 0.325316 0.174495 -0.067071 -0.239621 -0.422928 -0.595296 -0.716758 -0.855967 -0.914484 -0.972749 
16.716982 3610.230957 88 112 122 0.499101 0.580611 0.492889 0.977930 0.960162 0.879443 0.830739 0.768040 0.539381 0.356702 0.180073 -0.026614 -0.253209 -0.382234 -0.569326 -0.676585 -0.851132 -0.934427 -0.985066 0.977412 0.957780 0.869924 0.837952 0.760024 0.572076 0.351891 0.185334 -0.051841 -0.277482 -0.384491 -0.568230 -0.701498 -0.841269 -0.929428 -0.978933 
15.071546 2972.969971 94 88 90 0.507474 0.485626 0.495116 0.984131 0.963235 0.900237 0.820325 0.744366 0.543830 0.308597 0.135193 -0.082561 -0.210972 -0.442971 -0.579487 -0.719294 -0.848024 -0.939675 -0.984173 0.979904 0.961416 0.886059 0.838634 0.748600 0.530380 0.330844 0.162729 -0.064707 -0.226315 -0.407890 -0.576271 -0.680993 -0.852562 -0.934241 -0.984028 
14.713202 3281.699951 92 62 40 0.618164 0.650660 0.416077 0.980141 0.956259 0.899305 0.844738 0.743449 0.515215 0.328860 0.147001 -0.100075 -0.253012 -0.408884 -0.581341 -0.716540 -0.856394 -0.929464 -0.967150 0.982084 0.970650 0.885574 0.818671 0.735732 0.478366 0.324254 0.108817 -0.107447 -0.248434 -0.430628 -0.585398 -0.716167 -0.843323 -0.935302 -0.975520 
32.560688 84123.398438 144 26 26 0.313968 0.390010 0.527040 0.966210 0.937912 0.888039 0.869026 0.751512 0.689259 0.547784 0.204029 -0.119300 -0.302926 -0.632426 -0.730938 -0.813735 -0.877905 -0.905137 -0.991559 0.976377 0.940872 0.897274 0.876700 0.784356 0.590656 0.356905 0.151840 -0.064075 -0.242996 -0.390913 -0.580328 -0.723657 -0.849765 -0.916830 -0.970568 
41.705189 754085.687500 26 26 24 0.652540 0.745849 0.322504 0.967389 0.952132 0.875658 0.848967 0.686298 0.621804 0.284750 -0.001191 -0.077652 -0.299810 -0.554121 -0.687832 -0.816394 -0.888276 -0.929367 -0.986448 0.965648 0.954535 0.886845 0.866503 0.760368 0.675825 0.599824 0.259768 -0.123255 -0.390245 -0.678617 -0.750140 -0.823539 -0.878961 -0.913898 -0.988358 
34.470310 1958516.500000 22 148 148 0.515435 0.592973 0.490517 0.954938 0.916502 0.805681 0.682657 0.610957 0.467784 0.149349 -0.023983 -0.155138 -0.344390 -0.552314 -0.658279 -0.819272 -0.876820 -0.926232 -0.977726 0.963307 0.915351 0.840660 0.754467 0.614587 0.492031 0.121074 -0.023093 -0.121856 -0.290101 -0.546995 -0.664594 -0.811647 -0.888542 -0.923699 -0.986805 
31.212414 944257.437500 88 130 74 0.353975 0.479908 0.399472 0.964765 0.909687 0.820395 0.699901 0.612617 0.387207 0.115327 -0.012712 -0.191950 -0.319242 -0.492467 -0.658429 -0.783738 -0.871836 -0.930685 -0.976072 0.962470 0.925132 0.822118 0.657683 0.598137 0.441616 0.161785 0.009775 -0.191437 -0.324561 -0.536161 -0.656346 -0.810379 -0.873966 -0.931021 -0.976360 
38.683846 832533.875000 76 78 62 0.547560 0.389044 0.811238 0.987817 0.978795 0.934809 0.825211 0.686456 0.552971 0.182909 -0.017086 -0.164059 -0.300930 -0.488299 -0.614361 -0.753227 -0.881198 -0.923595 -0.955340 0.966210 0.906362 0.835546 0.705038 0.622884 0.333089 0.079712 -0.047383 -0.203396 -0.342580 -0.504969 -0.656160 -0.766184 -0.885127 -0.929319 -0.967775 
52.730759 4983566.500000 60 62 66 0.689553 0.875620 0.840773 0.985243 0.974943 0.934460 0.820252 0.746120 0.632507 0.402399 0.094799 -0.014686 -0.149868 -0.461791 -0.536406 -0.669770 -0.807095 -0.909402 -0.952201 0.989327 0.980349 0.955000 0.847815 0.774058 0.594369 0.402398 0.045421 -0.108198 -0.275961 -0.461500 -0.595672 -0.707328 -0.863049 -0.921417 -0.963500 
55.138241 7330609.000000 66 66 66 0.865114 0.976751 0.979300 0.983569 0.972457 0.930161 0.755549 0.672828 0.635359 0.506894 0.087787 0.041827 -0.098757 -0.368166 -0.482859 -0.555826 -0.689482 -0.797587 -0.958258 0.983613 0.972369 0.932929 0.785122 0.704031 0.660255 0.427938 0.085721 0.016138 -0.108415 -0.374835 -0.497870 -0.587391 -0.719022 -0.858251 -0.951390 
54.491501 9156436.000000 66 66 66 0.988762 0.992381 0.988612 0.984621 0.970867 0.934673 0.729056 0.626925 0.579614 0.409487 0.131648 0.062895 -0.084246 -0.321204 -0.457236 -0.540169 -0.658473 -0.760778 -0.944841 0.983925 0.971452 0.935365 0.739587 0.650180 0.618657 0.452108 0.118240 0.049796 -0.065666 -0.345678 -0.471096 -0.549140 -0.659029 -0.770177 -0.946957 
52.099808 3498099.250000 66 66 66 0.988805 0.973667 0.919516 0.991153 0.973849 0.943783 0.778265 0.614432 0.578951 0.386527 0.142753 0.065881 -0.178335 -0.330675 -0.482413 -0.591663 -0.698197 -0.756227 -0.904993 0.987648 0.970923 0.939385 0.742590 0.618816 0.559995 0.393927 0.131206 0.057911 -0.148921 -0.327051 -0.453001 -0.554417 -0.698550 -0.756637 -0.909835 
44.795147 578139.750000 68 70 70 0.931229 0.748081 0.604524 0.992843 0.980441 0.924934 0.746266 0.661808 0.576564 0.341915 0.093871 -0.000800 -0.224066 -0.406958 -0.545146 -0.665371 -0.764158 -0.870257 -0.973770 0.994163 0.981924 0.946576 0.842569 0.616257 0.580138 0.368303 0.120569 0.059112 -0.134836 -0.369047 -0.487898 -0.594818 -0.718780 -0.768087 -0.934716 
38.183414 5091848.000000 74 68 68 0.497892 0.639293 0.718604 0.984095 0.948620 0.760069 0.661453 0.614927 0.472041 0.208423 0.033334 -0.058854 -0.357227 -0.443268 -0.674604 -0.783586 -0.849191 -0.916526 -0.974567 0.982687 0.958265 0.836280 0.683388 0.621250 0.488365 0.226098 0.057368 -0.048224 -0.354853 -0.454552 -0.610437 -0.764356 -0.841197 -0.910672 -0.978144 
38.081238 4072384.250000 74 70 74 0.667978 0.624247 0.532166 0.988196 0.952527 0.794115 0.648816 0.604503 0.434842 0.163327 0.026099 -0.105211 -0.332224 -0.457749 -0.638773 -0.760869 -0.842171 -0.917373 -0.980462 0.989161 0.954873 0.759938 0.660528 0.612780 0.475095 0.159118 0.023077 -0.085113 -0.326358 -0.450354 -0.617523 -0.749910 -0.847414 -0.915366 -0.957041 
35.850594 2616768.750000 76 70 66 0.594676 0.554055 0.532576 0.984829 0.933913 0.725356 0.623216 0.546657 0.409972 0.145139 0.037554 -0.186452 -0.348952 -0.461698 -0.653733 -0.791207 -0.837601 -0.932028 -0.981455 0.987325 0.944429 0.768095 0.630033 0.584330 0.430133 0.154569 0.023657 -0.139819 -0.338707 -0.445607 -0.662120 -0.778788 -0.840541 -0.923964 -0.976940 
36.585918 2807339.500000 68 70 70 0.653673 0.611461 0.309103 0.974897 0.903699 0.682252 0.635314 0.529464 0.449687 0.162222 0.042332 -0.151603 -0.359420 -0.474609 -0.688197 -0.779739 -0.838557 -0.923061 -0.981756 0.979682 0.912277 0.708643 0.633879 0.529119 0.408925 0.181624 0.055136 -0.133456 -0.359754 -0.459704 -0.671126 -0.783565 -0.839187 -0.928647 -0.983045 
33.185310 642053.500000 62 82 62 0.381374 0.463803 0.763832 0.983664 0.975453 0.808324 0.636418 0.604181 0.470585 0.263110 0.044943 -0.120500 -0.334509 -0.446667 -0.658833 -0.757569 -0.838019 -0.915500 -0.982413 0.977422 0.936439 0.686086 0.632345 0.555627 0.431635 0.161362 0.026361 -0.149251 -0.353709 -0.486943 -0.702156 -0.777378 -0.837663 -0.916767 -0.980990 
34.536804 114781.921875 138 76 72 0.663861 0.594726 0.572713 0.977034 0.966923 0.932684 0.672679 0.607407 0.566482 0.432639 0.184613 0.015866 -0.264547 -0.399391 -0.565665 -0.756940 -0.803186 -0.902876 -0.964044 0.984455 0.975879 0.919117 0.675901 0.610335 0.569171 0.404005 0.182044 0.009183 -0.266755 -0.400952 -0.562671 -0.746355 -0.803096 -0.905156 -0.967333 
22.253666 17910.361328 48 68 132 0.675368 0.556832 0.424497 0.976596 0.960610 0.910098 0.717732 0.620779 0.525479 0.341426 0.110791 -0.045378 -0.278498 -0.390357 -0.571284 -0.752133 -0.828098 -0.904767 -0.980233 0.971742 0.962325 0.923797 0.689067 0.602562 0.542917 0.361297 0.112846 -0.062455 -0.316312 -0.395862 -0.613062 -0.768511 -0.822695 -0.892174 -0.971404 
17.443184 7804.236816 92 60 92 0.562518 0.645606 0.438215 0.985313 0.968181 0.905325 0.717220 0.610136 0.535175 0.383058 0.143109 -0.010035 -0.257021 -0.429331 -0.569468 -0.707062 -0.846526 -0.933255 -0.981691 0.981393 0.969143 0.892405 0.715343 0.620940 0.538576 0.397067 0.111806 -0.002114 -0.280864 -0.408713 -0.567440 -0.721984 -0.847170 -0.925223 -0.978964 
16.228867 6273.340820 92 60 206 0.508721 0.520422 0.538091 0.980411 0.967559 0.918109 0.735465 0.635960 0.532579 0.353093 0.144740 -0.058750 -0.248405 -0.443012 -0.589137 -0.746079 -0.832989 -0.936504 -0.968291 0.983986 0.968348 0.907065 0.741772 0.618014 0.546564 0.389731 0.143024 -0.060446 -0.290824 -0.419659 -0.581693 -0.731173 -0.826993 -0.930779 -0.973207 
13.619566 3795.000488 92 62 52 0.393963 0.679193 0.467829 0.982209 0.963788 0.909101 0.798061 0.628838 0.509464 0.302714 0.134413 -0.058048 -0.255455 -0.469125 -0.581599 -0.751516 -0.844131 -0.927834 -0.972928 0.981943 0.965324 0.909026 0.775387 0.642202 0.485718 0.309873 0.124586 -0.038123 -0.228642 -0.442477 -0.571352 -0.753628 -0.825812 -0.931084 -0.971676 
13.160525 4902.401855 52 122 86 0.552693 0.478227 0.412774 0.984227 0.960142 0.905407 0.770327 0.591884 0.458469 0.302806 0.149950 -0.106115 -0.276573 -0.366745 -0.543257 -0.713798 -0.804764 -0.904386 -0.970933 0.984828 0.961362 0.913441 0.809407 0.625663 0.519909 0.339846 0.167354 -0.047347 -0.283685 -0.440184 -0.571868 -0.747748 -0.844449 -0.925488 -0.975284 
42.191277 1118895.125000 62 56 62 0.584180 0.436630 0.927696 0.988113 0.967762 0.946134 0.826479 0.539520 0.446854 0.338650 0.193630 0.034455 -0.139795 -0.269376 -0.362174 -0.571532 -0.707304 -0.769003 -0.925158 0.978826 0.958695 0.807841 0.570198 0.479304 0.347088 0.187398 0.104862 -0.068566 -0.211469 -0.293756 -0.401980 -0.546500 -0.721874 -0.794570 -0.947690 
55.670044 20268258.000000 62 68 70 0.841654 0.938150 0.976706 0.979634 0.963086 0.942618 0.743407 0.542193 0.452217 0.360734 0.231867 0.041012 -0.131316 -0.258873 -0.363229 -0.564812 -0.704894 -0.772339 -0.884406 0.983573 0.964565 0.941160 0.757668 0.570180 0.457441 0.350263 0.252358 0.039161 -0.112586 -0.265412 -0.350565 -0.598612 -0.712251 -0.771785 -0.874012 
58.128479 19810514.000000 70 70 72 0.982049 0.986292 0.953117 0.977940 0.962230 0.942208 0.769656 0.557674 0.463605 0.385889 0.242962 0.059765 -0.123441 -0.233235 -0.341313 -0.558978 -0.679669 -0.757786 -0.887283 0.978162 0.962299 0.940741 0.751649 0.537328 0.453720 0.364363 0.233775 0.035420 -0.142935 -0.238566 -0.355610 -0.581829 -0.678008 -0.761235 -0.910063 
57.441879 11619482.000000 72 72 72 0.949197 0.984803 0.967053 0.979151 0.961361 0.937058 0.736738 0.587000 0.521427 0.426006 0.321054 0.081109 -0.030806 -0.144383 -0.290739 -0.514584 -0.603336 -0.768118 -0.953263 0.978795 0.961787 0.940573 0.775786 0.581045 0.504240 0.399102 0.264301 0.084568 -0.079443 -0.180226 -0.340056 -0.545788 -0.631153 -0.748156 -0.924199 
56.940880 4709719.000000 72 74 74 0.970011 0.984863 0.958975 0.978569 0.964040 0.932451 0.730851 0.620198 0.586751 0.485819 0.398708 0.166008 0.040241 -0.084654 -0.324609 -0.515530 -0.623290 -0.866459 -0.968579 0.978624 0.962188 0.935287 0.722701 0.600704 0.556317 0.425364 0.349396 0.122151 -0.002983 -0.114220 -0.291911 -0.503632 -0.593729 -0.831137 -0.965241 
55.997551 2454108.000000 74 76 76 0.968339 0.960258 0.966925 0.979425 0.965380 0.916821 0.734598 0.680456 0.624321 0.565267 0.442862 0.227641 0.069917 -0.050734 -0.346480 -0.551522 -0.733329 -0.896070 -0.972678 0.978770 0.964908 0.921424 0.735734 0.647892 0.607446 0.538829 0.426440 0.213903 0.069222 -0.030044 -0.373309 -0.543139 -0.692864 -0.886098 -0.971246 
55.499004 1672292.500000 76 76 78 0.975730 0.964908 0.972361 0.979796 0.964614 0.920904 0.765743 0.715700 0.642451 0.583047 0.481366 0.256673 0.099347 -0.057632 -0.370255 -0.590692 -0.777925 -0.899773 -0.974020 0.978886 0.965223 0.915818 0.750967 0.705238 0.640866 0.577340 0.481169 0.240171 0.084984 -0.058463 -0.336899 -0.564299 -0.756037 -0.898461 -0.973983 
55.100704 1608430.500000 78 78 78 0.960081 0.988803 0.948659 0.980354 0.964116 0.919620 0.771546 0.715382 0.644301 0.580377 0.519364 0.218730 0.087466 -0.038006 -0.312074 -0.587294 -0.781122 -0.897260 -0.973719 0.980684 0.964112 0.918255 0.772653 0.719750 0.646663 0.576763 0.482184 0.254444 0.089648 -0.027643 -0.316942 -0.590869 -0.778079 -0.892848 -0.973770 
55.020733 1330086.250000 78 78 78 0.946333 0.959177 0.714091 0.980901 0.963404 0.922373 0.765750 0.707170 0.637736 0.573333 0.518569 0.231308 0.078187 0.022413 -0.335854 -0.597349 -0.770532 -0.898224 -0.974133 0.980678 0.964302 0.922137 0.776881 0.710987 0.651826 0.578838 0.540925 0.236818 0.075542 -0.015653 -0.361267 -0.597640 -0.780797 -0.898511 -0.974602 
55.426163 2540953.000000 78 78 78 0.697824 0.938357 0.933193 0.981944 0.962590 0.927089 0.737161 0.670746 0.622379 0.548703 0.451774 0.218411 0.048914 -0.013575 -0.243335 -0.576935 -0.762318 -0.900720 -0.971221 0.980330 0.961546 0.923135 0.740726 0.682975 0.634760 0.561660 0.465806 0.165656 0.055208 -0.029302 -0.390281 -0.614438 -0.782555 -0.902527 -0.974889 
54.857422 3757648.750000 78 80 80 0.924347 0.956607 0.901074 0.983361 0.965046 0.930932 0.752857 0.612839 0.565513 0.452017 0.366792 0.180278 -0.001168 -0.067119 -0.212815 -0.512142 -0.602386 -0.858938 -0.967072 0.982615 0.964828 0.926202 0.729546 0.654505 0.608013 0.528147 0.394222 0.226299 0.016957 -0.047050 -0.209784 -0.522486 -0.704530 -0.887886 -0.969532 
53.678822 7019476.000000 80 80 80 0.933140 0.857903 0.699024 0.981804 0.961156 0.928394 0.744951 0.571012 0.482955 0.419041 0.277422 0.063133 -0.068654 -0.164148 -0.256586 -0.533292 -0.615572 -0.806700 -0.962216 0.981796 0.964342 0.931904 0.747693 0.589989 0.534869 0.442688 0.346738 0.105605 -0.025762 -0.112095 -0.249878 -0.541548 -0.610934 -0.846588 -0.966448 
52.165848 5806825.000000 82 82 82 0.775830 0.953017 0.962681 0.984143 0.969546 0.939891 0.767551 0.552643 0.452095 0.337480 0.210765 0.056320 -0.144646 -0.246537 -0.308636 -0.524043 -0.628368 -0.689330 -0.936559 0.982821 0.965513 0.933872 0.760967 0.552166 0.473363 0.392105 0.236012 0.026912 -0.121005 -0.207684 -0.311614 -0.525165 -0.620202 -0.704990 -0.951031 
50.548866 2227969.250000 82 80 82 0.940585 0.737048 0.864279 0.982069 0.971257 0.947429 0.752504 0.580765 0.435634 0.336348 0.208529 0.088004 -0.119992 -0.271640 -0.335203 -0.506173 -0.679713 -0.725607 -0.903502 0.983489 0.969913 0.940875 0.747197 0.563824 0.440997 0.331051 0.205839 0.063596 -0.144027 -0.261784 -0.322290 -0.487085 -0.652037 -0.713962 -0.930678 
51.284061 4762891.500000 82 82 82 0.906499 0.972690 0.974799 0.982586 0.972887 0.942126 0.735479 0.532038 0.402243 0.314856 0.188195 0.080033 -0.142472 -0.267125 -0.347441 -0.495451 -0.688587 -0.735794 -0.875160 0.982809 0.972558 0.945316 0.726250 0.538585 0.419329 0.290010 0.178629 0.073333 -0.150104 -0.276073 -0.358589 -0.514550 -0.680100 -0.730775 -0.904693 
50.899879 5210118.000000 82 82 82 0.973205 0.969459 0.948666 0.983968 0.967688 0.936814 0.721081 0.533706 0.434957 0.336883 0.195512 0.078902 -0.108119 -0.267036 -0.348395 -0.474759 -0.664514 -0.725076 -0.874875 0.982447 0.970481 0.936067 0.718656 0.536505 0.409457 0.319481 0.196729 0.078877 -0.123202 -0.255026 -0.348076 -0.501958 -0.679044 -0.742888 -0.884223 
50.241562 4444290.500000 82 80 78 0.939836 0.961584 0.977626 0.984659 0.958632 0.934143 0.785340 0.577029 0.506810 0.379910 0.246577 0.094898 -0.112216 -0.235629 -0.307857 -0.497653 -0.692693 -0.752254 -0.932327 0.984816 0.962954 0.934726 0.768934 0.539219 0.456641 0.348349 0.197680 0.089108 -0.130639 -0.256545 -0.326893 -0.473349 -0.657781 -0.708408 -0.892956 
50.881340 4140475.000000 78 78 76 0.982049 0.970528 0.954455 0.982080 0.947981 0.928861 0.776667 0.621390 0.580282 0.422015 0.240379 0.135939 -0.051881 -0.187658 -0.325620 -0.520472 -0.731923 -0.795258 -0.907967 0.983788 0.953658 0.933496 0.802251 0.604066 0.556464 0.400651 0.249514 0.107109 -0.070622 -0.193718 -0.300147 -0.516315 -0.701009 -0.787423 -0.919415 
50.969219 5304641.000000 76 74 72 0.970098 0.964265 0.945818 0.981135 0.938467 0.912173 0.774545 0.670994 0.627414 0.452761 0.259977 0.119018 -0.107589 -0.191806 -0.303163 -0.673953 -0.798163 -0.854807 -0.921981 0.981871 0.942863 0.922340 0.780450 0.640388 0.598747 0.468456 0.263661 0.129045 -0.069206 -0.197869 -0.311238 -0.598644 -0.770824 -0.809554 -0.924086 
52.378426 5738656.500000 72 70 68 0.958262 0.942154 0.921500 0.978118 0.928645 0.898873 0.811750 0.696791 0.664472 0.468468 0.237222 0.083852 -0.113343 -0.190579 -0.281855 -0.695270 -0.824681 -0.890701 -0.912809 0.977752 0.933853 0.904835 0.786485 0.687084 0.640778 0.452397 0.265363 0.096812 -0.084703 -0.195240 -0.272805 -0.728920 -0.817980 -0.874438 -0.905316 
50.910954 3881539.250000 68 66 60 0.887107 0.722032 0.865964 0.986615 0.947326 0.894944 0.830207 0.700179 0.667200 0.413738 0.202589 0.045706 -0.134044 -0.226249 -0.303909 -0.684769 -0.800497 -0.873274 -0.906681 0.983164 0.931239 0.893411 0.830824 0.713422 0.674699 0.472432 0.253068 0.042336 -0.123749 -0.207612 -0.296945 -0.702448 -0.830238 -0.889154 -0.907976 
49.030075 1610160.125000 62 60 56 0.936547 0.905015 0.944952 0.987101 0.952754 0.903457 0.840328 0.732259 0.684772 0.460224 0.196073 0.084021 -0.079584 -0.209092 -0.260891 -0.598595 -0.793256 -0.849225 -0.931154 0.985964 0.953936 0.902680 0.840154 0.718363 0.679619 0.437313 0.177929 0.074322 -0.119098 -0.219139 -0.281891 -0.604225 -0.777194 -0.851830 -0.929665 
47.051277 406393.531250 56 54 54 0.947451 0.899876 0.894778 0.990726 0.962726 0.911883 0.874064 0.731283 0.682751 0.500735 0.264087 0.129057 -0.010422 -0.201262 -0.263959 -0.567265 -0.790558 -0.888732 -0.957855 0.989969 0.955863 0.906361 0.857904 0.733971 0.685724 0.532618 0.228788 0.122389 -0.002136 -0.204580 -0.254100 -0.614660 -0.795385 -0.861113 -0.950570 
43.273994 109768.664062 52 52 52 0.846600 0.859739 0.753931 0.992427 0.976737 0.902820 0.864167 0.714002 0.677863 0.530533 0.302762 0.092257 -0.046081 -0.235545 -0.330768 -0.619348 -0.800499 -0.897798 -0.956133 0.991865 0.972747 0.907214 0.876388 0.709616 0.674946 0.534909 0.306166 0.103578 -0.067785 -0.201630 -0.287175 -0.577936 -0.784536 -0.891487 -0.959963 
33.136776 43448.480469 50 56 46 0.782061 0.540669 0.552570 0.984926 0.945104 0.889714 0.818656 0.716617 0.672752 0.458843 0.255989 0.082390 -0.125036 -0.261956 -0.399397 -0.680252 -0.829142 -0.908796 -0.964218 0.991025 0.968919 0.898005 0.853865 0.720630 0.667331 0.470555 0.230447 0.070831 -0.117930 -0.246030 -0.379915 -0.668257 -0.819943 -0.909111 -0.962745 
27.225525 18882.171875 148 150 150 0.683239 0.714378 0.525665 0.976241 0.930765 0.897017 0.826490 0.718147 0.681535 0.403012 0.237876 0.079981 -0.176232 -0.300670 -0.487723 -0.704042 -0.829100 -0.907067 -0.962213 0.981660 0.939501 0.896239 0.818747 0.717884 0.681524 0.451443 0.232867 0.093770 -0.141385 -0.296143 -0.463536 -0.692056 -0.816614 -0.902857 -0.967660 
24.511320 12835.454102 54 146 54 0.283132 0.471265 0.571341 0.977531 0.920835 0.886631 0.829210 0.724873 0.662492 0.384024 0.271205 0.039399 -0.195658 -0.329488 -0.540653 -0.688755 -0.820840 -0.921145 -0.976956 0.969380 0.925028 0.886052 0.829994 0.719022 0.669704 0.393182 0.267475 0.053181 -0.178661 -0.331167 -0.540528 -0.701051 -0.837446 -0.914531 -0.969908 
19.944050 8283.370117 52 60 148 0.502990 0.472231 0.448267 0.984928 0.947016 0.892782 0.774208 0.693429 0.622620 0.330953 0.221744 -0.048465 -0.209410 -0.346753 -0.564130 -0.705463 -0.803351 -0.918531 -0.971662 0.982826 0.921583 0.891271 0.825174 0.704118 0.642403 0.354138 0.251127 -0.001805 -0.206319 -0.346201 -0.553057 -0.705111 -0.808088 -0.917556 -0.977920 
16.685072 7754.569336 54 94 54 0.327319 0.474974 0.674333 0.983606 0.945843 0.898157 0.777389 0.683679 0.595796 0.366576 0.178629 -0.051144 -0.195543 -0.318676 -0.485203 -0.689115 -0.802571 -0.932341 -0.982534 0.983132 0.952358 0.879689 0.755074 0.690206 0.592247 0.308336 0.182352 -0.058915 -0.207972 -0.325055 -0.522370 -0.684134 -0.798197 -0.925603 -0.978548 
17.436062 8968.821289 54 52 56 0.603142 0.706135 0.483939 0.982529 0.955546 0.887164 0.766632 0.665203 0.596524 0.311083 0.129288 -0.026333 -0.178911 -0.291572 -0.497767 -0.706017 -0.803909 -0.920079 -0.975237 0.985104 0.945944 0.893382 0.797006 0.672377 0.591072 0.344665 0.148446 -0.044272 -0.195543 -0.307906 -0.507206 -0.694444 -0.803197 -0.928329 -0.978980 
15.900622 8564.243164 54 108 20 0.445825 0.426043 0.573713 0.980435 0.950660 0.873347 0.766370 0.671148 0.573243 0.358666 0.086029 -0.064590 -0.184425 -0.313808 -0.506643 -0.740141 -0.831366 -0.924513 -0.970757 0.979825 0.951080 0.862937 0.755326 0.665361 0.579265 0.342631 0.089299 -0.063646 -0.164487 -0.302536 -0.472243 -0.737127 -0.835953 -0.923585 -0.971244 
