33.140739 956943.437500 20 198 196 0.000000 0.603116 0.656364 0.987555 0.973771 0.804489 0.600429 0.385712 0.180001 0.120299 -0.028030 -0.142483 -0.327594 -0.461230 -0.624954 -0.689773 -0.780973 -0.909566 -0.956365 0.974227 0.955336 0.754158 0.611982 0.419463 0.238348 0.091964 -0.026775 -0.170609 -0.351171 -0.446728 -0.569043 -0.668620 -0.762655 -0.898612 -0.965824 
59.467945 59839576.000000 90 88 88 0.428467 0.841370 0.948236 0.989565 0.986084 0.946895 0.781406 0.369452 0.183525 0.119213 0.049806 -0.064671 -0.194401 -0.365478 -0.521832 -0.628768 -0.743516 -0.889562 -0.942204 0.989714 0.984329 0.954619 0.846954 0.477695 0.271092 0.140828 0.030083 -0.093947 -0.192113 -0.358047 -0.512656 -0.667264 -0.765393 -0.902441 -0.953958 
63.102127 84410216.000000 44 44 42 0.994224 0.983639 0.999126 0.989311 0.987171 0.944548 0.692353 0.387525 0.187313 0.109526 -0.014416 -0.057491 -0.170296 -0.459787 -0.525584 -0.649810 -0.778499 -0.872879 -0.953494 0.989597 0.986947 0.945393 0.714244 0.356007 0.186110 0.115075 0.024508 -0.065056 -0.179043 -0.453610 -0.532726 -0.655641 -0.770423 -0.884249 -0.961252 
63.782822 107171224.000000 42 42 40 0.994173 0.991127 0.992496 0.988882 0.985617 0.957485 0.718201 0.386045 0.230144 0.181968 0.006402 -0.105802 -0.158502 -0.424508 -0.505103 -0.695743 -0.791197 -0.890326 -0.962386 0.989136 0.985917 0.952685 0.709984 0.376164 0.221046 0.125022 -0.023422 -0.082994 -0.159803 -0.420150 -0.495722 -0.666585 -0.793544 -0.882831 -0.957108 
62.374565 69287656.000000 40 40 42 0.992296 0.982472 0.967122 0.988062 0.982544 0.940565 0.793762 0.472015 0.340311 0.254738 0.062411 -0.113859 -0.248850 -0.317644 -0.528322 -0.699566 -0.817139 -0.904591 -0.958962 0.988767 0.984997 0.960068 0.763550 0.405138 0.238646 0.171796 0.046674 -0.126422 -0.238478 -0.351434 -0.498792 -0.659636 -0.774783 -0.893864 -0.952399 
52.599579 45886884.000000 42 44 42 0.950424 0.876311 0.963193 0.989256 0.985089 0.870847 0.615416 0.411615 0.316130 0.111942 -0.119245 -0.234467 -0.437170 -0.590517 -0.693330 -0.802103 -0.871058 -0.951574 -0.992809 0.988000 0.978999 0.920606 0.749884 0.465591 0.342246 0.240180 -0.029540 -0.171179 -0.321368 -0.527417 -0.628261 -0.737482 -0.827350 -0.938833 -0.983377 
50.763359 23658498.000000 44 42 42 0.933018 0.911029 0.926378 0.988575 0.984905 0.907488 0.559183 0.433316 0.296781 0.088714 -0.068170 -0.211002 -0.439656 -0.576478 -0.699667 -0.785639 -0.857031 -0.948604 -0.991982 0.988774 0.985237 0.885787 0.600456 0.433475 0.298759 0.116887 -0.090784 -0.227761 -0.446404 -0.582499 -0.703237 -0.797846 -0.890135 -0.957217 -0.995491 
46.705318 11690416.000000 42 42 40 0.930865 0.922576 0.388158 0.987926 0.980071 0.791794 0.615684 0.415823 0.265623 0.081934 -0.118479 -0.223004 -0.388680 -0.610873 -0.734476 -0.779836 -0.901868 -0.941539 -0.987903 0.988481 0.984363 0.846473 0.629405 0.454417 0.253414 0.083200 -0.086972 -0.209943 -0.419068 -0.580019 -0.690506 -0.784787 -0.878846 -0.942979 -0.982399 
45.414139 9983116.000000 42 40 42 0.418028 0.594905 0.583304 0.983071 0.961344 0.748923 0.624272 0.420389 0.245287 0.099296 -0.130981 -0.268264 -0.445569 -0.534055 -0.739066 -0.799459 -0.901594 -0.955033 -0.987784 0.979238 0.958479 0.781132 0.617267 0.467287 0.271315 0.097595 -0.139971 -0.257390 -0.421414 -0.589538 -0.724865 -0.784730 -0.898948 -0.949482 -0.994214 
47.479805 19061412.000000 44 40 38 0.632171 0.725039 0.449919 0.984010 0.920233 0.726714 0.628362 0.542631 0.350992 0.120276 -0.121242 -0.256028 -0.430944 -0.604870 -0.745850 -0.794924 -0.875627 -0.964205 -0.989864 0.981820 0.907125 0.755554 0.649729 0.511831 0.290697 0.188328 -0.037280 -0.275302 -0.407633 -0.547134 -0.704292 -0.782220 -0.899017 -0.949631 -0.986664 
51.376938 14342698.000000 40 46 36 0.577422 0.524047 0.741589 0.977404 0.919207 0.696016 0.620462 0.412386 0.228533 -0.007200 -0.117725 -0.321687 -0.537537 -0.616717 -0.762629 -0.820914 -0.882193 -0.970911 -0.991854 0.978564 0.924391 0.692173 0.602765 0.444830 0.271840 0.042486 -0.168757 -0.270092 -0.495767 -0.569212 -0.796034 -0.824537 -0.897686 -0.961627 -0.995764 
49.801636 21864130.000000 42 28 38 0.553639 0.356712 0.840651 0.985091 0.978024 0.909308 0.696776 0.629666 0.557307 0.257572 -0.021721 -0.128514 -0.287884 -0.560780 -0.620776 -0.776678 -0.885972 -0.924354 -0.981509 0.979670 0.936450 0.677247 0.619733 0.467337 0.308836 0.033228 -0.106537 -0.248751 -0.508107 -0.591321 -0.676378 -0.852963 -0.893529 -0.963484 -0.991194 
55.395664 14430495.000000 36 40 40 0.848873 0.956721 0.947348 0.984879 0.962425 0.942076 0.839966 0.686341 0.637690 0.225333 0.062937 -0.061745 -0.223834 -0.448387 -0.553362 -0.709668 -0.800855 -0.924942 -0.986335 0.985035 0.968743 0.936376 0.818351 0.673034 0.642255 0.333651 0.068112 -0.101670 -0.254094 -0.525849 -0.592106 -0.716792 -0.850908 -0.925800 -0.982748 
51.476044 3706198.500000 40 40 46 0.949694 0.978827 0.959277 0.988279 0.972068 0.945468 0.848648 0.692487 0.595063 0.161610 0.065846 -0.051312 -0.243636 -0.339519 -0.612577 -0.744416 -0.846377 -0.926536 -0.992226 0.985415 0.962240 0.943936 0.844208 0.693325 0.613409 0.122543 0.043071 -0.095280 -0.252386 -0.392533 -0.561686 -0.727611 -0.815314 -0.913212 -0.984533 
49.743629 649856.187500 44 46 48 0.781439 0.957725 0.950676 0.991225 0.980079 0.961377 0.930240 0.655079 0.607716 0.300045 0.042911 -0.094838 -0.231645 -0.476161 -0.654317 -0.775785 -0.873032 -0.960102 -0.989301 0.990680 0.979131 0.958303 0.921468 0.677627 0.604071 0.245631 0.072292 -0.073607 -0.253336 -0.485119 -0.672871 -0.793146 -0.865900 -0.960045 -0.989553 
49.292938 386265.562500 48 50 50 0.954724 0.929329 0.935306 0.992402 0.985779 0.962227 0.917979 0.700360 0.641648 0.244218 0.017138 -0.097941 -0.277161 -0.481456 -0.641143 -0.788489 -0.875927 -0.970651 -0.991380 0.991755 0.982832 0.963042 0.913163 0.689540 0.645531 0.337341 0.039339 -0.068440 -0.259949 -0.520855 -0.639581 -0.784877 -0.854602 -0.956111 -0.986694 
49.442448 143304.421875 50 54 56 0.948642 0.938155 0.944444 0.993381 0.989266 0.961727 0.934768 0.722999 0.644592 0.365997 0.049339 -0.043663 -0.171942 -0.468668 -0.584963 -0.776083 -0.891596 -0.972348 -0.990347 0.992974 0.988159 0.963604 0.919572 0.710843 0.617844 0.291878 0.036764 -0.052144 -0.223861 -0.451091 -0.622428 -0.814101 -0.883725 -0.972606 -0.991271 
47.851368 67585.906250 56 58 58 0.925692 0.943715 0.902545 0.993970 0.989404 0.965046 0.934645 0.738011 0.629066 0.411814 0.087753 -0.057602 -0.198234 -0.408320 -0.645117 -0.779447 -0.890415 -0.965854 -0.990969 0.993773 0.990079 0.957043 0.932851 0.747840 0.643055 0.407129 0.086763 -0.030659 -0.192854 -0.413710 -0.652438 -0.779400 -0.874286 -0.963123 -0.990289 
42.271671 88245.312500 58 56 60 0.955085 0.910791 0.490491 0.993138 0.985609 0.958215 0.900335 0.496084 0.371309 0.304231 0.237614 0.145598 -0.065819 -0.346029 -0.552198 -0.718153 -0.827678 -0.955316 -0.990182 0.994099 0.988949 0.965375 0.935880 0.742592 0.602149 0.357232 0.116793 -0.054687 -0.199558 -0.435499 -0.627960 -0.775306 -0.868502 -0.960717 -0.990813 
31.875706 23923.812500 62 58 46 0.581282 0.859383 0.708852 0.991371 0.979716 0.942843 0.815761 0.606831 0.443962 0.276798 0.220464 0.071113 -0.158379 -0.359713 -0.553689 -0.764259 -0.850231 -0.951473 -0.985780 0.992900 0.974596 0.937942 0.786777 0.444292 0.362324 0.301348 0.236237 0.189047 -0.009788 -0.357655 -0.519521 -0.752484 -0.821593 -0.935978 -0.987677 
30.930813 940120.500000 44 56 106 0.735706 0.790207 0.257927 0.990573 0.947882 0.753028 0.691127 0.479475 0.343489 0.228841 0.089827 -0.096052 -0.291251 -0.390904 -0.560135 -0.656561 -0.777636 -0.914362 -0.988030 0.992366 0.985516 0.938651 0.849421 0.621780 0.419922 0.288891 0.195891 -0.024438 -0.201860 -0.424823 -0.600233 -0.803971 -0.845041 -0.968741 -0.992600 
50.171505 28163202.000000 174 222 222 0.478784 0.631320 0.595167 0.982755 0.887749 0.721656 0.555169 0.322831 0.157726 -0.002421 -0.177705 -0.271615 -0.360931 -0.502328 -0.660167 -0.760450 -0.851707 -0.937834 -0.990149 0.965346 0.809766 0.720486 0.616953 0.386160 0.292390 0.124849 -0.035890 -0.207514 -0.287685 -0.484048 -0.580530 -0.750374 -0.858628 -0.929401 -0.992862 
51.042385 17401722.000000 54 44 46 0.397500 0.819949 0.982199 0.990458 0.989142 0.875887 0.536276 0.382221 0.185773 0.113975 -0.117158 -0.237642 -0.334757 -0.479476 -0.637241 -0.733895 -0.847148 -0.929221 -0.981464 0.989725 0.962937 0.756687 0.549469 0.349561 0.194707 -0.005452 -0.186549 -0.238378 -0.353483 -0.495958 -0.651557 -0.749220 -0.857930 -0.937153 -0.976906 
55.215092 10422105.000000 46 44 42 0.967912 0.986593 0.993989 0.989736 0.986602 0.949697 0.767525 0.508563 0.382219 0.181971 0.123111 -0.001078 -0.254805 -0.361278 -0.590880 -0.655027 -0.755773 -0.917770 -0.970574 0.990484 0.987335 0.951785 0.711555 0.500237 0.275787 0.164044 0.071607 -0.175512 -0.277895 -0.415497 -0.562675 -0.703838 -0.813963 -0.904316 -0.980721 
56.697983 7687728.500000 42 42 40 0.985510 0.990298 0.984688 0.988719 0.984567 0.949423 0.774504 0.608692 0.467790 0.230808 0.183437 0.005429 -0.250258 -0.282764 -0.517273 -0.652810 -0.691107 -0.904905 -0.970412 0.989165 0.985243 0.951003 0.777132 0.575011 0.427542 0.261418 0.140045 -0.017845 -0.238153 -0.292415 -0.540668 -0.638167 -0.708114 -0.890770 -0.978675 
55.672020 6291146.500000 40 40 40 0.984095 0.987735 0.986259 0.987969 0.984256 0.939502 0.726415 0.627225 0.539674 0.231540 0.162049 0.074025 -0.271596 -0.314137 -0.416543 -0.679350 -0.711627 -0.869705 -0.976712 0.988579 0.984691 0.949433 0.748541 0.627715 0.499224 0.211179 0.173047 0.038198 -0.269808 -0.299392 -0.470878 -0.674464 -0.705862 -0.894031 -0.976216 
55.148640 2963248.250000 40 40 40 0.990695 0.985653 0.978679 0.987960 0.984540 0.951515 0.729531 0.693577 0.605174 0.239120 0.140445 0.079975 -0.199361 -0.332112 -0.372282 -0.618174 -0.714874 -0.923548 -0.966468 0.987684 0.984402 0.937640 0.724056 0.663702 0.554257 0.236830 0.146612 0.079634 -0.275941 -0.329008 -0.404179 -0.665487 -0.725862 -0.917785 -0.977638 
56.371391 1594810.875000 40 40 40 0.978129 0.970064 0.965322 0.988149 0.985177 0.959742 0.743427 0.696055 0.676053 0.387785 0.151211 0.036835 -0.150710 -0.346346 -0.379121 -0.569428 -0.740010 -0.899585 -0.968679 0.987904 0.984868 0.953439 0.725681 0.696468 0.651071 0.290766 0.143107 0.068716 -0.172120 -0.335820 -0.389258 -0.583369 -0.714211 -0.929143 -0.965422 
55.709320 956548.687500 40 40 38 0.972284 0.955502 0.994032 0.988156 0.984735 0.969253 0.779404 0.686703 0.640199 0.412622 0.168090 -0.046912 -0.138540 -0.365269 -0.396318 -0.696648 -0.786418 -0.928057 -0.942660 0.988225 0.984978 0.967260 0.761792 0.692657 0.673234 0.409190 0.157830 -0.015611 -0.155769 -0.358178 -0.384045 -0.664371 -0.764290 -0.895713 -0.957908 
55.415550 921905.312500 40 38 38 0.943151 0.993198 0.991052 0.988092 0.984420 0.971917 0.829232 0.682199 0.664811 0.396508 0.027872 -0.081846 -0.154625 -0.384561 -0.551791 -0.763575 -0.819069 -0.943662 -0.950887 0.988333 0.984671 0.971700 0.825265 0.684261 0.651425 0.385064 0.111043 -0.064936 -0.177887 -0.380825 -0.419478 -0.738137 -0.838709 -0.938923 -0.945091 
55.599976 831117.625000 38 38 38 0.993143 0.993701 0.668046 0.988544 0.984551 0.973793 0.873720 0.682148 0.667139 0.396195 -0.004370 -0.092778 -0.145367 -0.567031 -0.736466 -0.786621 -0.818742 -0.936876 -0.948967 0.988050 0.984411 0.971751 0.847888 0.681189 0.663308 0.386121 0.032636 -0.099546 -0.146758 -0.538412 -0.683537 -0.759733 -0.809571 -0.939814 -0.954115 
43.653313 47945.894531 38 40 38 0.837383 0.738513 0.874099 0.986811 0.981327 0.941865 0.788691 0.692628 0.663019 0.420868 0.046491 -0.125603 -0.269852 -0.407760 -0.644382 -0.776518 -0.806935 -0.929132 -0.950202 0.988161 0.983180 0.963950 0.846925 0.691860 0.670497 0.426056 0.036984 -0.091430 -0.163551 -0.524070 -0.730723 -0.775428 -0.814191 -0.921294 -0.940432 
31.480951 12642.701172 38 40 40 0.887570 0.590503 0.835234 0.988536 0.982100 0.943121 0.729149 0.689559 0.639836 0.392845 0.165081 -0.036606 -0.223356 -0.360057 -0.564616 -0.728557 -0.804603 -0.918951 -0.967646 0.987346 0.983531 0.950436 0.775046 0.689599 0.648372 0.394803 0.138834 -0.076386 -0.248458 -0.384916 -0.602127 -0.774235 -0.806448 -0.910789 -0.955878 
31.081593 8921.974609 40 38 38 0.584805 0.858852 0.706174 0.987596 0.983361 0.960545 0.782454 0.688533 0.585389 0.373631 0.200731 -0.074519 -0.243874 -0.339934 -0.500363 -0.694116 -0.799495 -0.900678 -0.967959 0.987600 0.982983 0.952069 0.753586 0.690358 0.642751 0.424266 0.176608 -0.090133 -0.212865 -0.337040 -0.531809 -0.685246 -0.834862 -0.920540 -0.973046 
23.696159 5829.782715 38 34 38 0.782713 0.517201 0.659577 0.988043 0.979283 0.932038 0.766248 0.678435 0.604291 0.309519 0.141568 -0.095999 -0.265652 -0.371284 -0.539635 -0.741775 -0.868912 -0.927078 -0.974239 0.986197 0.980269 0.949357 0.768491 0.692336 0.606106 0.345430 0.156887 -0.082739 -0.245695 -0.361245 -0.507920 -0.741162 -0.823641 -0.920602 -0.969174 
26.740360 749853.562500 82 70 72 0.552858 0.639671 0.656544 0.967541 0.918194 0.768722 0.685332 0.483422 0.308819 0.203708 0.055241 -0.166666 -0.361255 -0.512796 -0.651338 -0.772327 -0.876444 -0.938906 -0.985263 0.987319 0.976800 0.926349 0.808398 0.657714 0.533411 0.320342 0.156078 -0.101710 -0.264583 -0.351652 -0.516915 -0.719739 -0.845012 -0.930450 -0.970990 
46.638611 3794807.000000 70 82 46 0.603211 0.535662 0.966415 0.987456 0.975941 0.942357 0.760837 0.660061 0.612454 0.293115 0.119598 0.021812 -0.193350 -0.460088 -0.484228 -0.776045 -0.854793 -0.944270 -0.982139 0.982175 0.965025 0.867721 0.689602 0.624245 0.475149 0.256326 0.123230 -0.091716 -0.301685 -0.499452 -0.633533 -0.758943 -0.865965 -0.938809 -0.987095 
49.794659 856462.750000 46 48 56 0.909546 0.865840 0.943571 0.991572 0.981388 0.939275 0.796055 0.659308 0.610763 0.308749 0.113543 0.065536 -0.107040 -0.427136 -0.457109 -0.660069 -0.807515 -0.898912 -0.973197 0.988256 0.974614 0.943301 0.771580 0.670900 0.620020 0.288136 0.107150 0.055556 -0.109758 -0.447051 -0.465634 -0.722373 -0.836981 -0.918900 -0.978847 
42.219620 44121.550781 54 56 214 0.873585 0.751513 0.473127 0.992465 0.985838 0.955669 0.829257 0.662358 0.609519 0.369958 0.122262 0.053685 -0.193161 -0.442529 -0.480373 -0.690418 -0.839881 -0.932772 -0.986059 0.993306 0.987752 0.965767 0.850803 0.687797 0.597824 0.348515 0.117923 0.050144 -0.198952 -0.448806 -0.494078 -0.756541 -0.845868 -0.918985 -0.978561 
27.429588 12359.187500 40 44 62 0.508738 0.712467 0.409457 0.986850 0.977392 0.904563 0.789163 0.664235 0.597859 0.446851 0.094544 0.064252 -0.126575 -0.451057 -0.471460 -0.651188 -0.814913 -0.942266 -0.976006 0.986155 0.977831 0.925850 0.809453 0.670292 0.616723 0.404898 0.128425 0.066375 -0.126015 -0.460155 -0.480874 -0.630186 -0.816317 -0.928049 -0.979671 
19.966557 5949.397949 60 84 46 0.700480 0.659108 0.749587 0.990461 0.978966 0.904172 0.772200 0.687351 0.626617 0.308386 0.116963 0.020178 -0.226350 -0.400857 -0.506685 -0.725946 -0.837823 -0.918916 -0.977519 0.988387 0.972910 0.906485 0.780999 0.653647 0.590311 0.397622 0.089993 0.060353 -0.214718 -0.411514 -0.473877 -0.678030 -0.818170 -0.925947 -0.978225 
35.267578 2876013.250000 46 50 98 0.754946 0.753311 0.112155 0.979854 0.941250 0.682037 0.636895 0.559832 0.375681 0.222722 0.120593 -0.066422 -0.323308 -0.383301 -0.515304 -0.756355 -0.853425 -0.927391 -0.964150 0.989845 0.980588 0.865943 0.703366 0.610899 0.408184 0.223021 0.135480 -0.028520 -0.244654 -0.368187 -0.518599 -0.756269 -0.859981 -0.927827 -0.964365 
35.917374 1862983.375000 28 44 36 0.494534 0.701223 0.563889 0.983975 0.914852 0.706111 0.600888 0.400803 0.358307 0.156016 0.059250 -0.105268 -0.360450 -0.463295 -0.561395 -0.776981 -0.813269 -0.905562 -0.969438 0.980859 0.942004 0.666369 0.624902 0.450495 0.400145 0.198235 0.102217 -0.139859 -0.342499 -0.430369 -0.562375 -0.727959 -0.824372 -0.874142 -0.969281 
37.726799 1042996.062500 42 38 46 0.737301 0.279244 0.638500 0.982645 0.940251 0.724787 0.513641 0.316135 0.265348 0.138707 -0.017838 -0.076007 -0.314061 -0.489303 -0.550971 -0.745017 -0.851346 -0.886924 -0.967980 0.978740 0.926283 0.735302 0.542560 0.338425 0.292959 0.174165 0.043316 -0.112847 -0.285830 -0.473198 -0.523617 -0.786116 -0.830811 -0.904880 -0.970397 
49.642586 5277075.000000 44 50 48 0.621646 0.786507 0.966231 0.991293 0.981575 0.958849 0.874514 0.433920 0.294757 0.208674 0.123100 -0.032283 -0.154976 -0.378048 -0.470958 -0.681510 -0.826506 -0.925527 -0.967376 0.991500 0.984447 0.854673 0.596150 0.363718 0.289889 0.195899 -0.022154 -0.117716 -0.283466 -0.466674 -0.584703 -0.721830 -0.842074 -0.890764 -0.968192 
58.358269 62385984.000000 48 48 48 0.955657 0.993463 0.994222 0.990980 0.983875 0.947130 0.723365 0.355902 0.247712 0.141355 0.064557 -0.065511 -0.195285 -0.425187 -0.513476 -0.712007 -0.801703 -0.935911 -0.967020 0.991017 0.982810 0.951046 0.747256 0.345849 0.263058 0.171545 0.084319 -0.066065 -0.162296 -0.427692 -0.493036 -0.687477 -0.807482 -0.934814 -0.962740 
57.608406 37890320.000000 48 48 46 0.994709 0.982523 0.986426 0.990963 0.984802 0.952311 0.774028 0.348756 0.208723 0.114199 0.067740 -0.092085 -0.218339 -0.359840 -0.576557 -0.730748 -0.790422 -0.937085 -0.954380 0.990939 0.984069 0.950402 0.749951 0.359546 0.221333 0.127521 0.068678 -0.087198 -0.210915 -0.385664 -0.565530 -0.738132 -0.795060 -0.932840 -0.959544 
57.922943 43380988.000000 48 46 46 0.977002 0.992176 0.992094 0.990956 0.986258 0.954347 0.726381 0.358315 0.187551 0.092491 0.041060 -0.097808 -0.214802 -0.441648 -0.614979 -0.741913 -0.777727 -0.897794 -0.940026 0.990878 0.985858 0.950581 0.747043 0.376216 0.212722 0.103773 0.058756 -0.103892 -0.215058 -0.401310 -0.580618 -0.728546 -0.780670 -0.928712 -0.956501 
58.705162 54294592.000000 46 46 46 0.992963 0.993956 0.995779 0.990900 0.985762 0.953677 0.714241 0.340112 0.208402 0.100455 0.007349 -0.071367 -0.173295 -0.495407 -0.610483 -0.757093 -0.773711 -0.905209 -0.943812 0.990906 0.986106 0.952887 0.713140 0.362999 0.187107 0.093851 0.025173 -0.074922 -0.198014 -0.466304 -0.613158 -0.751680 -0.772592 -0.892662 -0.928792 
58.154331 40389848.000000 46 46 46 0.994505 0.994727 0.814785 0.990705 0.984778 0.952600 0.727346 0.380036 0.265573 0.203050 0.060163 -0.044197 -0.122344 -0.498189 -0.600372 -0.726522 -0.765443 -0.897066 -0.935023 0.990631 0.985235 0.948741 0.717970 0.330078 0.238631 0.155046 0.015385 -0.065607 -0.147686 -0.498450 -0.592675 -0.741382 -0.770937 -0.902402 -0.948693 
49.905983 1078229.000000 46 46 48 0.955090 0.523679 0.953435 0.991344 0.984304 0.931759 0.772557 0.530118 0.323375 0.170986 0.055598 -0.068111 -0.165893 -0.479380 -0.613779 -0.726616 -0.776780 -0.888553 -0.946826 0.990840 0.985030 0.939088 0.772235 0.577451 0.364385 0.225023 0.093391 -0.034496 -0.086060 -0.457472 -0.586812 -0.706499 -0.765818 -0.889747 -0.947047 
41.108887 347031.750000 46 48 46 0.860810 0.872413 0.876437 0.991102 0.987230 0.954620 0.729695 0.473695 0.343798 0.200912 0.106996 -0.069857 -0.147823 -0.486805 -0.591950 -0.752896 -0.770521 -0.912157 -0.949360 0.991724 0.988184 0.953316 0.765105 0.452456 0.326877 0.141248 0.092248 -0.062973 -0.184511 -0.457778 -0.610524 -0.756245 -0.773326 -0.909661 -0.954627 
38.909748 216494.687500 46 44 46 0.889086 0.823276 0.885496 0.991682 0.988297 0.966791 0.701003 0.365195 0.274517 0.216657 0.074567 -0.079394 -0.226587 -0.396447 -0.501275 -0.710545 -0.766503 -0.916926 -0.949155 0.990685 0.985659 0.957657 0.785919 0.426331 0.308816 0.222493 0.085652 -0.064627 -0.144429 -0.445314 -0.578188 -0.739465 -0.786182 -0.902365 -0.944231 
36.561203 87081.343750 46 44 48 0.862280 0.961573 0.814789 0.991634 0.988439 0.968596 0.768584 0.374379 0.278990 0.160804 -0.010000 -0.064223 -0.133637 -0.399455 -0.583211 -0.732025 -0.767640 -0.820012 -0.935135 0.991079 0.987511 0.969262 0.768793 0.352318 0.271804 0.150988 -0.022106 -0.073763 -0.170379 -0.432628 -0.558934 -0.730047 -0.789551 -0.887348 -0.951448 
31.147575 742401.187500 48 56 40 0.880313 0.731429 0.415161 0.989174 0.961593 0.804615 0.690329 0.596289 0.338396 0.190848 0.008340 -0.094937 -0.291941 -0.464528 -0.604866 -0.740485 -0.811743 -0.912211 -0.979104 0.991773 0.986796 0.945591 0.774213 0.457626 0.277550 0.202165 0.005207 -0.061157 -0.135370 -0.381428 -0.556248 -0.736536 -0.766075 -0.811100 -0.947703 
45.161625 764492.062500 46 228 84 0.582103 0.350053 0.322376 0.987554 0.970042 0.944130 0.880044 0.806588 0.607229 0.257721 0.102195 -0.028138 -0.154929 -0.283233 -0.516642 -0.714431 -0.777917 -0.892119 -0.970966 0.981473 0.937961 0.804647 0.702584 0.620034 0.395219 0.213259 0.063943 -0.112229 -0.298998 -0.462138 -0.599102 -0.739320 -0.814779 -0.915196 -0.979499 
56.203514 1199373.250000 60 74 86 0.853148 0.792459 0.712718 0.978228 0.966148 0.952865 0.909433 0.840817 0.658358 0.206667 0.055898 -0.010770 -0.163321 -0.188909 -0.410473 -0.740256 -0.808121 -0.842917 -0.952922 0.980116 0.967641 0.952153 0.883164 0.838228 0.619761 0.194960 0.073626 -0.006341 -0.164275 -0.211938 -0.400328 -0.719893 -0.792652 -0.828775 -0.932154 
55.960697 518347.656250 86 92 94 0.777632 0.799867 0.847314 0.975287 0.965014 0.952740 0.922058 0.859317 0.656460 0.228695 0.050640 0.011520 -0.140615 -0.175056 -0.533090 -0.770608 -0.819856 -0.872854 -0.944016 0.977648 0.963124 0.949884 0.912425 0.851481 0.652067 0.170949 0.045082 -0.018928 -0.149732 -0.172255 -0.454000 -0.775756 -0.821071 -0.862734 -0.917249 
53.332943 195882.125000 96 168 168 0.879046 0.774491 0.786339 0.974667 0.966269 0.950985 0.926934 0.881453 0.637091 0.201755 0.056350 0.018327 -0.140976 -0.172310 -0.480269 -0.732592 -0.791379 -0.887150 -0.966975 0.974970 0.965470 0.952588 0.924045 0.876734 0.655520 0.252799 0.065747 -0.006501 -0.127253 -0.177138 -0.626302 -0.761965 -0.805679 -0.886947 -0.944668 
48.173508 65340.394531 46 76 134 0.837211 0.578673 0.679763 0.974114 0.966933 0.954029 0.927446 0.869251 0.645908 0.307846 0.052360 -0.031874 -0.148339 -0.173444 -0.430014 -0.700764 -0.802458 -0.907950 -0.977206 0.977212 0.965362 0.949032 0.925418 0.866764 0.656242 0.297124 0.075413 0.006252 -0.139252 -0.178139 -0.489674 -0.715923 -0.791288 -0.891382 -0.969318 
49.005428 45056.027344 134 46 204 0.792123 0.938017 0.635161 0.981382 0.971115 0.951280 0.929918 0.884522 0.671562 0.236561 0.060279 -0.051008 -0.148983 -0.197888 -0.403204 -0.678382 -0.791902 -0.913607 -0.968230 0.975074 0.966414 0.955289 0.931484 0.894015 0.688460 0.274248 0.023418 -0.024952 -0.143469 -0.197105 -0.450660 -0.698992 -0.800112 -0.914562 -0.977402 
41.925407 26377.816406 204 48 108 0.533343 0.722914 0.414498 0.983689 0.970810 0.945479 0.925038 0.854445 0.584952 0.267611 0.065983 -0.023432 -0.160561 -0.222286 -0.483406 -0.654596 -0.834340 -0.918338 -0.963992 0.982243 0.970480 0.943789 0.928135 0.876173 0.611330 0.217254 0.012641 -0.043835 -0.165167 -0.197553 -0.434807 -0.672788 -0.810140 -0.914925 -0.955112 
40.758415 29454.759766 58 90 90 0.578239 0.815980 0.530543 0.973877 0.961092 0.940271 0.918477 0.832654 0.600821 0.396349 0.082708 -0.063920 -0.219951 -0.291137 -0.530896 -0.740023 -0.878626 -0.912911 -0.955812 0.980774 0.968014 0.946147 0.926068 0.877766 0.626507 0.312289 0.025248 -0.059002 -0.184329 -0.277737 -0.486676 -0.721685 -0.892917 -0.923374 -0.969296 
25.231148 9776.099609 50 34 50 0.716017 0.502644 0.457097 0.979371 0.952379 0.920626 0.883090 0.729740 0.573065 0.320477 0.080014 -0.125455 -0.249036 -0.410266 -0.528661 -0.675225 -0.844133 -0.902424 -0.963684 0.979104 0.962245 0.934769 0.911334 0.789829 0.559789 0.320280 0.123903 -0.097377 -0.208686 -0.337872 -0.530415 -0.690831 -0.858297 -0.916371 -0.965331 
22.562595 11591.846680 26 62 96 0.401787 0.568927 0.505366 0.985458 0.958700 0.922320 0.849732 0.675091 0.525381 0.205070 0.059140 -0.254386 -0.334466 -0.430680 -0.515605 -0.658430 -0.871000 -0.907155 -0.933179 0.974401 0.959596 0.908768 0.849002 0.700343 0.486488 0.134399 -0.142681 -0.303691 -0.359399 -0.457256 -0.511916 -0.689241 -0.865152 -0.902574 -0.918238 
16.785658 4548.621582 48 34 40 0.688231 0.637575 0.500520 0.989238 0.972191 0.922538 0.818530 0.664025 0.522954 0.276573 0.103066 -0.041583 -0.288379 -0.445988 -0.542917 -0.698341 -0.855253 -0.925152 -0.974880 0.984023 0.960364 0.921550 0.840126 0.660884 0.531206 0.284741 0.102288 -0.099401 -0.330293 -0.426033 -0.535443 -0.675995 -0.867028 -0.914326 -0.961276 
16.937130 3903.886230 40 40 46 0.691411 0.360863 0.486435 0.986663 0.965532 0.917494 0.863905 0.688734 0.532254 0.276971 0.120473 -0.054352 -0.199681 -0.421970 -0.552265 -0.742111 -0.862398 -0.933810 -0.970715 0.984717 0.971176 0.916595 0.822859 0.656008 0.494594 0.371299 0.093697 -0.034031 -0.190528 -0.412746 -0.583044 -0.708785 -0.807556 -0.901339 -0.964888 
17.385727 3199.332031 46 176 84 0.497602 0.457477 0.509783 0.984333 0.966036 0.930570 0.848756 0.633689 0.522138 0.293891 0.148209 -0.072788 -0.218422 -0.470843 -0.602863 -0.711529 -0.856037 -0.927923 -0.974261 0.981133 0.965704 0.933955 0.859130 0.681633 0.497052 0.276246 0.159023 -0.027872 -0.227055 -0.370684 -0.549963 -0.720507 -0.859418 -0.931080 -0.980631 
13.280278 2363.716309 84 86 42 0.517847 0.338600 0.401862 0.987693 0.964906 0.907211 0.826502 0.654438 0.490981 0.358122 0.164183 -0.097006 -0.271943 -0.383547 -0.567492 -0.700494 -0.849932 -0.932489 -0.972231 0.984167 0.967749 0.924871 0.831493 0.650126 0.535187 0.298013 0.119073 -0.117300 -0.266845 -0.431274 -0.581002 -0.722807 -0.831575 -0.923861 -0.979556 
13.655584 1977.724854 42 90 48 0.663695 0.535670 0.680483 0.987691 0.961205 0.920471 0.824894 0.660822 0.512406 0.344220 0.155388 -0.056347 -0.231323 -0.409982 -0.544111 -0.731931 -0.823002 -0.922247 -0.976065 0.986774 0.971821 0.923626 0.840975 0.651942 0.467800 0.341550 0.145135 -0.069983 -0.260589 -0.437112 -0.603439 -0.734411 -0.847644 -0.918148 -0.974909 
14.630700 2101.690918 44 86 92 0.427446 0.537187 0.500672 0.986614 0.970892 0.930551 0.820951 0.651800 0.518373 0.335804 0.155675 -0.045819 -0.268810 -0.439603 -0.572948 -0.709105 -0.851652 -0.934635 -0.979998 0.986486 0.973671 0.929250 0.821480 0.646147 0.500631 0.304792 0.134441 -0.088666 -0.240059 -0.429750 -0.534045 -0.728589 -0.842050 -0.928923 -0.976248 
14.647093 2131.488037 132 126 126 0.549819 0.541367 0.330984 0.987445 0.966254 0.927210 0.835488 0.662800 0.503011 0.347582 0.145019 -0.060163 -0.296852 -0.439677 -0.580948 -0.743848 -0.825656 -0.916710 -0.978452 0.986913 0.970277 0.932739 0.844702 0.646286 0.511279 0.350189 0.162112 -0.013460 -0.256518 -0.445421 -0.593592 -0.747897 -0.848963 -0.935000 -0.973217 
13.388206 1921.830566 52 54 44 0.387954 0.457339 0.643334 0.986839 0.969930 0.923108 0.838317 0.662622 0.530862 0.322368 0.118546 -0.076811 -0.254795 -0.437008 -0.545336 -0.721812 -0.840014 -0.918299 -0.982332 0.985128 0.965302 0.918182 0.818426 0.698681 0.503314 0.360202 0.140972 -0.037997 -0.264359 -0.430082 -0.570033 -0.717230 -0.830432 -0.936730 -0.983072 
14.897902 2335.709473 58 65 223 0.675441 0.640312 0.613666 0.989127 0.977975 0.911043 0.800816 0.640772 0.485556 0.356470 0.109673 -0.071247 -0.223814 -0.411026 -0.572531 -0.701961 -0.863810 -0.919874 -0.981172 0.990431 0.977984 0.919916 0.800199 0.666585 0.508217 0.313462 0.081116 -0.041418 -0.236367 -0.451809 -0.576880 -0.749584 -0.852476 -0.924921 -0.980865 
12.059181 1730.891846 103 108 108 0.596536 0.499981 0.614791 0.990442 0.971879 0.916353 0.770704 0.630104 0.533620 0.306291 0.095179 -0.078286 -0.245629 -0.463012 -0.599598 -0.733148 -0.828219 -0.930037 -0.969713 0.988612 0.977091 0.926976 0.806883 0.600606 0.502325 0.314480 0.101766 -0.090427 -0.247602 -0.426021 -0.612999 -0.731580 -0.850206 -0.931539 -0.980821 
11.918018 1965.607788 108 108 105 0.635513 0.602229 0.508214 0.988519 0.968404 0.909264 0.798520 0.668242 0.511927 0.335858 0.106456 -0.042298 -0.215981 -0.395831 -0.612105 -0.722922 -0.836685 -0.932902 -0.972481 0.988527 0.974153 0.918324 0.784346 0.645787 0.482002 0.299590 0.095980 -0.053355 -0.243123 -0.409719 -0.605445 -0.733514 -0.838261 -0.922446 -0.980771 
12.463955 1727.475220 105 110 108 0.485028 0.725262 0.752040 0.991276 0.976066 0.929128 0.809645 0.650014 0.491566 0.275630 0.111602 -0.088811 -0.246177 -0.442324 -0.565394 -0.736216 -0.853306 -0.921874 -0.982935 0.990166 0.976264 0.901599 0.795789 0.670474 0.505271 0.275694 0.063104 -0.081031 -0.234965 -0.427432 -0.615464 -0.713247 -0.865287 -0.921010 -0.981077 
13.871007 1329.352783 108 58 110 0.712333 0.671590 0.763399 0.989045 0.974644 0.921697 0.809674 0.628776 0.479980 0.339488 0.080116 -0.058497 -0.225283 -0.406933 -0.589047 -0.749794 -0.845804 -0.929258 -0.975777 0.991684 0.983283 0.930913 0.823639 0.609557 0.497780 0.301542 0.152179 -0.062035 -0.234036 -0.439067 -0.623173 -0.731338 -0.836727 -0.931178 -0.980270 
11.971770 1534.806641 110 115 110 0.713330 0.531207 0.496556 0.989593 0.973684 0.913667 0.795634 0.660708 0.490525 0.272662 0.071369 -0.075873 -0.243804 -0.441872 -0.572994 -0.745009 -0.840387 -0.921671 -0.982246 0.990389 0.976906 0.923174 0.816703 0.645104 0.488216 0.309523 0.092879 -0.106210 -0.253475 -0.411390 -0.575876 -0.746466 -0.841121 -0.913090 -0.963056 
11.345481 1142.940796 110 55 108 0.506831 0.529886 0.455206 0.991019 0.979521 0.908520 0.779159 0.662880 0.525812 0.305187 0.122220 -0.073698 -0.265945 -0.438603 -0.596571 -0.751652 -0.841614 -0.920893 -0.974990 0.988298 0.976152 0.907942 0.802353 0.667164 0.505955 0.321560 0.054652 -0.093988 -0.225215 -0.415245 -0.611527 -0.768138 -0.840605 -0.923421 -0.980910 
9.829572 1120.943848 105 263 110 0.635159 0.372740 0.659670 0.990395 0.975172 0.896178 0.799746 0.637231 0.509739 0.237838 0.096331 -0.072217 -0.249501 -0.461528 -0.623419 -0.746135 -0.840529 -0.920421 -0.977336 0.990827 0.976375 0.913871 0.800873 0.648287 0.511899 0.264006 0.122052 -0.070517 -0.274250 -0.424782 -0.594403 -0.760617 -0.848252 -0.923203 -0.958928 
11.197420 1410.916992 108 113 105 0.691126 0.683710 0.519474 0.990870 0.976362 0.918015 0.768859 0.644586 0.513866 0.306556 0.119864 -0.094877 -0.239546 -0.438941 -0.589560 -0.720446 -0.845109 -0.925628 -0.981282 0.991624 0.981216 0.912296 0.813764 0.604768 0.470597 0.246493 0.110620 -0.077968 -0.287451 -0.424764 -0.596456 -0.726157 -0.838070 -0.920211 -0.982656 
9.324685 900.795227 105 270 60 0.539803 0.552221 0.665542 0.987791 0.964483 0.913632 0.784823 0.659084 0.512460 0.261756 0.112363 -0.052836 -0.284162 -0.403948 -0.545528 -0.762169 -0.845953 -0.908269 -0.966294 0.988931 0.976122 0.927346 0.781752 0.641629 0.517975 0.298695 0.131016 -0.092714 -0.248794 -0.428133 -0.600153 -0.685610 -0.837075 -0.909595 -0.980162 
11.310259 1401.666382 55 55 105 0.578326 0.519481 0.472350 0.991542 0.981410 0.913076 0.765827 0.596583 0.451675 0.268720 0.079780 -0.100306 -0.328315 -0.482756 -0.634926 -0.716686 -0.844414 -0.910821 -0.972144 0.989825 0.980724 0.929046 0.781145 0.691003 0.506363 0.280134 0.121523 -0.073532 -0.292269 -0.464520 -0.593895 -0.734851 -0.847739 -0.920634 -0.979082 
9.442057 959.918457 105 210 50 0.551070 0.469044 0.460929 0.990566 0.977962 0.904861 0.806047 0.642051 0.480182 0.242493 0.135857 -0.074727 -0.250544 -0.451517 -0.581135 -0.747874 -0.855085 -0.922006 -0.971247 0.989595 0.977996 0.910452 0.787644 0.629209 0.476813 0.299461 0.090147 -0.061245 -0.247650 -0.441329 -0.574950 -0.758307 -0.834153 -0.922829 -0.975590 
29.806625 256132.953125 50 110 63 0.774329 0.618237 0.570635 0.962467 0.940462 0.776024 0.714161 0.557665 0.465196 0.383574 0.207073 0.098176 -0.058243 -0.298006 -0.437473 -0.543179 -0.835260 -0.957496 -0.962205 0.987595 0.972554 0.927267 0.821265 0.673820 0.495104 0.273792 0.126616 -0.102837 -0.262953 -0.432292 -0.595727 -0.735515 -0.848294 -0.923801 -0.965965 
55.379723 80797096.000000 48 58 62 0.530120 0.721981 0.953842 0.966393 0.937117 0.900440 0.693764 0.574069 0.507736 0.288553 0.209103 0.076142 -0.140054 -0.268615 -0.386845 -0.668462 -0.752457 -0.867248 -0.885244 0.966271 0.931737 0.892587 0.721229 0.591259 0.526910 0.311444 0.212934 0.097794 -0.119246 -0.257568 -0.375699 -0.651096 -0.756302 -0.860086 -0.899694 
58.642563 94069984.000000 62 62 60 0.961565 0.957247 0.956873 0.969056 0.944784 0.906679 0.740823 0.574521 0.521264 0.298633 0.202323 0.067686 -0.157635 -0.290755 -0.397495 -0.686907 -0.766820 -0.866922 -0.894490 0.967006 0.941746 0.905912 0.729997 0.572567 0.522952 0.305739 0.218024 0.085164 -0.146961 -0.281066 -0.397389 -0.669496 -0.755935 -0.873774 -0.892694 
58.140564 96431416.000000 60 60 60 0.962099 0.973763 0.993710 0.973565 0.952174 0.914676 0.704223 0.585611 0.516708 0.294124 0.181163 0.061618 -0.196729 -0.314701 -0.435616 -0.672514 -0.787252 -0.857999 -0.898264 0.971200 0.949246 0.912236 0.720021 0.580751 0.511153 0.290480 0.190590 0.072602 -0.172825 -0.308178 -0.402819 -0.682795 -0.780122 -0.856546 -0.888813 
56.679237 35406712.000000 60 60 66 0.989331 0.937917 0.593323 0.981548 0.960159 0.933210 0.683494 0.607324 0.502433 0.258852 0.163544 0.062639 -0.168591 -0.306325 -0.483150 -0.635626 -0.701675 -0.819608 -0.892488 0.976067 0.955425 0.922887 0.702620 0.594978 0.506205 0.274511 0.153433 0.040301 -0.218325 -0.323339 -0.475648 -0.661739 -0.737484 -0.828775 -0.888376 
53.235531 2962050.000000 66 60 62 0.665605 0.955803 0.850096 0.991471 0.981764 0.960117 0.783594 0.610793 0.557655 0.340161 0.190980 0.065321 -0.147550 -0.394318 -0.452776 -0.596856 -0.751425 -0.853784 -0.886255 0.990610 0.978615 0.954702 0.789124 0.604982 0.542685 0.316971 0.190676 0.079663 -0.169513 -0.351823 -0.447959 -0.618503 -0.776721 -0.847450 -0.897781 
50.493591 1121056.625000 62 62 68 0.862402 0.848281 0.797482 0.991460 0.979804 0.944493 0.831860 0.606638 0.538278 0.369028 0.201387 0.090978 -0.161578 -0.322164 -0.454065 -0.658089 -0.790987 -0.865966 -0.894889 0.990883 0.979122 0.952945 0.849042 0.617526 0.576741 0.425310 0.227140 0.110178 -0.118735 -0.341294 -0.451185 -0.621103 -0.774952 -0.856159 -0.898627 
43.841228 777337.062500 68 66 72 0.844492 0.545151 0.699492 0.991977 0.969407 0.931632 0.769586 0.652359 0.537116 0.411585 0.225379 0.125282 -0.120446 -0.244449 -0.443180 -0.611642 -0.749135 -0.863994 -0.908259 0.991185 0.973918 0.922933 0.758852 0.671410 0.578186 0.413606 0.189814 0.084052 -0.157471 -0.331030 -0.478063 -0.624685 -0.767320 -0.856975 -0.888261 
40.439945 277354.281250 66 68 80 0.652563 0.735590 0.680352 0.994200 0.981631 0.912764 0.728617 0.581471 0.510119 0.401053 0.240677 0.084897 -0.145203 -0.334766 -0.433938 -0.623328 -0.780441 -0.854235 -0.919707 0.993929 0.977050 0.924938 0.795607 0.581824 0.521033 0.381028 0.200955 0.111012 -0.115148 -0.220036 -0.460739 -0.618402 -0.764530 -0.852670 -0.924172 
36.310627 118990.203125 80 80 78 0.677815 0.754007 0.758602 0.994319 0.971009 0.943597 0.839575 0.587403 0.522595 0.368305 0.219131 0.118735 -0.106469 -0.320983 -0.378574 -0.580342 -0.782438 -0.854773 -0.970485 0.993891 0.968521 0.932094 0.779772 0.590922 0.513517 0.430413 0.263199 0.113487 -0.094487 -0.291430 -0.406840 -0.551086 -0.767964 -0.865823 -0.959136 
44.483810 178684.968750 80 70 66 0.819429 0.695184 0.906348 0.990323 0.974136 0.946886 0.894285 0.771321 0.570912 0.486781 0.347694 0.170253 -0.022720 -0.340484 -0.396918 -0.577918 -0.766859 -0.876856 -0.973281 0.992989 0.974429 0.942967 0.795092 0.600508 0.531766 0.407776 0.228872 0.130218 -0.115826 -0.308443 -0.381879 -0.569925 -0.777087 -0.869308 -0.966935 
53.818787 1148845.375000 66 62 60 0.883299 0.935504 0.884826 0.986944 0.975759 0.943777 0.874875 0.842032 0.645527 0.420278 0.249921 0.051528 -0.233319 -0.298483 -0.461648 -0.624731 -0.661954 -0.824954 -0.959758 0.989771 0.975636 0.951237 0.897713 0.835494 0.624798 0.501538 0.332873 0.158577 -0.027057 -0.317071 -0.427847 -0.625511 -0.783647 -0.898559 -0.967618 
57.860718 8229994.000000 60 62 62 0.932263 0.932040 0.927682 0.980900 0.971289 0.925686 0.812226 0.763531 0.649284 0.330990 0.267482 0.095460 -0.213589 -0.270824 -0.427033 -0.592993 -0.675565 -0.734699 -0.925613 0.983004 0.973322 0.934766 0.846712 0.802479 0.674049 0.347964 0.254725 0.066054 -0.227214 -0.290074 -0.438919 -0.605246 -0.660887 -0.747401 -0.954080 
59.185261 25512734.000000 62 64 64 0.938955 0.974374 0.983869 0.976736 0.964466 0.923462 0.732722 0.680749 0.606120 0.336777 0.286793 0.076272 -0.172826 -0.225040 -0.450676 -0.606269 -0.663134 -0.744913 -0.864966 0.978975 0.968101 0.924441 0.773910 0.706487 0.614772 0.331913 0.279195 0.081248 -0.194955 -0.261154 -0.441909 -0.614015 -0.672658 -0.747419 -0.873847 
60.237659 21992286.000000 64 64 66 0.985696 0.968165 0.974403 0.975313 0.962974 0.930067 0.721588 0.653891 0.610426 0.373391 0.292687 0.107522 -0.075270 -0.148659 -0.423857 -0.588130 -0.627417 -0.733779 -0.931669 0.975556 0.962829 0.928417 0.728333 0.657045 0.600432 0.353923 0.291367 0.098467 -0.145247 -0.183818 -0.431830 -0.594737 -0.645422 -0.736386 -0.899561 
60.582260 10291458.000000 66 66 66 0.967096 0.993516 0.959860 0.974924 0.962993 0.932327 0.757182 0.677450 0.636022 0.497414 0.329036 0.117223 0.023277 -0.122849 -0.423916 -0.572719 -0.612812 -0.804903 -0.963328 0.975260 0.963004 0.934282 0.725345 0.659875 0.622805 0.418819 0.292827 0.114344 -0.035520 -0.120490 -0.444167 -0.583512 -0.621335 -0.763157 -0.947896 
59.480827 5129792.500000 66 66 68 0.970014 0.926205 0.971078 0.976812 0.964740 0.932861 0.763903 0.727171 0.640812 0.559651 0.393695 0.132619 0.051963 -0.072193 -0.427059 -0.579675 -0.659721 -0.865451 -0.973925 0.976204 0.964506 0.928979 0.757307 0.708218 0.630428 0.539908 0.348556 0.129496 0.046597 -0.106649 -0.403781 -0.562327 -0.626498 -0.840468 -0.967736 
58.970535 3821621.750000 68 68 66 0.963081 0.959115 0.935477 0.978894 0.965933 0.937042 0.775904 0.723741 0.645110 0.590517 0.434872 0.115193 0.047685 -0.108341 -0.419966 -0.623267 -0.708509 -0.919650 -0.986992 0.977847 0.965110 0.935809 0.769962 0.730260 0.648234 0.589061 0.392667 0.110062 0.041548 -0.117804 -0.419462 -0.609782 -0.701142 -0.900065 -0.984273 
58.956638 4793678.500000 68 66 64 0.946261 0.982344 0.979727 0.979743 0.965673 0.929826 0.748829 0.712639 0.647651 0.583470 0.465023 0.132814 0.028491 -0.079908 -0.401407 -0.620188 -0.751391 -0.906598 -0.982989 0.979544 0.965482 0.935788 0.763756 0.721254 0.635441 0.585316 0.447077 0.133565 0.044665 -0.083457 -0.436999 -0.625889 -0.713809 -0.910790 -0.981857 
59.943756 8025351.000000 64 62 60 0.976200 0.939482 0.942767 0.975459 0.959236 0.927070 0.745781 0.690025 0.633875 0.536697 0.417724 0.188164 0.032973 -0.043961 -0.281746 -0.594371 -0.734101 -0.921108 -0.978970 0.978735 0.963635 0.928092 0.741951 0.702763 0.644583 0.564126 0.473158 0.185731 0.032766 -0.041980 -0.313647 -0.601558 -0.749228 -0.912041 -0.982024 
61.137657 26590808.000000 60 58 56 0.925842 0.948620 0.959741 0.969575 0.948576 0.923557 0.770012 0.650855 0.632122 0.436200 0.303991 0.146617 -0.054252 -0.096372 -0.267542 -0.601182 -0.662612 -0.845168 -0.976846 0.971632 0.953101 0.925853 0.764507 0.671324 0.644641 0.479069 0.319661 0.156590 -0.008340 -0.049862 -0.264951 -0.575062 -0.667620 -0.892696 -0.977830 
61.717930 37036988.000000 56 54 52 0.943512 0.977217 0.964986 0.972570 0.940571 0.924938 0.782337 0.649107 0.597313 0.387289 0.278277 0.145217 -0.095142 -0.150499 -0.332461 -0.618080 -0.673089 -0.718903 -0.961312 0.969484 0.944279 0.922639 0.768747 0.634900 0.609656 0.400332 0.293982 0.156874 -0.077323 -0.137904 -0.299597 -0.629526 -0.664591 -0.768058 -0.973951 
59.726299 18738480.000000 52 50 46 0.963460 0.894617 0.972573 0.984697 0.947815 0.916529 0.805874 0.663132 0.632835 0.397901 0.300356 0.200330 -0.065516 -0.178903 -0.276902 -0.623826 -0.713114 -0.783026 -0.964167 0.980801 0.939860 0.922506 0.796398 0.659622 0.621507 0.369589 0.288484 0.164015 -0.108991 -0.172676 -0.291974 -0.624143 -0.692377 -0.727666 -0.955803 
56.247463 2642028.250000 46 46 48 0.969149 0.917814 0.789940 0.987485 0.971534 0.920917 0.827969 0.680475 0.660703 0.456415 0.316717 0.267686 -0.056421 -0.176630 -0.254179 -0.611984 -0.716026 -0.808969 -0.965484 0.984714 0.961563 0.922427 0.812738 0.681438 0.663592 0.384729 0.327908 0.244024 -0.049611 -0.169454 -0.261596 -0.608739 -0.710568 -0.777634 -0.961218 
47.349884 706194.000000 46 46 38 0.727501 0.790687 0.630257 0.989572 0.973166 0.906394 0.774971 0.670625 0.606956 0.434187 0.328670 0.137737 -0.066579 -0.146723 -0.419194 -0.654957 -0.718113 -0.866000 -0.985905 0.989462 0.977068 0.910478 0.819671 0.699123 0.638522 0.510663 0.351043 0.195105 -0.068209 -0.171648 -0.315592 -0.646724 -0.709159 -0.839693 -0.960477 
39.371830 1251265.625000 38 52 64 0.501300 0.550948 0.491852 0.979260 0.946636 0.893744 0.731492 0.675622 0.554655 0.378319 0.226257 -0.004785 -0.205763 -0.353774 -0.490643 -0.673727 -0.835285 -0.922978 -0.988933 0.982435 0.953249 0.902496 0.740288 0.676834 0.590985 0.418930 0.260355 0.047534 -0.171796 -0.318207 -0.504164 -0.673809 -0.756645 -0.889553 -0.982126 
37.733337 570489.750000 64 54 52 0.683094 0.689313 0.321991 0.985099 0.944677 0.927900 0.771017 0.670588 0.539257 0.356606 0.240622 -0.014445 -0.162119 -0.316812 -0.446878 -0.679164 -0.846490 -0.905103 -0.984105 0.978593 0.947762 0.914101 0.724419 0.648218 0.551794 0.352859 0.186485 -0.030267 -0.241254 -0.370112 -0.478040 -0.734287 -0.827597 -0.924100 -0.988214 
51.839104 1558951.000000 34 34 38 0.645080 0.572501 0.956176 0.985296 0.977107 0.914672 0.835794 0.706851 0.670793 0.499564 0.381072 0.228104 -0.075930 -0.269253 -0.299213 -0.585740 -0.727542 -0.838379 -0.980592 0.984558 0.966983 0.924689 0.868574 0.680132 0.637467 0.443904 0.354717 0.088658 -0.082857 -0.267508 -0.449206 -0.621057 -0.798055 -0.892349 -0.986702 
56.637650 8983794.000000 38 38 38 0.920450 0.977670 0.978879 0.984507 0.966448 0.930502 0.779165 0.670297 0.645816 0.397083 0.354954 0.192887 -0.159152 -0.258327 -0.321883 -0.630586 -0.715298 -0.778122 -0.922389 0.984884 0.971378 0.924933 0.821333 0.678726 0.662624 0.452651 0.377556 0.217112 -0.148607 -0.258492 -0.291741 -0.631720 -0.706418 -0.783277 -0.964825 
55.854473 14894332.000000 38 38 38 0.976971 0.961823 0.985077 0.985059 0.967334 0.933260 0.779601 0.655675 0.582353 0.274671 0.193372 0.045152 -0.100448 -0.338853 -0.403543 -0.577850 -0.710612 -0.769235 -0.855068 0.984469 0.963791 0.933408 0.782238 0.665447 0.590216 0.337152 0.254561 0.168852 -0.110265 -0.278267 -0.368038 -0.605857 -0.720676 -0.773995 -0.867969 
55.325150 14211494.000000 38 38 40 0.992177 0.988568 0.907515 0.986666 0.976270 0.934235 0.799157 0.629546 0.571025 0.313622 0.042231 -0.050081 -0.100752 -0.403577 -0.481617 -0.604957 -0.737814 -0.824882 -0.982341 0.985751 0.971321 0.931308 0.781259 0.653017 0.562639 0.303922 0.101870 -0.039683 -0.125200 -0.377048 -0.420473 -0.546262 -0.723973 -0.771907 -0.956308 
50.844437 1109333.250000 38 44 46 0.950558 0.747660 0.827194 0.990468 0.983999 0.926075 0.789262 0.669453 0.582578 0.375540 0.211759 0.009378 -0.070957 -0.365881 -0.465804 -0.600332 -0.717363 -0.838297 -0.989880 0.987794 0.981550 0.919017 0.750573 0.635594 0.569878 0.376353 0.059187 -0.020407 -0.084549 -0.384318 -0.469583 -0.589564 -0.721687 -0.810077 -0.994140 
44.649872 401650.625000 46 46 44 0.802986 0.764690 0.838466 0.990745 0.980355 0.937692 0.808388 0.665444 0.607381 0.360870 0.238513 0.011043 -0.135346 -0.364750 -0.439068 -0.595190 -0.749428 -0.851423 -0.973237 0.990885 0.984930 0.924774 0.837222 0.643535 0.547650 0.371986 0.254239 0.023651 -0.079608 -0.351823 -0.486128 -0.599924 -0.733686 -0.827683 -0.982827 
57.791031 30845352.000000 44 44 44 0.782973 0.888108 0.978539 0.979083 0.959879 0.943831 0.811346 0.633282 0.572276 0.316532 0.108825 0.002652 -0.099043 -0.377685 -0.475750 -0.559211 -0.709363 -0.805358 -0.990321 0.987767 0.976286 0.935661 0.810766 0.649048 0.585243 0.293436 0.123126 0.011291 -0.092293 -0.369155 -0.466374 -0.542090 -0.699817 -0.776388 -0.988208 
64.234718 44563828.000000 44 46 46 0.982719 0.947017 0.949713 0.972593 0.962004 0.946141 0.847261 0.629002 0.512493 0.294105 0.097723 -0.028712 -0.091466 -0.331675 -0.456237 -0.562894 -0.703604 -0.824125 -0.979453 0.971766 0.959918 0.943140 0.830495 0.623312 0.553231 0.311835 0.106442 -0.009222 -0.094382 -0.353347 -0.462777 -0.571714 -0.703183 -0.821358 -0.988826 
61.486351 35590740.000000 46 48 48 0.968941 0.992445 0.948688 0.980802 0.965861 0.946135 0.838318 0.564621 0.435996 0.307706 0.092876 0.003904 -0.096603 -0.311435 -0.420258 -0.555204 -0.730510 -0.810318 -0.978472 0.976379 0.964019 0.948229 0.834554 0.600677 0.474237 0.283957 0.077925 -0.014884 -0.085732 -0.327731 -0.416037 -0.562585 -0.732685 -0.819431 -0.982796 
58.246189 18744038.000000 48 50 50 0.965871 0.954809 0.968055 0.984811 0.969378 0.948813 0.810680 0.517716 0.396783 0.324328 0.145385 0.027309 -0.046853 -0.284093 -0.392358 -0.525382 -0.732561 -0.806331 -0.973258 0.982550 0.967106 0.948158 0.839819 0.526878 0.412033 0.353035 0.111206 0.024537 -0.070913 -0.294914 -0.392530 -0.525833 -0.719316 -0.828245 -0.980397 
54.100174 3351888.000000 50 50 52 0.976573 0.778072 0.825279 0.990598 0.978928 0.953631 0.867981 0.549006 0.362972 0.294216 0.180757 0.082699 -0.029665 -0.355118 -0.432130 -0.542542 -0.705925 -0.844758 -0.977618 0.988276 0.972510 0.952122 0.826780 0.555124 0.367481 0.289646 0.182738 0.046172 -0.068048 -0.307318 -0.401256 -0.537968 -0.723027 -0.809748 -0.974997 
42.646889 295403.093750 52 50 48 0.907698 0.537571 0.831239 0.985435 0.968410 0.933020 0.776519 0.557183 0.424072 0.382342 0.204495 0.014269 -0.052080 -0.295888 -0.385449 -0.513411 -0.698734 -0.838707 -0.977107 0.990468 0.978753 0.952347 0.820351 0.537537 0.409952 0.313862 0.204998 0.060334 -0.064568 -0.316268 -0.458809 -0.559986 -0.717975 -0.824230 -0.973513 
35.237301 125746.796875 48 48 46 0.830491 0.604027 0.745476 0.981752 0.958522 0.927504 0.799168 0.581657 0.474343 0.389913 0.303811 0.030511 -0.033865 -0.278279 -0.405898 -0.500903 -0.666418 -0.858644 -0.968012 0.985605 0.964377 0.931282 0.827836 0.558410 0.422531 0.376289 0.216906 0.014483 -0.047582 -0.297400 -0.388324 -0.501114 -0.677207 -0.853847 -0.965569 
34.666847 316897.437500 46 48 48 0.807371 0.829203 0.364971 0.978299 0.960547 0.913721 0.712478 0.649119 0.520497 0.357040 0.191838 0.009739 -0.072346 -0.421059 -0.595019 -0.710317 -0.771671 -0.859778 -0.930951 0.987102 0.962146 0.933319 0.848901 0.601242 0.485149 0.392841 0.266548 0.022411 -0.027080 -0.247816 -0.432239 -0.502844 -0.727195 -0.882522 -0.953730 
43.812004 4529824.500000 50 22 48 0.702467 0.638295 0.547357 0.960938 0.950480 0.797904 0.729870 0.646270 0.613896 0.357637 0.040799 -0.056876 -0.341924 -0.491347 -0.568772 -0.723657 -0.779815 -0.932069 -0.965028 0.961920 0.946002 0.767053 0.685010 0.644937 0.564759 0.303449 0.105086 -0.039571 -0.246229 -0.514149 -0.607438 -0.730558 -0.786245 -0.875616 -0.963035 
36.644444 2021388.125000 106 22 24 0.465462 0.450362 0.500209 0.956397 0.918704 0.774854 0.736117 0.635025 0.520971 0.153616 -0.018027 -0.246513 -0.374733 -0.444617 -0.582767 -0.725664 -0.850373 -0.955516 -0.969249 0.964210 0.951186 0.778202 0.734283 0.654319 0.582968 0.296834 0.044256 -0.127705 -0.367481 -0.449260 -0.597235 -0.727460 -0.789894 -0.934544 -0.963932 
35.110641 589735.000000 186 50 44 0.465451 0.534120 0.392824 0.986492 0.966680 0.881379 0.791949 0.699147 0.509844 0.356000 -0.004742 -0.107901 -0.317319 -0.388817 -0.524396 -0.715220 -0.798009 -0.922623 -0.973683 0.963248 0.921694 0.800048 0.767666 0.616780 0.502322 0.217223 -0.036591 -0.204406 -0.354822 -0.448827 -0.592611 -0.696845 -0.820036 -0.947457 -0.974122 
55.729179 6093951.000000 50 50 52 0.553708 0.873479 0.946418 0.986634 0.968393 0.940539 0.869647 0.805335 0.737926 0.171994 -0.010905 -0.080281 -0.219231 -0.362956 -0.432225 -0.553006 -0.751928 -0.811045 -0.980078 0.987366 0.970034 0.937324 0.888453 0.803451 0.742227 0.338268 0.025159 -0.057126 -0.183633 -0.360670 -0.439022 -0.672759 -0.781636 -0.881082 -0.969446 
55.334206 1706687.125000 50 52 54 0.937275 0.959364 0.967331 0.988566 0.974928 0.955387 0.872064 0.819178 0.721891 0.188856 -0.024027 -0.087988 -0.217821 -0.339300 -0.400413 -0.559031 -0.765076 -0.863469 -0.988533 0.987157 0.970273 0.943860 0.880218 0.805654 0.700573 0.140504 -0.013197 -0.104248 -0.223942 -0.364025 -0.408559 -0.573768 -0.748193 -0.841932 -0.993619 
53.542007 641798.125000 54 56 56 0.973496 0.979325 0.954167 0.987462 0.976198 0.962095 0.868357 0.836278 0.732287 0.277660 -0.025944 -0.090880 -0.192767 -0.318646 -0.351533 -0.600913 -0.769647 -0.855981 -0.983090 0.989138 0.976562 0.959785 0.871006 0.828012 0.719229 0.274553 -0.003227 -0.099417 -0.199600 -0.343820 -0.373418 -0.554950 -0.776514 -0.851154 -0.990038 
55.886330 892677.375000 58 58 58 0.948320 0.978019 0.975261 0.983573 0.975717 0.962311 0.878833 0.846362 0.742891 0.169962 -0.001568 -0.076140 -0.206056 -0.282718 -0.388304 -0.744935 -0.789460 -0.821675 -0.967292 0.985394 0.975807 0.963365 0.876037 0.839866 0.749417 0.254016 -0.012925 -0.074540 -0.183739 -0.296372 -0.353168 -0.604105 -0.790077 -0.865663 -0.976991 
59.123711 13862842.000000 58 60 58 0.978394 0.990176 0.808005 0.977809 0.967087 0.929984 0.863144 0.811611 0.685893 0.112179 0.004002 -0.096433 -0.248865 -0.323128 -0.386075 -0.614015 -0.792171 -0.809488 -0.972629 0.981369 0.975163 0.955386 0.874877 0.848359 0.684788 0.145073 -0.022682 -0.084462 -0.250513 -0.304158 -0.495899 -0.745916 -0.784106 -0.832595 -0.966082 
61.320770 41615260.000000 60 60 62 0.821243 0.949180 0.975839 0.964575 0.952413 0.917324 0.809702 0.767758 0.658045 0.204643 0.014780 -0.047519 -0.212599 -0.339271 -0.430660 -0.608852 -0.757150 -0.794413 -0.914082 0.967140 0.953137 0.922120 0.822612 0.794925 0.689790 0.179600 0.008182 -0.057005 -0.227092 -0.334788 -0.405944 -0.576716 -0.756221 -0.791735 -0.911743 
59.362392 51336548.000000 62 62 62 0.970542 0.958099 0.916447 0.966183 0.952920 0.896694 0.772544 0.713996 0.622477 0.234300 0.049754 -0.015226 -0.195872 -0.317082 -0.412085 -0.596092 -0.752497 -0.794879 -0.854710 0.965649 0.952571 0.904971 0.783270 0.741834 0.640279 0.225972 0.025862 -0.029342 -0.185727 -0.334947 -0.421350 -0.602026 -0.753462 -0.800622 -0.865855 
59.619957 76664000.000000 64 62 62 0.933569 0.948409 0.906771 0.965990 0.951695 0.906359 0.721660 0.673939 0.591913 0.239818 0.105356 0.029492 -0.185556 -0.297175 -0.398066 -0.609361 -0.750120 -0.794868 -0.849160 0.966484 0.951638 0.903536 0.740804 0.688764 0.615952 0.223834 0.089169 0.002389 -0.192126 -0.305256 -0.393673 -0.599663 -0.744824 -0.790533 -0.863786 
60.396652 80686928.000000 64 64 64 0.941938 0.949656 0.957443 0.965839 0.951517 0.908254 0.712083 0.631415 0.577703 0.274843 0.165256 0.034845 -0.135956 -0.283507 -0.368304 -0.605625 -0.742013 -0.797362 -0.834139 0.965122 0.951125 0.902909 0.708432 0.641984 0.579281 0.263415 0.129029 0.035396 -0.179167 -0.297986 -0.392894 -0.617473 -0.753045 -0.798126 -0.853811 
56.588551 7434980.500000 64 62 60 0.946642 0.912015 0.824540 0.984847 0.964628 0.934913 0.780500 0.639759 0.537885 0.362253 0.249208 0.137720 -0.092012 -0.257715 -0.361604 -0.593045 -0.710793 -0.794650 -0.865350 0.972967 0.953980 0.922188 0.732649 0.622781 0.544152 0.314556 0.196290 0.086853 -0.117719 -0.245220 -0.383672 -0.592997 -0.765295 -0.800247 -0.884905 
47.310375 766224.625000 58 62 62 0.807709 0.818107 0.777044 0.980480 0.949373 0.921072 0.824907 0.670493 0.584905 0.412906 0.171264 0.044129 -0.094613 -0.270300 -0.401301 -0.614482 -0.745127 -0.790799 -0.903142 0.988067 0.969085 0.928547 0.824272 0.705229 0.542737 0.339223 0.202181 0.069870 -0.075765 -0.283596 -0.408621 -0.564542 -0.745262 -0.820597 -0.924868 
38.917801 340208.531250 62 62 62 0.774379 0.684658 0.746427 0.976511 0.939934 0.910984 0.764563 0.646034 0.587849 0.442157 0.220033 0.053026 -0.129673 -0.282687 -0.396510 -0.596342 -0.760482 -0.797844 -0.914445 0.966316 0.945982 0.916414 0.784565 0.640896 0.583531 0.452118 0.190670 0.048539 -0.119846 -0.292978 -0.423446 -0.622415 -0.758517 -0.795458 -0.914644 
36.910801 152166.812500 62 64 62 0.704882 0.875258 0.843382 0.954776 0.935537 0.898328 0.772614 0.671218 0.602294 0.430602 0.268614 0.083320 -0.130035 -0.294124 -0.356669 -0.643223 -0.764199 -0.858097 -0.938516 0.965301 0.944972 0.912498 0.770044 0.666418 0.596835 0.464829 0.267202 0.021331 -0.128048 -0.284012 -0.373277 -0.568439 -0.756254 -0.816232 -0.953822 
33.660805 65144.769531 62 62 80 0.844198 0.757650 0.527630 0.958684 0.935984 0.903724 0.819548 0.656943 0.573128 0.375612 0.212290 0.063138 -0.059208 -0.266898 -0.417556 -0.635683 -0.764914 -0.847759 -0.956292 0.954001 0.937696 0.904125 0.831384 0.668807 0.599908 0.382954 0.224266 0.088030 -0.070103 -0.293555 -0.360907 -0.611889 -0.751550 -0.865501 -0.958241 
27.871887 25386.257812 142 64 62 0.714558 0.746852 0.585347 0.977546 0.942002 0.890877 0.750720 0.700993 0.579345 0.512620 0.282871 0.088625 -0.090936 -0.312292 -0.443882 -0.691368 -0.773996 -0.863748 -0.972790 0.963430 0.940079 0.901125 0.772635 0.674583 0.568597 0.476424 0.246908 0.070524 -0.044102 -0.275059 -0.454847 -0.668832 -0.767460 -0.863557 -0.973090 
23.385086 17622.175781 62 124 126 0.590802 0.503608 0.501234 0.981493 0.954735 0.828704 0.738554 0.674320 0.592545 0.461268 0.167234 0.009404 -0.171444 -0.334520 -0.479983 -0.722740 -0.795366 -0.902798 -0.965427 0.978063 0.951107 0.878870 0.750936 0.711954 0.587642 0.508455 0.271846 0.038009 -0.128648 -0.356619 -0.471045 -0.706521 -0.793738 -0.904651 -0.958092 
38.998020 6870984.500000 62 66 66 0.542267 0.504349 0.478775 0.972864 0.924106 0.741705 0.681016 0.412888 0.307549 0.114198 -0.040865 -0.264611 -0.376904 -0.537489 -0.689586 -0.741901 -0.851438 -0.915483 -0.965876 0.973110 0.929667 0.757192 0.697500 0.577171 0.313509 0.214022 0.008470 -0.116679 -0.283949 -0.446601 -0.623037 -0.710770 -0.795805 -0.883970 -0.955219 
47.114182 6052078.000000 64 44 54 0.442707 0.260409 0.756177 0.989601 0.979264 0.953458 0.758322 0.523751 0.366421 0.233650 0.099647 0.003816 -0.301497 -0.416425 -0.553345 -0.686537 -0.798651 -0.901089 -0.959163 0.984124 0.922204 0.767581 0.637394 0.399997 0.257643 0.070445 -0.032403 -0.324781 -0.369554 -0.615085 -0.695623 -0.751720 -0.849398 -0.912627 -0.961877 
56.417725 12709133.000000 52 64 68 0.741665 0.905164 0.930618 0.984161 0.977938 0.959460 0.770328 0.519485 0.393988 0.238931 0.120382 0.051430 -0.237201 -0.369671 -0.467233 -0.625036 -0.720454 -0.779036 -0.953993 0.986400 0.977526 0.960942 0.739909 0.532482 0.381594 0.250719 0.105860 0.026801 -0.267390 -0.399802 -0.507253 -0.650960 -0.739745 -0.831368 -0.950892 
55.515289 8080479.500000 68 74 76 0.910790 0.919982 0.966013 0.986357 0.975998 0.960613 0.830718 0.528438 0.387299 0.219951 0.156390 0.026631 -0.253792 -0.358218 -0.468635 -0.649782 -0.739784 -0.785640 -0.931128 0.985416 0.977115 0.956190 0.776448 0.511768 0.393290 0.215703 0.138622 0.041595 -0.246174 -0.369714 -0.467021 -0.652808 -0.732160 -0.805887 -0.948256 
54.664635 5989174.000000 76 78 78 0.969930 0.988987 0.992077 0.984163 0.972526 0.961387 0.816826 0.558050 0.413660 0.244804 0.176387 0.028016 -0.225242 -0.351260 -0.449012 -0.643487 -0.737307 -0.782677 -0.915284 0.985163 0.973789 0.961205 0.818187 0.544782 0.407332 0.229178 0.170453 0.029940 -0.242042 -0.357840 -0.473425 -0.649992 -0.733807 -0.785286 -0.906937 
54.710861 4034268.750000 78 78 80 0.993137 0.982866 0.976947 0.985717 0.973863 0.964084 0.829047 0.570047 0.441810 0.255409 0.189598 0.037096 -0.216664 -0.339946 -0.448167 -0.646580 -0.723838 -0.765630 -0.889099 0.985169 0.972879 0.962917 0.823905 0.566195 0.430566 0.246897 0.181467 0.030515 -0.225763 -0.348530 -0.454714 -0.647658 -0.737518 -0.781128 -0.923281 
52.903770 2244534.250000 80 80 80 0.976719 0.981666 0.954847 0.987099 0.977120 0.966076 0.808822 0.564256 0.457567 0.244072 0.179842 0.055412 -0.216494 -0.359694 -0.455373 -0.593575 -0.678254 -0.763563 -0.909495 0.985842 0.974569 0.965513 0.804061 0.558603 0.448252 0.249189 0.183231 0.042625 -0.231116 -0.348275 -0.447415 -0.627246 -0.715938 -0.766094 -0.912704 
47.869980 1092523.625000 80 82 90 0.958903 0.782748 0.697113 0.990875 0.983519 0.959008 0.725708 0.512607 0.407983 0.207339 0.127740 -0.193452 -0.268779 -0.405533 -0.541151 -0.660813 -0.755989 -0.881264 -0.957758 0.988989 0.981656 0.965723 0.798900 0.560331 0.427209 0.225561 0.178517 -0.015367 -0.257323 -0.383669 -0.503350 -0.587996 -0.674877 -0.842804 -0.948018 
38.014725 54325.808594 90 80 82 0.683527 0.736293 0.792080 0.992694 0.983754 0.965058 0.829523 0.530570 0.467262 0.277964 0.193383 -0.031515 -0.289079 -0.377915 -0.524802 -0.623778 -0.732121 -0.847206 -0.963775 0.992593 0.983731 0.965290 0.841731 0.533311 0.480440 0.282190 0.187601 -0.042699 -0.270677 -0.373284 -0.519283 -0.661551 -0.756528 -0.854835 -0.963530 
35.038574 1015198.687500 82 84 82 0.809228 0.649101 0.422260 0.987636 0.974070 0.902932 0.746057 0.419042 0.286923 0.146928 -0.050797 -0.205964 -0.294609 -0.459259 -0.572947 -0.674462 -0.765167 -0.903258 -0.975921 0.990999 0.982902 0.963255 0.871359 0.558601 0.486111 0.252561 0.198603 0.088665 -0.289663 -0.363218 -0.482279 -0.625875 -0.722394 -0.904339 -0.965771 
47.114937 1427950.250000 70 70 70 0.408222 0.484930 0.909049 0.986746 0.982177 0.968693 0.849508 0.443572 0.297548 0.162711 0.121579 -0.174019 -0.364717 -0.426497 -0.591913 -0.642660 -0.754521 -0.853742 -0.965644 0.987106 0.976946 0.925263 0.744588 0.405080 0.268021 0.107765 -0.110841 -0.265424 -0.360734 -0.500632 -0.597334 -0.675433 -0.771452 -0.874217 -0.973361 
49.739834 706119.437500 70 70 68 0.959020 0.884297 0.917017 0.990354 0.981011 0.968424 0.853746 0.466433 0.389146 0.221741 0.134568 0.058163 -0.203514 -0.338741 -0.465469 -0.612453 -0.695171 -0.805778 -0.966966 0.987336 0.981025 0.970243 0.842884 0.471970 0.383040 0.243012 0.154059 0.083563 -0.223203 -0.380524 -0.513628 -0.632284 -0.708164 -0.837084 -0.957722 
42.718063 153974.296875 68 68 70 0.922676 0.620057 0.909714 0.994661 0.985915 0.968492 0.859257 0.460338 0.381122 0.224482 0.126332 0.025568 -0.220658 -0.347432 -0.448804 -0.593330 -0.689915 -0.821805 -0.944796 0.993627 0.981829 0.966353 0.895961 0.440274 0.379104 0.227766 0.143208 0.045985 -0.219830 -0.348146 -0.461329 -0.605515 -0.693616 -0.817434 -0.953716 
37.260708 57428.804688 70 76 80 0.902989 0.815192 0.588404 0.994390 0.987325 0.958705 0.718731 0.417052 0.360377 0.258276 0.140516 0.081135 -0.067798 -0.317553 -0.410423 -0.591083 -0.656747 -0.870267 -0.962041 0.995167 0.987643 0.969322 0.789356 0.428067 0.331853 0.189225 0.117749 0.057867 -0.129922 -0.327515 -0.414278 -0.579655 -0.681390 -0.860680 -0.942385 
26.124918 17164.445312 76 200 72 0.641302 0.537739 0.618250 0.993156 0.979826 0.920053 0.793893 0.443612 0.392396 0.308863 0.149599 0.080655 -0.202740 -0.339848 -0.485046 -0.640754 -0.759546 -0.885889 -0.974142 0.993103 0.978221 0.933502 0.736702 0.423963 0.395105 0.282355 0.138389 0.107801 -0.089841 -0.345066 -0.472651 -0.629867 -0.759514 -0.912442 -0.977730 
20.039974 9491.553711 62 140 72 0.667213 0.722950 0.473718 0.990714 0.978069 0.918589 0.766446 0.539115 0.407740 0.300614 0.105681 0.032660 -0.171656 -0.343469 -0.534504 -0.652144 -0.781886 -0.919957 -0.971274 0.992703 0.979941 0.902119 0.753710 0.459302 0.389356 0.269253 0.126186 0.062263 -0.185836 -0.322155 -0.505048 -0.649532 -0.793129 -0.903513 -0.967950 
18.301891 6842.856934 128 130 134 0.615595 0.564068 0.557308 0.988377 0.977674 0.926933 0.789515 0.559775 0.397158 0.305389 0.155293 0.010835 -0.181279 -0.375784 -0.523731 -0.681891 -0.808736 -0.905580 -0.978341 0.987005 0.972645 0.912455 0.766007 0.554799 0.384485 0.297682 0.131684 0.048787 -0.204972 -0.371203 -0.545511 -0.663545 -0.785234 -0.905498 -0.968852 
15.001652 5453.569824 134 40 42 0.586828 0.410176 0.592280 0.984019 0.965836 0.905307 0.798467 0.551983 0.383146 0.299743 0.187014 0.055858 -0.249142 -0.377834 -0.550147 -0.707890 -0.790384 -0.923937 -0.965943 0.984673 0.967397 0.916918 0.793125 0.568151 0.399107 0.294921 0.146640 0.025654 -0.219544 -0.340500 -0.513433 -0.670672 -0.789216 -0.916095 -0.974553 
15.723505 6494.733398 128 130 130 0.519518 0.514265 0.519186 0.985223 0.972978 0.909068 0.778088 0.608525 0.343802 0.291515 0.150546 0.004218 -0.251624 -0.409031 -0.518553 -0.689374 -0.807491 -0.907227 -0.973237 0.988889 0.970028 0.896545 0.766155 0.554273 0.371765 0.298868 0.159060 -0.002420 -0.218896 -0.380839 -0.522599 -0.729336 -0.823599 -0.906531 -0.984159 
15.084466 8878.150391 130 92 82 0.486572 0.386743 0.411406 0.981865 0.964456 0.887567 0.765924 0.531930 0.337126 0.261151 0.112182 0.005513 -0.245708 -0.370915 -0.484325 -0.722315 -0.795325 -0.899011 -0.945382 0.985068 0.964382 0.915438 0.771808 0.579218 0.321183 0.267486 0.085642 -0.047215 -0.239114 -0.358827 -0.496082 -0.681149 -0.819903 -0.907173 -0.965951 
17.789398 18637.328125 34 94 34 0.539694 0.527274 0.477348 0.984676 0.964059 0.882559 0.734577 0.506449 0.328912 0.219167 0.071621 -0.118692 -0.328990 -0.398385 -0.466960 -0.718788 -0.789637 -0.871324 -0.960582 0.987459 0.967481 0.891077 0.764477 0.536691 0.313529 0.250273 0.068866 -0.063013 -0.278851 -0.387097 -0.429507 -0.663850 -0.767240 -0.853966 -0.945118 
24.085670 35253.382812 86 86 84 0.470393 0.488504 0.540363 0.983934 0.964950 0.873093 0.725944 0.315752 0.229627 0.176773 0.062432 0.001765 -0.166859 -0.410589 -0.442181 -0.680087 -0.796196 -0.838941 -0.953968 0.979599 0.955159 0.882573 0.720634 0.524954 0.265357 0.190476 0.060441 -0.085317 -0.322549 -0.425924 -0.492232 -0.660656 -0.811116 -0.868593 -0.949148 
26.958353 51974.015625 44 48 54 0.369460 0.586720 0.722470 0.993694 0.982786 0.922614 0.811143 0.601211 0.300109 0.197455 0.063217 -0.000509 -0.156058 -0.416309 -0.437469 -0.680897 -0.786255 -0.860705 -0.964805 0.986959 0.965410 0.894041 0.739807 0.326286 0.265631 0.183323 0.085059 0.010310 -0.198321 -0.414851 -0.441212 -0.715997 -0.787200 -0.840991 -0.955291 
53.420578 11218541.000000 62 58 60 0.823039 0.946421 0.991412 0.992155 0.979801 0.969378 0.798233 0.338833 0.258735 0.169847 0.114089 -0.017982 -0.178599 -0.407197 -0.459036 -0.712135 -0.773048 -0.905975 -0.954086 0.993041 0.982187 0.970523 0.898107 0.341468 0.277431 0.163043 0.104592 -0.028255 -0.144457 -0.379936 -0.442563 -0.629287 -0.770890 -0.874780 -0.963700 
55.641232 13036343.000000 60 60 62 0.992077 0.985726 0.982806 0.991138 0.979708 0.965174 0.752641 0.366621 0.247080 0.168659 0.110726 0.051617 -0.163812 -0.366912 -0.477786 -0.646262 -0.760354 -0.889423 -0.949768 0.991010 0.979319 0.966962 0.765877 0.359733 0.248057 0.177708 0.105131 0.031417 -0.176644 -0.379866 -0.472224 -0.713563 -0.764512 -0.900632 -0.955486 
55.810665 16329699.000000 62 62 62 0.972935 0.987896 0.987675 0.992444 0.981254 0.959540 0.717644 0.341796 0.231917 0.158673 0.112956 0.032166 -0.206629 -0.401148 -0.546622 -0.629882 -0.751010 -0.893356 -0.951913 0.991999 0.980848 0.963636 0.734951 0.347769 0.235929 0.161240 0.111884 0.039708 -0.189027 -0.374099 -0.517000 -0.623528 -0.757295 -0.891612 -0.951200 
55.101440 19041428.000000 62 62 62 0.992526 0.986533 0.967999 0.992395 0.981756 0.960844 0.651779 0.340641 0.257028 0.183267 0.084077 0.023317 -0.186828 -0.408578 -0.557347 -0.622123 -0.805875 -0.890365 -0.954404 0.992504 0.981124 0.960346 0.690278 0.338182 0.235159 0.159901 0.100781 0.027126 -0.205752 -0.414183 -0.552983 -0.626759 -0.773031 -0.885088 -0.942493 
54.380569 10923306.000000 62 62 62 0.966191 0.979752 0.950107 0.991406 0.981456 0.965294 0.724938 0.413183 0.301448 0.231971 0.104308 0.041840 -0.133246 -0.400062 -0.538386 -0.640382 -0.779798 -0.892367 -0.947401 0.991922 0.981410 0.960781 0.680463 0.358649 0.272027 0.216611 0.099151 0.026714 -0.199037 -0.410134 -0.558348 -0.632361 -0.787149 -0.892988 -0.964952 
51.087189 21038902.000000 64 66 70 0.939401 0.777979 0.604596 0.986914 0.980407 0.923165 0.556614 0.418920 0.317947 0.146078 -0.019144 -0.212559 -0.385985 -0.547674 -0.666640 -0.792742 -0.856959 -0.945313 -0.986937 0.990572 0.980451 0.970078 0.741294 0.392080 0.339022 0.209967 0.068231 -0.013252 -0.294281 -0.477863 -0.611564 -0.701459 -0.819526 -0.912563 -0.976264 
47.799835 22443850.000000 68 60 68 0.587114 0.434845 0.686720 0.990748 0.966163 0.763269 0.596940 0.438336 0.309247 0.116479 -0.106732 -0.253296 -0.421677 -0.611398 -0.689437 -0.803754 -0.886711 -0.953997 -0.986283 0.984534 0.969894 0.758939 0.553485 0.399733 0.291900 0.083181 -0.104315 -0.261390 -0.468617 -0.592882 -0.700323 -0.797280 -0.881058 -0.939711 -0.982562 
46.636986 9748650.000000 62 60 60 0.708167 0.772521 0.403608 0.990780 0.976093 0.772056 0.595623 0.532596 0.218564 0.092863 -0.139938 -0.312678 -0.436570 -0.563184 -0.751654 -0.803486 -0.897607 -0.954912 -0.982915 0.993130 0.980998 0.842315 0.616330 0.465988 0.259373 0.117242 -0.084746 -0.270173 -0.427446 -0.608488 -0.732622 -0.793851 -0.891728 -0.959005 -0.982707 
47.238625 9377854.000000 126 62 60 0.600694 0.534903 0.843891 0.992871 0.982852 0.808288 0.598754 0.517383 0.316122 0.134079 -0.163890 -0.309281 -0.519008 -0.616761 -0.751858 -0.835303 -0.890054 -0.945061 -0.968975 0.987041 0.971447 0.804549 0.582344 0.524397 0.261550 0.097594 -0.133808 -0.311739 -0.471835 -0.617448 -0.737546 -0.843587 -0.886936 -0.937377 -0.977179 
46.016556 5503225.500000 64 66 64 0.750340 0.775320 0.635639 0.994369 0.983415 0.749888 0.638261 0.430658 0.201930 0.050860 -0.220983 -0.360730 -0.537934 -0.627932 -0.730447 -0.802952 -0.885439 -0.952903 -0.982271 0.993674 0.983927 0.767618 0.613232 0.504232 0.232203 0.071210 -0.175794 -0.340634 -0.530691 -0.616293 -0.733454 -0.824186 -0.899501 -0.933373 -0.982275 
45.942848 4929634.500000 66 56 24 0.612356 0.651549 0.531083 0.985540 0.948403 0.735420 0.637167 0.542020 0.135830 -0.012507 -0.261689 -0.392008 -0.477763 -0.616724 -0.720087 -0.819786 -0.916552 -0.961881 -0.992993 0.992853 0.975816 0.722783 0.633403 0.461511 0.160423 0.020554 -0.289193 -0.386880 -0.493782 -0.606465 -0.738148 -0.810599 -0.873018 -0.948154 -0.981387 
47.692467 3679084.250000 60 56 54 0.411320 0.367457 0.584119 0.976235 0.931310 0.720955 0.634418 0.491026 0.138452 -0.067267 -0.298142 -0.418267 -0.548542 -0.639931 -0.741247 -0.819984 -0.893272 -0.951814 -0.996987 0.969449 0.943403 0.731611 0.644777 0.459593 0.150810 -0.040102 -0.254378 -0.412232 -0.536417 -0.620820 -0.755377 -0.814047 -0.893475 -0.964869 -0.996368 
46.640961 3447532.250000 54 62 46 0.627620 0.401978 0.457706 0.979263 0.949407 0.745062 0.655257 0.494933 0.190414 -0.060930 -0.242368 -0.409854 -0.529766 -0.643251 -0.724270 -0.819936 -0.915388 -0.963335 -0.990504 0.983698 0.943676 0.724579 0.644810 0.548062 0.145303 -0.076737 -0.248393 -0.379754 -0.539984 -0.646120 -0.773033 -0.832583 -0.905452 -0.960415 -0.993552 
47.343563 14688317.000000 48 24 92 0.647848 0.425137 0.459996 0.963342 0.943374 0.773297 0.690955 0.455492 0.325563 0.252500 0.050227 -0.243001 -0.411818 -0.513296 -0.681405 -0.816512 -0.928941 -0.972222 -0.988425 0.967020 0.941256 0.774585 0.687465 0.496998 0.328570 0.273747 0.029097 -0.316479 -0.454920 -0.572380 -0.743160 -0.819377 -0.899487 -0.974376 -0.992678 
33.194534 728830.312500 176 86 88 0.492978 0.662526 0.586966 0.975598 0.944890 0.786333 0.700315 0.495399 0.328463 0.127208 -0.128348 -0.226779 -0.392954 -0.517649 -0.671043 -0.780647 -0.883487 -0.960477 -0.989885 0.966827 0.932575 0.761809 0.690209 0.492935 0.267051 0.117791 -0.045574 -0.164171 -0.364725 -0.547957 -0.661311 -0.817752 -0.882361 -0.953226 -0.988675 
28.696129 238432.234375 88 88 228 0.517623 0.489234 0.419562 0.982661 0.959834 0.774059 0.662856 0.536867 0.358530 0.242676 -0.006724 -0.295899 -0.458763 -0.559794 -0.737992 -0.806644 -0.883937 -0.969690 -0.986407 0.982213 0.951759 0.771386 0.665451 0.507830 0.346469 0.187373 -0.071475 -0.267485 -0.427468 -0.543576 -0.709110 -0.805655 -0.874620 -0.951388 -0.994003 
46.613823 654082.437500 52 50 58 0.311571 0.708807 0.957508 0.991758 0.982811 0.955408 0.933245 0.796532 0.502540 0.291373 -0.088035 -0.194934 -0.404908 -0.596915 -0.691710 -0.751341 -0.853448 -0.959861 -0.984555 0.991148 0.979775 0.961494 0.872271 0.612350 0.461873 0.315264 0.114860 -0.248609 -0.414034 -0.551353 -0.715182 -0.815219 -0.929431 -0.972183 -0.992355 
51.583290 3539804.000000 58 60 60 0.955245 0.983873 0.852008 0.988211 0.976792 0.944338 0.866564 0.768356 0.479403 0.273836 0.039690 -0.167292 -0.210952 -0.312065 -0.481863 -0.724309 -0.788881 -0.953341 -0.992621 0.991309 0.980874 0.961193 0.928469 0.828338 0.539559 0.141058 -0.135706 -0.199525 -0.269456 -0.534947 -0.697803 -0.730500 -0.843804 -0.953031 -0.989415 
58.035011 8994546.000000 60 62 64 0.818756 0.932539 0.947902 0.982410 0.973945 0.937661 0.869676 0.823616 0.639791 0.042945 -0.053742 -0.139373 -0.208427 -0.313822 -0.458857 -0.588056 -0.649742 -0.930072 -0.985181 0.982072 0.973931 0.924790 0.869091 0.806761 0.490678 0.235827 -0.043987 -0.140705 -0.208947 -0.304397 -0.459208 -0.544252 -0.732236 -0.934646 -0.992023 
58.828888 9258729.000000 64 64 64 0.960210 0.967326 0.973298 0.982739 0.975604 0.935110 0.832362 0.806047 0.640553 0.101094 0.029588 -0.059531 -0.173765 -0.268950 -0.418443 -0.617613 -0.645971 -0.879128 -0.987742 0.982815 0.974582 0.940445 0.844418 0.808493 0.647530 0.079029 -0.000068 -0.114504 -0.189793 -0.272341 -0.419088 -0.616694 -0.653147 -0.871392 -0.983557 
58.628479 5779605.500000 64 64 64 0.979293 0.988129 0.985607 0.983860 0.978125 0.950433 0.827042 0.772422 0.600987 0.168826 0.105314 -0.005778 -0.168350 -0.293637 -0.395418 -0.614374 -0.653832 -0.915664 -0.986761 0.983396 0.977169 0.943535 0.830792 0.784678 0.614204 0.160259 0.067237 -0.024045 -0.149693 -0.270825 -0.401478 -0.616907 -0.645947 -0.905963 -0.985915 
58.524582 3620609.500000 64 64 64 0.982259 0.992007 0.992835 0.984290 0.978899 0.956294 0.841635 0.774089 0.603090 0.177721 0.118427 0.021980 -0.210850 -0.339386 -0.403119 -0.603686 -0.642444 -0.838026 -0.980235 0.984276 0.978693 0.955966 0.833344 0.778958 0.596809 0.190003 0.119239 0.027237 -0.176326 -0.320272 -0.393495 -0.606024 -0.646872 -0.853157 -0.978616 
57.709709 2534537.000000 64 64 64 0.993105 0.993557 0.995156 0.985576 0.979153 0.960487 0.828991 0.769464 0.642058 0.215897 0.132729 0.032832 -0.195785 -0.367474 -0.422842 -0.564668 -0.621229 -0.834744 -0.977019 0.984826 0.979065 0.957587 0.838127 0.771312 0.621539 0.192490 0.130411 0.023004 -0.207437 -0.358118 -0.421767 -0.594104 -0.639447 -0.845713 -0.980966 
57.424335 3155987.750000 64 64 64 0.995903 0.998022 0.992065 0.985788 0.979279 0.959847 0.809919 0.762647 0.664269 0.224343 0.143141 0.050120 -0.248273 -0.406325 -0.460924 -0.562737 -0.618898 -0.917084 -0.970342 0.985675 0.979244 0.958966 0.821902 0.769617 0.658332 0.215031 0.135901 0.030573 -0.226520 -0.387987 -0.437684 -0.563165 -0.615908 -0.900984 -0.969368 
56.722168 2440267.750000 64 64 66 0.992906 0.976907 0.975325 0.986729 0.979803 0.962577 0.798097 0.756038 0.651732 0.240328 0.146405 0.083776 -0.259415 -0.431536 -0.461896 -0.537970 -0.610118 -0.915450 -0.973444 0.986416 0.979622 0.961286 0.796519 0.758255 0.653969 0.227871 0.146813 0.062579 -0.249533 -0.422437 -0.465716 -0.548171 -0.627896 -0.929412 -0.977246 
51.526459 356383.687500 66 70 72 0.973200 0.805910 0.855300 0.991287 0.980689 0.954979 0.840993 0.763208 0.669668 0.274527 0.148227 0.073126 -0.327272 -0.429349 -0.485070 -0.565295 -0.761854 -0.902283 -0.971935 0.987449 0.980223 0.960580 0.813185 0.754316 0.649903 0.195505 0.147505 0.024116 -0.342950 -0.442051 -0.492244 -0.572016 -0.769790 -0.898344 -0.974806 
42.106270 61185.195312 72 74 80 0.861169 0.899708 0.759785 0.994797 0.979384 0.950765 0.878534 0.776873 0.714964 0.248705 0.145645 0.017849 -0.317890 -0.426629 -0.484784 -0.622011 -0.794536 -0.926773 -0.973922 0.994706 0.983246 0.951926 0.873120 0.791272 0.728005 0.309597 0.138615 0.036556 -0.330817 -0.414338 -0.487889 -0.573376 -0.745027 -0.923824 -0.970148 
39.171577 171098.890625 80 80 82 0.812956 0.704033 0.845177 0.995302 0.982408 0.947478 0.802283 0.756222 0.659654 0.338262 0.114125 -0.130990 -0.334635 -0.467718 -0.596580 -0.750086 -0.832663 -0.850344 -0.937624 0.992543 0.971883 0.944715 0.831227 0.767195 0.643225 0.312067 0.107499 -0.095457 -0.342498 -0.480665 -0.572610 -0.762047 -0.824702 -0.856920 -0.967376 
52.554012 1556461.750000 80 80 78 0.840215 0.843647 0.922481 0.983429 0.973051 0.957557 0.803893 0.732712 0.691887 0.358410 0.194634 0.157972 -0.174996 -0.343570 -0.374507 -0.471307 -0.753810 -0.861133 -0.956927 0.990801 0.976435 0.958112 0.799071 0.745303 0.689403 0.343598 0.195466 0.112942 -0.285289 -0.365943 -0.494702 -0.677331 -0.838729 -0.856734 -0.941164 
56.508095 2658486.000000 80 80 80 0.920975 0.897322 0.877173 0.981917 0.969814 0.950954 0.814328 0.756184 0.692815 0.323239 0.204812 0.128891 -0.184104 -0.288278 -0.335957 -0.659601 -0.788480 -0.808164 -0.929321 0.981831 0.971075 0.953714 0.820437 0.743079 0.700043 0.340213 0.190940 0.138106 -0.181961 -0.312368 -0.345816 -0.532778 -0.744470 -0.807760 -0.965724 
52.909512 1005871.125000 80 82 84 0.913230 0.892588 0.903310 0.984085 0.966399 0.945931 0.857454 0.791896 0.712534 0.319676 0.230434 0.097283 -0.153837 -0.188561 -0.444332 -0.753779 -0.817217 -0.832260 -0.885996 0.983251 0.968095 0.945137 0.831473 0.775162 0.716509 0.345720 0.218308 0.152053 -0.179686 -0.242886 -0.454823 -0.740682 -0.807654 -0.824205 -0.910175 
52.777893 401053.531250 86 88 88 0.923452 0.958543 0.885949 0.983411 0.967385 0.954159 0.892055 0.800906 0.739380 0.384604 0.252854 0.148190 -0.134859 -0.235528 -0.562216 -0.786196 -0.821628 -0.843670 -0.922013 0.983288 0.965227 0.950533 0.874780 0.791207 0.735023 0.363335 0.237809 0.127520 -0.147609 -0.192361 -0.512034 -0.766622 -0.821078 -0.842884 -0.920053 
47.304649 78382.125000 90 90 90 0.906680 0.756992 0.761920 0.991166 0.981138 0.949463 0.879732 0.784918 0.685501 0.374194 0.295930 0.167309 -0.106285 -0.305532 -0.533250 -0.769881 -0.818208 -0.840841 -0.958323 0.986313 0.971159 0.956578 0.892568 0.799979 0.730086 0.395778 0.284246 0.157850 -0.128977 -0.274095 -0.527656 -0.790966 -0.822768 -0.840639 -0.942831 
46.453445 82564.234375 90 90 90 0.773726 0.912637 0.904255 0.989833 0.984417 0.944255 0.859641 0.820616 0.741317 0.418173 0.271651 0.120947 -0.148067 -0.294706 -0.549550 -0.751200 -0.811464 -0.848882 -0.961090 0.990624 0.985475 0.944733 0.866036 0.783884 0.711165 0.433353 0.282412 0.190437 -0.069856 -0.277266 -0.572175 -0.749209 -0.816087 -0.841205 -0.963076 
44.616119 69303.359375 90 90 90 0.923345 0.939509 0.917774 0.990081 0.983566 0.928804 0.860815 0.818306 0.741261 0.522925 0.250746 0.044005 -0.180823 -0.359466 -0.523110 -0.730841 -0.797325 -0.852963 -0.963409 0.989992 0.984213 0.934200 0.861618 0.817473 0.738373 0.502737 0.279439 0.040352 -0.161513 -0.337214 -0.552919 -0.729707 -0.809016 -0.860649 -0.966158 
42.471687 42840.917969 90 88 88 0.920426 0.947223 0.909423 0.990981 0.986964 0.934579 0.851488 0.823406 0.690745 0.401939 0.201330 0.076834 -0.178124 -0.374097 -0.590127 -0.753437 -0.806841 -0.870082 -0.973076 0.990345 0.985353 0.932656 0.854145 0.821619 0.735311 0.463262 0.218406 0.074069 -0.158346 -0.329313 -0.535995 -0.752303 -0.803436 -0.889924 -0.961034 
39.885323 41456.468750 88 82 88 0.917670 0.765218 0.860416 0.990459 0.985199 0.912227 0.843255 0.763259 0.664518 0.473222 0.249218 0.088361 -0.142973 -0.346444 -0.564302 -0.690554 -0.763412 -0.897020 -0.972785 0.990857 0.986252 0.914015 0.848697 0.807547 0.725535 0.463282 0.268846 -0.009745 -0.209348 -0.341367 -0.577619 -0.720240 -0.784433 -0.880590 -0.977619 
37.055954 23882.062500 88 90 94 0.903206 0.922230 0.730965 0.990757 0.985598 0.926381 0.841961 0.763858 0.624665 0.396758 0.211354 -0.023158 -0.125782 -0.294509 -0.545438 -0.725507 -0.801180 -0.892175 -0.969390 0.990783 0.985988 0.948992 0.844891 0.765070 0.641900 0.387971 0.203415 0.008433 -0.131755 -0.340070 -0.546828 -0.726804 -0.781566 -0.881909 -0.961262 
34.208046 23611.011719 98 68 110 0.778267 0.487066 0.609815 0.993098 0.989539 0.946385 0.787809 0.710079 0.562192 0.399657 0.186554 -0.034326 -0.121279 -0.358310 -0.519209 -0.735393 -0.785427 -0.867197 -0.971936 0.992417 0.983447 0.908107 0.814430 0.732503 0.559909 0.390737 0.205645 -0.034114 -0.112029 -0.308383 -0.512776 -0.687226 -0.762765 -0.876714 -0.961536 
33.033707 24214.091797 110 110 118 0.661234 0.777913 0.489543 0.992440 0.987071 0.925671 0.771927 0.697462 0.468423 0.310167 0.102184 -0.063591 -0.109787 -0.297371 -0.537827 -0.732696 -0.770966 -0.867051 -0.964575 0.992473 0.988157 0.936993 0.791528 0.726222 0.589930 0.354567 0.151955 -0.060011 -0.132672 -0.271295 -0.571230 -0.713519 -0.774988 -0.865884 -0.965920 
20.321360 8916.239258 68 76 86 0.394921 0.589631 0.652981 0.993934 0.965199 0.915388 0.792070 0.664143 0.414860 0.363995 0.036410 -0.057725 -0.185350 -0.335699 -0.520685 -0.731549 -0.787371 -0.896615 -0.978537 0.993619 0.978499 0.910098 0.769661 0.686451 0.425565 0.325731 0.095980 -0.078701 -0.189736 -0.337347 -0.545753 -0.732277 -0.780223 -0.901718 -0.971089 
13.995533 3511.609863 86 114 90 0.690163 0.436555 0.356317 0.986743 0.966578 0.911378 0.774399 0.661057 0.514455 0.343273 0.144430 -0.080105 -0.212214 -0.411629 -0.558335 -0.737492 -0.834505 -0.920426 -0.970612 0.987575 0.956232 0.902051 0.801056 0.678575 0.457190 0.339745 0.082695 -0.054173 -0.165846 -0.351283 -0.510673 -0.717215 -0.795373 -0.924963 -0.970298 
16.417774 2164.350830 88 88 88 0.539635 0.654458 0.513905 0.986713 0.974771 0.925690 0.818166 0.688147 0.500728 0.357724 0.119983 -0.073681 -0.250716 -0.452437 -0.553634 -0.724450 -0.840955 -0.919385 -0.972571 0.988287 0.977731 0.925564 0.805475 0.678536 0.491323 0.343949 0.103858 -0.065590 -0.227738 -0.410462 -0.572659 -0.729711 -0.832357 -0.915831 -0.973379 
15.468293 2310.597412 88 84 86 0.635775 0.676690 0.666767 0.988103 0.977041 0.923600 0.846986 0.630133 0.475808 0.340321 0.189068 -0.046012 -0.237318 -0.418910 -0.616822 -0.753379 -0.843393 -0.922408 -0.984496 0.987098 0.972596 0.909906 0.820196 0.664958 0.523566 0.340991 0.151997 -0.068740 -0.213367 -0.444859 -0.625404 -0.722555 -0.820921 -0.918538 -0.977562 
13.782640 2454.892578 88 84 210 0.721338 0.535426 0.469280 0.983238 0.961697 0.916565 0.823829 0.658770 0.488310 0.311282 0.186936 -0.064093 -0.258591 -0.404960 -0.589872 -0.726162 -0.858657 -0.928443 -0.975248 0.984909 0.965844 0.927613 0.863280 0.671352 0.460519 0.340070 0.170950 -0.054080 -0.251318 -0.402716 -0.604123 -0.755880 -0.849489 -0.937873 -0.978756 
