42.709465 56767.417969 20 64 64 0.000000 0.732537 0.830561 0.994499 0.989295 0.957381 0.867642 0.832457 0.665653 0.389323 0.185923 -0.068227 -0.246444 -0.302698 -0.512080 -0.693612 -0.821666 -0.918535 -0.977389 0.994451 0.986455 0.906141 0.797380 0.659921 0.494773 0.320542 0.134166 -0.052822 -0.244706 -0.426415 -0.583238 -0.726165 -0.839681 -0.926045 -0.980432 
48.988136 210645.828125 64 64 64 0.880987 0.964789 0.957588 0.992404 0.983849 0.939355 0.871039 0.814743 0.695559 0.526348 0.131698 0.046455 -0.185906 -0.244277 -0.325753 -0.506525 -0.750771 -0.884657 -0.972947 0.993035 0.984492 0.945718 0.869091 0.830860 0.737243 0.526652 0.167643 -0.031519 -0.182687 -0.260230 -0.325564 -0.506133 -0.778764 -0.894328 -0.974926 
58.104477 16899664.000000 64 64 60 0.937040 0.491436 0.859229 0.979796 0.968433 0.913636 0.873379 0.822166 0.627488 0.287440 0.084490 -0.123457 -0.255423 -0.310441 -0.534881 -0.622392 -0.709664 -0.753145 -0.911715 0.989638 0.977178 0.929579 0.878394 0.802367 0.642861 0.384864 0.137054 -0.072975 -0.250157 -0.296507 -0.472930 -0.589194 -0.689054 -0.775531 -0.930300 
63.464069 44029580.000000 62 60 60 0.946251 0.984829 0.940472 0.975507 0.960958 0.916503 0.869411 0.822515 0.629976 0.279753 0.044083 -0.144149 -0.254918 -0.324361 -0.503512 -0.627603 -0.685916 -0.752646 -0.834680 0.977124 0.963206 0.917806 0.871524 0.827227 0.681179 0.276941 0.000506 -0.180561 -0.252405 -0.341200 -0.509545 -0.627007 -0.705224 -0.757093 -0.826730 
63.737282 28147382.000000 60 60 58 0.962177 0.930888 0.875794 0.977187 0.967622 0.920207 0.884676 0.824186 0.576348 0.279697 0.071584 -0.187564 -0.255001 -0.326390 -0.516843 -0.617344 -0.665093 -0.722250 -0.932439 0.975598 0.961575 0.919964 0.869969 0.827502 0.590920 0.288862 0.044321 -0.155390 -0.248223 -0.310529 -0.520428 -0.619938 -0.684528 -0.735809 -0.874714 
63.660236 17347266.000000 58 58 58 0.773238 0.970493 0.949553 0.978879 0.969477 0.937288 0.891996 0.838557 0.590422 0.311351 0.056003 -0.146588 -0.262466 -0.355308 -0.516951 -0.614480 -0.686779 -0.747924 -0.907029 0.978886 0.969539 0.932845 0.891206 0.834499 0.592795 0.301302 0.088378 -0.151907 -0.246415 -0.325942 -0.519681 -0.631530 -0.684809 -0.742377 -0.904331 
62.938198 16772868.000000 58 58 58 0.960129 0.858356 0.949979 0.979655 0.972248 0.932530 0.867339 0.819301 0.599638 0.265677 0.174286 -0.099555 -0.259511 -0.333193 -0.524765 -0.613369 -0.674035 -0.735956 -0.935028 0.979698 0.970745 0.933518 0.875834 0.830467 0.614265 0.291499 0.131756 -0.127281 -0.259274 -0.321976 -0.522444 -0.618802 -0.670084 -0.737849 -0.922621 
62.978844 15713364.000000 58 58 58 0.882818 0.978299 0.922711 0.979200 0.972445 0.933515 0.860900 0.801244 0.566544 0.342079 0.179831 -0.111059 -0.178366 -0.293280 -0.458968 -0.615138 -0.664278 -0.775453 -0.977441 0.978921 0.971964 0.927599 0.863798 0.816082 0.559669 0.300346 0.183419 -0.093093 -0.237954 -0.294422 -0.497778 -0.612014 -0.663904 -0.742480 -0.957256 
61.786476 9094382.000000 58 60 64 0.949981 0.946746 0.755796 0.980099 0.974584 0.922776 0.841990 0.729279 0.554624 0.405720 0.341914 0.069994 -0.086816 -0.188765 -0.442516 -0.554886 -0.653204 -0.850568 -0.982583 0.980160 0.973558 0.940653 0.859107 0.775514 0.495328 0.362191 0.265099 -0.039316 -0.130862 -0.236753 -0.401657 -0.566634 -0.635919 -0.840538 -0.976857 
53.336929 2270688.750000 62 64 64 0.840841 0.788814 0.956695 0.984013 0.975457 0.936077 0.781739 0.683636 0.605214 0.470508 0.391942 0.119795 -0.047049 -0.266451 -0.453824 -0.596207 -0.705566 -0.814293 -0.958056 0.983350 0.975903 0.916935 0.818307 0.700688 0.589558 0.443665 0.355597 0.116106 -0.056608 -0.287446 -0.478902 -0.594597 -0.716354 -0.857563 -0.974698 
57.425312 2669634.750000 64 64 64 0.958765 0.972969 0.982494 0.982552 0.977039 0.939336 0.822289 0.680401 0.615138 0.493281 0.417508 0.104715 -0.065764 -0.190069 -0.495280 -0.567893 -0.644601 -0.856597 -0.967927 0.982757 0.975450 0.939560 0.805795 0.687915 0.629570 0.467448 0.424115 0.153526 -0.031111 -0.233744 -0.465627 -0.586615 -0.694055 -0.853880 -0.970658 
58.373489 5265084.500000 64 64 64 0.983088 0.985977 0.940573 0.982843 0.976766 0.932545 0.786357 0.666959 0.603889 0.462475 0.375758 0.038221 -0.078353 -0.158547 -0.441164 -0.592056 -0.636957 -0.764906 -0.961047 0.982428 0.976576 0.935747 0.792591 0.675242 0.619273 0.464445 0.378724 0.066202 -0.094656 -0.197211 -0.465622 -0.569249 -0.608698 -0.797856 -0.963695 
56.014267 2520363.000000 64 66 68 0.948463 0.942587 0.916630 0.985303 0.974125 0.947057 0.792908 0.658868 0.615222 0.474984 0.392443 0.009643 -0.116047 -0.195274 -0.487536 -0.617835 -0.659614 -0.752486 -0.968798 0.983827 0.977006 0.942076 0.809402 0.653265 0.610862 0.467776 0.380588 -0.008852 -0.091399 -0.196494 -0.520413 -0.621453 -0.655258 -0.753784 -0.958301 
47.835995 6320246.500000 68 72 64 0.906768 0.655271 0.667268 0.987292 0.974110 0.894954 0.704829 0.621339 0.421250 0.278838 0.184603 -0.115272 -0.234968 -0.399601 -0.568140 -0.682994 -0.821158 -0.940219 -0.982144 0.987730 0.972015 0.947480 0.791161 0.640645 0.548141 0.386471 0.324255 -0.010773 -0.148500 -0.258960 -0.521136 -0.645688 -0.732201 -0.873353 -0.972370 
42.838982 15971384.000000 64 58 72 0.506792 0.266332 0.347867 0.976156 0.932633 0.799749 0.674968 0.540524 0.290123 0.186583 -0.015098 -0.187009 -0.322876 -0.439155 -0.586010 -0.716085 -0.825174 -0.914511 -0.989130 0.987792 0.960489 0.817793 0.689644 0.557261 0.311166 0.226672 0.070427 -0.155315 -0.276267 -0.457244 -0.564903 -0.698186 -0.804995 -0.914649 -0.979116 
51.111164 34401344.000000 122 80 68 0.441754 0.457035 0.616538 0.982172 0.922059 0.814170 0.653004 0.500783 0.199643 -0.052051 -0.211816 -0.364911 -0.432024 -0.539998 -0.678998 -0.745561 -0.834779 -0.937901 -0.985403 0.977804 0.929310 0.791059 0.648435 0.522755 0.260727 0.095299 -0.123136 -0.260007 -0.377584 -0.448175 -0.624849 -0.727616 -0.827926 -0.932568 -0.984908 
52.294811 18413908.000000 150 148 148 0.438951 0.699371 0.748427 0.977368 0.931219 0.831237 0.699469 0.526826 0.283713 -0.025372 -0.208242 -0.415804 -0.508853 -0.649092 -0.732577 -0.797312 -0.874817 -0.944974 -0.991338 0.981859 0.933336 0.830231 0.686915 0.519889 0.257137 -0.098380 -0.260796 -0.400916 -0.454176 -0.592605 -0.699169 -0.765782 -0.846989 -0.938734 -0.986232 
51.989868 10592913.000000 58 58 58 0.652555 0.714680 0.527172 0.973201 0.920358 0.787164 0.666678 0.514143 0.254719 0.002470 -0.286377 -0.393401 -0.550697 -0.659212 -0.749263 -0.812312 -0.902027 -0.971082 -0.994089 0.972420 0.927905 0.798391 0.672746 0.525362 0.238186 -0.017170 -0.226752 -0.423969 -0.549495 -0.668830 -0.731587 -0.802837 -0.906298 -0.964333 -0.992463 
54.866276 5395406.000000 60 148 118 0.598330 0.675198 0.624948 0.973322 0.920544 0.767833 0.678808 0.534768 0.269025 0.045161 -0.221318 -0.414976 -0.554599 -0.655438 -0.749542 -0.837884 -0.922530 -0.989965 -0.997356 0.973257 0.921288 0.778292 0.677275 0.518190 0.266723 0.034980 -0.276990 -0.405396 -0.554715 -0.649669 -0.766734 -0.828212 -0.898422 -0.984884 -0.996544 
53.662914 4963303.000000 148 148 150 0.487856 0.544434 0.708225 0.974518 0.949170 0.723315 0.642929 0.520343 0.290160 -0.038124 -0.185538 -0.397274 -0.485928 -0.685451 -0.771929 -0.853203 -0.921661 -0.981500 -0.988797 0.975469 0.929241 0.765489 0.662533 0.544744 0.273313 0.005455 -0.191785 -0.375642 -0.492526 -0.645253 -0.764551 -0.851960 -0.956361 -0.987547 -0.994997 
46.423409 1842553.125000 148 148 120 0.784861 0.507408 0.308221 0.971668 0.943985 0.759001 0.660533 0.582190 0.334632 0.001600 -0.147572 -0.396418 -0.463297 -0.619985 -0.747576 -0.831091 -0.904666 -0.971503 -0.989494 0.973657 0.949269 0.712115 0.650881 0.544825 0.310767 -0.027489 -0.212415 -0.425193 -0.488080 -0.689779 -0.776455 -0.851578 -0.911880 -0.974170 -0.986932 
52.317375 27292140.000000 78 52 68 0.487550 0.827834 0.754412 0.979365 0.957962 0.918333 0.841515 0.709709 0.570890 0.245406 0.154282 -0.119303 -0.263212 -0.363050 -0.511633 -0.750803 -0.816742 -0.931258 -0.992183 0.987214 0.968677 0.929477 0.855390 0.691157 0.550575 0.252968 0.049911 -0.264174 -0.400258 -0.491647 -0.676059 -0.789288 -0.880900 -0.968903 -0.989008 
56.933178 32807474.000000 68 74 78 0.769305 0.958887 0.828100 0.971060 0.945765 0.911401 0.841245 0.738012 0.542802 0.300775 0.223683 -0.063039 -0.229003 -0.314047 -0.497668 -0.763906 -0.804626 -0.918251 -0.988106 0.975024 0.951921 0.913498 0.841158 0.716187 0.543206 0.274369 0.175396 -0.129579 -0.250536 -0.346729 -0.474512 -0.763130 -0.801444 -0.894243 -0.984828 
55.416618 23720880.000000 80 84 86 0.891277 0.928222 0.927978 0.971623 0.934909 0.899046 0.821919 0.748380 0.558757 0.305251 0.249391 0.051843 -0.174704 -0.271080 -0.480267 -0.740932 -0.825512 -0.901413 -0.982815 0.970655 0.941100 0.905686 0.830888 0.754226 0.580969 0.316409 0.254386 0.042203 -0.186519 -0.259206 -0.494622 -0.741818 -0.802281 -0.904788 -0.989266 
54.687153 16400800.000000 86 86 86 0.967140 0.774098 0.904782 0.970603 0.929691 0.904145 0.827253 0.719036 0.582529 0.301494 0.265867 0.031802 -0.151718 -0.261126 -0.518425 -0.757207 -0.823754 -0.897468 -0.989335 0.969223 0.930644 0.898713 0.812507 0.740621 0.564096 0.312640 0.263139 0.037083 -0.173534 -0.256175 -0.513925 -0.749048 -0.826234 -0.912876 -0.985042 
54.773735 29668974.000000 86 88 88 0.951110 0.914910 0.969116 0.974397 0.934506 0.905562 0.784496 0.663510 0.542275 0.335676 0.267453 0.132322 -0.128499 -0.254122 -0.495862 -0.731907 -0.829205 -0.871174 -0.974633 0.973795 0.932543 0.902581 0.801789 0.692996 0.546707 0.327296 0.265603 0.122115 -0.130840 -0.262868 -0.488520 -0.739368 -0.815918 -0.868294 -0.986470 
53.717533 25414814.000000 88 88 88 0.966249 0.965763 0.674706 0.977052 0.949355 0.905188 0.733470 0.614257 0.534720 0.331913 0.251438 0.113485 -0.096295 -0.234224 -0.515467 -0.692220 -0.810829 -0.867851 -0.965922 0.974850 0.940475 0.907081 0.754073 0.631495 0.540595 0.343482 0.267197 0.093720 -0.096763 -0.253659 -0.537257 -0.719642 -0.792855 -0.863123 -0.976563 
53.136658 13686875.000000 88 90 90 0.667086 0.888986 0.947940 0.979165 0.960986 0.927566 0.755675 0.566265 0.486245 0.352593 0.272847 0.089683 -0.132867 -0.218954 -0.465126 -0.628082 -0.755312 -0.862595 -0.962784 0.977677 0.957465 0.910276 0.739390 0.592483 0.516242 0.344759 0.275869 0.095405 -0.094446 -0.216219 -0.498473 -0.668672 -0.777116 -0.847701 -0.956137 
52.010307 6096051.500000 90 92 92 0.943200 0.874380 0.680862 0.981876 0.972425 0.923178 0.749888 0.524521 0.412304 0.343480 0.239640 0.053782 -0.175705 -0.245133 -0.390872 -0.544493 -0.732587 -0.868298 -0.968675 0.980342 0.966853 0.931888 0.740835 0.506216 0.428406 0.348653 0.252718 0.032796 -0.166423 -0.220396 -0.420408 -0.605697 -0.715758 -0.868424 -0.958236 
38.639614 357977.968750 94 100 86 0.696850 0.478773 0.434321 0.982497 0.947894 0.896114 0.709465 0.630630 0.530001 0.367412 0.305070 0.111409 -0.190145 -0.285341 -0.390135 -0.638907 -0.772756 -0.941555 -0.987105 0.984235 0.970027 0.896904 0.750118 0.607547 0.441598 0.349531 0.255662 0.073569 -0.207987 -0.272834 -0.396349 -0.579987 -0.758914 -0.909241 -0.989539 
32.248112 177787.265625 86 90 88 0.523280 0.523238 0.450902 0.978205 0.951657 0.869022 0.760383 0.634912 0.546055 0.367456 0.287393 0.117098 -0.094966 -0.246728 -0.357947 -0.598659 -0.833258 -0.934503 -0.987252 0.980716 0.949508 0.892696 0.755970 0.633368 0.563672 0.373000 0.277371 0.102272 -0.116172 -0.264341 -0.403501 -0.613672 -0.788795 -0.931598 -0.988498 
29.818153 95716.023438 118 86 54 0.538678 0.554697 0.495601 0.981368 0.944161 0.859324 0.779219 0.675735 0.520821 0.354076 0.273827 0.170725 -0.094939 -0.226975 -0.364932 -0.667837 -0.842502 -0.940382 -0.982572 0.980152 0.948700 0.864493 0.775741 0.658806 0.511171 0.375329 0.278634 0.099774 -0.127022 -0.239552 -0.362706 -0.634746 -0.844024 -0.931916 -0.987418 
27.503679 149315.093750 56 54 74 0.399977 0.509007 0.652734 0.965176 0.933647 0.859625 0.746243 0.632647 0.522209 0.347613 0.259219 0.094332 -0.326103 -0.498926 -0.584164 -0.646038 -0.688441 -0.845556 -0.982512 0.976241 0.930856 0.882952 0.749644 0.673800 0.508292 0.340144 0.284321 0.183048 -0.104221 -0.243841 -0.433508 -0.672898 -0.820606 -0.928955 -0.978056 
36.868015 272383.000000 74 70 72 0.629245 0.457778 0.723388 0.984495 0.969387 0.900296 0.833249 0.720082 0.572631 0.385793 0.259634 0.040840 -0.340379 -0.482757 -0.583007 -0.663224 -0.708944 -0.799370 -0.977732 0.960102 0.929219 0.856554 0.790098 0.621825 0.531139 0.334609 0.232694 -0.077334 -0.398398 -0.505830 -0.595507 -0.657594 -0.710487 -0.772582 -0.987882 
47.232544 267513.156250 72 76 98 0.642075 0.690601 0.549308 0.983248 0.969602 0.934935 0.883215 0.815257 0.664089 0.402976 0.261963 0.105740 -0.115363 -0.227298 -0.547687 -0.652116 -0.740109 -0.886464 -0.967872 0.985522 0.972736 0.944353 0.882642 0.785177 0.624109 0.401253 0.272371 0.126700 -0.121212 -0.309373 -0.581113 -0.663401 -0.727624 -0.869143 -0.970208 
45.862648 69201.468750 98 150 76 0.630012 0.690218 0.756685 0.983082 0.968171 0.946848 0.900318 0.859266 0.729572 0.392399 0.258599 0.042611 -0.105091 -0.232230 -0.582739 -0.686807 -0.821331 -0.904679 -0.968175 0.979872 0.968741 0.940382 0.887162 0.843856 0.701091 0.413524 0.264133 0.079741 -0.103036 -0.202510 -0.565995 -0.661798 -0.805415 -0.906163 -0.972814 
45.463844 31869.806641 76 94 76 0.668257 0.522159 0.509528 0.986204 0.967621 0.944866 0.909393 0.871054 0.748865 0.435096 0.274372 0.058635 -0.170323 -0.323494 -0.551255 -0.698942 -0.795660 -0.913762 -0.975243 0.985115 0.970189 0.950197 0.910744 0.872176 0.764804 0.419700 0.278360 0.046894 -0.135973 -0.293326 -0.559273 -0.699082 -0.795677 -0.909139 -0.973376 
44.861084 35621.343750 78 82 82 0.644177 0.557699 0.453952 0.985295 0.969621 0.947242 0.923672 0.899208 0.714758 0.456509 0.234971 0.011246 -0.109363 -0.328985 -0.552537 -0.697004 -0.827676 -0.905428 -0.979233 0.990076 0.974336 0.947753 0.919253 0.870002 0.679739 0.453132 0.253768 0.020031 -0.130606 -0.331159 -0.541424 -0.698816 -0.829783 -0.913930 -0.976650 
44.537300 35449.417969 130 72 56 0.453894 0.545547 0.720487 0.985080 0.969485 0.949515 0.925885 0.901088 0.716548 0.455456 0.241867 -0.003243 -0.155534 -0.339773 -0.563208 -0.721485 -0.816060 -0.900104 -0.981027 0.988273 0.972425 0.943129 0.920273 0.886670 0.647348 0.465232 0.262261 -0.002345 -0.163345 -0.366569 -0.568462 -0.718946 -0.829960 -0.897292 -0.982519 
40.470444 15901.768555 52 82 86 0.320220 0.479691 0.768260 0.991420 0.978573 0.956601 0.926827 0.857313 0.607282 0.406914 0.230480 -0.007447 -0.202228 -0.349152 -0.534014 -0.669759 -0.840774 -0.925549 -0.980134 0.987355 0.971930 0.946336 0.925295 0.886831 0.668543 0.413974 0.231294 0.017341 -0.161256 -0.345317 -0.549356 -0.709035 -0.814523 -0.912993 -0.983075 
40.428677 15480.173828 86 66 64 0.676208 0.363532 0.729174 0.990090 0.976740 0.952914 0.932581 0.886353 0.599422 0.411709 0.251990 0.026887 -0.215315 -0.369388 -0.522884 -0.701689 -0.818003 -0.921687 -0.975691 0.991456 0.977904 0.954617 0.935265 0.857592 0.597454 0.412100 0.240409 0.015760 -0.207275 -0.362246 -0.505398 -0.677695 -0.832864 -0.928565 -0.980124 
42.519474 16473.265625 66 170 68 0.632862 0.358979 0.447114 0.987140 0.975655 0.958071 0.933096 0.898609 0.666741 0.407049 0.202088 0.000496 -0.183107 -0.393944 -0.552444 -0.705251 -0.852401 -0.911972 -0.976120 0.989464 0.976748 0.954981 0.933240 0.891762 0.622030 0.419715 0.224467 0.012198 -0.197673 -0.389141 -0.552041 -0.697839 -0.841308 -0.915300 -0.971797 
38.502129 14489.305664 128 58 56 0.493576 0.380948 0.786174 0.988880 0.978318 0.955115 0.941352 0.823480 0.559420 0.401475 0.173883 -0.094529 -0.221532 -0.353128 -0.587241 -0.692560 -0.803889 -0.928008 -0.975408 0.987675 0.975234 0.953937 0.935455 0.852950 0.596648 0.424338 0.185457 -0.019893 -0.200542 -0.359923 -0.563002 -0.697778 -0.832355 -0.926262 -0.974347 
34.507694 8346.844727 148 148 48 0.540191 0.570232 0.800875 0.990036 0.981182 0.944320 0.923697 0.798087 0.539474 0.379477 0.185431 -0.057047 -0.207084 -0.346375 -0.564753 -0.688967 -0.852319 -0.917004 -0.974115 0.988724 0.980077 0.949611 0.931172 0.831943 0.565858 0.402379 0.178407 -0.086155 -0.219719 -0.383099 -0.568551 -0.696131 -0.804915 -0.923783 -0.975061 
23.986074 7416.812012 46 50 46 0.740302 0.660064 0.516968 0.990885 0.974102 0.921741 0.860001 0.688139 0.498567 0.310852 0.093574 -0.105208 -0.289929 -0.485825 -0.571755 -0.692182 -0.838924 -0.901612 -0.973457 0.990541 0.981263 0.935376 0.895743 0.712099 0.514434 0.327289 0.176808 -0.089678 -0.228575 -0.405430 -0.558583 -0.689002 -0.848184 -0.907654 -0.977053 
36.801903 653393.125000 146 60 52 0.548187 0.575506 0.547195 0.986697 0.945043 0.843264 0.677106 0.399377 0.043864 -0.052282 -0.185511 -0.383235 -0.472055 -0.555877 -0.657357 -0.723955 -0.807764 -0.882045 -0.980055 0.988066 0.960233 0.890152 0.737478 0.526767 0.177661 0.001205 -0.084510 -0.252692 -0.433091 -0.577639 -0.634522 -0.715204 -0.796005 -0.860088 -0.976405 
50.580200 2483382.750000 50 50 52 0.440748 0.681692 0.582938 0.975929 0.934430 0.803628 0.649417 0.419644 0.030021 -0.152512 -0.337138 -0.476919 -0.532585 -0.623770 -0.675412 -0.755692 -0.810118 -0.913845 -0.982028 0.977013 0.937286 0.817752 0.657159 0.439330 0.074530 -0.118092 -0.282837 -0.435085 -0.475239 -0.551832 -0.601372 -0.694763 -0.814472 -0.913155 -0.983598 
57.684669 4636098.500000 128 128 84 0.576963 0.631067 0.632007 0.978981 0.925271 0.813399 0.665825 0.486247 0.232820 -0.092333 -0.255820 -0.435611 -0.582424 -0.743238 -0.791758 -0.840029 -0.870598 -0.891926 -0.976046 0.978134 0.924941 0.807387 0.658844 0.467261 0.189316 -0.122246 -0.242878 -0.474074 -0.608216 -0.687026 -0.749527 -0.795968 -0.828583 -0.875777 -0.982825 
57.576771 7937620.000000 105 163 160 0.618120 0.747251 0.660515 0.976554 0.920460 0.782995 0.624443 0.271154 0.091818 -0.088974 -0.208768 -0.423324 -0.520733 -0.551300 -0.581315 -0.728632 -0.858695 -0.928186 -0.977830 0.976873 0.914193 0.783210 0.621051 0.270695 0.098841 -0.079628 -0.217012 -0.417121 -0.507814 -0.532690 -0.564252 -0.733376 -0.850068 -0.921175 -0.974946 
59.546883 15068439.000000 65 68 65 0.494083 0.592014 0.689634 0.980018 0.914146 0.796616 0.642235 0.416503 0.118108 -0.090853 -0.197673 -0.462867 -0.523259 -0.549247 -0.583496 -0.736374 -0.849151 -0.903731 -0.979670 0.978093 0.913531 0.785594 0.626040 0.337101 0.050634 -0.094244 -0.178433 -0.406449 -0.528852 -0.564906 -0.584993 -0.720326 -0.870108 -0.917743 -0.974713 
59.797852 16364995.000000 63 115 65 0.739915 0.484158 0.367154 0.977433 0.909771 0.779852 0.604841 0.254882 0.099932 -0.072495 -0.293374 -0.467203 -0.500896 -0.526474 -0.642108 -0.830425 -0.926270 -0.952749 -0.971878 0.978761 0.915817 0.794445 0.642146 0.389362 0.114884 -0.092378 -0.251392 -0.468493 -0.503429 -0.538113 -0.571571 -0.749192 -0.853143 -0.930792 -0.979784 
49.058380 11020041.000000 133 163 183 0.404775 0.458168 0.547283 0.978030 0.907939 0.774276 0.541930 0.217701 0.053322 -0.165811 -0.235527 -0.301638 -0.428543 -0.538911 -0.770311 -0.843665 -0.868868 -0.900051 -0.960072 0.976672 0.908234 0.769667 0.565216 0.204995 0.114892 -0.104733 -0.254427 -0.400354 -0.506959 -0.544884 -0.727175 -0.870023 -0.900638 -0.930553 -0.956700 
48.025707 2591784.750000 185 75 63 0.716686 0.613184 0.550926 0.983175 0.931161 0.773403 0.436455 0.134218 0.076434 -0.048634 -0.136836 -0.218161 -0.346140 -0.498430 -0.574632 -0.756829 -0.872763 -0.922348 -0.970691 0.979695 0.907686 0.776747 0.538116 0.206531 0.019008 -0.133419 -0.194356 -0.251515 -0.347577 -0.498194 -0.634316 -0.834707 -0.857815 -0.895428 -0.969649 
37.825218 482703.250000 70 68 73 0.624155 0.580549 0.451964 0.978898 0.958195 0.835612 0.598103 0.185920 0.120653 -0.001344 -0.166187 -0.319062 -0.417827 -0.536975 -0.563256 -0.826891 -0.883024 -0.921651 -0.965652 0.981206 0.948236 0.795431 0.491129 0.152655 0.101267 0.008146 -0.083840 -0.313753 -0.384182 -0.507441 -0.560034 -0.755501 -0.876909 -0.932703 -0.975030 
35.239605 236712.593750 183 188 163 0.497032 0.420515 0.622619 0.979174 0.956979 0.851162 0.684464 0.387092 0.095123 -0.041207 -0.206005 -0.316818 -0.500694 -0.539334 -0.567020 -0.783188 -0.879987 -0.911946 -0.963004 0.977330 0.958943 0.839171 0.664491 0.292246 0.120828 -0.074395 -0.208705 -0.328158 -0.508950 -0.545343 -0.586013 -0.823723 -0.881907 -0.910157 -0.957044 
32.909168 138694.312500 58 55 60 0.302135 0.360234 0.677585 0.987050 0.971029 0.883869 0.711524 0.419625 0.119263 0.013665 -0.147257 -0.293524 -0.474175 -0.537495 -0.556675 -0.755447 -0.873476 -0.917028 -0.957154 0.981836 0.964298 0.876343 0.688186 0.416222 0.089568 0.000124 -0.173762 -0.311631 -0.476155 -0.540545 -0.556936 -0.708726 -0.875934 -0.922016 -0.966563 
28.719326 80840.867188 63 68 68 0.733265 0.454463 0.561895 0.985593 0.971596 0.881222 0.715084 0.518321 0.192187 -0.015430 -0.137302 -0.292513 -0.399055 -0.532072 -0.544428 -0.715392 -0.883320 -0.903000 -0.949895 0.986085 0.964045 0.872391 0.713064 0.483131 0.179601 -0.021334 -0.168207 -0.324520 -0.428498 -0.534394 -0.551889 -0.732416 -0.877618 -0.918947 -0.957682 
26.891899 37744.527344 68 70 68 0.620974 0.471978 0.569291 0.982576 0.970728 0.872424 0.723003 0.533974 0.232728 -0.010273 -0.154221 -0.254218 -0.423204 -0.524836 -0.540901 -0.670407 -0.867795 -0.894203 -0.944469 0.984335 0.969259 0.879461 0.715272 0.524747 0.174697 -0.046731 -0.148441 -0.285765 -0.432399 -0.528832 -0.547443 -0.682589 -0.868616 -0.897538 -0.928648 
24.232328 23720.919922 65 95 63 0.563071 0.548705 0.553734 0.984955 0.969994 0.884352 0.750356 0.563497 0.356323 0.056113 -0.133864 -0.306843 -0.452442 -0.521164 -0.547247 -0.613610 -0.869348 -0.901733 -0.951351 0.983475 0.971997 0.884873 0.743475 0.544574 0.322354 0.042576 -0.136542 -0.272375 -0.430929 -0.528460 -0.545252 -0.650842 -0.864332 -0.898952 -0.947131 
23.528618 14478.810547 108 165 160 0.447919 0.483876 0.409157 0.984986 0.968832 0.905274 0.756192 0.581718 0.404646 0.179282 -0.088338 -0.241227 -0.466453 -0.509800 -0.548310 -0.574467 -0.801512 -0.906875 -0.957418 0.986040 0.970894 0.897754 0.754618 0.596907 0.423589 0.128004 -0.068237 -0.258259 -0.461323 -0.516516 -0.540736 -0.588419 -0.846257 -0.899223 -0.940007 
19.096020 11852.301758 185 70 65 0.663159 0.508280 0.457629 0.984461 0.967828 0.897137 0.779113 0.614020 0.424106 0.154775 -0.018397 -0.249694 -0.439062 -0.495627 -0.538951 -0.603275 -0.838289 -0.908868 -0.947698 0.983120 0.961142 0.901111 0.790364 0.597841 0.415257 0.177731 -0.104650 -0.252152 -0.443730 -0.500703 -0.544531 -0.582913 -0.810726 -0.908703 -0.955999 
16.903509 8080.840820 65 60 185 0.632516 0.594988 0.593404 0.988367 0.972429 0.914024 0.779280 0.624442 0.444582 0.200176 0.017190 -0.185124 -0.412613 -0.512601 -0.543447 -0.612315 -0.853435 -0.906578 -0.969797 0.986127 0.971089 0.900962 0.775385 0.610124 0.434962 0.178831 0.005952 -0.181905 -0.438287 -0.501977 -0.545271 -0.610737 -0.860978 -0.899858 -0.957635 
15.255375 7709.038086 58 138 125 0.634660 0.487363 0.326330 0.986431 0.967151 0.919188 0.774680 0.625737 0.430200 0.213757 0.007491 -0.168975 -0.383979 -0.512820 -0.543058 -0.642228 -0.822989 -0.918910 -0.972959 0.988212 0.966894 0.918180 0.771370 0.624406 0.434871 0.220928 0.008066 -0.191542 -0.382752 -0.510617 -0.540570 -0.615264 -0.823919 -0.919404 -0.964728 
15.719503 6014.492188 163 70 60 0.478238 0.379946 0.566169 0.987865 0.972968 0.922850 0.803915 0.638963 0.457285 0.249073 0.057251 -0.138423 -0.371261 -0.515990 -0.539111 -0.674464 -0.851461 -0.913395 -0.959952 0.985617 0.965589 0.914466 0.778656 0.631331 0.438434 0.239761 0.006206 -0.157730 -0.418079 -0.512795 -0.544002 -0.618155 -0.825342 -0.911983 -0.971007 
15.937756 4764.352539 185 68 70 0.684670 0.491892 0.617496 0.986807 0.975213 0.898825 0.781125 0.658264 0.454713 0.243149 0.063635 -0.146940 -0.317617 -0.508220 -0.534955 -0.649682 -0.850107 -0.917708 -0.970113 0.984785 0.974951 0.916488 0.791624 0.637658 0.429626 0.249638 0.061005 -0.144498 -0.357023 -0.518757 -0.543655 -0.647525 -0.837507 -0.908212 -0.971705 
13.124302 4254.704102 68 60 60 0.447898 0.432948 0.551768 0.985934 0.972253 0.904426 0.772546 0.635452 0.463459 0.241794 0.083177 -0.171928 -0.313359 -0.511905 -0.543461 -0.681636 -0.854505 -0.914674 -0.969804 0.986611 0.972867 0.909107 0.761386 0.634388 0.465333 0.245740 0.065576 -0.169737 -0.316521 -0.506989 -0.536454 -0.663844 -0.864428 -0.923754 -0.968021 
12.493716 3764.187012 46 114 50 0.689172 0.450546 0.306047 0.979286 0.958515 0.902503 0.814362 0.632507 0.493601 0.308190 0.155993 -0.115613 -0.255813 -0.439908 -0.649604 -0.758496 -0.873259 -0.898051 -0.967995 0.982223 0.966388 0.894590 0.804226 0.645864 0.498437 0.298647 0.136398 -0.109628 -0.257035 -0.498518 -0.655881 -0.774350 -0.879851 -0.899257 -0.955426 
13.437594 3609.708496 50 60 50 0.487424 0.450024 0.480464 0.981546 0.958834 0.910250 0.817973 0.644497 0.526359 0.290808 0.124964 -0.116716 -0.261805 -0.437109 -0.605656 -0.785491 -0.866622 -0.905216 -0.973460 0.977851 0.957977 0.912792 0.813534 0.663788 0.502590 0.303121 0.148118 -0.104324 -0.256958 -0.434192 -0.625703 -0.756710 -0.874620 -0.899340 -0.970330 
12.933984 3434.250244 54 76 106 0.349101 0.376500 0.402791 0.981245 0.959996 0.911226 0.809740 0.656589 0.495598 0.323002 0.155728 -0.073822 -0.264626 -0.409756 -0.593035 -0.781321 -0.868329 -0.904929 -0.980262 0.982666 0.961316 0.907196 0.805708 0.644223 0.506950 0.333054 0.134913 -0.061778 -0.284404 -0.408159 -0.614246 -0.781599 -0.853811 -0.907128 -0.979261 
12.394169 2774.862793 106 46 52 0.433656 0.524235 0.646242 0.983989 0.963302 0.917693 0.774376 0.619732 0.500931 0.341047 0.128109 -0.085510 -0.251574 -0.387724 -0.585284 -0.718767 -0.856492 -0.904031 -0.958466 0.978665 0.961666 0.917792 0.802124 0.636366 0.487949 0.329596 0.143793 -0.088412 -0.248869 -0.403993 -0.580446 -0.741545 -0.878223 -0.899027 -0.976115 
12.152366 2666.251465 54 50 54 0.460575 0.677809 0.540958 0.981474 0.961424 0.917902 0.793330 0.584645 0.483701 0.338535 0.128044 -0.093869 -0.277106 -0.407429 -0.588261 -0.759263 -0.841344 -0.914894 -0.966670 0.980538 0.958904 0.917695 0.810642 0.622518 0.514542 0.362352 0.139702 -0.075300 -0.256366 -0.413300 -0.580735 -0.753890 -0.833388 -0.918257 -0.970333 
14.594593 3361.531738 146 150 150 0.495150 0.705261 0.573605 0.982882 0.966814 0.928182 0.798854 0.607206 0.525627 0.342504 0.229503 -0.068551 -0.227494 -0.399722 -0.564318 -0.690959 -0.855752 -0.919452 -0.970341 0.987206 0.968443 0.913805 0.788403 0.601492 0.496763 0.355777 0.188024 -0.092817 -0.251808 -0.386337 -0.553189 -0.741325 -0.859305 -0.912495 -0.966551 
14.137838 4437.770508 50 92 54 0.530762 0.407268 0.442176 0.983768 0.960512 0.908961 0.815096 0.583236 0.444018 0.351804 0.221589 -0.033647 -0.187873 -0.386598 -0.567680 -0.731418 -0.829867 -0.923725 -0.970889 0.983172 0.963465 0.905615 0.805868 0.607968 0.497219 0.345429 0.251864 -0.033171 -0.233353 -0.423672 -0.569652 -0.720715 -0.836605 -0.919824 -0.968674 
13.435105 4405.102539 84 132 86 0.471637 0.538408 0.504321 0.976316 0.954790 0.883853 0.770000 0.572166 0.494229 0.381627 0.270175 -0.057113 -0.211437 -0.364642 -0.565206 -0.713405 -0.861519 -0.912667 -0.970395 0.981182 0.961002 0.910464 0.796971 0.580051 0.458698 0.363823 0.219438 -0.048916 -0.214754 -0.373739 -0.564537 -0.741582 -0.846383 -0.911015 -0.971472 
14.165810 5099.046875 84 130 130 0.516498 0.534780 0.426765 0.982693 0.950533 0.910777 0.670891 0.578738 0.509881 0.357911 0.280945 -0.053445 -0.185056 -0.346769 -0.544793 -0.694725 -0.843883 -0.908820 -0.978110 0.978190 0.951569 0.905388 0.726354 0.566323 0.522072 0.372083 0.269318 -0.070160 -0.193797 -0.353110 -0.551522 -0.714977 -0.851650 -0.918688 -0.980302 
14.282192 5524.581543 56 94 108 0.479911 0.570077 0.705400 0.985045 0.960020 0.879186 0.683376 0.550527 0.467942 0.365810 0.284504 0.002412 -0.178999 -0.358913 -0.543157 -0.697923 -0.845110 -0.915036 -0.958120 0.983371 0.960167 0.903538 0.666511 0.576117 0.475425 0.359529 0.276596 -0.038650 -0.182742 -0.361878 -0.541583 -0.688615 -0.837997 -0.908440 -0.964569 
13.546008 4042.832275 108 24 114 0.725729 0.422553 0.339783 0.985044 0.965129 0.867628 0.730593 0.536225 0.463000 0.341039 0.267990 -0.003299 -0.207053 -0.369677 -0.570538 -0.704665 -0.831955 -0.921141 -0.975894 0.984888 0.956957 0.868420 0.716597 0.539174 0.461969 0.361169 0.285550 0.034360 -0.168004 -0.393013 -0.561310 -0.710008 -0.845327 -0.916579 -0.966765 
11.746692 2450.655029 84 130 126 0.314577 0.600357 0.439111 0.987487 0.959694 0.900893 0.808214 0.622744 0.434208 0.373111 0.221666 -0.063770 -0.189262 -0.391491 -0.516600 -0.723834 -0.836155 -0.933305 -0.965730 0.984474 0.965229 0.899141 0.764352 0.546505 0.455212 0.363041 0.230221 -0.044383 -0.186064 -0.364558 -0.560553 -0.726384 -0.826618 -0.930227 -0.977436 
10.185480 1900.905273 148 84 108 0.616218 0.522547 0.503928 0.980309 0.963136 0.908495 0.794559 0.639799 0.453486 0.323793 0.159511 -0.085553 -0.219408 -0.438047 -0.584564 -0.691453 -0.829193 -0.924740 -0.971334 0.980765 0.955827 0.906370 0.784399 0.640126 0.426954 0.342865 0.195393 -0.072589 -0.210092 -0.412240 -0.540341 -0.707292 -0.843924 -0.929770 -0.965086 
9.310725 1472.090942 56 76 30 0.448201 0.723356 0.507982 0.978060 0.958492 0.908019 0.800375 0.674013 0.481583 0.309195 0.104235 -0.077904 -0.267022 -0.417202 -0.599108 -0.705354 -0.848190 -0.918609 -0.969059 0.977330 0.963745 0.897827 0.805164 0.625659 0.478769 0.326373 0.100540 -0.079606 -0.273576 -0.444141 -0.609305 -0.719484 -0.837361 -0.909565 -0.981475 
9.995174 1248.004395 100 50 52 0.291227 0.475160 0.527879 0.980927 0.960124 0.911295 0.826623 0.675884 0.532250 0.326962 0.130559 -0.044181 -0.244177 -0.424666 -0.595233 -0.748602 -0.857236 -0.923367 -0.981177 0.980934 0.963295 0.912365 0.830401 0.675698 0.515401 0.313817 0.115265 -0.059255 -0.250903 -0.429806 -0.588456 -0.715798 -0.853156 -0.932864 -0.969234 
10.103542 1402.876831 132 60 52 0.588217 0.734428 0.602247 0.981089 0.964215 0.914144 0.813549 0.697022 0.508028 0.317779 0.090600 -0.066202 -0.218410 -0.459027 -0.549994 -0.757625 -0.860216 -0.923420 -0.968885 0.978922 0.964024 0.908842 0.778725 0.696219 0.515511 0.309083 0.101378 -0.067495 -0.228016 -0.463383 -0.565866 -0.754731 -0.850542 -0.913244 -0.975212 
7.894817 1091.657349 54 76 60 0.560183 0.345380 0.395091 0.984847 0.956632 0.911136 0.822237 0.631809 0.449843 0.331388 0.141144 -0.122228 -0.303167 -0.425347 -0.598264 -0.714875 -0.840652 -0.923894 -0.976342 0.979958 0.962300 0.906167 0.824579 0.670020 0.459819 0.345972 0.119152 -0.093079 -0.282508 -0.422831 -0.551077 -0.710858 -0.842653 -0.923176 -0.972995 
7.986703 1038.048950 108 130 50 0.392418 0.429785 0.499227 0.983217 0.961664 0.914298 0.810837 0.666226 0.467583 0.262226 0.134627 -0.094301 -0.255023 -0.403259 -0.572339 -0.717040 -0.832615 -0.926862 -0.982823 0.985591 0.960003 0.918934 0.816021 0.663561 0.475036 0.304459 0.130704 -0.076883 -0.286064 -0.459846 -0.597231 -0.738789 -0.834690 -0.926789 -0.980717 
9.987241 1466.211548 48 82 50 0.442985 0.497070 0.414785 0.982244 0.968284 0.920102 0.824406 0.648729 0.473658 0.332122 0.085107 -0.119320 -0.258795 -0.427535 -0.587061 -0.705109 -0.849153 -0.923509 -0.981527 0.981315 0.968001 0.904734 0.807458 0.635689 0.470051 0.282076 0.112703 -0.107301 -0.262494 -0.398324 -0.571066 -0.677852 -0.827226 -0.912108 -0.990387 
15.860127 1727.184204 52 34 32 0.693113 0.731729 0.652646 0.983454 0.975282 0.934323 0.854138 0.673408 0.500263 0.304785 0.136815 -0.116664 -0.265456 -0.411404 -0.590013 -0.722111 -0.848606 -0.928055 -0.976390 0.982627 0.971784 0.923767 0.834930 0.708238 0.496986 0.344402 0.131048 -0.101305 -0.244626 -0.412231 -0.553747 -0.716549 -0.843575 -0.929938 -0.976032 
45.328705 22272336.000000 34 58 66 0.777640 0.627913 0.543706 0.981124 0.924253 0.691254 0.582727 0.450270 0.355916 0.108437 -0.156796 -0.293415 -0.435582 -0.576342 -0.635909 -0.783494 -0.877773 -0.928651 -0.973789 0.977302 0.939528 0.721990 0.616841 0.482371 0.376854 0.195412 -0.047802 -0.223628 -0.363463 -0.547637 -0.622429 -0.716638 -0.819631 -0.921834 -0.980533 
57.410530 40099768.000000 70 58 58 0.458264 0.732462 0.978688 0.979976 0.975525 0.955178 0.718288 0.499618 0.456737 0.287729 0.114171 -0.058575 -0.297220 -0.507582 -0.579539 -0.741701 -0.842605 -0.895767 -0.948002 0.987301 0.978129 0.941659 0.590586 0.499446 0.347408 0.176722 -0.085255 -0.284831 -0.481286 -0.567556 -0.685353 -0.835106 -0.884655 -0.925466 -0.976698 
64.489105 98428320.000000 58 58 56 0.976678 0.966813 0.959640 0.977833 0.970965 0.938136 0.825975 0.496437 0.439610 0.309587 0.157783 0.004326 -0.178524 -0.414451 -0.511093 -0.638250 -0.735188 -0.803398 -0.893925 0.978676 0.973448 0.949078 0.801156 0.510689 0.451266 0.318302 0.156979 0.011572 -0.197596 -0.453741 -0.557243 -0.643853 -0.738101 -0.827720 -0.937741 
62.379803 99003056.000000 58 56 56 0.968351 0.978364 0.930743 0.974317 0.953871 0.932606 0.837344 0.541395 0.471045 0.326866 0.222753 0.051600 -0.135638 -0.358048 -0.478458 -0.660660 -0.753549 -0.836151 -0.913024 0.976663 0.963807 0.932825 0.840066 0.505019 0.448895 0.327804 0.186619 0.000830 -0.185151 -0.390427 -0.503441 -0.642369 -0.756155 -0.808975 -0.916139 
62.444679 112548432.000000 56 56 56 0.973631 0.867394 0.934410 0.959815 0.939904 0.911553 0.814267 0.563404 0.508003 0.330813 0.237926 0.128430 -0.097598 -0.339642 -0.452067 -0.632329 -0.769229 -0.830318 -0.896665 0.967925 0.945872 0.930318 0.809411 0.559619 0.494825 0.340276 0.238257 0.102790 -0.101438 -0.334501 -0.455023 -0.633704 -0.750492 -0.824907 -0.902619 
62.886868 173719408.000000 56 56 54 0.957272 0.931709 0.977312 0.962318 0.922291 0.894125 0.792700 0.611736 0.555537 0.331537 0.236693 0.117065 -0.127642 -0.324492 -0.415618 -0.617023 -0.755710 -0.819177 -0.886250 0.961596 0.930768 0.897920 0.803666 0.597429 0.536288 0.344201 0.245977 0.124732 -0.089150 -0.314577 -0.406526 -0.619254 -0.757252 -0.824160 -0.873823 
62.252892 124957672.000000 54 54 54 0.963075 0.964753 0.927854 0.962479 0.918889 0.887573 0.792940 0.631537 0.556581 0.347904 0.216484 0.137064 -0.152269 -0.305583 -0.421000 -0.587876 -0.742948 -0.816431 -0.927591 0.962707 0.920131 0.891435 0.787167 0.616929 0.564629 0.324664 0.223304 0.130135 -0.142719 -0.308349 -0.414205 -0.619597 -0.757155 -0.826125 -0.896919 
60.517811 133122560.000000 54 52 52 0.887143 0.958360 0.981632 0.967522 0.918107 0.878913 0.787853 0.659160 0.564281 0.327497 0.206060 0.101271 -0.140614 -0.329781 -0.440346 -0.585299 -0.765648 -0.831360 -0.957286 0.963854 0.918759 0.880791 0.776972 0.653535 0.548594 0.328326 0.202086 0.113254 -0.149789 -0.324880 -0.429509 -0.596769 -0.757907 -0.822859 -0.939070 
60.210945 70082288.000000 52 52 50 0.980969 0.947271 0.954175 0.969653 0.919553 0.878593 0.816293 0.695835 0.615579 0.322036 0.179100 0.076238 -0.120436 -0.329055 -0.429801 -0.552944 -0.713638 -0.832360 -0.977966 0.969522 0.919836 0.879939 0.813681 0.678130 0.602241 0.322722 0.192383 0.097238 -0.098290 -0.338414 -0.435524 -0.568183 -0.728576 -0.823466 -0.977316 
58.243118 30355838.000000 50 50 50 0.941545 0.991021 0.966506 0.971653 0.936859 0.879005 0.836143 0.718741 0.644963 0.358767 0.139351 0.043348 -0.125296 -0.362380 -0.439560 -0.583663 -0.729712 -0.860563 -0.990209 0.969591 0.926121 0.878419 0.824011 0.708502 0.639003 0.348518 0.147646 0.064415 -0.133255 -0.340611 -0.446384 -0.547976 -0.720781 -0.850995 -0.976912 
56.678093 9664018.000000 50 48 48 0.979943 0.939390 0.963751 0.970209 0.946957 0.883088 0.855880 0.752650 0.651634 0.401632 0.211704 0.049076 -0.131581 -0.316916 -0.432887 -0.527233 -0.678234 -0.885225 -0.991765 0.971287 0.943820 0.880379 0.852238 0.737212 0.631931 0.370758 0.177458 0.040438 -0.114459 -0.356601 -0.453975 -0.520069 -0.712596 -0.845483 -0.984989 
54.714657 2866329.750000 48 48 48 0.973322 0.975915 0.955402 0.974447 0.955056 0.907748 0.868623 0.758156 0.638576 0.522798 0.273540 0.081355 -0.103833 -0.287457 -0.418800 -0.498733 -0.678287 -0.877289 -0.988573 0.971921 0.950059 0.897038 0.860748 0.767951 0.650454 0.513076 0.239278 0.088731 -0.108535 -0.310324 -0.415793 -0.512837 -0.655820 -0.890897 -0.991917 
53.529495 1416660.500000 48 46 46 0.964199 0.906587 0.933796 0.975311 0.962096 0.924688 0.880842 0.765007 0.652411 0.483330 0.247386 0.058370 -0.149157 -0.268159 -0.383703 -0.518005 -0.733844 -0.872452 -0.976855 0.974327 0.958986 0.915953 0.876448 0.746189 0.649628 0.511472 0.263541 0.090400 -0.086579 -0.280439 -0.396688 -0.491521 -0.733464 -0.865524 -0.984781 
53.439144 3300393.750000 46 46 46 0.923932 0.952056 0.958555 0.975507 0.959729 0.916963 0.854286 0.765648 0.649816 0.438962 0.197545 -0.015934 -0.201743 -0.266954 -0.417026 -0.515107 -0.723177 -0.817989 -0.932781 0.974854 0.961342 0.919821 0.867421 0.758418 0.666951 0.483775 0.236428 0.059548 -0.187956 -0.255274 -0.413461 -0.508721 -0.731896 -0.835075 -0.961736 
54.012749 7015369.000000 46 48 48 0.953276 0.955326 0.942153 0.977948 0.959558 0.922234 0.833896 0.736785 0.622587 0.447238 0.146388 -0.105144 -0.232830 -0.314579 -0.429603 -0.496142 -0.754046 -0.825564 -0.931787 0.976849 0.959133 0.919592 0.849035 0.754042 0.638205 0.487572 0.135890 -0.104826 -0.201113 -0.275688 -0.417366 -0.489541 -0.769476 -0.825127 -0.923183 
53.411980 7555068.500000 48 48 48 0.940524 0.944945 0.931659 0.983703 0.964905 0.935305 0.830316 0.687813 0.621656 0.375392 0.061992 -0.137750 -0.206513 -0.367840 -0.479001 -0.545413 -0.771479 -0.832699 -0.964489 0.980510 0.962854 0.933881 0.829287 0.692392 0.624370 0.409097 0.080050 -0.124360 -0.206255 -0.325641 -0.445761 -0.523532 -0.777620 -0.832026 -0.955007 
49.881550 2844477.000000 48 48 52 0.921804 0.905384 0.763920 0.990590 0.979137 0.911178 0.819483 0.677694 0.591660 0.389167 0.078116 -0.130201 -0.193704 -0.430757 -0.526688 -0.603780 -0.761494 -0.858225 -0.967539 0.987527 0.969589 0.932799 0.851599 0.691677 0.601506 0.389045 0.020394 -0.139903 -0.200668 -0.415913 -0.509607 -0.571085 -0.744015 -0.839234 -0.972759 
43.224251 4999568.500000 50 52 48 0.727385 0.688545 0.470987 0.986834 0.959495 0.896078 0.761400 0.646288 0.517993 0.251690 -0.002238 -0.213857 -0.406550 -0.567573 -0.707190 -0.812987 -0.872075 -0.954287 -0.984292 0.989898 0.973540 0.909119 0.786382 0.677117 0.587716 0.351416 0.039825 -0.127946 -0.260468 -0.509996 -0.613474 -0.786216 -0.861070 -0.938405 -0.977951 
41.842110 5359292.000000 50 148 148 0.517324 0.757243 0.729163 0.967539 0.941814 0.820135 0.738437 0.641956 0.506880 0.214742 -0.111862 -0.306931 -0.485363 -0.592308 -0.741610 -0.835586 -0.892051 -0.970516 -0.989978 0.971524 0.945541 0.837593 0.733943 0.616750 0.484848 0.180678 -0.073993 -0.267661 -0.432403 -0.568970 -0.720514 -0.827826 -0.878335 -0.957427 -0.984107 
46.842289 5523894.000000 48 50 48 0.744152 0.512515 0.809832 0.965679 0.935648 0.814268 0.730587 0.602259 0.477226 0.110004 -0.132059 -0.366563 -0.526029 -0.617504 -0.774891 -0.854794 -0.916308 -0.977440 -0.988911 0.965214 0.938858 0.833135 0.751716 0.635631 0.526119 0.198702 -0.104187 -0.372881 -0.520216 -0.618371 -0.762905 -0.842287 -0.909421 -0.978001 -0.990383 
46.494122 4655362.000000 24 24 46 0.735176 0.671476 0.516761 0.966739 0.939530 0.789045 0.682534 0.571345 0.384735 0.073063 -0.193585 -0.366421 -0.534390 -0.636432 -0.747597 -0.835560 -0.890704 -0.971545 -0.988542 0.965084 0.949330 0.806984 0.705366 0.573264 0.437641 0.076113 -0.163670 -0.361298 -0.536208 -0.626810 -0.755922 -0.842524 -0.904096 -0.976934 -0.989121 
48.509911 8088078.500000 46 64 58 0.527049 0.389611 0.660751 0.977049 0.963572 0.917082 0.801232 0.579441 0.473564 0.182418 -0.196836 -0.385576 -0.534721 -0.685271 -0.779367 -0.822039 -0.887797 -0.958992 -0.983868 0.973225 0.935455 0.825070 0.682613 0.557969 0.381272 0.094442 -0.222910 -0.384908 -0.544837 -0.677826 -0.774628 -0.826535 -0.895095 -0.963907 -0.985713 
32.447327 201468.531250 48 48 48 0.570242 0.530214 0.540202 0.975293 0.959411 0.869466 0.726955 0.664014 0.561578 0.243964 -0.061303 -0.240872 -0.448940 -0.658588 -0.764552 -0.817842 -0.894520 -0.951815 -0.980843 0.978114 0.964955 0.919140 0.779767 0.629211 0.525786 0.278000 -0.049617 -0.295180 -0.465861 -0.651180 -0.770012 -0.822434 -0.878708 -0.939628 -0.981240 
23.889887 67229.726562 144 150 148 0.442250 0.488279 0.677976 0.977453 0.948660 0.863288 0.757475 0.662016 0.526046 0.228052 0.001713 -0.285785 -0.460994 -0.630308 -0.739750 -0.830833 -0.886551 -0.957009 -0.978530 0.975762 0.954001 0.853294 0.734257 0.675359 0.554109 0.209211 -0.051991 -0.276368 -0.438035 -0.612178 -0.733821 -0.833617 -0.893909 -0.952478 -0.977639 
22.627945 40697.726562 148 112 102 0.763973 0.279867 0.541943 0.973696 0.944845 0.877958 0.763936 0.670465 0.537124 0.260329 0.058734 -0.201019 -0.466967 -0.683319 -0.759581 -0.838374 -0.885275 -0.956466 -0.986797 0.975243 0.946659 0.863763 0.743221 0.652765 0.517598 0.243993 0.035413 -0.265555 -0.482381 -0.663015 -0.763137 -0.838754 -0.887803 -0.959638 -0.981512 
23.216896 251781.718750 102 76 86 0.490996 0.380958 0.400726 0.980331 0.950982 0.831077 0.681457 0.538397 0.416101 0.325823 -0.037733 -0.184442 -0.372312 -0.473951 -0.663641 -0.791025 -0.843113 -0.931617 -0.980907 0.978176 0.954342 0.874911 0.760980 0.659839 0.514449 0.281370 0.055152 -0.197382 -0.449855 -0.656524 -0.766009 -0.822785 -0.892083 -0.958831 -0.980887 
37.018703 1736220.750000 86 74 90 0.464029 0.497587 0.429828 0.969689 0.923003 0.834717 0.685530 0.589221 0.457978 0.329845 -0.012095 -0.179342 -0.357449 -0.432532 -0.620360 -0.756159 -0.806665 -0.876467 -0.979805 0.968023 0.939549 0.760858 0.680966 0.520086 0.427718 0.323190 -0.038840 -0.143238 -0.334378 -0.447061 -0.622918 -0.769196 -0.813639 -0.867911 -0.984509 
33.369583 1065897.375000 90 40 48 0.485233 0.482800 0.462327 0.953634 0.908540 0.851189 0.765278 0.638778 0.452530 0.273456 -0.040293 -0.271848 -0.350850 -0.419063 -0.608716 -0.750900 -0.823699 -0.879096 -0.991711 0.957579 0.904417 0.862141 0.723120 0.603943 0.449798 0.297380 -0.029260 -0.251795 -0.342451 -0.416653 -0.606536 -0.736927 -0.804358 -0.884618 -0.979466 
53.143341 3210315.000000 24 50 50 0.380880 0.693058 0.952056 0.984071 0.967436 0.942741 0.886538 0.812720 0.709776 0.406401 -0.022509 -0.137559 -0.249640 -0.359879 -0.512723 -0.616462 -0.797817 -0.846139 -0.966296 0.987146 0.967569 0.922307 0.851401 0.722268 0.558744 0.301075 0.003768 -0.234264 -0.336175 -0.399759 -0.576101 -0.717851 -0.836990 -0.875503 -0.988961 
58.692467 6097786.000000 50 54 56 0.957006 0.966059 0.975080 0.980180 0.972361 0.940862 0.885190 0.830701 0.587726 0.228630 -0.021433 -0.131938 -0.271789 -0.370053 -0.465045 -0.558767 -0.737232 -0.813326 -0.967110 0.981384 0.969361 0.943642 0.882676 0.825772 0.686393 0.268606 -0.027968 -0.108948 -0.252124 -0.374510 -0.480850 -0.566170 -0.760833 -0.828796 -0.956052 
57.666477 2073519.375000 56 56 56 0.961408 0.983393 0.981301 0.982344 0.974522 0.956382 0.904475 0.827839 0.636945 0.254201 -0.070413 -0.130394 -0.239942 -0.396079 -0.574315 -0.665511 -0.729504 -0.818378 -0.981417 0.981052 0.973836 0.947007 0.894751 0.834482 0.584796 0.250473 -0.061649 -0.138363 -0.252370 -0.359514 -0.474679 -0.620391 -0.717000 -0.802399 -0.974784 
54.378456 627712.250000 56 58 58 0.987066 0.938404 0.971231 0.985073 0.976121 0.961219 0.904082 0.827815 0.683800 0.334528 0.006006 -0.193838 -0.339553 -0.496078 -0.564875 -0.674653 -0.749262 -0.846112 -0.987136 0.984023 0.975297 0.961217 0.909371 0.819978 0.649999 0.325793 -0.029985 -0.119540 -0.257700 -0.475070 -0.587497 -0.651765 -0.743712 -0.819423 -0.978181 
51.665913 732256.125000 58 58 58 0.949817 0.925151 0.901802 0.984990 0.976090 0.960300 0.881967 0.823886 0.660657 0.233998 -0.070323 -0.219256 -0.279910 -0.387339 -0.501628 -0.643428 -0.774892 -0.834772 -0.970076 0.984908 0.976585 0.961103 0.898717 0.822925 0.642521 0.225749 -0.072117 -0.211488 -0.318190 -0.453082 -0.533969 -0.680984 -0.764035 -0.846828 -0.982099 
57.328590 9961074.000000 58 56 56 0.933081 0.951336 0.950970 0.979555 0.973188 0.948505 0.792902 0.674979 0.593947 0.345890 0.164786 0.025723 -0.202766 -0.359617 -0.405872 -0.597178 -0.781784 -0.830297 -0.967289 0.981659 0.974318 0.947613 0.835208 0.751400 0.596886 0.316321 0.106282 -0.097588 -0.239047 -0.362174 -0.423544 -0.600963 -0.780067 -0.819424 -0.953668 
58.439621 15140602.000000 56 54 56 0.966926 0.981335 0.969069 0.983540 0.972931 0.960882 0.743295 0.497446 0.425461 0.347776 0.180024 0.060191 -0.158656 -0.378890 -0.458491 -0.527719 -0.775563 -0.839743 -0.963404 0.981000 0.972917 0.957544 0.760443 0.590423 0.486140 0.370353 0.185735 0.043750 -0.179279 -0.356384 -0.419285 -0.533653 -0.773078 -0.833996 -0.954519 
55.837551 11197856.000000 54 54 54 0.961712 0.976444 0.809165 0.985075 0.972728 0.961217 0.773355 0.412050 0.360853 0.229175 0.143164 0.028553 -0.178793 -0.377634 -0.459220 -0.523856 -0.752753 -0.854318 -0.931813 0.985416 0.973067 0.962420 0.748530 0.429736 0.386838 0.279055 0.159052 0.045944 -0.162567 -0.380713 -0.466386 -0.530085 -0.753523 -0.849659 -0.930638 
53.793453 11742511.000000 54 54 54 0.851578 0.957370 0.928438 0.989566 0.974712 0.960752 0.802419 0.395184 0.315051 0.210997 0.132600 -0.021586 -0.203827 -0.367848 -0.459776 -0.569233 -0.752161 -0.844253 -0.916754 0.986753 0.973472 0.961491 0.763137 0.418430 0.324095 0.221022 0.134340 0.025271 -0.179672 -0.364007 -0.458029 -0.540402 -0.706432 -0.856741 -0.930748 
54.177708 12351317.000000 52 52 50 0.979295 0.988576 0.992903 0.990438 0.975321 0.961259 0.827132 0.394401 0.296512 0.211518 0.130100 -0.047109 -0.203330 -0.397441 -0.445832 -0.608092 -0.811818 -0.887541 -0.925271 0.990430 0.974836 0.962972 0.837703 0.379168 0.306802 0.209848 0.137497 -0.075499 -0.213888 -0.394785 -0.465091 -0.602386 -0.784947 -0.874211 -0.912268 
53.440742 6938181.500000 50 50 52 0.980217 0.987320 0.970375 0.991224 0.978007 0.961562 0.865507 0.408568 0.319957 0.213225 0.155432 -0.043315 -0.194051 -0.403452 -0.472259 -0.666344 -0.784331 -0.880191 -0.925476 0.990741 0.976133 0.960102 0.857727 0.395004 0.313510 0.209501 0.125211 -0.025670 -0.209438 -0.393603 -0.471847 -0.637355 -0.775241 -0.887745 -0.920812 
50.136570 6728059.500000 50 52 54 0.954565 0.935938 0.828600 0.990678 0.977536 0.961216 0.717652 0.446684 0.391457 0.204665 0.035923 -0.158290 -0.375273 -0.515141 -0.651081 -0.766943 -0.836955 -0.920511 -0.989466 0.991378 0.979429 0.963730 0.901252 0.457898 0.357194 0.256856 0.150624 -0.063987 -0.197172 -0.439797 -0.520918 -0.731077 -0.826644 -0.895741 -0.959190 
44.834213 8764686.000000 54 60 54 0.871523 0.539378 0.813320 0.984229 0.970367 0.854836 0.499545 0.458525 0.283295 0.066756 -0.148479 -0.311990 -0.490169 -0.583234 -0.705303 -0.826439 -0.884429 -0.959334 -0.993714 0.985714 0.973309 0.883214 0.507554 0.455038 0.326397 0.110525 -0.110608 -0.266796 -0.450515 -0.561472 -0.683048 -0.785427 -0.871448 -0.937303 -0.987455 
44.220718 5448401.500000 54 50 54 0.764242 0.723840 0.716968 0.987659 0.975270 0.806193 0.527065 0.462255 0.275597 0.124822 -0.088152 -0.350165 -0.518465 -0.591494 -0.689523 -0.834923 -0.898695 -0.954107 -0.992084 0.986397 0.974618 0.846785 0.513003 0.462865 0.274516 0.129386 -0.116159 -0.317526 -0.498138 -0.587833 -0.697060 -0.836573 -0.888437 -0.953940 -0.991674 
44.097298 2618769.000000 52 52 60 0.689873 0.739797 0.733060 0.985222 0.954106 0.756973 0.561264 0.462370 0.289044 0.122968 -0.106858 -0.419945 -0.536723 -0.634153 -0.732102 -0.817720 -0.885738 -0.974687 -0.994481 0.988571 0.969586 0.788329 0.538466 0.457953 0.267569 0.114633 -0.110353 -0.414199 -0.533148 -0.623840 -0.715835 -0.832569 -0.894848 -0.965862 -0.994546 
42.498264 2295098.750000 54 54 54 0.617369 0.738308 0.479210 0.975887 0.949297 0.783180 0.589958 0.498166 0.309385 0.184405 -0.138277 -0.347304 -0.533263 -0.609343 -0.774083 -0.872046 -0.895022 -0.952469 -0.988146 0.986765 0.945578 0.733287 0.577440 0.473828 0.307740 0.145351 -0.098781 -0.384888 -0.541804 -0.611321 -0.741328 -0.850843 -0.893781 -0.964655 -0.991465 
36.220650 288989.375000 76 72 114 0.735378 0.405484 0.668128 0.978799 0.964402 0.893665 0.676457 0.558250 0.414046 0.244894 -0.013185 -0.256390 -0.403944 -0.574388 -0.734700 -0.857006 -0.890075 -0.938805 -0.986410 0.975030 0.957485 0.867707 0.622299 0.524528 0.360212 0.219660 -0.133617 -0.306650 -0.496035 -0.614651 -0.755381 -0.867024 -0.890541 -0.941218 -0.986225 
26.354492 109633.453125 114 36 92 0.655575 0.644024 0.383651 0.982193 0.968087 0.900080 0.734630 0.607782 0.481272 0.167273 -0.021622 -0.192087 -0.418726 -0.574373 -0.706893 -0.831018 -0.888785 -0.947665 -0.992708 0.982381 0.969859 0.906103 0.715654 0.601050 0.469376 0.241921 0.029952 -0.195721 -0.398646 -0.544873 -0.697151 -0.832794 -0.893715 -0.938364 -0.988906 
27.446802 50844.554688 62 58 50 0.468354 0.436078 0.807403 0.992291 0.986735 0.925956 0.808406 0.635819 0.440687 0.242250 0.024171 -0.190504 -0.375215 -0.533869 -0.747698 -0.871199 -0.893980 -0.955632 -0.992213 0.988141 0.968437 0.913780 0.762883 0.593624 0.411776 0.185691 -0.009596 -0.209834 -0.403164 -0.570273 -0.750864 -0.870127 -0.895222 -0.962938 -0.993263 
49.664558 283498.531250 56 56 64 0.625183 0.799178 0.841338 0.993185 0.984455 0.964534 0.873217 0.804214 0.689048 0.407502 0.203823 -0.102351 -0.204472 -0.268176 -0.503575 -0.777501 -0.882738 -0.923750 -0.983510 0.992982 0.986304 0.966950 0.892231 0.802518 0.684978 0.369356 0.216071 -0.128406 -0.238754 -0.418076 -0.662370 -0.846765 -0.893969 -0.941111 -0.986871 
51.268921 1504647.250000 64 66 68 0.874636 0.933360 0.725463 0.989305 0.978800 0.932337 0.865161 0.804304 0.551846 0.325959 0.223662 -0.027658 -0.188786 -0.255387 -0.454277 -0.600471 -0.759145 -0.906494 -0.974949 0.991972 0.982940 0.953033 0.857619 0.817326 0.678188 0.365307 0.209385 -0.080444 -0.196105 -0.250686 -0.398512 -0.659127 -0.858285 -0.907465 -0.976751 
57.611214 7456174.500000 68 72 74 0.792378 0.848740 0.990614 0.979928 0.966874 0.925743 0.865770 0.821690 0.603961 0.263365 0.202405 0.022183 -0.187232 -0.255083 -0.549712 -0.625579 -0.707481 -0.756853 -0.920601 0.982478 0.969443 0.924181 0.870010 0.814175 0.552136 0.278660 0.209753 -0.024284 -0.178292 -0.268856 -0.533399 -0.627127 -0.693979 -0.824512 -0.968326 
57.403015 4618098.000000 74 74 74 0.992635 0.985612 0.980644 0.980165 0.969070 0.930312 0.868339 0.825508 0.605763 0.268306 0.214485 0.029557 -0.194695 -0.257584 -0.547831 -0.628996 -0.711122 -0.750651 -0.924393 0.979897 0.967542 0.927822 0.865196 0.825783 0.611941 0.253204 0.204997 -0.012530 -0.197714 -0.255547 -0.557003 -0.624640 -0.703608 -0.744051 -0.906938 
57.091732 2969036.750000 74 74 74 0.985700 0.991146 0.983815 0.980201 0.970998 0.935589 0.869856 0.824487 0.624704 0.288186 0.222998 0.092921 -0.201944 -0.268830 -0.509598 -0.639107 -0.714574 -0.791738 -0.953965 0.980235 0.970631 0.931957 0.869706 0.823096 0.608399 0.282690 0.223889 0.049101 -0.195927 -0.272451 -0.544592 -0.646535 -0.722380 -0.788875 -0.958729 
56.066986 2567960.750000 74 74 76 0.985609 0.945001 0.989425 0.981959 0.972248 0.942918 0.871555 0.788788 0.551461 0.337454 0.268229 0.090848 -0.182567 -0.324871 -0.569043 -0.669423 -0.719967 -0.772276 -0.941444 0.980780 0.971574 0.938067 0.870743 0.814195 0.607433 0.303415 0.229840 0.092393 -0.198696 -0.291053 -0.560580 -0.662430 -0.717028 -0.766721 -0.935874 
53.778156 816386.500000 76 76 78 0.991547 0.968225 0.928038 0.984316 0.972190 0.955538 0.853095 0.749079 0.584605 0.399467 0.342328 0.204818 -0.051772 -0.226249 -0.418570 -0.704460 -0.781756 -0.869536 -0.962853 0.983326 0.972375 0.950152 0.859663 0.772866 0.566586 0.341989 0.276046 0.154986 -0.143634 -0.248665 -0.525236 -0.682923 -0.747697 -0.814050 -0.936916 
46.139259 692055.500000 78 86 74 0.911816 0.712695 0.699946 0.983118 0.966343 0.918213 0.817551 0.701027 0.472427 0.389103 0.276090 0.115643 -0.249731 -0.484542 -0.545112 -0.712079 -0.788111 -0.875584 -0.973950 0.984446 0.971956 0.954160 0.836752 0.760156 0.542332 0.400608 0.325754 0.179759 -0.068031 -0.332597 -0.513120 -0.697748 -0.787145 -0.872587 -0.969537 
47.320511 491300.343750 74 72 74 0.662126 0.935829 0.973118 0.987813 0.969275 0.954294 0.841959 0.683035 0.588899 0.426695 0.374851 0.234609 0.039476 -0.405290 -0.493704 -0.581111 -0.751903 -0.888249 -0.977619 0.985919 0.966900 0.944589 0.810622 0.690780 0.523808 0.387329 0.311841 0.150701 -0.152654 -0.468156 -0.518483 -0.662551 -0.781139 -0.876575 -0.979631 
50.231972 307185.593750 74 76 76 0.973389 0.964670 0.975312 0.986384 0.973379 0.954867 0.854780 0.713692 0.625476 0.465226 0.401188 0.310185 0.041164 -0.255535 -0.464984 -0.633941 -0.779665 -0.904564 -0.971939 0.986827 0.971282 0.955261 0.863485 0.699928 0.600501 0.432563 0.370249 0.269115 0.036127 -0.264764 -0.473170 -0.577831 -0.772945 -0.894190 -0.974245 
50.648720 418475.125000 76 76 78 0.978986 0.944300 0.970572 0.985936 0.974045 0.954494 0.833307 0.683326 0.619735 0.468129 0.404077 0.301522 0.042069 -0.183181 -0.442161 -0.583416 -0.766373 -0.892030 -0.969525 0.985909 0.974506 0.953266 0.846736 0.705336 0.640770 0.477408 0.412400 0.327628 0.060317 -0.250887 -0.466181 -0.622765 -0.790216 -0.893315 -0.968656 
51.077507 595938.500000 78 80 80 0.974592 0.952615 0.936694 0.984849 0.975165 0.951486 0.817605 0.659898 0.577282 0.418845 0.379408 0.190490 0.039742 -0.123025 -0.494963 -0.535087 -0.712853 -0.880202 -0.962981 0.985003 0.973848 0.955137 0.820610 0.670664 0.607381 0.439862 0.396017 0.275021 0.048135 -0.192689 -0.490538 -0.536100 -0.746263 -0.893281 -0.962805 
44.615208 2283875.250000 80 82 82 0.923038 0.863254 0.595657 0.990315 0.973197 0.920981 0.738299 0.601140 0.360011 0.263311 0.107562 -0.104265 -0.238285 -0.387009 -0.574957 -0.670459 -0.788438 -0.886737 -0.971248 0.986330 0.976496 0.951669 0.800200 0.645691 0.546847 0.370989 0.324424 0.183463 0.047493 -0.220336 -0.496850 -0.552450 -0.744227 -0.877986 -0.969741 
47.346268 13042064.000000 76 78 72 0.743964 0.300905 0.816893 0.983109 0.959707 0.765586 0.627990 0.342524 0.193582 -0.095500 -0.194899 -0.300301 -0.412970 -0.576948 -0.686885 -0.742625 -0.840654 -0.919197 -0.993006 0.991563 0.968605 0.809362 0.672228 0.427267 0.239044 0.094055 -0.127173 -0.205817 -0.324950 -0.448945 -0.627661 -0.748049 -0.824170 -0.910488 -0.991148 
54.580158 8900336.000000 74 78 76 0.800077 0.450218 0.683339 0.980266 0.941737 0.744822 0.638437 0.359454 0.210293 -0.116399 -0.318434 -0.454209 -0.568357 -0.638232 -0.700939 -0.775651 -0.854791 -0.928892 -0.982302 0.978072 0.944265 0.755214 0.625018 0.347693 0.199041 -0.104798 -0.259158 -0.383115 -0.537078 -0.632724 -0.697892 -0.746205 -0.838003 -0.927172 -0.984311 
53.066502 5991873.500000 148 148 148 0.559304 0.694624 0.635069 0.982048 0.939732 0.803644 0.642706 0.445623 0.133983 -0.137780 -0.263557 -0.515215 -0.604622 -0.653972 -0.726055 -0.826966 -0.880364 -0.961687 -0.986511 0.984389 0.938579 0.794144 0.631543 0.389117 0.171993 -0.137968 -0.301875 -0.509186 -0.581066 -0.641007 -0.713400 -0.823490 -0.862837 -0.953800 -0.986017 
52.115044 4036016.750000 72 70 50 0.506997 0.424258 0.574367 0.974984 0.930450 0.803875 0.651197 0.482032 0.192194 -0.186080 -0.281412 -0.452673 -0.620445 -0.688226 -0.743237 -0.845948 -0.892066 -0.963912 -0.998288 0.978466 0.935884 0.802160 0.643274 0.472780 0.148913 -0.157054 -0.272975 -0.486250 -0.610035 -0.681571 -0.721842 -0.830016 -0.901692 -0.965916 -0.994162 
45.564404 1144387.000000 52 54 80 0.623174 0.426627 0.435695 0.967122 0.935939 0.813386 0.644905 0.494904 0.261126 0.050726 -0.244101 -0.336744 -0.434100 -0.639578 -0.771998 -0.822300 -0.865357 -0.927507 -0.985650 0.968318 0.932312 0.803097 0.623475 0.462934 0.209781 -0.093497 -0.289779 -0.357678 -0.538116 -0.688347 -0.774823 -0.827837 -0.863977 -0.959123 -0.996652 
50.112915 15263699.000000 50 64 72 0.375854 0.858290 0.780563 0.978121 0.955188 0.920868 0.857830 0.721227 0.508986 0.252118 0.175364 -0.106909 -0.289002 -0.357278 -0.604042 -0.741252 -0.821667 -0.917937 -0.986887 0.985373 0.961044 0.930640 0.861235 0.726430 0.476347 0.226350 -0.007359 -0.291617 -0.356057 -0.581969 -0.716185 -0.818821 -0.869739 -0.928453 -0.981982 
53.597340 25958082.000000 74 78 78 0.793518 0.958884 0.954580 0.972429 0.943248 0.908413 0.838682 0.705936 0.510155 0.264753 0.207812 -0.061203 -0.226595 -0.364778 -0.590534 -0.745826 -0.824184 -0.900723 -0.985290 0.975181 0.948297 0.915661 0.849769 0.710094 0.496713 0.259845 0.193534 -0.060888 -0.268207 -0.346503 -0.588494 -0.744727 -0.829836 -0.905488 -0.984361 
53.880154 36254540.000000 80 80 80 0.930284 0.989535 0.975551 0.972812 0.937961 0.900658 0.817217 0.685863 0.468707 0.288674 0.217237 0.039445 -0.194477 -0.319140 -0.580587 -0.751557 -0.797173 -0.869168 -0.971080 0.971394 0.938981 0.903093 0.824496 0.700291 0.493304 0.280314 0.208170 0.004185 -0.193659 -0.327431 -0.567623 -0.719558 -0.815904 -0.856232 -0.955919 
54.431438 40765448.000000 80 80 80 0.980096 0.975989 0.955986 0.975520 0.939653 0.908156 0.794206 0.624808 0.502676 0.305734 0.228005 0.078072 -0.128686 -0.346729 -0.577096 -0.723316 -0.794100 -0.838864 -0.945199 0.974991 0.938091 0.904079 0.815349 0.646344 0.485965 0.300490 0.229406 0.072112 -0.150329 -0.295663 -0.569245 -0.734397 -0.785804 -0.862014 -0.969679 
54.423275 37672332.000000 80 80 80 0.959812 0.566698 0.959029 0.975447 0.951622 0.917209 0.763696 0.583961 0.486423 0.295271 0.233738 0.086585 -0.131633 -0.273409 -0.556809 -0.709397 -0.782161 -0.857901 -0.941883 0.972173 0.946490 0.905598 0.793100 0.612199 0.505906 0.323539 0.221351 0.047879 -0.147189 -0.307038 -0.557553 -0.729634 -0.818070 -0.863072 -0.943686 
55.255222 33848392.000000 80 82 82 0.939228 0.930540 0.933057 0.979091 0.963541 0.917328 0.691649 0.545117 0.431411 0.322474 0.256638 0.058771 -0.174184 -0.267915 -0.492085 -0.607545 -0.765218 -0.845970 -0.940848 0.977226 0.955092 0.921666 0.743610 0.574797 0.466546 0.303848 0.248273 0.063140 -0.154402 -0.264370 -0.521437 -0.657880 -0.784411 -0.856088 -0.932738 
51.943432 3650924.750000 82 86 88 0.915944 0.708769 0.582662 0.987302 0.970827 0.932009 0.721284 0.498549 0.436079 0.362201 0.298634 0.060987 -0.205777 -0.257928 -0.508207 -0.597102 -0.743914 -0.849932 -0.975804 0.983666 0.968371 0.923722 0.684455 0.506200 0.435193 0.353688 0.272621 0.044172 -0.197127 -0.257214 -0.506389 -0.596780 -0.711078 -0.830685 -0.969363 
35.165180 328175.093750 88 80 80 0.409407 0.583253 0.527075 0.978450 0.953879 0.880339 0.750448 0.598324 0.493215 0.385773 0.290368 0.034359 -0.177304 -0.308618 -0.556947 -0.696131 -0.764673 -0.855476 -0.962995 0.988108 0.961308 0.907643 0.730184 0.557316 0.483105 0.375177 0.287971 0.051417 -0.222371 -0.293375 -0.525563 -0.691776 -0.775971 -0.867405 -0.974145 
32.393444 138727.171875 80 80 80 0.565667 0.571122 0.758183 0.976365 0.957698 0.899422 0.713407 0.593835 0.507121 0.405212 0.285490 0.139113 -0.115340 -0.209286 -0.519027 -0.686851 -0.794097 -0.888528 -0.976282 0.978571 0.958460 0.871548 0.753816 0.591672 0.503452 0.400997 0.278711 0.083392 -0.133566 -0.236259 -0.544936 -0.667289 -0.769579 -0.858407 -0.973673 
31.909107 204263.390625 80 80 72 0.724678 0.645189 0.631772 0.960384 0.921217 0.859151 0.809701 0.680580 0.555031 0.415986 0.320775 0.120663 -0.211222 -0.426586 -0.609313 -0.673550 -0.739693 -0.863018 -0.963835 0.977408 0.955068 0.889895 0.715968 0.613412 0.512394 0.401248 0.293976 0.130576 -0.116911 -0.246682 -0.509122 -0.691954 -0.795091 -0.903474 -0.971173 
39.835182 185119.921875 44 58 58 0.342607 0.449587 0.504968 0.980352 0.957972 0.875239 0.814700 0.744265 0.596489 0.433088 0.299128 0.099310 -0.227809 -0.456450 -0.630979 -0.675077 -0.736551 -0.837350 -0.970764 0.962948 0.932953 0.858551 0.815441 0.723959 0.602902 0.463730 0.333774 0.139644 -0.282675 -0.507379 -0.630882 -0.678362 -0.732221 -0.803163 -0.953924 
50.098625 405861.750000 76 68 76 0.285538 0.844555 0.897549 0.984267 0.972655 0.949460 0.894044 0.825619 0.601878 0.384712 0.239745 0.171075 -0.076462 -0.207612 -0.501325 -0.690597 -0.746501 -0.874545 -0.968971 0.985972 0.971803 0.949880 0.890934 0.812193 0.586047 0.380147 0.265162 0.180967 -0.072355 -0.275667 -0.572966 -0.681009 -0.737930 -0.893204 -0.971528 
52.986923 272671.812500 76 78 78 0.879818 0.962793 0.950398 0.983173 0.972784 0.954122 0.895498 0.849722 0.686705 0.425529 0.236657 0.124775 -0.104000 -0.199004 -0.526536 -0.692198 -0.763371 -0.895105 -0.973569 0.983690 0.973554 0.953457 0.895682 0.840911 0.664118 0.399371 0.242180 0.140731 -0.104128 -0.194052 -0.564532 -0.703497 -0.749429 -0.879350 -0.971027 
52.366249 208399.421875 78 76 76 0.945231 0.977129 0.966519 0.984237 0.972439 0.956583 0.891581 0.869256 0.743181 0.398109 0.186146 -0.022214 -0.129067 -0.235892 -0.520552 -0.710874 -0.760235 -0.881549 -0.969506 0.982897 0.972167 0.955773 0.894809 0.866933 0.690057 0.405508 0.222699 0.029398 -0.110380 -0.222766 -0.501998 -0.703048 -0.787587 -0.886258 -0.972972 
52.452030 325149.562500 76 74 74 0.973118 0.979807 0.984568 0.984700 0.972218 0.956804 0.889972 0.866101 0.747589 0.324441 0.052585 -0.094014 -0.161256 -0.228210 -0.432196 -0.726147 -0.762647 -0.844352 -0.963874 0.984076 0.971784 0.956594 0.891434 0.867577 0.738769 0.383085 0.116822 -0.080426 -0.158453 -0.241929 -0.446968 -0.718782 -0.761884 -0.858292 -0.967025 
51.389839 372029.718750 74 72 72 0.984648 0.976135 0.951609 0.985066 0.974121 0.952057 0.887805 0.857647 0.740162 0.227178 -0.019271 -0.080648 -0.190575 -0.237926 -0.518540 -0.712345 -0.753650 -0.808465 -0.949564 0.984919 0.973095 0.955568 0.888183 0.861633 0.768193 0.272726 -0.011989 -0.079660 -0.182936 -0.243660 -0.499035 -0.708645 -0.757960 -0.803429 -0.951929 
47.012199 409514.750000 72 70 70 0.953546 0.879228 0.820060 0.986688 0.976294 0.943712 0.891541 0.845244 0.616732 0.143511 -0.062289 -0.166250 -0.294516 -0.542441 -0.653161 -0.727408 -0.802814 -0.935626 -0.981222 0.985559 0.975954 0.950283 0.892895 0.855317 0.733544 0.219928 -0.032198 -0.101202 -0.197843 -0.275909 -0.553844 -0.707344 -0.751124 -0.823663 -0.953044 
44.311146 2010859.000000 70 70 74 0.709316 0.784903 0.558270 0.986036 0.971531 0.923362 0.835848 0.548821 0.368996 -0.080332 -0.240700 -0.353367 -0.561431 -0.689887 -0.748791 -0.843703 -0.928054 -0.975202 -0.987627 0.987763 0.977142 0.931657 0.872180 0.709515 0.412590 0.035360 -0.180094 -0.355256 -0.614959 -0.673453 -0.750752 -0.805095 -0.896760 -0.969714 -0.988505 
46.356674 2961711.250000 76 78 74 0.461003 0.555008 0.678582 0.980153 0.964300 0.884813 0.714708 0.498473 0.220321 -0.201910 -0.250116 -0.386690 -0.519031 -0.686955 -0.749212 -0.828735 -0.891992 -0.973492 -0.988086 0.981193 0.968106 0.914610 0.763475 0.518006 0.282921 -0.180983 -0.245480 -0.354129 -0.507028 -0.665683 -0.743514 -0.850537 -0.902191 -0.975342 -0.989187 
48.244396 3096001.750000 74 72 72 0.699547 0.640201 0.688861 0.979683 0.945705 0.819716 0.682580 0.480337 0.168317 -0.195112 -0.267231 -0.451822 -0.539368 -0.668385 -0.759155 -0.855240 -0.918374 -0.962690 -0.983871 0.983035 0.959835 0.849617 0.686237 0.491550 0.127420 -0.197983 -0.254255 -0.434002 -0.532643 -0.670497 -0.747811 -0.828263 -0.895650 -0.969817 -0.987433 
47.442810 2004812.125000 72 72 150 0.607622 0.723232 0.575507 0.972500 0.954377 0.831176 0.625357 0.405461 0.141862 -0.181338 -0.253511 -0.367824 -0.505090 -0.662905 -0.738173 -0.801569 -0.885413 -0.947309 -0.983492 0.975217 0.953058 0.838251 0.655924 0.458956 0.082812 -0.199467 -0.271401 -0.425591 -0.529410 -0.699554 -0.764549 -0.854689 -0.920375 -0.960438 -0.984473 
30.062601 135327.453125 58 74 54 0.629504 0.659708 0.554846 0.978558 0.957586 0.890308 0.783285 0.506354 0.305134 0.061636 -0.158172 -0.263628 -0.409728 -0.622143 -0.741687 -0.839399 -0.885058 -0.952047 -0.976190 0.974156 0.952957 0.866494 0.707170 0.414996 0.272343 -0.024723 -0.220105 -0.283801 -0.398064 -0.589572 -0.702689 -0.794004 -0.876078 -0.944372 -0.980290 
26.356777 67532.203125 50 76 148 0.578020 0.542579 0.693137 0.978560 0.957299 0.907238 0.783381 0.587004 0.381314 0.132603 -0.160296 -0.314943 -0.451644 -0.640280 -0.738173 -0.862346 -0.923753 -0.964766 -0.984273 0.978836 0.959858 0.907032 0.772840 0.569849 0.342246 0.090203 -0.147743 -0.283526 -0.459810 -0.646820 -0.749667 -0.857629 -0.910340 -0.958645 -0.980469 
24.771782 37969.699219 148 70 48 0.697128 0.495368 0.431788 0.984282 0.962954 0.908934 0.811545 0.582199 0.398521 0.188356 -0.051718 -0.302951 -0.500384 -0.682221 -0.753844 -0.856076 -0.909732 -0.954520 -0.979336 0.981800 0.960959 0.914268 0.808754 0.592821 0.394910 0.154264 -0.115966 -0.327923 -0.481269 -0.662963 -0.751732 -0.864997 -0.918936 -0.962190 -0.983434 
23.994629 27058.265625 50 62 52 0.306276 0.510302 0.547350 0.984506 0.961194 0.910168 0.819388 0.612568 0.435491 0.245807 -0.025906 -0.234271 -0.426503 -0.630948 -0.783775 -0.895787 -0.926016 -0.964149 -0.981507 0.985425 0.964020 0.888419 0.810972 0.602151 0.395673 0.212079 -0.051182 -0.268179 -0.464712 -0.695041 -0.775645 -0.874898 -0.922689 -0.959305 -0.978737 
20.371473 16717.132812 52 212 52 0.600781 0.411060 0.568168 0.983046 0.963256 0.919337 0.829200 0.609210 0.431522 0.255218 0.016090 -0.188648 -0.379561 -0.589654 -0.734559 -0.882478 -0.924946 -0.956834 -0.978586 0.984757 0.960158 0.914519 0.819550 0.626854 0.450496 0.254355 0.033145 -0.193693 -0.403747 -0.613537 -0.754526 -0.886038 -0.925620 -0.955843 -0.977808 
33.062023 2092497.500000 84 50 60 0.674769 0.415950 0.315737 0.952040 0.904250 0.830779 0.656296 0.577608 0.372249 0.280488 0.111322 -0.152055 -0.220469 -0.425746 -0.539639 -0.659768 -0.894290 -0.964269 -0.986731 0.963420 0.918764 0.810042 0.674821 0.616118 0.409507 0.273937 0.157169 -0.146514 -0.233550 -0.451260 -0.540184 -0.752958 -0.909013 -0.958515 -0.984847 
33.400043 1111889.500000 62 20 52 0.381088 0.394122 0.410141 0.956383 0.837019 0.762666 0.657187 0.575388 0.444558 0.310924 0.120952 -0.140136 -0.214335 -0.391138 -0.480559 -0.712092 -0.914903 -0.962082 -0.981126 0.962165 0.896095 0.788798 0.655807 0.570525 0.429181 0.305197 0.076835 -0.165814 -0.230659 -0.402425 -0.487341 -0.738251 -0.915675 -0.967218 -0.986178 
36.983727 818239.437500 52 48 58 0.385345 0.350570 0.857017 0.990001 0.979411 0.876425 0.733125 0.652306 0.517670 0.402258 0.224883 -0.077106 -0.206300 -0.413081 -0.519853 -0.717814 -0.884520 -0.968081 -0.986273 0.973224 0.857038 0.777131 0.700566 0.581684 0.451967 0.316886 0.141742 -0.127498 -0.202092 -0.415287 -0.507745 -0.728013 -0.912237 -0.969233 -0.983885 
50.934158 4394666.000000 56 64 68 0.734197 0.901965 0.891207 0.986218 0.976004 0.947825 0.737899 0.611545 0.495774 0.391849 0.331699 0.016767 -0.144469 -0.358568 -0.512889 -0.644358 -0.805554 -0.929214 -0.980245 0.988162 0.977004 0.956012 0.750604 0.653151 0.559429 0.427189 0.347537 -0.020017 -0.230544 -0.342398 -0.475664 -0.687126 -0.862949 -0.946324 -0.980904 
48.501934 25932132.000000 68 72 74 0.890168 0.829430 0.815971 0.991440 0.976667 0.837173 0.610138 0.488706 0.293296 0.228874 -0.075167 -0.142720 -0.298998 -0.473098 -0.569645 -0.730590 -0.822714 -0.929296 -0.983817 0.988090 0.975246 0.931840 0.648127 0.556477 0.390096 0.324802 0.210001 -0.054736 -0.167887 -0.394483 -0.544201 -0.686756 -0.802645 -0.918118 -0.984899 
51.559032 21299150.000000 74 70 58 0.709592 0.780183 0.657169 0.987556 0.950219 0.683075 0.574332 0.405517 0.130737 -0.109037 -0.177905 -0.301344 -0.412335 -0.543441 -0.645992 -0.745545 -0.841118 -0.937627 -0.986536 0.993083 0.967444 0.712669 0.597203 0.372922 0.214939 -0.051276 -0.149620 -0.216240 -0.369839 -0.488062 -0.602885 -0.755261 -0.841532 -0.941778 -0.985015 
54.094429 21156422.000000 58 52 58 0.549755 0.471829 0.531512 0.983589 0.940067 0.751840 0.576338 0.430673 0.191409 -0.100735 -0.260563 -0.395898 -0.537425 -0.654200 -0.717454 -0.793509 -0.855272 -0.950054 -0.985657 0.984496 0.946275 0.687825 0.557784 0.444386 0.140129 -0.122514 -0.222394 -0.358415 -0.463613 -0.606523 -0.678893 -0.751387 -0.849254 -0.934775 -0.982266 
55.440392 15484568.000000 128 148 116 0.535716 0.640868 0.567038 0.976733 0.923645 0.748183 0.564735 0.418113 0.179853 -0.135246 -0.245739 -0.390909 -0.529976 -0.671072 -0.790333 -0.841323 -0.902429 -0.952822 -0.987777 0.982348 0.927387 0.757584 0.571218 0.412107 0.201222 -0.113057 -0.260295 -0.384364 -0.560412 -0.680625 -0.769705 -0.824378 -0.889601 -0.947537 -0.984767 
51.870819 8034713.500000 116 130 66 0.497370 0.471884 0.482768 0.980984 0.912554 0.736847 0.551400 0.417437 0.221797 -0.135125 -0.231709 -0.387190 -0.555253 -0.639119 -0.765791 -0.837133 -0.908852 -0.956805 -0.993263 0.975952 0.923890 0.736423 0.567849 0.432437 0.187657 -0.136782 -0.242271 -0.392317 -0.544032 -0.649648 -0.768589 -0.836052 -0.909757 -0.956489 -0.992847 
52.219856 6397988.500000 62 148 58 0.546264 0.532021 0.560742 0.976167 0.933908 0.738859 0.573054 0.486438 0.231009 -0.029632 -0.213879 -0.388428 -0.529003 -0.642488 -0.793105 -0.877552 -0.934791 -0.972836 -0.987737 0.974589 0.918708 0.734049 0.556392 0.461445 0.230735 -0.115486 -0.219010 -0.387669 -0.547986 -0.627961 -0.784055 -0.859996 -0.919664 -0.966344 -0.989011 
48.960449 3943883.750000 52 76 150 0.577710 0.509723 0.583375 0.974427 0.925943 0.711547 0.549026 0.433200 0.220745 -0.047146 -0.238745 -0.365600 -0.529776 -0.670027 -0.773795 -0.846689 -0.918036 -0.966443 -0.989956 0.975048 0.930034 0.712809 0.561574 0.454285 0.210592 0.003799 -0.223627 -0.360018 -0.516871 -0.666591 -0.782577 -0.855937 -0.924850 -0.966497 -0.982476 
50.133877 4754028.500000 98 82 74 0.453296 0.419064 0.464972 0.974926 0.930029 0.738223 0.579879 0.472660 0.248328 -0.104491 -0.260409 -0.393302 -0.488020 -0.653771 -0.769165 -0.850162 -0.936411 -0.968849 -0.991185 0.977005 0.926625 0.724338 0.550241 0.452700 0.212913 -0.100780 -0.257952 -0.407419 -0.514839 -0.647199 -0.776477 -0.844329 -0.925236 -0.968628 -0.991827 
49.076653 3238511.000000 130 58 50 0.649615 0.602964 0.574191 0.971874 0.925656 0.761890 0.546015 0.459796 0.238329 -0.110734 -0.205676 -0.394325 -0.511468 -0.618046 -0.753362 -0.852877 -0.936987 -0.970081 -0.991539 0.974082 0.928548 0.764316 0.573320 0.459955 0.241747 -0.114529 -0.216934 -0.386081 -0.489611 -0.680031 -0.758708 -0.845157 -0.947645 -0.970661 -0.993210 
48.476265 7221269.000000 54 56 56 0.501640 0.609820 0.782757 0.974717 0.933319 0.683129 0.486867 0.386209 0.172454 -0.054613 -0.268101 -0.398283 -0.488416 -0.617696 -0.753757 -0.810726 -0.905771 -0.957797 -0.989911 0.968571 0.937259 0.696884 0.525841 0.419918 0.196906 -0.033345 -0.245816 -0.414937 -0.505041 -0.589223 -0.747347 -0.820869 -0.924201 -0.956787 -0.990600 
45.107491 7779619.500000 54 50 52 0.404920 0.578250 0.839511 0.991397 0.979498 0.956589 0.680113 0.432451 0.372323 0.203088 -0.051717 -0.206516 -0.404006 -0.500335 -0.655190 -0.793331 -0.870039 -0.940295 -0.983639 0.988712 0.964286 0.725564 0.470648 0.408137 0.218031 0.018707 -0.228433 -0.333482 -0.438963 -0.567834 -0.739309 -0.802784 -0.875877 -0.939285 -0.987061 
52.618622 15756265.000000 52 56 56 0.904693 0.993960 0.994904 0.989592 0.975697 0.966421 0.715107 0.390568 0.339267 0.256472 0.099266 -0.120996 -0.261039 -0.434344 -0.512376 -0.703172 -0.860908 -0.934592 -0.970578 0.990121 0.976485 0.964328 0.657438 0.419907 0.350943 0.277351 0.085981 -0.137494 -0.301559 -0.469923 -0.541318 -0.738664 -0.851356 -0.938600 -0.973284 
53.940239 17647552.000000 56 56 56 0.996011 0.997632 0.975247 0.989833 0.975539 0.966164 0.748643 0.359998 0.271818 0.198239 0.060556 -0.108010 -0.217108 -0.398456 -0.451331 -0.710090 -0.824741 -0.930711 -0.965034 0.989927 0.975755 0.966643 0.731941 0.367833 0.312197 0.213372 0.060917 -0.104343 -0.217740 -0.420305 -0.479571 -0.719749 -0.831846 -0.924086 -0.968902 
53.571163 14717344.000000 56 56 56 0.991663 0.949738 0.978630 0.989373 0.975472 0.966166 0.770908 0.368650 0.289512 0.174104 0.008759 -0.086978 -0.181256 -0.374062 -0.552038 -0.742039 -0.777748 -0.904626 -0.963324 0.989567 0.974417 0.965027 0.739647 0.352085 0.268076 0.192513 0.031209 -0.101384 -0.217641 -0.359878 -0.474055 -0.710337 -0.784796 -0.906455 -0.967908 
54.305717 15893705.000000 56 58 58 0.974927 0.976104 0.995675 0.989700 0.976470 0.969414 0.767484 0.327403 0.246087 0.148206 0.023785 -0.113362 -0.231328 -0.342426 -0.568390 -0.733168 -0.782555 -0.887620 -0.959140 0.989169 0.975718 0.967697 0.803370 0.317538 0.259047 0.156137 0.003360 -0.108572 -0.246350 -0.351037 -0.565088 -0.739150 -0.778164 -0.905317 -0.975486 
53.760376 13252948.000000 58 58 60 0.995807 0.981980 0.987839 0.989358 0.977405 0.969277 0.757860 0.335286 0.265199 0.156021 0.053324 -0.132736 -0.241393 -0.397367 -0.610949 -0.707232 -0.782910 -0.875512 -0.938471 0.989150 0.976644 0.968676 0.717207 0.337019 0.244589 0.148842 0.030850 -0.132450 -0.233989 -0.361784 -0.609461 -0.715177 -0.783523 -0.880068 -0.966488 
50.942337 3804986.750000 58 60 64 0.951380 0.971068 0.829582 0.991545 0.980633 0.970072 0.708576 0.377706 0.301252 0.206050 0.097229 -0.136147 -0.274664 -0.424964 -0.540876 -0.636179 -0.782172 -0.897615 -0.966826 0.990000 0.978205 0.970068 0.747656 0.345475 0.258884 0.182668 0.081555 -0.126384 -0.243451 -0.399098 -0.565223 -0.705707 -0.777568 -0.871023 -0.952868 
41.284225 1493730.625000 64 68 66 0.887823 0.797509 0.865885 0.992992 0.977092 0.956420 0.745483 0.397384 0.352962 0.167948 0.057165 -0.155651 -0.326008 -0.477606 -0.531283 -0.657714 -0.762504 -0.858201 -0.961279 0.992798 0.981335 0.958699 0.772356 0.417015 0.359350 0.183276 0.082185 -0.163547 -0.332908 -0.459653 -0.532275 -0.649437 -0.770655 -0.906605 -0.960703 
52.900215 6860751.500000 66 66 64 0.874144 0.959132 0.987892 0.988734 0.979585 0.971055 0.748031 0.399102 0.354530 0.252795 0.151404 -0.074397 -0.239649 -0.386912 -0.460521 -0.551841 -0.703351 -0.791599 -0.965918 0.990994 0.980689 0.969384 0.659805 0.382950 0.337964 0.230694 0.116900 -0.093293 -0.280923 -0.432546 -0.495279 -0.604451 -0.745124 -0.815189 -0.961360 
59.124214 16767573.000000 64 66 68 0.989209 0.970639 0.953962 0.984910 0.979862 0.963873 0.768560 0.444581 0.364105 0.265286 0.171244 -0.017009 -0.234858 -0.353537 -0.449453 -0.544210 -0.649348 -0.713037 -0.971767 0.985865 0.979186 0.967948 0.785986 0.399405 0.345785 0.236573 0.160378 -0.066719 -0.217450 -0.360116 -0.436266 -0.529643 -0.628895 -0.742912 -0.949930 
59.184361 25028898.000000 68 70 74 0.982520 0.922310 0.985135 0.985842 0.977831 0.955741 0.734080 0.463259 0.422296 0.299362 0.213525 -0.009564 -0.259891 -0.378143 -0.461225 -0.602496 -0.683538 -0.744843 -0.988122 0.985137 0.979702 0.957698 0.742858 0.468212 0.423024 0.282945 0.196007 0.009895 -0.216368 -0.346882 -0.452083 -0.571608 -0.673586 -0.742479 -0.987439 
57.683708 12382830.000000 74 74 76 0.988041 0.964393 0.990989 0.986198 0.977376 0.958730 0.794751 0.500355 0.452609 0.314595 0.208528 0.033265 -0.253925 -0.366297 -0.457413 -0.581320 -0.682619 -0.720119 -0.950817 0.986139 0.977256 0.957365 0.758231 0.476295 0.444665 0.291890 0.206382 0.005394 -0.275542 -0.360978 -0.466038 -0.586471 -0.687219 -0.731366 -0.984646 
56.251110 5781543.500000 76 76 78 0.984849 0.991848 0.900059 0.986730 0.978349 0.959201 0.774261 0.535674 0.485164 0.322477 0.214347 0.049077 -0.213908 -0.346049 -0.440108 -0.554411 -0.632817 -0.726435 -0.945587 0.986408 0.977928 0.959153 0.810540 0.513948 0.460324 0.299337 0.194152 0.040788 -0.247383 -0.359954 -0.443286 -0.561979 -0.671197 -0.725262 -0.923532 
45.783878 287659.781250 76 74 72 0.932805 0.669556 0.838117 0.993437 0.981844 0.960477 0.759969 0.530152 0.447005 0.326459 0.167973 0.048809 -0.103278 -0.379916 -0.467722 -0.579451 -0.676463 -0.854584 -0.963663 0.988495 0.977888 0.962717 0.767914 0.557443 0.506003 0.334960 0.218041 0.030279 -0.205118 -0.355461 -0.427262 -0.549768 -0.645606 -0.776082 -0.952301 
38.155815 129009.039062 72 74 74 0.848692 0.901597 0.852891 0.990759 0.980207 0.960425 0.742914 0.500292 0.450144 0.288949 0.180721 0.086390 -0.079685 -0.371060 -0.451657 -0.570750 -0.684606 -0.884825 -0.968979 0.992308 0.983163 0.961374 0.714453 0.495094 0.447625 0.309272 0.182811 0.072893 -0.056700 -0.375778 -0.452537 -0.596720 -0.682605 -0.859370 -0.972704 
33.694000 65872.281250 74 72 72 0.850096 0.629775 0.592608 0.987564 0.979272 0.948870 0.708646 0.548887 0.474097 0.347172 0.226281 0.098173 -0.141584 -0.386155 -0.448547 -0.586535 -0.757842 -0.901180 -0.958565 0.989837 0.978162 0.954333 0.747407 0.512923 0.450714 0.324025 0.196743 0.107878 -0.127065 -0.389627 -0.455387 -0.553645 -0.708828 -0.905634 -0.971090 
29.350069 24384.191406 70 82 62 0.686703 0.608763 0.467374 0.987558 0.975104 0.949314 0.740862 0.526410 0.430138 0.319210 0.184764 0.106170 -0.122683 -0.386478 -0.461162 -0.676937 -0.790506 -0.907191 -0.966191 0.985818 0.975886 0.951412 0.733309 0.520460 0.433845 0.335337 0.183548 0.117228 -0.048108 -0.389254 -0.432079 -0.620747 -0.789262 -0.899696 -0.958618 
46.691940 19405634.000000 66 68 50 0.670848 0.614627 0.649753 0.968932 0.962379 0.824142 0.567676 0.477440 0.285492 0.092815 -0.202604 -0.284303 -0.478135 -0.547508 -0.637928 -0.740617 -0.826186 -0.918344 -0.976955 0.985833 0.965655 0.891839 0.619974 0.506410 0.370451 0.198514 -0.061021 -0.221017 -0.343279 -0.491605 -0.547042 -0.659240 -0.834361 -0.895777 -0.973027 
50.809521 2621909.750000 76 76 68 0.476254 0.701080 0.525349 0.975603 0.953472 0.728894 0.607962 0.470284 0.230997 0.013199 -0.214192 -0.356424 -0.479809 -0.530551 -0.575407 -0.673355 -0.814956 -0.907868 -0.977969 0.973177 0.965975 0.819766 0.581568 0.451289 0.218234 -0.028468 -0.243776 -0.353361 -0.506055 -0.554423 -0.603691 -0.721228 -0.817947 -0.915536 -0.975417 
34.531940 222294.156250 68 36 38 0.618321 0.698686 0.720577 0.983502 0.970450 0.835670 0.632736 0.534848 0.410899 0.173806 -0.097853 -0.329355 -0.428088 -0.514447 -0.588401 -0.734633 -0.806250 -0.898939 -0.971894 0.978858 0.955854 0.768307 0.609984 0.527316 0.339398 0.110615 -0.173426 -0.353250 -0.438294 -0.517330 -0.567437 -0.688171 -0.805897 -0.908460 -0.981139 
24.590416 75611.492188 148 40 48 0.789961 0.604419 0.497940 0.986315 0.972718 0.874988 0.714406 0.530478 0.392619 0.165372 -0.135242 -0.319694 -0.464876 -0.544135 -0.632434 -0.736925 -0.808404 -0.922823 -0.975345 0.986266 0.976875 0.860758 0.666626 0.549665 0.406499 0.181785 -0.093700 -0.292768 -0.430677 -0.522256 -0.599079 -0.727105 -0.825580 -0.919857 -0.970654 
23.518250 33059.726562 56 54 52 0.641406 0.578111 0.353100 0.980279 0.966621 0.917266 0.735615 0.529291 0.416149 0.225014 -0.071888 -0.340458 -0.437564 -0.540315 -0.580951 -0.704486 -0.784964 -0.884121 -0.974253 0.983215 0.971785 0.904328 0.722301 0.532281 0.411288 0.198133 -0.150774 -0.347599 -0.445612 -0.553170 -0.608283 -0.743166 -0.783018 -0.900460 -0.971804 
21.522635 17714.615234 46 46 118 0.412492 0.585113 0.553110 0.981892 0.969318 0.907320 0.777406 0.524652 0.416589 0.227887 0.022925 -0.308610 -0.458842 -0.536129 -0.570536 -0.697790 -0.770254 -0.899869 -0.959134 0.981443 0.966238 0.917665 0.759832 0.526876 0.426524 0.230671 -0.034799 -0.323303 -0.442822 -0.540613 -0.568599 -0.693485 -0.777877 -0.875764 -0.966067 
18.701042 11905.340820 118 130 212 0.441821 0.610672 0.287609 0.979587 0.957206 0.909046 0.785032 0.589518 0.453587 0.259522 0.032298 -0.192049 -0.443353 -0.533802 -0.569854 -0.650412 -0.789572 -0.898306 -0.953255 0.984115 0.964140 0.908164 0.784351 0.561170 0.431961 0.235204 0.021944 -0.248266 -0.450539 -0.533447 -0.569152 -0.657072 -0.777912 -0.906486 -0.958030 
15.375738 5437.523926 62 58 56 0.424185 0.620204 0.577918 0.983090 0.967810 0.906442 0.803112 0.637017 0.485452 0.263655 0.108610 -0.092405 -0.392020 -0.527623 -0.579075 -0.666129 -0.839508 -0.921570 -0.972579 0.984533 0.965982 0.914540 0.808043 0.617488 0.456256 0.228094 0.089960 -0.143015 -0.375471 -0.541737 -0.579497 -0.656560 -0.810770 -0.909113 -0.967364 
31.522861 685546.625000 84 86 92 0.413704 0.496615 0.355455 0.958267 0.924749 0.868491 0.794081 0.613737 0.461951 0.340001 0.224727 -0.083518 -0.246940 -0.378921 -0.487562 -0.565367 -0.846163 -0.945208 -0.979556 0.981781 0.965691 0.900822 0.788210 0.636767 0.454536 0.273889 0.094547 -0.124454 -0.337184 -0.495294 -0.573996 -0.686306 -0.842391 -0.922725 -0.972839 
50.934364 5204795.000000 174 118 68 0.403896 0.428116 0.924680 0.982153 0.970524 0.937375 0.825124 0.698740 0.550373 0.304777 0.219581 0.070645 -0.229393 -0.295239 -0.405158 -0.670077 -0.771281 -0.801499 -0.944464 0.982256 0.951692 0.892716 0.815416 0.617138 0.481786 0.334472 0.223437 -0.087161 -0.279685 -0.367590 -0.465599 -0.609538 -0.860688 -0.926457 -0.980812 
51.482906 379166.437500 68 72 70 0.855398 0.810947 0.443930 0.987294 0.970875 0.952324 0.832163 0.740899 0.581669 0.297982 0.218231 -0.050174 -0.212733 -0.255410 -0.509256 -0.721783 -0.768891 -0.804335 -0.951491 0.981993 0.969880 0.942684 0.822314 0.729902 0.584203 0.283397 0.226091 -0.043701 -0.207527 -0.267983 -0.394205 -0.677146 -0.760191 -0.787682 -0.870232 
31.508596 40191.988281 80 74 68 0.529065 0.644724 0.351092 0.986846 0.971152 0.926037 0.793771 0.715199 0.581820 0.343354 0.222629 0.018290 -0.229035 -0.325174 -0.518290 -0.714793 -0.782174 -0.868931 -0.962104 0.993216 0.970504 0.936210 0.812730 0.703421 0.569957 0.343101 0.225825 -0.081399 -0.243661 -0.302040 -0.522899 -0.747309 -0.788134 -0.854731 -0.961182 
27.625387 24205.841797 136 74 68 0.487683 0.548784 0.422883 0.987440 0.963994 0.924039 0.781089 0.723551 0.652113 0.321588 0.220064 0.054893 -0.213028 -0.309341 -0.516003 -0.667280 -0.796120 -0.888594 -0.958405 0.983851 0.967887 0.911097 0.773740 0.725264 0.604137 0.330769 0.225316 0.085122 -0.220392 -0.314702 -0.529125 -0.689858 -0.781950 -0.865145 -0.971625 
25.636856 9707.416992 68 62 148 0.418067 0.698743 0.670911 0.984381 0.967238 0.928995 0.793388 0.734554 0.661027 0.349202 0.184849 -0.002040 -0.230244 -0.370158 -0.564835 -0.702853 -0.834519 -0.922770 -0.972660 0.986558 0.965604 0.928814 0.810230 0.736907 0.687051 0.346897 0.207832 0.009186 -0.222799 -0.321875 -0.529458 -0.671423 -0.812996 -0.908950 -0.965708 
26.827677 477043.718750 148 102 50 0.723648 0.435597 0.556074 0.960384 0.926724 0.841212 0.693578 0.515124 0.422953 0.309496 0.183197 -0.121791 -0.298972 -0.452178 -0.597888 -0.711672 -0.832938 -0.897374 -0.956854 0.986525 0.958809 0.911948 0.781771 0.723181 0.597420 0.322543 0.197054 -0.049682 -0.248097 -0.401412 -0.588321 -0.714690 -0.846150 -0.913607 -0.975030 
37.487560 722211.625000 48 94 52 0.451796 0.345057 0.576414 0.957611 0.922828 0.876972 0.783632 0.615064 0.454611 0.259131 0.158284 -0.151268 -0.238641 -0.323993 -0.587016 -0.688643 -0.809692 -0.870525 -0.974385 0.957655 0.940108 0.834049 0.694426 0.528043 0.413114 0.277853 0.143333 -0.144836 -0.285629 -0.446139 -0.616340 -0.691909 -0.847822 -0.896975 -0.975042 
40.135574 1681023.875000 66 94 86 0.545139 0.494602 0.470095 0.926402 0.888540 0.868597 0.783268 0.640241 0.429916 0.214741 0.112140 -0.141693 -0.228720 -0.316198 -0.454710 -0.693842 -0.798719 -0.854414 -0.925969 0.928815 0.896583 0.878511 0.768291 0.645579 0.437256 0.214335 0.122556 -0.121937 -0.234101 -0.290663 -0.490863 -0.718712 -0.796621 -0.835777 -0.959844 
42.840103 1220492.250000 48 60 62 0.452861 0.557273 0.913364 0.988592 0.956185 0.889846 0.861410 0.763318 0.609573 0.317800 0.196857 -0.017846 -0.201810 -0.243710 -0.402249 -0.727396 -0.801344 -0.854178 -0.878932 0.963446 0.892309 0.871558 0.778601 0.661617 0.414485 0.246489 0.135253 -0.118070 -0.213362 -0.286707 -0.430050 -0.686194 -0.807179 -0.865630 -0.898620 
54.756855 14418650.000000 62 66 70 0.864284 0.896293 0.916305 0.975059 0.931864 0.896965 0.843722 0.734175 0.591318 0.342785 0.245637 0.139667 -0.122150 -0.246770 -0.366438 -0.706121 -0.766459 -0.820527 -0.857005 0.982775 0.946548 0.897329 0.869446 0.782937 0.658707 0.365292 0.224594 0.035393 -0.191179 -0.257607 -0.363466 -0.693099 -0.804939 -0.848615 -0.880343 
57.766224 31119824.000000 70 70 72 0.931838 0.969736 0.959865 0.970756 0.928505 0.893234 0.825582 0.724257 0.554640 0.315970 0.240761 0.123948 -0.130836 -0.240832 -0.372377 -0.655545 -0.739800 -0.819423 -0.876690 0.972257 0.929085 0.894824 0.830947 0.728689 0.560889 0.320296 0.241252 0.128029 -0.096696 -0.236732 -0.346676 -0.655546 -0.743920 -0.813158 -0.857356 
57.684631 31692620.000000 72 72 72 0.973657 0.973938 0.973456 0.970136 0.930490 0.897345 0.828798 0.693365 0.555002 0.320346 0.242371 0.137816 -0.143126 -0.260283 -0.373607 -0.652165 -0.743184 -0.808272 -0.862465 0.970598 0.929315 0.895042 0.828493 0.709659 0.562602 0.325486 0.254306 0.133088 -0.133509 -0.258418 -0.374928 -0.648765 -0.741807 -0.816554 -0.855072 
57.795670 44182104.000000 72 72 72 0.978017 0.940469 0.914906 0.968837 0.934505 0.905363 0.794669 0.642157 0.566884 0.306315 0.239196 0.078623 -0.156385 -0.276383 -0.370053 -0.654806 -0.733906 -0.800466 -0.832038 0.969269 0.931248 0.901367 0.808466 0.663772 0.554356 0.326521 0.251732 0.108424 -0.148580 -0.266705 -0.372991 -0.652232 -0.734464 -0.792881 -0.832172 
56.953491 35056392.000000 74 74 74 0.944483 0.972872 0.989501 0.971438 0.941607 0.916095 0.794398 0.608922 0.568806 0.314234 0.222946 0.059523 -0.184182 -0.306886 -0.394108 -0.615194 -0.749558 -0.816412 -0.859535 0.969142 0.938507 0.911169 0.790575 0.622698 0.559507 0.305991 0.228038 0.071762 -0.163167 -0.291252 -0.363814 -0.645598 -0.738937 -0.810861 -0.845031 
55.905975 20360256.000000 74 74 74 0.989133 0.987448 0.944355 0.977112 0.948032 0.920474 0.819879 0.607908 0.579935 0.326934 0.222191 0.074960 -0.176931 -0.315258 -0.404113 -0.608090 -0.735083 -0.820365 -0.859274 0.974677 0.944687 0.918370 0.807743 0.605602 0.573286 0.319050 0.225125 0.070102 -0.175554 -0.303937 -0.398391 -0.600010 -0.729073 -0.815547 -0.860379 
53.768257 13689595.000000 74 76 76 0.950708 0.953583 0.971620 0.979528 0.959787 0.918170 0.800116 0.641276 0.592576 0.292930 0.184968 0.043646 -0.165877 -0.330282 -0.403111 -0.603189 -0.750331 -0.822504 -0.858631 0.978741 0.952871 0.920601 0.806133 0.615986 0.583172 0.315411 0.206179 0.053294 -0.173018 -0.334201 -0.404441 -0.604423 -0.743089 -0.820385 -0.856541 
52.074821 3407459.750000 76 78 80 0.980936 0.938642 0.952769 0.980904 0.970121 0.928665 0.819904 0.705773 0.628506 0.302513 0.174286 0.073843 -0.193798 -0.298928 -0.479280 -0.693898 -0.767075 -0.824323 -0.858142 0.980520 0.965968 0.921898 0.812581 0.683018 0.614215 0.310855 0.189934 0.078603 -0.167308 -0.308398 -0.390302 -0.629301 -0.758980 -0.820594 -0.867894 
51.625175 1460241.250000 80 80 80 0.924759 0.972979 0.956819 0.982015 0.974428 0.936749 0.853001 0.703492 0.617188 0.471384 0.180104 0.049072 -0.179227 -0.356892 -0.567538 -0.687482 -0.788697 -0.839506 -0.873849 0.981161 0.973324 0.930843 0.839932 0.714110 0.633739 0.375538 0.163050 0.065937 -0.192186 -0.315197 -0.570053 -0.688230 -0.769717 -0.826829 -0.870085 
50.588871 1012905.062500 80 80 80 0.951849 0.966472 0.938108 0.981655 0.973950 0.931338 0.864221 0.738235 0.627036 0.478348 0.165751 0.044663 -0.218272 -0.301509 -0.571461 -0.656047 -0.796293 -0.859809 -0.905806 0.982462 0.975013 0.935719 0.859891 0.702761 0.604753 0.478904 0.178230 0.042770 -0.228776 -0.313698 -0.564383 -0.666591 -0.789230 -0.858378 -0.886965 
50.740337 1715342.000000 80 80 78 0.911598 0.878570 0.826527 0.980119 0.971928 0.940327 0.861980 0.741860 0.597005 0.362201 0.096221 -0.024677 -0.217947 -0.266587 -0.501585 -0.707544 -0.829214 -0.866956 -0.930183 0.981837 0.973376 0.931109 0.864654 0.740888 0.632482 0.395200 0.185739 0.052673 -0.192780 -0.282458 -0.553718 -0.690639 -0.816419 -0.868350 -0.914564 
50.341091 2932484.000000 78 82 80 0.814756 0.736760 0.683899 0.980476 0.968597 0.933309 0.843167 0.694445 0.586634 0.271207 0.104896 -0.007626 -0.223521 -0.278546 -0.433438 -0.713331 -0.817269 -0.855447 -0.935167 0.978182 0.969124 0.928227 0.841574 0.726225 0.611480 0.347238 0.060392 -0.033275 -0.232770 -0.274737 -0.449064 -0.715018 -0.823953 -0.857899 -0.957066 
48.144207 706595.062500 80 72 148 0.704482 0.588651 0.648798 0.982401 0.973030 0.951463 0.856876 0.687452 0.616169 0.346975 0.151429 -0.002764 -0.220013 -0.270320 -0.401094 -0.725633 -0.811534 -0.856668 -0.941079 0.983036 0.969019 0.942057 0.841387 0.693886 0.604745 0.272759 0.132530 0.014584 -0.210189 -0.278849 -0.387346 -0.713547 -0.811765 -0.855634 -0.912492 
45.987930 373229.062500 92 62 64 0.508525 0.623219 0.573014 0.985594 0.976841 0.954114 0.817090 0.660280 0.607725 0.315865 0.144806 0.051012 -0.192174 -0.283286 -0.341292 -0.676121 -0.789255 -0.855996 -0.971550 0.983152 0.975405 0.951307 0.857908 0.663453 0.611785 0.399196 0.180600 0.011565 -0.219712 -0.282319 -0.378437 -0.717119 -0.791955 -0.865009 -0.960765 
35.253311 65334.062500 32 148 154 0.448212 0.554552 0.651354 0.979773 0.967746 0.926008 0.785920 0.691241 0.652278 0.414065 0.108580 -0.010299 -0.195815 -0.313391 -0.443281 -0.766665 -0.858697 -0.927957 -0.982554 0.985471 0.978312 0.928611 0.782845 0.690474 0.601043 0.305157 0.121578 0.011022 -0.193955 -0.291461 -0.363082 -0.696743 -0.827599 -0.911454 -0.976689 
33.743053 1656333.625000 52 54 126 0.473441 0.803602 0.419451 0.966587 0.950312 0.830365 0.657251 0.502332 0.399609 0.207839 0.036692 -0.150019 -0.241954 -0.407828 -0.589191 -0.653332 -0.757552 -0.866524 -0.968809 0.977190 0.968055 0.916205 0.792693 0.682826 0.645968 0.430124 0.130504 -0.027579 -0.207268 -0.333998 -0.526683 -0.742113 -0.861096 -0.926328 -0.976353 
39.976772 3450168.000000 126 150 90 0.464343 0.565857 0.430271 0.966938 0.933437 0.770429 0.608111 0.531267 0.399345 0.239784 0.065975 -0.208919 -0.300323 -0.480201 -0.599387 -0.701356 -0.818392 -0.888565 -0.965801 0.964187 0.935318 0.792218 0.571440 0.476882 0.369530 0.186851 -0.042398 -0.199414 -0.281585 -0.501592 -0.609517 -0.685450 -0.800584 -0.891950 -0.974615 
28.080917 163311.421875 90 58 122 0.361990 0.349978 0.382812 0.973630 0.941035 0.834228 0.662605 0.547242 0.411370 0.224622 0.100834 -0.139469 -0.271029 -0.435761 -0.588682 -0.752216 -0.844078 -0.938140 -0.983346 0.964722 0.931687 0.809165 0.650619 0.550357 0.454830 0.262378 0.142952 -0.144359 -0.313572 -0.440005 -0.568765 -0.697572 -0.834059 -0.904092 -0.977417 
19.624716 39341.007812 56 58 56 0.571807 0.554751 0.316170 0.971637 0.955862 0.852393 0.684157 0.581254 0.480882 0.325669 0.094692 -0.104135 -0.261859 -0.426502 -0.587695 -0.705779 -0.807433 -0.923648 -0.977003 0.972707 0.949343 0.816765 0.665769 0.557931 0.415835 0.231693 0.066934 -0.117632 -0.252612 -0.418914 -0.598231 -0.722364 -0.839137 -0.928493 -0.979627 
17.469906 17669.068359 28 210 210 0.431081 0.430569 0.379209 0.979789 0.961336 0.886643 0.727742 0.626261 0.498343 0.354267 0.125557 -0.076151 -0.280896 -0.462058 -0.594253 -0.710142 -0.836478 -0.934316 -0.972932 0.976171 0.955845 0.870847 0.712053 0.592731 0.495546 0.355039 0.132288 -0.090807 -0.275083 -0.455594 -0.592822 -0.691634 -0.830473 -0.946908 -0.975440 
42.557091 7482451.000000 58 50 48 0.490280 0.313003 0.744066 0.958766 0.933216 0.824894 0.735437 0.685909 0.574368 0.419510 0.146852 -0.157316 -0.297824 -0.524533 -0.604619 -0.694031 -0.739149 -0.901436 -0.989972 0.954167 0.891138 0.817232 0.729650 0.687553 0.592084 0.425900 0.192074 -0.148372 -0.287919 -0.502998 -0.584049 -0.678507 -0.741956 -0.902459 -0.982657 
40.187508 2041992.125000 24 54 26 0.764213 0.632342 0.417804 0.962591 0.923074 0.782228 0.737792 0.665662 0.593223 0.424158 0.073057 -0.143076 -0.289049 -0.493986 -0.633102 -0.685106 -0.750930 -0.895263 -0.972103 0.964704 0.950705 0.832032 0.740302 0.672055 0.587295 0.407820 0.074166 -0.146150 -0.320115 -0.540981 -0.624741 -0.701266 -0.751539 -0.915304 -0.986755 
40.198444 1234146.750000 120 26 132 0.509918 0.432526 0.535547 0.943951 0.912210 0.814414 0.749115 0.675832 0.575902 0.389714 0.162954 -0.190613 -0.269937 -0.471962 -0.604973 -0.705031 -0.750349 -0.887520 -0.974083 0.954794 0.912665 0.777791 0.750426 0.661664 0.578819 0.385042 0.099546 -0.159477 -0.297561 -0.484813 -0.625875 -0.697784 -0.749912 -0.894485 -0.966776 
36.738552 446975.468750 76 42 68 0.425612 0.414181 0.618095 0.989398 0.913275 0.883606 0.822512 0.717278 0.599336 0.401361 0.161985 -0.146995 -0.190134 -0.329031 -0.525013 -0.690888 -0.737414 -0.865276 -0.987748 0.933149 0.903700 0.851424 0.768646 0.698648 0.561643 0.356569 0.127689 -0.178575 -0.225132 -0.399865 -0.579067 -0.705792 -0.746258 -0.889757 -0.988389 
48.064072 586687.875000 66 70 76 0.554202 0.783507 0.706069 0.986926 0.960409 0.918398 0.877251 0.806826 0.689826 0.523098 0.286704 0.087722 -0.068972 -0.127725 -0.396347 -0.628178 -0.731351 -0.892674 -0.973660 0.991797 0.967998 0.908797 0.863230 0.773748 0.658751 0.493062 0.273198 -0.061622 -0.156405 -0.234842 -0.473074 -0.638600 -0.736708 -0.870310 -0.983479 
53.054451 1957838.750000 76 78 78 0.747283 0.898437 0.652553 0.976448 0.953166 0.904817 0.867619 0.799344 0.601016 0.383287 0.334778 0.200646 -0.033405 -0.085065 -0.377111 -0.675672 -0.711405 -0.825750 -0.954841 0.980027 0.953602 0.908638 0.873078 0.807002 0.642109 0.391112 0.326400 0.150628 -0.037106 -0.083489 -0.288814 -0.648784 -0.721543 -0.864981 -0.966759 
54.929108 3190329.500000 76 90 92 0.485731 0.499612 0.837138 0.967316 0.943066 0.899883 0.870407 0.824677 0.546576 0.384308 0.325379 0.167867 0.006679 -0.091263 -0.565403 -0.681612 -0.738473 -0.816495 -0.935685 0.974244 0.946047 0.902346 0.866193 0.811994 0.530021 0.380909 0.302109 0.151774 -0.006199 -0.124799 -0.530968 -0.687440 -0.721793 -0.824090 -0.958471 
56.562153 2940288.250000 94 96 98 0.882490 0.935298 0.689305 0.966710 0.939046 0.900024 0.874372 0.835102 0.540588 0.370050 0.325916 0.140437 0.025703 -0.142627 -0.637872 -0.697831 -0.743982 -0.804302 -0.935597 0.964587 0.940435 0.900116 0.873452 0.825544 0.529284 0.376854 0.336059 0.147287 0.046336 -0.097168 -0.627256 -0.707547 -0.764098 -0.803059 -0.930932 
54.239555 1276227.125000 98 96 94 0.634467 0.771604 0.539670 0.969998 0.942484 0.901668 0.872176 0.823141 0.562458 0.408448 0.341942 0.149367 0.054492 -0.108811 -0.628318 -0.680704 -0.734076 -0.817037 -0.934232 0.965962 0.939120 0.896603 0.872227 0.835517 0.539078 0.398233 0.338585 0.148678 0.043013 -0.100916 -0.624851 -0.697995 -0.753909 -0.821822 -0.949355 
53.415993 991857.937500 94 94 74 0.688124 0.747271 0.762628 0.973173 0.945053 0.909150 0.865827 0.833294 0.604450 0.430672 0.381608 0.192456 0.062725 -0.134125 -0.610828 -0.672981 -0.742687 -0.834578 -0.951826 0.970313 0.942639 0.900342 0.865996 0.829637 0.570467 0.414793 0.356973 0.141107 0.059642 -0.137578 -0.639534 -0.678653 -0.735754 -0.820533 -0.945789 
52.482563 1022549.375000 74 68 72 0.667267 0.513593 0.458178 0.963591 0.940563 0.907017 0.862801 0.805648 0.596024 0.453643 0.385107 0.238255 0.110053 -0.104642 -0.515576 -0.681927 -0.814317 -0.851860 -0.947677 0.972843 0.942224 0.904976 0.869351 0.821358 0.587074 0.453650 0.384534 0.216372 0.084757 -0.144644 -0.524727 -0.668795 -0.797436 -0.857253 -0.956670 
50.278450 504609.531250 72 68 56 0.569897 0.405834 0.296049 0.969456 0.940933 0.913787 0.863753 0.777854 0.622667 0.568689 0.428561 0.262586 0.150235 -0.160781 -0.460892 -0.661759 -0.784191 -0.899121 -0.975890 0.971178 0.939866 0.908975 0.864998 0.800145 0.637981 0.495468 0.391266 0.270442 0.108804 -0.181749 -0.483844 -0.677190 -0.809712 -0.880906 -0.971477 
50.114540 408002.875000 56 74 56 0.407070 0.715799 0.530832 0.977820 0.938443 0.906012 0.862429 0.751662 0.650121 0.595761 0.483857 0.285475 0.155419 -0.148307 -0.464822 -0.688286 -0.778620 -0.894045 -0.969406 0.970038 0.940479 0.904193 0.853223 0.763280 0.632662 0.591226 0.471541 0.277845 0.169809 -0.064162 -0.477452 -0.686969 -0.775431 -0.886636 -0.974703 
46.176357 216301.968750 68 74 94 0.399807 0.557351 0.433158 0.980968 0.947484 0.905734 0.858022 0.746219 0.661924 0.613024 0.518334 0.264622 0.019269 -0.232122 -0.495545 -0.690074 -0.784764 -0.896754 -0.966065 0.976196 0.945843 0.911048 0.854543 0.763428 0.656582 0.605421 0.519111 0.275441 0.064863 -0.222078 -0.465132 -0.694660 -0.786791 -0.893994 -0.968555 
45.338348 177747.031250 94 130 80 0.457250 0.607578 0.478728 0.977152 0.949989 0.905724 0.824905 0.743142 0.658504 0.618984 0.514995 0.222549 0.046689 -0.247931 -0.496502 -0.699765 -0.784597 -0.903992 -0.967903 0.975491 0.941654 0.907731 0.840974 0.738258 0.662993 0.610734 0.520653 0.296794 0.053722 -0.237985 -0.500086 -0.702577 -0.776590 -0.897471 -0.960464 
39.715660 61790.488281 80 148 70 0.516597 0.483570 0.527493 0.983577 0.955741 0.904049 0.845167 0.768388 0.660045 0.623741 0.535635 0.178399 -0.075446 -0.269895 -0.518070 -0.673449 -0.805247 -0.902408 -0.968694 0.986267 0.950262 0.912646 0.834245 0.749775 0.655282 0.611051 0.517604 0.217574 -0.018393 -0.292811 -0.501402 -0.687729 -0.786668 -0.899806 -0.968984 
35.472931 41780.832031 70 74 80 0.505868 0.636741 0.562869 0.989479 0.946276 0.902210 0.841939 0.748770 0.655762 0.599432 0.516280 0.171918 -0.101324 -0.325555 -0.508285 -0.699303 -0.827222 -0.908361 -0.967115 0.990904 0.946374 0.883611 0.840107 0.747769 0.649362 0.600003 0.513391 0.139214 -0.085563 -0.296205 -0.517496 -0.676567 -0.819117 -0.903022 -0.970115 
31.598022 27171.009766 80 74 110 0.589698 0.503795 0.378064 0.986326 0.923897 0.866556 0.785300 0.708025 0.627448 0.601315 0.393745 0.083967 -0.125458 -0.324039 -0.529717 -0.710152 -0.820311 -0.899818 -0.966833 0.985261 0.939279 0.893073 0.813653 0.726005 0.641486 0.607606 0.481177 0.122011 -0.112509 -0.325946 -0.523827 -0.711137 -0.823328 -0.907598 -0.969434 
27.872850 20631.867188 104 128 88 0.476075 0.385680 0.512505 0.974722 0.909261 0.830387 0.760815 0.694906 0.635252 0.591450 0.324460 0.012819 -0.162308 -0.345396 -0.533923 -0.676754 -0.828163 -0.914416 -0.975202 0.981111 0.905089 0.848395 0.794528 0.676483 0.628606 0.591089 0.267271 0.055595 -0.168180 -0.344846 -0.543969 -0.674930 -0.829752 -0.905172 -0.982668 
25.216162 10834.756836 88 50 54 0.481124 0.405560 0.506179 0.974463 0.939343 0.847430 0.772491 0.691060 0.636386 0.564150 0.281116 0.022173 -0.128398 -0.388010 -0.544340 -0.707153 -0.805566 -0.901482 -0.972822 0.972045 0.932892 0.840173 0.757438 0.695436 0.637220 0.597970 0.340718 0.005904 -0.144320 -0.371091 -0.530487 -0.705689 -0.826402 -0.912209 -0.972794 
20.290892 6846.796875 54 50 52 0.584419 0.360037 0.562000 0.976529 0.953534 0.871754 0.775207 0.716522 0.633043 0.528138 0.229893 0.007109 -0.195428 -0.421719 -0.545484 -0.732210 -0.840748 -0.911791 -0.975828 0.982237 0.943291 0.846598 0.779003 0.694941 0.638137 0.546852 0.244181 0.019072 -0.145687 -0.388798 -0.556917 -0.714917 -0.824409 -0.894856 -0.974359 
16.855383 5831.130371 52 48 20 0.670207 0.483293 0.359340 0.979301 0.953698 0.889944 0.798110 0.705511 0.608506 0.406915 0.191265 -0.100058 -0.234737 -0.405162 -0.584192 -0.694806 -0.853546 -0.934254 -0.977101 0.977929 0.954809 0.876023 0.789036 0.710047 0.624614 0.458219 0.188166 -0.068483 -0.245586 -0.409739 -0.551403 -0.709799 -0.851307 -0.923177 -0.979482 
15.552035 4387.550293 144 100 108 0.427627 0.438108 0.375270 0.976981 0.955103 0.867806 0.801721 0.676633 0.555051 0.381099 0.142523 -0.051129 -0.183346 -0.448703 -0.596575 -0.723920 -0.862592 -0.927554 -0.974496 0.976233 0.954769 0.901115 0.809343 0.705342 0.577627 0.389103 0.166299 -0.064429 -0.198040 -0.411721 -0.596646 -0.706677 -0.860268 -0.934887 -0.979940 
