38.719540 65010.699219 20 62 24 0.000000 0.722507 0.446535 0.960208 0.947361 0.914649 0.893189 0.865108 0.730769 0.336427 0.017689 -0.329081 -0.380617 -0.469662 -0.512914 -0.610080 -0.667438 -0.897929 -0.994581 0.960679 0.950759 0.898648 0.876232 0.716855 0.528124 0.363792 0.113090 -0.155228 -0.309401 -0.436119 -0.542514 -0.670449 -0.811298 -0.914094 -0.982488 
39.224232 17582.283203 74 148 90 0.370251 0.510409 0.539788 0.962263 0.945127 0.914351 0.885582 0.809175 0.634002 0.380799 0.146729 -0.151273 -0.383349 -0.470323 -0.548086 -0.610637 -0.738920 -0.918469 -0.978385 0.962078 0.950971 0.921017 0.892136 0.866896 0.784772 0.308067 0.005688 -0.305720 -0.368526 -0.476074 -0.518597 -0.614416 -0.674646 -0.876777 -0.993769 
32.190815 24421.724609 90 130 74 0.589926 0.480902 0.526531 0.957815 0.931743 0.902130 0.877274 0.792330 0.613486 0.371629 0.237848 -0.137524 -0.272316 -0.383927 -0.538487 -0.598684 -0.722320 -0.887007 -0.971094 0.960317 0.939084 0.908604 0.880522 0.829971 0.652432 0.338912 0.122076 -0.167433 -0.339155 -0.461609 -0.546840 -0.606721 -0.695686 -0.898458 -0.972333 
31.132660 46998.812500 74 66 74 0.622895 0.515414 0.390513 0.957623 0.937875 0.895788 0.862959 0.672763 0.560055 0.358297 0.190002 0.033622 -0.282073 -0.379899 -0.534187 -0.648922 -0.883990 -0.898697 -0.976337 0.960473 0.949002 0.902489 0.880585 0.734814 0.598928 0.367313 0.250209 -0.043965 -0.268595 -0.369089 -0.552059 -0.621609 -0.809124 -0.894797 -0.957402 
29.923759 67323.437500 148 20 20 0.527232 0.517271 0.492510 0.952626 0.937778 0.897217 0.833332 0.632325 0.553782 0.388470 0.155152 -0.084441 -0.209660 -0.345347 -0.454602 -0.678389 -0.883686 -0.904677 -0.976437 0.953617 0.936361 0.900822 0.834568 0.624237 0.556815 0.364377 0.178236 0.006243 -0.245515 -0.373097 -0.486497 -0.674674 -0.884658 -0.900914 -0.977203 
25.050211 31902.564453 122 130 62 0.574071 0.480061 0.416415 0.964763 0.944760 0.911740 0.833525 0.650777 0.523531 0.306202 -0.059485 -0.132169 -0.230843 -0.322215 -0.550253 -0.801035 -0.871195 -0.903583 -0.933833 0.957624 0.942394 0.902020 0.846370 0.655900 0.530987 0.397692 -0.012784 -0.136889 -0.216519 -0.313725 -0.515145 -0.769634 -0.876805 -0.898826 -0.958698 
54.283253 754918.812500 54 44 46 0.407171 0.556749 0.923839 0.984214 0.963101 0.926271 0.906664 0.872597 0.767780 0.530753 0.138859 0.003505 -0.159655 -0.199027 -0.373212 -0.669138 -0.801756 -0.906392 -0.975069 0.987938 0.970996 0.936680 0.911175 0.847207 0.677537 0.449408 0.116368 -0.092771 -0.195110 -0.294586 -0.433090 -0.736853 -0.874873 -0.907459 -0.934753 
62.039074 10693230.000000 46 46 46 0.932254 0.927038 0.905959 0.972931 0.943213 0.910687 0.873126 0.813501 0.717856 0.458759 0.147290 0.061588 -0.099739 -0.242618 -0.325876 -0.596153 -0.761030 -0.815880 -0.954114 0.978679 0.948905 0.918605 0.901601 0.837915 0.728559 0.466154 0.144939 0.042387 -0.078799 -0.203912 -0.306098 -0.657303 -0.770121 -0.860688 -0.972977 
62.074665 23692508.000000 48 48 46 0.941393 0.899813 0.975722 0.971702 0.952159 0.880630 0.848853 0.800742 0.696264 0.329516 0.182347 0.067664 -0.162127 -0.234782 -0.409322 -0.581253 -0.675922 -0.806360 -0.929767 0.971929 0.949093 0.890341 0.854703 0.808946 0.706298 0.408130 0.158837 0.057556 -0.133382 -0.246808 -0.358857 -0.581828 -0.757631 -0.823650 -0.916883 
61.807941 40589472.000000 46 46 42 0.964889 0.927768 0.928004 0.969537 0.950624 0.885431 0.812522 0.747386 0.669662 0.344152 0.202861 0.081061 -0.143749 -0.261837 -0.380255 -0.601143 -0.687194 -0.796163 -0.862862 0.970794 0.953112 0.878959 0.841548 0.791999 0.655653 0.297226 0.186787 0.069542 -0.180232 -0.252193 -0.438587 -0.596281 -0.671058 -0.781152 -0.907551 
60.041672 30467760.000000 44 42 40 0.861272 0.905524 0.953599 0.980797 0.954956 0.897635 0.810973 0.716079 0.672204 0.405117 0.212408 0.127273 -0.119486 -0.249838 -0.362432 -0.668179 -0.740363 -0.816529 -0.851250 0.974350 0.949234 0.889348 0.801645 0.734476 0.671415 0.361577 0.193890 0.092391 -0.124476 -0.254248 -0.352866 -0.620703 -0.689025 -0.820225 -0.860641 
57.162582 4418711.500000 40 38 42 0.952149 0.938082 0.744539 0.985655 0.973733 0.912732 0.855662 0.727783 0.665362 0.455987 0.223578 0.087519 -0.172742 -0.303257 -0.414074 -0.658906 -0.739388 -0.802891 -0.910883 0.984093 0.966554 0.909802 0.841780 0.708932 0.674201 0.457174 0.220467 0.128861 -0.115194 -0.278534 -0.464949 -0.700229 -0.751333 -0.819059 -0.876339 
46.543243 703781.687500 42 46 44 0.768326 0.679847 0.560240 0.979972 0.931257 0.863499 0.817812 0.737790 0.660630 0.448533 0.230983 0.129922 -0.050006 -0.243798 -0.394376 -0.611717 -0.708458 -0.832069 -0.946069 0.986972 0.972988 0.876119 0.824944 0.745109 0.663359 0.482035 0.228019 0.113680 -0.101030 -0.261271 -0.366256 -0.617668 -0.719418 -0.828088 -0.949284 
39.598560 2590325.750000 44 44 56 0.548360 0.424793 0.396306 0.965598 0.917452 0.824716 0.758780 0.665619 0.514006 0.270571 0.079384 -0.110794 -0.315926 -0.440244 -0.569792 -0.619603 -0.798030 -0.878414 -0.964538 0.964678 0.912187 0.849776 0.789058 0.727858 0.654100 0.460918 0.241898 0.141337 -0.055248 -0.251122 -0.376450 -0.591268 -0.722392 -0.843544 -0.957833 
51.459049 34432252.000000 112 22 32 0.505461 0.666211 0.604489 0.961359 0.928819 0.840007 0.760766 0.533739 0.365892 0.076909 -0.065146 -0.316200 -0.436929 -0.566580 -0.631531 -0.758370 -0.824125 -0.895236 -0.982443 0.957681 0.933728 0.806580 0.715189 0.527856 0.386959 0.104751 -0.033374 -0.283718 -0.440282 -0.552341 -0.633131 -0.742577 -0.800744 -0.877881 -0.971270 
56.841881 18874238.000000 42 34 36 0.346838 0.941096 0.984959 0.985017 0.979114 0.937135 0.869278 0.623235 0.545550 0.306725 0.031947 -0.044680 -0.314052 -0.456260 -0.552693 -0.651700 -0.830059 -0.886642 -0.952316 0.983071 0.975373 0.910240 0.821482 0.632857 0.510941 0.161651 -0.000345 -0.207801 -0.416375 -0.494992 -0.619795 -0.739570 -0.857803 -0.898000 -0.975247 
59.633106 14464984.000000 36 36 38 0.983717 0.975256 0.945306 0.986653 0.982776 0.946206 0.824119 0.597650 0.491975 0.328472 0.078743 -0.005166 -0.260020 -0.436274 -0.535066 -0.670655 -0.771823 -0.848423 -0.942034 0.985979 0.981049 0.942947 0.852815 0.601671 0.517577 0.328599 0.082890 -0.008992 -0.275751 -0.434613 -0.536345 -0.644241 -0.777387 -0.846773 -0.919324 
53.407867 13271875.000000 38 44 46 0.946117 0.915078 0.558443 0.988523 0.978578 0.867777 0.795895 0.583874 0.443268 0.112402 -0.085093 -0.288335 -0.398499 -0.523661 -0.641615 -0.734555 -0.818481 -0.888497 -0.973970 0.987486 0.983799 0.921748 0.768878 0.579100 0.492771 0.209137 0.012315 -0.180276 -0.379805 -0.483224 -0.638352 -0.712598 -0.810914 -0.883619 -0.975031 
37.939987 738364.312500 46 36 36 0.625668 0.617475 0.752573 0.984983 0.975908 0.856770 0.821899 0.690843 0.533460 0.350640 0.098494 -0.115458 -0.340819 -0.496478 -0.583018 -0.719173 -0.823379 -0.902067 -0.967256 0.984942 0.968061 0.860587 0.824495 0.666427 0.516346 0.221119 0.002196 -0.190219 -0.383201 -0.503101 -0.614103 -0.712204 -0.827909 -0.898259 -0.972379 
36.313412 612292.750000 36 36 218 0.671354 0.774802 0.486370 0.983335 0.971009 0.876928 0.791124 0.676222 0.514814 0.321758 0.061495 -0.137566 -0.367766 -0.491131 -0.633185 -0.720242 -0.825141 -0.902766 -0.965205 0.985518 0.978405 0.871641 0.806400 0.697091 0.523810 0.375901 0.107967 -0.072470 -0.334531 -0.458223 -0.571647 -0.705202 -0.829362 -0.897376 -0.971687 
52.057678 47113540.000000 36 34 36 0.645701 0.560830 0.507479 0.981017 0.960308 0.856887 0.657678 0.463737 0.324120 0.023063 -0.115495 -0.321915 -0.517651 -0.594314 -0.692971 -0.801607 -0.847390 -0.913096 -0.976459 0.978263 0.950285 0.852868 0.692528 0.498541 0.372674 0.097199 -0.092908 -0.290399 -0.445041 -0.567106 -0.685257 -0.772709 -0.835428 -0.900771 -0.975946 
51.679451 20655626.000000 150 34 150 0.672043 0.658667 0.400326 0.975540 0.919860 0.797870 0.619655 0.398029 0.292172 0.012447 -0.060194 -0.236835 -0.488587 -0.582788 -0.637044 -0.790223 -0.873011 -0.907430 -0.971942 0.979913 0.936437 0.816596 0.631929 0.416738 0.274841 -0.008368 -0.071658 -0.323920 -0.552116 -0.601060 -0.676930 -0.811770 -0.869914 -0.915054 -0.985276 
41.243050 4602727.500000 34 40 44 0.349550 0.533455 0.771546 0.986907 0.941499 0.794069 0.693792 0.388288 0.294616 0.146579 -0.011795 -0.167805 -0.397347 -0.509362 -0.623359 -0.757782 -0.855221 -0.917687 -0.979842 0.978768 0.924979 0.781922 0.645931 0.373857 0.304770 0.077573 -0.031238 -0.206400 -0.451359 -0.537569 -0.641521 -0.762085 -0.863308 -0.907744 -0.967801 
50.347832 4031820.500000 44 44 44 0.544580 0.860735 0.978682 0.990080 0.985755 0.959348 0.870254 0.528837 0.283875 0.182593 0.019975 -0.074895 -0.230879 -0.471878 -0.588432 -0.704749 -0.843587 -0.908122 -0.963477 0.989230 0.984873 0.904329 0.766167 0.504569 0.273213 0.200794 0.007717 -0.122584 -0.328703 -0.499821 -0.633241 -0.772306 -0.865669 -0.910371 -0.973666 
55.029644 4698052.000000 44 44 34 0.980067 0.966973 0.626411 0.990283 0.986404 0.971463 0.852198 0.418157 0.246204 0.124236 0.054049 -0.065318 -0.214835 -0.439588 -0.548180 -0.687014 -0.836954 -0.892016 -0.961288 0.990054 0.986149 0.961679 0.874908 0.478435 0.273497 0.133670 0.065028 -0.081069 -0.208664 -0.435417 -0.570785 -0.731644 -0.827270 -0.889805 -0.950337 
54.727596 5318678.000000 36 44 44 0.544312 0.953037 0.943323 0.990161 0.986870 0.968657 0.839565 0.452146 0.247497 0.130221 0.064449 -0.050448 -0.173172 -0.424113 -0.532054 -0.729688 -0.823034 -0.880638 -0.956845 0.989907 0.985487 0.970884 0.827478 0.456437 0.222361 0.116935 0.054293 -0.056266 -0.190484 -0.427349 -0.542682 -0.688104 -0.841189 -0.895862 -0.969099 
56.618382 5984612.500000 44 44 42 0.944724 0.951995 0.994494 0.989940 0.986420 0.968627 0.841960 0.491266 0.274275 0.150460 0.068044 -0.046927 -0.152109 -0.385844 -0.545313 -0.746305 -0.827237 -0.884046 -0.941311 0.990118 0.986742 0.969675 0.827404 0.455880 0.273395 0.146474 0.081849 -0.022866 -0.201948 -0.376236 -0.509856 -0.741954 -0.815741 -0.878182 -0.958153 
56.629482 4861430.500000 44 42 42 0.947592 0.993551 0.989652 0.990082 0.986391 0.969447 0.856922 0.523180 0.283245 0.207541 0.085407 -0.062714 -0.176583 -0.361029 -0.560816 -0.766048 -0.840491 -0.891703 -0.945325 0.989919 0.986397 0.967315 0.824041 0.481376 0.263993 0.188999 0.041145 -0.062737 -0.179500 -0.381578 -0.548590 -0.764663 -0.822100 -0.890695 -0.949327 
56.077579 3902021.250000 42 42 44 0.990464 0.991266 0.973239 0.990622 0.986992 0.973286 0.824037 0.466448 0.377782 0.200300 0.027663 -0.051597 -0.170384 -0.435570 -0.564864 -0.793883 -0.865090 -0.904305 -0.954909 0.990199 0.986580 0.970846 0.852989 0.501407 0.346005 0.224979 0.048098 -0.058313 -0.123548 -0.397210 -0.580289 -0.787618 -0.847109 -0.900850 -0.936372 
50.979706 4965497.000000 44 44 44 0.978056 0.917668 0.925277 0.990991 0.984268 0.960988 0.821791 0.509910 0.405475 0.105049 -0.021282 -0.243011 -0.394206 -0.580016 -0.721028 -0.799729 -0.887402 -0.971190 -0.996277 0.990829 0.986860 0.968113 0.821862 0.502038 0.427802 0.119740 -0.011295 -0.100098 -0.318373 -0.534077 -0.675479 -0.805250 -0.881142 -0.958169 -0.988693 
39.269749 930484.625000 46 44 44 0.945759 0.800050 0.495455 0.987668 0.977991 0.921471 0.638878 0.468374 0.293462 0.190396 -0.000243 -0.289358 -0.497665 -0.554369 -0.704302 -0.805824 -0.886861 -0.940294 -0.989891 0.990804 0.983418 0.955657 0.733132 0.502616 0.378137 0.140425 -0.029442 -0.282598 -0.445579 -0.566567 -0.716931 -0.796312 -0.887343 -0.955749 -0.993496 
40.039360 2514585.250000 128 122 56 0.800296 0.780213 0.520144 0.988476 0.979919 0.799498 0.560380 0.457213 0.288144 0.109166 -0.103752 -0.318606 -0.527856 -0.615226 -0.735134 -0.845469 -0.907956 -0.951159 -0.986836 0.988258 0.981289 0.886136 0.607358 0.433319 0.265873 0.152578 -0.069542 -0.390228 -0.512427 -0.595722 -0.726772 -0.824342 -0.902535 -0.945219 -0.988166 
44.865776 3179065.750000 50 148 40 0.674299 0.556141 0.934610 0.988016 0.985272 0.939136 0.664200 0.550216 0.490574 0.183238 0.023410 -0.106229 -0.325544 -0.567556 -0.619735 -0.738406 -0.878584 -0.950981 -0.990746 0.987981 0.979169 0.778085 0.552889 0.495245 0.329724 0.122198 -0.081705 -0.210450 -0.451405 -0.587976 -0.688174 -0.822218 -0.897316 -0.952863 -0.989061 
55.046410 15256594.000000 40 84 84 0.949371 0.967986 0.991003 0.988200 0.977328 0.938115 0.786538 0.618175 0.579788 0.326697 0.123767 -0.008110 -0.141730 -0.461509 -0.581077 -0.630350 -0.679663 -0.903705 -0.981831 0.988917 0.982501 0.941077 0.772022 0.601919 0.552369 0.331770 0.086181 -0.013761 -0.220262 -0.489022 -0.602406 -0.637534 -0.770876 -0.938761 -0.987129 
56.773983 26589108.000000 42 42 42 0.995268 0.994795 0.968632 0.986652 0.970410 0.940335 0.773337 0.624709 0.578342 0.328160 0.123162 0.014480 -0.177889 -0.467032 -0.580039 -0.626977 -0.704640 -0.826288 -0.969642 0.987162 0.973788 0.936742 0.757704 0.612483 0.562592 0.335145 0.130777 0.012443 -0.160709 -0.437146 -0.584790 -0.625931 -0.690996 -0.886441 -0.981952 
54.713703 8187481.500000 44 44 46 0.908826 0.978936 0.833489 0.988177 0.973212 0.936148 0.776749 0.646903 0.575957 0.332931 0.084366 -0.001162 -0.276070 -0.435982 -0.547055 -0.623938 -0.751871 -0.794085 -0.954599 0.986841 0.969471 0.939606 0.777109 0.631963 0.564918 0.313736 0.089245 -0.007931 -0.262485 -0.446726 -0.556085 -0.601298 -0.722495 -0.805254 -0.940554 
43.727325 618851.937500 46 48 48 0.896066 0.663786 0.900618 0.990782 0.980998 0.947545 0.806441 0.636331 0.564904 0.245046 0.119689 -0.031411 -0.275180 -0.456988 -0.569867 -0.670581 -0.791725 -0.853333 -0.974982 0.987598 0.973308 0.948424 0.806883 0.639422 0.578142 0.280527 0.101842 -0.036523 -0.259181 -0.412794 -0.551975 -0.648064 -0.775686 -0.828261 -0.976593 
41.746346 672518.187500 48 50 50 0.906989 0.856180 0.874291 0.992187 0.987617 0.915380 0.730291 0.626775 0.489053 0.218465 0.077651 -0.137906 -0.311080 -0.430195 -0.542576 -0.639238 -0.805579 -0.878754 -0.993195 0.991926 0.986939 0.928886 0.781259 0.637367 0.553243 0.245526 0.119756 -0.041498 -0.284386 -0.462656 -0.569634 -0.671856 -0.798082 -0.870132 -0.984283 
54.559330 15801139.000000 52 48 46 0.892277 0.890674 0.944145 0.981119 0.961802 0.942169 0.836931 0.595342 0.557774 0.396525 0.157848 0.062062 -0.169263 -0.407723 -0.488463 -0.628046 -0.740311 -0.827791 -0.856938 0.991470 0.984407 0.912306 0.753927 0.603915 0.529456 0.272007 0.108450 -0.115358 -0.291080 -0.387240 -0.516126 -0.621790 -0.811816 -0.864358 -0.982849 
64.822433 121113056.000000 46 48 48 0.949979 0.934736 0.954215 0.969798 0.958653 0.921366 0.829534 0.564906 0.525460 0.332169 0.160710 0.071961 -0.145139 -0.363398 -0.439530 -0.656012 -0.748307 -0.818628 -0.843964 0.970189 0.959724 0.932803 0.827600 0.590079 0.547132 0.365701 0.180772 0.037667 -0.156723 -0.380876 -0.446824 -0.636749 -0.751497 -0.829972 -0.850131 
62.747971 122361888.000000 48 50 50 0.955472 0.979732 0.980026 0.970540 0.944616 0.921441 0.826709 0.558165 0.529689 0.310733 0.173292 0.045968 -0.119732 -0.363138 -0.437180 -0.618426 -0.737111 -0.808839 -0.852862 0.971416 0.951792 0.919263 0.839095 0.547327 0.519428 0.305220 0.166667 0.064046 -0.143556 -0.362211 -0.429839 -0.648374 -0.739978 -0.820708 -0.854458 
62.889885 101856280.000000 50 50 52 0.989026 0.932174 0.945425 0.969469 0.942398 0.923121 0.813372 0.581383 0.540882 0.344446 0.203362 0.080621 -0.114329 -0.338667 -0.408584 -0.610566 -0.734958 -0.822588 -0.851884 0.969396 0.942295 0.922378 0.813344 0.567683 0.533932 0.329239 0.190914 0.062937 -0.101639 -0.351153 -0.414355 -0.604335 -0.742397 -0.813640 -0.850374 
62.481098 93146624.000000 52 52 52 0.949444 0.984349 0.997716 0.968525 0.939763 0.922417 0.789428 0.595950 0.545044 0.353541 0.186006 0.096810 -0.097908 -0.321171 -0.412347 -0.624778 -0.719377 -0.798437 -0.848852 0.969911 0.940941 0.923422 0.808835 0.586290 0.539376 0.367139 0.208965 0.099896 -0.097628 -0.323836 -0.409817 -0.612138 -0.716488 -0.798268 -0.856784 
60.992004 50230704.000000 52 52 52 0.997837 0.994321 0.976995 0.973229 0.943199 0.924191 0.806680 0.601648 0.555809 0.401753 0.195855 0.108150 -0.077718 -0.320577 -0.394687 -0.617063 -0.712498 -0.795707 -0.867165 0.970244 0.940634 0.923121 0.800722 0.600386 0.548501 0.373815 0.201180 0.102857 -0.081077 -0.314129 -0.414944 -0.625856 -0.720094 -0.802355 -0.860789 
59.173431 24875474.000000 52 52 52 0.988893 0.972743 0.952870 0.975513 0.949698 0.930836 0.848656 0.602757 0.559872 0.341495 0.168162 0.101303 -0.143558 -0.293925 -0.418108 -0.617838 -0.722577 -0.777250 -0.876056 0.975619 0.946506 0.926887 0.824841 0.598030 0.569064 0.381217 0.216668 0.107420 -0.137286 -0.297617 -0.399557 -0.616030 -0.731133 -0.793480 -0.876019 
54.595638 4227509.000000 52 52 54 0.944998 0.739818 0.853757 0.982998 0.962394 0.934434 0.818997 0.644251 0.585308 0.448598 0.183973 0.115572 -0.153755 -0.350410 -0.437282 -0.587800 -0.710960 -0.763851 -0.893643 0.974067 0.954591 0.927657 0.822448 0.639314 0.587303 0.390919 0.178896 0.103386 -0.184964 -0.347386 -0.453043 -0.620600 -0.731196 -0.774530 -0.890997 
50.094788 1082851.250000 52 52 52 0.802789 0.908269 0.898143 0.992147 0.979685 0.933478 0.849199 0.649724 0.570525 0.439214 0.225075 0.140106 0.001862 -0.329501 -0.449028 -0.611253 -0.713641 -0.809679 -0.938817 0.991577 0.974562 0.936056 0.855689 0.668977 0.579071 0.470168 0.207418 0.124759 -0.040358 -0.336915 -0.429857 -0.622610 -0.737924 -0.818972 -0.914642 
47.260841 376689.750000 52 54 52 0.908665 0.857380 0.664955 0.992666 0.982642 0.927488 0.790130 0.648416 0.588761 0.427665 0.256733 0.145477 -0.116764 -0.333657 -0.427672 -0.610230 -0.735404 -0.843579 -0.967310 0.992150 0.984256 0.940772 0.807556 0.641639 0.573328 0.458580 0.216093 0.140875 0.007000 -0.319725 -0.473790 -0.603225 -0.717338 -0.817408 -0.958887 
35.206535 127640.812500 54 52 52 0.622411 0.319754 0.294291 0.977461 0.956985 0.906159 0.763225 0.646933 0.542116 0.404287 0.314249 0.151545 0.056605 -0.290615 -0.417860 -0.584462 -0.786350 -0.878737 -0.966719 0.987216 0.960371 0.909797 0.759552 0.660477 0.586933 0.417920 0.289593 0.161511 -0.016210 -0.323828 -0.402880 -0.595441 -0.760413 -0.873736 -0.965621 
31.693237 63265.960938 102 52 52 0.613353 0.384661 0.551717 0.984712 0.959685 0.879413 0.772202 0.619180 0.548553 0.473553 0.328215 0.146875 0.008441 -0.286807 -0.449012 -0.647920 -0.802787 -0.903956 -0.958890 0.985591 0.959352 0.864185 0.756997 0.644348 0.553690 0.431256 0.345577 0.157728 0.071351 -0.286294 -0.430704 -0.626295 -0.808737 -0.893501 -0.961142 
49.408230 45719004.000000 52 54 98 0.578555 0.584713 0.458994 0.948657 0.916125 0.805781 0.605557 0.478512 0.192094 0.001186 -0.084420 -0.197297 -0.310779 -0.443302 -0.589642 -0.741429 -0.841492 -0.910648 -0.979492 0.965068 0.925748 0.827477 0.685199 0.525416 0.391146 0.079410 -0.034196 -0.142258 -0.228719 -0.378111 -0.524858 -0.649821 -0.786419 -0.870121 -0.943880 
50.616417 15663123.000000 96 102 154 0.523162 0.667376 0.331343 0.953262 0.912228 0.677528 0.582415 0.406303 0.142892 0.009512 -0.195011 -0.245541 -0.363586 -0.473191 -0.619545 -0.729097 -0.845524 -0.918142 -0.988093 0.945728 0.911133 0.754223 0.601749 0.458996 0.136353 -0.036626 -0.174052 -0.261259 -0.355279 -0.459230 -0.618293 -0.737448 -0.847393 -0.916810 -0.972010 
48.717770 7371027.000000 52 60 46 0.399195 0.311663 0.762324 0.987696 0.971778 0.941800 0.822318 0.616349 0.481983 0.153011 -0.024191 -0.190486 -0.250625 -0.387824 -0.526797 -0.701365 -0.809566 -0.906519 -0.973314 0.959438 0.917889 0.646787 0.593633 0.439892 0.161294 0.035442 -0.177644 -0.224552 -0.326630 -0.437528 -0.611511 -0.729387 -0.842612 -0.911438 -0.983974 
53.080276 1981226.375000 42 48 52 0.793166 0.944487 0.949382 0.990548 0.976089 0.955633 0.837097 0.705339 0.633666 0.289517 0.133643 -0.134287 -0.239624 -0.379071 -0.522283 -0.675832 -0.809480 -0.908044 -0.965688 0.987203 0.970097 0.948582 0.864079 0.689308 0.625304 0.270706 0.135295 -0.112303 -0.204603 -0.333645 -0.507974 -0.671524 -0.790266 -0.902770 -0.972702 
50.842072 769993.187500 52 52 54 0.904537 0.968229 0.965844 0.992724 0.987910 0.953031 0.841330 0.750844 0.643717 0.344601 0.050590 -0.168428 -0.253838 -0.380718 -0.491515 -0.673827 -0.807606 -0.928445 -0.970039 0.992547 0.986349 0.958632 0.847141 0.731495 0.600115 0.310013 0.005339 -0.164360 -0.259156 -0.396592 -0.519987 -0.696550 -0.820273 -0.926595 -0.975544 
51.965939 532982.125000 54 52 54 0.935453 0.958211 0.964869 0.992294 0.985116 0.953183 0.866583 0.779501 0.657461 0.507081 0.123423 -0.150932 -0.217877 -0.314254 -0.468539 -0.628659 -0.785447 -0.910072 -0.969086 0.992604 0.987086 0.949255 0.855018 0.768346 0.666749 0.427342 0.083447 -0.149470 -0.232680 -0.312090 -0.488821 -0.652228 -0.803771 -0.921747 -0.976145 
53.172607 1235987.750000 54 54 54 0.972054 0.942816 0.844916 0.988443 0.972035 0.950327 0.889589 0.780995 0.698374 0.457048 0.199099 0.012225 -0.221729 -0.297724 -0.457703 -0.698192 -0.733320 -0.812258 -0.957332 0.992434 0.984489 0.954450 0.871516 0.776094 0.657310 0.524707 0.202407 -0.112102 -0.211543 -0.322877 -0.481330 -0.681421 -0.783179 -0.909900 -0.962809 
58.505322 7093059.500000 54 54 54 0.815081 0.979487 0.995037 0.979797 0.960901 0.934893 0.876851 0.774244 0.682998 0.356940 0.172146 0.010296 -0.183790 -0.237330 -0.513067 -0.672177 -0.740368 -0.771426 -0.888816 0.980651 0.965970 0.940291 0.887778 0.769907 0.694746 0.400145 0.176524 0.000290 -0.203999 -0.254949 -0.440816 -0.668348 -0.741397 -0.781726 -0.923250 
58.593330 6819948.000000 54 54 54 0.994148 0.992434 0.917362 0.978449 0.959892 0.932365 0.879623 0.790575 0.703215 0.306346 0.161196 0.059033 -0.226589 -0.274927 -0.455752 -0.639985 -0.734088 -0.773137 -0.917925 0.979525 0.958889 0.932404 0.871877 0.784114 0.694901 0.319493 0.159118 0.040344 -0.203169 -0.254716 -0.460054 -0.661676 -0.741839 -0.777766 -0.887177 
57.614189 6346862.000000 54 54 54 0.960768 0.840333 0.988446 0.977408 0.961006 0.928245 0.863064 0.807800 0.716772 0.333380 0.144490 0.014533 -0.225683 -0.276610 -0.424897 -0.639531 -0.719998 -0.786298 -0.953566 0.975285 0.962563 0.925943 0.867098 0.787966 0.709216 0.298388 0.150935 0.024225 -0.223309 -0.275726 -0.486179 -0.627099 -0.715459 -0.772302 -0.916009 
57.631741 3100774.000000 54 54 54 0.981021 0.978109 0.910255 0.975679 0.962699 0.930699 0.871195 0.811379 0.740334 0.308656 0.143737 0.024743 -0.190575 -0.274551 -0.390783 -0.641178 -0.679293 -0.775541 -0.964837 0.977309 0.961058 0.929914 0.864285 0.819009 0.737011 0.302689 0.148275 0.012337 -0.214930 -0.280686 -0.434662 -0.628036 -0.686716 -0.751592 -0.944728 
56.703743 3707399.500000 54 54 54 0.919490 0.987269 0.977835 0.978950 0.963595 0.937089 0.866433 0.743642 0.677885 0.326121 0.192560 0.080304 -0.103619 -0.231014 -0.327347 -0.572137 -0.624460 -0.814638 -0.963500 0.978388 0.964015 0.935181 0.879483 0.776865 0.716810 0.290350 0.172790 0.057514 -0.174078 -0.259673 -0.341997 -0.586889 -0.643503 -0.809793 -0.966440 
55.728474 2409808.750000 54 54 54 0.983810 0.986109 0.579642 0.982087 0.968672 0.938696 0.839600 0.691288 0.638590 0.403650 0.314265 0.137590 -0.018854 -0.132916 -0.416469 -0.601795 -0.634681 -0.843122 -0.967727 0.979536 0.964831 0.937210 0.840917 0.711250 0.638553 0.385683 0.235482 0.106024 -0.070922 -0.172147 -0.335669 -0.596771 -0.633526 -0.789131 -0.958537 
49.212341 492857.500000 60 54 54 0.644314 0.818099 0.920829 0.989903 0.976305 0.939824 0.872134 0.763085 0.556264 0.447193 0.255343 0.152278 -0.000243 -0.242785 -0.403480 -0.567004 -0.665822 -0.900201 -0.966043 0.989914 0.978561 0.927576 0.843981 0.722626 0.608313 0.439006 0.303923 0.178190 0.009440 -0.189136 -0.421067 -0.573429 -0.667001 -0.888561 -0.968891 
54.491913 23264952.000000 52 52 52 0.888745 0.912547 0.964872 0.982445 0.970481 0.948032 0.738969 0.509962 0.442215 0.269063 0.137033 0.026680 -0.214279 -0.293586 -0.480030 -0.579756 -0.651766 -0.720030 -0.953792 0.989161 0.974288 0.945439 0.851379 0.618788 0.486654 0.322293 0.149938 0.007188 -0.172584 -0.257356 -0.437901 -0.550120 -0.638569 -0.756362 -0.948106 
56.887890 13066529.000000 52 52 54 0.966175 0.952689 0.988902 0.985555 0.972122 0.962763 0.776916 0.445360 0.383633 0.265416 0.172041 0.075894 -0.221248 -0.377581 -0.493058 -0.590349 -0.699098 -0.747952 -0.965089 0.983619 0.971786 0.958145 0.755831 0.480432 0.423230 0.269923 0.163982 0.069724 -0.228505 -0.364714 -0.490694 -0.584697 -0.687625 -0.738528 -0.959835 
56.195473 4794027.500000 54 54 54 0.982431 0.981943 0.990121 0.985799 0.972898 0.963961 0.823959 0.514921 0.479807 0.321325 0.252201 0.054992 -0.197228 -0.354829 -0.457883 -0.574885 -0.706548 -0.734356 -0.952817 0.985433 0.972458 0.963574 0.806745 0.462361 0.396270 0.276559 0.184277 0.047085 -0.204115 -0.340619 -0.473166 -0.579144 -0.696053 -0.759107 -0.961654 
55.420765 1728760.375000 54 54 54 0.992271 0.980510 0.979391 0.986658 0.973299 0.964561 0.833196 0.654678 0.558627 0.432470 0.244785 0.115340 -0.152119 -0.382322 -0.442845 -0.615421 -0.685101 -0.782063 -0.962818 0.987132 0.973510 0.965076 0.850330 0.548638 0.501504 0.407949 0.259015 0.128772 -0.167169 -0.362394 -0.466567 -0.636097 -0.698006 -0.753773 -0.959471 
53.710258 530370.437500 54 54 54 0.970899 0.979172 0.786305 0.984430 0.973220 0.962281 0.871818 0.785983 0.528465 0.399312 0.256397 0.156343 -0.177574 -0.392452 -0.446174 -0.609386 -0.665222 -0.847376 -0.968953 0.986652 0.973285 0.964335 0.858989 0.758855 0.568336 0.397849 0.268618 0.125228 -0.185855 -0.396361 -0.435641 -0.620653 -0.673860 -0.834762 -0.970322 
50.616432 205972.109375 54 54 56 0.815707 0.948301 0.968726 0.985811 0.975237 0.957052 0.898949 0.821490 0.556614 0.425823 0.293013 0.205432 -0.144513 -0.366396 -0.458206 -0.620413 -0.727341 -0.898678 -0.971092 0.984460 0.973429 0.958756 0.884588 0.790261 0.536873 0.402210 0.297818 0.173369 -0.127823 -0.387669 -0.460331 -0.624591 -0.673158 -0.875118 -0.967916 
51.261398 185898.718750 56 56 54 0.952588 0.959679 0.984219 0.982888 0.973943 0.956562 0.901223 0.876162 0.621462 0.407916 0.270926 0.115307 -0.176427 -0.298411 -0.451125 -0.607121 -0.787995 -0.907975 -0.977141 0.985702 0.975563 0.957057 0.904184 0.846220 0.558929 0.420899 0.270089 0.168039 -0.079265 -0.325460 -0.458195 -0.609166 -0.784093 -0.905823 -0.973307 
57.891045 654183.562500 54 54 54 0.963411 0.984040 0.981819 0.977457 0.971937 0.947679 0.897433 0.868556 0.720492 0.332774 0.271745 0.045966 -0.125964 -0.270366 -0.461937 -0.568366 -0.779101 -0.903522 -0.976479 0.979564 0.972926 0.953480 0.897373 0.876847 0.734852 0.368297 0.256106 0.046560 -0.166883 -0.297318 -0.477134 -0.609078 -0.796126 -0.908460 -0.977908 
58.578545 826258.500000 54 54 52 0.989974 0.941854 0.978183 0.979009 0.970669 0.948309 0.904660 0.841294 0.634026 0.391494 0.330152 0.070977 -0.084849 -0.153609 -0.420061 -0.587406 -0.773727 -0.906815 -0.977176 0.977054 0.971045 0.943608 0.898727 0.851004 0.673031 0.347018 0.283267 0.033734 -0.099593 -0.223889 -0.451901 -0.597963 -0.791883 -0.906958 -0.977268 
55.749241 311556.781250 52 52 54 0.981451 0.975977 0.908999 0.986275 0.972520 0.952684 0.904702 0.825932 0.689829 0.478087 0.428166 0.110009 -0.050557 -0.213664 -0.477978 -0.646680 -0.809007 -0.909443 -0.977814 0.982213 0.970745 0.951645 0.904383 0.826018 0.662244 0.453290 0.384323 0.085252 -0.070930 -0.159023 -0.425544 -0.617331 -0.791867 -0.909905 -0.977293 
45.592125 936612.437500 52 54 52 0.892796 0.720713 0.342168 0.989393 0.972502 0.894246 0.815315 0.730316 0.508303 0.418011 0.149264 -0.105400 -0.289220 -0.510026 -0.635346 -0.707752 -0.784140 -0.848075 -0.965847 0.990248 0.976911 0.948034 0.884994 0.800881 0.644787 0.470804 0.373677 0.045653 -0.113232 -0.387870 -0.581840 -0.705564 -0.786864 -0.874026 -0.977614 
37.823612 5103867.000000 56 52 56 0.426428 0.567888 0.640657 0.967965 0.937244 0.791440 0.674560 0.589378 0.462029 0.242837 0.077151 -0.128696 -0.286788 -0.421892 -0.537826 -0.703805 -0.834581 -0.902030 -0.961233 0.974601 0.937446 0.826636 0.703309 0.605850 0.491099 0.323981 0.050249 -0.120101 -0.274531 -0.424237 -0.598182 -0.706693 -0.808318 -0.878863 -0.976569 
37.538609 3046133.000000 24 26 26 0.454555 0.588176 0.696032 0.972030 0.957872 0.780070 0.715192 0.558953 0.451100 0.258063 0.107175 -0.096702 -0.299046 -0.442009 -0.574852 -0.694568 -0.844046 -0.907777 -0.979523 0.971173 0.946660 0.790873 0.694706 0.578865 0.467036 0.251875 0.102327 -0.114321 -0.285423 -0.430941 -0.548741 -0.683761 -0.841657 -0.910511 -0.973444 
34.585922 1862610.750000 52 146 52 0.701803 0.580885 0.666369 0.971646 0.950980 0.761781 0.662534 0.564004 0.400183 0.161761 0.068064 -0.168640 -0.287102 -0.463184 -0.591749 -0.755254 -0.848143 -0.912865 -0.977133 0.971267 0.953430 0.773471 0.710752 0.549700 0.419744 0.208689 0.099011 -0.107893 -0.293640 -0.441128 -0.594312 -0.725536 -0.852744 -0.904236 -0.976082 
31.242882 856694.500000 52 54 54 0.656655 0.647079 0.777806 0.981107 0.944019 0.752760 0.636134 0.534866 0.461637 0.184017 -0.008416 -0.201540 -0.361361 -0.502896 -0.604455 -0.733676 -0.836488 -0.907570 -0.987326 0.976593 0.946145 0.772028 0.646695 0.546721 0.451712 0.161453 0.019132 -0.170816 -0.316978 -0.486580 -0.602323 -0.740565 -0.835783 -0.906660 -0.984809 
25.719692 187695.125000 54 54 54 0.724170 0.661882 0.570918 0.979162 0.966462 0.868028 0.672317 0.565099 0.453097 0.228884 0.042123 -0.192469 -0.354581 -0.523355 -0.652611 -0.738050 -0.821825 -0.915423 -0.987426 0.979209 0.961269 0.804957 0.670235 0.553223 0.448622 0.230888 -0.008532 -0.208937 -0.377402 -0.512747 -0.619365 -0.729016 -0.825194 -0.915643 -0.989124 
30.655413 1175611.500000 56 74 44 0.579905 0.485170 0.497375 0.969132 0.948799 0.809646 0.616064 0.543447 0.446943 0.174691 -0.009137 -0.206550 -0.321388 -0.460177 -0.602796 -0.762308 -0.851408 -0.926910 -0.986871 0.974993 0.955408 0.829502 0.612200 0.545855 0.446389 0.176133 0.027236 -0.207503 -0.319498 -0.498266 -0.633984 -0.759995 -0.838228 -0.917903 -0.983193 
52.830795 6375187.000000 44 52 64 0.403978 0.592844 0.805071 0.979480 0.957984 0.934917 0.841118 0.657273 0.621783 0.417949 0.311789 0.200726 -0.211448 -0.260484 -0.426189 -0.691186 -0.770018 -0.798795 -0.898720 0.991072 0.965806 0.916944 0.787604 0.619447 0.533946 0.343650 0.138831 -0.164164 -0.285680 -0.405552 -0.580948 -0.741273 -0.821030 -0.911121 -0.986386 
58.491764 39667220.000000 64 70 74 0.922608 0.836834 0.934600 0.973487 0.945374 0.915334 0.785923 0.629116 0.582007 0.347354 0.280975 0.065745 -0.182367 -0.262957 -0.355015 -0.652916 -0.744604 -0.786274 -0.831684 0.973848 0.953932 0.921744 0.786550 0.637813 0.591775 0.361552 0.295818 0.067949 -0.178337 -0.258994 -0.363718 -0.671570 -0.749997 -0.787369 -0.834119 
57.351337 34371264.000000 74 78 80 0.930039 0.929788 0.967344 0.973164 0.941192 0.896087 0.770198 0.641325 0.591402 0.360031 0.282617 0.104337 -0.165092 -0.252402 -0.372068 -0.646205 -0.741277 -0.790772 -0.836899 0.972509 0.943260 0.910840 0.775575 0.629497 0.586410 0.360258 0.282664 0.098386 -0.163111 -0.260598 -0.375171 -0.618259 -0.736451 -0.793631 -0.856762 
55.189533 27568034.000000 80 80 80 0.969044 0.961698 0.971684 0.978672 0.938725 0.889130 0.788046 0.668392 0.618607 0.391456 0.250035 -0.006272 -0.199930 -0.269253 -0.441941 -0.663362 -0.760676 -0.810535 -0.888254 0.974869 0.937874 0.889590 0.781603 0.657926 0.606591 0.371614 0.285092 0.073915 -0.167206 -0.257385 -0.346392 -0.641001 -0.752794 -0.812151 -0.858161 
53.955406 16172105.000000 80 82 102 0.944823 0.928623 0.790594 0.974968 0.943671 0.879358 0.789886 0.693681 0.609690 0.332249 0.232068 0.092580 -0.159648 -0.230502 -0.355847 -0.667283 -0.742528 -0.805006 -0.849234 0.978808 0.940486 0.887629 0.798745 0.677330 0.616902 0.346700 0.243321 0.083556 -0.162163 -0.252591 -0.365284 -0.657951 -0.735022 -0.813712 -0.857127 
53.575005 12043396.000000 82 84 82 0.616439 0.839256 0.951463 0.976025 0.948026 0.879291 0.809073 0.718826 0.634805 0.357361 0.199614 0.096003 -0.161732 -0.233718 -0.361215 -0.651942 -0.742051 -0.796488 -0.867092 0.975913 0.946913 0.879409 0.794114 0.719682 0.631234 0.335254 0.199909 0.075342 -0.165446 -0.249706 -0.369417 -0.641763 -0.735564 -0.800865 -0.847167 
53.327682 5775486.500000 84 84 84 0.948446 0.985097 0.946713 0.976719 0.953202 0.884971 0.833743 0.750953 0.650638 0.416013 0.187005 0.100847 -0.132564 -0.211412 -0.345174 -0.665105 -0.740472 -0.787490 -0.869311 0.976213 0.950393 0.876750 0.821591 0.728633 0.643508 0.367933 0.196091 0.081025 -0.163327 -0.221421 -0.340485 -0.674118 -0.737894 -0.794671 -0.846946 
53.320118 4669264.000000 84 86 86 0.943252 0.973593 0.970483 0.979141 0.957067 0.898854 0.842852 0.766909 0.662501 0.447299 0.162591 0.073940 -0.133910 -0.183811 -0.472478 -0.706383 -0.745437 -0.783846 -0.866603 0.978186 0.955910 0.895174 0.841592 0.768386 0.669420 0.412266 0.171074 0.091820 -0.109541 -0.198194 -0.404903 -0.697797 -0.758686 -0.806482 -0.873655 
52.593380 3195807.750000 86 84 84 0.964728 0.953321 0.940451 0.981741 0.960804 0.911987 0.840435 0.758408 0.643978 0.386371 0.183359 0.109903 -0.044827 -0.124658 -0.444567 -0.652287 -0.717593 -0.785340 -0.917320 0.980179 0.958815 0.902073 0.840502 0.762852 0.653634 0.385953 0.176032 0.079930 -0.079847 -0.140975 -0.489019 -0.684904 -0.741699 -0.782338 -0.865647 
49.083710 783653.875000 84 88 84 0.934717 0.860922 0.892593 0.987037 0.975107 0.917556 0.795550 0.737354 0.609024 0.440289 0.219381 0.120334 -0.037664 -0.283223 -0.388749 -0.611061 -0.770278 -0.798447 -0.935041 0.983717 0.967149 0.916748 0.834198 0.732512 0.622000 0.404007 0.210867 0.125885 -0.033925 -0.155445 -0.355684 -0.621496 -0.730785 -0.787652 -0.936244 
47.110313 328546.187500 84 84 86 0.919560 0.928728 0.926071 0.989072 0.978548 0.954964 0.816615 0.726060 0.678107 0.401327 0.175912 0.123134 -0.157307 -0.336074 -0.392725 -0.665326 -0.745538 -0.829527 -0.962321 0.988826 0.978733 0.939634 0.792108 0.732125 0.643589 0.440187 0.166186 0.121437 -0.102659 -0.340998 -0.376649 -0.644098 -0.765363 -0.798995 -0.933255 
46.569588 106650.234375 84 84 84 0.957144 0.947912 0.849229 0.990088 0.978290 0.959976 0.853830 0.738713 0.705217 0.528074 0.251787 0.116370 -0.156967 -0.352294 -0.422150 -0.643393 -0.796535 -0.897168 -0.972401 0.989693 0.978617 0.961439 0.842686 0.731730 0.704539 0.459689 0.195565 0.136115 -0.099849 -0.357429 -0.399172 -0.652860 -0.773077 -0.882267 -0.970332 
42.404636 57807.144531 84 84 84 0.820270 0.688441 0.629368 0.990495 0.979792 0.942608 0.856522 0.791631 0.667986 0.475575 0.265814 0.148796 -0.065205 -0.318658 -0.469818 -0.656084 -0.791987 -0.900314 -0.969220 0.989348 0.978963 0.946468 0.856753 0.781388 0.702510 0.566272 0.277928 0.131031 -0.101524 -0.340390 -0.418629 -0.649113 -0.785755 -0.900294 -0.967914 
47.143402 3272182.250000 84 80 82 0.712478 0.660733 0.909821 0.984960 0.975143 0.948185 0.702773 0.628821 0.487879 0.236534 0.153964 -0.001868 -0.165818 -0.258588 -0.461725 -0.579948 -0.637501 -0.802788 -0.931912 0.991078 0.975175 0.903227 0.733459 0.603982 0.438751 0.286323 0.172975 0.062034 -0.116634 -0.264270 -0.464664 -0.573456 -0.648802 -0.794176 -0.948704 
54.605717 4065573.500000 80 80 78 0.932972 0.945834 0.989510 0.983280 0.972730 0.958603 0.794508 0.642803 0.620069 0.259192 0.152546 0.052215 -0.244129 -0.345494 -0.448110 -0.544852 -0.674665 -0.760965 -0.923575 0.983508 0.973371 0.958603 0.733692 0.647227 0.601466 0.232309 0.162641 0.005856 -0.190900 -0.291365 -0.433403 -0.538639 -0.626665 -0.761046 -0.927340 
54.769516 2584758.500000 78 78 80 0.989320 0.978454 0.912318 0.986382 0.974360 0.960317 0.811121 0.641480 0.622805 0.328450 0.160649 0.089272 -0.224151 -0.396726 -0.486231 -0.612742 -0.738698 -0.785862 -0.886739 0.984806 0.973055 0.959119 0.825363 0.641878 0.620033 0.301890 0.176823 0.073676 -0.244009 -0.359710 -0.457858 -0.596018 -0.696687 -0.767547 -0.891341 
47.363987 159479.859375 80 78 76 0.900585 0.799378 0.716036 0.990874 0.983064 0.962142 0.882694 0.679577 0.640739 0.355382 0.176205 0.040006 -0.248108 -0.390715 -0.434908 -0.628706 -0.733348 -0.833723 -0.968013 0.989448 0.977499 0.963597 0.827434 0.660168 0.636611 0.309693 0.135606 0.072831 -0.229774 -0.395290 -0.430256 -0.619163 -0.757359 -0.804367 -0.953535 
50.174141 182351.140625 76 74 74 0.705643 0.963832 0.977899 0.991589 0.983032 0.966829 0.911057 0.708709 0.672886 0.492723 0.186282 0.082151 -0.249691 -0.383364 -0.422661 -0.557708 -0.740819 -0.893955 -0.970887 0.991541 0.982875 0.964476 0.919496 0.704760 0.651424 0.427889 0.208221 0.070134 -0.278333 -0.402471 -0.449258 -0.600515 -0.727294 -0.867921 -0.968902 
51.704308 178359.468750 74 74 74 0.975754 0.961867 0.943345 0.991349 0.983177 0.968634 0.916892 0.706783 0.660874 0.512459 0.175313 0.085847 -0.207398 -0.380100 -0.430059 -0.616921 -0.780550 -0.897985 -0.973820 0.991463 0.983380 0.967923 0.917802 0.694141 0.659807 0.484074 0.169453 0.108592 -0.245763 -0.394246 -0.442874 -0.558634 -0.745054 -0.900372 -0.974640 
53.144234 3511731.000000 76 76 76 0.945332 0.832110 0.727883 0.985680 0.973492 0.952593 0.840836 0.715518 0.677714 0.253694 0.071483 -0.036767 -0.244858 -0.318198 -0.396329 -0.665549 -0.776094 -0.846651 -0.931099 0.990790 0.982196 0.966558 0.887155 0.712592 0.660871 0.475150 0.135085 -0.008327 -0.258322 -0.342391 -0.430106 -0.704459 -0.805348 -0.881728 -0.953436 
55.406013 4473280.500000 78 80 82 0.802086 0.954628 0.898544 0.982873 0.970888 0.940727 0.832432 0.749158 0.672938 0.225461 0.126367 0.013071 -0.222376 -0.274311 -0.440717 -0.669520 -0.731407 -0.770819 -0.857173 0.981827 0.969535 0.943657 0.836245 0.732032 0.689531 0.261999 0.097303 -0.046349 -0.231269 -0.293559 -0.394477 -0.656422 -0.736582 -0.783845 -0.902732 
50.107765 217232.937500 82 90 88 0.912773 0.685105 0.783949 0.990565 0.982974 0.951625 0.836936 0.769509 0.677897 0.276737 0.118032 0.030906 -0.204211 -0.247932 -0.452363 -0.697336 -0.747602 -0.780786 -0.934138 0.984934 0.975984 0.946794 0.821917 0.750839 0.677033 0.254023 0.115270 0.054652 -0.217472 -0.271112 -0.429959 -0.662747 -0.734858 -0.766184 -0.880541 
43.373508 63585.765625 88 90 90 0.772412 0.812377 0.879414 0.992798 0.984480 0.953845 0.857190 0.767555 0.727105 0.390953 0.139303 0.021521 -0.213304 -0.254313 -0.433057 -0.683012 -0.764828 -0.862919 -0.971492 0.991854 0.986731 0.944469 0.825552 0.767281 0.680080 0.399376 0.134805 -0.015463 -0.221884 -0.262957 -0.467097 -0.698344 -0.758691 -0.818660 -0.967002 
39.351192 21249.986328 90 90 94 0.843354 0.850373 0.799400 0.994272 0.985329 0.957105 0.832296 0.745353 0.680925 0.431699 0.163905 0.061446 -0.212539 -0.317055 -0.482399 -0.709689 -0.828098 -0.914495 -0.966155 0.993980 0.984807 0.958825 0.859288 0.760859 0.709692 0.430398 0.148213 0.050131 -0.193176 -0.276370 -0.467802 -0.706547 -0.789734 -0.903376 -0.970389 
34.068733 11488.220703 92 98 92 0.756982 0.484246 0.888137 0.996081 0.988813 0.944410 0.842673 0.748188 0.658693 0.372368 0.210768 0.036527 -0.223725 -0.338714 -0.554108 -0.705802 -0.819899 -0.900825 -0.982875 0.994984 0.985887 0.943051 0.820850 0.745456 0.670940 0.391238 0.195350 0.048260 -0.207680 -0.307149 -0.537209 -0.714493 -0.827296 -0.912014 -0.972436 
32.514503 33636.273438 92 68 74 0.884172 0.799360 0.492120 0.991406 0.972624 0.943927 0.883420 0.766550 0.597377 0.354550 0.148187 -0.064322 -0.167187 -0.298289 -0.556753 -0.683077 -0.821173 -0.905842 -0.974767 0.995476 0.989639 0.946865 0.826286 0.740691 0.621742 0.383862 0.194566 0.006752 -0.231480 -0.375684 -0.570293 -0.714928 -0.823464 -0.910959 -0.980244 
54.014851 4295727.500000 78 80 92 0.498260 0.572616 0.902272 0.975237 0.950767 0.930261 0.865296 0.824600 0.646147 0.197400 0.139860 -0.043791 -0.168626 -0.255497 -0.444433 -0.709531 -0.775565 -0.823589 -0.871347 0.979545 0.963952 0.943081 0.875871 0.830184 0.681801 0.185187 0.130795 -0.064947 -0.180538 -0.232343 -0.485247 -0.697848 -0.774514 -0.824563 -0.901044 
54.998898 5606313.500000 92 94 94 0.920541 0.970291 0.947612 0.968075 0.940384 0.917879 0.851032 0.797352 0.629418 0.280681 0.172289 0.024318 -0.166308 -0.231709 -0.421307 -0.675272 -0.758988 -0.839203 -0.871939 0.972280 0.944236 0.924452 0.858617 0.811980 0.614194 0.226171 0.157711 -0.029566 -0.169672 -0.229021 -0.421505 -0.693515 -0.773222 -0.848566 -0.875484 
52.977432 5444372.000000 94 96 94 0.934437 0.696021 0.855542 0.970519 0.938514 0.902522 0.849058 0.797086 0.623059 0.287731 0.177706 0.027351 -0.179756 -0.225360 -0.384549 -0.675642 -0.774323 -0.842461 -0.890708 0.970623 0.941746 0.908506 0.850997 0.791497 0.609567 0.272284 0.176457 0.035620 -0.166482 -0.222408 -0.387233 -0.674367 -0.747886 -0.848022 -0.882411 
52.727753 4392124.000000 94 108 94 0.954110 0.665037 0.934641 0.967120 0.933274 0.903125 0.841617 0.776932 0.647500 0.307577 0.202022 0.045995 -0.170558 -0.226233 -0.375987 -0.666516 -0.774743 -0.836479 -0.886969 0.970932 0.935216 0.902611 0.853959 0.791125 0.642877 0.327510 0.181650 0.051585 -0.182405 -0.251551 -0.379502 -0.665506 -0.770254 -0.830208 -0.883674 
52.334934 5319367.000000 94 94 94 0.954955 0.746862 0.637017 0.965234 0.928143 0.901540 0.826728 0.740868 0.626255 0.287492 0.190912 0.060339 -0.156433 -0.247355 -0.340965 -0.668463 -0.771534 -0.839139 -0.871858 0.967062 0.929304 0.900238 0.836647 0.761641 0.644461 0.319676 0.204821 0.095655 -0.166565 -0.237214 -0.351147 -0.676194 -0.771436 -0.852006 -0.883923 
52.412735 7889960.500000 94 94 94 0.801553 0.598519 0.906282 0.973762 0.942266 0.915099 0.842401 0.719746 0.618894 0.309137 0.181771 0.029313 -0.188510 -0.296030 -0.399427 -0.696345 -0.791518 -0.852148 -0.884170 0.972361 0.931761 0.906467 0.834820 0.725028 0.619712 0.284381 0.200224 0.040508 -0.166471 -0.244993 -0.402123 -0.684956 -0.766470 -0.840626 -0.871302 
54.148617 9180201.000000 94 94 96 0.921372 0.948302 0.880925 0.970838 0.947281 0.929167 0.817793 0.670578 0.608239 0.302898 0.202756 0.080314 -0.181255 -0.310918 -0.370123 -0.613930 -0.737757 -0.821065 -0.871661 0.970255 0.943627 0.923540 0.827551 0.694790 0.624633 0.313646 0.188533 0.088071 -0.161336 -0.273677 -0.377933 -0.634324 -0.754288 -0.838685 -0.878231 
51.230778 1147271.625000 96 96 102 0.887414 0.730996 0.359511 0.983611 0.966560 0.940703 0.832110 0.655198 0.585804 0.349069 0.210615 0.115799 -0.189199 -0.346843 -0.423922 -0.547622 -0.698929 -0.812871 -0.906448 0.979349 0.956036 0.937513 0.838394 0.657964 0.609158 0.334391 0.204743 0.095370 -0.180302 -0.338474 -0.391282 -0.588410 -0.708682 -0.809624 -0.875964 
50.098763 4507382.000000 114 94 94 0.411386 0.932679 0.974236 0.981462 0.968763 0.945084 0.791364 0.568689 0.518507 0.322527 0.166003 0.080252 -0.160509 -0.358515 -0.443834 -0.574643 -0.667566 -0.754812 -0.853036 0.983803 0.968567 0.941885 0.821095 0.621358 0.572999 0.361588 0.188567 0.075581 -0.173623 -0.329631 -0.435399 -0.563151 -0.654083 -0.794055 -0.926081 
52.672901 5853053.000000 94 94 94 0.979752 0.968723 0.946376 0.983476 0.973553 0.949582 0.788387 0.512333 0.434394 0.295215 0.144761 0.059475 -0.178930 -0.359452 -0.426650 -0.599791 -0.691282 -0.778235 -0.843717 0.981592 0.970376 0.945953 0.779711 0.528774 0.465314 0.299634 0.150715 0.068286 -0.168878 -0.363939 -0.442382 -0.590736 -0.683634 -0.768763 -0.824639 
52.865662 4845614.500000 92 94 92 0.959469 0.930275 0.963731 0.985042 0.978361 0.959133 0.793662 0.448230 0.361205 0.270637 0.133030 0.039135 -0.194294 -0.336697 -0.440129 -0.603797 -0.718334 -0.774289 -0.877346 0.984150 0.976078 0.952031 0.767065 0.485660 0.401964 0.277769 0.160072 0.038166 -0.184099 -0.361400 -0.420413 -0.602447 -0.703574 -0.790522 -0.847371 
51.647224 3720095.500000 92 90 88 0.964913 0.895667 0.929005 0.988466 0.979492 0.966749 0.749302 0.381856 0.319211 0.237932 0.164276 -0.059738 -0.208822 -0.390160 -0.453856 -0.582380 -0.721541 -0.772157 -0.853093 0.987093 0.979648 0.965804 0.779311 0.453383 0.351508 0.274352 0.151534 0.028529 -0.180922 -0.361478 -0.437999 -0.548796 -0.689628 -0.766914 -0.890151 
48.404129 432960.062500 88 76 70 0.914404 0.916277 0.890288 0.986522 0.982867 0.967655 0.849701 0.497459 0.383923 0.273107 0.177084 0.021792 -0.221550 -0.379097 -0.437663 -0.571710 -0.696066 -0.779261 -0.934783 0.987758 0.980946 0.963504 0.763335 0.390423 0.319450 0.238219 0.148147 -0.014295 -0.255496 -0.394559 -0.451037 -0.587809 -0.700973 -0.767904 -0.865447 
42.991329 200164.031250 70 54 58 0.898627 0.512505 0.675790 0.982293 0.973995 0.964075 0.868357 0.463067 0.359261 0.268016 0.169693 0.085342 -0.083583 -0.356426 -0.429524 -0.541837 -0.668440 -0.838179 -0.957343 0.985703 0.980225 0.963887 0.818869 0.508849 0.386494 0.274322 0.160492 0.069129 -0.135428 -0.384128 -0.446674 -0.558958 -0.692077 -0.786327 -0.940694 
34.892715 95926.906250 28 72 24 0.829450 0.551804 0.462630 0.983660 0.966681 0.947770 0.820490 0.471345 0.381718 0.307432 0.190631 0.074468 -0.138244 -0.362691 -0.433409 -0.587470 -0.769543 -0.886862 -0.955065 0.980753 0.972695 0.957062 0.837976 0.459902 0.367321 0.286466 0.183711 0.079672 -0.140566 -0.374011 -0.432920 -0.585356 -0.720774 -0.874706 -0.957812 
32.120918 159060.406250 50 118 102 0.596980 0.524434 0.374739 0.974031 0.952001 0.905213 0.669728 0.483614 0.423865 0.280655 0.202571 0.094917 -0.128470 -0.252794 -0.369200 -0.493111 -0.754123 -0.873926 -0.957567 0.976072 0.962730 0.942447 0.729138 0.458735 0.402800 0.296890 0.186714 0.087542 -0.126809 -0.341343 -0.411267 -0.555386 -0.791340 -0.890621 -0.951408 
41.402508 754335.937500 46 74 146 0.484812 0.585873 0.607149 0.961661 0.926082 0.913193 0.831327 0.545573 0.499322 0.338858 0.196266 0.115744 -0.115473 -0.249487 -0.345640 -0.486714 -0.725832 -0.869569 -0.941559 0.967455 0.927177 0.910220 0.794031 0.521034 0.472073 0.337497 0.202594 0.116409 -0.092699 -0.244619 -0.342292 -0.473238 -0.707256 -0.864950 -0.961601 
49.382862 13083223.000000 148 54 82 0.602424 0.562744 0.613935 0.960630 0.910009 0.889444 0.773300 0.588826 0.547239 0.351596 0.243087 0.038797 -0.134798 -0.282796 -0.366957 -0.607420 -0.773656 -0.881511 -0.902976 0.958221 0.914860 0.899004 0.760586 0.569728 0.500651 0.377101 0.237690 0.119838 -0.085821 -0.260441 -0.348880 -0.514700 -0.745367 -0.879115 -0.915681 
54.239456 46303412.000000 82 80 82 0.662416 0.942516 0.891337 0.971666 0.915024 0.879763 0.783016 0.598242 0.532702 0.340284 0.227571 0.076152 -0.150700 -0.299129 -0.392775 -0.645833 -0.795820 -0.881833 -0.901309 0.964831 0.912228 0.885661 0.765512 0.585162 0.538007 0.348698 0.238097 0.055450 -0.150168 -0.312721 -0.418691 -0.662817 -0.801611 -0.883785 -0.904374 
54.556808 40406072.000000 82 84 86 0.898288 0.778343 0.760137 0.976554 0.919313 0.869979 0.774697 0.612517 0.549703 0.347269 0.244603 0.087772 -0.165599 -0.315731 -0.398680 -0.660380 -0.781210 -0.873678 -0.898311 0.976242 0.916457 0.878343 0.776159 0.606250 0.548409 0.343085 0.236309 0.099798 -0.162487 -0.294876 -0.393466 -0.620109 -0.768177 -0.880566 -0.900833 
53.963604 27616124.000000 86 86 88 0.841855 0.873109 0.847057 0.972796 0.916918 0.876700 0.792419 0.634969 0.560959 0.339540 0.239920 0.054440 -0.161588 -0.287278 -0.412635 -0.650318 -0.776666 -0.870414 -0.907136 0.974814 0.917462 0.874383 0.788568 0.624907 0.555460 0.342424 0.244385 0.084691 -0.173269 -0.272364 -0.395484 -0.674347 -0.797125 -0.883806 -0.904443 
52.841526 11784492.000000 88 88 88 0.843092 0.965874 0.974899 0.979574 0.920793 0.877227 0.819134 0.651719 0.574344 0.375972 0.245958 0.145835 -0.133250 -0.230659 -0.362783 -0.632965 -0.767361 -0.851389 -0.880420 0.974903 0.915300 0.875999 0.796547 0.639175 0.576094 0.341519 0.260823 0.086336 -0.159987 -0.254185 -0.363825 -0.654921 -0.798147 -0.865753 -0.890282 
49.108543 1907619.625000 88 88 88 0.975977 0.869196 0.827497 0.983908 0.925398 0.895921 0.828174 0.702164 0.612225 0.412415 0.266155 0.137451 -0.146921 -0.215726 -0.298821 -0.554443 -0.785086 -0.841610 -0.899468 0.980973 0.919636 0.882911 0.824930 0.683209 0.582711 0.409918 0.259521 0.159231 -0.121112 -0.230351 -0.322202 -0.592151 -0.753851 -0.848704 -0.891953 
43.941872 2327549.000000 88 88 88 0.829016 0.583753 0.555904 0.992435 0.916475 0.882190 0.772286 0.653235 0.581119 0.367246 0.246436 0.043133 -0.160030 -0.312327 -0.492005 -0.688478 -0.819358 -0.897242 -0.979896 0.992419 0.929203 0.898140 0.817065 0.680714 0.616041 0.400047 0.278286 0.144816 -0.126620 -0.208986 -0.288438 -0.596227 -0.788287 -0.844446 -0.917082 
37.534264 3545090.000000 102 226 148 0.462180 0.372005 0.548179 0.975254 0.880665 0.827700 0.661900 0.602752 0.413378 0.221950 -0.011765 -0.183067 -0.340987 -0.512263 -0.603657 -0.773110 -0.856175 -0.915822 -0.984770 0.973774 0.884508 0.843684 0.665322 0.615441 0.427863 0.244090 0.060309 -0.137187 -0.261848 -0.483175 -0.592981 -0.760702 -0.851946 -0.915437 -0.984144 
38.617397 7889504.500000 148 88 56 0.646964 0.565665 0.578363 0.950872 0.892610 0.804213 0.648985 0.553436 0.370950 0.174605 0.019192 -0.185862 -0.343944 -0.497623 -0.598879 -0.738059 -0.828523 -0.905305 -0.985378 0.955992 0.885366 0.821309 0.653993 0.580688 0.401825 0.209419 0.030662 -0.215614 -0.347477 -0.501609 -0.612024 -0.747126 -0.833634 -0.921049 -0.986379 
39.365086 5856153.500000 54 76 78 0.498245 0.648423 0.599260 0.959553 0.881470 0.746101 0.652349 0.564579 0.392946 0.196826 0.000702 -0.197987 -0.312283 -0.464861 -0.598221 -0.739060 -0.832588 -0.914201 -0.980498 0.942165 0.878760 0.765138 0.643955 0.562044 0.350066 0.164926 -0.014201 -0.194777 -0.340965 -0.494153 -0.602916 -0.748790 -0.826474 -0.903801 -0.987552 
38.472427 3341858.500000 78 98 86 0.486265 0.569135 0.516894 0.969643 0.921506 0.670088 0.623766 0.507777 0.363109 0.212102 0.025249 -0.161983 -0.299337 -0.453882 -0.629625 -0.750484 -0.838637 -0.924467 -0.980889 0.968304 0.914108 0.692932 0.642742 0.529316 0.380637 0.226776 0.025875 -0.185718 -0.309170 -0.446643 -0.605696 -0.743243 -0.842303 -0.915562 -0.981697 
25.657740 129374.500000 60 52 86 0.497989 0.384192 0.482719 0.981187 0.943223 0.828018 0.656386 0.577388 0.432603 0.294885 0.160993 -0.106379 -0.265763 -0.440987 -0.557711 -0.739423 -0.848214 -0.912748 -0.976766 0.973719 0.920215 0.753923 0.628631 0.564394 0.408387 0.267432 0.071052 -0.100048 -0.258311 -0.444903 -0.591498 -0.737272 -0.833558 -0.925318 -0.977710 
34.709465 2115206.000000 86 24 98 0.495292 0.440732 0.437467 0.971295 0.922960 0.677328 0.604422 0.441068 0.278676 0.152605 -0.060831 -0.118964 -0.254658 -0.451568 -0.628240 -0.702238 -0.819839 -0.919181 -0.983137 0.980201 0.944203 0.842285 0.664583 0.583030 0.385859 0.279321 0.135843 -0.066511 -0.234737 -0.410479 -0.551273 -0.705201 -0.836287 -0.906999 -0.965882 
38.760677 2248174.250000 100 148 96 0.440060 0.367441 0.477588 0.973686 0.938606 0.643682 0.575610 0.480924 0.275674 0.132648 -0.044255 -0.120985 -0.323660 -0.483507 -0.573231 -0.707714 -0.844522 -0.907651 -0.983095 0.968904 0.926275 0.641668 0.576591 0.443690 0.262338 0.108236 -0.067990 -0.137160 -0.338188 -0.485138 -0.613580 -0.712913 -0.844051 -0.917056 -0.986940 
46.911217 1578873.625000 148 74 78 0.436714 0.786471 0.944750 0.986879 0.977460 0.961333 0.692266 0.616823 0.545005 0.420666 0.268179 0.030050 -0.106518 -0.398977 -0.541102 -0.677134 -0.770659 -0.925074 -0.979129 0.986825 0.977163 0.899336 0.625802 0.565838 0.385556 0.269157 0.047770 -0.051185 -0.222491 -0.427601 -0.562202 -0.681980 -0.835045 -0.904019 -0.986852 
50.718170 423602.343750 78 80 82 0.930134 0.979581 0.887929 0.988597 0.976803 0.966316 0.821753 0.615179 0.593508 0.486400 0.401977 0.067866 -0.047118 -0.351226 -0.501623 -0.620405 -0.761798 -0.904584 -0.980515 0.987230 0.976200 0.963336 0.774726 0.619193 0.588614 0.477160 0.383810 0.095395 -0.045576 -0.385951 -0.511366 -0.634988 -0.749381 -0.913905 -0.971890 
43.029179 64361.425781 84 86 84 0.873145 0.869281 0.547258 0.992119 0.979349 0.961076 0.791594 0.599783 0.560122 0.465619 0.353954 0.006608 -0.071031 -0.308703 -0.514049 -0.646578 -0.775587 -0.891468 -0.983082 0.989275 0.978155 0.967120 0.808967 0.604734 0.581615 0.468847 0.386482 0.035044 -0.075056 -0.325995 -0.513027 -0.640369 -0.773198 -0.900780 -0.987990 
36.447990 21426.419922 98 84 82 0.344162 0.840443 0.852807 0.993878 0.986725 0.968215 0.832321 0.603629 0.564230 0.454153 0.330815 0.031912 -0.108150 -0.375941 -0.503911 -0.701361 -0.830024 -0.913040 -0.968336 0.993711 0.982970 0.959485 0.823092 0.594755 0.562436 0.443291 0.331961 0.018215 -0.085265 -0.347961 -0.503045 -0.654389 -0.815359 -0.897922 -0.973461 
35.651340 12254.494141 82 82 84 0.877442 0.751124 0.689507 0.995677 0.989947 0.960595 0.836903 0.616161 0.556844 0.448886 0.239828 0.041450 -0.124940 -0.408180 -0.503713 -0.722327 -0.826083 -0.910878 -0.967369 0.995564 0.989157 0.964649 0.805056 0.626586 0.576425 0.460809 0.292814 0.025559 -0.097821 -0.409302 -0.510834 -0.733470 -0.836000 -0.916858 -0.967475 
31.275290 8451.523438 84 86 86 0.765326 0.574029 0.613403 0.994971 0.989578 0.953045 0.813900 0.676132 0.533054 0.426810 0.189399 -0.021558 -0.181414 -0.342809 -0.564353 -0.714490 -0.841116 -0.902987 -0.975160 0.996252 0.990834 0.940981 0.808727 0.641717 0.546077 0.453693 0.208970 0.000429 -0.180420 -0.404631 -0.527814 -0.725317 -0.826304 -0.909039 -0.971293 
26.712238 5350.332520 88 82 82 0.701787 0.674779 0.466906 0.992894 0.981022 0.937546 0.823536 0.638539 0.540170 0.372002 0.215846 -0.009092 -0.222198 -0.411641 -0.600238 -0.728372 -0.848530 -0.930694 -0.974798 0.994603 0.988500 0.952650 0.803073 0.637957 0.538568 0.373796 0.210481 0.006385 -0.202565 -0.355673 -0.569922 -0.717737 -0.848888 -0.917859 -0.976049 
16.062790 3448.523438 212 130 66 0.533132 0.481979 0.395461 0.983456 0.960868 0.902056 0.830765 0.656331 0.496915 0.370043 0.204880 -0.036094 -0.235933 -0.424775 -0.594698 -0.727399 -0.846961 -0.926621 -0.972902 0.990132 0.970849 0.919910 0.829855 0.636514 0.541275 0.383940 0.180253 -0.045838 -0.236830 -0.448921 -0.606230 -0.717105 -0.838918 -0.932720 -0.980083 
15.402404 4396.539062 148 88 112 0.427284 0.441505 0.403928 0.984097 0.963644 0.925532 0.825225 0.650885 0.485978 0.340502 0.153312 -0.073655 -0.268116 -0.431676 -0.592431 -0.736906 -0.860317 -0.927512 -0.975810 0.987606 0.963531 0.906477 0.833879 0.664620 0.510254 0.350579 0.197790 -0.037426 -0.236693 -0.444958 -0.610331 -0.742591 -0.863469 -0.920279 -0.975817 
48.676701 15149153.000000 112 60 114 0.629978 0.522922 0.323108 0.963531 0.939814 0.696691 0.519698 0.431717 0.150434 0.010275 -0.185448 -0.266426 -0.358890 -0.459188 -0.599289 -0.697658 -0.836380 -0.889207 -0.973850 0.958822 0.936553 0.756741 0.558127 0.458205 0.236112 0.051946 -0.110321 -0.220495 -0.324052 -0.458726 -0.547585 -0.688747 -0.807958 -0.892151 -0.975763 
54.615742 27588812.000000 24 78 58 0.672594 0.811021 0.951353 0.979316 0.971535 0.945550 0.759173 0.514096 0.470629 0.223942 0.114024 0.003960 -0.262211 -0.348546 -0.489913 -0.648252 -0.720891 -0.797777 -0.926345 0.980676 0.970479 0.947083 0.624657 0.507864 0.343106 0.138006 -0.042836 -0.233248 -0.327422 -0.424468 -0.602872 -0.661502 -0.805317 -0.881563 -0.967985 
58.474941 59671772.000000 58 60 60 0.970166 0.975442 0.944389 0.975674 0.958518 0.934459 0.774535 0.521970 0.486121 0.263113 0.137407 0.031661 -0.203677 -0.364873 -0.434929 -0.624059 -0.729648 -0.803340 -0.848994 0.978768 0.966344 0.937255 0.785013 0.522122 0.482817 0.251304 0.118488 0.034554 -0.228869 -0.351881 -0.466120 -0.638381 -0.728323 -0.775910 -0.864584 
60.367493 71397824.000000 60 62 66 0.963343 0.942300 0.844525 0.969200 0.953919 0.930958 0.779210 0.548188 0.502895 0.307066 0.177851 0.044402 -0.194973 -0.345822 -0.410319 -0.645697 -0.747900 -0.812157 -0.865976 0.971417 0.954240 0.934929 0.776505 0.531352 0.494646 0.289622 0.158058 0.038477 -0.185501 -0.358310 -0.426260 -0.623340 -0.741418 -0.815793 -0.852406 
58.205608 40027040.000000 64 68 74 0.899915 0.644018 0.824129 0.969629 0.940550 0.921480 0.801006 0.581428 0.535341 0.346005 0.211248 0.061716 -0.157133 -0.296819 -0.385575 -0.615872 -0.732919 -0.826979 -0.874248 0.971275 0.947212 0.923115 0.794521 0.573970 0.521461 0.322999 0.204718 0.064187 -0.147370 -0.335392 -0.395452 -0.587900 -0.728510 -0.802449 -0.851965 
57.114479 21932000.000000 74 80 84 0.820575 0.871327 0.662251 0.965756 0.935264 0.914772 0.833988 0.597633 0.557799 0.347944 0.249226 0.092381 -0.158675 -0.258940 -0.344053 -0.668874 -0.791282 -0.884265 -0.910608 0.968892 0.939313 0.917947 0.831370 0.589366 0.551970 0.332168 0.230460 0.069072 -0.161065 -0.275099 -0.370241 -0.637002 -0.757473 -0.844261 -0.878574 
54.834000 7792790.000000 86 88 88 0.581992 0.904358 0.676560 0.971968 0.931457 0.913130 0.847336 0.637840 0.572716 0.368857 0.267845 0.120067 -0.077719 -0.278135 -0.392106 -0.680778 -0.817949 -0.877326 -0.904081 0.964088 0.930930 0.912215 0.833898 0.610141 0.558429 0.331045 0.248433 0.080795 -0.159724 -0.277273 -0.375677 -0.674445 -0.795177 -0.886242 -0.905097 
50.268711 5973689.500000 88 92 92 0.697672 0.617394 0.655855 0.974130 0.931839 0.914564 0.836059 0.641909 0.590288 0.345514 0.269172 0.079434 -0.142369 -0.271863 -0.381893 -0.668300 -0.814889 -0.895866 -0.925252 0.979026 0.929960 0.908597 0.839806 0.641567 0.577820 0.392642 0.269575 0.131064 -0.108683 -0.267521 -0.368949 -0.659647 -0.808435 -0.886083 -0.918536 
45.383072 595916.937500 92 74 92 0.596450 0.633724 0.415157 0.982133 0.933847 0.913425 0.873470 0.655355 0.554529 0.392468 0.285208 0.169559 -0.073972 -0.287715 -0.372345 -0.610034 -0.826878 -0.905866 -0.945523 0.970325 0.935214 0.915980 0.847422 0.642455 0.582044 0.350510 0.252102 0.092459 -0.148663 -0.273722 -0.393301 -0.676576 -0.836521 -0.897662 -0.933809 
44.424683 867647.312500 46 58 178 0.570314 0.603697 0.411320 0.977293 0.930282 0.911274 0.831335 0.671180 0.575304 0.354055 0.264329 0.138521 -0.098325 -0.303529 -0.351637 -0.718898 -0.866154 -0.896839 -0.940618 0.974901 0.934338 0.909673 0.859488 0.671716 0.575792 0.423480 0.272415 0.168734 -0.062597 -0.288098 -0.345315 -0.611250 -0.859480 -0.897955 -0.948337 
38.643280 441452.000000 148 72 102 0.488946 0.400582 0.553910 0.979532 0.940124 0.920570 0.787719 0.622629 0.548129 0.346173 0.261572 0.136942 -0.086409 -0.333326 -0.360338 -0.681515 -0.883843 -0.915257 -0.947973 0.981735 0.934397 0.917146 0.796562 0.645549 0.554517 0.337145 0.259448 0.135056 -0.060569 -0.316339 -0.353142 -0.637973 -0.877516 -0.908298 -0.958223 
32.535332 178661.390625 98 100 100 0.485342 0.621432 0.520990 0.988477 0.944259 0.899447 0.721656 0.616228 0.491353 0.345734 0.231134 0.144906 -0.150554 -0.308910 -0.348152 -0.556874 -0.842989 -0.910082 -0.931320 0.986094 0.946108 0.910024 0.755471 0.608022 0.523201 0.352295 0.231986 0.154291 -0.100549 -0.318079 -0.352137 -0.648317 -0.868671 -0.910706 -0.933841 
28.008869 206094.859375 98 98 60 0.598578 0.442899 0.469687 0.977493 0.922958 0.885804 0.685328 0.592057 0.494605 0.336181 0.177956 -0.076644 -0.301777 -0.356951 -0.536833 -0.608412 -0.829417 -0.911663 -0.946071 0.984964 0.934794 0.895240 0.717678 0.620022 0.524696 0.361979 0.235377 0.080045 -0.241383 -0.310660 -0.402655 -0.614883 -0.842079 -0.914956 -0.948205 
27.988594 172214.406250 60 74 68 0.539908 0.383458 0.408894 0.963074 0.922421 0.878261 0.648762 0.558574 0.478253 0.274884 0.133413 -0.162423 -0.340096 -0.423460 -0.485963 -0.575317 -0.812844 -0.902218 -0.933394 0.965936 0.919206 0.878595 0.644664 0.571841 0.458089 0.302851 0.131856 -0.115786 -0.331134 -0.396324 -0.504472 -0.583611 -0.781121 -0.912707 -0.936239 
27.078930 326112.281250 130 56 150 0.469401 0.693197 0.691512 0.973030 0.943107 0.843773 0.658268 0.548162 0.361467 0.204096 0.046633 -0.201099 -0.356295 -0.429839 -0.540023 -0.700477 -0.843319 -0.905009 -0.935563 0.969567 0.934161 0.869704 0.663605 0.543895 0.435600 0.237498 0.065413 -0.205361 -0.343508 -0.422562 -0.502186 -0.631554 -0.829135 -0.898251 -0.932421 
29.919088 865472.125000 206 110 94 0.467620 0.347029 0.472572 0.977929 0.942632 0.791899 0.594108 0.502115 0.332348 0.179208 0.040346 -0.164146 -0.371788 -0.444791 -0.625651 -0.762556 -0.872156 -0.915559 -0.974123 0.976415 0.946342 0.837056 0.632339 0.535000 0.303763 0.168275 0.036023 -0.158376 -0.368300 -0.440598 -0.604429 -0.751363 -0.874076 -0.914563 -0.962830 
31.300257 963676.500000 46 50 98 0.471298 0.431549 0.471987 0.979384 0.939430 0.789665 0.591111 0.490690 0.328798 0.176217 0.023000 -0.165329 -0.359639 -0.431235 -0.576089 -0.731242 -0.870239 -0.906826 -0.976429 0.973217 0.935524 0.774585 0.589294 0.500999 0.330665 0.210938 0.012311 -0.199255 -0.367945 -0.439679 -0.604194 -0.756127 -0.874674 -0.911106 -0.969334 
32.344296 926902.250000 50 62 52 0.397415 0.542080 0.663456 0.978614 0.935603 0.797276 0.568160 0.438541 0.321486 0.177210 0.031857 -0.216723 -0.350779 -0.443437 -0.594482 -0.741690 -0.872692 -0.920645 -0.976890 0.977684 0.926618 0.788868 0.575695 0.447927 0.310768 0.172047 0.054213 -0.141209 -0.359502 -0.425176 -0.584648 -0.720741 -0.865093 -0.907184 -0.978707 
32.212173 901545.000000 56 84 84 0.510007 0.398583 0.513624 0.977616 0.946093 0.786001 0.558406 0.474121 0.286907 0.167636 -0.005652 -0.215452 -0.349098 -0.440842 -0.593679 -0.745846 -0.873065 -0.904970 -0.982403 0.978118 0.937604 0.788822 0.550019 0.437335 0.283010 0.143204 0.006245 -0.221538 -0.351173 -0.454312 -0.592464 -0.741252 -0.874893 -0.910846 -0.981078 
31.984276 886115.437500 110 122 114 0.454550 0.325091 0.451650 0.977615 0.923794 0.762978 0.589715 0.444534 0.251567 0.130708 0.000891 -0.248571 -0.358398 -0.447349 -0.660881 -0.719502 -0.858092 -0.905496 -0.970574 0.976701 0.942056 0.764029 0.579824 0.447147 0.302334 0.153088 0.000601 -0.248243 -0.359101 -0.451575 -0.618746 -0.739932 -0.869095 -0.903688 -0.969712 
32.382549 870292.937500 112 98 58 0.413518 0.614001 0.430123 0.983100 0.949270 0.819389 0.565520 0.418102 0.284609 0.150168 0.027725 -0.199314 -0.350299 -0.435703 -0.600917 -0.706929 -0.878790 -0.912313 -0.967099 0.983777 0.944173 0.756403 0.591852 0.458528 0.254335 0.147493 0.000957 -0.211357 -0.334392 -0.429535 -0.632686 -0.705933 -0.853002 -0.906774 -0.961983 
31.837032 993318.625000 148 56 104 0.634131 0.394408 0.399275 0.971611 0.925260 0.829669 0.537429 0.402626 0.285666 0.111944 -0.023060 -0.221059 -0.352828 -0.483911 -0.636412 -0.710443 -0.859441 -0.925362 -0.976402 0.978154 0.927728 0.828367 0.573735 0.399876 0.281260 0.150220 0.010155 -0.198750 -0.353143 -0.466364 -0.641217 -0.721062 -0.870313 -0.920673 -0.977944 
31.074608 569921.687500 98 88 84 0.448500 0.319652 0.362623 0.986092 0.942971 0.795689 0.552294 0.434740 0.263510 0.114995 -0.076849 -0.259546 -0.343161 -0.474319 -0.613042 -0.714647 -0.872816 -0.923273 -0.981611 0.982615 0.928870 0.806093 0.558439 0.440258 0.271050 0.110390 -0.048943 -0.253470 -0.355662 -0.492501 -0.633107 -0.709132 -0.856373 -0.920300 -0.975189 
28.625315 265779.968750 98 96 46 0.390730 0.535863 0.597549 0.985101 0.950488 0.834333 0.615041 0.492074 0.311247 0.134230 -0.017961 -0.209057 -0.345130 -0.415873 -0.607579 -0.726392 -0.877579 -0.912701 -0.954763 0.982850 0.941044 0.813247 0.562281 0.440876 0.274023 0.107790 -0.074664 -0.256724 -0.320276 -0.455903 -0.598666 -0.727970 -0.884383 -0.917288 -0.972919 
22.652336 43319.316406 150 148 148 0.561013 0.592730 0.510448 0.985019 0.965059 0.907554 0.727164 0.522022 0.354415 0.154084 0.049972 -0.189909 -0.327533 -0.394127 -0.544621 -0.654565 -0.863831 -0.900585 -0.941152 0.985113 0.956827 0.884933 0.669569 0.516148 0.333909 0.152286 0.037092 -0.182937 -0.328576 -0.402893 -0.578615 -0.691892 -0.834675 -0.901661 -0.946512 
