38.282551 686253.125000 20 202 48 0.000000 0.572771 0.668237 0.978541 0.950760 0.914158 0.852459 0.785960 0.628212 0.191552 0.100672 -0.017929 -0.221280 -0.284404 -0.468430 -0.631703 -0.767500 -0.903468 -0.931089 0.976801 0.932436 0.838184 0.789419 0.699280 0.427517 0.209701 0.072618 -0.086608 -0.176639 -0.307549 -0.582538 -0.690694 -0.805085 -0.919194 -0.948153 
65.064194 74712680.000000 50 54 54 0.422254 0.963282 0.976520 0.953955 0.941454 0.917088 0.844128 0.798723 0.611941 0.203495 0.105962 -0.000781 -0.196116 -0.271638 -0.470216 -0.620613 -0.697738 -0.834948 -0.911815 0.962567 0.944618 0.919828 0.852327 0.799177 0.690313 0.233565 0.122411 0.017419 -0.211283 -0.303215 -0.467729 -0.621839 -0.686789 -0.860398 -0.910208 
66.749062 44986020.000000 54 52 52 0.984555 0.966121 0.982748 0.964315 0.941152 0.925007 0.865262 0.812102 0.661110 0.179112 0.127588 -0.040503 -0.176905 -0.289256 -0.491860 -0.629243 -0.681896 -0.856923 -0.910175 0.956487 0.940878 0.923678 0.853770 0.807518 0.639952 0.198456 0.112230 0.001205 -0.162634 -0.296389 -0.487491 -0.618011 -0.681444 -0.849409 -0.916322 
64.045090 24201428.000000 52 50 50 0.973974 0.937262 0.976788 0.971256 0.949550 0.921994 0.889003 0.841785 0.598720 0.155412 0.104760 0.001777 -0.189635 -0.260629 -0.443133 -0.621687 -0.687816 -0.816131 -0.907862 0.969582 0.946033 0.922759 0.884925 0.824535 0.622508 0.173785 0.112858 -0.023971 -0.206949 -0.270427 -0.485231 -0.631367 -0.684828 -0.833423 -0.911613 
63.016373 18294794.000000 50 50 50 0.980260 0.926685 0.979851 0.972789 0.957862 0.914568 0.883779 0.840268 0.623161 0.186417 0.098747 0.051298 -0.136011 -0.266177 -0.448925 -0.623914 -0.729781 -0.822980 -0.894202 0.972815 0.953379 0.922769 0.888833 0.849229 0.590785 0.153065 0.099779 0.035076 -0.162879 -0.264394 -0.498435 -0.629040 -0.714650 -0.819638 -0.922278 
63.957878 18975296.000000 50 50 50 0.971950 0.957289 0.962257 0.971672 0.959083 0.903903 0.878682 0.844007 0.679262 0.198083 0.096738 0.044177 -0.162187 -0.275637 -0.426445 -0.598826 -0.750296 -0.835610 -0.913242 0.971427 0.957502 0.904797 0.878379 0.839577 0.659255 0.207950 0.098412 0.058617 -0.153478 -0.269619 -0.420613 -0.603973 -0.741467 -0.831997 -0.917844 
64.261215 15481639.000000 50 50 52 0.973154 0.960097 0.958037 0.972202 0.960199 0.916627 0.885128 0.855430 0.693262 0.228641 0.110048 -0.045569 -0.181574 -0.246540 -0.424433 -0.620209 -0.770426 -0.836651 -0.933403 0.971598 0.960239 0.909302 0.880932 0.850452 0.695606 0.199721 0.104641 -0.006059 -0.148815 -0.225618 -0.456365 -0.623766 -0.759825 -0.822824 -0.927168 
63.321564 7603453.500000 50 52 52 0.951361 0.981130 0.995289 0.974296 0.962228 0.927963 0.896285 0.862444 0.730183 0.206522 0.031713 -0.030097 -0.197340 -0.256007 -0.386713 -0.631426 -0.780522 -0.829087 -0.930701 0.973366 0.961567 0.924714 0.891124 0.863080 0.734467 0.255684 0.064420 -0.050060 -0.187643 -0.263137 -0.391251 -0.618430 -0.793721 -0.842487 -0.938976 
61.577354 3606971.000000 52 52 52 0.992816 0.981188 0.980620 0.976059 0.965402 0.936446 0.911491 0.865227 0.711743 0.151102 0.040744 -0.052423 -0.157928 -0.270670 -0.388613 -0.637919 -0.777629 -0.834580 -0.950065 0.975549 0.963735 0.933151 0.902443 0.866582 0.718550 0.169392 0.063535 -0.050625 -0.187531 -0.253302 -0.358985 -0.595056 -0.784303 -0.837362 -0.947329 
60.884453 3040586.500000 52 52 52 0.990035 0.977760 0.989112 0.976314 0.967829 0.938641 0.922794 0.865563 0.630213 0.154357 0.023575 -0.060048 -0.196637 -0.252635 -0.388892 -0.676735 -0.802445 -0.841794 -0.944224 0.976185 0.967094 0.937682 0.919396 0.857520 0.627029 0.140870 0.033903 -0.077459 -0.166756 -0.281643 -0.416861 -0.616432 -0.791661 -0.836377 -0.929274 
61.518044 2464938.000000 52 52 52 0.957157 0.978347 0.972084 0.976292 0.968545 0.940958 0.922940 0.872990 0.678740 0.173312 0.034213 -0.091221 -0.202107 -0.283956 -0.360212 -0.569490 -0.821921 -0.852314 -0.955004 0.976715 0.969079 0.941041 0.925786 0.882327 0.670691 0.140078 0.017802 -0.103410 -0.225442 -0.285243 -0.386815 -0.617529 -0.807774 -0.842304 -0.949740 
61.623833 1696515.000000 52 52 50 0.972225 0.953799 0.985667 0.976735 0.969252 0.944788 0.922228 0.876241 0.709366 0.245649 0.016826 -0.041723 -0.200775 -0.287973 -0.372009 -0.585110 -0.829476 -0.860011 -0.959010 0.976438 0.968747 0.942542 0.921294 0.876125 0.701743 0.174799 0.030866 -0.049477 -0.215489 -0.289358 -0.358766 -0.536809 -0.826333 -0.859301 -0.958619 
60.205112 757841.625000 50 50 50 0.974084 0.990244 0.988130 0.978244 0.969931 0.955295 0.931275 0.864326 0.684711 0.290117 0.030086 -0.090934 -0.184314 -0.277218 -0.386529 -0.580482 -0.822458 -0.882860 -0.973245 0.976669 0.969811 0.947976 0.925497 0.867195 0.697167 0.288631 0.015077 -0.071813 -0.190548 -0.276218 -0.374501 -0.577653 -0.832127 -0.868342 -0.966356 
58.744217 502118.812500 50 50 50 0.983293 0.995491 0.978214 0.980357 0.970903 0.959540 0.935304 0.836016 0.684042 0.335398 0.059942 -0.121185 -0.169279 -0.278644 -0.400868 -0.552813 -0.802436 -0.897954 -0.975397 0.979115 0.970533 0.958096 0.935676 0.852332 0.677330 0.308569 0.045867 -0.101075 -0.177501 -0.258927 -0.376008 -0.576338 -0.808203 -0.896226 -0.974923 
51.926201 159268.796875 50 50 52 0.985874 0.919975 0.918589 0.989942 0.976793 0.955383 0.904521 0.829614 0.715760 0.375889 0.057454 -0.058958 -0.163736 -0.272159 -0.392525 -0.623291 -0.802106 -0.896782 -0.975813 0.983702 0.971356 0.959671 0.924366 0.840371 0.718202 0.344489 0.012712 -0.093788 -0.178552 -0.295924 -0.406281 -0.534280 -0.797868 -0.886855 -0.972828 
47.428680 66310.734375 50 52 50 0.864222 0.916480 0.904999 0.992978 0.988034 0.938811 0.894198 0.861255 0.743699 0.395924 0.130857 -0.004707 -0.182357 -0.277501 -0.424000 -0.673633 -0.819476 -0.908054 -0.978836 0.992672 0.987872 0.942326 0.891786 0.850783 0.760030 0.335746 0.071263 -0.026411 -0.174641 -0.253722 -0.388782 -0.654730 -0.805727 -0.901000 -0.978263 
48.223949 40471.750000 52 54 54 0.917835 0.959334 0.873356 0.993369 0.988659 0.950483 0.910178 0.846433 0.749069 0.454565 0.208651 -0.063246 -0.168124 -0.260227 -0.465959 -0.675244 -0.800468 -0.927387 -0.974161 0.992887 0.987033 0.948739 0.904625 0.864005 0.754308 0.427428 0.179938 -0.054021 -0.174538 -0.267208 -0.464427 -0.672594 -0.814831 -0.919055 -0.977721 
46.819847 40726.433594 54 56 56 0.937712 0.773197 0.885794 0.994442 0.988280 0.949966 0.892054 0.849246 0.768613 0.468578 0.219176 -0.024144 -0.223785 -0.303566 -0.447681 -0.685801 -0.811887 -0.917633 -0.977627 0.993984 0.989430 0.946175 0.892587 0.842829 0.747540 0.453974 0.227519 -0.049571 -0.179890 -0.297947 -0.471916 -0.677186 -0.809415 -0.929011 -0.974559 
47.643669 43671.324219 56 58 60 0.806540 0.920874 0.953237 0.994054 0.988619 0.958554 0.878071 0.853778 0.773131 0.434986 0.232614 -0.057426 -0.229840 -0.303426 -0.464265 -0.684485 -0.818957 -0.914920 -0.977542 0.994279 0.989104 0.959376 0.883744 0.845944 0.794749 0.452362 0.207287 -0.063884 -0.234891 -0.299527 -0.457739 -0.696311 -0.822623 -0.914426 -0.974787 
47.835609 67957.406250 60 60 60 0.945516 0.964038 0.950165 0.993814 0.987960 0.945972 0.882950 0.843773 0.748928 0.509062 0.232298 -0.052479 -0.278434 -0.323826 -0.400302 -0.620515 -0.817659 -0.911513 -0.972418 0.993891 0.987641 0.952430 0.879994 0.854393 0.754477 0.484389 0.257155 0.007173 -0.251908 -0.328045 -0.446729 -0.671164 -0.824293 -0.912325 -0.976507 
49.244568 98032.148438 60 60 60 0.942719 0.958479 0.706215 0.994522 0.990505 0.933702 0.869899 0.837905 0.734092 0.526624 0.205962 -0.099195 -0.262751 -0.316354 -0.417549 -0.630823 -0.787505 -0.900031 -0.968316 0.994160 0.989582 0.934969 0.871928 0.839849 0.745095 0.566670 0.226079 -0.089445 -0.275143 -0.321180 -0.400673 -0.611169 -0.801428 -0.899182 -0.973239 
54.739880 15169081.000000 60 56 56 0.785540 0.461415 0.923541 0.983305 0.958102 0.927965 0.866942 0.785111 0.610370 0.398956 -0.003309 -0.074769 -0.205183 -0.329567 -0.530080 -0.695406 -0.790968 -0.881435 -0.963324 0.993513 0.979866 0.914235 0.843506 0.714089 0.556682 0.332432 0.052548 -0.071910 -0.255927 -0.399726 -0.578991 -0.694654 -0.827372 -0.910285 -0.963218 
59.551094 23600816.000000 56 56 56 0.886108 0.959130 0.963199 0.968123 0.944445 0.899772 0.856571 0.805273 0.694377 0.287865 -0.019135 -0.095882 -0.223587 -0.301612 -0.407300 -0.629840 -0.737290 -0.797907 -0.893124 0.974268 0.949669 0.918206 0.866431 0.815957 0.705583 0.315854 -0.018434 -0.079995 -0.187482 -0.293157 -0.444543 -0.641743 -0.745996 -0.810235 -0.874224 
59.473530 26443544.000000 56 56 56 0.955109 0.949271 0.757673 0.966082 0.939418 0.875851 0.838148 0.786990 0.686887 0.322827 -0.022986 -0.083875 -0.201478 -0.303840 -0.386640 -0.585115 -0.716559 -0.798114 -0.850997 0.966978 0.942700 0.884879 0.846971 0.798321 0.692334 0.316729 -0.012038 -0.093877 -0.220224 -0.309951 -0.401641 -0.606410 -0.723244 -0.811507 -0.853123 
58.477081 15750031.000000 56 58 58 0.799195 0.912732 0.991019 0.971215 0.946542 0.876720 0.849114 0.800890 0.726422 0.340880 -0.019271 -0.105676 -0.211982 -0.296588 -0.396158 -0.559312 -0.744962 -0.787859 -0.881895 0.970100 0.943231 0.880673 0.840802 0.788774 0.705167 0.302363 -0.040803 -0.089644 -0.216945 -0.307956 -0.400787 -0.548039 -0.740806 -0.796857 -0.863981 
58.564342 15644908.000000 58 58 58 0.989098 0.990572 0.915015 0.973556 0.944115 0.872320 0.849251 0.790452 0.708360 0.349872 -0.011940 -0.119712 -0.196276 -0.286442 -0.375096 -0.547469 -0.724541 -0.794108 -0.893691 0.971966 0.944715 0.873073 0.849501 0.797371 0.718587 0.342224 0.006711 -0.118923 -0.216101 -0.290967 -0.376065 -0.536150 -0.752707 -0.792333 -0.899897 
57.285469 8523512.000000 58 60 60 0.937196 0.972508 0.935701 0.978501 0.949193 0.878122 0.853845 0.786626 0.716000 0.427825 -0.010842 -0.099213 -0.191642 -0.273711 -0.350794 -0.499003 -0.723436 -0.780061 -0.907229 0.976947 0.947735 0.876929 0.851638 0.797864 0.717932 0.365876 -0.008849 -0.114953 -0.198322 -0.266540 -0.351106 -0.565386 -0.723568 -0.789400 -0.896891 
57.179535 7847655.000000 62 62 62 0.852913 0.928367 0.989029 0.980166 0.947275 0.878625 0.855353 0.792962 0.718545 0.424545 0.007987 -0.096881 -0.201879 -0.278446 -0.343974 -0.537381 -0.718861 -0.790011 -0.911437 0.979297 0.946469 0.877609 0.856806 0.790279 0.721808 0.404540 -0.018268 -0.098624 -0.207384 -0.276038 -0.354382 -0.531039 -0.734640 -0.788984 -0.927953 
55.777374 6780984.500000 62 62 64 0.983779 0.928022 0.985746 0.981913 0.945605 0.876869 0.850441 0.783475 0.707142 0.440191 0.031305 -0.055576 -0.170127 -0.259376 -0.362532 -0.538591 -0.726805 -0.814137 -0.941873 0.980947 0.948034 0.879276 0.852417 0.786370 0.716148 0.451951 -0.004606 -0.102668 -0.195251 -0.269178 -0.360173 -0.523729 -0.728494 -0.802014 -0.916259 
55.054337 5094070.500000 64 64 64 0.977410 0.983237 0.880917 0.982544 0.946598 0.877119 0.846101 0.790078 0.721525 0.437764 0.037645 -0.075692 -0.157208 -0.242123 -0.328309 -0.485684 -0.751003 -0.812372 -0.928860 0.982474 0.946809 0.876291 0.850221 0.786493 0.719841 0.415222 0.043129 -0.071386 -0.173186 -0.256329 -0.342485 -0.498141 -0.717398 -0.792878 -0.925678 
54.053825 6352354.000000 64 66 66 0.912064 0.946739 0.781920 0.981201 0.944634 0.875404 0.843178 0.788450 0.717099 0.399051 0.011145 -0.091616 -0.194248 -0.277951 -0.367461 -0.595975 -0.749927 -0.805320 -0.909440 0.982598 0.945914 0.873089 0.842978 0.784230 0.711695 0.433710 0.042076 -0.085805 -0.156307 -0.257372 -0.351941 -0.561512 -0.758790 -0.812106 -0.927320 
54.928909 13527717.000000 68 68 70 0.950041 0.917053 0.986165 0.977784 0.938659 0.873253 0.832195 0.772697 0.694748 0.315712 0.011529 -0.084136 -0.198517 -0.278200 -0.374935 -0.588192 -0.745893 -0.817684 -0.873458 0.979319 0.938974 0.875709 0.836941 0.776532 0.704148 0.379420 -0.003238 -0.092472 -0.194001 -0.294728 -0.381672 -0.612038 -0.745233 -0.819188 -0.856863 
55.201050 22466468.000000 70 70 72 0.990509 0.907594 0.971121 0.972229 0.934368 0.874611 0.819896 0.751701 0.674526 0.242141 0.027540 -0.067298 -0.189538 -0.285733 -0.372467 -0.657751 -0.764556 -0.833378 -0.866331 0.974673 0.936191 0.874364 0.825332 0.761720 0.675347 0.255175 0.014000 -0.079063 -0.176237 -0.287210 -0.374073 -0.646921 -0.755732 -0.835971 -0.873582 
55.300236 29114386.000000 72 72 72 0.974201 0.975942 0.891810 0.969063 0.932501 0.873823 0.809073 0.727894 0.655527 0.219584 0.066188 -0.030176 -0.155796 -0.265336 -0.367238 -0.682737 -0.777673 -0.855304 -0.879196 0.970844 0.933757 0.874747 0.815240 0.740069 0.664347 0.229551 0.036800 -0.054492 -0.175146 -0.278168 -0.375559 -0.673446 -0.774465 -0.842815 -0.872917 
54.684914 33199482.000000 72 74 74 0.889038 0.988622 0.971656 0.966538 0.933839 0.877475 0.788442 0.693067 0.640091 0.255582 0.087775 -0.037379 -0.175666 -0.271829 -0.374536 -0.662594 -0.787309 -0.867264 -0.890830 0.968185 0.932945 0.876218 0.799143 0.707649 0.647373 0.230805 0.070879 -0.040859 -0.166056 -0.267072 -0.367309 -0.679537 -0.785156 -0.864584 -0.889958 
54.129223 31820808.000000 74 76 76 0.968149 0.910563 0.918583 0.969953 0.933410 0.882172 0.771642 0.655277 0.616269 0.264007 0.146667 -0.001943 -0.164673 -0.258620 -0.392045 -0.674681 -0.785661 -0.864024 -0.889146 0.967821 0.933341 0.876303 0.775302 0.678572 0.630586 0.252740 0.123117 -0.017304 -0.161516 -0.261851 -0.362678 -0.689474 -0.789043 -0.867687 -0.891466 
52.800636 19400580.000000 76 76 76 0.919491 0.939436 0.945241 0.970641 0.942096 0.900404 0.768641 0.615193 0.577464 0.314159 0.205332 0.048061 -0.138192 -0.239980 -0.398424 -0.666361 -0.778272 -0.874841 -0.914735 0.970324 0.935653 0.887602 0.779361 0.632738 0.591965 0.317050 0.188024 0.029506 -0.134673 -0.241025 -0.376169 -0.661720 -0.757102 -0.860742 -0.901236 
51.392662 9940008.000000 76 76 76 0.950021 0.931365 0.950268 0.972794 0.948279 0.914583 0.821126 0.620605 0.513983 0.327648 0.227262 0.013689 -0.141308 -0.226643 -0.374096 -0.697338 -0.767484 -0.869415 -0.912167 0.970377 0.944850 0.909414 0.792292 0.613015 0.567061 0.330962 0.213496 0.062868 -0.142995 -0.246321 -0.366788 -0.678059 -0.782905 -0.880216 -0.910858 
49.700386 4476599.000000 76 74 74 0.926769 0.937333 0.922556 0.981167 0.963329 0.924741 0.842687 0.636133 0.442902 0.318260 0.208838 0.027019 -0.143186 -0.238699 -0.381133 -0.671229 -0.770983 -0.882563 -0.924818 0.977634 0.954649 0.921804 0.838531 0.620391 0.453660 0.290440 0.214470 0.017035 -0.144232 -0.239128 -0.385417 -0.670469 -0.749706 -0.870392 -0.916390 
48.609222 2169927.750000 74 74 74 0.944735 0.945035 0.985391 0.983668 0.971280 0.904447 0.838520 0.656039 0.488270 0.344632 0.256573 0.130977 -0.132764 -0.257114 -0.343070 -0.485862 -0.739012 -0.908138 -0.940947 0.982618 0.968310 0.915477 0.831485 0.625904 0.453189 0.346860 0.243825 0.122691 -0.133104 -0.257913 -0.331806 -0.546034 -0.763204 -0.902556 -0.928361 
47.084122 718611.000000 74 74 72 0.978189 0.917544 0.803451 0.985086 0.974183 0.939619 0.833970 0.675722 0.473986 0.301651 0.231364 0.151106 -0.107536 -0.282799 -0.357541 -0.459357 -0.599238 -0.887559 -0.950283 0.984361 0.973724 0.920968 0.834857 0.668843 0.468291 0.325161 0.244505 0.131043 -0.137073 -0.257663 -0.339089 -0.444641 -0.662623 -0.909030 -0.949786 
45.898804 477227.156250 72 68 68 0.830702 0.769029 0.821345 0.988052 0.979365 0.921576 0.831375 0.716545 0.440382 0.330062 0.244889 0.161540 -0.074537 -0.302969 -0.393761 -0.466311 -0.597264 -0.853623 -0.955417 0.985048 0.975903 0.927775 0.842282 0.670060 0.450034 0.331237 0.232036 0.175739 -0.069415 -0.312146 -0.389513 -0.465557 -0.568746 -0.849115 -0.948888 
41.865402 157017.937500 66 64 68 0.760229 0.805160 0.679338 0.994517 0.982638 0.920583 0.812484 0.697823 0.529914 0.343374 0.212669 0.147176 -0.035651 -0.276485 -0.386245 -0.500057 -0.775523 -0.904336 -0.960289 0.993010 0.983115 0.919986 0.831039 0.720810 0.531202 0.320834 0.219617 0.129029 -0.091068 -0.286897 -0.376635 -0.478119 -0.725625 -0.883077 -0.955587 
37.942623 120787.820312 74 74 72 0.742252 0.853825 0.806199 0.994243 0.985079 0.893525 0.771865 0.619430 0.437615 0.340232 0.232491 0.140493 0.042600 -0.304477 -0.369343 -0.547813 -0.758750 -0.881432 -0.967997 0.995128 0.985743 0.901170 0.753137 0.657677 0.484854 0.333897 0.226995 0.137308 0.047698 -0.312333 -0.378226 -0.535291 -0.754850 -0.880914 -0.965700 
31.891289 36124.003906 72 72 210 0.773412 0.721702 0.557702 0.993175 0.976193 0.893956 0.827006 0.633460 0.416585 0.342718 0.223881 0.134083 -0.008508 -0.263083 -0.417900 -0.609892 -0.799205 -0.919608 -0.973276 0.993055 0.982979 0.905953 0.821595 0.625494 0.430746 0.342994 0.232934 0.138304 -0.024722 -0.294436 -0.401020 -0.588198 -0.774279 -0.917872 -0.974212 
22.139547 17242.539062 62 60 62 0.407755 0.331076 0.563276 0.990711 0.964767 0.887449 0.816391 0.594420 0.432014 0.353724 0.202732 0.098250 -0.122182 -0.318566 -0.495447 -0.702169 -0.827261 -0.922886 -0.965967 0.992079 0.961425 0.888578 0.810572 0.611542 0.411010 0.353215 0.209012 0.116769 -0.055430 -0.296748 -0.431706 -0.666228 -0.815329 -0.916725 -0.972477 
18.398563 8731.276367 72 80 76 0.415918 0.702392 0.616546 0.985214 0.951671 0.866758 0.798370 0.663753 0.533449 0.328568 0.218988 0.000881 -0.200210 -0.364394 -0.594763 -0.697900 -0.812905 -0.912782 -0.975612 0.989763 0.965308 0.878071 0.811371 0.641750 0.455876 0.339290 0.219534 0.055137 -0.180383 -0.338500 -0.554686 -0.679196 -0.823446 -0.911250 -0.961616 
15.857157 5981.674805 74 50 74 0.575714 0.450222 0.463090 0.983981 0.956413 0.893833 0.822535 0.705604 0.461746 0.334789 0.196063 0.027736 -0.220717 -0.378876 -0.553880 -0.726100 -0.840896 -0.934419 -0.979206 0.981500 0.950252 0.879839 0.811712 0.683637 0.517980 0.327938 0.202044 0.014994 -0.186754 -0.349993 -0.573941 -0.710391 -0.833666 -0.921564 -0.984419 
16.924389 6222.692383 74 148 148 0.449538 0.543180 0.516978 0.985160 0.953612 0.906780 0.804144 0.707079 0.555318 0.339701 0.227316 -0.064623 -0.170376 -0.439676 -0.582438 -0.709864 -0.847739 -0.920899 -0.978208 0.986991 0.958983 0.906735 0.816052 0.709966 0.501075 0.335633 0.223397 -0.040717 -0.220404 -0.399332 -0.558403 -0.730942 -0.826703 -0.930137 -0.971565 
14.299420 4920.089355 58 106 88 0.590018 0.423117 0.506310 0.985013 0.950605 0.883398 0.810902 0.656481 0.520280 0.359380 0.186831 -0.033392 -0.257701 -0.396157 -0.575697 -0.711011 -0.865666 -0.916811 -0.967910 0.989110 0.951968 0.893047 0.808665 0.684528 0.534004 0.363502 0.197378 -0.063193 -0.197888 -0.422546 -0.580126 -0.692078 -0.865622 -0.913059 -0.977296 
14.192640 4647.057617 86 90 90 0.694589 0.624963 0.611102 0.983249 0.955456 0.895736 0.807520 0.656107 0.488528 0.335828 0.193601 -0.031344 -0.236165 -0.390770 -0.560881 -0.717480 -0.831959 -0.922365 -0.974887 0.982613 0.958400 0.893918 0.818218 0.685875 0.485951 0.340366 0.168438 -0.033119 -0.265879 -0.379815 -0.575606 -0.701173 -0.841378 -0.913115 -0.970993 
13.573885 4102.942383 90 42 50 0.525146 0.439154 0.600378 0.980579 0.961410 0.901304 0.812590 0.655266 0.520441 0.333157 0.172970 -0.062747 -0.233737 -0.388684 -0.560756 -0.717438 -0.841115 -0.923213 -0.979608 0.982974 0.952395 0.895496 0.790282 0.635409 0.511400 0.323823 0.188830 -0.058985 -0.238254 -0.393993 -0.552917 -0.732154 -0.847127 -0.924962 -0.972612 
14.332713 12127.353516 114 132 62 0.380943 0.586817 0.464460 0.976634 0.948695 0.885442 0.753837 0.608594 0.455832 0.283641 0.047211 -0.135668 -0.367943 -0.438257 -0.567162 -0.720429 -0.835752 -0.913616 -0.981505 0.980248 0.958661 0.896149 0.811913 0.651599 0.484556 0.328788 0.134528 -0.071065 -0.230529 -0.418916 -0.571214 -0.717529 -0.832849 -0.919782 -0.983068 
20.252417 58386.277344 86 130 130 0.451363 0.454930 0.468382 0.979177 0.959421 0.877491 0.704928 0.529553 0.421115 0.223498 -0.031101 -0.239412 -0.411469 -0.450007 -0.579856 -0.704230 -0.807593 -0.924319 -0.985712 0.979309 0.956049 0.888406 0.722327 0.577735 0.448708 0.208955 0.040292 -0.229914 -0.405671 -0.437999 -0.578751 -0.690770 -0.836417 -0.917583 -0.980577 
28.957016 420841.875000 80 96 110 0.620220 0.333216 0.479404 0.976522 0.948803 0.816037 0.543143 0.422089 0.384907 0.083859 -0.128875 -0.285904 -0.417926 -0.504975 -0.653172 -0.732344 -0.842736 -0.937569 -0.985833 0.979419 0.955134 0.854000 0.653785 0.436763 0.399047 0.214970 -0.082822 -0.247789 -0.414776 -0.468190 -0.621805 -0.719486 -0.820562 -0.927485 -0.992302 
31.647875 394086.187500 86 130 86 0.514395 0.501172 0.413077 0.973857 0.944339 0.777646 0.549529 0.477271 0.367774 0.050261 -0.137601 -0.329158 -0.400767 -0.510611 -0.612329 -0.749560 -0.830567 -0.938654 -0.978376 0.975864 0.946581 0.767193 0.531493 0.445397 0.375437 -0.000138 -0.151181 -0.300203 -0.414224 -0.530093 -0.641704 -0.734155 -0.822061 -0.945959 -0.978583 
31.128616 536148.750000 86 130 86 0.480644 0.462509 0.540287 0.981382 0.945344 0.747571 0.557405 0.451304 0.350733 0.114982 -0.126369 -0.325302 -0.393539 -0.488358 -0.618943 -0.766683 -0.851241 -0.943579 -0.978783 0.976964 0.945104 0.790652 0.554492 0.463685 0.352383 0.111465 -0.118246 -0.318683 -0.399275 -0.497162 -0.604213 -0.770304 -0.868345 -0.950488 -0.980375 
33.733295 733325.812500 88 84 130 0.634977 0.489305 0.596934 0.973483 0.929736 0.700718 0.566939 0.488743 0.386891 0.111672 -0.190618 -0.300238 -0.383631 -0.504394 -0.654311 -0.733057 -0.819444 -0.924937 -0.976147 0.976647 0.935794 0.712830 0.569261 0.470700 0.367568 0.058700 -0.171600 -0.304155 -0.368583 -0.493902 -0.633898 -0.728312 -0.823735 -0.937157 -0.975357 
33.875755 867773.937500 130 146 150 0.369383 0.528044 0.435731 0.976838 0.952237 0.762808 0.576657 0.505664 0.398829 0.101476 -0.146136 -0.260480 -0.391779 -0.487413 -0.637507 -0.736209 -0.828264 -0.943942 -0.984759 0.972817 0.935820 0.727896 0.568502 0.498298 0.374320 0.084441 -0.195587 -0.296847 -0.395407 -0.491458 -0.665533 -0.741883 -0.822425 -0.936089 -0.984175 
55.026852 28050260.000000 46 50 58 0.441421 0.765722 0.886925 0.979325 0.967793 0.933950 0.769329 0.559382 0.476362 0.361482 0.151576 0.063128 -0.124357 -0.380256 -0.479642 -0.565901 -0.720072 -0.800151 -0.926688 0.986900 0.970365 0.937214 0.849638 0.573410 0.489241 0.335059 0.153394 0.044599 -0.185651 -0.381141 -0.468470 -0.617359 -0.773546 -0.902106 -0.977717 
59.515327 110297976.000000 56 58 60 0.729097 0.963356 0.974635 0.979853 0.966328 0.935063 0.741194 0.488315 0.416330 0.258760 0.096519 0.009171 -0.223098 -0.377912 -0.485756 -0.569926 -0.744893 -0.801683 -0.957595 0.979342 0.964714 0.935793 0.755294 0.535593 0.448536 0.325578 0.128823 0.013004 -0.200821 -0.386314 -0.492695 -0.570616 -0.733133 -0.800309 -0.956270 
59.062332 71725976.000000 60 60 60 0.968030 0.991342 0.994172 0.982109 0.971642 0.939666 0.737153 0.428344 0.367053 0.225373 0.100618 -0.014318 -0.208163 -0.390370 -0.474355 -0.596378 -0.738310 -0.786251 -0.908946 0.980980 0.968615 0.936209 0.739322 0.458993 0.391199 0.235386 0.101163 -0.004414 -0.213384 -0.393782 -0.474284 -0.578884 -0.727408 -0.788152 -0.922136 
56.607841 21088236.000000 60 60 62 0.994501 0.984508 0.983876 0.985600 0.975622 0.947495 0.797782 0.446611 0.300274 0.227423 0.128946 0.021543 -0.266122 -0.398126 -0.523681 -0.588875 -0.691126 -0.783681 -0.939474 0.983438 0.974060 0.945390 0.763572 0.416062 0.330317 0.223524 0.107710 -0.000172 -0.232526 -0.392170 -0.474921 -0.612144 -0.733116 -0.780747 -0.914784 
51.064777 1552736.875000 60 62 64 0.954916 0.975729 0.928597 0.989350 0.978501 0.948124 0.852059 0.686489 0.452947 0.304828 0.177331 0.097028 -0.144642 -0.360475 -0.516379 -0.619537 -0.748487 -0.820975 -0.942318 0.987295 0.977416 0.947270 0.845674 0.609180 0.343026 0.234235 0.156992 0.065586 -0.262481 -0.397284 -0.519546 -0.596438 -0.679290 -0.784453 -0.917387 
46.681137 840434.000000 64 66 64 0.927590 0.773028 0.687957 0.992127 0.980884 0.952830 0.849250 0.534817 0.406432 0.282309 0.176518 0.076680 -0.178354 -0.383643 -0.462119 -0.578979 -0.715597 -0.834521 -0.924152 0.990456 0.977663 0.944842 0.859554 0.669572 0.434456 0.339487 0.146620 0.081058 -0.141836 -0.377811 -0.502875 -0.600459 -0.736739 -0.831493 -0.934931 
38.458973 274249.531250 64 60 60 0.739236 0.550412 0.751776 0.982944 0.969344 0.935669 0.812518 0.466338 0.352693 0.268988 0.163315 0.053774 -0.161097 -0.389540 -0.455902 -0.599083 -0.726686 -0.784538 -0.934278 0.991056 0.978009 0.947160 0.785444 0.470908 0.380058 0.281019 0.177052 0.051841 -0.173397 -0.388771 -0.458468 -0.594987 -0.722220 -0.808318 -0.919757 
36.060337 159166.593750 60 58 60 0.789985 0.855035 0.820190 0.982226 0.972881 0.943937 0.788658 0.571271 0.415428 0.270383 0.147848 0.075034 -0.099135 -0.375594 -0.497882 -0.620371 -0.733745 -0.829660 -0.954761 0.980193 0.971063 0.937658 0.837839 0.523927 0.370535 0.262319 0.151592 0.054846 -0.131096 -0.379266 -0.492433 -0.590030 -0.713214 -0.781478 -0.949815 
41.108128 8225795.000000 60 56 176 0.863591 0.406209 0.426870 0.964239 0.915620 0.775108 0.648502 0.592363 0.530025 0.332441 0.075740 -0.114944 -0.380822 -0.501902 -0.584380 -0.715168 -0.765090 -0.939457 -0.986414 0.979074 0.965992 0.809466 0.663620 0.600079 0.468715 0.314863 0.111184 -0.043171 -0.344718 -0.474561 -0.574094 -0.689346 -0.766177 -0.893162 -0.976660 
49.936909 10789112.000000 54 46 60 0.372815 0.452889 0.857547 0.984810 0.955854 0.930582 0.801718 0.685072 0.610282 0.288340 0.146021 0.033111 -0.151319 -0.295232 -0.486900 -0.652676 -0.766122 -0.836881 -0.946414 0.986794 0.955697 0.867232 0.697940 0.601462 0.563073 0.334742 0.110082 -0.052037 -0.349918 -0.480737 -0.571391 -0.714239 -0.767975 -0.942162 -0.984259 
57.891750 30026250.000000 58 62 62 0.952188 0.969343 0.992160 0.967042 0.948354 0.911522 0.809976 0.698704 0.615741 0.315695 0.210232 0.062147 -0.120495 -0.251251 -0.345252 -0.675082 -0.781772 -0.837835 -0.872401 0.973135 0.950208 0.923846 0.791322 0.688350 0.606340 0.252279 0.163932 0.040663 -0.141468 -0.282083 -0.387064 -0.676492 -0.777323 -0.830472 -0.862726 
60.220810 46111884.000000 62 62 62 0.995244 0.995281 0.973344 0.967103 0.945773 0.897687 0.826288 0.688948 0.616933 0.339762 0.228665 0.069302 -0.145322 -0.232300 -0.343288 -0.616343 -0.747742 -0.831729 -0.875574 0.966376 0.947731 0.902293 0.822525 0.700186 0.619161 0.350320 0.247464 0.057613 -0.130467 -0.211437 -0.374764 -0.634877 -0.742818 -0.839752 -0.880358 
60.693748 50477684.000000 62 64 64 0.973459 0.964934 0.991036 0.968951 0.946741 0.898413 0.834435 0.667441 0.619348 0.346555 0.191327 0.079221 -0.136047 -0.284771 -0.348090 -0.619894 -0.748956 -0.820749 -0.871767 0.968110 0.945670 0.896306 0.831686 0.678677 0.613097 0.335155 0.213468 0.082942 -0.139166 -0.251536 -0.345492 -0.607235 -0.739956 -0.818866 -0.872002 
60.102848 36645308.000000 64 64 64 0.983844 0.982946 0.982957 0.972542 0.952882 0.914759 0.836298 0.652430 0.616381 0.327554 0.184677 0.069322 -0.169306 -0.277559 -0.354979 -0.604442 -0.743807 -0.827022 -0.873882 0.971298 0.949977 0.906621 0.841897 0.670783 0.630576 0.343736 0.176619 0.039786 -0.162866 -0.284345 -0.338988 -0.589154 -0.746044 -0.835284 -0.886850 
60.668495 28888892.000000 64 64 64 0.987391 0.981802 0.922713 0.973415 0.957511 0.933103 0.826071 0.652999 0.623870 0.305751 0.203499 0.060688 -0.150340 -0.260098 -0.386488 -0.667209 -0.763941 -0.845455 -0.877005 0.973006 0.955594 0.924498 0.837840 0.650624 0.617429 0.344490 0.194846 0.070456 -0.149404 -0.276162 -0.353791 -0.632027 -0.747506 -0.838664 -0.887110 
56.866489 3918805.250000 64 66 70 0.945858 0.891744 0.749649 0.985803 0.965971 0.939497 0.810788 0.683382 0.632444 0.340041 0.221546 0.059489 -0.162842 -0.258004 -0.434796 -0.672171 -0.778138 -0.858983 -0.930306 0.977085 0.960240 0.939657 0.812811 0.664833 0.629854 0.304010 0.213559 0.032947 -0.165923 -0.234570 -0.373483 -0.668253 -0.780039 -0.842121 -0.875219 
42.928078 3751793.500000 70 64 64 0.772290 0.650270 0.703650 0.982809 0.950795 0.895061 0.745543 0.636909 0.564700 0.338170 0.128434 -0.104853 -0.282225 -0.438884 -0.587734 -0.713228 -0.823176 -0.921836 -0.975205 0.991567 0.965802 0.899813 0.799596 0.663034 0.570858 0.344393 0.197795 -0.045931 -0.235588 -0.372544 -0.547063 -0.701963 -0.816772 -0.887752 -0.975327 
40.140171 3619110.750000 64 64 64 0.674806 0.780381 0.703270 0.968572 0.945783 0.898992 0.725555 0.647749 0.494334 0.212808 0.077242 -0.104730 -0.300816 -0.514028 -0.649099 -0.734991 -0.827747 -0.933074 -0.979372 0.964833 0.951236 0.889586 0.701061 0.627404 0.527920 0.239494 0.069342 -0.113419 -0.285099 -0.501818 -0.642617 -0.726765 -0.827077 -0.929595 -0.977843 
36.653648 446996.906250 64 64 64 0.693943 0.594457 0.548055 0.979658 0.954413 0.913647 0.798417 0.668695 0.598918 0.293068 0.159489 -0.023258 -0.242829 -0.379254 -0.575444 -0.695604 -0.845706 -0.903166 -0.974949 0.978372 0.946659 0.907842 0.760131 0.666513 0.545296 0.241943 0.125804 -0.092446 -0.296345 -0.471464 -0.617484 -0.733457 -0.845763 -0.918003 -0.978791 
29.882919 55172.992188 66 62 146 0.563810 0.435446 0.448315 0.973000 0.946872 0.881739 0.790830 0.703731 0.602521 0.444745 0.167608 0.005252 -0.191840 -0.360904 -0.590623 -0.703376 -0.798355 -0.902806 -0.975661 0.977810 0.955787 0.901358 0.801662 0.712506 0.583974 0.373358 0.161850 0.024976 -0.201526 -0.320601 -0.592836 -0.707287 -0.829748 -0.904072 -0.979677 
40.487366 2537181.500000 148 150 176 0.413829 0.679316 0.413476 0.959289 0.930740 0.800578 0.753811 0.685089 0.629763 0.395597 0.145751 -0.121568 -0.373875 -0.495916 -0.606447 -0.672131 -0.708376 -0.838113 -0.927770 0.969243 0.940976 0.854892 0.763379 0.711722 0.636221 0.472159 0.213207 -0.043275 -0.254527 -0.445929 -0.578305 -0.676855 -0.751789 -0.852346 -0.957733 
53.194317 7366473.000000 44 58 62 0.351196 0.660279 0.834540 0.975460 0.957654 0.936754 0.811445 0.723139 0.649643 0.298574 0.225192 0.061674 -0.178543 -0.238248 -0.473903 -0.641337 -0.719069 -0.775234 -0.883376 0.979686 0.961744 0.891896 0.766559 0.720981 0.642545 0.388794 0.187862 -0.057307 -0.268894 -0.455336 -0.583613 -0.674425 -0.700591 -0.834502 -0.923062 
58.767166 21137104.000000 62 66 66 0.833018 0.950648 0.960349 0.967144 0.947039 0.912871 0.800240 0.722252 0.641393 0.314919 0.239879 0.040515 -0.142609 -0.214474 -0.376972 -0.585424 -0.730633 -0.824535 -0.874096 0.967245 0.953691 0.926137 0.804597 0.713643 0.643035 0.312714 0.229079 0.059357 -0.142994 -0.205008 -0.372953 -0.632200 -0.760811 -0.826692 -0.873681 
57.531811 23322820.000000 66 68 68 0.955971 0.960225 0.983691 0.963953 0.933670 0.895612 0.803524 0.728087 0.619509 0.364830 0.271826 0.058336 -0.160331 -0.229411 -0.404538 -0.620352 -0.720558 -0.800093 -0.870707 0.966149 0.939137 0.899572 0.797346 0.728891 0.617045 0.351661 0.270179 0.055036 -0.148179 -0.221333 -0.402337 -0.597465 -0.713547 -0.801378 -0.872257 
56.606461 14296775.000000 68 68 68 0.986814 0.966043 0.926228 0.961405 0.931765 0.896386 0.794656 0.726599 0.647102 0.378422 0.281265 0.067007 -0.136174 -0.236918 -0.392756 -0.619389 -0.756050 -0.817137 -0.869001 0.961095 0.930482 0.894334 0.799117 0.728033 0.610075 0.355832 0.280317 0.053016 -0.153495 -0.229296 -0.402049 -0.617652 -0.721655 -0.797015 -0.871253 
52.421898 3280765.750000 68 66 62 0.925261 0.477473 0.354045 0.968019 0.933388 0.908310 0.803028 0.709888 0.653888 0.367246 0.269028 0.136139 -0.156634 -0.256845 -0.362896 -0.615100 -0.769479 -0.832239 -0.884814 0.966491 0.932634 0.901170 0.785744 0.719850 0.651506 0.374429 0.271505 0.103575 -0.191262 -0.246446 -0.435650 -0.641406 -0.791031 -0.833935 -0.914580 
48.089706 1006100.312500 68 76 54 0.251240 0.728467 0.770487 0.970458 0.940820 0.922807 0.811992 0.686689 0.612048 0.402619 0.280137 0.162893 -0.142452 -0.247628 -0.342735 -0.566851 -0.780087 -0.869921 -0.932789 0.970605 0.943293 0.921548 0.832433 0.699297 0.650524 0.391869 0.271600 0.165618 -0.159509 -0.247244 -0.354495 -0.593498 -0.778012 -0.851415 -0.908260 
46.456024 283977.062500 92 76 84 0.579752 0.572819 0.436367 0.962225 0.948332 0.920395 0.838385 0.698381 0.631770 0.451014 0.303141 0.178711 -0.082594 -0.249997 -0.350806 -0.566128 -0.793068 -0.885773 -0.967750 0.961911 0.944684 0.928873 0.827810 0.674478 0.612471 0.426682 0.295317 0.160131 -0.102553 -0.235531 -0.335166 -0.551977 -0.792065 -0.874204 -0.949438 
36.259674 79324.203125 86 44 68 0.421667 0.471749 0.480427 0.966244 0.943709 0.891877 0.799364 0.722709 0.661642 0.414689 0.303424 0.227192 -0.094044 -0.275717 -0.447278 -0.658068 -0.782092 -0.885849 -0.972814 0.967372 0.946920 0.894363 0.837017 0.724406 0.650360 0.432928 0.314281 0.172085 -0.102174 -0.273733 -0.400609 -0.617478 -0.771780 -0.886302 -0.971917 
31.290369 31876.154297 70 68 68 0.526422 0.308646 0.532358 0.958714 0.925909 0.884508 0.767152 0.729357 0.691617 0.439981 0.293992 0.142785 -0.132295 -0.283713 -0.516671 -0.697216 -0.832423 -0.913838 -0.975396 0.961047 0.928484 0.894910 0.793586 0.729365 0.673265 0.406468 0.306300 0.214037 -0.106375 -0.247665 -0.503615 -0.697568 -0.811745 -0.898987 -0.972563 
29.604074 19829.785156 68 96 94 0.473291 0.357222 0.505367 0.958794 0.920693 0.877411 0.772721 0.734901 0.691811 0.465903 0.279928 0.133057 -0.132458 -0.312481 -0.538122 -0.702667 -0.817964 -0.922132 -0.976658 0.957557 0.930050 0.880593 0.771171 0.733361 0.701622 0.469961 0.273396 0.121489 -0.139796 -0.319933 -0.531584 -0.694781 -0.823592 -0.913596 -0.973940 
25.620710 274886.156250 94 124 54 0.385243 0.567822 0.711692 0.971112 0.949013 0.863952 0.762909 0.661785 0.435223 0.262267 0.081393 -0.170092 -0.288758 -0.471650 -0.611339 -0.713609 -0.869840 -0.923223 -0.980514 0.969522 0.926893 0.884628 0.784891 0.724311 0.684651 0.441308 0.279440 0.068315 -0.173231 -0.320668 -0.555589 -0.711667 -0.839578 -0.918914 -0.972642 
49.132656 20306266.000000 56 46 64 0.570479 0.695683 0.418585 0.965973 0.951955 0.831279 0.652683 0.431549 0.276598 0.034637 -0.208283 -0.385741 -0.469769 -0.605833 -0.706327 -0.802757 -0.880958 -0.929783 -0.980057 0.967246 0.955580 0.839229 0.738319 0.508411 0.366831 0.172866 -0.071931 -0.294877 -0.423505 -0.551246 -0.697260 -0.811483 -0.874700 -0.929482 -0.985235 
47.175766 7739251.500000 64 120 60 0.618791 0.594358 0.429087 0.965727 0.917510 0.725374 0.541152 0.362001 0.194827 0.060333 -0.132768 -0.326785 -0.440187 -0.555930 -0.714690 -0.783096 -0.846646 -0.914314 -0.975085 0.971593 0.919614 0.723980 0.567046 0.383620 0.206466 0.044362 -0.186625 -0.363343 -0.465313 -0.558903 -0.724963 -0.773532 -0.876218 -0.931478 -0.971050 
40.009457 1834439.375000 58 74 48 0.332940 0.636792 0.840737 0.990647 0.978618 0.892877 0.588185 0.477473 0.282188 0.105331 -0.004796 -0.305714 -0.421796 -0.520423 -0.683570 -0.778644 -0.832538 -0.926992 -0.967675 0.973809 0.928959 0.755417 0.529720 0.407002 0.217132 0.070407 -0.081303 -0.308340 -0.407832 -0.570203 -0.713928 -0.786398 -0.839052 -0.906813 -0.982401 
52.350468 8867236.000000 50 58 64 0.623430 0.810030 0.880482 0.987762 0.976954 0.965133 0.745331 0.526542 0.483781 0.187839 0.115444 -0.005570 -0.284979 -0.475573 -0.542735 -0.638732 -0.772683 -0.867159 -0.952901 0.991166 0.977324 0.962262 0.838013 0.508539 0.475009 0.160883 0.073091 -0.110568 -0.329703 -0.479858 -0.558445 -0.712897 -0.802971 -0.895212 -0.969899 
49.303932 1020009.750000 62 66 70 0.914038 0.865131 0.945575 0.994350 0.984253 0.962929 0.833506 0.543767 0.506043 0.185388 0.109881 -0.133213 -0.404065 -0.496551 -0.599669 -0.774818 -0.851170 -0.919736 -0.967344 0.988776 0.979391 0.967845 0.742575 0.527069 0.442983 0.161522 0.113075 -0.088651 -0.359506 -0.489326 -0.554558 -0.684237 -0.824667 -0.911795 -0.961503 
43.630562 201007.953125 70 72 74 0.907858 0.834433 0.943156 0.995598 0.988470 0.963254 0.887128 0.564918 0.509438 0.291965 0.108913 -0.132585 -0.390415 -0.522127 -0.662454 -0.771905 -0.831121 -0.904913 -0.968227 0.995421 0.988224 0.962329 0.905327 0.569537 0.482399 0.230533 0.107625 -0.104760 -0.372994 -0.512018 -0.631178 -0.792633 -0.850449 -0.923482 -0.974702 
38.259384 68641.406250 74 76 76 0.941271 0.842833 0.638382 0.994104 0.980288 0.956398 0.847852 0.578487 0.524967 0.306512 0.118249 -0.041707 -0.394261 -0.484476 -0.663013 -0.761791 -0.802882 -0.915907 -0.956642 0.995468 0.985300 0.963779 0.890795 0.572476 0.528516 0.307017 0.116070 -0.095983 -0.399734 -0.508354 -0.663398 -0.752779 -0.822265 -0.916115 -0.964665 
28.387749 17721.031250 76 74 68 0.673503 0.685356 0.765197 0.994536 0.988207 0.932282 0.834115 0.648498 0.519778 0.296422 0.120477 -0.033593 -0.405938 -0.512126 -0.598457 -0.732245 -0.823994 -0.901755 -0.973296 0.993622 0.982392 0.929468 0.808517 0.597895 0.518281 0.295724 0.128137 -0.019970 -0.424282 -0.490139 -0.639790 -0.761908 -0.807094 -0.906735 -0.959875 
31.063330 1226469.750000 68 68 138 0.748498 0.554487 0.543270 0.984789 0.948802 0.857198 0.699528 0.509154 0.333464 0.131009 -0.075595 -0.237087 -0.396764 -0.539023 -0.609677 -0.765752 -0.857703 -0.918346 -0.960115 0.995308 0.987139 0.922815 0.833396 0.644068 0.528636 0.320932 0.122047 -0.053506 -0.316319 -0.499585 -0.601665 -0.733969 -0.829519 -0.911779 -0.974589 
49.122448 16237646.000000 36 50 64 0.507335 0.459127 0.664414 0.984998 0.975165 0.946979 0.691847 0.583278 0.482096 0.139057 0.044433 -0.174241 -0.346258 -0.486674 -0.617726 -0.737217 -0.824489 -0.906379 -0.952512 0.982384 0.954135 0.842776 0.618372 0.501595 0.293015 0.065996 -0.096860 -0.279318 -0.467689 -0.576609 -0.691658 -0.770734 -0.842806 -0.923495 -0.957560 
59.533897 46587476.000000 64 66 68 0.727046 0.927426 0.848832 0.972413 0.959339 0.940056 0.767111 0.626546 0.584538 0.249411 0.128235 0.001449 -0.203629 -0.322541 -0.467112 -0.631727 -0.703563 -0.785228 -0.925286 0.980423 0.966231 0.943260 0.755441 0.608723 0.563224 0.204341 0.112194 -0.001444 -0.232215 -0.351053 -0.492260 -0.621641 -0.727399 -0.844800 -0.943905 
59.062279 52850408.000000 68 70 72 0.889244 0.914424 0.922268 0.969260 0.941614 0.913313 0.790851 0.676574 0.598413 0.246298 0.170772 0.003026 -0.162927 -0.238205 -0.438983 -0.686253 -0.746619 -0.832897 -0.895046 0.969439 0.953730 0.923689 0.792397 0.651152 0.604088 0.243828 0.153042 0.010539 -0.164167 -0.286948 -0.439735 -0.647688 -0.726205 -0.809790 -0.900054 
57.661156 26773840.000000 72 74 74 0.934702 0.961942 0.948239 0.966082 0.935649 0.900485 0.816911 0.723379 0.612743 0.328386 0.216832 0.008482 -0.133458 -0.210486 -0.419595 -0.674062 -0.757365 -0.846229 -0.885032 0.967421 0.936796 0.907338 0.812956 0.706496 0.607604 0.289968 0.195846 0.013668 -0.144083 -0.218466 -0.376599 -0.670886 -0.746955 -0.846587 -0.883593 
56.143627 15794898.000000 74 76 76 0.949629 0.953148 0.980596 0.968155 0.933423 0.890386 0.832110 0.744403 0.624146 0.324361 0.233918 0.060794 -0.126478 -0.217282 -0.382459 -0.703787 -0.767870 -0.840762 -0.878957 0.966257 0.933996 0.893158 0.823890 0.734937 0.616713 0.340099 0.226912 0.043656 -0.130127 -0.209081 -0.390504 -0.691402 -0.761998 -0.844758 -0.880198 
54.236053 8093159.000000 76 76 76 0.980507 0.969714 0.933000 0.974110 0.936674 0.886916 0.838340 0.764936 0.622822 0.338035 0.221596 0.104208 -0.109781 -0.203204 -0.396279 -0.682046 -0.755680 -0.829274 -0.871735 0.970717 0.934184 0.888825 0.838941 0.750130 0.615662 0.325595 0.233608 0.076385 -0.118658 -0.217139 -0.413042 -0.690432 -0.756397 -0.829252 -0.868707 
52.538513 4633909.500000 76 78 78 0.936341 0.988826 0.983807 0.980291 0.942788 0.881763 0.837721 0.774168 0.636067 0.350686 0.214318 0.112221 -0.112555 -0.206115 -0.359167 -0.676478 -0.748013 -0.831295 -0.877065 0.977100 0.937676 0.881880 0.837019 0.767696 0.624824 0.343793 0.205006 0.102018 -0.120660 -0.211015 -0.352665 -0.680474 -0.753283 -0.830438 -0.878315 
50.355717 2238894.500000 78 78 78 0.985599 0.897569 0.796922 0.982726 0.947245 0.880028 0.842060 0.792369 0.645451 0.368025 0.186420 0.127185 -0.097735 -0.201124 -0.332856 -0.683618 -0.784947 -0.819469 -0.928820 0.981817 0.946478 0.885164 0.842163 0.785403 0.652225 0.365148 0.229613 0.126543 -0.056258 -0.190652 -0.340538 -0.633967 -0.764979 -0.840244 -0.907897 
51.404854 2882785.750000 78 78 76 0.802348 0.928522 0.948944 0.982427 0.948020 0.890072 0.844504 0.796109 0.680462 0.332689 0.173169 0.094445 -0.103573 -0.187949 -0.289532 -0.689086 -0.800424 -0.842161 -0.901532 0.983730 0.947111 0.885510 0.844667 0.795544 0.675793 0.369428 0.187079 0.141562 -0.089037 -0.199565 -0.340007 -0.688330 -0.769509 -0.827652 -0.912413 
50.907726 1562285.875000 76 76 76 0.952447 0.964536 0.960286 0.983762 0.952593 0.899356 0.844157 0.796591 0.722237 0.432138 0.165992 0.107856 -0.073409 -0.181210 -0.274925 -0.640696 -0.788336 -0.838319 -0.942471 0.982539 0.952763 0.896011 0.842335 0.790314 0.696638 0.375778 0.167777 0.094323 -0.085225 -0.175681 -0.300966 -0.687276 -0.802634 -0.837047 -0.902983 
50.972229 2814839.000000 76 76 76 0.957064 0.907297 0.915815 0.982282 0.949116 0.893629 0.835895 0.780225 0.687461 0.373557 0.202368 0.093251 -0.086447 -0.200708 -0.254879 -0.616541 -0.779471 -0.821741 -0.921864 0.983651 0.953192 0.902179 0.847054 0.791086 0.695797 0.413947 0.208000 0.097091 -0.100980 -0.202327 -0.269588 -0.627550 -0.784483 -0.823441 -0.941839 
53.286877 7464135.000000 76 78 80 0.932558 0.904044 0.929476 0.977579 0.937456 0.885223 0.834097 0.756973 0.671776 0.352699 0.187449 0.081094 -0.098767 -0.221511 -0.285134 -0.696789 -0.794454 -0.857023 -0.905116 0.980672 0.945102 0.894052 0.847862 0.785502 0.694931 0.330751 0.203409 0.095247 -0.084623 -0.226014 -0.281850 -0.695280 -0.780175 -0.825102 -0.909649 
53.773174 9725086.000000 80 80 80 0.954020 0.970277 0.979895 0.975146 0.930636 0.884174 0.812021 0.714786 0.664493 0.363068 0.220837 0.129455 -0.088457 -0.205640 -0.295674 -0.669861 -0.771268 -0.859461 -0.900435 0.974902 0.932831 0.883474 0.819670 0.731028 0.669579 0.328919 0.208954 0.109541 -0.093968 -0.203894 -0.278828 -0.684645 -0.779908 -0.853926 -0.896276 
52.323830 8191664.000000 80 80 80 0.973221 0.743255 0.937393 0.976089 0.935153 0.887060 0.795963 0.679688 0.635670 0.387576 0.245569 0.113505 -0.112590 -0.193097 -0.293925 -0.688500 -0.754216 -0.865545 -0.916473 0.978780 0.933911 0.889505 0.807762 0.696823 0.649101 0.416328 0.254232 0.137619 -0.080367 -0.180085 -0.326287 -0.698956 -0.776199 -0.869235 -0.903892 
52.005249 9439451.000000 80 80 82 0.942554 0.899257 0.416999 0.971775 0.940639 0.901146 0.781944 0.637066 0.588347 0.374662 0.299868 0.082624 -0.114041 -0.206890 -0.356517 -0.679807 -0.766029 -0.890645 -0.920201 0.971070 0.936900 0.888730 0.768188 0.652264 0.604940 0.341090 0.260035 0.095489 -0.118880 -0.208153 -0.344078 -0.688074 -0.769486 -0.878098 -0.910785 
47.937489 787941.000000 80 70 70 0.389044 0.550684 0.538710 0.986410 0.956513 0.926321 0.872550 0.673537 0.554182 0.421137 0.282983 0.177504 -0.017563 -0.178193 -0.253681 -0.616311 -0.757858 -0.871896 -0.952264 0.984354 0.955041 0.908940 0.848475 0.632557 0.589987 0.413652 0.303411 0.150521 -0.089289 -0.201948 -0.364772 -0.661074 -0.756526 -0.882830 -0.928115 
45.872803 500212.093750 70 70 72 0.688469 0.625299 0.559755 0.990160 0.959690 0.933628 0.860626 0.688039 0.540713 0.424262 0.288940 0.132832 -0.048989 -0.196694 -0.269041 -0.484754 -0.728081 -0.869337 -0.961118 0.986978 0.955568 0.932361 0.856853 0.676463 0.541297 0.435484 0.304680 0.166484 -0.035205 -0.174880 -0.227914 -0.503210 -0.756757 -0.866898 -0.957863 
44.570168 291188.218750 148 150 148 0.674776 0.782429 0.853977 0.991219 0.970208 0.942182 0.861077 0.685651 0.553179 0.402405 0.300419 0.101046 -0.076413 -0.207729 -0.272720 -0.509331 -0.741842 -0.893539 -0.966586 0.991393 0.968957 0.942303 0.812281 0.639965 0.557646 0.409914 0.266320 0.126603 -0.025908 -0.193132 -0.253559 -0.497406 -0.704456 -0.871464 -0.965246 
42.167362 195623.093750 148 148 148 0.836139 0.780539 0.758116 0.990699 0.975567 0.933161 0.851914 0.717654 0.498322 0.338067 0.258583 0.117238 -0.113007 -0.223570 -0.280087 -0.526718 -0.740709 -0.876933 -0.963634 0.990496 0.971136 0.938566 0.867893 0.713960 0.497016 0.369454 0.266646 0.107881 -0.082790 -0.208868 -0.256979 -0.525837 -0.740304 -0.889353 -0.964339 
40.362930 140589.812500 150 148 148 0.764403 0.764188 0.792124 0.990493 0.976929 0.951974 0.831056 0.659353 0.512227 0.284195 0.229563 0.099277 -0.053712 -0.243880 -0.330495 -0.542180 -0.735504 -0.898507 -0.970408 0.989658 0.974738 0.938311 0.852284 0.684263 0.544598 0.321352 0.232214 0.119104 -0.090931 -0.232212 -0.307935 -0.544816 -0.736667 -0.897726 -0.965386 
36.787498 111597.992188 148 78 154 0.769602 0.558548 0.667997 0.994180 0.980135 0.937853 0.769803 0.631730 0.378087 0.241009 0.163011 0.058334 -0.176792 -0.333329 -0.368217 -0.453722 -0.703874 -0.875157 -0.970326 0.991420 0.977784 0.950151 0.813421 0.639871 0.404862 0.259787 0.195323 0.064235 -0.102885 -0.299652 -0.339260 -0.491603 -0.735772 -0.881767 -0.978569 
34.219601 62942.671875 78 80 72 0.818878 0.739727 0.694390 0.995164 0.987012 0.901494 0.812137 0.581859 0.312483 0.230118 0.158147 0.101376 -0.100130 -0.345271 -0.376766 -0.534092 -0.746519 -0.894873 -0.972713 0.995423 0.986172 0.924828 0.794823 0.605590 0.332623 0.240962 0.171725 0.093909 -0.208505 -0.337721 -0.375009 -0.460226 -0.715259 -0.894696 -0.975907 
27.198139 18677.492188 218 80 132 0.683610 0.710708 0.611651 0.993120 0.974711 0.889740 0.764173 0.657286 0.398326 0.215846 0.142371 0.089467 -0.083753 -0.325606 -0.432567 -0.655075 -0.812162 -0.915549 -0.966776 0.994867 0.983474 0.884155 0.770039 0.654368 0.331105 0.210569 0.142643 0.079323 -0.068461 -0.321623 -0.381247 -0.584886 -0.792471 -0.907344 -0.971458 
19.400490 10385.459961 216 70 148 0.487597 0.425809 0.452706 0.990428 0.956677 0.898371 0.790201 0.651939 0.525165 0.274560 0.172914 0.063407 -0.167716 -0.373352 -0.544388 -0.690368 -0.810066 -0.910947 -0.966429 0.992063 0.968461 0.904542 0.768986 0.656621 0.418579 0.230305 0.152853 0.090642 -0.120428 -0.350972 -0.489045 -0.692452 -0.815706 -0.913258 -0.972018 
18.814369 7443.134766 150 58 52 0.483228 0.610606 0.715293 0.991464 0.970073 0.897017 0.824632 0.681358 0.527988 0.298429 0.213468 -0.019560 -0.237571 -0.415742 -0.559146 -0.706974 -0.833994 -0.928984 -0.973900 0.992173 0.967618 0.893948 0.805872 0.662565 0.531452 0.320631 0.193457 0.053632 -0.232601 -0.393066 -0.557767 -0.699386 -0.827867 -0.918948 -0.968978 
18.219690 5251.515625 50 56 146 0.581340 0.531094 0.392951 0.991257 0.970912 0.903416 0.804259 0.670141 0.568235 0.320251 0.188733 -0.058700 -0.213125 -0.401570 -0.568797 -0.737775 -0.837817 -0.910676 -0.978827 0.990546 0.974536 0.901102 0.811765 0.683081 0.547327 0.291845 0.192807 -0.025958 -0.226084 -0.412075 -0.526275 -0.726360 -0.836021 -0.925645 -0.976958 
14.934468 5777.403320 94 86 88 0.428033 0.466261 0.520001 0.987669 0.963446 0.897361 0.810906 0.671300 0.465728 0.324947 0.160216 -0.048121 -0.232173 -0.362264 -0.620549 -0.723516 -0.860874 -0.933001 -0.981584 0.990558 0.967719 0.893644 0.797161 0.650570 0.514776 0.329494 0.186553 -0.080224 -0.213339 -0.382496 -0.604651 -0.734144 -0.843866 -0.926419 -0.976830 
14.573580 4375.722656 88 94 120 0.522488 0.612547 0.444939 0.973509 0.957368 0.904713 0.807644 0.676590 0.489550 0.324689 0.153732 -0.056603 -0.280678 -0.400942 -0.586306 -0.728514 -0.844426 -0.927701 -0.976838 0.979708 0.956142 0.898550 0.802692 0.677850 0.469321 0.321566 0.160981 -0.039967 -0.259528 -0.393087 -0.615652 -0.735946 -0.846140 -0.930283 -0.978979 
