49.478283 4098234.750000 20 52 60 0.000000 0.839771 0.805981 0.984794 0.975563 0.962540 0.891315 0.340475 0.284106 0.155659 0.086972 -0.029325 -0.134276 -0.387386 -0.432189 -0.695150 -0.848804 -0.893887 -0.929469 0.988423 0.973435 0.943110 0.779519 0.384758 0.293117 0.175543 0.105226 -0.056736 -0.129731 -0.317787 -0.395438 -0.634422 -0.836582 -0.885690 -0.948778 
60.452957 34968904.000000 60 62 62 0.796721 0.994335 0.986442 0.983248 0.977428 0.960549 0.864911 0.382088 0.308523 0.178573 0.071192 -0.046810 -0.166557 -0.406796 -0.457543 -0.674739 -0.837671 -0.898069 -0.961490 0.983859 0.977790 0.962845 0.900881 0.378603 0.288867 0.169894 0.074771 -0.029797 -0.170613 -0.392354 -0.450962 -0.737757 -0.855705 -0.897547 -0.943507 
62.453140 61958332.000000 62 62 62 0.991491 0.991452 0.984041 0.983208 0.977245 0.957783 0.829455 0.413957 0.351226 0.201856 0.067003 -0.053907 -0.153282 -0.413875 -0.484838 -0.714309 -0.833588 -0.892913 -0.960700 0.982890 0.977079 0.958443 0.851695 0.386182 0.317609 0.179727 0.064144 -0.057794 -0.174825 -0.392234 -0.468232 -0.727868 -0.837428 -0.893337 -0.956876 
56.672096 2234808.000000 62 66 62 0.986615 0.870374 0.960176 0.990359 0.980223 0.965178 0.899256 0.670133 0.401764 0.340842 0.094360 -0.007359 -0.194520 -0.410471 -0.485397 -0.734038 -0.836874 -0.883558 -0.974143 0.985123 0.978128 0.959955 0.855426 0.433435 0.381097 0.263127 0.086936 -0.025631 -0.132582 -0.395495 -0.463964 -0.687601 -0.828172 -0.897763 -0.946719 
54.087101 1046029.250000 64 64 66 0.916900 0.979355 0.953330 0.990614 0.980915 0.962955 0.905770 0.780277 0.418417 0.322758 0.219592 0.101938 -0.150609 -0.365389 -0.504604 -0.744274 -0.820385 -0.883931 -0.959315 0.990842 0.980548 0.964210 0.904854 0.763615 0.443890 0.311170 0.185238 0.060921 -0.166261 -0.395524 -0.530357 -0.744383 -0.834347 -0.878933 -0.969385 
53.313232 812005.750000 64 66 66 0.960333 0.971248 0.970158 0.991924 0.982245 0.959974 0.914589 0.713044 0.438494 0.350374 0.170750 0.058372 -0.101642 -0.376958 -0.454263 -0.642711 -0.784271 -0.878554 -0.961442 0.990849 0.981319 0.961839 0.905194 0.736769 0.422163 0.359137 0.193368 0.062582 -0.119769 -0.381182 -0.465918 -0.690439 -0.799549 -0.883184 -0.950192 
50.995335 237866.031250 66 66 66 0.972056 0.973626 0.921576 0.994000 0.985521 0.961729 0.927046 0.752264 0.477800 0.340082 0.250857 0.028103 -0.102401 -0.332836 -0.468522 -0.638203 -0.800469 -0.875538 -0.961984 0.993387 0.984697 0.959323 0.926341 0.738877 0.446751 0.333921 0.135076 0.022501 -0.125630 -0.346815 -0.508005 -0.661499 -0.788436 -0.862716 -0.952646 
49.383766 218797.546875 66 68 72 0.945663 0.862740 0.878270 0.992877 0.981198 0.955841 0.901315 0.780675 0.614133 0.335461 0.273766 0.037115 -0.062395 -0.261247 -0.451031 -0.561186 -0.775061 -0.898521 -0.973235 0.993313 0.982402 0.958310 0.900464 0.772433 0.594251 0.338375 0.278538 0.044850 -0.054643 -0.316323 -0.442666 -0.566155 -0.791956 -0.879236 -0.968788 
46.288967 205268.937500 72 76 78 0.871169 0.888063 0.861777 0.994150 0.979737 0.961894 0.925231 0.692781 0.378428 0.312876 0.155831 -0.022941 -0.172313 -0.410510 -0.571516 -0.669236 -0.826185 -0.914653 -0.971874 0.994310 0.982426 0.963182 0.923713 0.736559 0.471754 0.302016 0.237602 0.013310 -0.122118 -0.341809 -0.504288 -0.626218 -0.792769 -0.907260 -0.972739 
40.411106 152766.984375 80 78 74 0.868534 0.853232 0.911107 0.995479 0.989561 0.961418 0.846926 0.586981 0.367567 0.261131 0.073312 -0.047493 -0.259665 -0.456579 -0.593052 -0.696498 -0.847507 -0.903616 -0.984142 0.994742 0.981035 0.959265 0.891366 0.600904 0.348506 0.283045 0.087389 -0.022020 -0.214725 -0.457168 -0.584189 -0.694048 -0.859263 -0.920804 -0.978968 
39.358093 452597.562500 74 70 74 0.936115 0.777373 0.563074 0.992798 0.983959 0.965027 0.724447 0.483312 0.350761 0.155367 0.021210 -0.128294 -0.344291 -0.485995 -0.600948 -0.714527 -0.842856 -0.907151 -0.969261 0.994766 0.987194 0.968647 0.741135 0.490857 0.368632 0.182813 0.039215 -0.094944 -0.326024 -0.470868 -0.607582 -0.672811 -0.819866 -0.893800 -0.970565 
38.494389 5175047.500000 74 68 66 0.591894 0.867686 0.574935 0.993050 0.974965 0.859543 0.627893 0.518587 0.305070 0.159956 -0.057662 -0.263730 -0.410134 -0.529091 -0.641082 -0.765200 -0.867479 -0.919728 -0.987543 0.994272 0.986846 0.941428 0.736156 0.515613 0.344992 0.145458 -0.014686 -0.177621 -0.375680 -0.504576 -0.602474 -0.753566 -0.866622 -0.938329 -0.980472 
56.682220 27492226.000000 66 60 60 0.704358 0.802310 0.972288 0.980486 0.975412 0.940842 0.799574 0.548828 0.440419 0.262241 0.195081 0.013289 -0.195074 -0.344195 -0.544666 -0.654054 -0.774086 -0.874910 -0.964895 0.985041 0.974224 0.934405 0.678181 0.549865 0.393753 0.203925 0.122293 -0.210779 -0.345588 -0.487266 -0.606522 -0.743966 -0.856503 -0.912399 -0.982909 
61.830936 32782968.000000 60 60 58 0.970765 0.983440 0.937728 0.979702 0.972498 0.939690 0.841794 0.501532 0.465095 0.288854 0.194859 0.084998 -0.169096 -0.261020 -0.419718 -0.622222 -0.686229 -0.764624 -0.945426 0.980285 0.973844 0.942689 0.807460 0.522198 0.487252 0.282145 0.198771 0.060967 -0.174970 -0.279695 -0.433017 -0.631655 -0.694513 -0.818712 -0.964743 
60.332001 24973758.000000 60 58 54 0.903890 0.955023 0.968259 0.977051 0.967978 0.931644 0.864548 0.518078 0.436545 0.272419 0.198537 0.083170 -0.115254 -0.247795 -0.398623 -0.597851 -0.666441 -0.750101 -0.937292 0.978269 0.970760 0.939238 0.870756 0.524635 0.453714 0.296316 0.184265 0.096887 -0.142460 -0.269413 -0.438827 -0.619319 -0.681380 -0.750815 -0.923545 
59.070480 13663016.000000 56 54 52 0.964768 0.980444 0.988312 0.974864 0.965330 0.926556 0.872389 0.566305 0.472243 0.309410 0.219101 0.086541 -0.054141 -0.187149 -0.375124 -0.583093 -0.647050 -0.736695 -0.929255 0.975958 0.966257 0.928900 0.872988 0.530561 0.459483 0.303611 0.208984 0.100400 -0.081824 -0.223746 -0.377168 -0.573474 -0.663867 -0.754846 -0.932692 
58.452450 8927915.000000 52 50 48 0.991810 0.978579 0.980734 0.972901 0.962771 0.917547 0.869739 0.617133 0.519334 0.358431 0.273677 0.133709 -0.058419 -0.133326 -0.295001 -0.565606 -0.638540 -0.800215 -0.962695 0.974211 0.964426 0.920875 0.864582 0.595513 0.494974 0.343665 0.252616 0.096516 -0.060746 -0.165427 -0.313302 -0.571836 -0.639636 -0.743158 -0.942645 
56.987770 4279418.500000 48 48 46 0.969958 0.976482 0.966977 0.973964 0.959885 0.919439 0.879336 0.662272 0.550927 0.412522 0.327649 0.152471 -0.022631 -0.090779 -0.262756 -0.549963 -0.681952 -0.831612 -0.963182 0.973465 0.961324 0.920404 0.877776 0.638571 0.522708 0.401718 0.276317 0.159746 -0.036773 -0.113051 -0.282922 -0.534296 -0.659936 -0.812676 -0.960537 
57.059654 2254135.500000 46 46 48 0.969286 0.966060 0.807990 0.973725 0.962075 0.929248 0.887827 0.681259 0.561876 0.474905 0.375592 0.216784 -0.001485 -0.071726 -0.333855 -0.614480 -0.690006 -0.878693 -0.971366 0.973791 0.961170 0.923187 0.882294 0.675496 0.557537 0.443290 0.327904 0.182551 -0.024164 -0.082624 -0.318562 -0.596366 -0.693175 -0.852263 -0.969841 
56.932343 1992585.625000 48 48 48 0.876376 0.887922 0.984257 0.973893 0.960488 0.921931 0.870553 0.718936 0.637957 0.500175 0.448239 0.235881 0.065869 -0.063421 -0.342240 -0.617073 -0.756927 -0.907356 -0.976446 0.972680 0.961900 0.920433 0.877794 0.694344 0.593640 0.496175 0.410871 0.194982 0.034182 -0.082232 -0.363303 -0.617480 -0.731520 -0.899237 -0.973979 
57.216545 1649744.375000 48 48 50 0.981277 0.940646 0.990848 0.974156 0.960756 0.922591 0.859823 0.730952 0.672606 0.525647 0.478089 0.222812 0.062709 -0.070204 -0.301552 -0.624370 -0.778452 -0.926133 -0.975029 0.973534 0.960260 0.920645 0.859967 0.725631 0.663435 0.513766 0.461335 0.215119 0.063483 -0.025515 -0.289257 -0.615272 -0.766483 -0.914545 -0.975654 
58.345547 1942010.500000 50 52 52 0.990710 0.969234 0.931623 0.975391 0.968034 0.930270 0.868760 0.730940 0.614533 0.520149 0.402926 0.191138 0.023858 -0.042043 -0.296029 -0.612923 -0.760913 -0.902723 -0.973958 0.974496 0.964200 0.926622 0.853336 0.736296 0.643988 0.524815 0.426889 0.180530 0.023327 -0.064919 -0.346259 -0.628855 -0.769640 -0.909532 -0.974348 
57.434097 2349443.250000 52 56 58 0.954734 0.950394 0.943603 0.978529 0.969627 0.937163 0.862312 0.660197 0.583553 0.476291 0.383923 0.234176 -0.005610 -0.078767 -0.388886 -0.586827 -0.648969 -0.883976 -0.969189 0.977049 0.969272 0.932634 0.877688 0.694135 0.597836 0.479512 0.393965 0.255982 0.022334 -0.048902 -0.345861 -0.606134 -0.750991 -0.897974 -0.973721 
58.226200 10146334.000000 58 58 62 0.954628 0.944983 0.915997 0.979456 0.971345 0.942047 0.837944 0.561925 0.450054 0.354382 0.287324 0.057872 -0.084518 -0.211023 -0.384801 -0.594420 -0.627704 -0.797400 -0.965273 0.978407 0.970236 0.939346 0.849782 0.605029 0.526871 0.401191 0.356718 0.115463 -0.048973 -0.120773 -0.405254 -0.579874 -0.636839 -0.865627 -0.968148 
59.042820 27423032.000000 62 66 70 0.947639 0.981624 0.960914 0.982930 0.973881 0.941919 0.770242 0.479552 0.426115 0.329093 0.225434 0.014085 -0.174288 -0.240140 -0.428198 -0.600297 -0.671098 -0.710090 -0.913083 0.981879 0.972932 0.942930 0.805638 0.511674 0.452016 0.354913 0.272124 0.076169 -0.104479 -0.195684 -0.407101 -0.575420 -0.643305 -0.700691 -0.920588 
58.837914 30930832.000000 70 74 76 0.943416 0.945258 0.940163 0.984797 0.974761 0.952669 0.790349 0.448185 0.393567 0.266210 0.137446 -0.003342 -0.213560 -0.302790 -0.451114 -0.618888 -0.694982 -0.769108 -0.917286 0.983626 0.973529 0.946053 0.783065 0.465595 0.405950 0.307095 0.169615 0.008530 -0.190207 -0.262339 -0.426251 -0.608210 -0.679437 -0.730200 -0.875231 
57.637535 31668126.000000 76 80 80 0.930339 0.967293 0.970851 0.984269 0.974296 0.952776 0.744187 0.441389 0.385139 0.254830 0.116413 -0.029072 -0.227827 -0.345520 -0.473667 -0.619244 -0.713605 -0.789008 -0.899625 0.984785 0.975144 0.953694 0.777174 0.440786 0.378550 0.262072 0.112561 -0.005835 -0.224338 -0.322718 -0.454673 -0.617540 -0.717331 -0.781912 -0.929454 
57.402096 18664414.000000 80 80 80 0.971986 0.942231 0.910923 0.981224 0.972534 0.956950 0.761705 0.461895 0.413678 0.255641 0.162419 0.040634 -0.239712 -0.310082 -0.460422 -0.601517 -0.723014 -0.768291 -0.936045 0.983331 0.974333 0.955015 0.756635 0.457644 0.397953 0.278041 0.145103 0.009059 -0.236442 -0.355174 -0.458563 -0.626397 -0.735234 -0.781776 -0.941350 
58.934612 13519241.000000 80 80 82 0.879319 0.823086 0.957977 0.978382 0.971673 0.949477 0.804490 0.543603 0.487741 0.284343 0.205018 0.076437 -0.187175 -0.284595 -0.416951 -0.590762 -0.711535 -0.763537 -0.886476 0.977512 0.971519 0.953980 0.787039 0.492553 0.446743 0.255358 0.173608 0.061702 -0.224921 -0.297556 -0.442167 -0.609273 -0.690058 -0.762945 -0.925375 
57.368988 6173398.000000 82 84 84 0.968654 0.972867 0.923882 0.978624 0.971979 0.937555 0.820153 0.711755 0.523376 0.308141 0.203769 0.099743 -0.175527 -0.259202 -0.372208 -0.620418 -0.721825 -0.763900 -0.912238 0.978225 0.971849 0.941155 0.810331 0.613425 0.509713 0.285270 0.209260 0.079623 -0.186557 -0.277547 -0.400033 -0.605133 -0.729813 -0.779067 -0.880727 
51.410561 578354.062500 86 90 92 0.921014 0.803188 0.720020 0.988630 0.980863 0.940098 0.819589 0.685651 0.466095 0.358344 0.238958 0.092592 -0.137002 -0.307058 -0.400397 -0.621855 -0.709773 -0.784376 -0.963861 0.981514 0.974868 0.940112 0.836844 0.745378 0.506720 0.322232 0.217732 0.075467 -0.180794 -0.273278 -0.362703 -0.629345 -0.706828 -0.781769 -0.957472 
41.913483 240703.703125 92 92 94 0.721034 0.787921 0.779226 0.990864 0.980526 0.931842 0.774463 0.624537 0.489654 0.392251 0.292300 0.125702 -0.156405 -0.282454 -0.387402 -0.608361 -0.720446 -0.832771 -0.966517 0.990897 0.982038 0.938900 0.782614 0.646894 0.486257 0.358994 0.265916 0.112874 -0.118477 -0.309472 -0.430220 -0.610910 -0.707814 -0.787961 -0.963918 
36.050594 1093818.125000 94 100 36 0.716312 0.373448 0.579077 0.979225 0.962734 0.907100 0.706931 0.558768 0.423205 0.232549 0.040438 -0.048457 -0.316285 -0.436134 -0.560798 -0.679918 -0.769047 -0.906812 -0.960845 0.988646 0.979797 0.924804 0.774446 0.631012 0.490940 0.389365 0.299160 0.097439 -0.134822 -0.286483 -0.402967 -0.602995 -0.740030 -0.873600 -0.955259 
43.773838 275596.500000 116 76 88 0.369211 0.694496 0.652102 0.985503 0.979243 0.952241 0.883526 0.657179 0.536026 0.380006 0.221105 0.018389 -0.146574 -0.379269 -0.502004 -0.650535 -0.735141 -0.883086 -0.963171 0.982748 0.970549 0.927808 0.778585 0.579025 0.464428 0.265566 0.056662 -0.037014 -0.311415 -0.438834 -0.566401 -0.665108 -0.767184 -0.907865 -0.960082 
46.914181 253355.765625 88 90 88 0.690789 0.849313 0.869264 0.986633 0.980639 0.943442 0.876753 0.821253 0.535623 0.374740 0.157767 -0.014091 -0.161223 -0.406548 -0.520876 -0.662939 -0.746240 -0.879787 -0.972117 0.985875 0.980820 0.937530 0.885372 0.767494 0.509145 0.399255 0.200245 0.009253 -0.147669 -0.342817 -0.504191 -0.650500 -0.744894 -0.850281 -0.968573 
52.381775 1391260.125000 90 86 88 0.884860 0.903546 0.947681 0.979244 0.972596 0.941916 0.855306 0.759267 0.712760 0.219988 0.098028 0.021713 -0.154882 -0.282703 -0.360210 -0.497492 -0.692811 -0.855349 -0.964076 0.983038 0.975025 0.946084 0.854192 0.803427 0.669917 0.240172 0.080562 -0.004212 -0.194186 -0.333130 -0.439385 -0.601356 -0.740216 -0.883905 -0.970622 
53.751053 1802052.875000 88 88 88 0.961022 0.922729 0.922354 0.980976 0.974214 0.947923 0.836222 0.663409 0.601708 0.267937 0.129950 0.068464 -0.107595 -0.261760 -0.330256 -0.457376 -0.657634 -0.845166 -0.945642 0.980327 0.972333 0.946659 0.840176 0.723262 0.674651 0.252256 0.135292 0.064962 -0.103883 -0.243344 -0.334542 -0.480225 -0.680151 -0.839674 -0.955419 
53.018272 1571322.875000 90 90 90 0.952711 0.975013 0.921959 0.982334 0.976784 0.955026 0.855350 0.525979 0.431446 0.304107 0.164042 0.088151 -0.073648 -0.281214 -0.363808 -0.523777 -0.630107 -0.807814 -0.956418 0.981843 0.976332 0.952721 0.857186 0.600253 0.474826 0.275634 0.146052 0.063481 -0.108122 -0.282426 -0.346412 -0.473868 -0.649240 -0.827296 -0.945495 
50.873833 1139496.500000 90 90 90 0.877683 0.931419 0.935070 0.983622 0.976887 0.958137 0.816776 0.519758 0.431569 0.326531 0.223886 0.074481 -0.167846 -0.259136 -0.380875 -0.559182 -0.621187 -0.738395 -0.954832 0.982053 0.977397 0.957529 0.810327 0.503752 0.413088 0.301005 0.183842 0.080910 -0.107997 -0.260401 -0.371745 -0.531906 -0.630852 -0.739369 -0.952284 
48.819813 321828.312500 90 90 90 0.931506 0.855846 0.876040 0.987194 0.979102 0.969061 0.838439 0.643819 0.529757 0.334779 0.236610 0.090134 -0.168812 -0.281537 -0.385168 -0.570117 -0.639431 -0.873602 -0.968760 0.983346 0.977264 0.959821 0.820007 0.589895 0.459607 0.351100 0.241515 0.093199 -0.170129 -0.269818 -0.405474 -0.561927 -0.612012 -0.788290 -0.957258 
49.313560 146377.218750 90 92 94 0.866604 0.908509 0.892769 0.987298 0.980665 0.965660 0.879088 0.769167 0.512605 0.381132 0.278459 0.157392 -0.103514 -0.275052 -0.382997 -0.620767 -0.769846 -0.904660 -0.975161 0.987859 0.980365 0.969222 0.864427 0.710627 0.554613 0.349268 0.259146 0.103705 -0.172022 -0.276863 -0.394097 -0.583344 -0.724939 -0.909405 -0.975349 
44.693062 45248.046875 94 96 92 0.882227 0.642975 0.482622 0.988689 0.978083 0.959543 0.904860 0.745993 0.508019 0.372781 0.268014 0.144820 -0.117273 -0.313765 -0.460575 -0.669805 -0.780369 -0.921916 -0.969947 0.987502 0.980195 0.962149 0.900616 0.774594 0.528159 0.397281 0.277189 0.149397 -0.066767 -0.298523 -0.409903 -0.653854 -0.799302 -0.905761 -0.975546 
40.306564 21278.142578 92 92 92 0.605126 0.924006 0.584890 0.987047 0.977504 0.956315 0.928565 0.810311 0.573836 0.422926 0.280808 0.101365 -0.163367 -0.328904 -0.515772 -0.669581 -0.838680 -0.921890 -0.973170 0.988766 0.977709 0.956546 0.912638 0.752874 0.548780 0.402800 0.290310 0.135779 -0.154947 -0.321102 -0.516083 -0.687625 -0.803321 -0.918633 -0.968297 
45.361172 56476.289062 206 92 90 0.788974 0.929662 0.893848 0.983760 0.974805 0.948423 0.904457 0.876464 0.742723 0.449987 0.253418 0.047193 -0.181381 -0.362670 -0.537220 -0.651132 -0.811067 -0.914168 -0.978712 0.985233 0.974784 0.954614 0.924076 0.875386 0.611934 0.433171 0.226095 0.076208 -0.200860 -0.354655 -0.513646 -0.657867 -0.816582 -0.919920 -0.974191 
50.605488 534368.062500 90 90 90 0.915680 0.880439 0.885886 0.981801 0.970200 0.926598 0.864702 0.830404 0.766728 0.324997 0.266372 0.053937 -0.154003 -0.260486 -0.561686 -0.639773 -0.686026 -0.779243 -0.965027 0.982842 0.973520 0.936183 0.884425 0.854478 0.819434 0.408639 0.252258 0.086014 -0.200874 -0.291969 -0.567584 -0.632090 -0.733635 -0.891350 -0.973004 
49.618496 1998966.750000 92 92 92 0.909594 0.674002 0.946630 0.981173 0.963267 0.922432 0.815358 0.723685 0.641390 0.336695 0.266083 0.125754 -0.125549 -0.199765 -0.445370 -0.654126 -0.712621 -0.771796 -0.903277 0.980485 0.967138 0.922818 0.858667 0.764275 0.707232 0.359135 0.263147 0.138273 -0.148420 -0.223342 -0.557328 -0.636850 -0.691662 -0.737294 -0.955757 
49.866112 3715725.250000 92 92 94 0.957379 0.937496 0.963032 0.982410 0.964333 0.923560 0.836010 0.631901 0.549410 0.349997 0.275682 0.079752 -0.121372 -0.267227 -0.506450 -0.673829 -0.738410 -0.787536 -0.838622 0.982172 0.962781 0.920034 0.828261 0.680807 0.600455 0.334981 0.271833 0.106061 -0.135452 -0.228875 -0.484031 -0.667591 -0.725572 -0.775911 -0.836818 
49.987469 4884389.000000 94 94 92 0.973755 0.942499 0.952671 0.982352 0.967598 0.921866 0.820161 0.589673 0.508744 0.319477 0.219087 0.085619 -0.118313 -0.298422 -0.454736 -0.603352 -0.698741 -0.778757 -0.839636 0.982626 0.965929 0.923098 0.833321 0.589902 0.518139 0.329355 0.259268 0.062300 -0.119857 -0.299273 -0.461717 -0.631948 -0.714655 -0.772907 -0.827337 
49.536823 2343229.500000 92 92 92 0.967174 0.956061 0.883244 0.983245 0.970364 0.930565 0.810104 0.623356 0.485081 0.311647 0.189926 0.105972 -0.113328 -0.311962 -0.418525 -0.523271 -0.615492 -0.702897 -0.908068 0.982251 0.968475 0.925868 0.819920 0.611896 0.504496 0.302572 0.200763 0.079579 -0.121877 -0.293117 -0.446041 -0.546189 -0.662842 -0.748663 -0.868574 
42.686333 138447.656250 94 92 92 0.865374 0.814551 0.672129 0.991028 0.978869 0.952144 0.839299 0.681018 0.596557 0.374602 0.290647 0.117432 -0.121438 -0.353792 -0.466688 -0.621856 -0.731032 -0.844145 -0.975646 0.988443 0.976049 0.942341 0.799516 0.651645 0.537751 0.329709 0.208145 0.085644 -0.143011 -0.363535 -0.442940 -0.519189 -0.649787 -0.777788 -0.949008 
37.135590 54331.394531 78 224 74 0.421361 0.349612 0.652416 0.986462 0.967891 0.923234 0.810760 0.623689 0.550122 0.401526 0.280376 0.155016 -0.063734 -0.304088 -0.445213 -0.582159 -0.798640 -0.903212 -0.972024 0.989691 0.981354 0.940443 0.849253 0.665335 0.567953 0.379976 0.294261 0.131682 -0.093852 -0.283147 -0.469876 -0.612399 -0.735760 -0.879959 -0.968826 
27.389460 68664.828125 74 44 44 0.671963 0.555321 0.649483 0.986032 0.967894 0.899276 0.735758 0.604262 0.508545 0.301365 0.210591 -0.082706 -0.260326 -0.465814 -0.566978 -0.641597 -0.721259 -0.874746 -0.965338 0.984479 0.967599 0.914739 0.810792 0.620820 0.546026 0.380308 0.278510 0.171495 -0.074934 -0.339169 -0.449681 -0.627075 -0.818809 -0.913782 -0.976089 
28.042580 124015.531250 92 62 26 0.588630 0.563444 0.398676 0.978242 0.965549 0.921970 0.658048 0.546632 0.475191 0.244713 0.161777 0.040828 -0.218719 -0.386083 -0.481461 -0.630657 -0.675436 -0.839746 -0.968797 0.981456 0.961190 0.871445 0.681727 0.597352 0.438303 0.242387 0.111832 -0.167749 -0.314339 -0.504633 -0.592835 -0.651701 -0.715197 -0.846632 -0.971820 
27.479156 14391.888672 60 60 48 0.491472 0.619460 0.446163 0.982417 0.959804 0.921023 0.774391 0.577951 0.508794 0.346622 0.165373 0.039319 -0.243381 -0.376984 -0.544132 -0.683812 -0.790919 -0.919410 -0.963514 0.977326 0.965561 0.935047 0.708631 0.536846 0.501459 0.255471 0.190729 0.070616 -0.131546 -0.357197 -0.425999 -0.606315 -0.692771 -0.873174 -0.963639 
17.546772 10721.905273 46 26 116 0.522642 0.461004 0.424403 0.980284 0.961943 0.911054 0.755409 0.595825 0.502666 0.318873 0.127681 -0.101770 -0.269486 -0.412041 -0.520216 -0.671398 -0.820452 -0.918535 -0.974477 0.983633 0.968785 0.910973 0.764619 0.607271 0.526505 0.352636 0.140159 -0.059118 -0.262949 -0.426486 -0.568140 -0.698312 -0.842156 -0.917241 -0.968516 
44.795879 2491064.250000 48 92 92 0.428338 0.512216 0.750629 0.963137 0.932058 0.900317 0.834136 0.654510 0.500850 0.365022 0.273882 0.126342 -0.075686 -0.182614 -0.321625 -0.524145 -0.751221 -0.867813 -0.926184 0.960507 0.926070 0.896352 0.815329 0.622460 0.478722 0.358991 0.231154 0.069385 -0.095292 -0.224324 -0.373240 -0.547058 -0.761368 -0.894262 -0.956932 
50.069881 5857412.500000 92 88 88 0.775262 0.955495 0.968196 0.977404 0.930115 0.897832 0.833559 0.664477 0.529339 0.369177 0.279511 0.069524 -0.100442 -0.189889 -0.329380 -0.648591 -0.776048 -0.861779 -0.893108 0.969934 0.927658 0.901068 0.826491 0.645764 0.516901 0.349819 0.279954 0.071205 -0.104843 -0.195273 -0.309580 -0.618590 -0.782318 -0.869993 -0.903225 
49.695465 2635362.250000 88 90 90 0.975181 0.918344 0.710596 0.978914 0.934768 0.896769 0.847756 0.697062 0.572171 0.383925 0.312434 0.138012 -0.081592 -0.191609 -0.252720 -0.529647 -0.787098 -0.863114 -0.920427 0.978941 0.933799 0.898855 0.848652 0.694227 0.549503 0.374102 0.292800 0.067328 -0.115016 -0.203184 -0.278830 -0.573926 -0.753409 -0.868678 -0.903230 
50.063660 2798898.750000 92 92 92 0.684727 0.920950 0.936020 0.975976 0.933390 0.894769 0.836726 0.732913 0.623410 0.380253 0.307058 0.146786 -0.077392 -0.166792 -0.253062 -0.634456 -0.783097 -0.840739 -0.907001 0.977353 0.931523 0.893633 0.829938 0.709789 0.603111 0.379124 0.314631 0.139507 -0.079287 -0.187578 -0.242742 -0.574370 -0.790886 -0.844865 -0.928428 
51.232964 3198680.500000 92 90 88 0.929057 0.968367 0.969015 0.979301 0.937347 0.897080 0.847817 0.751173 0.653219 0.388675 0.275292 0.113801 -0.111511 -0.175961 -0.293611 -0.663800 -0.774406 -0.829939 -0.930748 0.978464 0.934317 0.893648 0.835168 0.743344 0.622407 0.399766 0.288200 0.132305 -0.077997 -0.175729 -0.318491 -0.689364 -0.797672 -0.842193 -0.919184 
51.578373 1748741.625000 88 88 88 0.978439 0.830781 0.772342 0.976323 0.950188 0.907446 0.853323 0.780186 0.676347 0.408898 0.270495 0.154134 -0.100756 -0.170039 -0.353274 -0.659766 -0.743972 -0.838542 -0.921246 0.979008 0.940244 0.898047 0.849956 0.762462 0.662204 0.366611 0.277092 0.132685 -0.108132 -0.162124 -0.303145 -0.655429 -0.765243 -0.832295 -0.913466 
52.890976 1438687.750000 86 86 86 0.841229 0.982239 0.934389 0.975670 0.956220 0.915932 0.865305 0.810856 0.689630 0.380906 0.262639 0.165982 -0.089960 -0.163617 -0.348774 -0.650454 -0.788976 -0.852157 -0.939228 0.975507 0.952486 0.912016 0.858606 0.792397 0.679750 0.379833 0.264786 0.149373 -0.095410 -0.173577 -0.381450 -0.653213 -0.766604 -0.852544 -0.940577 
50.859169 250568.062500 84 84 82 0.931952 0.833941 0.486273 0.981162 0.968231 0.933627 0.865507 0.831649 0.729490 0.480283 0.304774 0.188450 -0.091740 -0.196555 -0.361858 -0.634652 -0.793146 -0.886096 -0.972086 0.979929 0.964342 0.923671 0.874693 0.819615 0.714390 0.419910 0.277623 0.147726 -0.097875 -0.184513 -0.279038 -0.636958 -0.800064 -0.862062 -0.964009 
43.067032 84754.539062 94 80 148 0.686436 0.313550 0.557584 0.978854 0.966253 0.920716 0.850954 0.789118 0.708239 0.441115 0.294897 0.228785 -0.068146 -0.202639 -0.434605 -0.634919 -0.815486 -0.916249 -0.979950 0.979095 0.966427 0.916147 0.857154 0.808181 0.720441 0.470131 0.304465 0.233392 -0.114751 -0.209085 -0.423693 -0.635458 -0.804959 -0.901678 -0.975640 
36.777542 21476.964844 56 52 52 0.732843 0.383303 0.462168 0.973095 0.950072 0.901792 0.847084 0.757624 0.676944 0.402235 0.292711 0.104401 -0.152284 -0.286397 -0.534857 -0.723814 -0.831653 -0.931256 -0.978800 0.978640 0.968354 0.926683 0.854154 0.772548 0.709470 0.400181 0.280611 0.186739 -0.062222 -0.253322 -0.449687 -0.667913 -0.811172 -0.919346 -0.981095 
26.275341 14627.833984 50 86 88 0.413479 0.447449 0.461439 0.964128 0.932125 0.888581 0.824175 0.741132 0.664833 0.472672 0.275407 0.050165 -0.191357 -0.364464 -0.582226 -0.695364 -0.829591 -0.901604 -0.973503 0.961717 0.935768 0.886109 0.840258 0.727520 0.668131 0.450066 0.288538 0.056371 -0.212787 -0.338233 -0.567959 -0.712228 -0.836376 -0.919373 -0.972005 
27.660723 95958.093750 88 120 88 0.445493 0.378576 0.512533 0.971509 0.919757 0.859472 0.810333 0.634231 0.358039 0.153367 0.051333 -0.047237 -0.124347 -0.223698 -0.412523 -0.505077 -0.711792 -0.889651 -0.953682 0.967345 0.931753 0.874332 0.822499 0.746707 0.617373 0.306484 0.098268 -0.015377 -0.107199 -0.261475 -0.492963 -0.664826 -0.806949 -0.901910 -0.974952 
23.635111 11348.089844 88 52 84 0.500762 0.390983 0.487000 0.984969 0.935015 0.862913 0.820865 0.711620 0.535091 0.256004 0.103232 -0.069075 -0.183008 -0.394653 -0.460925 -0.634128 -0.810136 -0.901894 -0.979253 0.974197 0.918222 0.860595 0.806127 0.610092 0.361671 0.141730 0.052097 -0.056759 -0.131410 -0.254518 -0.423969 -0.498270 -0.761790 -0.906489 -0.962629 
18.180416 7586.509766 86 86 86 0.726565 0.478912 0.365617 0.982164 0.963739 0.897247 0.827297 0.712282 0.526629 0.318161 0.166651 -0.082510 -0.221844 -0.382241 -0.571259 -0.735120 -0.857168 -0.927162 -0.974101 0.984026 0.958512 0.880087 0.839587 0.720295 0.544907 0.333234 0.177230 -0.073135 -0.199006 -0.397451 -0.545509 -0.690290 -0.835759 -0.913975 -0.974888 
16.259743 4944.312988 178 36 88 0.369363 0.526888 0.641018 0.985747 0.963999 0.890629 0.829104 0.670243 0.523646 0.336791 0.188890 -0.077921 -0.210563 -0.399733 -0.583306 -0.703388 -0.827025 -0.924981 -0.981499 0.983090 0.965643 0.898561 0.809105 0.706816 0.527638 0.320291 0.170841 -0.076371 -0.216178 -0.366605 -0.579607 -0.741357 -0.845108 -0.927323 -0.975932 
14.816781 4166.394043 90 88 60 0.586048 0.356379 0.481953 0.979897 0.955316 0.900585 0.816709 0.689189 0.546450 0.342407 0.145592 -0.059382 -0.255301 -0.417506 -0.592635 -0.717904 -0.848631 -0.925244 -0.978244 0.983956 0.959247 0.893391 0.828814 0.681068 0.532633 0.356465 0.182845 -0.080586 -0.225014 -0.437628 -0.580348 -0.686333 -0.855708 -0.921687 -0.976774 
41.705101 1492404.625000 60 52 66 0.596404 0.518026 0.628476 0.985139 0.971753 0.954118 0.768598 0.375109 0.325091 0.169450 0.100209 -0.029035 -0.163441 -0.341566 -0.420609 -0.516987 -0.625989 -0.846039 -0.980928 0.981194 0.967839 0.917951 0.806171 0.608285 0.400684 0.290793 0.127138 -0.033158 -0.214943 -0.361297 -0.522414 -0.676196 -0.824077 -0.916411 -0.973647 
53.939594 8564699.000000 66 68 68 0.621400 0.988434 0.977607 0.984752 0.976663 0.949740 0.871245 0.399010 0.362860 0.220594 0.111182 0.020603 -0.137188 -0.369241 -0.451434 -0.561403 -0.686076 -0.840888 -0.983654 0.985032 0.976956 0.956521 0.858320 0.384581 0.346886 0.223537 0.129678 0.007560 -0.141293 -0.373438 -0.445042 -0.538958 -0.689674 -0.813690 -0.975365 
54.750687 8002100.000000 68 70 72 0.970969 0.976254 0.913305 0.985931 0.975707 0.948565 0.848243 0.469853 0.423534 0.271959 0.130908 0.047950 -0.194240 -0.399623 -0.456711 -0.541883 -0.690285 -0.806376 -0.983391 0.984932 0.975484 0.947258 0.854414 0.425864 0.390879 0.261193 0.122270 0.023493 -0.204113 -0.385816 -0.452345 -0.546063 -0.689285 -0.799477 -0.982514 
50.459137 286681.343750 72 70 70 0.946121 0.955621 0.964150 0.989414 0.981708 0.960983 0.931411 0.703754 0.463080 0.365290 0.241150 0.086798 -0.128873 -0.338964 -0.474411 -0.639411 -0.747412 -0.876231 -0.976680 0.989147 0.980471 0.957525 0.906712 0.579290 0.457179 0.311921 0.164287 0.057308 -0.188793 -0.408485 -0.462204 -0.555809 -0.717016 -0.838645 -0.978478 
51.833344 6866152.500000 70 70 66 0.962086 0.922469 0.791732 0.985933 0.976806 0.948412 0.853341 0.510412 0.441231 0.207041 0.100244 -0.005517 -0.266796 -0.400778 -0.499846 -0.604683 -0.695728 -0.811050 -0.901721 0.989135 0.981071 0.960744 0.932198 0.725812 0.464314 0.358245 0.205797 0.077996 -0.203011 -0.383440 -0.503897 -0.621914 -0.743787 -0.865722 -0.973979 
56.582302 18114164.000000 68 66 66 0.789292 0.954614 0.990761 0.984118 0.975235 0.935662 0.843174 0.469590 0.414075 0.258364 0.144886 0.030374 -0.166363 -0.338018 -0.437927 -0.588200 -0.685768 -0.777710 -0.845719 0.983993 0.975712 0.936451 0.839317 0.476430 0.422949 0.263262 0.113518 0.032074 -0.177622 -0.371885 -0.454496 -0.574424 -0.679068 -0.781136 -0.863232 
54.996155 6159220.500000 66 66 66 0.991113 0.986242 0.977201 0.986494 0.976051 0.945940 0.863727 0.458654 0.372506 0.282830 0.178651 0.063974 -0.135371 -0.318700 -0.403430 -0.554624 -0.696542 -0.762848 -0.874819 0.984696 0.975213 0.940453 0.847191 0.466485 0.405587 0.271876 0.160475 0.054902 -0.152142 -0.308883 -0.401077 -0.594585 -0.693490 -0.775341 -0.855461 
47.431889 348218.187500 66 70 68 0.970207 0.808791 0.572061 0.992429 0.977401 0.952653 0.842597 0.497779 0.414337 0.281683 0.189916 0.090325 -0.219084 -0.367203 -0.475619 -0.632152 -0.700547 -0.777432 -0.952807 0.989125 0.977920 0.953640 0.880170 0.456092 0.359373 0.288836 0.195939 0.081416 -0.193146 -0.345017 -0.423162 -0.573920 -0.695041 -0.760236 -0.903112 
32.253796 100715.320312 68 48 66 0.578471 0.510104 0.511119 0.983961 0.970873 0.932039 0.814043 0.477229 0.429202 0.330686 0.212121 0.059678 -0.175762 -0.352318 -0.426915 -0.595518 -0.695127 -0.833396 -0.968095 0.991023 0.974855 0.925723 0.768824 0.498842 0.431393 0.339834 0.209409 0.074371 -0.211763 -0.349933 -0.461400 -0.632975 -0.710752 -0.788640 -0.966057 
30.947504 64473.750000 98 100 66 0.552497 0.550293 0.487774 0.988818 0.973657 0.937416 0.769753 0.453866 0.383265 0.310204 0.167133 0.097524 -0.093378 -0.370396 -0.447351 -0.602075 -0.712033 -0.894547 -0.961092 0.983612 0.972179 0.934968 0.818706 0.481149 0.386708 0.303165 0.183554 0.084070 -0.116216 -0.361694 -0.422975 -0.592404 -0.691601 -0.881258 -0.959512 
23.882648 17550.791016 130 148 148 0.704160 0.512797 0.520193 0.990843 0.969943 0.910496 0.756193 0.464887 0.401593 0.308562 0.199380 0.094985 -0.220045 -0.387607 -0.435092 -0.624887 -0.786155 -0.917602 -0.975828 0.990425 0.974209 0.927976 0.724196 0.462445 0.388542 0.305542 0.172247 0.099335 -0.186057 -0.381762 -0.434952 -0.600642 -0.746814 -0.913125 -0.965382 
32.882202 744000.750000 84 114 122 0.507162 0.466210 0.522187 0.983061 0.951081 0.829342 0.490440 0.328056 0.216038 0.023221 -0.115217 -0.227771 -0.332464 -0.507473 -0.617211 -0.710807 -0.812182 -0.907567 -0.946910 0.988867 0.969480 0.908359 0.792683 0.488007 0.396227 0.319266 0.200323 0.035149 -0.237524 -0.386729 -0.477815 -0.672684 -0.815485 -0.915055 -0.972849 
39.097878 1126751.875000 66 48 72 0.401167 0.740680 0.504184 0.977121 0.959620 0.871840 0.541571 0.326805 0.193258 0.006204 -0.154571 -0.256558 -0.369767 -0.521106 -0.651938 -0.770681 -0.861102 -0.908602 -0.961684 0.974880 0.956318 0.799729 0.460296 0.350725 0.194331 0.034177 -0.126994 -0.232135 -0.362500 -0.488538 -0.627067 -0.712334 -0.810703 -0.902142 -0.957227 
40.077927 2485696.250000 36 70 68 0.641201 0.530843 0.459723 0.973637 0.945336 0.822827 0.464565 0.314348 0.174980 0.003189 -0.103041 -0.235201 -0.333660 -0.510527 -0.623865 -0.745623 -0.857310 -0.917808 -0.960603 0.973760 0.945239 0.833654 0.485071 0.306667 0.169744 -0.028293 -0.165419 -0.279417 -0.368390 -0.538161 -0.663078 -0.784329 -0.871492 -0.915868 -0.963422 
41.940365 2261194.250000 66 46 120 0.488503 0.453048 0.429506 0.973329 0.950200 0.815835 0.519187 0.329070 0.211063 0.040506 -0.067027 -0.160662 -0.297816 -0.460081 -0.563343 -0.696015 -0.823115 -0.911792 -0.952184 0.975766 0.946692 0.787797 0.451169 0.316970 0.170056 0.021798 -0.084607 -0.170551 -0.301556 -0.471228 -0.574794 -0.698673 -0.831596 -0.909034 -0.946197 
36.639576 1568230.250000 52 108 132 0.573022 0.467330 0.659326 0.960461 0.919613 0.878587 0.679184 0.345956 0.277898 0.119975 -0.003599 -0.150176 -0.261873 -0.410719 -0.554802 -0.700079 -0.815867 -0.912376 -0.961676 0.967329 0.934798 0.866602 0.625281 0.330573 0.244289 0.106039 -0.045817 -0.166870 -0.276730 -0.460472 -0.556027 -0.688656 -0.819093 -0.912953 -0.952126 
39.638161 1920825.125000 80 82 38 0.576256 0.514328 0.493962 0.946383 0.903571 0.877471 0.642564 0.376215 0.307746 0.126415 -0.007777 -0.114466 -0.206443 -0.344514 -0.457773 -0.635653 -0.801170 -0.903313 -0.949178 0.954234 0.916969 0.880547 0.654784 0.345296 0.296310 0.129041 -0.006614 -0.127767 -0.234241 -0.369370 -0.487463 -0.686141 -0.802862 -0.917085 -0.954112 
40.899654 2868726.000000 132 148 124 0.487009 0.550040 0.391796 0.947316 0.896807 0.875641 0.676316 0.427768 0.389901 0.190714 0.070064 -0.062483 -0.220512 -0.322440 -0.430444 -0.649160 -0.860863 -0.913106 -0.985119 0.944222 0.894353 0.876967 0.672634 0.399642 0.361234 0.155606 0.060287 -0.085108 -0.214204 -0.328780 -0.444451 -0.640241 -0.835395 -0.889448 -0.955284 
45.908997 3304616.250000 52 54 52 0.555171 0.852290 0.952819 0.990186 0.963317 0.912255 0.872020 0.635846 0.431625 0.334525 0.152623 0.036610 -0.155087 -0.271627 -0.344899 -0.559037 -0.735884 -0.863826 -0.942547 0.990733 0.955998 0.895026 0.806131 0.471452 0.408152 0.239469 0.119119 -0.004634 -0.213975 -0.297883 -0.416562 -0.614176 -0.795577 -0.898726 -0.961109 
51.694065 9557935.000000 52 50 50 0.969070 0.970522 0.986786 0.983810 0.950453 0.892816 0.850161 0.644741 0.481847 0.351011 0.192820 0.101225 -0.058388 -0.231066 -0.322184 -0.486582 -0.664620 -0.789811 -0.949255 0.988254 0.958416 0.899117 0.864050 0.630718 0.465894 0.345072 0.196559 0.097110 -0.104610 -0.220437 -0.316608 -0.473793 -0.702855 -0.859104 -0.945628 
54.895508 26292382.000000 50 50 50 0.992965 0.987788 0.957765 0.974214 0.941314 0.889898 0.834210 0.619681 0.498674 0.324513 0.195966 0.088825 -0.055943 -0.245153 -0.323014 -0.538289 -0.660536 -0.870599 -0.954184 0.978660 0.943604 0.891338 0.841889 0.642152 0.489049 0.344970 0.198243 0.098793 -0.058270 -0.225696 -0.327601 -0.532094 -0.657455 -0.811815 -0.961423 
56.673046 35351476.000000 50 52 52 0.960171 0.974818 0.963190 0.971797 0.940767 0.887295 0.830672 0.629566 0.526852 0.319306 0.216704 0.095867 -0.053006 -0.231269 -0.345265 -0.553224 -0.697099 -0.897503 -0.959218 0.972593 0.941095 0.887526 0.829127 0.614288 0.501611 0.307367 0.199054 0.089043 -0.059038 -0.240275 -0.335039 -0.534905 -0.684451 -0.893550 -0.955055 
57.187733 40087544.000000 52 54 54 0.981862 0.971760 0.952913 0.970259 0.940547 0.890184 0.812152 0.629210 0.542785 0.322931 0.220937 0.101854 -0.048883 -0.227532 -0.355790 -0.533059 -0.679023 -0.870359 -0.955561 0.970787 0.938290 0.889636 0.823468 0.627952 0.527835 0.315670 0.204125 0.097887 -0.051808 -0.231640 -0.361265 -0.537005 -0.713040 -0.894110 -0.954877 
57.591965 39494796.000000 54 56 56 0.984606 0.982647 0.931498 0.970677 0.944192 0.890457 0.811961 0.653300 0.515238 0.324589 0.238627 0.105089 -0.096633 -0.220153 -0.302440 -0.573068 -0.661248 -0.823496 -0.956632 0.969924 0.941907 0.890897 0.811960 0.639482 0.532102 0.321846 0.227035 0.125658 -0.059441 -0.223788 -0.322027 -0.556031 -0.665363 -0.816386 -0.951430 
56.173153 22183368.000000 56 60 62 0.957151 0.883249 0.854027 0.974471 0.947916 0.880711 0.823225 0.641972 0.544996 0.362529 0.250529 0.095235 -0.053489 -0.223293 -0.284736 -0.568397 -0.695853 -0.833588 -0.952248 0.970554 0.947732 0.888451 0.817248 0.661061 0.533823 0.349003 0.236612 0.085282 -0.094465 -0.239392 -0.303008 -0.570194 -0.666646 -0.859482 -0.958321 
55.413914 19093300.000000 62 64 70 0.887732 0.940142 0.958419 0.979568 0.944575 0.888378 0.836029 0.679763 0.533436 0.316991 0.220841 0.122037 -0.078253 -0.239095 -0.300375 -0.561221 -0.724316 -0.799481 -0.900136 0.978777 0.945437 0.880964 0.833903 0.651812 0.529001 0.313798 0.215475 0.107827 -0.075413 -0.226387 -0.330557 -0.600213 -0.710227 -0.806119 -0.940572 
55.615063 26444660.000000 70 74 78 0.953079 0.857719 0.932460 0.975961 0.937697 0.885014 0.831460 0.662222 0.524555 0.307325 0.219795 0.102573 -0.111277 -0.230707 -0.310310 -0.538340 -0.715772 -0.834175 -0.871695 0.977321 0.941139 0.887430 0.830532 0.678075 0.534289 0.325465 0.228188 0.127371 -0.076861 -0.226050 -0.290448 -0.526169 -0.709115 -0.798545 -0.879604 
54.687458 29559688.000000 78 86 86 0.911950 0.744812 0.794678 0.974953 0.930937 0.874918 0.801505 0.650647 0.546794 0.306056 0.234837 0.049705 -0.128465 -0.254593 -0.331078 -0.624278 -0.763249 -0.871894 -0.905100 0.975541 0.938057 0.885060 0.815970 0.653162 0.525250 0.297377 0.232199 0.063808 -0.114938 -0.253513 -0.332137 -0.595198 -0.756450 -0.853114 -0.889482 
54.970837 25659522.000000 88 90 90 0.755476 0.960159 0.919357 0.966097 0.923314 0.888357 0.821501 0.667582 0.553429 0.300191 0.236108 0.059792 -0.121371 -0.231257 -0.309569 -0.717046 -0.817276 -0.885194 -0.900888 0.971027 0.924818 0.885257 0.809995 0.661417 0.561395 0.301338 0.233974 0.047726 -0.144077 -0.252305 -0.324746 -0.657888 -0.789783 -0.886488 -0.903030 
54.074036 13064364.000000 90 92 92 0.913653 0.912141 0.884062 0.965639 0.924865 0.895373 0.823377 0.691177 0.590504 0.313131 0.245667 0.068274 -0.125049 -0.245936 -0.324261 -0.665481 -0.818963 -0.891576 -0.914922 0.964478 0.922335 0.891430 0.830757 0.679739 0.568147 0.315435 0.236994 0.088102 -0.125150 -0.232093 -0.320920 -0.710847 -0.827042 -0.892396 -0.912673 
51.733059 3127043.750000 92 98 92 0.821452 0.544456 0.509168 0.973721 0.930149 0.902331 0.847224 0.709247 0.612514 0.365357 0.275105 0.143401 -0.113877 -0.228796 -0.328030 -0.682840 -0.828161 -0.898780 -0.921378 0.969126 0.927078 0.895239 0.831822 0.697186 0.581835 0.308959 0.236622 0.096446 -0.149486 -0.249353 -0.386412 -0.618776 -0.783394 -0.898879 -0.915749 
51.307198 2249635.500000 94 74 148 0.386354 0.462905 0.507939 0.971708 0.938890 0.919744 0.858580 0.716107 0.633371 0.362973 0.283330 0.169944 -0.046131 -0.199921 -0.253482 -0.707771 -0.852324 -0.897043 -0.936748 0.974200 0.938559 0.909632 0.868590 0.712457 0.616649 0.390272 0.303190 0.161867 -0.051098 -0.206020 -0.297382 -0.682074 -0.852629 -0.899329 -0.937819 
49.590279 383293.156250 148 76 86 0.682695 0.702231 0.546360 0.982317 0.962410 0.931353 0.876417 0.711374 0.655170 0.480682 0.316853 0.211513 -0.064342 -0.188160 -0.289056 -0.582326 -0.843198 -0.887057 -0.957929 0.978126 0.952924 0.931386 0.887337 0.731305 0.667923 0.429280 0.308090 0.195017 -0.053418 -0.197852 -0.271378 -0.600679 -0.843175 -0.891924 -0.948983 
37.155766 94695.859375 80 74 48 0.352514 0.591604 0.384921 0.988614 0.966003 0.899109 0.816010 0.684139 0.622039 0.516492 0.331444 0.214680 -0.040577 -0.253534 -0.359610 -0.670947 -0.818902 -0.905292 -0.968164 0.983608 0.959580 0.916543 0.808845 0.702466 0.642771 0.508472 0.316090 0.196667 -0.087049 -0.229908 -0.347807 -0.633474 -0.835238 -0.891372 -0.965465 
34.230827 58031.792969 46 90 90 0.555926 0.405860 0.467723 0.991123 0.947192 0.906808 0.811329 0.689796 0.653418 0.513515 0.315060 0.206457 -0.067824 -0.231513 -0.418816 -0.681223 -0.808719 -0.901938 -0.950339 0.989132 0.960781 0.905675 0.815840 0.686212 0.647193 0.516795 0.334170 0.208515 -0.030982 -0.259821 -0.393950 -0.693459 -0.805839 -0.908327 -0.960420 
30.269773 29913.636719 120 98 88 0.400117 0.413670 0.502796 0.980810 0.925066 0.898687 0.797872 0.675712 0.633405 0.500887 0.269914 0.146527 -0.153499 -0.248950 -0.462400 -0.654214 -0.828764 -0.897366 -0.967031 0.988190 0.933610 0.905566 0.782446 0.687181 0.656098 0.507619 0.297057 0.152517 -0.131615 -0.243546 -0.452127 -0.664276 -0.825233 -0.900401 -0.960212 
28.272636 277337.656250 88 208 208 0.560935 0.394769 0.377777 0.968731 0.934917 0.892135 0.765214 0.676275 0.595269 0.245789 0.151304 -0.078514 -0.327661 -0.438147 -0.609342 -0.767766 -0.832825 -0.919806 -0.971354 0.984687 0.929796 0.891598 0.813152 0.682513 0.632133 0.399940 0.227883 0.036078 -0.194158 -0.356650 -0.501421 -0.731164 -0.844142 -0.908442 -0.967980 
25.475395 18049.318359 76 80 60 0.295462 0.562495 0.470180 0.968194 0.929490 0.884481 0.743154 0.679737 0.640024 0.438626 0.224750 0.059284 -0.168367 -0.364136 -0.564316 -0.738834 -0.829122 -0.899237 -0.969858 0.971807 0.937651 0.902067 0.783210 0.684033 0.637706 0.309490 0.179560 0.015405 -0.280407 -0.417950 -0.589002 -0.755973 -0.823822 -0.902450 -0.967158 
21.162756 9152.203125 46 60 100 0.324006 0.421083 0.548652 0.979477 0.951951 0.889214 0.759208 0.679191 0.634345 0.402787 0.227588 0.060883 -0.183436 -0.359967 -0.533591 -0.690916 -0.827156 -0.919757 -0.982874 0.969476 0.928691 0.877577 0.741699 0.688635 0.639989 0.452984 0.249168 0.066358 -0.154640 -0.332202 -0.540541 -0.703539 -0.840283 -0.915902 -0.981328 
18.015799 8717.418945 52 60 46 0.522112 0.542369 0.440621 0.979015 0.945949 0.895820 0.750938 0.663977 0.623725 0.380294 0.195881 0.010079 -0.211763 -0.354800 -0.544655 -0.721231 -0.851221 -0.921036 -0.964663 0.979679 0.948970 0.899781 0.794653 0.659244 0.622419 0.355581 0.209556 0.016434 -0.238537 -0.361932 -0.549404 -0.716132 -0.822356 -0.923852 -0.974372 
16.877151 7206.517090 52 64 50 0.346967 0.290689 0.571132 0.983947 0.947022 0.901555 0.775236 0.672205 0.599461 0.350834 0.244808 -0.004208 -0.193433 -0.381523 -0.533370 -0.733305 -0.842737 -0.929981 -0.969023 0.982346 0.951215 0.887429 0.738313 0.664757 0.610220 0.373044 0.217492 0.015017 -0.154193 -0.367966 -0.548540 -0.727614 -0.844126 -0.920070 -0.964201 
18.304527 6694.600586 48 48 50 0.544882 0.763345 0.413018 0.987429 0.967386 0.894771 0.798359 0.677470 0.585111 0.287783 0.191061 -0.056586 -0.216183 -0.388646 -0.541683 -0.714727 -0.849314 -0.930635 -0.976251 0.986754 0.967628 0.903359 0.796773 0.670172 0.602153 0.320285 0.228617 0.004342 -0.238793 -0.398667 -0.538849 -0.732471 -0.854728 -0.932146 -0.972577 
16.077673 6193.157715 48 132 146 0.404560 0.617969 0.382405 0.978820 0.954256 0.898379 0.786394 0.656321 0.563691 0.346139 0.139940 -0.053505 -0.237631 -0.399180 -0.549404 -0.700480 -0.850476 -0.914946 -0.983173 0.985604 0.956212 0.902971 0.810578 0.671853 0.589327 0.321759 0.148945 -0.043860 -0.209957 -0.400322 -0.552669 -0.692429 -0.845603 -0.909478 -0.980334 
14.873772 7339.224609 148 96 104 0.657864 0.422397 0.745926 0.981443 0.950877 0.896713 0.810473 0.668981 0.525781 0.310895 0.122433 -0.093644 -0.221921 -0.391217 -0.532713 -0.709822 -0.822759 -0.928560 -0.973186 0.979554 0.952053 0.885721 0.805589 0.665419 0.526451 0.309525 0.132398 -0.079417 -0.236063 -0.429082 -0.555452 -0.724042 -0.855477 -0.933847 -0.974134 
15.683866 7231.392090 52 56 146 0.606610 0.549501 0.624617 0.984733 0.959602 0.898738 0.779299 0.635235 0.529139 0.294708 0.131216 -0.056392 -0.194406 -0.342774 -0.533322 -0.740417 -0.842549 -0.914049 -0.972592 0.979961 0.956833 0.901906 0.788475 0.653221 0.535712 0.331790 0.147995 -0.081125 -0.204099 -0.367132 -0.512179 -0.709049 -0.817877 -0.913793 -0.968413 
14.840904 7837.859375 92 92 132 0.512289 0.464556 0.516717 0.983244 0.955042 0.891957 0.778288 0.652633 0.532198 0.264715 0.113849 -0.040644 -0.197931 -0.365529 -0.534173 -0.698199 -0.802080 -0.916947 -0.978051 0.982577 0.952996 0.897322 0.784755 0.651293 0.531247 0.279625 0.118894 -0.045218 -0.207867 -0.343196 -0.547877 -0.716542 -0.816891 -0.920537 -0.978080 
15.400177 9223.078125 134 146 72 0.612238 0.471180 0.449691 0.987115 0.959319 0.874861 0.777509 0.646861 0.479798 0.280140 0.090583 -0.027362 -0.181211 -0.336998 -0.535801 -0.710108 -0.799051 -0.900509 -0.977720 0.979776 0.955748 0.892054 0.774634 0.646311 0.491690 0.270544 0.093427 -0.009070 -0.201356 -0.353397 -0.521648 -0.717917 -0.798152 -0.912370 -0.977061 
17.140709 9224.083984 206 56 52 0.448407 0.462689 0.698301 0.979911 0.956552 0.904585 0.794057 0.658713 0.510574 0.295634 0.123741 -0.025459 -0.187310 -0.317441 -0.490001 -0.718204 -0.806885 -0.929462 -0.970919 0.984109 0.959059 0.896963 0.796334 0.662696 0.497381 0.295625 0.108485 -0.045886 -0.177303 -0.315082 -0.546148 -0.719460 -0.813839 -0.913757 -0.975494 
16.914957 7573.640137 56 94 46 0.531919 0.516612 0.419629 0.979120 0.956707 0.904479 0.798296 0.638174 0.504767 0.285421 0.130843 -0.011300 -0.216046 -0.332365 -0.515663 -0.719703 -0.817166 -0.912562 -0.986792 0.978668 0.956809 0.905200 0.792318 0.652173 0.507741 0.273336 0.117381 -0.002518 -0.221197 -0.330412 -0.463414 -0.710523 -0.814489 -0.923639 -0.981176 
16.152369 6894.269531 46 46 50 0.422991 0.496371 0.619395 0.986623 0.961223 0.891023 0.784211 0.669432 0.519320 0.325981 0.159875 -0.004629 -0.163958 -0.324077 -0.515744 -0.708093 -0.821833 -0.931706 -0.973052 0.981022 0.957903 0.894224 0.773051 0.660588 0.506558 0.315695 0.122539 -0.026071 -0.180011 -0.318049 -0.537579 -0.722531 -0.821957 -0.903102 -0.975839 
15.411811 4595.047852 52 54 202 0.524123 0.587595 0.377139 0.985412 0.960832 0.902910 0.804021 0.669731 0.516883 0.311027 0.128600 -0.054797 -0.215366 -0.356688 -0.571626 -0.720319 -0.812879 -0.937592 -0.978808 0.987889 0.968144 0.904362 0.801226 0.656633 0.500913 0.322119 0.168592 -0.060143 -0.192872 -0.347572 -0.558698 -0.706141 -0.832778 -0.940436 -0.974550 
15.458496 3809.124023 200 138 94 0.422120 0.497418 0.431758 0.983671 0.966664 0.904386 0.810149 0.658597 0.526100 0.327408 0.159683 -0.041711 -0.239015 -0.396262 -0.552956 -0.724608 -0.825932 -0.915281 -0.975086 0.986373 0.964540 0.912551 0.838055 0.664205 0.531976 0.310249 0.149551 -0.101654 -0.227843 -0.369083 -0.575593 -0.723298 -0.825534 -0.917250 -0.980450 
11.592897 2542.911621 92 50 94 0.425850 0.380484 0.529205 0.983793 0.965026 0.900207 0.780688 0.684656 0.513996 0.339711 0.104788 -0.079442 -0.249032 -0.388732 -0.577602 -0.704011 -0.847592 -0.928316 -0.972366 0.981531 0.960046 0.891641 0.783549 0.685720 0.495283 0.315600 0.150877 -0.068511 -0.249526 -0.398888 -0.564697 -0.708711 -0.817580 -0.931294 -0.967764 
13.551716 1936.854370 36 62 48 0.623255 0.740332 0.614493 0.986625 0.972436 0.920286 0.810826 0.672944 0.518332 0.361122 0.131957 -0.125109 -0.254248 -0.441429 -0.581003 -0.700730 -0.810924 -0.913572 -0.976542 0.985273 0.969078 0.918080 0.791733 0.665601 0.526893 0.375170 0.105342 -0.093621 -0.260434 -0.418804 -0.563232 -0.707778 -0.847087 -0.924917 -0.976703 
11.960548 1874.343750 48 208 52 0.579406 0.309531 0.437000 0.986263 0.964992 0.911392 0.831593 0.667064 0.514363 0.330007 0.117489 -0.146753 -0.255198 -0.427187 -0.588888 -0.712993 -0.846290 -0.924342 -0.974237 0.986469 0.970687 0.896517 0.829888 0.667802 0.477610 0.352422 0.141431 -0.104283 -0.260632 -0.456950 -0.606656 -0.722423 -0.823432 -0.906868 -0.973845 
11.554970 1998.801025 52 76 148 0.426539 0.554365 0.419853 0.983555 0.959936 0.910373 0.816620 0.652642 0.486737 0.294619 0.089241 -0.051848 -0.245410 -0.424623 -0.607729 -0.736326 -0.849992 -0.924925 -0.972535 0.984746 0.964412 0.921998 0.846270 0.657557 0.528181 0.325839 0.113293 -0.103244 -0.261638 -0.372152 -0.592582 -0.738262 -0.846575 -0.932580 -0.970856 
9.322039 1824.880615 148 44 52 0.391866 0.474220 0.519449 0.982749 0.963717 0.917060 0.780954 0.619683 0.436848 0.323773 0.122598 -0.093162 -0.271471 -0.439800 -0.587475 -0.699636 -0.839480 -0.932323 -0.974068 0.981759 0.960650 0.906385 0.793919 0.654381 0.440347 0.320591 0.086992 -0.065028 -0.256792 -0.449202 -0.596138 -0.688243 -0.847850 -0.923727 -0.974483 
11.947651 8471.080078 84 130 74 0.550850 0.462928 0.367452 0.979915 0.957073 0.888587 0.734127 0.572507 0.387860 0.234307 0.070705 -0.052907 -0.300669 -0.446733 -0.581437 -0.683587 -0.866066 -0.920579 -0.984292 0.980617 0.961204 0.924208 0.799075 0.599060 0.444218 0.309573 0.111940 -0.069806 -0.275901 -0.441307 -0.596221 -0.719274 -0.854447 -0.921115 -0.970262 
29.141949 935075.437500 70 106 74 0.516453 0.503396 0.305258 0.953773 0.894702 0.744236 0.647748 0.462883 0.394753 0.196941 0.046970 -0.176618 -0.347089 -0.463274 -0.593775 -0.705913 -0.887410 -0.919482 -0.974301 0.973535 0.916491 0.761358 0.661103 0.485986 0.375817 0.203415 0.081382 -0.097680 -0.335164 -0.443655 -0.571206 -0.661974 -0.876864 -0.916509 -0.979431 
35.048367 2709549.250000 50 52 74 0.377179 0.495364 0.505431 0.924338 0.880951 0.812210 0.716012 0.544262 0.390007 0.194675 0.017792 -0.155209 -0.299287 -0.487056 -0.584996 -0.787220 -0.879589 -0.913345 -0.969229 0.926690 0.883157 0.778761 0.657871 0.488878 0.383478 0.196082 0.011216 -0.182067 -0.328492 -0.467137 -0.588972 -0.729576 -0.891410 -0.916653 -0.970960 
35.124187 1535589.875000 72 72 24 0.355014 0.643047 0.549860 0.946216 0.915693 0.840752 0.757098 0.601462 0.409595 0.286049 0.107214 -0.079920 -0.234224 -0.472619 -0.589704 -0.765734 -0.872936 -0.901922 -0.965245 0.942712 0.899144 0.826647 0.747046 0.592908 0.408312 0.228188 0.104268 -0.137714 -0.284449 -0.493959 -0.597360 -0.795996 -0.877639 -0.909750 -0.973127 
47.502968 786460.812500 150 52 48 0.591631 0.319564 0.793702 0.986224 0.968610 0.928140 0.900722 0.837475 0.608286 0.440386 0.250230 0.021866 -0.171554 -0.384884 -0.568516 -0.729214 -0.859610 -0.890118 -0.948788 0.964918 0.929249 0.856311 0.793231 0.619210 0.446840 0.313152 0.122391 -0.065316 -0.215462 -0.463246 -0.579023 -0.769530 -0.870987 -0.895478 -0.940693 
61.179543 2577198.750000 46 48 50 0.780013 0.916245 0.992656 0.975281 0.964780 0.935086 0.901928 0.845582 0.684709 0.556118 0.389040 0.051229 -0.050085 -0.356975 -0.568571 -0.662863 -0.804023 -0.873903 -0.960725 0.981036 0.963945 0.935320 0.900070 0.850281 0.678255 0.529016 0.375943 0.051763 -0.080612 -0.395692 -0.573536 -0.692335 -0.828373 -0.880483 -0.957744 
64.192032 1761624.000000 50 50 50 0.991687 0.996267 0.979601 0.974335 0.967827 0.941149 0.899996 0.857092 0.706857 0.588205 0.410695 0.037926 -0.059891 -0.277293 -0.522646 -0.671794 -0.813586 -0.904318 -0.976946 0.974154 0.966474 0.936642 0.900313 0.851299 0.693507 0.585216 0.405774 0.068341 -0.052227 -0.293656 -0.547918 -0.671347 -0.799089 -0.889756 -0.972234 
63.770237 926257.062500 50 50 52 0.988110 0.960181 0.984534 0.976546 0.970255 0.948870 0.924863 0.860966 0.670181 0.544222 0.380538 0.015579 -0.070647 -0.256435 -0.515023 -0.677810 -0.812684 -0.915454 -0.978877 0.975413 0.968882 0.946257 0.909238 0.861125 0.702374 0.563900 0.369336 0.018266 -0.066558 -0.276725 -0.516884 -0.675707 -0.814835 -0.914372 -0.978440 
59.983284 428574.562500 52 54 56 0.987924 0.950209 0.948251 0.979678 0.972896 0.948345 0.932895 0.843263 0.620692 0.434085 0.347273 0.071001 -0.086182 -0.173000 -0.484044 -0.656101 -0.811311 -0.910800 -0.977166 0.977929 0.971737 0.949020 0.930745 0.848539 0.613830 0.480719 0.364933 0.061665 -0.095233 -0.213598 -0.496720 -0.669184 -0.814161 -0.913767 -0.978568 
53.500309 108382.171875 56 58 60 0.929457 0.899620 0.724296 0.983558 0.974082 0.951711 0.919443 0.847361 0.691990 0.496764 0.326483 0.049702 -0.122397 -0.274446 -0.470626 -0.638713 -0.809756 -0.911412 -0.974719 0.980614 0.972884 0.947631 0.931485 0.852740 0.672162 0.410366 0.303705 0.049444 -0.105265 -0.262075 -0.494963 -0.661796 -0.813759 -0.915101 -0.977834 
44.620041 31466.871094 62 58 68 0.704184 0.458535 0.781204 0.989392 0.976650 0.951484 0.923853 0.841802 0.675726 0.544508 0.294202 0.029572 -0.185535 -0.340513 -0.541797 -0.686550 -0.801430 -0.919197 -0.975771 0.985631 0.973903 0.950046 0.909928 0.838271 0.678277 0.552006 0.340719 0.023580 -0.137841 -0.312303 -0.500352 -0.662430 -0.795999 -0.909678 -0.971829 
42.107067 29155.451172 68 70 72 0.799718 0.632782 0.708929 0.988590 0.977919 0.950820 0.906578 0.858050 0.721553 0.457733 0.266441 0.030429 -0.203263 -0.313080 -0.520548 -0.699397 -0.831537 -0.909874 -0.965991 0.989861 0.976945 0.947825 0.903617 0.844228 0.703057 0.498000 0.282503 0.010780 -0.199053 -0.334246 -0.530428 -0.715498 -0.830033 -0.911710 -0.969078 
50.968979 227504.203125 74 76 74 0.852442 0.929776 0.936375 0.986404 0.978635 0.948759 0.897342 0.864845 0.809047 0.316580 0.227669 -0.056161 -0.297103 -0.348731 -0.471685 -0.552672 -0.743226 -0.897312 -0.972476 0.986764 0.977237 0.950708 0.916487 0.880066 0.741233 0.401848 0.239299 0.031600 -0.263092 -0.357358 -0.470847 -0.659814 -0.806336 -0.904805 -0.976909 
56.112602 1473734.625000 74 74 74 0.923223 0.917418 0.945519 0.985313 0.978025 0.947977 0.866429 0.803321 0.724880 0.301366 0.229305 0.011572 -0.257329 -0.344708 -0.430882 -0.560239 -0.625065 -0.827837 -0.970172 0.985745 0.978878 0.944466 0.880742 0.846218 0.787251 0.294596 0.223902 -0.010276 -0.265974 -0.335071 -0.461053 -0.569421 -0.670311 -0.872169 -0.969815 
55.445995 1911918.500000 74 76 74 0.948512 0.962222 0.932133 0.986350 0.978503 0.952878 0.875214 0.663437 0.536619 0.289764 0.233267 0.029030 -0.220955 -0.313919 -0.420677 -0.558989 -0.595679 -0.751154 -0.961626 0.985601 0.978050 0.949968 0.865817 0.743327 0.635603 0.310289 0.244628 0.012344 -0.241247 -0.334432 -0.450221 -0.561341 -0.610704 -0.822379 -0.967632 
46.373535 477535.125000 74 76 74 0.944311 0.658240 0.465660 0.987758 0.973433 0.934067 0.803604 0.558166 0.448813 0.315984 0.170630 -0.031413 -0.191863 -0.345387 -0.496064 -0.605077 -0.751011 -0.865410 -0.946741 0.988334 0.978223 0.956311 0.860133 0.568151 0.486709 0.321951 0.214782 0.030157 -0.186810 -0.300516 -0.466410 -0.570130 -0.660518 -0.845804 -0.952316 
32.764801 38068.851562 76 74 74 0.327758 0.501217 0.557587 0.980366 0.969343 0.936536 0.820272 0.707885 0.567367 0.386251 0.268482 0.035547 -0.228613 -0.355198 -0.464589 -0.605271 -0.717916 -0.911462 -0.968409 0.981662 0.970100 0.920080 0.833276 0.720356 0.518235 0.377716 0.197325 0.007308 -0.171281 -0.344987 -0.484339 -0.615125 -0.739101 -0.898436 -0.962138 
31.229973 21583.001953 148 144 142 0.753355 0.473724 0.498104 0.984379 0.972762 0.934409 0.850416 0.677021 0.540824 0.365650 0.214481 -0.035872 -0.210298 -0.369612 -0.510629 -0.661930 -0.796149 -0.907245 -0.964009 0.986846 0.973545 0.943693 0.842189 0.675500 0.565011 0.392858 0.284317 0.055427 -0.221447 -0.355978 -0.467471 -0.629405 -0.767246 -0.904036 -0.966196 
41.903572 7386725.500000 44 108 112 0.475550 0.466798 0.627943 0.979136 0.960077 0.846307 0.499699 0.355133 0.186956 -0.013527 -0.139862 -0.301841 -0.409801 -0.551943 -0.641542 -0.782577 -0.871598 -0.944042 -0.991248 0.980727 0.960921 0.879138 0.687426 0.424161 0.274662 0.076908 -0.031229 -0.165487 -0.298037 -0.416747 -0.577831 -0.672261 -0.787943 -0.943845 -0.986903 
50.492508 16753286.000000 34 76 78 0.575651 0.565749 0.503396 0.973404 0.932511 0.653536 0.380539 0.326912 0.100182 -0.016035 -0.176005 -0.357821 -0.481541 -0.577929 -0.694436 -0.793042 -0.887838 -0.943404 -0.976286 0.977359 0.942393 0.740325 0.422401 0.326765 0.124405 -0.001945 -0.200276 -0.332734 -0.472439 -0.562912 -0.670456 -0.794290 -0.895693 -0.946915 -0.992253 
50.938240 19242040.000000 80 76 112 0.523948 0.592012 0.510333 0.968954 0.881757 0.522184 0.384399 0.314679 0.163183 0.057459 -0.080277 -0.292118 -0.420093 -0.534865 -0.654858 -0.782380 -0.893201 -0.938366 -0.973279 0.970799 0.910745 0.540975 0.375160 0.312195 0.137950 0.019295 -0.120687 -0.339540 -0.458449 -0.557129 -0.675089 -0.788802 -0.886216 -0.944555 -0.981238 
49.533329 15770453.000000 112 98 68 0.483960 0.425939 0.462998 0.973530 0.923913 0.540202 0.435835 0.337361 0.195321 0.062137 -0.006457 -0.256453 -0.376078 -0.513025 -0.634754 -0.739427 -0.869382 -0.927320 -0.976252 0.972837 0.900621 0.533475 0.414573 0.322178 0.174725 0.058239 -0.054609 -0.276840 -0.378897 -0.530405 -0.633077 -0.763082 -0.895940 -0.935166 -0.978066 
46.167301 6995931.000000 62 58 150 0.334818 0.567788 0.556420 0.973754 0.921790 0.556918 0.455721 0.329354 0.206729 0.094258 -0.003962 -0.249103 -0.389574 -0.503755 -0.627133 -0.757222 -0.878104 -0.925257 -0.981113 0.973771 0.922767 0.522256 0.440223 0.330199 0.209142 0.076740 -0.013339 -0.247359 -0.401490 -0.511540 -0.643972 -0.741472 -0.871391 -0.926913 -0.982385 
39.990078 2821482.000000 78 50 52 0.548036 0.410140 0.857654 0.987898 0.979016 0.930826 0.515126 0.362595 0.245547 0.146560 0.028782 -0.153556 -0.364118 -0.495688 -0.630141 -0.716368 -0.863699 -0.925942 -0.983896 0.979126 0.936205 0.641388 0.474001 0.335917 0.207692 0.090724 -0.001503 -0.229444 -0.393085 -0.510348 -0.636444 -0.761938 -0.884263 -0.925825 -0.983240 
49.784168 4924758.500000 50 56 58 0.694574 0.960252 0.973546 0.990690 0.977215 0.969362 0.812766 0.347273 0.266650 0.165487 0.130864 -0.118361 -0.317710 -0.401072 -0.516086 -0.707213 -0.808364 -0.926574 -0.964361 0.991742 0.978223 0.966266 0.765732 0.343119 0.248321 0.163043 0.107842 -0.149791 -0.320192 -0.437664 -0.580918 -0.680385 -0.801870 -0.924046 -0.976060 
48.162163 987092.687500 58 60 64 0.978754 0.977580 0.941515 0.987929 0.978123 0.968891 0.899662 0.365076 0.304799 0.185986 0.130421 -0.059347 -0.317112 -0.423843 -0.561487 -0.716257 -0.816755 -0.931023 -0.978644 0.989244 0.977070 0.969625 0.868267 0.347454 0.292602 0.188358 0.142876 -0.078903 -0.291866 -0.400026 -0.501333 -0.709542 -0.824510 -0.928789 -0.966544 
46.452454 300545.968750 64 38 40 0.922380 0.915358 0.642154 0.989382 0.984537 0.975049 0.911150 0.418958 0.346942 0.162438 0.114669 -0.058240 -0.320033 -0.441497 -0.600286 -0.701060 -0.828518 -0.930549 -0.967890 0.987083 0.980966 0.969608 0.898511 0.391037 0.305010 0.190903 0.131037 -0.079619 -0.327611 -0.422249 -0.583854 -0.700054 -0.812464 -0.929678 -0.971245 
36.863396 98441.375000 42 38 100 0.848722 0.875230 0.688078 0.985756 0.980037 0.955462 0.803698 0.426338 0.304664 0.203111 0.138259 -0.018122 -0.300562 -0.439300 -0.594442 -0.688700 -0.839956 -0.942157 -0.963082 0.988858 0.984230 0.969627 0.870107 0.415466 0.314757 0.179104 0.119882 -0.060538 -0.327157 -0.435691 -0.590597 -0.690640 -0.814508 -0.937126 -0.965171 
32.370079 150351.625000 34 42 36 0.705049 0.395911 0.683667 0.983860 0.976724 0.939777 0.773559 0.536067 0.318182 0.226479 0.066774 -0.090971 -0.371477 -0.475043 -0.602692 -0.651424 -0.848783 -0.933330 -0.987190 0.984579 0.977756 0.951707 0.793299 0.525978 0.325942 0.258631 0.137074 0.022762 -0.320252 -0.454575 -0.606110 -0.691022 -0.877963 -0.936336 -0.975972 
24.535706 30224.742188 62 56 108 0.641934 0.723338 0.565954 0.986611 0.972724 0.899250 0.770014 0.511653 0.302141 0.228758 0.057028 -0.107587 -0.347843 -0.440783 -0.569252 -0.614214 -0.772178 -0.912814 -0.967009 0.984598 0.977410 0.928225 0.747980 0.435216 0.285718 0.175779 0.033176 -0.144093 -0.370623 -0.453115 -0.583392 -0.616357 -0.772882 -0.918537 -0.968431 
17.138401 9877.295898 58 50 56 0.461437 0.451254 0.635930 0.986046 0.972093 0.910825 0.776472 0.599737 0.383179 0.250544 0.126842 -0.056732 -0.315414 -0.383145 -0.547038 -0.720238 -0.834827 -0.929869 -0.968068 0.985054 0.968518 0.891402 0.796026 0.572263 0.325961 0.254503 0.118369 -0.080385 -0.328059 -0.426410 -0.551991 -0.693170 -0.835399 -0.918458 -0.973463 
16.367805 7509.452148 50 46 146 0.501093 0.374252 0.446951 0.985681 0.967793 0.914713 0.799458 0.597763 0.427265 0.234738 0.118885 -0.068957 -0.290188 -0.377325 -0.536993 -0.734742 -0.852893 -0.913300 -0.976297 0.986518 0.972963 0.922479 0.773406 0.593368 0.433732 0.235635 0.123121 -0.051073 -0.307007 -0.396786 -0.580761 -0.710567 -0.851286 -0.915465 -0.975791 
52.606186 228496.750000 38 42 34 0.396427 0.818540 0.638729 0.980910 0.972551 0.952246 0.917169 0.902863 0.764607 0.282581 0.085920 0.039177 -0.073408 -0.349515 -0.635526 -0.724203 -0.752536 -0.870053 -0.974209 0.984037 0.973183 0.939345 0.914979 0.859439 0.618211 0.352061 0.124437 0.024679 -0.210388 -0.360862 -0.541812 -0.707245 -0.807666 -0.905755 -0.979666 
58.050644 364738.812500 30 66 66 0.552324 0.986337 0.990413 0.984015 0.977824 0.948629 0.926271 0.901674 0.767807 0.327668 0.095172 0.014425 -0.084527 -0.308200 -0.612806 -0.729485 -0.766377 -0.887083 -0.972629 0.983476 0.977745 0.949934 0.922483 0.901387 0.779617 0.226897 0.078912 0.034915 -0.074065 -0.373370 -0.656094 -0.726218 -0.760193 -0.847350 -0.970247 
58.376026 713557.187500 66 68 70 0.989880 0.970711 0.991574 0.984094 0.974367 0.948959 0.928769 0.897613 0.717789 0.146801 0.055086 0.003852 -0.105776 -0.203006 -0.530646 -0.724521 -0.759090 -0.848310 -0.968827 0.983972 0.976642 0.947060 0.926429 0.899723 0.764983 0.285083 0.074334 0.015121 -0.111280 -0.209074 -0.517001 -0.733301 -0.768666 -0.885379 -0.974384 
58.701225 1380981.750000 70 70 72 0.994294 0.984258 0.969371 0.983481 0.972693 0.950653 0.929021 0.885912 0.618126 0.154659 0.027444 -0.025940 -0.125502 -0.217791 -0.612611 -0.724010 -0.761578 -0.818460 -0.951238 0.983781 0.973304 0.948556 0.928575 0.889753 0.653745 0.171859 0.053609 -0.014110 -0.114208 -0.217065 -0.588182 -0.725899 -0.763889 -0.826266 -0.961284 
59.874245 1486114.250000 72 72 74 0.966548 0.991813 0.969658 0.983013 0.972010 0.952557 0.930066 0.892523 0.630527 0.131101 0.057151 -0.042762 -0.096095 -0.243409 -0.624461 -0.717027 -0.770923 -0.825933 -0.958449 0.983347 0.972165 0.953161 0.929913 0.891664 0.636156 0.129145 0.053688 -0.047420 -0.128675 -0.237930 -0.636570 -0.727244 -0.771702 -0.808686 -0.941100 
60.165257 2025453.750000 74 74 74 0.971887 0.993206 0.949689 0.982714 0.972747 0.952219 0.927716 0.878024 0.608911 0.120583 0.053807 -0.030079 -0.110308 -0.216087 -0.624061 -0.712675 -0.751481 -0.807619 -0.962780 0.983319 0.972325 0.953419 0.929045 0.895507 0.605584 0.087791 0.045289 -0.042660 -0.110744 -0.236393 -0.610639 -0.706203 -0.751065 -0.806083 -0.947703 
60.444801 900480.562500 76 76 78 0.964426 0.981985 0.967044 0.983005 0.973115 0.959907 0.929725 0.892727 0.655375 0.140183 0.086741 -0.018221 -0.075171 -0.293994 -0.637604 -0.704580 -0.733649 -0.821300 -0.970211 0.982941 0.972957 0.956715 0.927499 0.889089 0.627745 0.131405 0.057944 -0.026448 -0.091282 -0.245658 -0.638825 -0.704408 -0.741201 -0.797850 -0.962729 
58.498344 571738.500000 78 80 82 0.952512 0.949009 0.928210 0.983319 0.975656 0.959564 0.929610 0.898189 0.612640 0.126880 0.070339 -0.036498 -0.087582 -0.313967 -0.623584 -0.678015 -0.734277 -0.823449 -0.969030 0.981652 0.973446 0.956915 0.926531 0.883877 0.599759 0.154883 0.069682 -0.022007 -0.080034 -0.246571 -0.608293 -0.690276 -0.725460 -0.831201 -0.970148 
55.614609 190546.343750 84 86 86 0.970729 0.969933 0.942537 0.983576 0.977796 0.959903 0.936604 0.896895 0.577220 0.169164 0.098686 0.006779 -0.065256 -0.228180 -0.594684 -0.681872 -0.755241 -0.884888 -0.976819 0.982967 0.977061 0.958349 0.933280 0.894993 0.555070 0.143574 0.096272 -0.008460 -0.065254 -0.295185 -0.621430 -0.685719 -0.730796 -0.849386 -0.973605 
48.621490 67420.476562 88 88 90 0.947830 0.539938 0.889494 0.987449 0.976751 0.951895 0.931561 0.852825 0.640202 0.295627 0.117483 0.014731 -0.077793 -0.247454 -0.545804 -0.687915 -0.788355 -0.904173 -0.975670 0.985911 0.978759 0.959949 0.938497 0.890703 0.620281 0.174529 0.109282 0.000904 -0.078488 -0.239113 -0.561351 -0.678780 -0.771483 -0.896322 -0.977350 
43.762901 24615.894531 90 92 90 0.932591 0.876711 0.575961 0.986291 0.973941 0.953241 0.934368 0.882172 0.653304 0.322905 0.118801 0.017173 -0.117561 -0.343042 -0.522302 -0.709596 -0.830540 -0.922610 -0.965810 0.988305 0.976408 0.952278 0.937442 0.882264 0.638227 0.273339 0.110614 0.024412 -0.102945 -0.296460 -0.538994 -0.695150 -0.798963 -0.908474 -0.972036 
46.986004 62616.953125 116 86 84 0.684745 0.935373 0.859408 0.984674 0.975359 0.951326 0.916539 0.893825 0.723881 0.431862 0.234334 0.040235 -0.127726 -0.343987 -0.525147 -0.689135 -0.820418 -0.918350 -0.977115 0.987225 0.976040 0.950651 0.925261 0.901075 0.700899 0.358910 0.132460 0.012428 -0.129905 -0.367634 -0.535602 -0.709601 -0.835701 -0.919783 -0.968446 
55.496788 220932.875000 84 84 84 0.841532 0.970414 0.921128 0.982024 0.975987 0.952509 0.897869 0.871322 0.829622 0.382904 0.266319 0.063587 -0.180469 -0.251885 -0.498140 -0.657486 -0.814777 -0.914711 -0.979423 0.982885 0.975641 0.954716 0.912928 0.890301 0.828426 0.417194 0.267092 0.035063 -0.139298 -0.323300 -0.517194 -0.680513 -0.820638 -0.918282 -0.979564 
57.050789 841392.250000 86 86 86 0.902662 0.940125 0.937528 0.982300 0.976698 0.955430 0.864936 0.790397 0.727264 0.346263 0.290800 0.045119 -0.211353 -0.253068 -0.382322 -0.540271 -0.729416 -0.897799 -0.973752 0.982107 0.976360 0.954479 0.877640 0.852962 0.769116 0.370705 0.280739 0.056430 -0.213629 -0.253842 -0.400927 -0.618227 -0.793256 -0.911104 -0.977540 
55.983410 1165635.000000 86 88 88 0.949161 0.938457 0.890070 0.983557 0.978248 0.958292 0.866457 0.646944 0.529415 0.366421 0.290397 0.126467 -0.187469 -0.262754 -0.342341 -0.529085 -0.649137 -0.868430 -0.972564 0.982658 0.976897 0.959828 0.864225 0.742113 0.627941 0.350507 0.295209 0.137885 -0.191717 -0.244476 -0.366925 -0.539256 -0.707245 -0.898718 -0.974034 
54.147873 1654422.875000 88 90 88 0.907127 0.957220 0.944986 0.985757 0.979375 0.963031 0.839897 0.500115 0.413789 0.348971 0.282822 0.130279 -0.159752 -0.284870 -0.408004 -0.545163 -0.657197 -0.802803 -0.965833 0.985038 0.979271 0.963815 0.862129 0.579376 0.493150 0.361204 0.292305 0.080281 -0.188847 -0.273603 -0.362008 -0.556010 -0.629237 -0.845866 -0.969367 
52.237930 2504133.500000 90 90 90 0.951105 0.943942 0.923823 0.987282 0.979716 0.962182 0.822133 0.437767 0.390183 0.291580 0.211635 0.048998 -0.156807 -0.361072 -0.448940 -0.574731 -0.642266 -0.747635 -0.978667 0.986314 0.979601 0.960695 0.808793 0.445625 0.400742 0.300937 0.249599 0.048592 -0.147115 -0.343591 -0.429962 -0.557583 -0.647168 -0.760793 -0.963577 
51.393494 1644194.000000 88 88 88 0.969522 0.942689 0.959049 0.988938 0.981482 0.965441 0.836443 0.447282 0.380791 0.294267 0.193258 0.075628 -0.149412 -0.420674 -0.462257 -0.544332 -0.667125 -0.873891 -0.986572 0.988065 0.980924 0.963296 0.847342 0.410794 0.360481 0.264651 0.183135 0.031632 -0.140811 -0.378060 -0.452873 -0.534950 -0.598831 -0.851221 -0.986556 
46.606071 1217322.125000 88 86 86 0.943066 0.855887 0.760875 0.992696 0.979341 0.969010 0.763416 0.481089 0.391273 0.268899 0.139438 -0.141566 -0.342957 -0.490888 -0.586481 -0.774242 -0.856203 -0.934215 -0.955546 0.989788 0.981480 0.968795 0.826007 0.468374 0.400838 0.291761 0.186442 0.021325 -0.179283 -0.434176 -0.478276 -0.594519 -0.790372 -0.879636 -0.964396 
42.756073 4607556.000000 84 86 92 0.601962 0.641389 0.672720 0.989563 0.981296 0.843598 0.518568 0.452715 0.251968 0.115578 -0.126045 -0.371118 -0.483920 -0.604595 -0.690513 -0.811234 -0.905748 -0.930112 -0.986369 0.989906 0.977316 0.938868 0.566307 0.454753 0.346814 0.174371 -0.016828 -0.293278 -0.461574 -0.584613 -0.678320 -0.792502 -0.889750 -0.926802 -0.966927 
45.397491 2319266.000000 48 46 86 0.664777 0.751394 0.817328 0.987973 0.977511 0.826547 0.553584 0.428404 0.312850 0.096357 -0.180138 -0.384291 -0.507004 -0.636671 -0.741232 -0.871712 -0.915416 -0.961445 -0.993190 0.988976 0.978969 0.840584 0.537225 0.436732 0.280272 0.097762 -0.186155 -0.389039 -0.503833 -0.630172 -0.719373 -0.876950 -0.918470 -0.953582 -0.995978 
42.288048 1109580.375000 86 94 88 0.737089 0.580428 0.383205 0.986053 0.963818 0.824708 0.575377 0.411499 0.337952 0.132142 -0.244659 -0.424435 -0.513702 -0.624292 -0.728314 -0.878300 -0.926838 -0.974393 -0.993837 0.986645 0.970780 0.795027 0.542589 0.430192 0.337467 0.088746 -0.216398 -0.394415 -0.511808 -0.620978 -0.732272 -0.860495 -0.911913 -0.959762 -0.990721 
46.720398 1738418.000000 62 132 86 0.442980 0.611288 0.476228 0.979423 0.955031 0.818196 0.600523 0.407502 0.308823 -0.071689 -0.345577 -0.457315 -0.518802 -0.644588 -0.756604 -0.869161 -0.923725 -0.971103 -0.992784 0.976669 0.951639 0.818742 0.600612 0.417301 0.344454 0.112288 -0.278143 -0.431510 -0.539183 -0.643037 -0.740684 -0.877323 -0.931091 -0.982549 -0.993395 
38.025833 238846.609375 84 132 132 0.443787 0.381738 0.537821 0.984916 0.965704 0.889774 0.716470 0.450083 0.304784 -0.011959 -0.256162 -0.361928 -0.464444 -0.543666 -0.701599 -0.815977 -0.900161 -0.962436 -0.992790 0.984180 0.965270 0.866559 0.630970 0.411421 0.256799 -0.161692 -0.324386 -0.426503 -0.493695 -0.576876 -0.726684 -0.835113 -0.910163 -0.951071 -0.987915 
25.139736 52016.605469 128 106 94 0.447989 0.351352 0.702018 0.980228 0.962015 0.915561 0.786567 0.541347 0.397306 0.231123 0.011972 -0.334735 -0.466012 -0.595068 -0.725803 -0.833595 -0.917088 -0.964548 -0.993034 0.980742 0.959955 0.906863 0.767237 0.480244 0.338294 0.157048 -0.142191 -0.337989 -0.439307 -0.621815 -0.740244 -0.810073 -0.924177 -0.969640 -0.992287 
24.064024 49956.468750 94 86 34 0.618053 0.642772 0.497337 0.979839 0.960666 0.908532 0.775708 0.576027 0.405672 0.236011 0.008009 -0.344327 -0.465884 -0.566413 -0.728601 -0.840173 -0.915349 -0.974871 -0.991639 0.978204 0.965756 0.913625 0.790497 0.576672 0.427259 0.251511 -0.040413 -0.332376 -0.466367 -0.563701 -0.704025 -0.855247 -0.912954 -0.973708 -0.992024 
21.658419 28424.951172 178 118 86 0.475081 0.661928 0.476266 0.980471 0.961393 0.926102 0.813854 0.598402 0.456922 0.249131 0.033525 -0.223585 -0.387550 -0.543471 -0.683275 -0.812480 -0.903321 -0.962333 -0.992554 0.977744 0.966334 0.917499 0.808023 0.592916 0.393454 0.252808 0.051489 -0.321756 -0.426537 -0.553947 -0.725928 -0.824055 -0.911200 -0.977278 -0.993685 
32.002823 735576.125000 88 94 84 0.407413 0.429015 0.527063 0.980009 0.957498 0.755493 0.605735 0.507703 0.391919 0.227472 0.045322 -0.150617 -0.341805 -0.453651 -0.631628 -0.696419 -0.851488 -0.940856 -0.983521 0.978420 0.955630 0.706592 0.607143 0.502699 0.397336 0.163333 0.022525 -0.193825 -0.344100 -0.471145 -0.633259 -0.703841 -0.834028 -0.938832 -0.981247 
33.803467 797502.687500 86 46 50 0.581893 0.546499 0.578415 0.967655 0.941136 0.862272 0.523855 0.393133 0.346174 0.209626 0.090005 -0.076167 -0.292810 -0.437803 -0.478076 -0.649356 -0.835355 -0.938262 -0.987530 0.973092 0.953408 0.824835 0.546954 0.423817 0.375233 0.254792 0.073943 -0.060121 -0.351700 -0.431727 -0.507860 -0.707141 -0.847832 -0.940878 -0.984503 
34.008453 496447.375000 198 98 102 0.458235 0.460737 0.474660 0.978723 0.928685 0.886637 0.614883 0.396937 0.350809 0.184996 0.110004 -0.042021 -0.265374 -0.402917 -0.495918 -0.591442 -0.791926 -0.904303 -0.978014 0.962702 0.921732 0.893137 0.583725 0.387182 0.332166 0.179592 0.100069 -0.065746 -0.259866 -0.435329 -0.507690 -0.604604 -0.799539 -0.933455 -0.985847 
46.854156 769368.312500 74 66 68 0.409729 0.729840 0.970532 0.987164 0.971809 0.949321 0.925018 0.667755 0.370721 0.317669 0.148388 0.055322 -0.128837 -0.318147 -0.425242 -0.507678 -0.735580 -0.862710 -0.973323 0.992097 0.971819 0.942700 0.871357 0.434047 0.357182 0.275282 0.129562 0.015381 -0.207243 -0.375125 -0.448886 -0.545497 -0.771330 -0.894393 -0.972737 
54.181664 10885151.000000 68 72 80 0.967612 0.568690 0.857310 0.980642 0.969024 0.948507 0.866757 0.446493 0.367723 0.265592 0.138583 0.019748 -0.158081 -0.383039 -0.447552 -0.551437 -0.715216 -0.812480 -0.963606 0.984037 0.969021 0.944269 0.905926 0.488022 0.376990 0.307520 0.147175 0.059069 -0.119621 -0.332581 -0.454491 -0.544689 -0.723542 -0.805160 -0.945337 
54.088493 6905928.500000 82 84 86 0.804028 0.953560 0.950961 0.980935 0.973212 0.948587 0.846610 0.432913 0.362027 0.255894 0.166071 0.040444 -0.144246 -0.377770 -0.475766 -0.556591 -0.693025 -0.807953 -0.959615 0.980252 0.972396 0.943530 0.828521 0.425880 0.365003 0.278143 0.147524 0.032785 -0.171269 -0.380372 -0.456338 -0.580351 -0.719497 -0.801190 -0.961256 
53.632721 2516434.250000 88 88 90 0.954964 0.957972 0.939194 0.982558 0.976692 0.958760 0.864286 0.425658 0.351693 0.279744 0.185593 0.058417 -0.140694 -0.352670 -0.437795 -0.519348 -0.633971 -0.781826 -0.971996 0.981169 0.975073 0.953544 0.860333 0.417502 0.361536 0.289013 0.161198 0.032487 -0.170011 -0.352287 -0.443381 -0.539391 -0.666117 -0.781944 -0.960601 
52.931595 1273630.000000 90 92 92 0.939035 0.936441 0.979671 0.983502 0.978209 0.959791 0.889323 0.445102 0.339766 0.283622 0.199893 0.078758 -0.091342 -0.332659 -0.430378 -0.487944 -0.584528 -0.812707 -0.968186 0.982801 0.977188 0.957520 0.880664 0.438915 0.352155 0.275364 0.198148 0.064623 -0.073728 -0.345351 -0.433280 -0.510908 -0.618553 -0.783208 -0.965437 
51.840626 611170.062500 92 92 92 0.980888 0.987458 0.969840 0.986572 0.980031 0.967830 0.916928 0.439783 0.324879 0.270829 0.170348 0.111290 -0.082707 -0.322544 -0.441647 -0.473716 -0.601428 -0.878997 -0.976449 0.984957 0.979055 0.964364 0.907600 0.426013 0.323523 0.269219 0.178721 0.092365 -0.068569 -0.324267 -0.415280 -0.479483 -0.587995 -0.855428 -0.979171 
52.139324 548667.125000 92 92 92 0.955606 0.944827 0.968387 0.987075 0.980512 0.970770 0.924330 0.443340 0.320475 0.269529 0.169795 0.089512 -0.072571 -0.314652 -0.445450 -0.476791 -0.658864 -0.889445 -0.975779 0.986875 0.979968 0.969634 0.918646 0.449093 0.324254 0.254345 0.164391 0.083502 -0.079302 -0.327200 -0.441214 -0.477944 -0.636943 -0.890196 -0.976181 
53.498150 1158554.250000 92 92 92 0.961176 0.986869 0.992842 0.986691 0.979596 0.968842 0.911172 0.416285 0.326842 0.265971 0.165651 0.069027 -0.075874 -0.323752 -0.432441 -0.484802 -0.603100 -0.893239 -0.979698 0.987190 0.979834 0.970055 0.917226 0.414569 0.339765 0.257657 0.161998 0.077527 -0.128605 -0.317290 -0.431297 -0.473381 -0.620663 -0.902192 -0.982275 
53.950027 696262.437500 92 92 90 0.992834 0.969368 0.925136 0.987335 0.979886 0.970758 0.926546 0.456152 0.344004 0.283893 0.184060 0.092146 -0.081247 -0.308570 -0.446044 -0.472215 -0.618602 -0.894249 -0.981011 0.986907 0.979635 0.970681 0.918259 0.417611 0.323470 0.270002 0.156569 0.074940 -0.056252 -0.312318 -0.420531 -0.475348 -0.603369 -0.886427 -0.982348 
47.558056 50412.664062 90 98 92 0.907620 0.758325 0.687862 0.990797 0.982901 0.964009 0.907686 0.528971 0.389925 0.328004 0.213538 0.106324 -0.072680 -0.372863 -0.461894 -0.594608 -0.815375 -0.914575 -0.972119 0.989098 0.981175 0.972136 0.937214 0.468927 0.386398 0.298757 0.179322 0.105119 -0.041723 -0.328758 -0.452825 -0.481304 -0.708119 -0.903100 -0.976931 
35.738987 23785.173828 94 94 90 0.689437 0.638568 0.807892 0.993646 0.984304 0.961498 0.919771 0.520624 0.356142 0.304403 0.214494 0.091646 -0.049193 -0.326341 -0.491554 -0.627148 -0.813595 -0.920963 -0.976964 0.994345 0.985970 0.955340 0.904964 0.550141 0.352211 0.300551 0.211582 0.102416 -0.071926 -0.380295 -0.497997 -0.613332 -0.818531 -0.918117 -0.973363 
33.741116 16819.167969 88 90 86 0.855179 0.768834 0.712730 0.993015 0.982102 0.961042 0.846383 0.520194 0.368346 0.322551 0.219291 0.114916 -0.034723 -0.354016 -0.491115 -0.680784 -0.798097 -0.913488 -0.976931 0.993493 0.985595 0.963944 0.895937 0.547574 0.369896 0.308819 0.234800 0.117980 0.001429 -0.295270 -0.482269 -0.669376 -0.804424 -0.912482 -0.971956 
25.248041 8525.283203 86 148 150 0.747154 0.673733 0.662526 0.991042 0.977660 0.943615 0.825917 0.609605 0.375470 0.313448 0.237115 0.090038 -0.180244 -0.364767 -0.563153 -0.708179 -0.841354 -0.912773 -0.970297 0.989685 0.978303 0.953643 0.825438 0.570167 0.386052 0.340266 0.206415 0.106582 -0.143745 -0.384165 -0.507647 -0.687316 -0.810590 -0.906477 -0.976857 
22.631474 6189.197754 146 146 148 0.567645 0.778714 0.718169 0.989972 0.978415 0.942267 0.833011 0.641343 0.391196 0.312828 0.252052 0.038362 -0.225748 -0.334612 -0.570996 -0.732017 -0.847915 -0.918252 -0.986131 0.991104 0.979979 0.941080 0.836557 0.627100 0.383390 0.316673 0.249749 0.073445 -0.205278 -0.348038 -0.601928 -0.723006 -0.841367 -0.909478 -0.985175 
27.466549 670875.687500 62 48 54 0.711504 0.652177 0.333119 0.975424 0.934365 0.873916 0.705961 0.534107 0.419245 0.257436 0.054034 -0.050165 -0.239108 -0.463656 -0.557728 -0.711038 -0.847332 -0.907350 -0.931584 0.988886 0.969450 0.927258 0.824072 0.596271 0.416174 0.295628 0.160192 -0.032658 -0.226021 -0.424591 -0.564408 -0.710140 -0.844319 -0.913447 -0.967277 
42.244606 807779.250000 200 64 68 0.510182 0.663711 0.963185 0.986832 0.979165 0.953529 0.850402 0.564275 0.495359 0.211239 0.121103 0.023318 -0.259062 -0.451295 -0.493142 -0.664178 -0.878934 -0.898816 -0.969705 0.987261 0.960193 0.902853 0.780492 0.550773 0.455924 0.242123 0.085005 -0.046231 -0.289919 -0.449064 -0.532821 -0.741138 -0.884192 -0.906628 -0.951581 
49.758408 1357890.000000 68 68 70 0.945665 0.964158 0.943658 0.989174 0.979069 0.957731 0.895348 0.578582 0.518396 0.302608 0.071369 0.025657 -0.262698 -0.468710 -0.527753 -0.634748 -0.865438 -0.913170 -0.989159 0.987144 0.978356 0.955917 0.858738 0.564078 0.512956 0.254849 0.093333 0.037870 -0.259194 -0.462779 -0.505464 -0.628236 -0.853062 -0.900366 -0.982811 
42.596443 2183983.250000 70 74 76 0.950470 0.845962 0.636036 0.991229 0.970116 0.944276 0.693408 0.504428 0.427901 0.087194 0.016931 -0.159725 -0.461932 -0.527617 -0.654826 -0.848229 -0.910906 -0.943064 -0.968798 0.991948 0.978692 0.955927 0.898550 0.561680 0.494720 0.231873 0.050786 -0.009604 -0.322209 -0.501516 -0.568054 -0.745535 -0.897978 -0.931048 -0.984319 
41.830410 2799297.000000 152 148 148 0.669110 0.738571 0.714780 0.981474 0.960536 0.884615 0.558765 0.466855 0.260184 0.071947 -0.071007 -0.283873 -0.507476 -0.590148 -0.726171 -0.859116 -0.925521 -0.950613 -0.992509 0.982171 0.964485 0.907994 0.574003 0.481906 0.321372 0.065078 -0.002767 -0.252428 -0.491208 -0.560979 -0.722014 -0.848251 -0.918116 -0.940202 -0.989615 
43.152878 1496892.625000 74 80 74 0.463174 0.544039 0.665038 0.984623 0.944450 0.799767 0.571952 0.478046 0.293885 0.044188 -0.098775 -0.340704 -0.515093 -0.582044 -0.748752 -0.876044 -0.937195 -0.959834 -0.992168 0.983696 0.946892 0.828285 0.569612 0.489126 0.278936 0.086234 -0.113089 -0.294150 -0.509128 -0.587580 -0.742048 -0.860592 -0.938356 -0.958577 -0.994288 
41.390568 1142128.375000 74 100 86 0.607704 0.564274 0.432431 0.980474 0.948726 0.838007 0.582993 0.498971 0.332074 -0.015669 -0.129488 -0.410569 -0.533039 -0.628725 -0.744373 -0.851555 -0.923252 -0.953380 -0.994761 0.978702 0.945155 0.835278 0.586349 0.489055 0.303804 0.010303 -0.108488 -0.382713 -0.529904 -0.598035 -0.750172 -0.867546 -0.930938 -0.955095 -0.988913 
41.492401 1059402.000000 114 58 78 0.415530 0.659967 0.487300 0.981652 0.936980 0.846447 0.610065 0.485739 0.238202 -0.003361 -0.193699 -0.430390 -0.533421 -0.623066 -0.749151 -0.865541 -0.927296 -0.959615 -0.993708 0.982532 0.939040 0.825010 0.597267 0.499155 0.268824 -0.019142 -0.142395 -0.424470 -0.530575 -0.643066 -0.749231 -0.843624 -0.917767 -0.955783 -0.995575 
38.087776 517545.093750 76 84 78 0.552150 0.426143 0.597523 0.982404 0.954118 0.856738 0.627630 0.508542 0.220033 0.001008 -0.175961 -0.405718 -0.517741 -0.608503 -0.725151 -0.848351 -0.922309 -0.969296 -0.991574 0.980079 0.943056 0.861224 0.612069 0.497428 0.241583 0.013288 -0.194708 -0.405781 -0.550640 -0.612628 -0.719625 -0.850891 -0.926641 -0.953574 -0.989315 
42.394367 703528.125000 78 84 130 0.605678 0.578350 0.674369 0.978599 0.955965 0.843910 0.681050 0.473330 0.266875 -0.073414 -0.238114 -0.363646 -0.501865 -0.641937 -0.769498 -0.874291 -0.944349 -0.979177 -0.991549 0.980031 0.950156 0.840705 0.665104 0.489039 0.269062 -0.035090 -0.213739 -0.400151 -0.502682 -0.613194 -0.750421 -0.863826 -0.929630 -0.974758 -0.989949 
39.597775 619319.250000 130 148 88 0.705287 0.749342 0.547062 0.983357 0.953253 0.845605 0.624790 0.479174 0.160987 0.004979 -0.169388 -0.413031 -0.516165 -0.627920 -0.723034 -0.833826 -0.927707 -0.964244 -0.989867 0.982290 0.963416 0.854319 0.666508 0.467058 0.157530 -0.029110 -0.209906 -0.368242 -0.497355 -0.644846 -0.751391 -0.861819 -0.931552 -0.973189 -0.991123 
38.432926 1217621.500000 88 56 76 0.537802 0.590851 0.584949 0.971957 0.946933 0.818375 0.537948 0.496379 0.202428 0.031283 -0.111367 -0.270652 -0.453034 -0.547163 -0.645316 -0.826164 -0.918209 -0.956987 -0.974770 0.974613 0.941523 0.822374 0.550841 0.479433 0.219444 0.019925 -0.158068 -0.338979 -0.505424 -0.582829 -0.702658 -0.841211 -0.928182 -0.956684 -0.982034 
46.572052 3692822.500000 74 66 76 0.681170 0.286457 0.595215 0.985610 0.971897 0.945926 0.871666 0.541354 0.470563 0.301614 0.157601 0.044536 -0.207130 -0.491392 -0.538025 -0.695322 -0.853574 -0.955839 -0.971815 0.989983 0.979135 0.905676 0.570812 0.516034 0.323717 0.070608 -0.021030 -0.225106 -0.411323 -0.525138 -0.588166 -0.803979 -0.914137 -0.958081 -0.973260 
54.299225 25312938.000000 76 82 84 0.642228 0.794612 0.892398 0.980878 0.967831 0.938634 0.783047 0.475982 0.427672 0.257811 0.122508 0.040877 -0.172032 -0.427713 -0.510668 -0.631011 -0.799023 -0.876080 -0.976436 0.981312 0.968365 0.944018 0.824134 0.517500 0.462441 0.259911 0.136504 0.028199 -0.163417 -0.462735 -0.513802 -0.659405 -0.783471 -0.916531 -0.966689 
53.202461 13300556.000000 86 88 116 0.889510 0.885246 0.757517 0.978911 0.968597 0.937923 0.819421 0.439031 0.384153 0.236373 0.125788 0.013844 -0.210584 -0.423943 -0.522929 -0.640590 -0.792047 -0.869927 -0.958259 0.979728 0.966393 0.938696 0.793528 0.445774 0.411207 0.226647 0.113195 0.020185 -0.218552 -0.454881 -0.523736 -0.637033 -0.771320 -0.870514 -0.964368 
51.595253 6937056.500000 90 92 94 0.779272 0.922726 0.961995 0.982324 0.970869 0.945995 0.827307 0.405215 0.367313 0.244145 0.124250 0.024526 -0.151601 -0.406921 -0.470404 -0.620462 -0.729660 -0.839953 -0.911110 0.981587 0.968797 0.943171 0.825267 0.418242 0.384212 0.242103 0.126573 0.028509 -0.152581 -0.412914 -0.485555 -0.599590 -0.729120 -0.841077 -0.935296 
49.289871 2461245.750000 94 96 98 0.981493 0.973696 0.936428 0.987255 0.977264 0.956644 0.832174 0.394268 0.334441 0.228411 0.150015 0.035575 -0.144633 -0.406137 -0.491967 -0.593290 -0.691002 -0.831099 -0.909462 0.984535 0.973592 0.951683 0.824523 0.405520 0.349590 0.240940 0.143635 0.042670 -0.129986 -0.414745 -0.494236 -0.592778 -0.692071 -0.833679 -0.925904 
47.783695 1249955.750000 98 98 98 0.950331 0.961247 0.946409 0.988181 0.978071 0.955329 0.883098 0.414026 0.333766 0.225135 0.157088 0.023518 -0.144273 -0.372300 -0.479241 -0.562188 -0.673697 -0.787274 -0.921421 0.988183 0.978407 0.955107 0.895369 0.399044 0.326833 0.219211 0.151418 0.047633 -0.140049 -0.402674 -0.501654 -0.586683 -0.684366 -0.820080 -0.930266 
46.569489 604484.125000 98 100 98 0.954010 0.951861 0.951756 0.989595 0.980365 0.959100 0.892068 0.457337 0.357764 0.237216 0.168395 0.076864 -0.069609 -0.403331 -0.482300 -0.556968 -0.649185 -0.830845 -0.959420 0.988565 0.979447 0.961113 0.889711 0.423429 0.351674 0.238570 0.176029 0.070774 -0.067624 -0.382208 -0.517490 -0.583220 -0.670809 -0.803624 -0.946807 
46.440968 248258.656250 98 96 98 0.933768 0.961256 0.896529 0.989511 0.980490 0.969468 0.904943 0.462296 0.380336 0.301072 0.202418 0.100000 -0.030268 -0.397529 -0.466894 -0.571620 -0.679046 -0.885326 -0.962862 0.989439 0.980795 0.961032 0.907589 0.466725 0.356039 0.257325 0.156297 0.082510 -0.028844 -0.417415 -0.476748 -0.545285 -0.674202 -0.870350 -0.960556 
43.484322 56719.628906 96 96 94 0.856974 0.667776 0.856394 0.990096 0.981682 0.965471 0.924573 0.677675 0.424275 0.346703 0.171291 0.103264 -0.135811 -0.380776 -0.495320 -0.611977 -0.778752 -0.913592 -0.973946 0.989031 0.981257 0.969990 0.914816 0.535658 0.414435 0.329769 0.196103 0.103383 -0.124905 -0.391934 -0.472478 -0.596865 -0.711559 -0.909099 -0.971110 
42.365105 31629.619141 94 94 92 0.873139 0.898806 0.859662 0.992075 0.980658 0.970600 0.921933 0.735288 0.461925 0.354849 0.238272 0.109460 -0.039053 -0.343472 -0.500629 -0.678602 -0.815249 -0.928516 -0.982513 0.991842 0.980453 0.967387 0.924514 0.719740 0.434976 0.355507 0.221486 0.105261 -0.036937 -0.363550 -0.514147 -0.634746 -0.797821 -0.927284 -0.984045 
40.770489 21009.199219 92 90 90 0.854241 0.884013 0.925888 0.994451 0.984540 0.970298 0.929027 0.713107 0.494253 0.345577 0.242022 0.057720 -0.183748 -0.361823 -0.536637 -0.662812 -0.838329 -0.921958 -0.973860 0.993828 0.981491 0.973909 0.918236 0.726514 0.464227 0.339718 0.243150 0.088089 -0.143162 -0.344530 -0.498182 -0.662959 -0.820255 -0.909931 -0.977764 
37.922913 11780.556641 90 88 88 0.941796 0.855630 0.570156 0.995097 0.983855 0.972028 0.920243 0.681041 0.493910 0.350154 0.207695 -0.012662 -0.219980 -0.364034 -0.538992 -0.694803 -0.824654 -0.911694 -0.977275 0.994928 0.985934 0.972102 0.932734 0.702809 0.503848 0.348479 0.231957 0.020500 -0.205464 -0.374009 -0.560252 -0.687885 -0.828238 -0.920521 -0.984534 
26.884956 206075.734375 92 110 108 0.663192 0.524875 0.430616 0.983057 0.950919 0.857862 0.702010 0.626030 0.489957 0.268859 0.061640 -0.098937 -0.305856 -0.464093 -0.620947 -0.745455 -0.855443 -0.911909 -0.960157 0.994402 0.981552 0.950661 0.807461 0.650366 0.535750 0.350987 0.188067 -0.016808 -0.224112 -0.391385 -0.558189 -0.702176 -0.838624 -0.913884 -0.973084 
29.387569 973732.312500 108 62 50 0.466120 0.519574 0.461114 0.972782 0.942396 0.789828 0.639665 0.564341 0.324128 0.129197 -0.003927 -0.140520 -0.357589 -0.531107 -0.634674 -0.749854 -0.864263 -0.916136 -0.979961 0.971474 0.943216 0.866567 0.686299 0.606998 0.465643 0.147914 0.007592 -0.155151 -0.337450 -0.513840 -0.636036 -0.745431 -0.872962 -0.913886 -0.977801 
34.298309 2204534.250000 56 38 54 0.553784 0.429227 0.425758 0.954605 0.912196 0.785388 0.609779 0.530762 0.350498 0.188794 0.013977 -0.135766 -0.369999 -0.441805 -0.643224 -0.777787 -0.858213 -0.921335 -0.982153 0.967096 0.928733 0.753070 0.622716 0.541458 0.326290 0.154100 0.009911 -0.116885 -0.349549 -0.493331 -0.661122 -0.773203 -0.851592 -0.906454 -0.981138 
35.092575 2557715.000000 42 24 46 0.423473 0.388550 0.498685 0.952977 0.912244 0.830362 0.600517 0.536416 0.372561 0.162971 0.016558 -0.096271 -0.312394 -0.430238 -0.655866 -0.798295 -0.841949 -0.922501 -0.982648 0.953086 0.909054 0.843702 0.613226 0.535618 0.401598 0.180742 0.040399 -0.109790 -0.337989 -0.423600 -0.624426 -0.787536 -0.841726 -0.928075 -0.975520 
35.064854 1744071.500000 84 36 60 0.279850 0.504153 0.345418 0.963399 0.892094 0.799592 0.560168 0.440611 0.311420 0.110676 0.005196 -0.122091 -0.367368 -0.456025 -0.600730 -0.768169 -0.840703 -0.916927 -0.974850 0.962537 0.903708 0.796341 0.569678 0.464787 0.323194 0.111778 -0.011803 -0.136168 -0.351683 -0.461194 -0.619834 -0.790104 -0.844000 -0.913592 -0.975010 
34.577271 1936872.125000 60 56 120 0.735408 0.487926 0.433853 0.953175 0.895445 0.801752 0.597103 0.492973 0.313156 0.117976 -0.014866 -0.183717 -0.369124 -0.474158 -0.616793 -0.764157 -0.848369 -0.917858 -0.978508 0.964364 0.898309 0.821218 0.584118 0.464511 0.327032 0.135886 0.021879 -0.133934 -0.366758 -0.459484 -0.583231 -0.751746 -0.848882 -0.925597 -0.977530 
30.365255 575001.062500 118 52 76 0.391329 0.506157 0.423796 0.960435 0.900843 0.829956 0.664462 0.514856 0.322394 0.109385 0.015282 -0.133896 -0.363559 -0.466729 -0.642127 -0.795098 -0.865410 -0.937955 -0.978392 0.955850 0.897955 0.816056 0.618341 0.524976 0.322914 0.107377 -0.031093 -0.179253 -0.354612 -0.459061 -0.627969 -0.771656 -0.853805 -0.922953 -0.977122 
24.687130 164223.562500 74 122 148 0.419044 0.535416 0.579689 0.974534 0.944066 0.827897 0.690640 0.531807 0.334446 0.086185 -0.025016 -0.175874 -0.349698 -0.495996 -0.606900 -0.782453 -0.862652 -0.940660 -0.988310 0.966539 0.918399 0.831074 0.691584 0.494698 0.296288 0.109806 0.022493 -0.174661 -0.372568 -0.478824 -0.650856 -0.791831 -0.869307 -0.936970 -0.976848 
21.124666 60419.562500 62 52 62 0.502335 0.657305 0.340597 0.975634 0.962285 0.864945 0.692761 0.530011 0.324941 0.079979 -0.020618 -0.127211 -0.380607 -0.491153 -0.668860 -0.780542 -0.873541 -0.931854 -0.986111 0.980654 0.963697 0.856178 0.684150 0.555586 0.337354 0.085966 -0.025830 -0.138033 -0.360218 -0.479494 -0.618891 -0.769295 -0.854030 -0.926716 -0.985503 
18.092501 55142.535156 56 54 54 0.512349 0.467957 0.636079 0.974283 0.954372 0.874656 0.710424 0.538345 0.407237 0.188935 0.010965 -0.081173 -0.392354 -0.538837 -0.640906 -0.788986 -0.870219 -0.915631 -0.986332 0.975777 0.956950 0.877720 0.717289 0.546864 0.376542 0.139240 -0.001069 -0.156490 -0.369756 -0.488819 -0.660053 -0.779335 -0.876123 -0.924809 -0.978240 
24.270723 193876.671875 56 50 82 0.416405 0.464072 0.421492 0.982327 0.956638 0.853198 0.645587 0.445149 0.263335 0.055211 -0.032486 -0.223583 -0.410511 -0.539230 -0.662413 -0.772621 -0.857219 -0.924785 -0.992851 0.982071 0.951303 0.867328 0.692675 0.493924 0.371584 0.093811 0.001216 -0.135525 -0.423141 -0.557563 -0.640850 -0.792389 -0.863785 -0.916839 -0.989375 
32.717392 2313319.500000 82 38 48 0.528203 0.382268 0.582166 0.956944 0.913282 0.845411 0.629920 0.541165 0.408793 0.153143 0.041729 -0.151555 -0.360135 -0.457034 -0.624948 -0.761431 -0.861833 -0.921554 -0.979398 0.972312 0.918537 0.834431 0.607376 0.483283 0.325232 0.098759 -0.003940 -0.174675 -0.380074 -0.482092 -0.648817 -0.751871 -0.860088 -0.926281 -0.989907 
54.457737 16182918.000000 48 46 52 0.339543 0.784428 0.878310 0.977046 0.964018 0.938061 0.830179 0.568640 0.502040 0.339079 0.241880 0.071476 -0.130804 -0.323415 -0.402435 -0.558223 -0.797949 -0.842832 -0.959071 0.987020 0.968223 0.926390 0.813049 0.568002 0.500610 0.297170 0.178284 -0.050991 -0.290523 -0.393859 -0.526302 -0.767339 -0.845611 -0.902578 -0.964573 
60.926140 30125308.000000 52 54 54 0.878191 0.976303 0.921046 0.974204 0.963335 0.933188 0.870968 0.545221 0.466669 0.322853 0.247064 0.092738 -0.114705 -0.341901 -0.430064 -0.579775 -0.757459 -0.811072 -0.962139 0.974561 0.964421 0.933984 0.858222 0.556324 0.479156 0.315944 0.232505 0.063225 -0.155202 -0.341496 -0.418815 -0.550920 -0.774916 -0.836805 -0.957067 
60.491524 38067332.000000 54 54 54 0.942778 0.984857 0.981455 0.975209 0.961175 0.931253 0.860974 0.525920 0.460746 0.317450 0.206511 0.100282 -0.110489 -0.348258 -0.432204 -0.534997 -0.685698 -0.778040 -0.969391 0.974869 0.963304 0.933014 0.879916 0.528210 0.474480 0.340685 0.239710 0.092863 -0.129106 -0.320233 -0.417092 -0.540865 -0.705033 -0.803717 -0.978267 
60.508209 61314508.000000 54 54 54 0.986364 0.986467 0.986212 0.975729 0.960315 0.931370 0.845434 0.495873 0.421548 0.281578 0.188263 0.074765 -0.157611 -0.359443 -0.432816 -0.561982 -0.693075 -0.823119 -0.981629 0.975632 0.960770 0.931079 0.852298 0.515533 0.450328 0.292543 0.215215 0.095648 -0.098098 -0.357999 -0.422129 -0.539145 -0.700071 -0.795269 -0.974307 
59.306263 45191620.000000 54 56 56 0.991444 0.952257 0.991144 0.976240 0.959660 0.932969 0.846865 0.500619 0.407013 0.299220 0.212054 0.057333 -0.142906 -0.329533 -0.418497 -0.598275 -0.717099 -0.832359 -0.991168 0.976360 0.960509 0.933375 0.861927 0.494319 0.408372 0.290844 0.187272 0.074554 -0.186258 -0.349896 -0.435729 -0.567608 -0.674839 -0.839920 -0.986650 
58.346539 39134652.000000 56 58 60 0.994861 0.968164 0.988862 0.977575 0.963989 0.931472 0.821901 0.490161 0.403299 0.305684 0.176027 0.064597 -0.135159 -0.337555 -0.418129 -0.583023 -0.715615 -0.809502 -0.990565 0.976313 0.960775 0.931238 0.826824 0.493065 0.399188 0.312227 0.181382 0.062633 -0.136453 -0.339614 -0.417469 -0.578327 -0.721818 -0.805579 -0.991341 
57.212681 32337488.000000 60 62 66 0.974646 0.956295 0.932651 0.979005 0.965702 0.925895 0.814346 0.502133 0.417480 0.307150 0.178579 0.085293 -0.165414 -0.323651 -0.411189 -0.570849 -0.748884 -0.814864 -0.990431 0.978539 0.965396 0.930393 0.815782 0.483352 0.412398 0.314802 0.178463 0.061713 -0.115030 -0.329318 -0.412431 -0.555729 -0.738034 -0.813328 -0.993371 
57.327835 18986352.000000 64 70 74 0.951263 0.915682 0.925769 0.977840 0.965474 0.937094 0.845713 0.517875 0.432134 0.275878 0.196420 0.074732 -0.159065 -0.268288 -0.359602 -0.577469 -0.722027 -0.772341 -0.969301 0.979352 0.966006 0.933620 0.821897 0.502610 0.427998 0.290048 0.173562 0.089582 -0.172736 -0.291781 -0.399668 -0.571228 -0.745904 -0.787286 -0.979614 
55.898571 17008784.000000 74 78 80 0.908077 0.829838 0.719530 0.979021 0.958422 0.930744 0.826938 0.548453 0.485337 0.310384 0.232964 0.043334 -0.150835 -0.218769 -0.363447 -0.583973 -0.706462 -0.737576 -0.954565 0.979042 0.965819 0.932788 0.837841 0.532713 0.430859 0.286910 0.215420 0.073073 -0.146891 -0.218101 -0.363137 -0.584462 -0.726018 -0.763394 -0.971674 
56.666130 9160953.000000 82 86 88 0.720832 0.920093 0.697208 0.971766 0.953552 0.933783 0.840898 0.609346 0.515688 0.363427 0.263350 0.083375 -0.121959 -0.183435 -0.333367 -0.600211 -0.685725 -0.732486 -0.938741 0.972815 0.953912 0.935697 0.845288 0.552608 0.494651 0.349353 0.247410 0.113096 -0.160655 -0.212235 -0.353435 -0.605925 -0.703931 -0.735782 -0.946379 
55.300087 6549642.000000 90 92 94 0.699139 0.837278 0.927220 0.968174 0.946793 0.929490 0.819546 0.655132 0.538977 0.410971 0.349514 0.090160 -0.104082 -0.162667 -0.344961 -0.617162 -0.673074 -0.738090 -0.953181 0.971112 0.946327 0.929836 0.824967 0.639384 0.519373 0.386599 0.306515 0.066328 -0.105815 -0.170725 -0.307139 -0.602396 -0.679390 -0.724775 -0.930692 
53.828957 2242301.250000 96 98 96 0.902755 0.947480 0.819202 0.971450 0.948826 0.931339 0.838877 0.685467 0.604582 0.445555 0.346149 0.078497 -0.081761 -0.143648 -0.328043 -0.627757 -0.685352 -0.753746 -0.959177 0.965098 0.947133 0.924486 0.821000 0.670198 0.573647 0.427192 0.345166 0.046511 -0.082429 -0.162769 -0.334904 -0.617381 -0.693522 -0.763036 -0.959176 
50.257599 541062.687500 96 104 82 0.777467 0.598156 0.736531 0.976724 0.955213 0.932548 0.877379 0.729412 0.599670 0.477155 0.346852 0.266333 -0.047783 -0.167601 -0.292838 -0.621445 -0.739504 -0.884951 -0.975015 0.977645 0.952794 0.931049 0.881397 0.734078 0.592688 0.477612 0.360362 0.207595 -0.046405 -0.156416 -0.339954 -0.640714 -0.705954 -0.843145 -0.972186 
48.592300 263239.843750 82 102 46 0.650462 0.380181 0.481489 0.978471 0.955748 0.926456 0.857499 0.718107 0.616096 0.516054 0.353421 0.262572 -0.054382 -0.166951 -0.326367 -0.627300 -0.744892 -0.895633 -0.965095 0.969875 0.952338 0.934264 0.880520 0.719760 0.604558 0.491091 0.327777 0.241934 -0.065711 -0.173105 -0.282026 -0.620205 -0.743236 -0.893062 -0.970256 
46.315407 128423.210938 46 56 118 0.531348 0.643689 0.441713 0.977741 0.949638 0.928540 0.852680 0.715947 0.627694 0.518995 0.415494 0.237261 -0.060366 -0.180078 -0.415027 -0.628619 -0.794615 -0.891630 -0.965657 0.972708 0.950391 0.928961 0.857857 0.719132 0.641245 0.562872 0.413725 0.278552 -0.011981 -0.153947 -0.368652 -0.616853 -0.779169 -0.895891 -0.966534 
42.664394 110512.390625 74 66 74 0.581780 0.206362 0.518678 0.983197 0.951735 0.917223 0.854486 0.714074 0.662777 0.542002 0.399804 0.233292 -0.070867 -0.241532 -0.416954 -0.663933 -0.809717 -0.915248 -0.961145 0.981574 0.959885 0.922356 0.878284 0.751041 0.650915 0.538759 0.425227 0.242290 -0.072893 -0.204832 -0.383544 -0.631676 -0.771558 -0.900054 -0.967995 
40.284401 88399.804688 74 94 80 0.530106 0.493872 0.658840 0.985070 0.961715 0.920981 0.873582 0.714846 0.662024 0.513863 0.431828 0.203620 -0.079380 -0.245932 -0.438901 -0.664167 -0.837791 -0.914737 -0.961966 0.986799 0.952041 0.920840 0.857236 0.705451 0.673641 0.531193 0.420006 0.241566 -0.060057 -0.241352 -0.404236 -0.660757 -0.842279 -0.915334 -0.952947 
34.164436 33642.523438 80 82 88 0.458445 0.458374 0.441014 0.991479 0.959871 0.926047 0.794993 0.666246 0.622466 0.496964 0.387936 0.201285 -0.139287 -0.311403 -0.460824 -0.674733 -0.815379 -0.905325 -0.974409 0.988262 0.968181 0.927367 0.850142 0.690922 0.603090 0.512283 0.409909 0.163657 -0.118617 -0.298802 -0.470682 -0.672523 -0.822014 -0.916525 -0.968982 
24.720943 15109.342773 90 100 60 0.558640 0.416964 0.647641 0.981340 0.947664 0.900545 0.757153 0.670116 0.605280 0.431319 0.322362 0.088153 -0.170679 -0.341074 -0.528951 -0.691494 -0.828290 -0.904314 -0.974006 0.988939 0.950963 0.907231 0.776238 0.672844 0.613131 0.454107 0.372946 0.167818 -0.167601 -0.327563 -0.493372 -0.674425 -0.814272 -0.898926 -0.971951 
20.980549 13403.103516 120 102 130 0.491614 0.544037 0.528611 0.976080 0.956708 0.897216 0.731084 0.655302 0.558211 0.414876 0.257882 0.023411 -0.182592 -0.327552 -0.527206 -0.693403 -0.820732 -0.914884 -0.978987 0.976823 0.954173 0.906431 0.727214 0.662022 0.575587 0.420196 0.239073 0.029194 -0.184382 -0.324966 -0.494722 -0.674940 -0.824860 -0.912685 -0.972706 
18.860413 8524.633789 76 148 46 0.530697 0.537228 0.544284 0.975034 0.950304 0.915236 0.759092 0.656071 0.553345 0.389692 0.273657 0.057445 -0.176707 -0.401875 -0.576696 -0.695955 -0.826619 -0.928428 -0.978637 0.971290 0.946038 0.903069 0.739656 0.655217 0.556922 0.400775 0.290486 0.065099 -0.187922 -0.387156 -0.573692 -0.715074 -0.839353 -0.928928 -0.978653 
17.259544 10816.004883 168 132 62 0.405753 0.456557 0.478796 0.984577 0.946392 0.866763 0.754313 0.648133 0.527609 0.347033 0.182306 -0.042280 -0.270796 -0.367105 -0.516819 -0.714416 -0.835847 -0.918483 -0.964955 0.978265 0.952454 0.907554 0.760093 0.661491 0.562889 0.384422 0.248904 0.009757 -0.228233 -0.367701 -0.559792 -0.687683 -0.815991 -0.912218 -0.977059 
16.478178 14284.682617 148 74 40 0.687358 0.558578 0.448282 0.973360 0.951797 0.896710 0.750739 0.646877 0.489521 0.306758 0.085254 -0.045485 -0.239651 -0.370986 -0.526182 -0.706755 -0.780785 -0.911197 -0.970340 0.972920 0.941854 0.876216 0.739129 0.655584 0.534948 0.295887 0.106394 -0.034944 -0.257856 -0.362110 -0.509225 -0.695879 -0.819270 -0.917588 -0.959642 
14.329300 7981.122559 132 132 58 0.528921 0.342813 0.419363 0.981460 0.951371 0.870449 0.740678 0.616476 0.506632 0.305935 0.122968 -0.057766 -0.242216 -0.357390 -0.498274 -0.690616 -0.811640 -0.904492 -0.970407 0.977328 0.951079 0.882809 0.745736 0.616017 0.497765 0.299128 0.116644 -0.075868 -0.250297 -0.366613 -0.469271 -0.690892 -0.796535 -0.892783 -0.967822 
