46.523251 4071902.500000 20 134 50 0.000000 0.742430 0.789971 0.985195 0.971440 0.956146 0.762266 0.577032 0.512809 0.268157 0.203464 0.097868 -0.257948 -0.448833 -0.586405 -0.762546 -0.894768 -0.926270 -0.986876 0.985026 0.962433 0.894274 0.700367 0.539673 0.422901 0.253947 0.167254 -0.060285 -0.395052 -0.519005 -0.698580 -0.870200 -0.920443 -0.947539 -0.988409 
63.536316 48631608.000000 50 56 56 0.797797 0.962671 0.974485 0.977708 0.968208 0.940228 0.841936 0.597465 0.530443 0.331828 0.215802 0.126663 -0.133459 -0.368662 -0.444730 -0.616318 -0.713661 -0.804248 -0.887196 0.979294 0.970539 0.952989 0.838823 0.595446 0.528329 0.338626 0.214226 0.112011 -0.179397 -0.393535 -0.502855 -0.626427 -0.726115 -0.819858 -0.928799 
62.852802 101563736.000000 56 58 62 0.989948 0.978346 0.869651 0.978490 0.966305 0.925461 0.762740 0.597589 0.525338 0.312310 0.218751 0.125962 -0.121742 -0.391327 -0.465943 -0.661610 -0.734852 -0.816225 -0.848717 0.978239 0.965686 0.933872 0.797998 0.590257 0.521827 0.305837 0.212353 0.102123 -0.133266 -0.396837 -0.449994 -0.650314 -0.739264 -0.828128 -0.856744 
54.346848 1161518.875000 60 72 54 0.939699 0.480485 0.750374 0.988822 0.972177 0.937158 0.773823 0.629817 0.540047 0.377648 0.240999 0.100670 -0.179777 -0.315832 -0.465572 -0.693889 -0.801733 -0.835248 -0.913770 0.980430 0.967447 0.926962 0.744657 0.612268 0.548446 0.299818 0.223782 0.131742 -0.099495 -0.380477 -0.469910 -0.662184 -0.745738 -0.813621 -0.852643 
42.636703 471200.875000 56 56 58 0.601613 0.839277 0.783135 0.978056 0.971849 0.923725 0.728280 0.581551 0.549698 0.427929 0.265027 0.104464 -0.126581 -0.324638 -0.451936 -0.630412 -0.757054 -0.837113 -0.902233 0.981892 0.972166 0.940591 0.736551 0.599693 0.536497 0.420234 0.234728 0.111961 -0.160290 -0.309469 -0.437112 -0.677428 -0.792722 -0.829226 -0.901996 
38.503147 339843.125000 56 54 56 0.804880 0.521413 0.457975 0.981452 0.950958 0.925283 0.708391 0.596825 0.549602 0.440549 0.262348 0.082182 -0.141122 -0.327672 -0.439008 -0.639547 -0.756982 -0.827605 -0.903695 0.980201 0.965928 0.917957 0.700519 0.596048 0.549462 0.447723 0.265163 0.078831 -0.116733 -0.322298 -0.422306 -0.609622 -0.750875 -0.837610 -0.896741 
35.415489 117924.828125 56 58 60 0.694230 0.702229 0.537951 0.982204 0.952255 0.937339 0.787128 0.620387 0.540483 0.369154 0.241258 0.132796 -0.156570 -0.341674 -0.432426 -0.624742 -0.755470 -0.849017 -0.937890 0.978064 0.952996 0.935009 0.735549 0.609469 0.546327 0.391655 0.253798 0.132548 -0.123207 -0.335727 -0.404704 -0.618955 -0.761795 -0.813579 -0.905287 
42.614002 16564637.000000 60 56 48 0.603462 0.644317 0.615631 0.960834 0.943334 0.874862 0.684998 0.627631 0.442010 0.342427 0.120136 -0.132783 -0.309356 -0.488714 -0.611294 -0.734897 -0.843443 -0.902399 -0.977118 0.974467 0.950217 0.914228 0.728841 0.616815 0.477208 0.344000 0.184343 -0.070779 -0.238963 -0.474727 -0.584381 -0.740848 -0.830043 -0.919192 -0.973816 
41.855663 6437923.500000 48 148 150 0.560953 0.516553 0.592252 0.961922 0.936965 0.876309 0.687931 0.526464 0.444789 0.284395 0.179019 0.029114 -0.275514 -0.387211 -0.516390 -0.684642 -0.816787 -0.871653 -0.963459 0.966384 0.949423 0.892000 0.721882 0.599561 0.461010 0.310015 0.154490 -0.030602 -0.281404 -0.437744 -0.597788 -0.725572 -0.824665 -0.889654 -0.973892 
48.211781 12589039.000000 148 120 36 0.637166 0.506123 0.320639 0.950855 0.925966 0.844218 0.651333 0.513447 0.433165 0.333934 0.203978 0.067713 -0.164444 -0.307785 -0.497212 -0.644912 -0.800953 -0.832000 -0.957581 0.959221 0.935183 0.868619 0.692156 0.526583 0.444219 0.304629 0.206022 0.106985 -0.214207 -0.369069 -0.484256 -0.708803 -0.814342 -0.850584 -0.962824 
49.260696 14960118.000000 224 74 56 0.354411 0.501220 0.730962 0.989518 0.955806 0.902674 0.766124 0.577489 0.450005 0.319519 0.235463 0.033156 -0.128157 -0.283231 -0.448827 -0.594312 -0.736388 -0.856689 -0.978061 0.955173 0.919382 0.835970 0.651228 0.519656 0.416510 0.324737 0.177520 0.041122 -0.145532 -0.302115 -0.493190 -0.616028 -0.779759 -0.830419 -0.981073 
61.279121 9697842.000000 56 46 50 0.788722 0.878350 0.881293 0.982664 0.959751 0.923842 0.897970 0.720291 0.632433 0.445919 0.351888 0.268297 -0.013467 -0.145879 -0.371146 -0.591012 -0.709399 -0.862314 -0.971340 0.985753 0.956052 0.922310 0.888168 0.712943 0.522160 0.381457 0.305213 0.168857 -0.074828 -0.186995 -0.384100 -0.587334 -0.705730 -0.835630 -0.969156 
62.733475 11945864.000000 48 54 60 0.943072 0.728888 0.925451 0.972326 0.954697 0.924341 0.827148 0.726128 0.668785 0.517066 0.416775 0.175608 0.065935 -0.036319 -0.478410 -0.570341 -0.695831 -0.878291 -0.980463 0.980669 0.956348 0.928573 0.880465 0.712995 0.661591 0.511200 0.408837 0.232000 0.062237 -0.064601 -0.457273 -0.579945 -0.715634 -0.880308 -0.973795 
60.897465 3690178.750000 60 62 62 0.949097 0.968724 0.959402 0.978111 0.964978 0.919172 0.826642 0.760687 0.671334 0.592859 0.477533 0.174066 0.065042 -0.075452 -0.412763 -0.595837 -0.728906 -0.892440 -0.977882 0.973728 0.958885 0.924434 0.811715 0.743007 0.661411 0.568825 0.445832 0.157072 0.073441 -0.047278 -0.458356 -0.591445 -0.686456 -0.885240 -0.980601 
59.419876 1611732.250000 62 64 64 0.971795 0.938350 0.965280 0.980395 0.970654 0.918305 0.859363 0.811425 0.678852 0.581296 0.491706 0.221046 0.058970 -0.124356 -0.410506 -0.628197 -0.789428 -0.907744 -0.975873 0.980030 0.969314 0.917103 0.847040 0.798578 0.683162 0.607404 0.494475 0.173684 0.047223 -0.124636 -0.403694 -0.605276 -0.778850 -0.904584 -0.977403 
57.966942 1084575.125000 64 108 64 0.961521 0.737518 0.934093 0.981607 0.972543 0.918889 0.873356 0.806138 0.657994 0.598969 0.506710 0.220984 0.039818 -0.152342 -0.428600 -0.647261 -0.802792 -0.910207 -0.976130 0.981281 0.970778 0.923948 0.862869 0.809930 0.672285 0.579300 0.497659 0.222965 0.052387 -0.123313 -0.405497 -0.641138 -0.793297 -0.906240 -0.974619 
59.617199 1118570.250000 62 62 60 0.936685 0.973612 0.953954 0.981192 0.975042 0.928084 0.862314 0.795656 0.693793 0.617371 0.521753 0.184420 0.093245 -0.191010 -0.466153 -0.652620 -0.804336 -0.911368 -0.977436 0.981671 0.975759 0.919316 0.881019 0.820001 0.672224 0.618306 0.470754 0.205076 0.052665 -0.218043 -0.469631 -0.658804 -0.808150 -0.912706 -0.977485 
60.679192 5777774.500000 60 60 58 0.943236 0.959474 0.921732 0.977290 0.965000 0.925462 0.810098 0.728506 0.663331 0.528070 0.412297 0.251294 0.068490 -0.001451 -0.345435 -0.594198 -0.727509 -0.903877 -0.973736 0.979384 0.972064 0.922195 0.826197 0.766239 0.679476 0.591128 0.509267 0.199010 0.096168 -0.072741 -0.431039 -0.626994 -0.788515 -0.913347 -0.975784 
63.492188 60400472.000000 58 56 54 0.971477 0.985245 0.958160 0.966209 0.944273 0.927948 0.790488 0.650959 0.552655 0.355546 0.289258 0.123029 -0.027965 -0.102458 -0.368768 -0.584380 -0.644838 -0.755705 -0.961072 0.972476 0.952370 0.928303 0.793276 0.688853 0.605964 0.404922 0.333036 0.176716 0.013633 -0.050718 -0.312768 -0.581421 -0.618836 -0.814272 -0.971566 
65.136459 125998200.000000 54 52 50 0.993885 0.983898 0.947648 0.971058 0.937290 0.925023 0.769951 0.627187 0.537273 0.322768 0.215403 0.114292 -0.089265 -0.230519 -0.410664 -0.599436 -0.688339 -0.745469 -0.943669 0.965343 0.939930 0.927466 0.793528 0.645271 0.548272 0.343970 0.251367 0.114291 -0.038244 -0.174331 -0.380152 -0.603765 -0.699343 -0.749940 -0.944035 
62.963577 140113712.000000 50 46 44 0.956776 0.948676 0.846416 0.972405 0.946266 0.914582 0.797857 0.592195 0.506688 0.302716 0.183629 0.087045 -0.144109 -0.284926 -0.439566 -0.605198 -0.695163 -0.746155 -0.936963 0.973778 0.937973 0.920681 0.789552 0.605456 0.536391 0.312097 0.199733 0.092452 -0.098730 -0.244248 -0.451791 -0.590272 -0.708003 -0.752186 -0.945317 
62.303375 90993856.000000 44 40 38 0.922223 0.953200 0.972569 0.973836 0.950111 0.925035 0.799492 0.603221 0.514156 0.356643 0.177985 0.109184 -0.067159 -0.296053 -0.449665 -0.556271 -0.641367 -0.713208 -0.981529 0.971591 0.949976 0.921422 0.797574 0.589965 0.510749 0.326398 0.177205 0.105438 -0.114999 -0.297941 -0.440023 -0.584037 -0.686844 -0.728517 -0.962214 
57.046295 8223565.500000 38 38 36 0.982164 0.896608 0.861916 0.985668 0.975263 0.920372 0.798642 0.647034 0.579390 0.362896 0.220615 0.121824 -0.102643 -0.314366 -0.476811 -0.551671 -0.688248 -0.780725 -0.952452 0.979948 0.953906 0.926044 0.792027 0.629887 0.532434 0.325802 0.191605 0.098449 -0.066701 -0.277029 -0.467760 -0.539840 -0.635087 -0.733963 -0.971037 
55.779476 2562761.000000 38 38 38 0.844211 0.947084 0.894994 0.986237 0.982617 0.928975 0.789987 0.652568 0.586158 0.453987 0.243233 0.088248 -0.059403 -0.259239 -0.414881 -0.579636 -0.673469 -0.812210 -0.968549 0.986397 0.982896 0.920169 0.775709 0.654939 0.570990 0.418374 0.239791 0.099986 -0.090639 -0.261346 -0.410502 -0.579870 -0.728632 -0.796198 -0.969202 
58.085945 28028344.000000 38 36 36 0.921945 0.932811 0.961910 0.984176 0.975441 0.914667 0.825875 0.605537 0.499656 0.317979 0.124896 0.040535 -0.095812 -0.267929 -0.460295 -0.570661 -0.643336 -0.694088 -0.889775 0.985265 0.981052 0.911418 0.789836 0.639574 0.555153 0.428022 0.185317 0.041348 -0.071390 -0.315817 -0.465258 -0.588453 -0.659938 -0.832602 -0.966104 
59.389683 46639496.000000 36 38 40 0.978828 0.970003 0.905669 0.983993 0.963321 0.912758 0.817741 0.531070 0.451977 0.330834 0.168252 0.091293 -0.030329 -0.201777 -0.402534 -0.595849 -0.681851 -0.724260 -0.859039 0.984195 0.968805 0.915979 0.826475 0.542240 0.453624 0.333769 0.141763 0.052963 -0.026189 -0.222435 -0.442788 -0.580384 -0.658396 -0.711347 -0.859110 
59.286823 20051258.000000 40 44 50 0.971258 0.790061 0.896519 0.979234 0.961970 0.930303 0.826553 0.653225 0.507130 0.384545 0.272523 0.155256 -0.082605 -0.169649 -0.353905 -0.613058 -0.692911 -0.743185 -0.921169 0.981518 0.958016 0.916132 0.792952 0.575728 0.471320 0.333880 0.193157 0.111922 -0.064435 -0.184266 -0.361018 -0.579414 -0.683138 -0.726426 -0.888075 
54.395603 1572958.125000 48 58 60 0.881908 0.719788 0.832189 0.992807 0.985662 0.910124 0.796544 0.654604 0.526463 0.452845 0.271472 0.099278 -0.027113 -0.203948 -0.352200 -0.581521 -0.691247 -0.793037 -0.949216 0.986105 0.967542 0.935402 0.829607 0.708143 0.587151 0.395010 0.296658 0.181305 -0.082649 -0.175286 -0.345706 -0.600436 -0.680399 -0.777204 -0.950473 
47.597664 811607.562500 60 74 74 0.846030 0.750083 0.812442 0.993594 0.965911 0.917829 0.829459 0.603943 0.529038 0.425191 0.292041 0.097502 -0.057456 -0.181361 -0.338033 -0.596407 -0.663765 -0.811674 -0.962743 0.993839 0.984031 0.902820 0.811317 0.607656 0.532039 0.462356 0.264552 0.089520 -0.015580 -0.186882 -0.351117 -0.587224 -0.657520 -0.800842 -0.957702 
41.447090 384585.031250 74 70 42 0.818078 0.476954 0.698124 0.985611 0.961624 0.923761 0.752931 0.607956 0.514313 0.418947 0.270131 0.093404 -0.103997 -0.195283 -0.339989 -0.617112 -0.693306 -0.837848 -0.955321 0.992362 0.963840 0.930905 0.809343 0.591913 0.532826 0.404386 0.316695 0.094640 -0.086182 -0.191544 -0.313915 -0.592555 -0.680594 -0.795931 -0.950679 
35.347069 172786.890625 40 38 46 0.487595 0.519296 0.470747 0.987409 0.961915 0.908611 0.759743 0.646629 0.545128 0.408943 0.229285 0.089616 -0.028825 -0.149082 -0.372283 -0.617438 -0.689184 -0.881557 -0.978307 0.983037 0.959299 0.916712 0.759057 0.641305 0.516998 0.401928 0.218773 0.099149 -0.037759 -0.161580 -0.349022 -0.626436 -0.703080 -0.888725 -0.972914 
37.012638 5549449.500000 54 56 58 0.575292 0.772514 0.346575 0.971860 0.931285 0.839175 0.697724 0.585811 0.407816 0.246932 0.134908 -0.087173 -0.305751 -0.451734 -0.592373 -0.740747 -0.819456 -0.866408 -0.965307 0.985188 0.965672 0.904053 0.748351 0.649142 0.550170 0.439828 0.264162 0.132951 -0.049535 -0.173837 -0.406158 -0.618432 -0.747954 -0.879061 -0.979002 
47.525368 914783.062500 56 58 72 0.351142 0.644651 0.940750 0.984171 0.973161 0.925102 0.886488 0.777310 0.596396 0.425455 0.241123 0.057148 -0.136617 -0.354472 -0.536911 -0.749176 -0.818479 -0.868228 -0.927464 0.982288 0.952087 0.859894 0.718250 0.591258 0.451543 0.257160 0.156993 -0.055465 -0.300381 -0.439770 -0.581972 -0.747311 -0.810685 -0.852035 -0.960453 
57.354927 1183152.125000 72 72 74 0.863906 0.956309 0.977006 0.982359 0.971501 0.947121 0.889097 0.854777 0.719214 0.489468 0.297376 0.108564 -0.086260 -0.327178 -0.584379 -0.761345 -0.814239 -0.861756 -0.940864 0.982867 0.971837 0.938581 0.891856 0.833970 0.662034 0.471226 0.262576 0.065640 -0.110519 -0.295200 -0.528657 -0.761609 -0.823806 -0.872704 -0.948655 
61.481689 2077331.625000 74 74 76 0.982087 0.952569 0.964991 0.977329 0.969144 0.937019 0.876416 0.840676 0.774805 0.585961 0.306925 0.154229 -0.095566 -0.350521 -0.635831 -0.773617 -0.826397 -0.862530 -0.949121 0.979703 0.970120 0.944261 0.883097 0.853777 0.762934 0.521893 0.308687 0.155770 -0.075593 -0.359572 -0.642242 -0.771196 -0.818765 -0.855114 -0.947294 
61.019951 1635687.875000 76 76 78 0.969357 0.931385 0.858519 0.975000 0.962525 0.930055 0.871335 0.822679 0.743778 0.624417 0.440227 0.209002 -0.046052 -0.326146 -0.573931 -0.759358 -0.805794 -0.860469 -0.965378 0.975407 0.967603 0.936192 0.873791 0.827297 0.767913 0.662888 0.329514 0.165195 -0.070014 -0.354702 -0.660290 -0.768222 -0.808414 -0.850781 -0.953448 
59.102978 1483005.500000 80 82 82 0.885325 0.883117 0.935042 0.972979 0.944687 0.921822 0.883753 0.837868 0.725287 0.462769 0.382749 0.283868 0.146085 -0.253579 -0.491125 -0.694863 -0.833715 -0.885501 -0.971128 0.972385 0.950868 0.924354 0.873853 0.826593 0.717524 0.557102 0.425808 0.263309 0.136735 -0.268122 -0.499445 -0.725901 -0.828034 -0.873186 -0.966916 
58.316769 1483883.875000 84 82 82 0.874296 0.947730 0.864178 0.975065 0.936018 0.914020 0.876386 0.827153 0.746825 0.426765 0.349165 0.246176 0.063289 -0.122177 -0.462044 -0.637843 -0.805421 -0.892505 -0.974221 0.974687 0.937958 0.917289 0.880342 0.833095 0.726840 0.427210 0.352194 0.268624 0.092904 -0.210360 -0.468733 -0.667518 -0.811024 -0.898261 -0.975789 
57.537537 2337168.250000 82 82 84 0.847606 0.860240 0.934300 0.970364 0.938669 0.908632 0.868813 0.821822 0.712496 0.414652 0.324581 0.202132 0.014653 -0.116581 -0.510411 -0.621068 -0.791824 -0.853192 -0.960655 0.971551 0.935930 0.913112 0.869350 0.830209 0.705363 0.446979 0.348297 0.174758 0.029841 -0.110200 -0.488718 -0.606379 -0.797009 -0.886053 -0.970092 
57.686295 2153302.750000 84 84 84 0.969579 0.983898 0.985247 0.972981 0.939493 0.903513 0.862581 0.823645 0.738155 0.465321 0.319701 0.195446 -0.022630 -0.125701 -0.498876 -0.616386 -0.809465 -0.851848 -0.961613 0.969421 0.937194 0.903660 0.862389 0.816143 0.723614 0.447642 0.307059 0.205810 -0.001186 -0.123611 -0.504998 -0.643241 -0.810854 -0.844238 -0.954738 
54.625572 1134406.000000 84 82 82 0.977807 0.942780 0.945752 0.977397 0.949184 0.909029 0.864169 0.830209 0.735247 0.533042 0.299689 0.037552 -0.060568 -0.328460 -0.511558 -0.622372 -0.834956 -0.862713 -0.939606 0.975445 0.944153 0.906563 0.865399 0.825107 0.739746 0.456006 0.316107 0.152846 -0.031773 -0.150415 -0.480179 -0.582938 -0.820668 -0.862926 -0.957981 
48.638756 425188.718750 82 76 72 0.876750 0.749539 0.910222 0.986140 0.963300 0.917652 0.851551 0.821285 0.713972 0.539235 0.316312 0.151899 -0.048892 -0.255342 -0.471365 -0.725068 -0.832177 -0.864034 -0.946213 0.984307 0.953228 0.905648 0.851941 0.821670 0.714439 0.540467 0.343653 0.077103 -0.052159 -0.328135 -0.507850 -0.682863 -0.835208 -0.865282 -0.918337 
48.636848 116569.437500 72 68 66 0.897138 0.914199 0.710161 0.989806 0.967740 0.951206 0.870132 0.817549 0.753509 0.556336 0.278899 0.158899 -0.022398 -0.243718 -0.450023 -0.681897 -0.816561 -0.887025 -0.971627 0.987095 0.967041 0.938365 0.865119 0.826943 0.707270 0.551761 0.267139 0.162580 -0.036891 -0.226186 -0.437123 -0.697780 -0.822292 -0.873631 -0.959730 
40.386993 31814.998047 66 68 62 0.782667 0.630259 0.478808 0.992912 0.964973 0.903527 0.860962 0.822989 0.754158 0.545516 0.298342 0.099136 -0.169899 -0.357264 -0.532449 -0.717432 -0.837535 -0.908815 -0.976852 0.991598 0.968677 0.940423 0.865779 0.821401 0.766838 0.586011 0.313115 0.124310 -0.083639 -0.305763 -0.510432 -0.704993 -0.820214 -0.901399 -0.967816 
31.834620 17648.097656 130 146 136 0.591416 0.548638 0.520490 0.986224 0.948503 0.914616 0.849934 0.806868 0.720990 0.518698 0.251405 0.093715 -0.190943 -0.376561 -0.532420 -0.720249 -0.821020 -0.895498 -0.979103 0.988784 0.954779 0.904436 0.859856 0.809707 0.721665 0.494525 0.274227 0.105090 -0.215251 -0.369522 -0.519358 -0.707043 -0.835193 -0.907170 -0.977658 
30.611994 17608.625000 150 150 148 0.598911 0.847103 0.448354 0.964157 0.935306 0.901734 0.835822 0.803707 0.679662 0.435456 0.205182 -0.003750 -0.220415 -0.389985 -0.519826 -0.673172 -0.809705 -0.905246 -0.976907 0.972548 0.939417 0.910162 0.843352 0.815816 0.713792 0.514043 0.266897 0.092539 -0.182390 -0.348773 -0.536686 -0.736060 -0.823228 -0.899424 -0.973902 
40.459042 1873494.625000 66 76 46 0.582523 0.546205 0.405417 0.959673 0.943457 0.840833 0.783099 0.722109 0.644823 0.148768 0.088171 -0.168883 -0.387696 -0.466394 -0.522819 -0.599072 -0.720741 -0.784481 -0.986016 0.949021 0.926218 0.838552 0.787747 0.718276 0.654612 0.172154 0.068250 -0.198343 -0.355710 -0.435167 -0.499057 -0.582924 -0.681007 -0.874973 -0.992594 
35.202480 189123.578125 46 40 148 0.369308 0.371338 0.600626 0.967503 0.928070 0.847991 0.790877 0.719883 0.601890 0.211656 0.052928 -0.113795 -0.359128 -0.447615 -0.545736 -0.664553 -0.784245 -0.819534 -0.960883 0.959796 0.941448 0.836283 0.774382 0.729258 0.599521 0.145935 0.084945 -0.192747 -0.391132 -0.484780 -0.549254 -0.628903 -0.756279 -0.812009 -0.966215 
25.328983 28778.072266 46 62 46 0.652703 0.304639 0.661585 0.967782 0.906544 0.859953 0.814059 0.719756 0.640147 0.243532 0.103555 0.024012 -0.341117 -0.443825 -0.533159 -0.660748 -0.772459 -0.865501 -0.960561 0.972604 0.918968 0.850748 0.809536 0.728965 0.635316 0.253455 0.070725 -0.020095 -0.331461 -0.399855 -0.527158 -0.696401 -0.784914 -0.834038 -0.952771 
20.203800 10874.200195 48 58 48 0.457343 0.476288 0.609481 0.983389 0.926553 0.856142 0.798512 0.734005 0.629486 0.335217 0.136009 -0.131614 -0.350538 -0.425843 -0.533259 -0.612618 -0.731038 -0.898435 -0.979332 0.976291 0.916317 0.852137 0.802811 0.722358 0.668150 0.301052 0.109318 -0.027106 -0.356580 -0.447689 -0.521143 -0.614959 -0.742002 -0.865841 -0.976231 
16.902983 6538.070801 152 144 44 0.463151 0.504349 0.391282 0.982943 0.947774 0.885543 0.804183 0.736428 0.568083 0.357390 0.153617 -0.152195 -0.326775 -0.400609 -0.512321 -0.646872 -0.828747 -0.908377 -0.961114 0.984704 0.949293 0.872322 0.803212 0.742444 0.590419 0.345771 0.173405 -0.197844 -0.350273 -0.401422 -0.531132 -0.627123 -0.804605 -0.909169 -0.973996 
14.995850 4519.768555 84 46 98 0.386976 0.606521 0.698217 0.988964 0.962415 0.871060 0.805671 0.711263 0.561115 0.379712 0.165076 -0.053614 -0.260133 -0.433995 -0.556316 -0.677399 -0.847000 -0.913481 -0.983223 0.982048 0.947661 0.886445 0.813230 0.738473 0.548674 0.362791 0.146529 -0.058159 -0.269177 -0.412361 -0.535596 -0.641243 -0.838131 -0.906047 -0.986058 
14.231796 3179.748047 98 98 100 0.614603 0.686762 0.460991 0.989166 0.953031 0.895101 0.820037 0.715016 0.556873 0.333323 0.135963 -0.033309 -0.289066 -0.425004 -0.543857 -0.704689 -0.821273 -0.911416 -0.986041 0.991290 0.958198 0.882200 0.821836 0.710879 0.553843 0.374764 0.167333 -0.066037 -0.293890 -0.449792 -0.559025 -0.687745 -0.834828 -0.911365 -0.979944 
11.301136 2682.809570 100 98 98 0.530779 0.597586 0.551695 0.987057 0.958775 0.890163 0.792823 0.666143 0.512531 0.344583 0.143941 -0.059030 -0.255433 -0.434684 -0.578101 -0.724740 -0.853962 -0.926253 -0.978971 0.989144 0.944909 0.899316 0.823533 0.677221 0.518901 0.317612 0.138871 -0.060002 -0.270906 -0.422024 -0.563891 -0.711100 -0.833000 -0.918970 -0.982231 
10.462109 2403.446533 50 96 48 0.547238 0.511396 0.607143 0.987959 0.956208 0.899287 0.810518 0.671010 0.509718 0.340493 0.160470 -0.112683 -0.270180 -0.432099 -0.564440 -0.735433 -0.853006 -0.931216 -0.974616 0.989435 0.956814 0.888899 0.786697 0.671577 0.499125 0.329976 0.171304 -0.120261 -0.267991 -0.441252 -0.568578 -0.734822 -0.866340 -0.931826 -0.979508 
12.453829 3183.463867 46 46 46 0.608702 0.746562 0.699648 0.988008 0.969118 0.903026 0.790611 0.680122 0.541247 0.328038 0.108293 -0.097201 -0.305150 -0.460900 -0.604034 -0.715005 -0.836389 -0.926637 -0.973847 0.986206 0.962642 0.902627 0.792578 0.657346 0.518696 0.314060 0.130487 -0.086512 -0.290280 -0.422437 -0.585459 -0.725174 -0.845990 -0.918462 -0.969380 
12.006025 5033.637695 46 64 46 0.618079 0.518101 0.397879 0.979188 0.953509 0.900038 0.792487 0.674778 0.497653 0.322568 0.151929 -0.051565 -0.260870 -0.432217 -0.595963 -0.725923 -0.851916 -0.935796 -0.977805 0.988056 0.967382 0.893311 0.779545 0.687030 0.510670 0.303321 0.098625 -0.104883 -0.273766 -0.459913 -0.599075 -0.728644 -0.842589 -0.927858 -0.974208 
47.976974 5219147.500000 46 24 26 0.678798 0.725379 0.484741 0.964785 0.956505 0.908353 0.763131 0.546084 0.448926 0.304702 0.190152 0.010994 -0.247878 -0.444955 -0.528588 -0.733201 -0.834898 -0.895430 -0.947205 0.967255 0.957928 0.915163 0.784049 0.557298 0.474572 0.302743 0.227188 0.001919 -0.353089 -0.494146 -0.596886 -0.756743 -0.841587 -0.903450 -0.952666 
46.678391 16785300.000000 50 50 60 0.723430 0.621077 0.496358 0.924666 0.904648 0.837455 0.703776 0.445134 0.366871 0.260574 0.099824 -0.000591 -0.299869 -0.439704 -0.510868 -0.604393 -0.846110 -0.912222 -0.955079 0.938030 0.913046 0.852284 0.685145 0.471146 0.371987 0.278521 0.114242 0.009526 -0.306888 -0.435967 -0.498421 -0.629608 -0.810463 -0.897324 -0.941462 
46.828819 13284663.000000 94 50 48 0.397855 0.455202 0.652422 0.975606 0.907493 0.868282 0.753091 0.488950 0.387490 0.250279 0.154468 0.012340 -0.134113 -0.372922 -0.476071 -0.607954 -0.787300 -0.890897 -0.957151 0.922037 0.896717 0.836864 0.725960 0.443792 0.374025 0.248741 0.111467 -0.024060 -0.223180 -0.416273 -0.499939 -0.629712 -0.817487 -0.905024 -0.954018 
59.985142 29338114.000000 46 46 44 0.412807 0.570338 0.957994 0.979000 0.938281 0.897532 0.857877 0.774059 0.526161 0.421266 0.273680 0.132581 0.034323 -0.198313 -0.393109 -0.515967 -0.686550 -0.887307 -0.955975 0.981781 0.944071 0.896041 0.858145 0.719585 0.479127 0.361281 0.220530 0.095803 -0.064713 -0.262740 -0.427570 -0.565554 -0.769572 -0.887399 -0.958341 
63.625916 114124280.000000 44 44 48 0.969106 0.952727 0.874167 0.969544 0.924482 0.877558 0.837002 0.683673 0.551975 0.396147 0.258784 0.164943 -0.035997 -0.257520 -0.351276 -0.495524 -0.792938 -0.904507 -0.962345 0.975551 0.935408 0.887495 0.841379 0.728627 0.532840 0.419930 0.257701 0.135391 0.023934 -0.221877 -0.372732 -0.471759 -0.660612 -0.890274 -0.943362 
66.323822 170743232.000000 48 54 54 0.889269 0.887838 0.909885 0.953021 0.927401 0.888009 0.826826 0.636112 0.567079 0.360021 0.253857 0.145886 -0.018909 -0.230149 -0.339711 -0.634884 -0.801408 -0.884032 -0.968084 0.954035 0.921747 0.885002 0.839256 0.653338 0.556005 0.355876 0.253610 0.143731 -0.014337 -0.221486 -0.339234 -0.606407 -0.807742 -0.901232 -0.971019 
61.604462 73773632.000000 54 54 56 0.936754 0.945699 0.927757 0.963874 0.933725 0.885858 0.806260 0.634891 0.578133 0.361489 0.265596 0.165195 -0.012503 -0.236293 -0.344400 -0.669407 -0.807466 -0.908978 -0.951645 0.959426 0.931281 0.886116 0.812384 0.640923 0.579870 0.372318 0.276450 0.154707 -0.005751 -0.230984 -0.342565 -0.626058 -0.788704 -0.893315 -0.959555 
58.839207 34127844.000000 54 56 56 0.931837 0.778751 0.981768 0.969244 0.937903 0.895402 0.812843 0.651618 0.586718 0.392227 0.277058 0.175496 0.017223 -0.201626 -0.334376 -0.649791 -0.777482 -0.916640 -0.958906 0.966285 0.934611 0.891365 0.793042 0.639400 0.570445 0.361449 0.258714 0.155665 -0.022245 -0.230339 -0.362360 -0.682248 -0.788961 -0.916606 -0.959833 
61.088211 39537876.000000 56 56 56 0.975847 0.960373 0.943669 0.963561 0.937500 0.895644 0.822508 0.649526 0.609673 0.403716 0.275735 0.186962 0.068478 -0.183907 -0.302305 -0.555236 -0.738705 -0.839844 -0.946573 0.966792 0.938448 0.891621 0.812931 0.647000 0.606896 0.412869 0.265972 0.187351 0.028008 -0.191717 -0.335110 -0.651902 -0.747697 -0.868836 -0.949338 
60.337708 7660395.000000 56 56 48 0.958040 0.974436 0.581881 0.975696 0.947753 0.915296 0.871737 0.708654 0.632100 0.469195 0.295615 0.197861 0.088947 -0.126862 -0.300385 -0.562869 -0.766047 -0.849597 -0.965901 0.965113 0.940455 0.904210 0.838607 0.662420 0.613338 0.421182 0.277873 0.180341 0.072956 -0.145344 -0.302882 -0.556223 -0.737706 -0.819591 -0.954251 
55.296120 7747051.000000 44 50 50 0.748634 0.755892 0.456456 0.989367 0.961193 0.901807 0.863269 0.674879 0.609093 0.439313 0.250032 0.044947 -0.181136 -0.396548 -0.548436 -0.733452 -0.876708 -0.948066 -0.988537 0.985701 0.958893 0.919149 0.894375 0.747143 0.620286 0.497954 0.326454 0.188282 0.049914 -0.161078 -0.393947 -0.619439 -0.767275 -0.883581 -0.973916 
46.584923 23116828.000000 50 58 54 0.551678 0.752022 0.402291 0.967557 0.926434 0.869391 0.732103 0.625871 0.543659 0.256768 0.005459 -0.235381 -0.426217 -0.522310 -0.651010 -0.823212 -0.909302 -0.964289 -0.988644 0.984335 0.935572 0.878897 0.758471 0.645924 0.588225 0.331509 0.079832 -0.184806 -0.393165 -0.515800 -0.644092 -0.798433 -0.900152 -0.958633 -0.988834 
46.270927 18906524.000000 116 112 38 0.489681 0.541791 0.610637 0.964229 0.939055 0.874970 0.700662 0.627869 0.449807 0.281987 -0.023135 -0.256916 -0.444027 -0.589654 -0.740761 -0.838361 -0.907637 -0.958928 -0.994285 0.960512 0.923901 0.870046 0.726836 0.611133 0.497063 0.266272 0.009269 -0.248974 -0.425284 -0.558955 -0.681730 -0.833031 -0.899084 -0.959037 -0.989481 
47.236252 15468640.000000 132 148 148 0.624714 0.776903 0.796588 0.957381 0.928829 0.859640 0.688244 0.625195 0.545831 0.213049 0.018635 -0.289892 -0.440052 -0.570555 -0.756821 -0.853419 -0.914323 -0.963210 -0.989089 0.961798 0.937812 0.871484 0.700975 0.636767 0.528122 0.277523 -0.029214 -0.255063 -0.434150 -0.586592 -0.751498 -0.833015 -0.921649 -0.962351 -0.991895 
49.187622 12311644.000000 112 56 54 0.632316 0.502990 0.729043 0.952832 0.922051 0.808679 0.643408 0.600804 0.369410 0.179530 -0.009225 -0.292001 -0.468777 -0.613703 -0.777605 -0.850765 -0.920980 -0.963994 -0.979468 0.961136 0.913675 0.845270 0.652912 0.611512 0.459086 0.178023 0.028279 -0.302351 -0.451906 -0.597769 -0.793120 -0.864016 -0.923788 -0.963371 -0.983717 
44.190353 7755463.000000 146 56 58 0.560711 0.715798 0.372660 0.952025 0.934200 0.824101 0.646761 0.597744 0.357194 0.166839 0.029334 -0.215237 -0.453558 -0.570042 -0.708533 -0.836404 -0.894724 -0.943528 -0.983373 0.948480 0.929210 0.803398 0.649298 0.594496 0.362839 0.150790 0.005388 -0.276430 -0.462181 -0.598749 -0.733297 -0.838532 -0.903167 -0.957269 -0.980172 
52.029877 21812210.000000 36 48 54 0.514079 0.856629 0.959083 0.988014 0.974506 0.949656 0.727607 0.616262 0.501441 0.261518 0.196425 0.022174 -0.405878 -0.548355 -0.614430 -0.783321 -0.872048 -0.936050 -0.974233 0.989188 0.976334 0.942229 0.739286 0.601039 0.477836 0.227167 0.128827 -0.111871 -0.428509 -0.550930 -0.689598 -0.832836 -0.894226 -0.944514 -0.981255 
54.496368 30703552.000000 52 54 56 0.930387 0.973819 0.966103 0.985662 0.974311 0.939480 0.687301 0.623446 0.525753 0.241344 0.185926 -0.015903 -0.409850 -0.550923 -0.608484 -0.736707 -0.875002 -0.928339 -0.981862 0.986499 0.973821 0.946316 0.702231 0.614793 0.515729 0.248820 0.186125 0.019420 -0.413846 -0.544707 -0.592924 -0.734833 -0.873097 -0.924751 -0.968332 
51.539413 22983496.000000 56 58 64 0.963969 0.896696 0.914043 0.984203 0.975299 0.918211 0.674150 0.632090 0.459555 0.212518 0.156606 -0.210891 -0.528709 -0.606394 -0.729567 -0.824494 -0.894329 -0.945230 -0.983710 0.984939 0.974642 0.933129 0.680671 0.637400 0.527055 0.233340 0.176536 -0.067523 -0.494982 -0.564362 -0.674614 -0.831639 -0.883398 -0.944508 -0.981643 
48.402481 8356598.500000 64 64 70 0.887877 0.840603 0.699240 0.988613 0.975861 0.909461 0.685623 0.618176 0.437547 0.205692 0.021967 -0.396125 -0.497926 -0.667160 -0.773068 -0.853643 -0.909021 -0.945484 -0.986970 0.986889 0.975952 0.915583 0.690595 0.621348 0.433684 0.217137 0.134439 -0.339005 -0.512564 -0.640341 -0.747424 -0.837051 -0.894610 -0.948733 -0.976837 
55.376091 15085209.000000 72 56 56 0.677744 0.723481 0.465808 0.979274 0.958631 0.819758 0.638526 0.573265 0.277469 0.094740 -0.266182 -0.465323 -0.553937 -0.714568 -0.784603 -0.852051 -0.937599 -0.970460 -0.995007 0.985291 0.965420 0.859398 0.645742 0.589170 0.334954 0.146818 -0.188956 -0.446745 -0.524026 -0.699506 -0.787360 -0.863247 -0.925026 -0.955047 -0.991129 
49.436081 2052497.750000 56 54 50 0.780783 0.709447 0.557283 0.986258 0.969946 0.850196 0.655393 0.568001 0.323362 0.161820 -0.152511 -0.403048 -0.558621 -0.681175 -0.794164 -0.859547 -0.915446 -0.958878 -0.984981 0.984665 0.961843 0.822842 0.637516 0.556627 0.270158 0.111322 -0.245894 -0.444255 -0.557833 -0.709698 -0.788198 -0.840320 -0.930870 -0.969455 -0.993926 
34.745422 375401.281250 50 110 92 0.770676 0.648270 0.445880 0.984367 0.955955 0.855950 0.650326 0.617480 0.426227 0.218079 -0.051902 -0.344562 -0.521225 -0.608475 -0.747159 -0.841229 -0.909709 -0.962558 -0.994085 0.987776 0.967250 0.859089 0.655570 0.603563 0.387200 0.222883 -0.069797 -0.354821 -0.545009 -0.644620 -0.774140 -0.856432 -0.912974 -0.956277 -0.984185 
29.975588 132839.156250 92 112 100 0.363621 0.613840 0.312323 0.983765 0.954735 0.869918 0.688280 0.627815 0.462092 0.217564 -0.028753 -0.376127 -0.534248 -0.652789 -0.779660 -0.853479 -0.919417 -0.959135 -0.992594 0.982259 0.953062 0.846775 0.669038 0.619756 0.447585 0.191016 -0.020033 -0.391129 -0.525571 -0.626681 -0.767067 -0.840237 -0.910544 -0.960030 -0.991394 
27.691387 76068.140625 52 50 60 0.523776 0.622470 0.595464 0.989130 0.969212 0.873910 0.720077 0.636603 0.511392 0.172247 0.001809 -0.328402 -0.515177 -0.642346 -0.764836 -0.844290 -0.929873 -0.969691 -0.991059 0.988022 0.964333 0.878585 0.700553 0.635544 0.482345 0.202935 -0.025144 -0.316509 -0.532581 -0.667812 -0.778973 -0.847836 -0.925355 -0.961666 -0.992908 
22.921890 31740.992188 50 56 56 0.570213 0.645911 0.581069 0.986649 0.950472 0.889262 0.701938 0.620805 0.480471 0.279014 0.062079 -0.255905 -0.476061 -0.634404 -0.758771 -0.855088 -0.912296 -0.962757 -0.994958 0.990614 0.960455 0.872835 0.717801 0.620151 0.500622 0.236455 0.006649 -0.293978 -0.500615 -0.637293 -0.767111 -0.855198 -0.920654 -0.969362 -0.992926 
20.963837 20894.681641 94 106 94 0.497389 0.633040 0.655113 0.989237 0.964101 0.893675 0.745599 0.620376 0.493873 0.282637 0.075288 -0.185871 -0.404109 -0.589767 -0.762908 -0.870516 -0.942641 -0.973648 -0.992996 0.989285 0.961352 0.891600 0.716888 0.624521 0.477469 0.289308 0.061515 -0.209068 -0.410836 -0.630393 -0.760442 -0.859665 -0.926301 -0.966902 -0.989267 
31.034321 1795521.750000 94 52 74 0.665660 0.759642 0.529793 0.960657 0.938492 0.851753 0.721168 0.478296 0.394896 0.153603 0.051610 -0.138695 -0.405555 -0.527706 -0.658060 -0.779205 -0.872458 -0.922418 -0.977864 0.987074 0.958698 0.905721 0.772831 0.614854 0.461139 0.278125 0.084471 -0.182407 -0.410757 -0.562538 -0.719709 -0.857896 -0.922557 -0.969524 -0.992918 
37.413242 2454683.500000 50 50 56 0.688752 0.594016 0.557801 0.963655 0.947485 0.818260 0.699399 0.470703 0.293572 0.188319 0.042445 -0.157256 -0.359991 -0.482481 -0.655331 -0.765260 -0.840923 -0.917659 -0.966627 0.964064 0.950947 0.868826 0.766365 0.513583 0.382584 0.155798 0.068138 -0.155569 -0.385732 -0.521443 -0.667030 -0.777081 -0.860859 -0.920597 -0.970305 
37.227245 2229029.750000 152 146 52 0.452328 0.471440 0.633280 0.962518 0.919054 0.826144 0.715776 0.453436 0.337686 0.260013 0.174870 -0.059094 -0.311634 -0.485052 -0.623493 -0.733106 -0.850115 -0.912290 -0.977926 0.958752 0.917085 0.774771 0.673002 0.409532 0.305392 0.229614 0.122202 -0.121957 -0.336506 -0.493303 -0.627883 -0.748116 -0.860370 -0.906646 -0.969821 
32.779606 820053.562500 146 72 152 0.592766 0.420214 0.374397 0.958293 0.907982 0.855113 0.711051 0.513824 0.430482 0.263782 0.123791 -0.067882 -0.243245 -0.428313 -0.544528 -0.696886 -0.836356 -0.894080 -0.966147 0.965266 0.925711 0.865552 0.789506 0.535321 0.421774 0.291765 0.180464 -0.031078 -0.270041 -0.422748 -0.572974 -0.734174 -0.840216 -0.910020 -0.974213 
34.681183 1424055.125000 150 58 46 0.430570 0.365992 0.367492 0.985831 0.964213 0.886932 0.758822 0.562610 0.384593 0.277662 0.123490 -0.032689 -0.270786 -0.463871 -0.571474 -0.672179 -0.796086 -0.886406 -0.942083 0.960410 0.899497 0.804849 0.682307 0.477015 0.360282 0.238272 0.099988 -0.058144 -0.270155 -0.447474 -0.570630 -0.694888 -0.820389 -0.879597 -0.944744 
54.081680 1467107.000000 48 54 54 0.451436 0.888731 0.969862 0.985587 0.974082 0.941247 0.869472 0.817217 0.669038 0.460968 0.229814 0.137232 -0.142925 -0.324795 -0.493356 -0.622646 -0.761719 -0.877599 -0.962641 0.986251 0.970887 0.936068 0.879602 0.759994 0.563682 0.364373 0.226985 0.060108 -0.174834 -0.392866 -0.538912 -0.646173 -0.773813 -0.878134 -0.937224 
57.408325 1128550.625000 54 54 52 0.976481 0.982905 0.985969 0.986986 0.974149 0.949332 0.849733 0.813317 0.705510 0.597169 0.347238 0.114603 0.013870 -0.167109 -0.484090 -0.628699 -0.787494 -0.899690 -0.978114 0.986215 0.974520 0.944482 0.854036 0.818159 0.703940 0.561370 0.282148 0.167203 -0.012291 -0.301303 -0.500654 -0.630548 -0.786530 -0.897555 -0.976313 
59.690723 2334586.000000 52 52 50 0.973078 0.954606 0.946017 0.988172 0.972610 0.947504 0.840986 0.794274 0.690602 0.592385 0.403841 0.130190 -0.020775 -0.097690 -0.375099 -0.598986 -0.762057 -0.902755 -0.976344 0.987749 0.973301 0.947402 0.843474 0.803693 0.692419 0.600230 0.357930 0.090058 -0.000627 -0.150590 -0.447025 -0.633478 -0.791310 -0.905850 -0.979439 
60.422974 8534635.000000 50 48 44 0.969319 0.932489 0.947477 0.988248 0.974465 0.932672 0.831293 0.719490 0.622071 0.452120 0.376649 0.076023 -0.016299 -0.133919 -0.459353 -0.564039 -0.621703 -0.818272 -0.967905 0.988073 0.972623 0.940768 0.839700 0.762561 0.668439 0.522423 0.422619 0.166220 -0.020573 -0.083325 -0.453779 -0.563322 -0.680550 -0.891653 -0.971526 
60.333000 13749830.000000 44 42 40 0.955798 0.898497 0.960993 0.987191 0.980341 0.903785 0.783038 0.703868 0.601821 0.372016 0.337513 0.103904 -0.070103 -0.194710 -0.425476 -0.558346 -0.611704 -0.752517 -0.961121 0.988146 0.979127 0.918421 0.798069 0.706114 0.593454 0.388928 0.356989 0.067450 -0.037819 -0.171119 -0.461174 -0.572756 -0.631456 -0.797970 -0.967369 
61.585331 20895834.000000 40 40 38 0.934274 0.968844 0.973674 0.986692 0.981225 0.909697 0.748619 0.688518 0.612880 0.309204 0.257632 0.124750 -0.122003 -0.258110 -0.382461 -0.571800 -0.664446 -0.737885 -0.940265 0.987602 0.981910 0.907890 0.766826 0.703180 0.610880 0.333543 0.308767 0.122598 -0.090630 -0.200085 -0.423221 -0.554109 -0.638017 -0.754369 -0.953509 
62.458206 16781588.000000 38 36 36 0.974194 0.990225 0.979077 0.985257 0.981026 0.932022 0.852434 0.677868 0.586348 0.243681 0.170216 0.110031 -0.236288 -0.344467 -0.390647 -0.584231 -0.684257 -0.785864 -0.962731 0.985840 0.981235 0.922539 0.783195 0.674576 0.620229 0.264333 0.208681 0.128947 -0.197071 -0.303759 -0.352481 -0.579353 -0.648078 -0.724867 -0.948150 
63.115292 12179613.000000 36 34 34 0.976651 0.978571 0.966037 0.983583 0.979322 0.934524 0.824355 0.734117 0.670954 0.394112 0.142135 0.070794 -0.095674 -0.421873 -0.458706 -0.557193 -0.654818 -0.903423 -0.982015 0.984612 0.980264 0.937852 0.865626 0.724119 0.586615 0.302718 0.147094 0.080338 -0.214592 -0.408814 -0.442792 -0.564762 -0.682828 -0.869363 -0.971559 
62.090534 10321922.000000 34 34 34 0.979888 0.957264 0.953614 0.982785 0.978337 0.935196 0.821217 0.723363 0.664949 0.403885 0.210200 0.031808 -0.090002 -0.462921 -0.510588 -0.600262 -0.670494 -0.909482 -0.992302 0.982891 0.978532 0.935298 0.815002 0.729381 0.690055 0.412497 0.173439 0.030941 -0.084465 -0.440228 -0.481702 -0.565106 -0.645954 -0.922226 -0.987772 
53.079205 1151146.625000 34 36 36 0.929908 0.804321 0.577204 0.984575 0.972733 0.905099 0.804080 0.701146 0.544622 0.314267 0.154987 -0.005149 -0.267106 -0.463324 -0.530490 -0.621739 -0.796776 -0.926349 -0.982875 0.983478 0.979299 0.917915 0.823475 0.740585 0.614669 0.403876 0.167624 0.048841 -0.177644 -0.478658 -0.529274 -0.603221 -0.710730 -0.918742 -0.991458 
40.264465 1797866.125000 34 36 36 0.704214 0.865702 0.524446 0.984618 0.975640 0.876812 0.741440 0.671866 0.445407 0.301123 0.156514 -0.130361 -0.334849 -0.516741 -0.599828 -0.748213 -0.888055 -0.945104 -0.970705 0.983913 0.975001 0.887860 0.743019 0.663346 0.428611 0.306557 0.164885 -0.127371 -0.299519 -0.487754 -0.587876 -0.743201 -0.887046 -0.946444 -0.965843 
57.031189 7773888.000000 42 28 30 0.620167 0.831136 0.949453 0.978084 0.975058 0.929048 0.842836 0.672851 0.655173 0.260094 0.131555 0.019860 -0.132951 -0.404774 -0.464336 -0.548735 -0.693551 -0.896366 -0.989989 0.975752 0.971608 0.909726 0.759099 0.676757 0.583558 0.318571 0.123923 0.002476 -0.210646 -0.446463 -0.514410 -0.634608 -0.824884 -0.933786 -0.981566 
60.074684 7842287.500000 30 32 32 0.953788 0.966383 0.928563 0.981792 0.976753 0.930063 0.846121 0.696230 0.633616 0.319627 0.145518 0.035294 -0.116794 -0.355700 -0.387597 -0.564393 -0.680446 -0.827761 -0.976601 0.981118 0.976831 0.933292 0.849575 0.678136 0.657345 0.267208 0.140596 0.029630 -0.130702 -0.398768 -0.440365 -0.558122 -0.683396 -0.889867 -0.989637 
57.782745 6695205.500000 32 34 36 0.964921 0.967119 0.900882 0.982711 0.966828 0.925986 0.893930 0.716117 0.620238 0.402312 0.140218 0.067339 -0.104543 -0.330684 -0.411718 -0.601748 -0.735551 -0.881943 -0.937775 0.982650 0.972529 0.924935 0.869493 0.710160 0.650440 0.353829 0.162173 0.051870 -0.051223 -0.341368 -0.378042 -0.559904 -0.691671 -0.831548 -0.956985 
47.091896 6671302.500000 36 34 32 0.927822 0.655836 0.622621 0.981657 0.964324 0.873667 0.754230 0.635596 0.451302 0.198227 0.086575 -0.070151 -0.338552 -0.484952 -0.631977 -0.725365 -0.861982 -0.926829 -0.962624 0.982168 0.963017 0.917125 0.863495 0.701536 0.593192 0.307028 0.122868 0.031191 -0.267973 -0.399963 -0.573470 -0.711414 -0.834035 -0.917921 -0.943939 
37.761349 2743562.250000 32 50 48 0.548798 0.510783 0.319372 0.979924 0.962070 0.830158 0.716919 0.594492 0.377413 0.187116 0.070376 -0.140098 -0.355354 -0.476574 -0.619282 -0.764622 -0.868937 -0.927141 -0.970053 0.983178 0.970131 0.801759 0.699634 0.591407 0.372570 0.168000 0.062099 -0.116425 -0.347131 -0.482522 -0.622179 -0.754000 -0.864684 -0.932376 -0.969238 
32.261860 694873.562500 108 42 68 0.488123 0.528661 0.511213 0.979236 0.958522 0.843467 0.727042 0.680237 0.461276 0.301621 0.071568 -0.147172 -0.335686 -0.476751 -0.600038 -0.730713 -0.849316 -0.932188 -0.970095 0.982355 0.964688 0.837122 0.731026 0.636661 0.449344 0.247440 0.068826 -0.152487 -0.351755 -0.499871 -0.609781 -0.736443 -0.862995 -0.932270 -0.972291 
29.515854 397463.406250 68 68 54 0.498003 0.369895 0.435496 0.974094 0.952191 0.864471 0.721998 0.682369 0.443299 0.172411 0.008658 -0.134107 -0.360446 -0.530338 -0.631258 -0.798483 -0.867423 -0.924495 -0.967030 0.977047 0.952495 0.861540 0.725684 0.689312 0.479171 0.263495 0.060566 -0.104487 -0.334438 -0.486319 -0.615223 -0.768831 -0.854910 -0.922418 -0.966543 
37.584721 5439162.500000 148 150 148 0.327689 0.623227 0.664518 0.960579 0.918433 0.767078 0.630794 0.424719 0.279609 0.167000 0.044437 -0.246116 -0.370118 -0.490677 -0.578217 -0.712516 -0.846427 -0.926692 -0.965904 0.980668 0.953097 0.869345 0.707205 0.673928 0.380003 0.160765 0.007133 -0.204133 -0.398971 -0.533766 -0.648792 -0.780440 -0.872973 -0.919527 -0.969601 
40.763954 3774462.500000 148 148 148 0.607205 0.835390 0.721191 0.956869 0.925026 0.770633 0.610348 0.505064 0.354835 0.220699 0.112122 -0.217575 -0.355312 -0.445639 -0.602122 -0.717803 -0.866912 -0.932027 -0.976220 0.950303 0.915016 0.776206 0.588844 0.461658 0.305886 0.193239 0.085086 -0.266177 -0.377193 -0.480898 -0.585991 -0.718891 -0.858556 -0.930600 -0.975684 
57.924267 36312964.000000 38 38 50 0.246356 0.787110 0.911592 0.979766 0.969289 0.943773 0.745398 0.595719 0.499257 0.314126 0.226458 0.146363 -0.193519 -0.348939 -0.428052 -0.597722 -0.743503 -0.793845 -0.864603 0.986775 0.981118 0.905272 0.721477 0.577666 0.478866 0.317161 0.222596 0.065339 -0.238190 -0.374750 -0.507583 -0.706654 -0.808000 -0.908892 -0.968788 
61.568329 37867988.000000 50 56 62 0.877125 0.858854 0.956410 0.978167 0.966026 0.938904 0.809346 0.563078 0.473655 0.308279 0.231753 0.114367 -0.171935 -0.344071 -0.421197 -0.648037 -0.725718 -0.802418 -0.833865 0.975681 0.966561 0.944398 0.804850 0.558550 0.471362 0.305543 0.231590 0.112501 -0.162059 -0.374040 -0.421321 -0.640392 -0.733282 -0.795366 -0.835733 
59.073338 14554908.000000 62 64 68 0.941948 0.945217 0.888425 0.979849 0.966227 0.949707 0.845580 0.536386 0.463685 0.306663 0.240945 0.112658 -0.174252 -0.312903 -0.409212 -0.645781 -0.746106 -0.812689 -0.846745 0.979422 0.966581 0.942108 0.812330 0.542278 0.466523 0.304051 0.233283 0.122561 -0.154393 -0.345792 -0.432955 -0.648827 -0.729841 -0.793525 -0.837610 
58.285507 11211070.000000 68 68 70 0.879481 0.965051 0.963454 0.981612 0.968327 0.951593 0.835044 0.540475 0.454591 0.337096 0.229072 0.135036 -0.118807 -0.260562 -0.406439 -0.673655 -0.748723 -0.799562 -0.849238 0.980436 0.967332 0.951866 0.854957 0.551650 0.459987 0.344028 0.252003 0.116843 -0.130787 -0.277464 -0.467971 -0.652608 -0.744563 -0.797274 -0.859624 
54.482670 3380317.000000 70 72 72 0.969276 0.957728 0.899048 0.988090 0.970915 0.957944 0.830002 0.548554 0.468941 0.288563 0.224592 0.123705 -0.108982 -0.271103 -0.546000 -0.672099 -0.735785 -0.787228 -0.900891 0.983654 0.969654 0.952362 0.817512 0.548418 0.456602 0.298666 0.226776 0.150988 -0.085094 -0.250697 -0.486222 -0.677344 -0.749922 -0.805599 -0.874188 
44.879974 8561652.000000 72 74 64 0.883753 0.455246 0.546890 0.980317 0.958478 0.934548 0.579436 0.470428 0.352302 0.210338 -0.016270 -0.119297 -0.262588 -0.484715 -0.614367 -0.718082 -0.840958 -0.929898 -0.970752 0.990297 0.971020 0.957726 0.787936 0.509006 0.441784 0.265772 0.189524 -0.017911 -0.199780 -0.371113 -0.608644 -0.690614 -0.792296 -0.899938 -0.958628 
46.771580 20331004.000000 64 72 72 0.616683 0.673053 0.659508 0.981383 0.966088 0.798262 0.528977 0.424208 0.240751 0.118729 -0.098261 -0.149049 -0.392783 -0.498247 -0.684348 -0.759963 -0.856338 -0.920692 -0.977162 0.973739 0.960666 0.869530 0.512104 0.413613 0.250126 0.134320 -0.088247 -0.139116 -0.351159 -0.488219 -0.621918 -0.732819 -0.838467 -0.928089 -0.975928 
45.281506 12100139.000000 74 70 72 0.732501 0.416592 0.459979 0.977245 0.961540 0.772887 0.503777 0.382741 0.202280 0.105091 -0.056273 -0.231733 -0.412569 -0.554392 -0.669578 -0.754972 -0.878881 -0.931950 -0.984083 0.981107 0.963732 0.809452 0.509312 0.414756 0.213580 0.103091 -0.069176 -0.209146 -0.417947 -0.562198 -0.695521 -0.767139 -0.874936 -0.926570 -0.980510 
47.056274 13975862.000000 72 114 110 0.490189 0.429142 0.707074 0.968645 0.955218 0.683958 0.442415 0.303349 0.136984 0.044474 -0.066993 -0.289066 -0.482643 -0.583426 -0.696631 -0.823929 -0.897522 -0.943914 -0.978444 0.970933 0.955242 0.815804 0.478920 0.344865 0.189822 0.110551 -0.006538 -0.220405 -0.404242 -0.528259 -0.683838 -0.788317 -0.868308 -0.927386 -0.979170 
52.022491 18504978.000000 62 120 48 0.696285 0.557611 0.621517 0.977511 0.951326 0.639069 0.419720 0.278109 0.111989 -0.067332 -0.159443 -0.283935 -0.471692 -0.575621 -0.720293 -0.796389 -0.886685 -0.953020 -0.984997 0.970632 0.952987 0.662438 0.421828 0.263218 0.108598 -0.013618 -0.114140 -0.286012 -0.498921 -0.593510 -0.727136 -0.825710 -0.892793 -0.953817 -0.979066 
53.559723 20550084.000000 48 46 44 0.509728 0.702637 0.498106 0.973611 0.923328 0.680532 0.433642 0.313548 0.097617 -0.099188 -0.250768 -0.374123 -0.483701 -0.609038 -0.731126 -0.837258 -0.888424 -0.935226 -0.987600 0.975362 0.936636 0.620268 0.414030 0.296808 0.116648 -0.083257 -0.183462 -0.322985 -0.463306 -0.603244 -0.713124 -0.804568 -0.888686 -0.934472 -0.992713 
55.605728 20670646.000000 46 40 70 0.523037 0.329123 0.615649 0.973576 0.912863 0.743590 0.500875 0.293953 0.078675 -0.080778 -0.295981 -0.428726 -0.520611 -0.592331 -0.716607 -0.815227 -0.901059 -0.958981 -0.978922 0.971807 0.914537 0.746792 0.509334 0.282348 0.107626 -0.065761 -0.285435 -0.407632 -0.501716 -0.608032 -0.740009 -0.822945 -0.886598 -0.947938 -0.979300 
55.067463 12305983.000000 68 72 58 0.575562 0.792017 0.324532 0.975437 0.919731 0.763970 0.543484 0.352982 0.113785 -0.116265 -0.353054 -0.470801 -0.524798 -0.635553 -0.750902 -0.838869 -0.900488 -0.949909 -0.981351 0.974239 0.911658 0.759571 0.531565 0.332014 0.097827 -0.080648 -0.296197 -0.455440 -0.521055 -0.595195 -0.737001 -0.828661 -0.891246 -0.950807 -0.976250 
52.647545 5687165.000000 136 50 46 0.357975 0.488715 0.407897 0.976791 0.923571 0.789021 0.586415 0.354002 0.105819 -0.096194 -0.274538 -0.470933 -0.572897 -0.679013 -0.780398 -0.836490 -0.887591 -0.948878 -0.977576 0.976681 0.925348 0.775301 0.537317 0.358859 0.148486 -0.089736 -0.318865 -0.465816 -0.546553 -0.655297 -0.762241 -0.822991 -0.890694 -0.950555 -0.977858 
53.600536 5088553.500000 44 44 48 0.589136 0.683607 0.545758 0.976561 0.915439 0.798532 0.626199 0.399643 0.127984 -0.056711 -0.252960 -0.476871 -0.574901 -0.679994 -0.792701 -0.847454 -0.896668 -0.951323 -0.978622 0.978790 0.918642 0.796986 0.626374 0.384508 0.074742 -0.083748 -0.261956 -0.498274 -0.575875 -0.703280 -0.794384 -0.848641 -0.894196 -0.944990 -0.977098 
49.815147 4782597.500000 150 150 148 0.462750 0.558886 0.661851 0.977609 0.921121 0.797750 0.637446 0.405930 0.127621 -0.024395 -0.300660 -0.459429 -0.564262 -0.694233 -0.763096 -0.800687 -0.905361 -0.957340 -0.990442 0.974970 0.930142 0.808204 0.615613 0.311053 0.109186 -0.039307 -0.284809 -0.446544 -0.573182 -0.644747 -0.770927 -0.845925 -0.912812 -0.951897 -0.987882 
53.291771 1377022.625000 148 48 106 0.704437 0.434776 0.643727 0.982810 0.940556 0.797975 0.621055 0.330086 0.126829 -0.010885 -0.225499 -0.446341 -0.574193 -0.702493 -0.757368 -0.803856 -0.868680 -0.950439 -0.977906 0.981084 0.919907 0.790778 0.625243 0.357999 0.109413 -0.045074 -0.310837 -0.478675 -0.594345 -0.719842 -0.762175 -0.801283 -0.880116 -0.958415 -0.981239 
32.192272 129388.062500 108 92 110 0.615136 0.364869 0.609235 0.986140 0.964881 0.841344 0.675915 0.493268 0.276425 0.027072 -0.205192 -0.380505 -0.504859 -0.662405 -0.762093 -0.826881 -0.903175 -0.953046 -0.980613 0.983328 0.953527 0.826566 0.667780 0.463307 0.190179 0.029584 -0.197832 -0.388451 -0.526036 -0.673737 -0.761468 -0.828976 -0.897245 -0.952836 -0.979705 
45.531555 11881413.000000 48 44 46 0.834707 0.500754 0.540727 0.956802 0.919543 0.842478 0.540660 0.345995 0.198059 0.065766 -0.089329 -0.321149 -0.498033 -0.564718 -0.637705 -0.752450 -0.839356 -0.938274 -0.970196 0.971474 0.927310 0.828223 0.579187 0.391757 0.245057 0.089508 -0.065267 -0.232961 -0.431166 -0.571422 -0.651866 -0.766926 -0.863150 -0.930712 -0.977862 
49.824581 15185630.000000 72 54 60 0.530300 0.481733 0.714399 0.988936 0.976641 0.954943 0.577284 0.421943 0.292734 0.138254 0.057487 -0.268445 -0.371626 -0.489174 -0.562091 -0.732937 -0.822796 -0.894036 -0.977348 0.975902 0.933108 0.814225 0.473818 0.301626 0.153515 0.054105 -0.193261 -0.382355 -0.478555 -0.553086 -0.625793 -0.770863 -0.847944 -0.928990 -0.980262 
55.444626 32477680.000000 60 68 72 0.750884 0.958558 0.959695 0.984026 0.972231 0.948133 0.767258 0.445141 0.404525 0.221324 0.138312 0.010143 -0.219258 -0.376129 -0.513083 -0.697248 -0.760621 -0.832538 -0.951903 0.984718 0.975528 0.948602 0.718148 0.450115 0.406093 0.196105 0.130460 -0.041141 -0.264732 -0.424819 -0.551682 -0.699868 -0.778556 -0.895180 -0.969331 
57.575912 26707804.000000 72 74 76 0.952335 0.987323 0.980159 0.981701 0.969958 0.955041 0.809795 0.438208 0.395121 0.245557 0.151520 0.030767 -0.203567 -0.353400 -0.491275 -0.680378 -0.762249 -0.838277 -0.948249 0.982976 0.969969 0.952645 0.783418 0.446551 0.396132 0.229635 0.142437 0.019721 -0.228441 -0.369607 -0.494416 -0.708733 -0.775348 -0.830017 -0.948836 
57.860264 14768608.000000 76 76 78 0.980644 0.981053 0.995010 0.980343 0.970442 0.954654 0.821738 0.449404 0.409382 0.306618 0.189984 0.075194 -0.168441 -0.325528 -0.501671 -0.667466 -0.772174 -0.813921 -0.918712 0.980220 0.969923 0.954706 0.828242 0.440019 0.399824 0.271827 0.172023 0.044793 -0.195919 -0.334675 -0.482545 -0.685950 -0.775686 -0.831104 -0.936789 
57.107285 10629961.000000 78 78 80 0.997103 0.971256 0.992278 0.982455 0.972154 0.957555 0.836645 0.445447 0.385316 0.300213 0.206241 0.080367 -0.179729 -0.327210 -0.460043 -0.665029 -0.749574 -0.812526 -0.903500 0.980857 0.970800 0.955667 0.809031 0.451170 0.399471 0.301783 0.207244 0.081118 -0.170364 -0.333279 -0.461859 -0.657184 -0.763068 -0.810561 -0.910621 
55.118896 5063072.000000 80 82 82 0.992964 0.967585 0.964277 0.983476 0.974256 0.960601 0.818125 0.450812 0.390879 0.284391 0.207952 0.103458 -0.108450 -0.295672 -0.385012 -0.651673 -0.738330 -0.798763 -0.951999 0.983198 0.973962 0.960155 0.814523 0.441632 0.392211 0.296552 0.216486 0.072760 -0.168480 -0.295683 -0.391626 -0.653737 -0.751913 -0.809349 -0.947445 
54.032703 2347748.750000 82 84 84 0.964488 0.960195 0.980208 0.986064 0.976609 0.964697 0.857308 0.430503 0.367575 0.305313 0.218295 0.111049 -0.068415 -0.317670 -0.415041 -0.595528 -0.727771 -0.781449 -0.930270 0.984578 0.975583 0.961698 0.821785 0.442457 0.370878 0.303152 0.214873 0.108012 -0.157436 -0.301570 -0.405030 -0.621533 -0.739531 -0.788449 -0.931578 
53.174419 1880755.500000 84 84 84 0.974763 0.955115 0.959887 0.986313 0.977613 0.964265 0.868097 0.427227 0.392010 0.299073 0.237587 0.106814 -0.118542 -0.337447 -0.387254 -0.550779 -0.691586 -0.837344 -0.947009 0.985891 0.976782 0.964946 0.863905 0.430584 0.392077 0.283968 0.209333 0.088732 -0.136671 -0.324822 -0.377929 -0.578493 -0.705256 -0.825948 -0.941613 
52.363503 1068333.000000 84 84 84 0.952666 0.969065 0.951722 0.986933 0.978367 0.965692 0.884753 0.439255 0.371309 0.303844 0.242685 0.137308 -0.041636 -0.339377 -0.421731 -0.591325 -0.683644 -0.824547 -0.957149 0.986573 0.978482 0.965052 0.879197 0.434225 0.375985 0.321657 0.247101 0.134410 -0.052664 -0.352009 -0.403772 -0.582778 -0.715387 -0.837565 -0.956729 
51.076946 1417592.500000 84 84 82 0.818127 0.607746 0.950585 0.987525 0.978931 0.966502 0.860015 0.419123 0.376883 0.295122 0.231698 0.115269 -0.134590 -0.355026 -0.410052 -0.619865 -0.682878 -0.783561 -0.950700 0.985329 0.977817 0.963735 0.873302 0.430372 0.388132 0.309805 0.259432 0.132852 -0.096856 -0.370196 -0.434024 -0.607844 -0.696053 -0.813659 -0.950063 
52.048344 1708126.875000 82 80 78 0.956027 0.965115 0.953866 0.987786 0.980815 0.962130 0.839820 0.414120 0.377776 0.281364 0.213296 0.119412 -0.065225 -0.329058 -0.384071 -0.563582 -0.624934 -0.779310 -0.958380 0.987981 0.979717 0.965524 0.874448 0.399691 0.362447 0.279843 0.224432 0.125550 -0.067250 -0.344072 -0.405166 -0.590853 -0.663659 -0.777913 -0.957725 
51.158108 389638.812500 78 76 76 0.963608 0.969829 0.688578 0.989866 0.980206 0.967013 0.911385 0.441570 0.386110 0.313855 0.232801 0.068329 -0.086045 -0.358536 -0.477303 -0.543929 -0.607527 -0.849282 -0.963918 0.988529 0.980542 0.965123 0.861961 0.411206 0.377071 0.292249 0.219902 0.088302 -0.109156 -0.327405 -0.421299 -0.532915 -0.585896 -0.782269 -0.956782 
39.601273 37371.242188 76 76 74 0.592580 0.764655 0.912571 0.995490 0.987177 0.961217 0.919343 0.539124 0.406537 0.327878 0.214358 0.099176 -0.091998 -0.376538 -0.504454 -0.664982 -0.807588 -0.918996 -0.968421 0.995035 0.985197 0.961208 0.882041 0.522526 0.413967 0.331303 0.227950 0.092236 -0.098319 -0.320426 -0.510647 -0.591838 -0.761819 -0.901527 -0.966246 
35.726826 22373.931641 74 140 140 0.932598 0.697800 0.540245 0.991109 0.981255 0.962608 0.853946 0.527013 0.405612 0.328913 0.225193 0.089391 -0.119226 -0.352132 -0.494461 -0.674178 -0.783723 -0.905384 -0.964876 0.994426 0.984695 0.963811 0.906125 0.545364 0.392722 0.325345 0.229032 0.109798 -0.079146 -0.375579 -0.500309 -0.671992 -0.787375 -0.900380 -0.969800 
46.024590 19989298.000000 76 74 68 0.669607 0.396176 0.602591 0.986421 0.955533 0.776492 0.497938 0.364694 0.180565 0.033953 -0.116176 -0.220493 -0.370468 -0.536146 -0.638715 -0.770229 -0.859058 -0.919613 -0.971444 0.984360 0.958702 0.819515 0.585842 0.400082 0.282434 0.105500 0.013928 -0.118569 -0.240021 -0.391209 -0.577560 -0.685330 -0.813282 -0.916427 -0.969757 
52.603130 28210148.000000 68 56 80 0.493496 0.539791 0.787714 0.982937 0.908103 0.544023 0.454732 0.261273 0.151692 -0.046138 -0.169928 -0.261813 -0.418717 -0.564683 -0.695917 -0.781706 -0.862342 -0.937498 -0.975778 0.988991 0.935121 0.573766 0.452552 0.264329 0.132904 -0.032875 -0.156009 -0.250141 -0.406976 -0.560202 -0.656299 -0.772032 -0.863081 -0.929468 -0.982024 
53.400024 26484224.000000 80 50 52 0.832649 0.369674 0.477259 0.975971 0.888737 0.555586 0.494849 0.248066 0.136941 -0.059320 -0.170979 -0.270854 -0.450575 -0.535263 -0.680075 -0.799567 -0.881030 -0.932279 -0.983548 0.977502 0.886785 0.554108 0.478774 0.255919 0.130315 -0.063179 -0.184540 -0.295761 -0.436690 -0.539688 -0.709774 -0.794337 -0.879287 -0.934760 -0.975466 
49.199806 9873221.000000 50 56 44 0.510232 0.383418 0.614848 0.983923 0.867968 0.571479 0.495683 0.299987 0.167238 0.062479 -0.088190 -0.238749 -0.334058 -0.518570 -0.655843 -0.745375 -0.836851 -0.922253 -0.988395 0.979646 0.872372 0.545558 0.481023 0.251027 0.139447 0.014114 -0.169825 -0.229603 -0.408684 -0.556788 -0.669937 -0.758131 -0.857374 -0.925440 -0.983492 
36.778294 1137643.375000 50 58 50 0.725279 0.671659 0.718621 0.986518 0.940067 0.672028 0.554822 0.419392 0.228811 0.128022 -0.082550 -0.202412 -0.363685 -0.497827 -0.661892 -0.775185 -0.853677 -0.936303 -0.979655 0.987287 0.917867 0.611325 0.525532 0.353762 0.217272 0.110102 -0.024478 -0.218165 -0.358615 -0.496645 -0.651899 -0.782119 -0.834028 -0.930965 -0.974423 
29.787735 337845.562500 52 48 48 0.554600 0.739827 0.517365 0.986484 0.958608 0.765875 0.543115 0.461486 0.238766 0.063097 -0.132938 -0.227882 -0.329633 -0.481511 -0.681456 -0.797713 -0.871361 -0.937524 -0.984756 0.984102 0.949226 0.712409 0.552292 0.468882 0.269627 0.080016 -0.113328 -0.203352 -0.318960 -0.491511 -0.678383 -0.782282 -0.857226 -0.933613 -0.980044 
27.187046 183557.109375 48 42 148 0.569357 0.520483 0.616886 0.982348 0.946506 0.824934 0.615748 0.450744 0.191153 0.055738 -0.102683 -0.215125 -0.290465 -0.510717 -0.641055 -0.740368 -0.866715 -0.932565 -0.973800 0.985516 0.956342 0.821105 0.564989 0.447659 0.176375 0.065387 -0.098615 -0.227202 -0.286121 -0.513616 -0.651489 -0.787347 -0.857954 -0.939834 -0.970195 
25.232216 146642.937500 146 104 50 0.586533 0.574500 0.574216 0.983439 0.956040 0.843602 0.614835 0.491941 0.360613 0.086831 -0.122596 -0.198289 -0.304633 -0.429772 -0.643435 -0.714814 -0.871718 -0.938262 -0.985924 0.989175 0.956521 0.822739 0.586039 0.469205 0.272401 0.033754 -0.116403 -0.212534 -0.316892 -0.479431 -0.650008 -0.733959 -0.869496 -0.935822 -0.990128 
21.027683 53869.097656 50 56 94 0.466470 0.468904 0.505450 0.983533 0.947384 0.859835 0.681647 0.549677 0.379310 0.176895 -0.080756 -0.168054 -0.243923 -0.380077 -0.632315 -0.715009 -0.880553 -0.919181 -0.969684 0.979833 0.948117 0.859866 0.717012 0.498409 0.366392 0.135616 -0.114651 -0.183931 -0.282745 -0.427889 -0.636476 -0.728017 -0.869641 -0.925964 -0.967984 
17.463261 27093.593750 96 50 52 0.505482 0.503175 0.562148 0.984049 0.958945 0.878629 0.692904 0.551900 0.431341 0.261728 0.000554 -0.164766 -0.251873 -0.371350 -0.579583 -0.695650 -0.834158 -0.924652 -0.987560 0.986594 0.952438 0.859710 0.648696 0.546940 0.406516 0.227506 -0.029797 -0.152319 -0.231148 -0.353530 -0.647873 -0.709892 -0.856357 -0.922660 -0.981666 
17.739702 21222.730469 148 150 152 0.641800 0.757402 0.548642 0.987827 0.959241 0.857494 0.730212 0.561679 0.448549 0.257893 0.073001 -0.159792 -0.213278 -0.327954 -0.558188 -0.689233 -0.826086 -0.915253 -0.981363 0.986953 0.962293 0.874769 0.735673 0.537012 0.430419 0.258896 0.043043 -0.175503 -0.214239 -0.322457 -0.567112 -0.687411 -0.829040 -0.912013 -0.977165 
15.361400 12868.393555 44 98 44 0.718837 0.573621 0.731484 0.989570 0.959695 0.876236 0.729676 0.593595 0.482222 0.270288 0.062016 -0.126151 -0.224173 -0.369510 -0.547020 -0.687471 -0.832867 -0.923563 -0.976341 0.990330 0.964252 0.848789 0.722316 0.599801 0.461550 0.269108 0.092756 -0.117602 -0.213095 -0.337130 -0.529661 -0.713560 -0.824130 -0.919622 -0.987160 
13.510013 10312.774414 46 48 50 0.617409 0.509796 0.545302 0.985621 0.951138 0.879774 0.736267 0.560357 0.439826 0.289836 0.098717 -0.142273 -0.240865 -0.367861 -0.586899 -0.704242 -0.828988 -0.928195 -0.976354 0.985088 0.959626 0.884833 0.713846 0.573047 0.457869 0.256820 0.079393 -0.120673 -0.242605 -0.377962 -0.585243 -0.704291 -0.835356 -0.925378 -0.971279 
14.360127 7840.395996 50 50 50 0.553321 0.691878 0.435329 0.989982 0.969007 0.872138 0.744631 0.604836 0.468820 0.292323 0.072365 -0.169743 -0.231788 -0.402108 -0.564114 -0.727217 -0.842541 -0.916947 -0.970510 0.987981 0.964987 0.882279 0.775814 0.582994 0.462639 0.281441 0.084585 -0.156200 -0.228505 -0.376508 -0.555577 -0.722869 -0.834722 -0.922594 -0.969364 
12.171969 5943.457520 50 46 46 0.622694 0.522317 0.680166 0.987289 0.954626 0.871181 0.730844 0.616845 0.490114 0.306577 0.173205 -0.131838 -0.234811 -0.349315 -0.538752 -0.741088 -0.830196 -0.923681 -0.972354 0.989715 0.965707 0.866373 0.731236 0.615983 0.452230 0.306670 0.112062 -0.157216 -0.234514 -0.357150 -0.554759 -0.727884 -0.838500 -0.915704 -0.972647 
12.459117 4787.518555 146 148 150 0.633525 0.530902 0.646040 0.988766 0.959687 0.897356 0.756408 0.589004 0.493802 0.303945 0.139273 -0.130952 -0.226599 -0.429474 -0.601739 -0.701129 -0.853037 -0.930395 -0.975916 0.987684 0.964667 0.895718 0.767677 0.613804 0.507725 0.293535 0.148352 -0.126632 -0.227192 -0.394309 -0.587923 -0.742731 -0.844401 -0.929579 -0.974828 
10.503876 3513.573730 152 96 102 0.628519 0.591209 0.708585 0.989225 0.965298 0.892339 0.783661 0.613903 0.459664 0.298663 0.120624 -0.131528 -0.219484 -0.410793 -0.603240 -0.734695 -0.827624 -0.915236 -0.966015 0.988271 0.954878 0.883862 0.779666 0.597873 0.489681 0.299496 0.146523 -0.134108 -0.235004 -0.427225 -0.617534 -0.724392 -0.851593 -0.918751 -0.976545 
11.964965 3396.987793 46 46 48 0.493760 0.725511 0.688629 0.989284 0.967299 0.893167 0.818137 0.629386 0.443604 0.292176 0.064682 -0.164495 -0.255020 -0.402962 -0.587127 -0.701875 -0.842427 -0.915622 -0.979052 0.990089 0.969492 0.895077 0.796922 0.603711 0.469931 0.297733 0.084086 -0.153328 -0.229594 -0.410576 -0.580799 -0.704766 -0.830267 -0.913895 -0.977706 
11.147882 2196.191895 48 100 98 0.707532 0.496513 0.679210 0.989447 0.969436 0.888687 0.781983 0.664570 0.494962 0.363061 0.143365 -0.143472 -0.233285 -0.393967 -0.571465 -0.677671 -0.831727 -0.910592 -0.974723 0.988817 0.965052 0.891313 0.797516 0.662964 0.465814 0.322398 0.120709 -0.146560 -0.247029 -0.397635 -0.583704 -0.706215 -0.833172 -0.909658 -0.970886 
11.206937 2143.757812 96 100 102 0.650651 0.682842 0.712653 0.990126 0.968691 0.910132 0.787864 0.654687 0.476383 0.349164 0.140543 -0.130744 -0.264093 -0.410637 -0.569524 -0.753665 -0.847369 -0.930086 -0.969568 0.990318 0.974027 0.899173 0.767191 0.648120 0.499242 0.333659 0.145711 -0.122335 -0.229586 -0.409708 -0.567640 -0.727448 -0.831125 -0.916642 -0.969023 
11.298318 1796.272949 104 94 102 0.680207 0.592439 0.649691 0.988985 0.969437 0.921203 0.798550 0.639233 0.486222 0.291584 0.149223 -0.117757 -0.245781 -0.423209 -0.576081 -0.710103 -0.846075 -0.916936 -0.981117 0.989219 0.972130 0.910352 0.799844 0.648851 0.467091 0.333998 0.158165 -0.126125 -0.265348 -0.429569 -0.588226 -0.759281 -0.860240 -0.926401 -0.983629 
8.792876 1913.184082 102 104 46 0.663712 0.722637 0.575347 0.987262 0.964033 0.901100 0.804970 0.621283 0.430264 0.294892 0.107151 -0.099535 -0.266647 -0.446815 -0.614256 -0.716243 -0.838643 -0.917191 -0.974972 0.988219 0.961923 0.918198 0.787560 0.623540 0.486397 0.253571 0.123391 -0.088006 -0.243412 -0.415458 -0.583781 -0.702489 -0.827471 -0.921850 -0.971319 
9.103365 2100.213379 48 100 44 0.648843 0.423440 0.495285 0.985199 0.961751 0.919006 0.768455 0.618225 0.460067 0.313496 0.132841 -0.106038 -0.287716 -0.442521 -0.599838 -0.717675 -0.853657 -0.928201 -0.977465 0.988346 0.966159 0.909711 0.767528 0.626340 0.440285 0.330305 0.134749 -0.118815 -0.253547 -0.439461 -0.582789 -0.718152 -0.845690 -0.924159 -0.973052 
47.873684 35482232.000000 44 70 72 0.608195 0.469479 0.331073 0.964130 0.949723 0.836666 0.518505 0.399656 0.205716 0.040364 -0.120045 -0.299290 -0.377672 -0.505507 -0.666748 -0.790443 -0.879732 -0.932495 -0.966974 0.960419 0.943573 0.874494 0.660707 0.412066 0.285717 0.063136 -0.030197 -0.212590 -0.322294 -0.511330 -0.611574 -0.737374 -0.868027 -0.923588 -0.956256 
48.827957 14014928.000000 112 96 114 0.282366 0.542046 0.574623 0.969282 0.887618 0.592880 0.519283 0.421807 0.311306 0.177209 -0.109053 -0.304904 -0.341855 -0.533525 -0.660667 -0.759520 -0.833688 -0.929228 -0.989317 0.967190 0.937136 0.587267 0.463421 0.412699 0.238658 0.112708 -0.212557 -0.307224 -0.365405 -0.528639 -0.683092 -0.779180 -0.856411 -0.929635 -0.988706 
41.142750 4232591.500000 114 68 36 0.543870 0.428849 0.685423 0.987165 0.979044 0.840260 0.631939 0.561166 0.411823 0.273213 0.108451 -0.240768 -0.361087 -0.451588 -0.593423 -0.710901 -0.838250 -0.915584 -0.987201 0.966074 0.897746 0.623922 0.579924 0.462987 0.366474 0.241965 -0.015566 -0.298985 -0.343244 -0.488714 -0.627327 -0.733141 -0.829525 -0.932272 -0.979487 
59.883522 65930220.000000 82 44 46 0.562907 0.934428 0.990758 0.989846 0.981397 0.939460 0.744586 0.595461 0.497510 0.244112 0.194780 -0.068166 -0.386359 -0.478257 -0.556019 -0.654316 -0.713739 -0.828637 -0.982017 0.988962 0.982453 0.944491 0.774667 0.599732 0.515860 0.251741 0.193671 -0.053888 -0.322235 -0.455225 -0.559443 -0.655223 -0.717536 -0.846840 -0.974000 
57.626724 14199791.000000 46 48 54 0.992297 0.970154 0.849212 0.990684 0.977056 0.953639 0.773806 0.619889 0.498944 0.247109 0.201371 -0.094637 -0.391626 -0.519939 -0.564378 -0.631242 -0.710565 -0.890163 -0.982910 0.989794 0.978706 0.945375 0.758932 0.600533 0.497677 0.257738 0.202389 -0.076926 -0.366380 -0.478960 -0.548317 -0.616092 -0.699015 -0.839693 -0.983435 
47.679234 873309.312500 54 56 58 0.767959 0.939818 0.881335 0.993433 0.987041 0.944388 0.834147 0.605162 0.541312 0.351877 0.207765 -0.153349 -0.296016 -0.501862 -0.589097 -0.661046 -0.782854 -0.908844 -0.990745 0.993261 0.985019 0.944081 0.840220 0.625307 0.537723 0.279910 0.174989 -0.078460 -0.375695 -0.532579 -0.591355 -0.663196 -0.779708 -0.892931 -0.980096 
43.221230 530831.062500 58 60 60 0.903946 0.789006 0.786697 0.993648 0.985959 0.953538 0.751453 0.602278 0.527696 0.320217 0.178249 -0.140110 -0.334412 -0.471600 -0.583060 -0.676880 -0.791538 -0.909645 -0.983828 0.993703 0.985011 0.952847 0.787537 0.615243 0.560064 0.294599 0.201919 -0.128262 -0.308986 -0.479742 -0.563647 -0.659345 -0.782563 -0.904466 -0.991882 
52.862469 35778092.000000 56 52 50 0.816985 0.833231 0.974272 0.990344 0.977817 0.942877 0.720237 0.487079 0.417432 0.274854 0.160304 0.033266 -0.380259 -0.474234 -0.543773 -0.621487 -0.808008 -0.897257 -0.975813 0.992121 0.983665 0.867104 0.623488 0.505837 0.393283 0.264746 0.139155 -0.033516 -0.396769 -0.499060 -0.592660 -0.709872 -0.849264 -0.897219 -0.975959 
60.616409 79173072.000000 50 52 52 0.969478 0.972203 0.989447 0.991135 0.978286 0.957021 0.714653 0.423491 0.374298 0.253364 0.165806 0.008383 -0.291090 -0.461902 -0.503302 -0.635299 -0.689043 -0.821154 -0.980444 0.990526 0.977073 0.955100 0.733142 0.442177 0.390605 0.257761 0.181231 0.038037 -0.285730 -0.483033 -0.514088 -0.634013 -0.691228 -0.874631 -0.973101 
59.288677 39098760.000000 52 54 54 0.994289 0.991047 0.977584 0.992081 0.981456 0.957179 0.711472 0.384590 0.329805 0.253173 0.169030 -0.025449 -0.282775 -0.415602 -0.479699 -0.605153 -0.666478 -0.792616 -0.978475 0.991804 0.980017 0.959087 0.717602 0.384075 0.347133 0.213244 0.154177 -0.039408 -0.296228 -0.431181 -0.500307 -0.614498 -0.682883 -0.802230 -0.973482 
56.028854 9493688.000000 54 56 58 0.988822 0.979829 0.898605 0.992348 0.982535 0.956188 0.727412 0.461729 0.379990 0.300236 0.227948 0.084776 -0.250305 -0.365668 -0.441804 -0.580414 -0.665830 -0.796851 -0.983787 0.992379 0.982658 0.958227 0.690261 0.408083 0.352146 0.268503 0.197829 -0.005790 -0.274356 -0.382207 -0.481048 -0.571322 -0.651725 -0.769626 -0.976644 
46.877098 587769.312500 60 74 64 0.930433 0.559629 0.433290 0.991949 0.979635 0.941863 0.806576 0.523383 0.410834 0.301585 0.216433 0.028971 -0.164662 -0.387871 -0.456682 -0.592694 -0.676249 -0.825578 -0.974009 0.991880 0.979803 0.950284 0.801189 0.531145 0.438281 0.318111 0.232170 0.082567 -0.228927 -0.376658 -0.447540 -0.598112 -0.664209 -0.841839 -0.976850 
36.210762 200764.546875 68 46 52 0.356177 0.615792 0.644971 0.986774 0.976275 0.940006 0.664963 0.511096 0.365860 0.303245 0.214695 0.060230 -0.160715 -0.421655 -0.473133 -0.577593 -0.648598 -0.802154 -0.963318 0.988668 0.980558 0.934802 0.706875 0.476207 0.373424 0.298343 0.202500 0.036520 -0.130945 -0.400100 -0.463017 -0.572925 -0.666395 -0.820242 -0.966694 
32.611671 112338.757812 60 52 150 0.660190 0.536531 0.619620 0.979257 0.961292 0.934677 0.702047 0.468324 0.419379 0.291534 0.219072 0.009564 -0.279663 -0.370936 -0.444125 -0.584213 -0.659248 -0.839236 -0.958785 0.982593 0.969815 0.946747 0.706833 0.503070 0.424464 0.289576 0.227020 0.041609 -0.240960 -0.404212 -0.463789 -0.573963 -0.642586 -0.812819 -0.967613 
31.609604 59184.425781 74 56 54 0.527462 0.811868 0.821757 0.993389 0.989978 0.919023 0.641465 0.466385 0.368209 0.310237 0.198350 0.063962 -0.175764 -0.451436 -0.502946 -0.597494 -0.661684 -0.887997 -0.957137 0.992137 0.976491 0.931986 0.708721 0.468085 0.422255 0.294514 0.215835 0.042458 -0.237154 -0.388982 -0.459765 -0.589288 -0.649405 -0.878479 -0.940606 
30.212641 34918.453125 54 46 56 0.892148 0.387234 0.832015 0.992999 0.988827 0.933200 0.598891 0.470401 0.373550 0.303906 0.202433 0.090348 -0.199109 -0.425598 -0.485847 -0.568319 -0.723897 -0.877332 -0.963188 0.992464 0.987356 0.930347 0.607037 0.483168 0.368898 0.308537 0.182016 0.061264 -0.164276 -0.456342 -0.506769 -0.573168 -0.689355 -0.881535 -0.967794 
36.233788 4465646.500000 56 64 22 0.884720 0.662591 0.438251 0.973044 0.943312 0.868189 0.747062 0.630558 0.422101 0.265386 0.123325 -0.121382 -0.313796 -0.454366 -0.564992 -0.702210 -0.819337 -0.895954 -0.966476 0.993046 0.982114 0.945733 0.795030 0.477772 0.387453 0.298052 0.199437 0.058371 -0.246101 -0.412120 -0.483496 -0.623174 -0.761647 -0.893970 -0.969519 
41.502716 1921606.375000 38 150 150 0.355227 0.526249 0.387680 0.977351 0.943719 0.867250 0.745172 0.662275 0.481595 0.310532 0.175485 0.015589 -0.198924 -0.388943 -0.517833 -0.699574 -0.785603 -0.958677 -0.980238 0.969148 0.955715 0.888512 0.767417 0.664553 0.448877 0.280326 0.146622 -0.082898 -0.300299 -0.462758 -0.571943 -0.696322 -0.821523 -0.917217 -0.976837 
40.442757 3214074.000000 54 110 76 0.536661 0.470233 0.447789 0.952655 0.922876 0.831506 0.768118 0.680944 0.498670 0.347836 0.227013 0.026510 -0.246699 -0.435720 -0.566580 -0.688066 -0.803455 -0.909831 -0.978461 0.963820 0.930190 0.842392 0.753384 0.649020 0.479435 0.333929 0.194479 0.013497 -0.209658 -0.417733 -0.559023 -0.689368 -0.776046 -0.943284 -0.983337 
42.673080 4196285.500000 74 46 108 0.364505 0.578248 0.498497 0.957257 0.945469 0.839197 0.731497 0.655103 0.509320 0.343374 0.227774 0.030577 -0.224183 -0.401036 -0.552493 -0.664919 -0.810338 -0.911242 -0.982406 0.956432 0.936005 0.825378 0.762731 0.658822 0.511535 0.344784 0.237894 0.021560 -0.253071 -0.431266 -0.553535 -0.668700 -0.818198 -0.912713 -0.980354 
41.145859 1063498.250000 22 146 148 0.606844 0.670350 0.696089 0.951637 0.921171 0.845547 0.759087 0.685384 0.582834 0.402679 0.252349 0.049813 -0.177967 -0.380935 -0.485554 -0.686048 -0.784467 -0.876087 -0.983883 0.953267 0.935900 0.852167 0.738191 0.665052 0.554897 0.364857 0.250964 0.030418 -0.203690 -0.381092 -0.524128 -0.688304 -0.786748 -0.892582 -0.985204 
56.772797 1257815.500000 148 96 98 0.426746 0.583277 0.840205 0.984295 0.966947 0.935988 0.907731 0.795631 0.691629 0.597220 0.446808 0.200277 0.052029 -0.209710 -0.458943 -0.631857 -0.796989 -0.906153 -0.976497 0.986292 0.960115 0.917088 0.854036 0.738214 0.640321 0.482361 0.302808 0.117188 -0.088501 -0.336356 -0.444201 -0.640962 -0.804815 -0.895486 -0.977480 
62.046776 1030934.500000 48 50 52 0.936255 0.971637 0.928974 0.983635 0.970359 0.952177 0.904896 0.820617 0.679005 0.614470 0.459130 0.146944 0.030888 -0.244548 -0.483002 -0.666786 -0.806814 -0.915179 -0.977767 0.982978 0.968617 0.944207 0.910839 0.813363 0.673190 0.609807 0.460283 0.130980 0.037583 -0.217138 -0.475919 -0.657256 -0.804996 -0.912802 -0.977241 
58.075069 502478.093750 52 56 62 0.934776 0.942157 0.920305 0.984084 0.974923 0.943049 0.882696 0.846059 0.694543 0.619283 0.443671 0.138059 0.009718 -0.267084 -0.492541 -0.667318 -0.799833 -0.912244 -0.977698 0.984004 0.972335 0.948788 0.884626 0.832257 0.695707 0.588484 0.401883 0.138119 -0.029909 -0.290773 -0.493711 -0.671362 -0.808042 -0.914891 -0.978257 
53.982666 172224.468750 62 66 68 0.905381 0.798391 0.846097 0.984420 0.976334 0.940804 0.899988 0.857841 0.686082 0.613120 0.415307 0.117266 -0.059480 -0.332200 -0.516074 -0.670888 -0.801741 -0.913289 -0.977913 0.984379 0.976550 0.942641 0.895606 0.843657 0.690102 0.636876 0.438831 0.124049 -0.018903 -0.298950 -0.507565 -0.668399 -0.798448 -0.912706 -0.978095 
51.651875 102392.843750 68 66 66 0.834034 0.857577 0.929668 0.986420 0.978465 0.945234 0.898111 0.858534 0.729778 0.639783 0.395989 0.126938 -0.094993 -0.339568 -0.508094 -0.677361 -0.821449 -0.916422 -0.978092 0.984941 0.978267 0.937485 0.906159 0.846643 0.693611 0.628429 0.422297 0.135730 -0.079998 -0.338308 -0.514935 -0.679093 -0.820164 -0.913866 -0.977170 
55.596527 405491.687500 66 62 60 0.945395 0.949919 0.916454 0.983391 0.976320 0.940437 0.874805 0.847703 0.732752 0.662864 0.433140 0.111204 -0.077580 -0.320122 -0.506200 -0.676781 -0.812257 -0.917429 -0.978063 0.985881 0.976900 0.942545 0.891002 0.863163 0.718975 0.639226 0.405505 0.109485 -0.102881 -0.329328 -0.499701 -0.678188 -0.813543 -0.919040 -0.978006 
61.472073 8625398.000000 60 58 54 0.935435 0.904674 0.790124 0.978072 0.961643 0.925150 0.835136 0.723970 0.680363 0.531816 0.408735 0.288351 0.099032 -0.035687 -0.478206 -0.615270 -0.720233 -0.915291 -0.978082 0.980214 0.973182 0.924925 0.854823 0.775175 0.703677 0.631570 0.514400 0.206825 0.071839 -0.146784 -0.495057 -0.644120 -0.778925 -0.910307 -0.976368 
65.524940 63207928.000000 56 54 50 0.699588 0.899592 0.961051 0.971595 0.939774 0.926702 0.800712 0.659213 0.611611 0.376205 0.321949 0.152140 0.041103 -0.110857 -0.340208 -0.547793 -0.634407 -0.864861 -0.980915 0.974194 0.946962 0.929196 0.825374 0.684693 0.652869 0.423884 0.334775 0.208223 0.054348 -0.077154 -0.408812 -0.577764 -0.663600 -0.893791 -0.983713 
64.120285 78108320.000000 50 48 44 0.957245 0.938660 0.937957 0.975321 0.945098 0.917178 0.841776 0.609514 0.551558 0.328141 0.224157 0.105453 -0.024936 -0.224091 -0.432896 -0.555222 -0.656473 -0.768365 -0.979441 0.974877 0.938842 0.922112 0.830397 0.633313 0.584021 0.350784 0.268350 0.138952 -0.004940 -0.146351 -0.334032 -0.558249 -0.644857 -0.787896 -0.975946 
62.729790 76678400.000000 44 42 40 0.935007 0.978947 0.982126 0.973867 0.953167 0.920136 0.837011 0.612311 0.524370 0.307283 0.193932 0.107814 -0.029832 -0.262614 -0.465842 -0.549447 -0.636588 -0.792218 -0.970315 0.973035 0.951444 0.916121 0.839512 0.617814 0.505207 0.319600 0.189868 0.095077 -0.017302 -0.285230 -0.474201 -0.565370 -0.645481 -0.776850 -0.980919 
59.229607 18416192.000000 40 38 38 0.987550 0.968592 0.776755 0.982541 0.962861 0.913847 0.856411 0.612334 0.551580 0.386594 0.159758 0.091460 -0.008390 -0.254278 -0.423916 -0.534004 -0.617452 -0.797727 -0.970119 0.978026 0.955168 0.921806 0.846570 0.606584 0.542934 0.350551 0.164637 0.110563 -0.002423 -0.244764 -0.431238 -0.542098 -0.643143 -0.811335 -0.973466 
54.369598 1917283.625000 38 38 38 0.884405 0.881028 0.905243 0.986341 0.981977 0.933830 0.808169 0.660769 0.580037 0.436828 0.288103 0.129665 -0.049551 -0.244479 -0.392963 -0.553385 -0.667056 -0.815976 -0.963632 0.986324 0.978173 0.911347 0.828130 0.662472 0.587743 0.424445 0.214764 0.093919 0.007000 -0.267157 -0.428393 -0.548047 -0.656531 -0.782629 -0.960601 
56.193771 7309850.000000 38 38 34 0.920960 0.844416 0.940615 0.984231 0.979578 0.923565 0.813482 0.615880 0.519776 0.397157 0.167867 0.026317 -0.129910 -0.337902 -0.483219 -0.543561 -0.651904 -0.719338 -0.920196 0.986236 0.982591 0.938150 0.804271 0.647852 0.574960 0.463006 0.297705 0.111785 -0.049790 -0.234945 -0.425467 -0.551656 -0.670777 -0.845224 -0.966419 
57.908878 11672761.000000 34 36 34 0.928923 0.891337 0.951858 0.983989 0.974763 0.928233 0.876463 0.551161 0.481205 0.367491 0.150792 0.035974 -0.077537 -0.246828 -0.459268 -0.560199 -0.687911 -0.712985 -0.885252 0.983667 0.976493 0.923596 0.853008 0.559788 0.471557 0.379157 0.138126 0.010217 -0.108046 -0.332939 -0.492316 -0.542635 -0.667183 -0.708294 -0.863456 
57.936417 15648493.000000 34 36 36 0.942485 0.955149 0.990054 0.984156 0.974359 0.919293 0.830254 0.530768 0.496304 0.416987 0.220126 0.059085 -0.059129 -0.187190 -0.431626 -0.576371 -0.677544 -0.714054 -0.930531 0.983863 0.973792 0.924150 0.857920 0.521961 0.491462 0.351910 0.191381 0.068683 -0.052836 -0.192145 -0.395187 -0.576258 -0.696777 -0.721794 -0.921811 
57.743320 4296918.500000 36 36 40 0.974199 0.965447 0.831762 0.985944 0.978697 0.930523 0.837202 0.675349 0.570588 0.425266 0.279545 0.123048 -0.067227 -0.184757 -0.349815 -0.609134 -0.681423 -0.768064 -0.953942 0.984834 0.974853 0.924218 0.833265 0.606768 0.513379 0.446703 0.273252 0.138413 -0.053360 -0.186138 -0.377610 -0.600751 -0.675593 -0.727873 -0.938047 
51.069977 689985.500000 40 40 40 0.824705 0.876289 0.832185 0.988919 0.983973 0.934714 0.836944 0.635485 0.512078 0.460401 0.255647 0.111234 -0.014312 -0.228921 -0.403283 -0.600860 -0.693047 -0.820021 -0.966204 0.988111 0.983395 0.917251 0.829368 0.701695 0.557305 0.448986 0.311990 0.102632 -0.055314 -0.198738 -0.393727 -0.603902 -0.696744 -0.817852 -0.966175 
44.950863 313806.687500 42 44 36 0.863414 0.844867 0.669409 0.988825 0.975279 0.915799 0.771370 0.616223 0.515283 0.462825 0.288356 0.094367 -0.042260 -0.206281 -0.345526 -0.609873 -0.703073 -0.858802 -0.966040 0.988811 0.982560 0.935217 0.809934 0.607879 0.517891 0.459207 0.233386 0.107644 -0.011031 -0.230718 -0.413435 -0.597486 -0.685285 -0.838593 -0.962423 
35.650150 138832.281250 36 140 142 0.744715 0.500762 0.591768 0.986780 0.967791 0.882748 0.747537 0.598104 0.512159 0.454116 0.253321 0.085883 -0.034334 -0.206743 -0.333410 -0.595788 -0.702380 -0.852783 -0.968188 0.986135 0.974717 0.864395 0.734530 0.584555 0.498008 0.450779 0.271293 0.113338 -0.040953 -0.205234 -0.328801 -0.606179 -0.705364 -0.842757 -0.967624 
30.353815 60873.289062 42 38 100 0.636883 0.712137 0.372228 0.977849 0.947816 0.895729 0.751171 0.638062 0.540411 0.464114 0.301833 0.084055 -0.057543 -0.288960 -0.458274 -0.644440 -0.769236 -0.897145 -0.967946 0.983148 0.958601 0.906631 0.744458 0.629132 0.521669 0.478620 0.267592 0.064778 -0.050051 -0.201180 -0.383457 -0.605945 -0.730637 -0.883015 -0.977458 
39.328014 3171843.000000 62 228 44 0.491596 0.614251 0.806511 0.985297 0.955833 0.879668 0.753074 0.633192 0.404344 0.310679 0.181014 -0.062609 -0.292984 -0.438737 -0.521563 -0.700365 -0.787466 -0.902489 -0.947598 0.969634 0.929000 0.839125 0.703034 0.621674 0.363023 0.286728 0.119242 -0.062181 -0.302923 -0.433937 -0.522027 -0.668130 -0.790227 -0.909565 -0.949006 
52.684055 594656.187500 46 94 46 0.702682 0.783096 0.949805 0.986193 0.970943 0.947670 0.895061 0.822518 0.687114 0.543440 0.380899 0.066536 -0.118551 -0.322338 -0.507792 -0.677119 -0.810252 -0.899151 -0.956071 0.988080 0.974931 0.939899 0.888661 0.781049 0.606224 0.437325 0.279677 0.059257 -0.163062 -0.368979 -0.484102 -0.676027 -0.849189 -0.901743 -0.953642 
58.849472 788048.500000 48 48 48 0.946247 0.960342 0.949004 0.982561 0.966985 0.949879 0.874166 0.848020 0.741521 0.664116 0.435636 0.117684 -0.062276 -0.304491 -0.503666 -0.680747 -0.799607 -0.906956 -0.975583 0.985252 0.969093 0.950924 0.894586 0.833989 0.716532 0.616251 0.389308 0.095471 -0.074124 -0.297330 -0.496913 -0.684424 -0.806092 -0.899671 -0.972234 
63.426720 3333855.250000 48 48 48 0.968022 0.990541 0.958449 0.971916 0.964381 0.918998 0.862805 0.827180 0.725442 0.674589 0.403804 0.096298 -0.013283 -0.216645 -0.512129 -0.683761 -0.758879 -0.902943 -0.975808 0.976413 0.965389 0.936830 0.864961 0.847662 0.744325 0.663681 0.417627 0.119871 -0.033377 -0.279343 -0.507275 -0.670934 -0.793088 -0.910373 -0.977071 
64.175880 11099740.000000 48 50 50 0.958225 0.915267 0.913010 0.969458 0.950072 0.913274 0.856237 0.781003 0.706109 0.490752 0.366569 0.189098 0.043112 -0.064211 -0.449200 -0.668406 -0.723593 -0.853742 -0.968677 0.969813 0.961598 0.911707 0.861600 0.791449 0.716521 0.625829 0.401742 0.114507 0.008660 -0.182557 -0.542401 -0.683477 -0.739164 -0.888489 -0.974154 
64.171989 28529968.000000 50 50 50 0.944700 0.936787 0.911609 0.969763 0.933897 0.912030 0.836072 0.790250 0.611035 0.355801 0.285754 0.168593 0.058410 -0.050967 -0.327310 -0.628561 -0.710346 -0.921315 -0.982132 0.970822 0.936993 0.916502 0.840091 0.789449 0.627866 0.377008 0.311953 0.179681 0.051476 -0.034849 -0.369738 -0.637242 -0.714151 -0.887236 -0.972942 
64.289658 45024080.000000 50 50 50 0.929892 0.936807 0.953977 0.967790 0.932651 0.895435 0.840440 0.791006 0.648738 0.331891 0.234501 0.087306 0.000529 -0.159337 -0.428806 -0.633737 -0.702483 -0.898918 -0.986692 0.967446 0.932892 0.903053 0.834439 0.787808 0.609984 0.344872 0.256424 0.120727 0.018459 -0.101907 -0.386471 -0.618177 -0.702808 -0.896983 -0.981433 
63.611382 32452078.000000 50 50 50 0.949762 0.977630 0.974964 0.966148 0.930444 0.894180 0.844074 0.787227 0.675342 0.357775 0.236303 0.107831 -0.041983 -0.203351 -0.444673 -0.620042 -0.699286 -0.859715 -0.986036 0.966776 0.931252 0.894236 0.843490 0.789530 0.658492 0.342465 0.233758 0.099283 -0.020739 -0.191457 -0.449257 -0.617194 -0.698393 -0.880234 -0.987691 
61.836601 14468877.000000 50 50 50 0.962771 0.976646 0.977118 0.972175 0.934544 0.904109 0.847616 0.795025 0.689308 0.430983 0.218559 0.118073 -0.051132 -0.227016 -0.432757 -0.589074 -0.687459 -0.840500 -0.974681 0.968163 0.931736 0.897128 0.843709 0.790482 0.681387 0.395357 0.231197 0.121623 -0.047567 -0.219524 -0.435816 -0.624543 -0.709567 -0.877752 -0.983773 
57.906208 4672405.000000 50 50 50 0.957623 0.983347 0.986479 0.983151 0.942577 0.909374 0.859249 0.794919 0.698081 0.455753 0.204036 0.095753 -0.083604 -0.248920 -0.411178 -0.565032 -0.660547 -0.846861 -0.979392 0.977443 0.936743 0.908924 0.851789 0.799210 0.699175 0.462163 0.204786 0.111510 -0.066796 -0.246534 -0.402611 -0.573566 -0.674675 -0.852187 -0.973804 
51.963974 900267.750000 50 50 50 0.990006 0.978402 0.952216 0.990277 0.964651 0.922385 0.872761 0.781971 0.659838 0.464516 0.267127 0.120933 -0.043627 -0.202989 -0.304570 -0.566213 -0.678672 -0.880550 -0.971545 0.988065 0.954812 0.914218 0.869898 0.792351 0.686129 0.446900 0.227401 0.106125 -0.090603 -0.218959 -0.370248 -0.552956 -0.653379 -0.845760 -0.978774 
45.589691 170488.015625 50 50 50 0.967528 0.817007 0.858210 0.988038 0.961561 0.892448 0.824556 0.787653 0.708648 0.546641 0.309712 0.109598 -0.011121 -0.190141 -0.383021 -0.557833 -0.752693 -0.896857 -0.967955 0.991082 0.972850 0.915463 0.835823 0.789038 0.683121 0.508857 0.282126 0.138963 0.011155 -0.207144 -0.349251 -0.567085 -0.725366 -0.899708 -0.969629 
41.347801 85141.851562 50 50 50 0.874818 0.885191 0.908387 0.974814 0.940655 0.897897 0.854320 0.800796 0.717782 0.520614 0.309844 0.125527 -0.017203 -0.192961 -0.446247 -0.618576 -0.772418 -0.903480 -0.971534 0.976942 0.949851 0.896568 0.829684 0.794065 0.723845 0.538537 0.311696 0.107210 -0.021846 -0.160813 -0.401197 -0.600902 -0.756874 -0.903640 -0.971890 
39.521954 51048.195312 50 50 50 0.920301 0.942870 0.845592 0.961865 0.929544 0.899275 0.852662 0.791225 0.715216 0.507400 0.280086 0.135023 -0.014161 -0.220744 -0.463037 -0.635694 -0.816445 -0.918851 -0.982374 0.969396 0.929588 0.900157 0.841170 0.797809 0.718747 0.531566 0.302026 0.143368 -0.028149 -0.217728 -0.429881 -0.623970 -0.800797 -0.905225 -0.976963 
35.858128 30927.111328 50 50 50 0.873587 0.878181 0.940735 0.975006 0.925108 0.887091 0.846017 0.787233 0.716501 0.523532 0.227436 0.115368 -0.067666 -0.300492 -0.463139 -0.692534 -0.814974 -0.911219 -0.973413 0.962126 0.925793 0.889407 0.850451 0.786540 0.712441 0.505342 0.246396 0.108464 -0.033083 -0.266723 -0.464935 -0.658850 -0.829034 -0.920253 -0.977456 
32.642342 351859.187500 50 50 44 0.919438 0.847264 0.437203 0.965254 0.929004 0.864201 0.799975 0.722510 0.658053 0.361517 0.028706 -0.211659 -0.404187 -0.495410 -0.579826 -0.702051 -0.819708 -0.891088 -0.946374 0.981009 0.929157 0.887450 0.845244 0.787480 0.715505 0.477054 0.234016 0.118992 -0.137064 -0.331559 -0.504395 -0.695544 -0.818003 -0.907296 -0.964269 
36.847794 433675.000000 50 150 148 0.688856 0.621845 0.611500 0.967445 0.946365 0.838204 0.763508 0.697515 0.624264 0.181146 -0.008674 -0.106930 -0.409147 -0.501562 -0.652806 -0.727571 -0.796728 -0.870264 -0.978818 0.960716 0.945888 0.818691 0.762727 0.716330 0.650766 0.205803 -0.018152 -0.214324 -0.449696 -0.504137 -0.636438 -0.723271 -0.807919 -0.885349 -0.965598 
27.819363 41177.289062 98 100 98 0.555217 0.607887 0.690081 0.958065 0.889457 0.864665 0.809450 0.722169 0.645079 0.366874 0.077878 -0.001207 -0.197616 -0.437743 -0.577099 -0.716179 -0.806459 -0.868703 -0.959654 0.964574 0.916691 0.860654 0.797332 0.706130 0.633188 0.286587 0.026105 -0.023573 -0.284292 -0.477592 -0.658078 -0.740775 -0.795913 -0.862983 -0.980978 
26.611595 19186.794922 48 48 50 0.791265 0.669714 0.726583 0.972507 0.909068 0.863737 0.814347 0.766433 0.619370 0.371754 0.184243 -0.017133 -0.277401 -0.474300 -0.609460 -0.713856 -0.775213 -0.869901 -0.964258 0.959532 0.891848 0.861289 0.814470 0.745734 0.655949 0.394506 0.119286 -0.011025 -0.235752 -0.433861 -0.561433 -0.700589 -0.772324 -0.860150 -0.955279 
22.425234 8763.415039 50 50 50 0.665079 0.493852 0.729900 0.981449 0.935792 0.871357 0.830410 0.769508 0.639345 0.359236 0.189871 0.008732 -0.237634 -0.379550 -0.602392 -0.717072 -0.830208 -0.908791 -0.964094 0.976076 0.915014 0.868853 0.824162 0.766506 0.628037 0.357263 0.215159 -0.033663 -0.258275 -0.393392 -0.608320 -0.719096 -0.808537 -0.888907 -0.961286 
18.412691 5964.868652 98 100 48 0.776683 0.775347 0.632302 0.984156 0.945817 0.874939 0.838789 0.721826 0.581128 0.377748 0.194993 -0.026701 -0.215529 -0.413143 -0.564617 -0.708018 -0.848334 -0.915731 -0.982414 0.984352 0.933925 0.875411 0.827685 0.754294 0.612161 0.393348 0.185004 -0.006377 -0.212316 -0.422275 -0.576632 -0.689531 -0.830611 -0.917141 -0.974867 
14.303760 3282.787354 48 90 86 0.709839 0.553962 0.399980 0.987753 0.952396 0.869147 0.834497 0.672898 0.550600 0.307238 0.122692 -0.031793 -0.211325 -0.392264 -0.535293 -0.708482 -0.832093 -0.926175 -0.981452 0.984391 0.946929 0.873208 0.832046 0.713077 0.559399 0.357335 0.146273 -0.047995 -0.223544 -0.384271 -0.550090 -0.729803 -0.855008 -0.924725 -0.981666 
11.722961 3153.161377 38 148 148 0.602682 0.648299 0.504584 0.988350 0.964870 0.862117 0.803937 0.691284 0.512894 0.315006 0.143578 -0.077628 -0.288695 -0.409924 -0.591978 -0.739778 -0.847102 -0.909431 -0.979972 0.987421 0.947754 0.858444 0.818471 0.698442 0.523185 0.312554 0.143413 -0.053406 -0.278943 -0.394677 -0.558941 -0.713129 -0.840643 -0.914472 -0.984581 
38.158104 1341485.375000 206 96 52 0.458110 0.476928 0.480031 0.970559 0.936199 0.900245 0.752194 0.539294 0.445370 0.331863 0.226610 0.061228 -0.096405 -0.251264 -0.412798 -0.562232 -0.726210 -0.807835 -0.872546 0.985664 0.959345 0.874706 0.783694 0.613396 0.459324 0.297394 0.155739 0.004214 -0.206861 -0.398091 -0.581660 -0.722783 -0.839011 -0.910318 -0.973649 
52.627174 26002706.000000 54 56 60 0.539147 0.936300 0.938452 0.980340 0.946088 0.888425 0.797706 0.591671 0.504190 0.336242 0.218919 0.109343 -0.109932 -0.303798 -0.422190 -0.574198 -0.730213 -0.815323 -0.912505 0.977315 0.941389 0.898929 0.807081 0.565441 0.482530 0.334045 0.230632 0.108161 -0.096931 -0.290438 -0.433113 -0.615299 -0.733610 -0.812525 -0.858240 
54.422321 33326674.000000 60 60 60 0.936531 0.937932 0.974489 0.981713 0.950591 0.889398 0.794399 0.607572 0.511463 0.315813 0.214551 0.127867 -0.094770 -0.308961 -0.422587 -0.578754 -0.725831 -0.813136 -0.930758 0.980855 0.947360 0.883004 0.798327 0.592387 0.504504 0.310474 0.210537 0.108971 -0.103903 -0.329939 -0.435246 -0.576742 -0.739313 -0.824207 -0.937325 
56.072395 30583626.000000 60 60 60 0.945630 0.969625 0.970798 0.978586 0.950327 0.896961 0.807940 0.668645 0.556630 0.346895 0.247266 0.136759 -0.096999 -0.241406 -0.390167 -0.565589 -0.709431 -0.828996 -0.917014 0.980918 0.951478 0.895080 0.804087 0.631376 0.543407 0.335718 0.230974 0.132301 -0.082206 -0.266967 -0.388993 -0.592038 -0.724476 -0.825016 -0.914322 
54.622986 3150106.000000 60 60 58 0.944745 0.962034 0.631553 0.983205 0.964977 0.905028 0.825434 0.719616 0.646551 0.385088 0.304630 0.133005 -0.147176 -0.220536 -0.343082 -0.599024 -0.759037 -0.854548 -0.966550 0.977709 0.953239 0.902033 0.821245 0.708774 0.613991 0.374354 0.283792 0.165570 -0.093084 -0.201510 -0.346837 -0.554345 -0.732340 -0.833145 -0.930182 
51.146721 1163587.125000 58 60 60 0.262503 0.966784 0.972551 0.990657 0.980577 0.947219 0.791505 0.707155 0.616893 0.410020 0.299635 0.022884 -0.180856 -0.244281 -0.370466 -0.484615 -0.695546 -0.846681 -0.957629 0.990622 0.980335 0.941949 0.788949 0.714570 0.603695 0.426279 0.287988 0.064038 -0.173737 -0.238289 -0.354240 -0.482851 -0.733435 -0.830575 -0.952768 
49.178391 387718.093750 60 60 60 0.959433 0.810749 0.753114 0.993438 0.985985 0.930045 0.799621 0.686303 0.595556 0.431990 0.286336 0.115359 -0.131008 -0.283330 -0.356466 -0.529799 -0.722956 -0.874145 -0.968328 0.991308 0.981762 0.946412 0.790595 0.699357 0.621015 0.448128 0.297481 0.101832 -0.159807 -0.265906 -0.338207 -0.489059 -0.685104 -0.848602 -0.964151 
37.764259 4210957.500000 60 72 44 0.717543 0.836197 0.617602 0.983980 0.945636 0.833315 0.687359 0.570922 0.399705 0.214851 0.082950 -0.114857 -0.304859 -0.501176 -0.613033 -0.787799 -0.847719 -0.901472 -0.968572 0.994028 0.981502 0.891336 0.785517 0.658620 0.520372 0.355977 0.206463 -0.012923 -0.207966 -0.392829 -0.526226 -0.721859 -0.823310 -0.895417 -0.959014 
36.472942 4558416.000000 86 40 58 0.580105 0.393503 0.549848 0.976716 0.950727 0.843983 0.655867 0.511080 0.384206 0.225055 0.047382 -0.128377 -0.368689 -0.540678 -0.643916 -0.770633 -0.865492 -0.927372 -0.981453 0.979714 0.955416 0.885170 0.695956 0.553453 0.435751 0.253299 0.077819 -0.094651 -0.323112 -0.522119 -0.624617 -0.785379 -0.853737 -0.924169 -0.980584 
38.794571 5206855.500000 104 130 130 0.365323 0.632649 0.450859 0.987292 0.934637 0.757097 0.627113 0.480238 0.324018 0.179321 0.049216 -0.142268 -0.413366 -0.510391 -0.632989 -0.743296 -0.859028 -0.909483 -0.977150 0.985184 0.933376 0.757550 0.632781 0.487430 0.334105 0.197416 0.064196 -0.122624 -0.389683 -0.533644 -0.648978 -0.761973 -0.862670 -0.911122 -0.981518 
40.806118 7188703.000000 148 126 60 0.647851 0.531532 0.647220 0.976354 0.898909 0.687887 0.612014 0.452390 0.261488 0.081863 -0.058099 -0.261512 -0.358399 -0.493121 -0.606341 -0.784508 -0.848789 -0.918580 -0.974910 0.981601 0.910747 0.723767 0.625319 0.481112 0.317305 0.154697 -0.011290 -0.202456 -0.399177 -0.506066 -0.606653 -0.773113 -0.862076 -0.918453 -0.981089 
38.099224 1993320.000000 58 62 54 0.738712 0.662379 0.490363 0.984562 0.933804 0.688836 0.604372 0.512175 0.291044 0.101088 -0.064467 -0.259348 -0.383601 -0.557637 -0.672032 -0.765622 -0.836409 -0.916151 -0.971611 0.984556 0.921658 0.703210 0.621408 0.456623 0.252646 0.084238 -0.066168 -0.255930 -0.351302 -0.505202 -0.650930 -0.769365 -0.843407 -0.920236 -0.971986 
38.875072 5520455.000000 60 62 62 0.505725 0.704781 0.481409 0.962299 0.957494 0.788815 0.608933 0.514319 0.367967 0.229229 0.107599 -0.141205 -0.347140 -0.458818 -0.594610 -0.727207 -0.839838 -0.903023 -0.958612 0.970683 0.951338 0.714834 0.605812 0.526290 0.334601 0.198077 0.017467 -0.205967 -0.381131 -0.499751 -0.629738 -0.738992 -0.842994 -0.915063 -0.968933 
45.411716 1587870.375000 42 40 52 0.583411 0.548829 0.820465 0.989501 0.976412 0.954064 0.886241 0.509452 0.447059 0.310711 0.220444 0.027686 -0.275552 -0.385893 -0.570529 -0.748720 -0.806848 -0.857456 -0.944198 0.962767 0.956052 0.845219 0.601541 0.507483 0.355323 0.226718 0.121158 -0.150127 -0.342272 -0.460324 -0.608157 -0.751747 -0.825103 -0.898568 -0.960161 
59.356594 34084328.000000 54 58 62 0.872471 0.957116 0.981390 0.981000 0.974548 0.946915 0.793149 0.478011 0.431530 0.300008 0.193303 0.047922 -0.226704 -0.366684 -0.441289 -0.636360 -0.746212 -0.814561 -0.843249 0.984516 0.973666 0.956442 0.802092 0.489944 0.435412 0.314217 0.218993 0.087469 -0.226810 -0.356306 -0.436036 -0.680811 -0.769419 -0.816377 -0.866292 
59.652321 35076744.000000 62 62 64 0.960831 0.975613 0.972341 0.982131 0.975560 0.941337 0.746319 0.481187 0.440495 0.266851 0.188194 0.055525 -0.224054 -0.362235 -0.427768 -0.620207 -0.722723 -0.799847 -0.831811 0.981531 0.975395 0.940476 0.749455 0.478870 0.431814 0.284642 0.189907 0.053336 -0.219436 -0.367773 -0.430547 -0.624915 -0.723235 -0.801718 -0.833666 
58.881954 18365188.000000 64 64 66 0.964853 0.970431 0.801773 0.982371 0.976376 0.941953 0.736959 0.546444 0.474210 0.326216 0.242132 0.082826 -0.212683 -0.328757 -0.428507 -0.635468 -0.729121 -0.787668 -0.823148 0.982045 0.975851 0.940929 0.738656 0.506667 0.449864 0.291085 0.202871 0.070526 -0.236460 -0.328304 -0.429392 -0.639764 -0.725210 -0.789176 -0.826277 
47.313305 646177.000000 64 70 68 0.778000 0.688661 0.812460 0.993976 0.983625 0.948927 0.791721 0.565809 0.474324 0.355614 0.237287 0.096262 -0.201954 -0.313038 -0.420122 -0.678625 -0.765239 -0.807244 -0.909123 0.987890 0.976131 0.953111 0.772931 0.585735 0.512480 0.333971 0.275136 0.088731 -0.232252 -0.319849 -0.421997 -0.653108 -0.765074 -0.793321 -0.843940 
43.357029 325330.750000 68 68 74 0.815355 0.735968 0.590377 0.994466 0.980158 0.953845 0.797181 0.531707 0.476283 0.371243 0.257735 0.134221 -0.163725 -0.340878 -0.383623 -0.605332 -0.742782 -0.833336 -0.939406 0.994405 0.983421 0.943307 0.800654 0.552239 0.479988 0.366740 0.243359 0.125886 -0.194932 -0.335582 -0.388722 -0.586176 -0.735698 -0.809169 -0.924819 
47.754593 7022664.000000 72 66 66 0.628685 0.701473 0.876138 0.987516 0.977864 0.953839 0.647208 0.515510 0.423539 0.283520 0.150671 0.024758 -0.250738 -0.346169 -0.515550 -0.727589 -0.781298 -0.834980 -0.983148 0.993180 0.970745 0.944218 0.707432 0.553334 0.470584 0.313007 0.208078 0.010379 -0.240846 -0.380005 -0.509476 -0.737534 -0.792026 -0.849440 -0.985264 
58.498554 20207144.000000 66 66 68 0.904631 0.985491 0.968044 0.986412 0.979998 0.967072 0.791625 0.419019 0.387357 0.199998 0.103174 -0.032775 -0.213852 -0.419530 -0.461911 -0.647079 -0.776187 -0.833635 -0.943079 0.986574 0.979559 0.965508 0.756152 0.438368 0.390427 0.251648 0.129438 0.024556 -0.188691 -0.374397 -0.439239 -0.614703 -0.768461 -0.809750 -0.888454 
57.981701 16555522.000000 66 70 72 0.963158 0.983051 0.987238 0.987169 0.980678 0.964818 0.821713 0.379313 0.328243 0.225260 0.049564 -0.066652 -0.208719 -0.435310 -0.491153 -0.658148 -0.753798 -0.876098 -0.975301 0.986839 0.980698 0.966905 0.826012 0.401784 0.344241 0.228998 0.092385 -0.051625 -0.196384 -0.449978 -0.483727 -0.669319 -0.756224 -0.878856 -0.950382 
55.504730 8223480.500000 72 74 76 0.985831 0.983621 0.963018 0.988277 0.981859 0.964992 0.832542 0.366181 0.313023 0.209115 0.089739 -0.086698 -0.207507 -0.411370 -0.485215 -0.669962 -0.768378 -0.856844 -0.975836 0.987785 0.981249 0.965837 0.809043 0.378902 0.316500 0.220265 0.056730 -0.072244 -0.207837 -0.443153 -0.494219 -0.648666 -0.767047 -0.832300 -0.967791 
51.372055 6964507.500000 78 80 80 0.963316 0.974185 0.972295 0.989181 0.978834 0.962101 0.796727 0.350516 0.284702 0.193062 0.093876 -0.053993 -0.218096 -0.415649 -0.467356 -0.654133 -0.828758 -0.888819 -0.979815 0.988651 0.980921 0.963056 0.808728 0.354834 0.299958 0.208093 0.105340 -0.069134 -0.189769 -0.416565 -0.466799 -0.684444 -0.789778 -0.851923 -0.984850 
50.491299 3206413.500000 82 82 84 0.940590 0.968241 0.919951 0.987765 0.976382 0.957658 0.859842 0.393762 0.359945 0.233085 0.148284 0.017020 -0.122738 -0.384262 -0.447985 -0.667452 -0.814116 -0.867286 -0.923471 0.988957 0.977923 0.962740 0.818190 0.360130 0.321330 0.205991 0.112856 -0.017405 -0.138449 -0.408577 -0.452887 -0.701398 -0.822687 -0.883324 -0.940552 
49.128311 1508565.375000 84 86 86 0.931752 0.871273 0.654355 0.983536 0.971634 0.950910 0.905024 0.468324 0.428773 0.286458 0.163598 0.064478 -0.157716 -0.377722 -0.474917 -0.745582 -0.814588 -0.873183 -0.900010 0.986270 0.974056 0.953641 0.879835 0.430728 0.403432 0.259687 0.149885 0.018049 -0.105149 -0.377290 -0.456669 -0.663134 -0.812380 -0.862081 -0.917207 
50.230156 2546779.250000 86 88 88 0.680969 0.947094 0.977605 0.983155 0.964381 0.945199 0.896519 0.540219 0.452848 0.287204 0.198037 0.119940 -0.104893 -0.361849 -0.434322 -0.723030 -0.812327 -0.879969 -0.897731 0.982574 0.967219 0.944378 0.899396 0.489620 0.433331 0.264340 0.202276 0.063497 -0.203572 -0.371463 -0.441241 -0.679112 -0.792567 -0.865594 -0.888449 
49.661579 2761323.500000 88 90 92 0.967545 0.925216 0.634204 0.982771 0.960465 0.940397 0.861630 0.551151 0.485727 0.298383 0.233269 0.097114 -0.080202 -0.368044 -0.408766 -0.728300 -0.825894 -0.878703 -0.900918 0.981107 0.960700 0.942213 0.882054 0.541327 0.472649 0.302421 0.214567 0.131217 -0.039219 -0.356711 -0.412785 -0.750453 -0.821149 -0.877808 -0.897781 
45.409218 238168.281250 94 94 94 0.479040 0.514975 0.542603 0.990472 0.975805 0.957718 0.921201 0.606686 0.521713 0.316994 0.216840 0.105842 -0.220299 -0.376874 -0.470070 -0.773719 -0.841755 -0.902418 -0.922511 0.986473 0.970076 0.948076 0.866363 0.582729 0.509236 0.282189 0.214456 0.096123 -0.127567 -0.383146 -0.420899 -0.761599 -0.827472 -0.895921 -0.911273 
42.825951 61848.042969 154 148 148 0.578292 0.836795 0.868631 0.992583 0.987048 0.964403 0.904131 0.567554 0.527602 0.390857 0.250807 0.152085 -0.075073 -0.341339 -0.458285 -0.684198 -0.844372 -0.890999 -0.949863 0.993396 0.986283 0.959821 0.870107 0.569884 0.520220 0.366621 0.243324 0.122282 -0.117767 -0.363593 -0.443987 -0.725695 -0.842319 -0.888789 -0.936738 
41.695232 28387.449219 148 148 146 0.872255 0.824458 0.702998 0.992236 0.985849 0.969013 0.914367 0.575797 0.518061 0.417855 0.255080 0.137317 -0.096037 -0.313840 -0.508402 -0.688379 -0.821571 -0.901277 -0.962957 0.992891 0.985911 0.962525 0.915325 0.570181 0.523842 0.414042 0.259303 0.167317 -0.072307 -0.324583 -0.476269 -0.681405 -0.829411 -0.899312 -0.952482 
39.908333 17080.365234 146 50 66 0.622585 0.670685 0.659644 0.992454 0.985414 0.967276 0.926482 0.666012 0.512010 0.392903 0.247147 0.089233 -0.173082 -0.344797 -0.524530 -0.669452 -0.841271 -0.925038 -0.965939 0.993087 0.988721 0.963269 0.911065 0.612911 0.517117 0.420622 0.254522 0.114495 -0.129146 -0.336348 -0.520894 -0.669743 -0.826249 -0.913493 -0.971380 
34.236454 11505.305664 66 72 64 0.711520 0.356941 0.398845 0.991300 0.981672 0.961762 0.884325 0.642944 0.543775 0.345850 0.235930 -0.024909 -0.230497 -0.380938 -0.513697 -0.714056 -0.833929 -0.911393 -0.974969 0.993540 0.983871 0.966586 0.916755 0.648586 0.522602 0.356060 0.235572 0.048068 -0.210876 -0.347814 -0.511712 -0.708193 -0.840782 -0.917609 -0.969668 
27.622498 12960.763672 60 60 58 0.735198 0.720707 0.645067 0.990039 0.979715 0.944264 0.819044 0.635004 0.557835 0.303944 0.190154 -0.006823 -0.242391 -0.375538 -0.507584 -0.678212 -0.820902 -0.918683 -0.968482 0.990776 0.980182 0.951864 0.830808 0.650939 0.574504 0.352003 0.213371 0.017495 -0.236943 -0.388412 -0.498988 -0.716407 -0.816700 -0.910367 -0.965145 
19.094137 4620.622070 104 66 62 0.666535 0.547953 0.560749 0.991627 0.969293 0.915051 0.783684 0.601633 0.512883 0.325120 0.172706 -0.050744 -0.198689 -0.368505 -0.530932 -0.692151 -0.844016 -0.924836 -0.982761 0.990701 0.977482 0.926549 0.818907 0.619957 0.513111 0.313570 0.188775 -0.029552 -0.250450 -0.374850 -0.533448 -0.672350 -0.832316 -0.916961 -0.977951 
12.508530 3661.764404 60 70 136 0.382185 0.501015 0.363064 0.983375 0.964703 0.895844 0.785444 0.606874 0.511662 0.342413 0.140173 -0.057742 -0.235028 -0.369890 -0.518389 -0.705653 -0.823347 -0.932827 -0.981824 0.983026 0.964989 0.888995 0.766823 0.586788 0.503040 0.321289 0.166487 -0.056523 -0.204340 -0.362337 -0.524291 -0.707328 -0.822097 -0.930023 -0.979113 
12.634316 2889.857422 38 148 148 0.406470 0.566221 0.536048 0.989528 0.973376 0.897337 0.744456 0.625691 0.515589 0.344106 0.187553 -0.052507 -0.233887 -0.438629 -0.585361 -0.697520 -0.847329 -0.932519 -0.980612 0.988425 0.971168 0.908718 0.762134 0.619663 0.495446 0.349769 0.159984 -0.057053 -0.251020 -0.406351 -0.541003 -0.700562 -0.833191 -0.934631 -0.982167 
12.538769 2934.144531 102 102 92 0.492306 0.712763 0.433192 0.988983 0.973436 0.894295 0.784134 0.626498 0.502590 0.360452 0.137927 -0.050251 -0.269161 -0.418862 -0.563601 -0.734061 -0.819609 -0.923805 -0.985390 0.989921 0.966161 0.889102 0.783832 0.642846 0.513099 0.347821 0.178699 -0.047867 -0.238427 -0.433159 -0.574037 -0.702514 -0.844944 -0.925377 -0.979853 
8.643606 538.123291 144 106 78 0.525766 0.476230 0.530831 0.989461 0.961279 0.884688 0.792254 0.635078 0.511360 0.349025 0.099371 -0.056171 -0.240195 -0.375045 -0.556168 -0.735632 -0.827872 -0.934958 -0.982349 0.988886 0.969422 0.891962 0.777471 0.641697 0.490771 0.355498 0.122459 -0.053539 -0.259236 -0.404816 -0.576337 -0.728881 -0.824896 -0.927630 -0.986104 
