38.990608 1729386.625000 20 102 58 0.000000 0.533764 0.831313 0.986305 0.969207 0.928684 0.806481 0.577396 0.533456 0.281773 0.099685 -0.016131 -0.333855 -0.439085 -0.539512 -0.691615 -0.771730 -0.958769 -0.995682 0.963344 0.936755 0.876243 0.648974 0.551556 0.474187 0.169286 0.071694 -0.083866 -0.360212 -0.460040 -0.603576 -0.701202 -0.813637 -0.954704 -0.992520 
54.666115 1317526.500000 56 64 66 0.581686 0.972859 0.956689 0.984676 0.971106 0.942547 0.882879 0.788165 0.682222 0.398535 0.221396 0.139891 -0.046880 -0.254192 -0.299370 -0.498822 -0.736041 -0.886497 -0.975192 0.985881 0.973071 0.944255 0.885766 0.769241 0.655666 0.399080 0.218315 0.088463 -0.154482 -0.287912 -0.393052 -0.617403 -0.751449 -0.911895 -0.992188 
56.157104 1003189.812500 66 66 66 0.951304 0.986084 0.969233 0.986962 0.972152 0.943071 0.878915 0.828753 0.715835 0.499613 0.222257 0.092673 -0.118592 -0.236949 -0.318319 -0.602363 -0.765415 -0.897749 -0.974415 0.985513 0.971058 0.942489 0.880179 0.816139 0.698797 0.438013 0.201994 0.120143 -0.102125 -0.247412 -0.303048 -0.537946 -0.749847 -0.885844 -0.976282 
52.378647 445720.281250 66 68 68 0.966075 0.952436 0.709921 0.988297 0.974482 0.927206 0.869428 0.826089 0.689374 0.517497 0.188568 0.104818 -0.090562 -0.215792 -0.297875 -0.552512 -0.740894 -0.895024 -0.970895 0.988456 0.974251 0.938951 0.873381 0.832500 0.729238 0.464043 0.187504 0.127427 -0.143584 -0.220905 -0.315103 -0.545348 -0.751578 -0.891527 -0.972380 
49.740582 205688.187500 68 70 70 0.730819 0.910017 0.841227 0.991853 0.978931 0.940843 0.892863 0.815633 0.648540 0.559329 0.165663 0.054602 -0.129446 -0.224791 -0.367854 -0.603610 -0.765372 -0.910242 -0.972537 0.989841 0.977088 0.929709 0.878305 0.824625 0.655799 0.548847 0.190782 0.075614 -0.105720 -0.227288 -0.364949 -0.607848 -0.768191 -0.905149 -0.973976 
46.101891 52706.785156 72 74 76 0.847833 0.888399 0.895693 0.994437 0.980563 0.953979 0.922187 0.797819 0.691714 0.533872 0.114634 0.047681 -0.135828 -0.244552 -0.425631 -0.652119 -0.792078 -0.907579 -0.976955 0.993509 0.979284 0.949941 0.899858 0.811069 0.680984 0.542299 0.130335 0.051399 -0.137279 -0.236173 -0.403140 -0.609241 -0.787586 -0.908613 -0.973985 
44.763340 29030.658203 76 78 78 0.879142 0.829107 0.889907 0.995975 0.985743 0.949725 0.911639 0.819640 0.716170 0.545801 0.270112 0.002179 -0.146439 -0.352088 -0.520205 -0.677794 -0.808446 -0.921223 -0.979975 0.995197 0.982812 0.952563 0.921274 0.809972 0.687519 0.566212 0.186508 0.013397 -0.136617 -0.271411 -0.489821 -0.654988 -0.789368 -0.903252 -0.979214 
45.299931 17152.146484 80 80 82 0.889814 0.926003 0.911214 0.996410 0.990832 0.960373 0.912882 0.841031 0.715787 0.443660 0.240033 -0.012862 -0.194961 -0.371414 -0.551659 -0.711795 -0.831501 -0.919689 -0.979456 0.996281 0.989222 0.955695 0.910840 0.827527 0.714966 0.495629 0.251899 0.010177 -0.164902 -0.364651 -0.542398 -0.700593 -0.827378 -0.925197 -0.979157 
43.991570 13793.248047 80 80 80 0.869005 0.865524 0.864845 0.996168 0.992619 0.966499 0.898544 0.822089 0.609503 0.417161 0.217229 -0.011648 -0.198695 -0.372559 -0.563798 -0.709306 -0.844020 -0.932352 -0.982886 0.996323 0.991732 0.962092 0.913353 0.835617 0.673251 0.408825 0.252607 -0.032657 -0.203507 -0.381766 -0.564424 -0.714269 -0.840053 -0.919352 -0.983397 
42.963863 11462.395508 80 80 80 0.844562 0.843943 0.880738 0.996419 0.993211 0.969648 0.909233 0.788338 0.598787 0.384288 0.170066 -0.057291 -0.208705 -0.390871 -0.572562 -0.701519 -0.839782 -0.911060 -0.978336 0.996321 0.993289 0.967449 0.912222 0.773686 0.572296 0.406590 0.179299 -0.060404 -0.210250 -0.371777 -0.575494 -0.698155 -0.841487 -0.922394 -0.977544 
42.515068 11490.631836 80 80 76 0.926274 0.900574 0.937011 0.995885 0.990288 0.966360 0.940739 0.804528 0.601636 0.418325 0.215820 -0.022225 -0.192290 -0.405976 -0.554918 -0.704957 -0.850567 -0.935591 -0.973668 0.996393 0.992020 0.966726 0.931362 0.776744 0.638501 0.396492 0.212524 -0.045947 -0.209380 -0.409331 -0.565221 -0.711688 -0.852150 -0.925813 -0.977745 
47.574150 58939.535156 78 76 74 0.922373 0.924743 0.922779 0.990720 0.976265 0.960043 0.936383 0.903033 0.674003 0.312706 0.075682 0.033618 -0.150454 -0.269130 -0.500021 -0.673612 -0.818221 -0.904366 -0.972956 0.994780 0.984920 0.962135 0.941583 0.850334 0.608111 0.412905 0.162884 0.008340 -0.153992 -0.357989 -0.533338 -0.703868 -0.834800 -0.918894 -0.975873 
54.856262 972390.437500 74 70 68 0.944893 0.941524 0.915410 0.980734 0.963102 0.944369 0.909513 0.876902 0.715193 0.151321 0.093170 -0.001895 -0.124175 -0.273934 -0.450150 -0.667747 -0.705723 -0.835349 -0.969619 0.985993 0.970910 0.951709 0.923880 0.895195 0.716669 0.222453 0.060516 0.011822 -0.150325 -0.242044 -0.416626 -0.634427 -0.734217 -0.902520 -0.971932 
58.420906 8384255.500000 68 68 66 0.900427 0.856953 0.884946 0.974567 0.943226 0.924816 0.875906 0.836235 0.620680 0.181258 0.115045 -0.024524 -0.115302 -0.277012 -0.467983 -0.637386 -0.696732 -0.773824 -0.986698 0.974713 0.955692 0.934436 0.900105 0.858432 0.675993 0.134915 0.088101 -0.012383 -0.118556 -0.277684 -0.493426 -0.649633 -0.686562 -0.768967 -0.979345 
60.630833 22786200.000000 66 64 62 0.923405 0.970360 0.951609 0.971208 0.931029 0.897220 0.854459 0.818240 0.624766 0.272294 0.144086 0.056003 -0.108725 -0.262930 -0.476441 -0.640867 -0.700699 -0.755836 -0.977486 0.972931 0.935306 0.909522 0.859853 0.826578 0.624323 0.235452 0.117217 0.037139 -0.102376 -0.267802 -0.469194 -0.636824 -0.694783 -0.764038 -0.985497 
61.889530 35656476.000000 62 62 60 0.934865 0.987322 0.941371 0.968667 0.926044 0.885276 0.846696 0.806114 0.630450 0.255237 0.148846 0.050136 -0.148600 -0.278689 -0.453794 -0.638069 -0.739443 -0.775067 -0.935992 0.969411 0.929500 0.888525 0.849496 0.808405 0.616009 0.271848 0.146625 0.052362 -0.145865 -0.258962 -0.475703 -0.634407 -0.712981 -0.756449 -0.954763 
61.750950 28948402.000000 60 60 60 0.939073 0.966475 0.863702 0.965541 0.924444 0.875246 0.855470 0.783461 0.612119 0.291677 0.184924 0.061485 -0.189183 -0.288838 -0.460546 -0.600787 -0.753797 -0.804579 -0.904575 0.968083 0.924472 0.880777 0.851650 0.804533 0.633377 0.250580 0.146957 0.047858 -0.205257 -0.291984 -0.465043 -0.637575 -0.757745 -0.801112 -0.906901 
60.587921 52406460.000000 60 58 56 0.849736 0.969427 0.959342 0.963909 0.927903 0.870484 0.831238 0.739892 0.614430 0.315003 0.190914 0.091319 -0.168515 -0.299465 -0.414172 -0.577416 -0.722899 -0.778844 -0.920393 0.965421 0.922474 0.872902 0.842302 0.759466 0.602567 0.300855 0.196514 0.078160 -0.179771 -0.292979 -0.420103 -0.590758 -0.726688 -0.796173 -0.909491 
60.327682 63762360.000000 56 56 54 0.946580 0.986406 0.984994 0.962184 0.930469 0.877627 0.814535 0.708418 0.635106 0.331118 0.192454 0.088462 -0.170507 -0.307159 -0.413740 -0.553951 -0.718463 -0.784800 -0.944911 0.963048 0.929464 0.870963 0.822135 0.725245 0.628629 0.309072 0.197935 0.103497 -0.161664 -0.302233 -0.413217 -0.557186 -0.718493 -0.773889 -0.913354 
60.744267 91683952.000000 54 54 52 0.972190 0.969079 0.955384 0.959810 0.929553 0.890631 0.784745 0.671788 0.609045 0.350620 0.189028 0.075910 -0.142836 -0.330159 -0.408073 -0.548589 -0.741913 -0.806477 -0.971807 0.959422 0.929173 0.884379 0.797131 0.688995 0.625862 0.346001 0.182177 0.071365 -0.158580 -0.333090 -0.416259 -0.553551 -0.738251 -0.789283 -0.969102 
59.607956 49546296.000000 52 52 52 0.968230 0.861814 0.968772 0.968336 0.935688 0.912911 0.803904 0.638348 0.579849 0.379443 0.154894 0.070979 -0.071331 -0.308693 -0.443915 -0.569733 -0.731568 -0.791256 -0.959087 0.963985 0.931581 0.900904 0.800000 0.659226 0.595130 0.342539 0.154903 0.093291 -0.136568 -0.329836 -0.430387 -0.546822 -0.728366 -0.803550 -0.972479 
57.794701 34447528.000000 52 52 52 0.960634 0.944247 0.946519 0.977479 0.940652 0.920093 0.810734 0.632420 0.491001 0.352018 0.191998 0.112293 -0.072970 -0.332273 -0.446022 -0.557193 -0.707604 -0.777746 -0.951382 0.971939 0.936727 0.915456 0.809828 0.651411 0.542980 0.377001 0.172974 0.097121 -0.121395 -0.338706 -0.465554 -0.583424 -0.734284 -0.792244 -0.953188 
55.780521 25531382.000000 52 50 50 0.935504 0.959706 0.927535 0.981635 0.956586 0.920170 0.826424 0.599681 0.416611 0.333409 0.228683 0.099002 -0.115118 -0.319412 -0.447791 -0.582950 -0.739197 -0.792127 -0.939078 0.980002 0.947370 0.918398 0.806231 0.608038 0.468967 0.354851 0.238337 0.124928 -0.076854 -0.319602 -0.427643 -0.576419 -0.718699 -0.776285 -0.891991 
55.028412 16213215.000000 50 50 52 0.945100 0.935735 0.978700 0.983433 0.969838 0.931425 0.788459 0.613714 0.375754 0.322374 0.214549 0.068960 -0.143357 -0.342127 -0.455972 -0.599925 -0.679947 -0.806548 -0.990778 0.982517 0.966514 0.925686 0.814359 0.617349 0.394256 0.320903 0.226074 0.079892 -0.125226 -0.324307 -0.458293 -0.559176 -0.712713 -0.790940 -0.971861 
51.452026 3356996.000000 52 52 54 0.984697 0.912562 0.755667 0.989569 0.975703 0.913478 0.790470 0.620180 0.410755 0.320714 0.209909 0.097924 -0.024819 -0.346873 -0.470871 -0.559217 -0.657029 -0.810209 -0.995697 0.985950 0.972399 0.930514 0.797655 0.606918 0.373895 0.311384 0.184469 0.089305 -0.130295 -0.361966 -0.467613 -0.563407 -0.669911 -0.803627 -0.993636 
42.822174 478291.406250 56 54 58 0.770984 0.760064 0.715546 0.992881 0.974984 0.904795 0.809663 0.687083 0.565959 0.381045 0.277065 0.103066 -0.103840 -0.232055 -0.399232 -0.571417 -0.690745 -0.837788 -0.974706 0.991606 0.970380 0.906237 0.817472 0.672269 0.551769 0.370586 0.272196 0.107932 -0.082752 -0.263173 -0.449672 -0.555125 -0.673889 -0.815225 -0.987919 
42.874161 348235.656250 62 68 70 0.768941 0.713543 0.801647 0.994058 0.974979 0.895451 0.848806 0.710105 0.506727 0.401197 0.286325 0.139827 -0.078700 -0.277431 -0.396718 -0.535872 -0.637625 -0.853104 -0.964834 0.993542 0.977255 0.896682 0.830085 0.694109 0.536261 0.378874 0.290626 0.113459 -0.077418 -0.239341 -0.402615 -0.558388 -0.658141 -0.848564 -0.972872 
40.925522 155608.687500 70 70 70 0.679129 0.704994 0.842441 0.995115 0.980642 0.901208 0.843952 0.726876 0.576005 0.388187 0.263027 0.184379 0.026874 -0.274840 -0.425775 -0.562874 -0.746558 -0.889159 -0.979665 0.993638 0.966930 0.899907 0.854622 0.732868 0.540453 0.396661 0.262363 0.162685 -0.055043 -0.285719 -0.416457 -0.545995 -0.675939 -0.872747 -0.967669 
40.593964 69313.703125 68 70 76 0.857230 0.788726 0.825289 0.995614 0.986813 0.883921 0.817545 0.692053 0.526385 0.417597 0.321671 0.201985 0.040189 -0.289674 -0.426225 -0.587996 -0.789035 -0.887883 -0.977449 0.995093 0.985836 0.909216 0.825498 0.727138 0.569226 0.401423 0.302194 0.194866 0.046066 -0.288402 -0.441119 -0.563694 -0.782074 -0.884164 -0.977834 
38.744839 45866.109375 76 80 80 0.827499 0.814069 0.797281 0.995995 0.990791 0.903130 0.830521 0.721075 0.481555 0.364798 0.282585 0.200503 -0.037530 -0.319987 -0.474801 -0.679978 -0.782736 -0.913730 -0.976175 0.995769 0.988394 0.889465 0.822817 0.691679 0.510892 0.401742 0.295638 0.212429 -0.046379 -0.295175 -0.429845 -0.646110 -0.783669 -0.901870 -0.975347 
39.907917 29445.925781 76 82 84 0.825515 0.830569 0.901416 0.996622 0.993019 0.928072 0.819580 0.719568 0.552535 0.351980 0.281881 0.146159 -0.095113 -0.346882 -0.528464 -0.674779 -0.807162 -0.912834 -0.971076 0.996110 0.992762 0.924086 0.817410 0.749243 0.445760 0.344559 0.238184 0.168090 -0.051219 -0.307299 -0.498132 -0.692021 -0.806849 -0.912639 -0.975844 
35.697701 14401.634766 84 84 90 0.905377 0.809746 0.639635 0.996186 0.988767 0.900762 0.802534 0.686693 0.615681 0.369364 0.258268 0.025656 -0.166429 -0.313317 -0.489263 -0.692482 -0.812864 -0.917832 -0.985814 0.996462 0.992920 0.909856 0.807897 0.703009 0.618608 0.385695 0.273661 0.077739 -0.153934 -0.339874 -0.508812 -0.676072 -0.825676 -0.914232 -0.976120 
22.069866 8305.955078 88 204 204 0.711860 0.541796 0.536973 0.993152 0.964180 0.896969 0.789894 0.670675 0.624409 0.336321 0.232343 0.042714 -0.206835 -0.351686 -0.527026 -0.693327 -0.821529 -0.937344 -0.974068 0.995733 0.971597 0.903572 0.802270 0.670439 0.608302 0.349811 0.247920 0.048379 -0.163637 -0.328524 -0.502732 -0.708582 -0.811509 -0.932437 -0.980713 
18.851803 7998.803711 206 84 72 0.403202 0.418884 0.565877 0.987462 0.966197 0.891155 0.819997 0.649954 0.517877 0.358496 0.211948 -0.019932 -0.212421 -0.410024 -0.565632 -0.702237 -0.811861 -0.913839 -0.981360 0.988497 0.966787 0.899022 0.801167 0.676778 0.580486 0.336502 0.236898 0.002481 -0.225680 -0.390512 -0.557974 -0.715043 -0.834290 -0.917138 -0.979914 
16.159855 6404.582520 62 86 60 0.493356 0.593703 0.388993 0.988887 0.959112 0.890867 0.805510 0.687701 0.526729 0.344761 0.233594 -0.067777 -0.220239 -0.409185 -0.554019 -0.706779 -0.834942 -0.915232 -0.975656 0.988928 0.958245 0.898656 0.808491 0.668620 0.532117 0.347209 0.195815 -0.034652 -0.217234 -0.403491 -0.551133 -0.697866 -0.818394 -0.926281 -0.979441 
16.619770 6523.893066 58 56 92 0.563178 0.508069 0.488803 0.984601 0.962388 0.906157 0.782286 0.661096 0.539148 0.347902 0.206799 -0.029466 -0.239361 -0.410665 -0.590329 -0.714733 -0.842103 -0.920212 -0.980245 0.987506 0.966953 0.895812 0.781444 0.660683 0.514515 0.346773 0.237368 -0.028623 -0.229357 -0.397655 -0.558718 -0.710631 -0.845505 -0.915260 -0.981849 
33.166672 2995322.250000 92 86 92 0.580348 0.605809 0.588749 0.959289 0.882560 0.765781 0.658596 0.548060 0.338706 0.132135 -0.011007 -0.166427 -0.415814 -0.517432 -0.662606 -0.770005 -0.874430 -0.946328 -0.983729 0.985489 0.964494 0.921000 0.798469 0.667837 0.531409 0.348427 0.180215 -0.075346 -0.272280 -0.435608 -0.600489 -0.725692 -0.844953 -0.930275 -0.982161 
48.195709 10909772.000000 92 150 150 0.521406 0.679221 0.636769 0.970779 0.902411 0.691077 0.588961 0.477731 0.196901 0.050073 -0.141725 -0.370828 -0.491028 -0.604316 -0.707524 -0.796091 -0.912603 -0.936233 -0.985316 0.959769 0.880835 0.748635 0.626899 0.509048 0.304520 0.088678 -0.063549 -0.312020 -0.470520 -0.593837 -0.695953 -0.818080 -0.904270 -0.941274 -0.986586 
50.452522 21598400.000000 68 56 68 0.513082 0.776225 0.882704 0.985829 0.975644 0.940693 0.691303 0.600651 0.498511 0.205697 0.108708 -0.122052 -0.319353 -0.470644 -0.588861 -0.719881 -0.788167 -0.898757 -0.969664 0.988973 0.976962 0.893299 0.607143 0.573404 0.218364 0.101039 -0.092796 -0.357203 -0.477769 -0.559066 -0.701728 -0.763296 -0.859429 -0.930057 -0.969549 
58.664940 46188528.000000 68 70 68 0.901702 0.962451 0.930385 0.976920 0.962892 0.933523 0.740015 0.629512 0.594973 0.322762 0.208018 -0.009330 -0.213632 -0.283558 -0.495644 -0.652069 -0.698116 -0.793742 -0.951540 0.982249 0.969926 0.930529 0.726257 0.608257 0.551631 0.285583 0.168377 -0.035613 -0.235850 -0.313695 -0.517928 -0.634524 -0.692655 -0.830573 -0.950640 
61.424450 32910494.000000 68 68 68 0.933548 0.939735 0.952312 0.972394 0.954097 0.924906 0.819924 0.687402 0.624444 0.391035 0.259882 0.026430 -0.135512 -0.235659 -0.517346 -0.661256 -0.730062 -0.876698 -0.940995 0.971914 0.959179 0.932096 0.796971 0.655192 0.614091 0.366797 0.242339 0.007114 -0.199669 -0.280140 -0.541186 -0.658717 -0.711403 -0.834121 -0.954700 
59.966320 23809880.000000 68 68 68 0.961909 0.986883 0.987049 0.970596 0.944020 0.914575 0.837080 0.749954 0.620355 0.372008 0.293268 0.123876 -0.096735 -0.208397 -0.494972 -0.646331 -0.732998 -0.863782 -0.950685 0.972426 0.948222 0.918281 0.835861 0.719853 0.639718 0.376478 0.290147 0.099053 -0.113956 -0.180684 -0.523074 -0.665755 -0.757985 -0.882956 -0.941104 
60.603214 21817180.000000 68 66 66 0.982102 0.985073 0.908120 0.969424 0.938457 0.903908 0.836851 0.768256 0.632642 0.391942 0.314060 0.159024 -0.093834 -0.208534 -0.462078 -0.618056 -0.671068 -0.857253 -0.944285 0.969962 0.940332 0.910371 0.839068 0.768830 0.623872 0.381360 0.295698 0.140406 -0.087433 -0.203432 -0.480030 -0.627154 -0.672948 -0.854572 -0.958700 
60.014324 18995624.000000 66 64 64 0.915211 0.992011 0.942113 0.968330 0.939069 0.896680 0.836521 0.752517 0.613550 0.408658 0.337569 0.133103 -0.116338 -0.222702 -0.405235 -0.589786 -0.654394 -0.766438 -0.941089 0.968911 0.938404 0.900605 0.836811 0.763690 0.624100 0.399141 0.319006 0.167972 -0.117158 -0.205305 -0.438442 -0.606988 -0.670015 -0.816209 -0.937851 
58.571388 13493873.000000 64 62 60 0.945478 0.990871 0.928262 0.969883 0.943243 0.893136 0.832005 0.748430 0.610538 0.448643 0.346818 0.136364 -0.132238 -0.217357 -0.406858 -0.575531 -0.674981 -0.773015 -0.934505 0.968789 0.941803 0.892371 0.831703 0.745940 0.609621 0.441088 0.346260 0.135893 -0.131410 -0.205042 -0.430533 -0.560489 -0.631592 -0.770361 -0.941625 
56.662621 7292565.500000 62 60 58 0.913621 0.954464 0.755075 0.966679 0.946549 0.905815 0.833268 0.727286 0.606009 0.556425 0.406793 0.025235 -0.171883 -0.232843 -0.511826 -0.607895 -0.705786 -0.793048 -0.907676 0.970467 0.944979 0.901762 0.838758 0.753415 0.627929 0.511281 0.372681 0.125204 -0.189045 -0.245864 -0.438606 -0.594174 -0.733941 -0.793958 -0.939312 
55.860374 8730089.000000 58 58 58 0.746615 0.979636 0.907896 0.968601 0.948320 0.909271 0.794430 0.692993 0.613800 0.545989 0.425340 0.018042 -0.171848 -0.232353 -0.471546 -0.625272 -0.717058 -0.767861 -0.915879 0.966699 0.947048 0.910428 0.811762 0.702638 0.603156 0.552762 0.402443 0.019265 -0.145632 -0.275375 -0.471134 -0.611436 -0.732708 -0.798325 -0.945947 
54.016396 4375924.000000 58 56 56 0.942865 0.975650 0.933299 0.981199 0.945668 0.908633 0.804439 0.660531 0.623707 0.572250 0.422589 0.040391 -0.193485 -0.245924 -0.538001 -0.629627 -0.754225 -0.784577 -0.912227 0.972483 0.946058 0.905351 0.784354 0.665145 0.621506 0.558777 0.403701 0.012649 -0.182662 -0.230423 -0.518005 -0.620244 -0.733258 -0.778331 -0.883480 
43.780846 342779.093750 56 56 62 0.949909 0.730126 0.429351 0.983584 0.947290 0.862280 0.793964 0.692642 0.604077 0.537096 0.390380 0.075795 -0.202017 -0.291461 -0.543045 -0.669788 -0.723812 -0.822810 -0.957523 0.987470 0.948312 0.902280 0.823179 0.670747 0.616566 0.576350 0.414715 0.063107 -0.194285 -0.250473 -0.502662 -0.662379 -0.735057 -0.783360 -0.941368 
37.827415 120120.609375 68 64 58 0.483595 0.461301 0.705592 0.958949 0.942981 0.876526 0.795914 0.712219 0.642169 0.539814 0.421048 0.150342 -0.161738 -0.226025 -0.480712 -0.681773 -0.765703 -0.883962 -0.961305 0.967312 0.943302 0.855987 0.786878 0.719357 0.655650 0.524068 0.413214 0.089389 -0.170921 -0.265643 -0.544062 -0.683209 -0.738871 -0.856369 -0.959628 
36.483379 51194.886719 98 118 60 0.694084 0.715952 0.556311 0.958364 0.947371 0.889038 0.797460 0.748493 0.629661 0.536196 0.467584 0.131072 -0.160522 -0.257913 -0.512882 -0.674958 -0.804402 -0.899196 -0.955625 0.957130 0.945609 0.874175 0.800386 0.722404 0.641584 0.546683 0.423715 0.196608 -0.165505 -0.237007 -0.481454 -0.656976 -0.791481 -0.888651 -0.956318 
30.473145 22813.087891 60 116 60 0.509261 0.454758 0.579809 0.957589 0.934541 0.876212 0.819678 0.715086 0.622760 0.550603 0.424197 0.059511 -0.146286 -0.320483 -0.542062 -0.699483 -0.839976 -0.915508 -0.971606 0.958694 0.942126 0.888363 0.809419 0.744470 0.608609 0.533039 0.443167 0.093325 -0.144009 -0.293108 -0.540625 -0.699175 -0.813738 -0.904993 -0.969673 
27.390186 54822.199219 146 62 36 0.681975 0.432972 0.327172 0.958619 0.935598 0.861565 0.784712 0.664731 0.593294 0.475691 0.257296 -0.007945 -0.214233 -0.407902 -0.545316 -0.677769 -0.813265 -0.922552 -0.974453 0.959051 0.928437 0.864140 0.810168 0.710024 0.637503 0.564102 0.354257 0.016208 -0.161495 -0.360659 -0.562718 -0.715745 -0.846052 -0.936111 -0.980689 
42.592907 12781553.000000 94 150 94 0.490591 0.464220 0.470657 0.942611 0.884816 0.675402 0.601095 0.531072 0.404082 0.181600 -0.035292 -0.234758 -0.440127 -0.573612 -0.668691 -0.759651 -0.853861 -0.960545 -0.980632 0.949419 0.916069 0.720532 0.658767 0.580807 0.529411 0.277140 0.128744 -0.096530 -0.296264 -0.435719 -0.582933 -0.701962 -0.801800 -0.927895 -0.984831 
48.893723 15989299.000000 168 84 130 0.436828 0.461183 0.518260 0.967050 0.866137 0.685679 0.584985 0.533817 0.286636 0.054685 -0.142293 -0.300496 -0.480223 -0.589636 -0.697292 -0.843566 -0.914739 -0.957862 -0.992913 0.958979 0.861591 0.665940 0.571849 0.517989 0.299149 0.088355 -0.115104 -0.274681 -0.472620 -0.574932 -0.682868 -0.791261 -0.889801 -0.960877 -0.981208 
49.743004 7454835.500000 130 114 116 0.524162 0.481380 0.558185 0.969333 0.887380 0.714187 0.568667 0.513516 0.243490 0.073781 -0.114831 -0.336479 -0.484337 -0.624507 -0.705188 -0.874280 -0.937088 -0.964423 -0.985942 0.970827 0.869947 0.722850 0.584790 0.515861 0.274550 0.060450 -0.125789 -0.318465 -0.486261 -0.617651 -0.710045 -0.861514 -0.929544 -0.954398 -0.989477 
46.968513 3569576.000000 116 86 84 0.504617 0.485253 0.532537 0.977266 0.922312 0.721303 0.592548 0.523737 0.289602 0.024136 -0.163562 -0.330749 -0.510834 -0.638910 -0.750727 -0.881547 -0.929581 -0.968246 -0.988655 0.969755 0.912469 0.714967 0.594283 0.514990 0.289771 0.038405 -0.144950 -0.322022 -0.490153 -0.628282 -0.719597 -0.873018 -0.933720 -0.965545 -0.984928 
46.827278 2426291.750000 84 150 54 0.430599 0.345407 0.668059 0.978427 0.935559 0.769773 0.579405 0.516842 0.236676 0.056462 -0.178283 -0.366840 -0.472157 -0.641458 -0.773065 -0.894063 -0.935333 -0.969039 -0.986949 0.972967 0.917733 0.709304 0.574271 0.514337 0.263357 0.058023 -0.160485 -0.344402 -0.477190 -0.659353 -0.759949 -0.871520 -0.923810 -0.969099 -0.990771 
46.547485 1621292.500000 52 94 60 0.522886 0.388006 0.642321 0.978263 0.944975 0.772163 0.620060 0.486670 0.171171 0.033081 -0.193799 -0.408258 -0.514887 -0.641030 -0.764283 -0.866955 -0.931744 -0.964535 -0.990935 0.981225 0.937690 0.796298 0.607507 0.519966 0.191952 0.037527 -0.200840 -0.384490 -0.505295 -0.632288 -0.786974 -0.897286 -0.942845 -0.968997 -0.987223 
43.870590 1238168.625000 60 150 150 0.707512 0.530029 0.597196 0.975267 0.939316 0.785695 0.619576 0.506727 0.306357 -0.039897 -0.217430 -0.380344 -0.489720 -0.637958 -0.747118 -0.860989 -0.952348 -0.971065 -0.994814 0.976114 0.945605 0.761008 0.605833 0.491259 0.232820 -0.012386 -0.213626 -0.392801 -0.501996 -0.636530 -0.749938 -0.853544 -0.927747 -0.960604 -0.992181 
45.976597 1435735.250000 56 56 114 0.630433 0.515369 0.584805 0.974382 0.944090 0.810819 0.644348 0.433710 0.188633 -0.002775 -0.153806 -0.370388 -0.523561 -0.603166 -0.751627 -0.884940 -0.930799 -0.972333 -0.991707 0.975439 0.937441 0.816313 0.638178 0.484327 0.252482 -0.006941 -0.178376 -0.384580 -0.515081 -0.630773 -0.751627 -0.870164 -0.953953 -0.975973 -0.995341 
43.749954 1279263.500000 114 90 86 0.491017 0.529398 0.522100 0.978425 0.946634 0.810322 0.650959 0.363902 0.140749 -0.017060 -0.198318 -0.358452 -0.500875 -0.606402 -0.737845 -0.849254 -0.935800 -0.957006 -0.989387 0.978282 0.939510 0.812902 0.654314 0.400737 0.138679 -0.004465 -0.192576 -0.357639 -0.510159 -0.605607 -0.746391 -0.878294 -0.945930 -0.962332 -0.990678 
52.978935 5551577.000000 86 96 88 0.426009 0.682712 0.585761 0.975340 0.928004 0.783788 0.622507 0.366774 0.105531 -0.025749 -0.221278 -0.370468 -0.525180 -0.588783 -0.748315 -0.901315 -0.950140 -0.974232 -0.994300 0.980125 0.938720 0.793763 0.648803 0.373614 0.122583 -0.056547 -0.219750 -0.358416 -0.528707 -0.618693 -0.756536 -0.884563 -0.944511 -0.968866 -0.996433 
49.993561 2331048.250000 88 112 94 0.623804 0.399136 0.506201 0.977161 0.927165 0.779902 0.540368 0.404647 0.183814 -0.017387 -0.144518 -0.306860 -0.494320 -0.567669 -0.731968 -0.841135 -0.920735 -0.976808 -0.995262 0.971380 0.930931 0.777541 0.568885 0.377661 0.118429 -0.002884 -0.208339 -0.345961 -0.509555 -0.566558 -0.717445 -0.886258 -0.946088 -0.977907 -0.994562 
47.973846 5969061.500000 54 44 52 0.304910 0.755630 0.947558 0.992072 0.986856 0.960173 0.720819 0.370867 0.329460 0.168403 0.051225 -0.040775 -0.245235 -0.489158 -0.533639 -0.689319 -0.884942 -0.941946 -0.981089 0.990703 0.986557 0.952634 0.624371 0.385883 0.312269 0.069985 -0.036561 -0.219329 -0.452235 -0.550700 -0.680173 -0.820780 -0.910428 -0.956842 -0.986748 
51.317406 6531604.000000 52 54 54 0.962430 0.987225 0.975701 0.992326 0.980466 0.965745 0.820952 0.345553 0.295862 0.183492 0.068355 -0.050115 -0.187480 -0.452748 -0.492665 -0.608842 -0.878723 -0.935685 -0.981459 0.992694 0.982321 0.964660 0.746449 0.363701 0.325226 0.175364 0.052091 -0.046632 -0.197112 -0.454044 -0.515350 -0.592198 -0.850331 -0.930176 -0.971810 
50.314987 4362363.500000 54 54 56 0.979340 0.920005 0.969193 0.992497 0.983868 0.964343 0.806550 0.342422 0.260489 0.133850 0.055518 -0.059793 -0.180474 -0.410567 -0.471659 -0.642291 -0.824237 -0.937914 -0.974862 0.992212 0.982391 0.965484 0.808223 0.338072 0.285034 0.164489 0.055879 -0.055575 -0.177550 -0.446281 -0.492922 -0.654753 -0.862043 -0.936401 -0.974711 
49.780903 3946888.750000 56 56 54 0.972753 0.978594 0.973698 0.992695 0.981593 0.964879 0.829351 0.367841 0.262078 0.140514 0.064799 -0.036408 -0.186511 -0.386443 -0.460854 -0.617550 -0.801904 -0.936860 -0.981472 0.992829 0.983459 0.964626 0.857069 0.350857 0.246514 0.134299 0.056136 -0.040283 -0.161593 -0.357096 -0.457517 -0.638011 -0.824251 -0.927267 -0.982170 
50.432720 4262644.000000 56 56 54 0.981686 0.973740 0.989271 0.991479 0.977352 0.965209 0.837869 0.357936 0.297501 0.174639 0.079597 -0.024688 -0.142018 -0.382721 -0.474050 -0.569410 -0.749775 -0.930784 -0.966395 0.992214 0.979599 0.965834 0.848930 0.360006 0.273775 0.161258 0.076352 -0.033232 -0.192113 -0.382672 -0.474239 -0.628414 -0.802476 -0.932025 -0.972382 
52.884159 4001893.000000 54 54 54 0.985560 0.961686 0.917217 0.988713 0.972558 0.965270 0.855907 0.459778 0.384854 0.246788 0.159485 -0.011880 -0.112231 -0.354741 -0.457461 -0.538571 -0.699829 -0.921797 -0.961119 0.990747 0.974912 0.965491 0.856965 0.373575 0.316848 0.232076 0.109672 -0.005686 -0.151420 -0.366840 -0.462586 -0.540899 -0.712698 -0.916427 -0.962200 
57.685070 19611522.000000 54 54 56 0.983431 0.966201 0.961206 0.978394 0.970493 0.951994 0.800435 0.519542 0.478343 0.241484 0.121755 0.010637 -0.161822 -0.383264 -0.454700 -0.609239 -0.689696 -0.836898 -0.967362 0.982791 0.970428 0.960438 0.823279 0.485151 0.433651 0.265635 0.128891 0.031191 -0.116360 -0.346985 -0.430382 -0.562407 -0.656290 -0.914480 -0.964848 
55.989536 10761011.000000 54 56 56 0.935584 0.963581 0.927075 0.979157 0.970625 0.936532 0.744697 0.612929 0.568039 0.321546 0.139001 0.060616 -0.218903 -0.350851 -0.455826 -0.578456 -0.724694 -0.771126 -0.974788 0.977678 0.970605 0.943747 0.785764 0.566299 0.529496 0.277277 0.131370 0.003357 -0.189124 -0.375978 -0.459378 -0.639489 -0.702645 -0.830773 -0.977254 
47.394409 646850.125000 56 58 60 0.952646 0.941797 0.448037 0.987693 0.976155 0.924035 0.784138 0.657256 0.506109 0.333966 0.188233 0.031193 -0.172436 -0.331394 -0.436589 -0.639201 -0.740463 -0.842621 -0.976082 0.982491 0.973070 0.939279 0.774019 0.635344 0.585780 0.340139 0.161303 0.079965 -0.203004 -0.338677 -0.438784 -0.568194 -0.736158 -0.787038 -0.977009 
38.788403 517837.406250 60 58 52 0.559001 0.856117 0.754637 0.992201 0.979745 0.939815 0.717255 0.585478 0.510202 0.336720 0.156266 0.017119 -0.183998 -0.387952 -0.485650 -0.665709 -0.765245 -0.947488 -0.985778 0.990259 0.976926 0.911560 0.749996 0.603823 0.497882 0.343680 0.173549 0.030948 -0.150084 -0.361125 -0.467397 -0.649412 -0.751960 -0.926482 -0.984148 
41.853600 2556856.750000 56 56 58 0.712820 0.830298 0.965305 0.990728 0.975854 0.935732 0.690484 0.568498 0.525574 0.269724 0.129290 -0.004173 -0.306354 -0.411479 -0.505695 -0.701191 -0.826293 -0.937673 -0.983819 0.991344 0.979037 0.915638 0.646949 0.595077 0.508973 0.285057 0.126577 -0.021890 -0.309740 -0.407752 -0.530418 -0.699685 -0.810639 -0.943936 -0.985706 
45.760807 1150749.250000 56 60 64 0.872865 0.927841 0.926021 0.993476 0.978432 0.919077 0.822903 0.583949 0.442659 0.346448 0.169635 0.086851 -0.045111 -0.400896 -0.459632 -0.548610 -0.654458 -0.845973 -0.960218 0.992030 0.977261 0.941486 0.828302 0.570193 0.494520 0.325675 0.160013 0.086955 -0.100778 -0.395516 -0.444191 -0.575282 -0.725020 -0.908406 -0.980064 
43.393684 3687522.000000 64 64 66 0.911799 0.700605 0.518495 0.992635 0.954697 0.889014 0.749582 0.516178 0.433987 0.291094 0.126170 -0.008449 -0.136936 -0.377000 -0.444914 -0.648983 -0.737580 -0.830687 -0.924899 0.993971 0.977319 0.895307 0.772221 0.526758 0.420126 0.324499 0.135495 0.026873 -0.123343 -0.386109 -0.477450 -0.617953 -0.739667 -0.794183 -0.902574 
41.365707 3769892.750000 68 70 68 0.641521 0.532081 0.468497 0.961570 0.902432 0.882676 0.674226 0.502664 0.421231 0.275196 0.106005 -0.036385 -0.148542 -0.379324 -0.489932 -0.597405 -0.681469 -0.870399 -0.958041 0.988654 0.912901 0.880615 0.701415 0.495881 0.403719 0.283897 0.150664 -0.021440 -0.131774 -0.365251 -0.450530 -0.611661 -0.726029 -0.898844 -0.957318 
41.545963 3094371.250000 56 52 78 0.695868 0.510993 0.613204 0.943785 0.899305 0.871562 0.657214 0.478174 0.390569 0.254505 0.100805 -0.023926 -0.110344 -0.348442 -0.434676 -0.609429 -0.706459 -0.895935 -0.948092 0.958953 0.895960 0.875633 0.628931 0.500868 0.418415 0.272345 0.075688 -0.013138 -0.170105 -0.359555 -0.459353 -0.610012 -0.713310 -0.838438 -0.952355 
42.319241 2529985.000000 78 64 76 0.665843 0.527289 0.478379 0.924335 0.895986 0.862833 0.661880 0.496111 0.425754 0.293416 0.131423 -0.037178 -0.144023 -0.349235 -0.474521 -0.560931 -0.679146 -0.856877 -0.941938 0.930106 0.891680 0.864517 0.672831 0.487524 0.421088 0.280677 0.128262 -0.026479 -0.108426 -0.344397 -0.453779 -0.563556 -0.666163 -0.891676 -0.948033 
40.801044 2098960.500000 92 140 72 0.323339 0.473103 0.417584 0.939476 0.901467 0.853498 0.614813 0.498214 0.419576 0.312927 0.167965 -0.016973 -0.177495 -0.335744 -0.471279 -0.594282 -0.741209 -0.812383 -0.906109 0.938142 0.898778 0.862526 0.665388 0.515788 0.418804 0.306952 0.183757 -0.029215 -0.174400 -0.347297 -0.458493 -0.578664 -0.742414 -0.817454 -0.919375 
40.570911 1997564.500000 56 72 58 0.309307 0.374819 0.862825 0.990158 0.930521 0.888782 0.808104 0.476654 0.408653 0.315123 0.175956 0.021401 -0.086397 -0.391274 -0.470232 -0.640824 -0.738910 -0.785852 -0.863964 0.946601 0.892696 0.859028 0.589196 0.470904 0.398848 0.310481 0.128399 0.023929 -0.166540 -0.380980 -0.475485 -0.637304 -0.764577 -0.798908 -0.891858 
50.229069 2235373.500000 56 58 56 0.732865 0.948338 0.973186 0.988605 0.958863 0.929375 0.902693 0.733167 0.437696 0.379061 0.260253 0.090984 -0.067035 -0.316639 -0.454402 -0.559454 -0.706583 -0.770433 -0.934937 0.989832 0.959778 0.927029 0.890255 0.589620 0.413848 0.361031 0.212115 0.050238 -0.090148 -0.336395 -0.454404 -0.583344 -0.729455 -0.765909 -0.918788 
53.667542 6933759.500000 56 56 56 0.969359 0.981759 0.992171 0.982703 0.947304 0.925460 0.881057 0.641419 0.506454 0.419457 0.240641 0.114680 -0.149929 -0.331367 -0.469786 -0.549859 -0.695913 -0.774304 -0.892287 0.986028 0.951959 0.927571 0.892448 0.670480 0.481580 0.397856 0.252362 0.096636 -0.113400 -0.302913 -0.455152 -0.543531 -0.697901 -0.805782 -0.952577 
55.615150 14760453.000000 56 56 56 0.984807 0.994922 0.994359 0.974859 0.942409 0.918251 0.869509 0.608195 0.487211 0.396144 0.220802 0.101506 -0.090257 -0.334996 -0.448377 -0.547950 -0.688609 -0.763418 -0.883762 0.978853 0.943993 0.921397 0.872660 0.615650 0.500487 0.402521 0.235271 0.119681 -0.126259 -0.338443 -0.450206 -0.550155 -0.694478 -0.771856 -0.875807 
57.125172 21379148.000000 56 56 56 0.993330 0.994272 0.996795 0.970275 0.942781 0.917221 0.860884 0.633279 0.475330 0.400559 0.206404 0.077328 -0.073339 -0.327612 -0.453892 -0.545168 -0.693792 -0.750279 -0.868089 0.972422 0.942643 0.917231 0.867313 0.625066 0.483126 0.401198 0.198917 0.090298 -0.078294 -0.322297 -0.462108 -0.550175 -0.698978 -0.759652 -0.887127 
57.809906 22792490.000000 56 56 58 0.996000 0.986163 0.985537 0.970303 0.946034 0.922568 0.837927 0.616003 0.522462 0.380313 0.250568 0.119475 -0.102518 -0.322134 -0.451210 -0.549937 -0.684590 -0.754304 -0.874645 0.970002 0.942686 0.919176 0.838204 0.619330 0.495094 0.393206 0.230143 0.077322 -0.124482 -0.329030 -0.459636 -0.564435 -0.698051 -0.754878 -0.895424 
57.228550 18282882.000000 58 58 62 0.978797 0.896951 0.941123 0.970879 0.951198 0.927279 0.818053 0.613852 0.526084 0.373843 0.260607 0.111074 -0.091177 -0.312723 -0.469945 -0.560937 -0.682254 -0.756641 -0.866528 0.970509 0.948898 0.925326 0.831427 0.616079 0.522273 0.372416 0.249847 0.101873 -0.097684 -0.321244 -0.454953 -0.569131 -0.697362 -0.757856 -0.871203 
55.721428 13317450.000000 62 64 70 0.938713 0.713259 0.904876 0.980225 0.957101 0.926593 0.833927 0.592768 0.522378 0.368962 0.214103 0.074785 -0.114966 -0.343045 -0.458791 -0.545628 -0.658347 -0.723787 -0.863690 0.976702 0.955085 0.929497 0.822831 0.603508 0.527647 0.381082 0.247041 0.111267 -0.062313 -0.331696 -0.464265 -0.562903 -0.652559 -0.731259 -0.886452 
54.412056 12628003.000000 70 72 74 0.904550 0.940919 0.936910 0.979743 0.963898 0.931608 0.774311 0.580537 0.508118 0.373661 0.218430 0.089289 -0.136808 -0.376539 -0.460796 -0.561618 -0.662462 -0.744344 -0.831340 0.980135 0.958796 0.923931 0.807369 0.587149 0.506104 0.366242 0.209783 0.084579 -0.084947 -0.351487 -0.458410 -0.553803 -0.663054 -0.744153 -0.840226 
54.040874 6372451.000000 74 76 80 0.942529 0.927790 0.934488 0.982040 0.971027 0.945925 0.788626 0.576769 0.505719 0.346558 0.191236 0.089733 -0.150636 -0.402617 -0.480517 -0.556330 -0.653993 -0.757574 -0.842651 0.980489 0.967437 0.937744 0.765535 0.575626 0.506444 0.364951 0.206022 0.096373 -0.153134 -0.390404 -0.472634 -0.564461 -0.685344 -0.754310 -0.883537 
48.919353 756350.187500 80 84 84 0.901867 0.842798 0.845046 0.990844 0.978898 0.946438 0.837052 0.601677 0.544299 0.380246 0.193434 0.106242 -0.123392 -0.399539 -0.483590 -0.562510 -0.716326 -0.806142 -0.957350 0.986284 0.975400 0.952415 0.787518 0.583611 0.536152 0.332124 0.183494 0.102765 -0.175776 -0.427335 -0.485471 -0.550732 -0.661958 -0.763790 -0.853752 
42.769272 182192.781250 84 82 84 0.852330 0.705799 0.607354 0.996030 0.977257 0.936406 0.872229 0.572525 0.513275 0.428336 0.277360 0.156757 -0.079839 -0.386940 -0.476362 -0.573496 -0.653062 -0.869035 -0.967382 0.994379 0.977035 0.938530 0.883321 0.602793 0.523136 0.415802 0.245081 0.123526 -0.085467 -0.391670 -0.500342 -0.576910 -0.674042 -0.840940 -0.964346 
39.551056 69390.554688 84 82 74 0.699527 0.688488 0.599690 0.995764 0.978949 0.946590 0.877762 0.575858 0.530156 0.446133 0.231380 0.128170 -0.062094 -0.390233 -0.463777 -0.587835 -0.743259 -0.892437 -0.961694 0.996316 0.973945 0.942240 0.872803 0.560837 0.520668 0.421870 0.256961 0.150990 -0.037116 -0.388758 -0.465572 -0.578493 -0.693363 -0.882906 -0.966126 
38.127380 30686.742188 74 82 82 0.588557 0.754708 0.869918 0.996364 0.990404 0.936875 0.874367 0.597966 0.532893 0.441497 0.233360 0.093123 -0.130995 -0.378100 -0.504738 -0.662206 -0.830538 -0.887775 -0.974977 0.995290 0.984735 0.944261 0.873136 0.593464 0.527971 0.459226 0.227531 0.103377 -0.075176 -0.373409 -0.477898 -0.630079 -0.805170 -0.895271 -0.976867 
35.350410 22959.685547 84 80 80 0.871153 0.840775 0.783266 0.996186 0.989882 0.931038 0.865671 0.611701 0.519605 0.350439 0.165487 -0.023639 -0.223099 -0.400225 -0.582568 -0.715925 -0.822803 -0.945272 -0.971685 0.996409 0.992169 0.938781 0.861025 0.581669 0.517164 0.426187 0.237665 0.085611 -0.193551 -0.375710 -0.514350 -0.668297 -0.818665 -0.892867 -0.966294 
41.463120 2208531.500000 82 82 82 0.792485 0.692677 0.642413 0.995923 0.982070 0.890096 0.656054 0.547360 0.259990 0.058061 -0.123846 -0.317301 -0.484884 -0.632647 -0.736687 -0.850207 -0.936041 -0.970327 -0.986225 0.995913 0.984808 0.900747 0.694500 0.572314 0.395347 0.153511 -0.023271 -0.175428 -0.405058 -0.603465 -0.718183 -0.817019 -0.926817 -0.958249 -0.988305 
47.684093 3016475.250000 78 74 80 0.860098 0.850510 0.827279 0.994706 0.976521 0.839762 0.636761 0.481320 0.191342 -0.062991 -0.227322 -0.351330 -0.481624 -0.622578 -0.723626 -0.851878 -0.941076 -0.978763 -0.995819 0.994928 0.976419 0.872541 0.647145 0.509091 0.179952 0.014534 -0.214289 -0.340013 -0.477792 -0.599099 -0.715808 -0.819361 -0.946119 -0.975335 -0.991517 
44.485630 1248238.500000 154 150 154 0.526371 0.561732 0.500414 0.994110 0.983812 0.906727 0.631489 0.581220 0.300484 -0.068631 -0.211117 -0.381441 -0.483756 -0.611559 -0.736872 -0.852449 -0.925553 -0.951217 -0.984506 0.993007 0.979155 0.867934 0.645315 0.523082 0.205918 -0.094748 -0.223216 -0.379373 -0.500797 -0.624176 -0.768464 -0.884679 -0.927552 -0.969027 -0.994118 
42.886436 1438320.375000 154 56 148 0.507549 0.731687 0.487014 0.992828 0.986371 0.927629 0.656447 0.580575 0.317184 -0.030634 -0.226813 -0.382285 -0.515255 -0.626988 -0.758634 -0.882512 -0.929363 -0.953922 -0.978746 0.992358 0.983800 0.923944 0.647887 0.580376 0.347008 -0.061685 -0.241334 -0.391525 -0.489468 -0.624452 -0.713169 -0.850817 -0.914548 -0.947732 -0.974391 
45.458107 1806858.875000 150 150 152 0.804797 0.853698 0.741479 0.994232 0.985867 0.884463 0.669044 0.504650 0.206308 -0.037068 -0.178979 -0.367754 -0.502382 -0.641179 -0.729932 -0.864414 -0.937990 -0.977223 -0.994599 0.992975 0.985932 0.921892 0.655102 0.562874 0.234537 0.029729 -0.180724 -0.377985 -0.504904 -0.629484 -0.764312 -0.891677 -0.931468 -0.966070 -0.991713 
43.562782 1637147.000000 152 144 144 0.759146 0.646036 0.615663 0.993286 0.975620 0.863764 0.645068 0.473898 0.000912 -0.140795 -0.262753 -0.361848 -0.501790 -0.656588 -0.731830 -0.825377 -0.924368 -0.958907 -0.987443 0.993863 0.982264 0.877225 0.668214 0.490405 0.080332 -0.116501 -0.214203 -0.371974 -0.522457 -0.661408 -0.726183 -0.818047 -0.932447 -0.968743 -0.990410 
42.953156 1355874.625000 146 150 86 0.585346 0.553291 0.662264 0.986887 0.962360 0.867725 0.638784 0.492883 0.089547 -0.179614 -0.253809 -0.370378 -0.435140 -0.647789 -0.757783 -0.815001 -0.911305 -0.967951 -0.992409 0.989020 0.965116 0.859463 0.628931 0.479151 0.024424 -0.196894 -0.290542 -0.374218 -0.486971 -0.628340 -0.749169 -0.833289 -0.913631 -0.953257 -0.990651 
49.274693 1455889.750000 86 58 154 0.648547 0.509764 0.482482 0.977561 0.947209 0.828277 0.657217 0.446536 0.129520 -0.019270 -0.131740 -0.340580 -0.526799 -0.618525 -0.702427 -0.829678 -0.954876 -0.989095 -0.996552 0.982480 0.952791 0.843161 0.652166 0.488532 0.130798 -0.105234 -0.201682 -0.332139 -0.451918 -0.667132 -0.764251 -0.855463 -0.937414 -0.984974 -0.994226 
43.059624 1190176.250000 86 80 132 0.545641 0.439033 0.508471 0.980080 0.944211 0.779597 0.613821 0.417281 0.102757 0.043723 -0.208740 -0.292717 -0.505103 -0.593195 -0.697860 -0.846067 -0.941809 -0.967891 -0.991891 0.980998 0.947953 0.807295 0.626609 0.378297 0.097676 0.024284 -0.194520 -0.345688 -0.540141 -0.608607 -0.692817 -0.846114 -0.947648 -0.973916 -0.994370 
34.926476 255651.078125 92 56 60 0.447744 0.588550 0.571711 0.983033 0.968699 0.838478 0.643076 0.541428 0.233855 0.050345 -0.085484 -0.236050 -0.445585 -0.566877 -0.689681 -0.875399 -0.928083 -0.965689 -0.992758 0.981807 0.950697 0.793017 0.625381 0.497771 0.131486 0.053438 -0.131290 -0.230613 -0.441570 -0.568167 -0.711691 -0.847095 -0.939390 -0.965433 -0.992498 
23.641838 48003.730469 90 88 104 0.636019 0.710340 0.340139 0.980584 0.964111 0.914519 0.753322 0.579518 0.394693 0.150617 -0.074825 -0.235656 -0.409411 -0.592832 -0.730646 -0.812584 -0.916305 -0.967490 -0.995285 0.982184 0.971148 0.885669 0.688949 0.570925 0.387504 0.102122 -0.085340 -0.279535 -0.420787 -0.554968 -0.699875 -0.830360 -0.917296 -0.956119 -0.988064 
18.463041 19468.537109 58 148 58 0.549523 0.514754 0.402514 0.982393 0.966290 0.905622 0.774075 0.627661 0.446556 0.250717 0.040880 -0.156837 -0.365552 -0.592258 -0.726634 -0.840905 -0.906224 -0.961815 -0.994340 0.983856 0.959762 0.906859 0.756484 0.621339 0.416709 0.209004 -0.010653 -0.192267 -0.399316 -0.614352 -0.737160 -0.816640 -0.912246 -0.969216 -0.991036 
18.665045 10551.445312 86 84 92 0.361542 0.663540 0.542849 0.986364 0.970107 0.923995 0.793519 0.595548 0.470759 0.303024 0.086805 -0.148672 -0.308550 -0.511196 -0.705615 -0.854999 -0.916064 -0.975820 -0.995804 0.982969 0.970105 0.919337 0.789181 0.607312 0.465403 0.282125 0.054346 -0.141658 -0.313155 -0.566829 -0.729522 -0.860479 -0.911734 -0.963551 -0.995294 
15.826798 9277.156250 92 106 72 0.372508 0.267761 0.418638 0.982984 0.958868 0.913197 0.795081 0.620363 0.450418 0.262727 0.117174 -0.182662 -0.330442 -0.515730 -0.676527 -0.807937 -0.876894 -0.971233 -0.992953 0.987862 0.965229 0.919967 0.800497 0.616454 0.447788 0.284412 0.115389 -0.137283 -0.316895 -0.480575 -0.692499 -0.821988 -0.905405 -0.972977 -0.993409 
15.655203 6807.236816 210 88 86 0.450561 0.616255 0.417128 0.980655 0.963792 0.918151 0.820749 0.661619 0.496157 0.268956 0.104114 -0.102790 -0.260286 -0.478915 -0.640711 -0.806920 -0.879931 -0.958248 -0.990861 0.979621 0.966709 0.905997 0.795784 0.615742 0.464266 0.251824 0.096939 -0.112875 -0.303640 -0.489052 -0.663922 -0.788319 -0.863888 -0.966912 -0.993197 
23.210581 66527.281250 116 118 56 0.321815 0.545900 0.434415 0.984948 0.968769 0.891688 0.565904 0.462296 0.398356 0.247640 0.140675 0.059393 -0.287269 -0.453497 -0.500213 -0.569502 -0.780222 -0.903296 -0.974781 0.986636 0.965852 0.905575 0.788627 0.506339 0.423349 0.273181 0.124788 0.002337 -0.317469 -0.477423 -0.538842 -0.750747 -0.860000 -0.936849 -0.985824 
28.014879 47630.500000 52 150 56 0.402257 0.463413 0.854528 0.988757 0.976895 0.944821 0.751310 0.520609 0.470692 0.364885 0.193492 0.107738 -0.153888 -0.450723 -0.512849 -0.606471 -0.801252 -0.910639 -0.971852 0.983431 0.972098 0.909870 0.591919 0.474394 0.432627 0.285644 0.159633 0.097095 -0.285382 -0.455332 -0.502198 -0.572061 -0.765263 -0.916963 -0.968088 
53.755196 4479894.000000 78 64 68 0.543291 0.893653 0.981402 0.985740 0.978570 0.960132 0.842656 0.534960 0.474816 0.288936 0.166307 0.068261 -0.180638 -0.411447 -0.507923 -0.555627 -0.659727 -0.766054 -0.981495 0.987570 0.977664 0.964860 0.895561 0.530634 0.468445 0.322380 0.205169 -0.019143 -0.263186 -0.431531 -0.503087 -0.579395 -0.669055 -0.809245 -0.970921 
54.925682 3440448.250000 68 70 70 0.980278 0.974915 0.983068 0.988428 0.978188 0.954931 0.811221 0.576248 0.542271 0.400646 0.213767 0.118106 0.015499 -0.404435 -0.498134 -0.575988 -0.671328 -0.870807 -0.981848 0.987125 0.979076 0.957222 0.783329 0.570664 0.514695 0.342157 0.199170 0.119345 -0.035644 -0.370952 -0.488930 -0.557570 -0.654919 -0.761175 -0.981281 
52.635399 10569830.000000 70 70 70 0.980526 0.980828 0.938781 0.989607 0.977963 0.953835 0.764476 0.599418 0.565169 0.281399 0.121426 -0.115408 -0.409406 -0.508443 -0.668199 -0.811129 -0.927793 -0.958756 -0.984808 0.989016 0.977901 0.953736 0.776114 0.579336 0.548895 0.364216 0.159896 0.072081 -0.266915 -0.472546 -0.555378 -0.733644 -0.903310 -0.949415 -0.971396 
50.602867 10514149.000000 70 72 74 0.942998 0.815322 0.709554 0.992313 0.979004 0.940075 0.660931 0.612885 0.421843 0.112113 -0.151057 -0.313581 -0.458390 -0.598439 -0.758975 -0.877388 -0.935695 -0.962494 -0.980134 0.991176 0.975859 0.954466 0.706057 0.620409 0.555138 0.181193 0.048183 -0.322348 -0.426986 -0.564806 -0.734554 -0.853544 -0.920733 -0.957231 -0.979052 
52.731552 9199339.000000 74 74 70 0.769512 0.865306 0.814611 0.990541 0.979593 0.861572 0.629704 0.567989 0.311115 0.038876 -0.196931 -0.352454 -0.509379 -0.634446 -0.783268 -0.904504 -0.941219 -0.965228 -0.988300 0.992475 0.981779 0.878293 0.634391 0.576745 0.371264 0.049546 -0.169853 -0.311767 -0.477878 -0.594835 -0.732283 -0.885902 -0.940128 -0.963104 -0.982397 
56.186897 10240858.000000 70 74 62 0.833770 0.373444 0.493661 0.991047 0.966177 0.774264 0.666242 0.545516 0.270489 -0.011186 -0.188023 -0.402214 -0.525413 -0.685389 -0.772675 -0.902590 -0.937838 -0.978695 -0.991033 0.989809 0.976773 0.852087 0.646405 0.555229 0.297371 -0.007832 -0.206796 -0.393454 -0.510722 -0.669577 -0.764140 -0.900397 -0.945186 -0.968485 -0.991737 
47.460579 1398552.500000 110 64 40 0.719077 0.730109 0.428763 0.986436 0.971124 0.843301 0.653227 0.569978 0.222593 0.124241 -0.055321 -0.325834 -0.473433 -0.638817 -0.725819 -0.842157 -0.924707 -0.965938 -0.985760 0.990106 0.969654 0.758020 0.665692 0.545807 0.219173 0.071021 -0.114989 -0.361267 -0.527139 -0.669679 -0.766433 -0.888072 -0.931600 -0.976495 -0.989145 
37.024750 357884.531250 78 48 94 0.336761 0.732213 0.779113 0.970006 0.964141 0.947786 0.759183 0.605136 0.503669 0.130274 0.019518 -0.205278 -0.389918 -0.526553 -0.709366 -0.857792 -0.917569 -0.967137 -0.987013 0.974217 0.965875 0.942835 0.707290 0.599502 0.438063 0.177334 0.048556 -0.295790 -0.420051 -0.572534 -0.717262 -0.847209 -0.918053 -0.953369 -0.985346 
30.557299 187866.375000 70 66 68 0.760560 0.598585 0.453841 0.981581 0.966614 0.917546 0.749401 0.558984 0.223697 0.069223 -0.103330 -0.297142 -0.414836 -0.604090 -0.709328 -0.828887 -0.923076 -0.963442 -0.980585 0.974445 0.965058 0.934248 0.726282 0.588156 0.339691 0.057730 -0.034807 -0.284510 -0.396638 -0.567510 -0.684562 -0.850360 -0.916658 -0.970661 -0.983831 
26.133190 44686.226562 88 80 76 0.604760 0.552597 0.459257 0.990813 0.965176 0.914063 0.781767 0.552467 0.447821 0.213472 -0.026030 -0.287072 -0.488471 -0.624849 -0.758701 -0.865702 -0.942536 -0.964489 -0.987021 0.985488 0.961825 0.924181 0.764321 0.559972 0.336523 0.101766 -0.119118 -0.291595 -0.438516 -0.612936 -0.733781 -0.843542 -0.920525 -0.961959 -0.981066 
24.053211 23721.250000 74 84 122 0.555233 0.559429 0.379637 0.984371 0.965304 0.909505 0.764934 0.598482 0.471355 0.229223 0.100657 -0.230358 -0.385892 -0.634805 -0.772315 -0.885503 -0.942143 -0.977291 -0.990663 0.989040 0.969696 0.919404 0.768443 0.579609 0.442861 0.232227 0.058620 -0.222761 -0.446722 -0.650328 -0.759271 -0.878938 -0.944814 -0.967128 -0.987316 
21.907484 16286.399414 210 84 108 0.578746 0.713459 0.346736 0.984188 0.965793 0.926758 0.806060 0.611035 0.480443 0.208335 0.036538 -0.098940 -0.354188 -0.578876 -0.756548 -0.884923 -0.940885 -0.967753 -0.993010 0.985212 0.969351 0.922915 0.758942 0.609949 0.490461 0.276710 0.095609 -0.212156 -0.405966 -0.585925 -0.764034 -0.893996 -0.940887 -0.976545 -0.989393 
29.269285 92783.632812 92 148 52 0.324759 0.433693 0.620464 0.960001 0.945156 0.906841 0.884548 0.690327 0.296613 0.078329 0.044984 -0.087327 -0.146795 -0.372756 -0.743332 -0.779919 -0.877380 -0.962022 -0.982264 0.963712 0.939349 0.910103 0.878076 0.637968 0.253933 0.102188 0.039641 -0.104318 -0.165740 -0.438168 -0.743165 -0.802095 -0.919695 -0.968022 -0.989281 
51.453842 940692.937500 148 50 62 0.569430 0.881810 0.890056 0.979840 0.962095 0.939760 0.915366 0.879277 0.643274 0.100677 0.056915 -0.011664 -0.089776 -0.210212 -0.545655 -0.738228 -0.767696 -0.897548 -0.981865 0.985280 0.965254 0.934471 0.915659 0.848314 0.534423 0.122623 0.062973 -0.016301 -0.110185 -0.300836 -0.682333 -0.761714 -0.836939 -0.960310 -0.984213 
56.230778 688980.687500 62 62 62 0.891967 0.987941 0.978957 0.979123 0.961608 0.945368 0.918801 0.878452 0.740305 0.114726 0.058890 -0.000256 -0.103797 -0.218363 -0.577814 -0.720018 -0.768269 -0.862655 -0.968565 0.977061 0.960319 0.941971 0.917336 0.872930 0.717281 0.108658 0.048768 -0.024353 -0.103767 -0.209858 -0.609242 -0.740776 -0.778634 -0.842355 -0.975295 
55.060204 580906.000000 62 62 62 0.985268 0.991245 0.829323 0.981593 0.963294 0.948375 0.923767 0.878416 0.708067 0.087532 0.052948 -0.041524 -0.113255 -0.263301 -0.561159 -0.683426 -0.767346 -0.848123 -0.963025 0.981222 0.963750 0.947115 0.921059 0.877032 0.738545 0.128709 0.058633 0.002691 -0.097217 -0.231029 -0.545693 -0.696866 -0.754744 -0.875377 -0.969689 
54.573936 457880.406250 62 60 60 0.916191 0.978044 0.976772 0.980322 0.963042 0.947731 0.933680 0.871022 0.643348 0.169894 0.025294 -0.014319 -0.119580 -0.202321 -0.436275 -0.667551 -0.768297 -0.902072 -0.973383 0.980326 0.962492 0.947572 0.928754 0.864266 0.663002 0.122649 0.040767 -0.001247 -0.111160 -0.220200 -0.508237 -0.694161 -0.781713 -0.867125 -0.970124 
55.399364 472125.343750 60 60 58 0.992317 0.912959 0.965785 0.977176 0.960062 0.945477 0.930891 0.881487 0.687202 0.141087 0.036988 -0.014232 -0.144118 -0.239928 -0.430323 -0.645573 -0.766392 -0.891178 -0.973219 0.977829 0.961305 0.945683 0.932404 0.862282 0.639150 0.243884 0.041337 0.002334 -0.125107 -0.207173 -0.439591 -0.665641 -0.778556 -0.913702 -0.976963 
56.799255 895739.312500 58 56 56 0.968304 0.977801 0.956341 0.977037 0.959229 0.941106 0.929546 0.870660 0.647184 0.154897 0.008479 -0.031592 -0.153110 -0.271826 -0.438966 -0.587581 -0.704738 -0.884321 -0.972012 0.977903 0.962029 0.943212 0.932262 0.880716 0.684977 0.123696 0.025486 -0.020373 -0.183897 -0.251773 -0.421302 -0.630245 -0.752569 -0.881891 -0.971308 
57.843346 1372688.250000 56 54 54 0.972681 0.966783 0.981750 0.974539 0.955249 0.937833 0.927496 0.876121 0.620416 0.046717 -0.036422 -0.112925 -0.196224 -0.292353 -0.431978 -0.593546 -0.669204 -0.833137 -0.969270 0.974354 0.955901 0.938672 0.927751 0.865509 0.628325 0.120883 -0.012529 -0.071485 -0.180671 -0.305458 -0.436602 -0.573232 -0.687748 -0.854310 -0.969773 
57.522446 1789753.875000 54 54 52 0.989306 0.929285 0.979674 0.978526 0.959276 0.935470 0.925475 0.876928 0.608286 0.028746 -0.067966 -0.175520 -0.243784 -0.312194 -0.420602 -0.551268 -0.643923 -0.801438 -0.967978 0.976482 0.957020 0.935951 0.926796 0.858025 0.594983 0.119933 -0.038389 -0.128979 -0.213481 -0.303240 -0.398992 -0.581031 -0.665150 -0.808527 -0.969948 
56.199524 1346616.250000 52 52 50 0.989724 0.929987 0.986542 0.979404 0.967483 0.938593 0.922474 0.876526 0.631695 0.047777 -0.097154 -0.165350 -0.240387 -0.326513 -0.431632 -0.586511 -0.643852 -0.767503 -0.963854 0.979143 0.963082 0.935388 0.923469 0.874083 0.606513 0.031894 -0.093212 -0.170891 -0.245052 -0.329694 -0.429288 -0.579294 -0.656319 -0.759522 -0.961557 
52.035828 356185.375000 50 50 48 0.989857 0.974570 0.934048 0.985516 0.970782 0.942241 0.918683 0.877637 0.693041 0.137872 -0.083628 -0.157796 -0.229196 -0.304189 -0.416366 -0.595220 -0.682220 -0.834410 -0.974947 0.981378 0.969575 0.945284 0.921951 0.884392 0.658014 0.085875 -0.106142 -0.173313 -0.242412 -0.319211 -0.424302 -0.590251 -0.653580 -0.785661 -0.970583 
48.172474 668942.687500 50 48 46 0.962202 0.869952 0.954728 0.990563 0.971350 0.924577 0.904012 0.843217 0.723242 0.158425 -0.080516 -0.166782 -0.236824 -0.353008 -0.424824 -0.576598 -0.690071 -0.868420 -0.990782 0.989349 0.971631 0.931441 0.913820 0.861720 0.695392 0.147437 -0.079135 -0.152238 -0.233032 -0.331278 -0.429105 -0.569625 -0.699344 -0.870229 -0.984484 
51.376404 1071839.875000 46 46 48 0.926965 0.968699 0.953998 0.988641 0.970009 0.920961 0.902175 0.803931 0.742803 0.242826 -0.049596 -0.112008 -0.232377 -0.316848 -0.408808 -0.463114 -0.627583 -0.803339 -0.967430 0.989187 0.969643 0.920540 0.898012 0.835345 0.763052 0.209161 -0.072516 -0.145181 -0.250866 -0.335921 -0.406705 -0.511055 -0.642729 -0.814509 -0.982962 
49.198452 543902.562500 48 48 50 0.953017 0.919568 0.915620 0.989943 0.977644 0.938667 0.900472 0.771410 0.721577 0.308529 -0.022665 -0.095424 -0.255641 -0.359209 -0.418196 -0.516722 -0.712650 -0.899244 -0.957407 0.989317 0.974918 0.929299 0.906256 0.773973 0.728579 0.230294 -0.062654 -0.113890 -0.229237 -0.342287 -0.411316 -0.468280 -0.626763 -0.807154 -0.956394 
41.911163 145071.937500 50 54 50 0.925348 0.590023 0.483797 0.987466 0.962438 0.920179 0.844261 0.722406 0.568539 0.172912 0.052109 -0.059381 -0.262479 -0.354864 -0.517769 -0.617221 -0.828523 -0.924043 -0.955889 0.989279 0.974038 0.940818 0.862468 0.730292 0.630342 0.172835 0.020686 -0.093073 -0.292098 -0.372651 -0.469856 -0.598661 -0.841792 -0.925555 -0.950834 
32.166706 233912.718750 54 52 44 0.621180 0.397315 0.419157 0.967404 0.944589 0.879937 0.771617 0.650874 0.571655 0.433665 0.249079 -0.007268 -0.110177 -0.243202 -0.400237 -0.581715 -0.812644 -0.919013 -0.971448 0.975358 0.959136 0.895655 0.846925 0.698998 0.599770 0.362121 0.085209 -0.073747 -0.201381 -0.296908 -0.461506 -0.612428 -0.819452 -0.920547 -0.971702 
34.536163 272868.031250 44 46 50 0.536362 0.603664 0.489426 0.975039 0.901641 0.809154 0.757871 0.667719 0.601723 0.294538 0.173065 0.045064 -0.141954 -0.262949 -0.427346 -0.615051 -0.824882 -0.942229 -0.989136 0.973154 0.938643 0.844933 0.729185 0.669677 0.576770 0.359039 0.178483 0.028401 -0.127931 -0.239085 -0.412109 -0.585978 -0.848826 -0.939628 -0.983542 
26.915998 44282.464844 20 50 88 0.474293 0.463979 0.337389 0.974059 0.939691 0.864732 0.795266 0.657123 0.556884 0.390093 0.154919 -0.015375 -0.160154 -0.293994 -0.473197 -0.668079 -0.819782 -0.941391 -0.992130 0.964925 0.908161 0.822926 0.783925 0.646728 0.565543 0.364929 0.170640 0.014277 -0.145928 -0.259343 -0.446925 -0.621831 -0.780246 -0.956464 -0.992313 
20.222397 10134.425781 56 94 50 0.462937 0.437229 0.706000 0.983905 0.961181 0.854728 0.784217 0.692460 0.622567 0.454621 0.225654 -0.040508 -0.219470 -0.318561 -0.536252 -0.695114 -0.818382 -0.921585 -0.978748 0.981838 0.948722 0.878611 0.796020 0.690744 0.569025 0.446586 0.214496 -0.033318 -0.217602 -0.300827 -0.495561 -0.697812 -0.835052 -0.926896 -0.983493 
45.153038 46124.253906 56 50 56 0.307283 0.855926 0.914483 0.992875 0.985896 0.953119 0.917126 0.821504 0.684210 0.549202 0.304229 0.041577 -0.152894 -0.350731 -0.526354 -0.690303 -0.817738 -0.925644 -0.974023 0.992414 0.986818 0.961512 0.877040 0.757032 0.662288 0.512788 0.252666 0.017569 -0.187942 -0.337039 -0.556191 -0.690323 -0.821318 -0.922372 -0.977955 
45.184368 37527.796875 56 56 56 0.920096 0.967772 0.935925 0.993079 0.981929 0.942706 0.926621 0.856058 0.728978 0.488713 0.216200 -0.008540 -0.203167 -0.327989 -0.476768 -0.686981 -0.816253 -0.902611 -0.978636 0.993347 0.983255 0.942476 0.923219 0.842660 0.706596 0.543478 0.276571 0.012573 -0.178096 -0.337781 -0.476829 -0.693998 -0.823217 -0.913805 -0.972842 
45.803028 54615.753906 56 54 54 0.930036 0.886963 0.953599 0.989098 0.974397 0.953804 0.927627 0.866057 0.758421 0.332385 0.097667 0.005377 -0.163229 -0.293432 -0.466593 -0.611941 -0.800253 -0.908049 -0.977033 0.991831 0.978267 0.948316 0.929839 0.862847 0.751855 0.442001 0.164665 -0.045733 -0.192193 -0.328307 -0.463890 -0.681235 -0.808940 -0.918316 -0.981796 
52.629532 749645.937500 54 54 54 0.938660 0.940719 0.977294 0.981865 0.959483 0.938567 0.914950 0.840661 0.750929 0.173360 0.080112 -0.011425 -0.094107 -0.219794 -0.507304 -0.622621 -0.677528 -0.853559 -0.972368 0.985921 0.971076 0.946707 0.930727 0.894553 0.707846 0.175546 0.079601 -0.002869 -0.132132 -0.251221 -0.522645 -0.615580 -0.723882 -0.892163 -0.972405 
55.088306 3802603.000000 54 54 54 0.967963 0.975581 0.974262 0.976879 0.949407 0.926500 0.856645 0.823300 0.712689 0.255836 0.080738 0.013834 -0.134150 -0.209546 -0.496844 -0.649850 -0.712617 -0.759456 -0.930249 0.978819 0.951090 0.934021 0.883708 0.828409 0.761155 0.194866 0.086039 0.003373 -0.102660 -0.218691 -0.522932 -0.635843 -0.689032 -0.768296 -0.961065 
54.747398 11187031.000000 54 54 54 0.971548 0.974538 0.985081 0.975863 0.952967 0.908718 0.846156 0.757126 0.630694 0.240316 0.065488 0.019719 -0.164699 -0.292069 -0.414111 -0.609777 -0.726845 -0.776268 -0.848195 0.975859 0.950420 0.913917 0.848396 0.809440 0.670932 0.260863 0.077425 0.011860 -0.134417 -0.265232 -0.453124 -0.616632 -0.727207 -0.765418 -0.880851 
53.381927 7647555.000000 54 54 52 0.986533 0.975680 0.840300 0.981286 0.955657 0.926964 0.827394 0.678261 0.653182 0.250520 0.081024 0.011637 -0.189392 -0.311738 -0.397602 -0.556661 -0.702134 -0.759096 -0.842179 0.978662 0.955191 0.919948 0.848939 0.704472 0.650016 0.189209 0.055665 0.008332 -0.187530 -0.323758 -0.422816 -0.587828 -0.736604 -0.772766 -0.870932 
50.415459 2509881.000000 52 52 54 0.794253 0.943701 0.956895 0.989747 0.970247 0.923755 0.824045 0.673894 0.650173 0.318438 0.076657 -0.011596 -0.177816 -0.309583 -0.454160 -0.537586 -0.652779 -0.724480 -0.904654 0.984493 0.956854 0.920449 0.810256 0.675816 0.650486 0.296189 0.091247 -0.023857 -0.208883 -0.307213 -0.419550 -0.546883 -0.669213 -0.741568 -0.829516 
48.490452 469483.781250 52 54 54 0.910835 0.974140 0.969391 0.992771 0.987714 0.923844 0.842363 0.694790 0.625694 0.455692 0.082217 -0.000181 -0.145288 -0.258856 -0.423060 -0.585694 -0.697355 -0.823502 -0.956846 0.992620 0.985590 0.919875 0.833516 0.682690 0.651239 0.346287 0.101665 0.019380 -0.105167 -0.294763 -0.491551 -0.561421 -0.692631 -0.790635 -0.954395 
47.264420 211636.546875 54 54 54 0.965087 0.919072 0.799088 0.992343 0.983088 0.947831 0.865288 0.728344 0.634467 0.505598 0.109900 0.006285 -0.133182 -0.309635 -0.451366 -0.651188 -0.721818 -0.859717 -0.965249 0.992759 0.985668 0.929115 0.861720 0.734006 0.611443 0.511643 0.099267 -0.010114 -0.136081 -0.283209 -0.445609 -0.629207 -0.699256 -0.820588 -0.954532 
36.953064 1054657.625000 54 62 54 0.881857 0.415442 0.408421 0.977762 0.949996 0.852797 0.785290 0.640703 0.543135 0.252429 0.039840 -0.144216 -0.361992 -0.518610 -0.691733 -0.791364 -0.888324 -0.936459 -0.982462 0.990869 0.980907 0.929304 0.823649 0.705527 0.630426 0.484242 0.103727 0.004935 -0.200443 -0.314433 -0.504540 -0.639070 -0.761470 -0.894834 -0.964416 
44.100613 2643175.250000 78 52 54 0.521501 0.439489 0.574073 0.984551 0.952904 0.847652 0.731606 0.617301 0.230248 0.031604 -0.140945 -0.379789 -0.465555 -0.650314 -0.766487 -0.890544 -0.931975 -0.967331 -0.984131 0.976032 0.931772 0.848229 0.776431 0.633183 0.507552 0.101684 -0.015780 -0.314676 -0.431568 -0.604313 -0.730862 -0.841729 -0.914066 -0.961481 -0.988226 
50.631870 2571198.500000 54 108 70 0.614230 0.417382 0.576876 0.979640 0.927417 0.832295 0.681030 0.556176 0.185370 0.001216 -0.241795 -0.405120 -0.533812 -0.647794 -0.810367 -0.901818 -0.928089 -0.962361 -0.988180 0.979590 0.947069 0.835804 0.709630 0.549251 0.203148 -0.000440 -0.229366 -0.371254 -0.524877 -0.658794 -0.805176 -0.903013 -0.934187 -0.966406 -0.982443 
47.567978 1762182.625000 148 84 86 0.761875 0.493233 0.466282 0.978070 0.927612 0.808833 0.664258 0.558788 0.161665 -0.042348 -0.206285 -0.399104 -0.526538 -0.655213 -0.787460 -0.887832 -0.930232 -0.957008 -0.991324 0.975432 0.930747 0.808223 0.668881 0.584185 0.147998 -0.005582 -0.201806 -0.422397 -0.549012 -0.644464 -0.777396 -0.900466 -0.926493 -0.958370 -0.992560 
47.682022 2366024.250000 86 88 58 0.492032 0.334065 0.547167 0.977959 0.939282 0.807304 0.634537 0.462918 0.096020 -0.008574 -0.234158 -0.385923 -0.489148 -0.636874 -0.786130 -0.891228 -0.927284 -0.955565 -0.994144 0.980607 0.935050 0.815630 0.674018 0.509892 0.169553 -0.029396 -0.201467 -0.386052 -0.478696 -0.675655 -0.802924 -0.889447 -0.930844 -0.960751 -0.994561 
45.642818 2179814.000000 110 94 114 0.577688 0.459901 0.592378 0.978036 0.935091 0.810594 0.584167 0.490276 0.131539 0.023167 -0.120103 -0.367092 -0.516230 -0.608573 -0.701584 -0.862644 -0.928360 -0.946435 -0.978061 0.978886 0.936632 0.819916 0.622782 0.480041 0.084851 0.007280 -0.186949 -0.384958 -0.524963 -0.614418 -0.758160 -0.884404 -0.925988 -0.953028 -0.989487 
38.388157 997525.375000 56 56 42 0.481706 0.447318 0.662194 0.982823 0.956201 0.779016 0.557386 0.528642 0.321046 0.083223 0.005369 -0.273914 -0.440531 -0.527747 -0.640487 -0.789515 -0.904871 -0.937901 -0.971569 0.978880 0.942743 0.748789 0.555680 0.511557 0.192815 0.064275 -0.059950 -0.336409 -0.470403 -0.576272 -0.656026 -0.839199 -0.920037 -0.943238 -0.975315 
48.853203 12732053.000000 54 48 54 0.603746 0.738688 0.938319 0.987670 0.972140 0.944513 0.699911 0.569405 0.503283 0.200421 0.084566 0.001849 -0.249887 -0.479769 -0.556658 -0.652055 -0.724253 -0.916244 -0.976327 0.989849 0.981178 0.947361 0.722168 0.560217 0.460949 0.139006 0.079739 -0.067745 -0.343452 -0.493782 -0.579882 -0.707737 -0.853809 -0.932912 -0.973486 
51.678291 13882198.000000 52 54 56 0.971280 0.992047 0.988411 0.983420 0.971512 0.940166 0.692314 0.563519 0.510458 0.212259 0.088304 -0.007531 -0.269370 -0.431197 -0.525035 -0.621969 -0.684011 -0.906063 -0.962065 0.983488 0.970522 0.942806 0.688866 0.555273 0.499420 0.239952 0.108579 -0.001763 -0.252657 -0.463035 -0.546624 -0.642480 -0.694791 -0.911795 -0.970533 
48.696609 2497647.500000 56 56 58 0.976181 0.974395 0.948260 0.989357 0.976152 0.954118 0.749103 0.584215 0.539678 0.231303 0.109531 -0.008025 -0.230038 -0.362320 -0.527698 -0.605126 -0.773947 -0.922755 -0.984179 0.984833 0.973276 0.943618 0.701310 0.576056 0.523259 0.232107 0.090101 -0.008302 -0.249047 -0.387959 -0.507138 -0.605490 -0.672358 -0.875844 -0.972474 
44.659210 552482.187500 56 58 56 0.961539 0.816333 0.932571 0.994118 0.986105 0.957524 0.760275 0.603366 0.542209 0.375395 0.136698 0.029190 -0.242553 -0.449539 -0.584073 -0.678361 -0.855991 -0.942286 -0.965481 0.993088 0.980940 0.955844 0.785060 0.615212 0.562269 0.285048 0.111929 -0.003884 -0.245476 -0.402755 -0.552600 -0.683458 -0.857334 -0.939844 -0.978420 
46.653496 395029.343750 56 58 58 0.913865 0.942803 0.896772 0.993257 0.986192 0.961088 0.850146 0.621914 0.566514 0.341809 0.133118 0.049701 -0.219303 -0.450895 -0.545005 -0.634738 -0.802484 -0.939931 -0.967509 0.993697 0.986818 0.958607 0.831230 0.603392 0.538893 0.373987 0.154111 0.038756 -0.259493 -0.448217 -0.553076 -0.644902 -0.827165 -0.942035 -0.969034 
47.119446 200341.078125 58 58 58 0.905147 0.765819 0.968115 0.993813 0.987550 0.964441 0.911461 0.612485 0.548541 0.351675 0.086034 0.049617 -0.098013 -0.475231 -0.558428 -0.594943 -0.805059 -0.933380 -0.963290 0.993674 0.987348 0.961644 0.874585 0.616447 0.560004 0.331069 0.125121 0.056021 -0.134541 -0.474155 -0.548958 -0.625544 -0.820440 -0.929484 -0.970247 
48.149052 193663.859375 58 60 58 0.974782 0.938877 0.952059 0.994073 0.987925 0.964183 0.908595 0.641291 0.569715 0.314357 0.104705 0.066079 -0.176223 -0.476923 -0.524975 -0.574063 -0.708079 -0.920217 -0.970784 0.993653 0.987359 0.963446 0.918106 0.641608 0.559098 0.368157 0.097893 0.060049 -0.130909 -0.480724 -0.546146 -0.580492 -0.751792 -0.930873 -0.964125 
48.447563 288782.500000 60 60 60 0.977122 0.972235 0.971971 0.994336 0.988519 0.957563 0.826052 0.712572 0.642015 0.366370 0.058482 -0.045273 -0.139484 -0.271509 -0.484003 -0.557916 -0.729695 -0.910295 -0.965231 0.994324 0.988628 0.962555 0.884661 0.680571 0.618117 0.297308 0.109511 0.021925 -0.130082 -0.434474 -0.514449 -0.563805 -0.730850 -0.915440 -0.966165 
49.124084 229037.640625 60 62 64 0.974876 0.970705 0.970457 0.994454 0.989509 0.939632 0.815445 0.774340 0.672931 0.530624 0.074474 -0.105624 -0.175151 -0.246760 -0.350853 -0.553617 -0.765107 -0.907715 -0.968439 0.994541 0.989623 0.955886 0.821754 0.741415 0.649242 0.484688 0.039767 -0.104560 -0.181488 -0.253684 -0.352894 -0.578462 -0.734762 -0.900035 -0.969455 
48.655247 207684.890625 64 64 62 0.975514 0.887968 0.809416 0.994758 0.988156 0.932309 0.835449 0.785135 0.691306 0.452113 0.167386 -0.097697 -0.189682 -0.251723 -0.324223 -0.493060 -0.725898 -0.913236 -0.972595 0.994450 0.989111 0.922503 0.830175 0.779184 0.656634 0.468772 0.136885 -0.091424 -0.193199 -0.279004 -0.343488 -0.481223 -0.715924 -0.911449 -0.970143 
51.898109 3222431.500000 64 66 68 0.854038 0.563309 0.925180 0.985598 0.963718 0.914112 0.849715 0.769713 0.683483 0.326148 0.201480 0.035138 -0.148221 -0.244964 -0.328392 -0.560032 -0.624807 -0.805336 -0.969477 0.990836 0.975570 0.935833 0.857077 0.778304 0.694794 0.336784 0.187113 0.021508 -0.168503 -0.244317 -0.335382 -0.545566 -0.657345 -0.895288 -0.973541 
52.339622 3971044.500000 68 66 66 0.947389 0.964032 0.908108 0.986509 0.956689 0.899484 0.846284 0.777760 0.682900 0.287097 0.176762 0.060568 -0.175574 -0.262789 -0.396411 -0.577181 -0.634641 -0.725715 -0.961984 0.986929 0.958928 0.902920 0.843894 0.768449 0.684392 0.310201 0.174138 0.056153 -0.169677 -0.259782 -0.345690 -0.554862 -0.620094 -0.733989 -0.960876 
51.122452 2490684.500000 68 68 68 0.944144 0.744979 0.965745 0.985035 0.961781 0.900288 0.852016 0.793585 0.702166 0.278423 0.168997 0.024687 -0.197206 -0.307277 -0.419109 -0.576098 -0.629648 -0.759816 -0.959510 0.985194 0.959055 0.904422 0.851514 0.784214 0.695038 0.265095 0.172174 0.035909 -0.183114 -0.281919 -0.395907 -0.576574 -0.623492 -0.743101 -0.961497 
51.749245 1652083.250000 68 68 68 0.956978 0.956121 0.685475 0.985213 0.968370 0.903962 0.866208 0.828890 0.724792 0.259369 0.126404 -0.054030 -0.253037 -0.320172 -0.411215 -0.534058 -0.624365 -0.816794 -0.970749 0.985697 0.964669 0.900303 0.856650 0.823679 0.705738 0.258158 0.135053 -0.019365 -0.230893 -0.313129 -0.391140 -0.547793 -0.629130 -0.742990 -0.963506 
50.864063 878665.375000 68 68 66 0.726877 0.921082 0.982296 0.988090 0.974400 0.926869 0.876974 0.839383 0.763984 0.217749 0.084988 -0.078089 -0.287159 -0.346763 -0.456483 -0.583592 -0.638994 -0.771083 -0.967790 0.985919 0.970607 0.913484 0.872422 0.829091 0.731584 0.252505 0.107156 -0.072259 -0.253427 -0.339336 -0.431352 -0.592038 -0.642707 -0.808324 -0.969799 
50.130383 404625.531250 66 66 66 0.988442 0.975005 0.915524 0.991423 0.979574 0.933596 0.879706 0.828538 0.768151 0.275497 0.135887 -0.050686 -0.299065 -0.345246 -0.417834 -0.561124 -0.616843 -0.835097 -0.966079 0.989447 0.976172 0.929672 0.882562 0.838482 0.762028 0.243285 0.110006 -0.088739 -0.298007 -0.352091 -0.459839 -0.579332 -0.626051 -0.771951 -0.967566 
46.748543 107558.742188 64 66 66 0.957499 0.844824 0.816669 0.994209 0.987160 0.933384 0.860634 0.815317 0.733948 0.359194 0.139774 0.032783 -0.301861 -0.360728 -0.457009 -0.588667 -0.796241 -0.900726 -0.956810 0.993338 0.984562 0.940604 0.874067 0.822407 0.778131 0.293740 0.125029 0.021717 -0.313651 -0.351668 -0.445046 -0.541111 -0.685152 -0.884975 -0.961710 
40.608307 7905752.500000 66 72 64 0.834071 0.642605 0.444724 0.985081 0.909124 0.761838 0.686276 0.624953 0.498772 0.208924 0.048232 -0.103390 -0.310095 -0.503811 -0.627902 -0.755084 -0.862140 -0.926508 -0.950616 0.994607 0.985729 0.900353 0.825705 0.738571 0.630362 0.453508 0.163035 -0.025104 -0.270834 -0.397708 -0.544711 -0.695419 -0.826077 -0.921343 -0.961483 
46.749489 28690398.000000 58 56 54 0.514461 0.632078 0.582365 0.963671 0.806623 0.662891 0.593804 0.533536 0.318761 0.123384 -0.068530 -0.201734 -0.373356 -0.490921 -0.650787 -0.764640 -0.863902 -0.933945 -0.967872 0.976241 0.847500 0.683291 0.638160 0.572686 0.362157 0.148381 0.000869 -0.179290 -0.329461 -0.530538 -0.645877 -0.741353 -0.877589 -0.928765 -0.950970 
47.935871 24381890.000000 52 80 102 0.585646 0.386391 0.357175 0.956591 0.787947 0.640113 0.579203 0.453321 0.230723 0.115460 -0.049864 -0.247011 -0.407591 -0.510758 -0.679631 -0.784370 -0.888697 -0.936262 -0.977803 0.950342 0.818616 0.641094 0.591811 0.504444 0.271030 0.135239 -0.076787 -0.217485 -0.388756 -0.484603 -0.682492 -0.792199 -0.875978 -0.941711 -0.973723 
49.762924 30155278.000000 102 66 94 0.333206 0.513514 0.327955 0.972561 0.820367 0.583282 0.544579 0.345613 0.202377 0.107381 -0.093504 -0.256829 -0.382783 -0.512663 -0.687933 -0.787618 -0.894638 -0.931621 -0.970820 0.959801 0.807078 0.608007 0.553864 0.402228 0.204119 0.114712 -0.075880 -0.269611 -0.399726 -0.519510 -0.652918 -0.777327 -0.879749 -0.937808 -0.974359 
51.457108 34113916.000000 60 64 58 0.296838 0.528353 0.671022 0.975606 0.846071 0.583914 0.516146 0.276233 0.185091 0.063490 -0.065016 -0.262892 -0.397987 -0.532310 -0.658617 -0.777852 -0.897194 -0.933458 -0.978750 0.970184 0.811521 0.582974 0.538257 0.291149 0.193093 0.092096 -0.100335 -0.240975 -0.396746 -0.544763 -0.666249 -0.770611 -0.897693 -0.926772 -0.970661 
51.052582 24304356.000000 60 56 62 0.672235 0.552425 0.585813 0.978865 0.851565 0.562159 0.526610 0.329573 0.127147 0.072043 -0.052571 -0.244370 -0.395478 -0.519557 -0.649956 -0.798618 -0.908810 -0.944140 -0.981472 0.975035 0.833791 0.584403 0.515712 0.300126 0.146077 0.048067 -0.072235 -0.261951 -0.397618 -0.508311 -0.628431 -0.795427 -0.904861 -0.939055 -0.978123 
48.140495 12872633.000000 62 58 94 0.571504 0.363463 0.532004 0.971529 0.861659 0.585098 0.551260 0.456805 0.198884 0.101560 0.004704 -0.206339 -0.348502 -0.473127 -0.630083 -0.778632 -0.894792 -0.939246 -0.982280 0.976188 0.859266 0.568531 0.542315 0.394902 0.140513 0.090694 -0.026661 -0.217458 -0.380309 -0.497485 -0.664252 -0.789201 -0.902148 -0.939664 -0.977722 
39.497608 3269514.750000 122 68 76 0.584509 0.258228 0.825986 0.989482 0.974087 0.903670 0.610335 0.563040 0.405139 0.221918 0.070603 -0.129307 -0.280528 -0.424413 -0.605622 -0.721256 -0.849710 -0.939372 -0.972807 0.980800 0.895929 0.617591 0.567632 0.497084 0.273633 0.149188 0.037899 -0.217231 -0.321032 -0.462302 -0.607566 -0.752139 -0.883633 -0.946379 -0.979940 
47.379051 5341605.500000 76 82 88 0.564650 0.845255 0.719054 0.986107 0.971897 0.933117 0.668241 0.609089 0.551919 0.308210 0.131361 0.012260 -0.129942 -0.384629 -0.545840 -0.651315 -0.796265 -0.925226 -0.963486 0.987444 0.974135 0.943395 0.669863 0.595419 0.527518 0.271719 0.118095 0.009445 -0.164374 -0.416963 -0.585835 -0.687780 -0.807704 -0.939839 -0.966299 
45.588604 3230788.000000 88 88 94 0.695782 0.866718 0.556189 0.987042 0.972034 0.924873 0.661121 0.608068 0.541880 0.315375 0.181662 0.018363 -0.179459 -0.466530 -0.541633 -0.705687 -0.828541 -0.921646 -0.954471 0.986352 0.970773 0.923956 0.658297 0.608794 0.561367 0.323810 0.145510 0.033589 -0.144974 -0.413677 -0.524820 -0.657155 -0.812456 -0.916566 -0.959969 
39.258743 383160.312500 94 96 84 0.567272 0.534047 0.416913 0.992864 0.980034 0.953330 0.702395 0.596171 0.509456 0.306876 0.143361 -0.040676 -0.208820 -0.435396 -0.566301 -0.751012 -0.848402 -0.918051 -0.960352 0.986406 0.971979 0.937543 0.685872 0.615952 0.541367 0.299499 0.155679 -0.013936 -0.234785 -0.465998 -0.566595 -0.736041 -0.845358 -0.930499 -0.959473 
38.558239 124347.664062 84 92 62 0.522857 0.644083 0.564156 0.992781 0.982330 0.962382 0.748334 0.607064 0.540783 0.347386 0.248852 0.035887 -0.142043 -0.391102 -0.597723 -0.730123 -0.807701 -0.939585 -0.955254 0.991126 0.983604 0.955078 0.702080 0.598016 0.485817 0.316539 0.182241 0.004333 -0.148749 -0.391486 -0.571469 -0.706894 -0.821551 -0.924275 -0.954289 
35.712799 44606.277344 150 146 148 0.480795 0.717577 0.601980 0.993419 0.985294 0.958590 0.785653 0.608971 0.520927 0.335511 0.245038 0.021002 -0.236473 -0.384393 -0.583430 -0.760394 -0.840688 -0.922508 -0.948618 0.993085 0.985026 0.957792 0.762450 0.596651 0.522984 0.360786 0.237796 0.004815 -0.190814 -0.391004 -0.596781 -0.751441 -0.830153 -0.932296 -0.954603 
34.418392 27471.068359 152 150 134 0.607399 0.581183 0.553105 0.993147 0.986132 0.960819 0.828619 0.621631 0.545697 0.302882 0.162493 -0.063992 -0.246227 -0.416295 -0.565703 -0.729607 -0.834800 -0.913892 -0.974095 0.994235 0.987748 0.960371 0.815946 0.617562 0.521348 0.318314 0.230032 -0.013174 -0.227626 -0.385307 -0.555666 -0.734207 -0.845308 -0.911497 -0.948056 
30.336765 16242.398438 130 62 146 0.558604 0.708484 0.526048 0.990514 0.979371 0.954758 0.800450 0.627579 0.519876 0.315454 0.124553 -0.063341 -0.214500 -0.390571 -0.617220 -0.744997 -0.842342 -0.930304 -0.975088 0.994127 0.987463 0.960806 0.809454 0.622920 0.548519 0.313839 0.118193 -0.101463 -0.245849 -0.425595 -0.580590 -0.738573 -0.825695 -0.925877 -0.970895 
26.888817 10552.930664 148 54 58 0.514391 0.678309 0.875045 0.994149 0.987823 0.943036 0.832031 0.614026 0.509507 0.284925 0.159806 -0.053597 -0.216626 -0.393052 -0.597950 -0.766849 -0.848381 -0.934168 -0.969512 0.991725 0.982956 0.949369 0.838118 0.609036 0.471970 0.281085 0.133789 -0.082200 -0.214875 -0.393638 -0.628569 -0.762634 -0.838557 -0.936792 -0.971240 
27.809774 6756.111816 58 60 60 0.782785 0.782677 0.675326 0.994076 0.988272 0.933927 0.828418 0.648260 0.539616 0.317956 0.143056 -0.036031 -0.257279 -0.458693 -0.580830 -0.689851 -0.864329 -0.917748 -0.979296 0.994340 0.989941 0.943087 0.830968 0.645207 0.562216 0.319470 0.151365 -0.016763 -0.248498 -0.396187 -0.591730 -0.732759 -0.838719 -0.923027 -0.972103 
21.998598 39401.503906 60 118 92 0.844363 0.655796 0.518049 0.987147 0.966400 0.898547 0.670533 0.596759 0.469095 0.165237 -0.028388 -0.165258 -0.316304 -0.508428 -0.551629 -0.618211 -0.669644 -0.878583 -0.980183 0.991426 0.972668 0.920652 0.767191 0.596206 0.504877 0.232641 0.022852 -0.137310 -0.344057 -0.500414 -0.567285 -0.616653 -0.773610 -0.913883 -0.974609 
16.160563 5791.161621 92 148 86 0.523837 0.644267 0.650765 0.984509 0.971639 0.904888 0.804426 0.645444 0.503711 0.296990 0.112998 -0.088020 -0.358946 -0.518668 -0.587383 -0.680189 -0.822939 -0.913071 -0.973855 0.987407 0.966042 0.892902 0.728437 0.608405 0.521811 0.239017 0.003710 -0.138587 -0.312100 -0.513207 -0.573738 -0.622788 -0.707196 -0.907634 -0.976105 
14.844412 4267.443359 86 208 62 0.671109 0.445516 0.520829 0.983953 0.963391 0.909159 0.803790 0.640575 0.518703 0.310288 0.130622 -0.128614 -0.271703 -0.446286 -0.582148 -0.688668 -0.841780 -0.908070 -0.983058 0.983801 0.968213 0.914113 0.807182 0.645001 0.494515 0.319881 0.118405 -0.127632 -0.259223 -0.487868 -0.566980 -0.678219 -0.844737 -0.898805 -0.971144 
13.902983 3797.202637 148 150 58 0.539827 0.588363 0.471039 0.984894 0.968497 0.904554 0.797956 0.639956 0.520557 0.325375 0.135612 -0.055372 -0.271209 -0.424753 -0.589544 -0.707676 -0.815302 -0.925630 -0.978964 0.984708 0.966344 0.900087 0.798919 0.636343 0.529123 0.339103 0.144458 -0.057510 -0.295784 -0.425708 -0.593848 -0.710965 -0.817762 -0.935323 -0.977390 
