45.956303 125436.500000 20 48 54 0.000000 0.619772 0.922539 0.993372 0.991368 0.941001 0.831909 0.805567 0.652581 0.380052 0.185977 -0.032214 -0.248239 -0.316634 -0.527448 -0.703445 -0.814311 -0.917088 -0.977757 0.991745 0.985126 0.883785 0.793508 0.672073 0.487339 0.321675 0.135053 -0.046425 -0.256151 -0.421044 -0.584794 -0.729048 -0.836720 -0.926263 -0.980408 
56.250793 6267997.000000 54 54 52 0.918866 0.847810 0.932854 0.984276 0.963098 0.929441 0.877810 0.808036 0.729399 0.346977 0.021298 -0.050976 -0.136804 -0.264854 -0.350626 -0.600374 -0.708689 -0.871183 -0.947915 0.993006 0.984622 0.930796 0.879870 0.794073 0.707200 0.380313 0.127432 -0.035984 -0.173424 -0.310257 -0.394497 -0.591358 -0.750148 -0.908748 -0.950424 
60.515007 17071240.000000 54 50 50 0.873671 0.957359 0.989773 0.976224 0.956576 0.913340 0.862022 0.809834 0.753703 0.233084 -0.019533 -0.070218 -0.197751 -0.286477 -0.368148 -0.601185 -0.730840 -0.793809 -0.896424 0.977907 0.958187 0.920144 0.869649 0.812331 0.757870 0.257648 -0.000638 -0.042735 -0.165894 -0.271970 -0.324437 -0.562657 -0.701997 -0.766493 -0.941757 
61.736603 17160980.000000 50 48 48 0.989515 0.974202 0.970650 0.975348 0.956252 0.919697 0.884094 0.805433 0.744498 0.235192 -0.054177 -0.111068 -0.189389 -0.279802 -0.424797 -0.618105 -0.712159 -0.786265 -0.910620 0.975295 0.956344 0.916332 0.871509 0.804572 0.751432 0.272105 -0.056105 -0.103367 -0.206070 -0.282299 -0.410938 -0.640201 -0.722190 -0.805268 -0.888509 
61.607964 7201415.000000 48 46 44 0.973804 0.973659 0.977640 0.979735 0.962544 0.926107 0.903057 0.852467 0.722417 0.298850 -0.055917 -0.139008 -0.233204 -0.327567 -0.408772 -0.578502 -0.710476 -0.768082 -0.947287 0.977028 0.959730 0.923716 0.898323 0.819822 0.727540 0.283601 -0.047169 -0.113412 -0.194509 -0.285541 -0.449798 -0.606132 -0.713396 -0.772989 -0.934528 
60.736038 5797331.000000 44 44 42 0.980213 0.864932 0.981891 0.983658 0.964496 0.913921 0.897568 0.855590 0.734997 0.424530 -0.107375 -0.166541 -0.244664 -0.322255 -0.405782 -0.544769 -0.717296 -0.787771 -0.953082 0.981766 0.963805 0.922125 0.901340 0.863324 0.724300 0.298203 -0.079912 -0.142062 -0.242213 -0.316142 -0.406593 -0.562007 -0.707243 -0.763641 -0.948211 
59.902615 3841098.500000 42 42 44 0.950700 0.974501 0.929815 0.987905 0.977774 0.914874 0.898397 0.846503 0.710419 0.408593 -0.060678 -0.157467 -0.227496 -0.337871 -0.446286 -0.580730 -0.717613 -0.770173 -0.954040 0.986514 0.970135 0.916135 0.898057 0.873672 0.740055 0.409692 -0.057816 -0.149697 -0.243951 -0.339480 -0.440251 -0.599426 -0.728417 -0.788296 -0.954482 
57.211552 1642583.500000 42 42 44 0.925960 0.913646 0.674033 0.988720 0.979658 0.944139 0.883739 0.807383 0.762897 0.423138 -0.033025 -0.137539 -0.211349 -0.333764 -0.451262 -0.602673 -0.711547 -0.865311 -0.969557 0.988596 0.980620 0.934833 0.894413 0.816705 0.759260 0.404866 -0.060580 -0.144069 -0.208078 -0.350679 -0.430489 -0.595906 -0.704599 -0.838791 -0.966732 
47.688717 13501283.000000 42 48 50 0.838184 0.579434 0.467263 0.983610 0.941492 0.864418 0.733826 0.658353 0.512409 0.197574 -0.005873 -0.254775 -0.371291 -0.456521 -0.579522 -0.720007 -0.821335 -0.902499 -0.981272 0.989157 0.979753 0.920468 0.832009 0.764127 0.682440 0.391769 0.006603 -0.150914 -0.271368 -0.388773 -0.528640 -0.676640 -0.818957 -0.896424 -0.962575 
54.012104 58373204.000000 36 46 42 0.527451 0.530756 0.633123 0.970724 0.933609 0.835359 0.645182 0.567530 0.255435 0.109846 -0.098796 -0.385209 -0.482137 -0.601460 -0.717679 -0.757688 -0.861192 -0.900204 -0.981139 0.975015 0.933350 0.856405 0.678502 0.599337 0.309126 0.133508 -0.094046 -0.379950 -0.458191 -0.520478 -0.687090 -0.752283 -0.840627 -0.903226 -0.975830 
53.545822 25728912.000000 42 38 42 0.638022 0.643996 0.719196 0.979241 0.930816 0.867122 0.698647 0.512694 0.297968 0.168839 -0.112253 -0.348206 -0.495680 -0.693469 -0.749953 -0.815061 -0.871426 -0.912578 -0.985741 0.973257 0.932051 0.835037 0.655974 0.553972 0.285112 0.147010 -0.078645 -0.325209 -0.475072 -0.660472 -0.735700 -0.779743 -0.849370 -0.910061 -0.989330 
52.958866 10753121.000000 42 44 148 0.833201 0.703682 0.561184 0.963592 0.917412 0.875197 0.715359 0.549944 0.347625 0.107281 -0.184068 -0.386699 -0.532649 -0.698807 -0.784695 -0.819754 -0.873774 -0.915817 -0.988771 0.977948 0.928168 0.878732 0.743765 0.517852 0.309961 0.166800 -0.125919 -0.383106 -0.522603 -0.694007 -0.775109 -0.829249 -0.879556 -0.909839 -0.983889 
55.733749 13968714.000000 148 148 42 0.652835 0.510127 0.781849 0.975806 0.920058 0.878237 0.736010 0.515127 0.201857 -0.050338 -0.261740 -0.438901 -0.564942 -0.682035 -0.784253 -0.818164 -0.869440 -0.917309 -0.984131 0.966003 0.915275 0.878091 0.701828 0.542730 0.278466 0.026377 -0.205675 -0.395141 -0.557186 -0.708752 -0.789041 -0.808611 -0.873566 -0.927195 -0.984410 
44.728584 894093.437500 42 42 54 0.800437 0.721123 0.408896 0.970098 0.919448 0.891227 0.805591 0.606375 0.357505 0.103183 -0.125278 -0.312865 -0.478577 -0.579688 -0.690382 -0.784919 -0.845979 -0.928609 -0.982628 0.977424 0.918737 0.880883 0.786438 0.552401 0.198734 -0.006581 -0.245921 -0.381504 -0.533791 -0.621437 -0.754024 -0.805860 -0.860090 -0.906209 -0.981547 
42.568977 10073702.000000 48 44 42 0.317959 0.553472 0.373011 0.943192 0.884943 0.822245 0.695697 0.460125 0.325014 0.124917 -0.058401 -0.256680 -0.425043 -0.484317 -0.563255 -0.691284 -0.836642 -0.897881 -0.973031 0.972864 0.921737 0.884175 0.786937 0.604316 0.364328 0.125498 -0.090402 -0.277256 -0.428201 -0.550501 -0.685920 -0.769776 -0.852628 -0.937225 -0.978986 
50.903961 14388114.000000 42 44 38 0.374647 0.256074 0.603110 0.985606 0.974969 0.861940 0.669489 0.618814 0.228319 0.058790 -0.125242 -0.355952 -0.454452 -0.504630 -0.615075 -0.734956 -0.834173 -0.908386 -0.975107 0.951387 0.876313 0.794796 0.637011 0.483691 0.214773 0.043564 -0.146777 -0.351220 -0.456140 -0.494615 -0.598810 -0.726206 -0.855318 -0.909237 -0.978459 
57.300777 49938512.000000 38 48 50 0.646003 0.933865 0.955640 0.982708 0.967975 0.939057 0.731133 0.677250 0.567225 0.194729 0.078483 -0.007477 -0.289281 -0.387895 -0.532728 -0.660955 -0.738270 -0.802578 -0.913687 0.986681 0.973335 0.931110 0.727517 0.675227 0.558462 0.193900 0.097158 -0.115193 -0.334756 -0.434189 -0.551625 -0.677688 -0.752800 -0.847547 -0.949874 
54.990860 10996815.000000 50 52 56 0.943535 0.941003 0.940399 0.986170 0.972566 0.925502 0.754588 0.707872 0.514531 0.146979 0.101186 -0.070384 -0.304169 -0.396903 -0.577234 -0.698930 -0.743544 -0.835290 -0.942031 0.980709 0.968324 0.938300 0.753959 0.698243 0.557683 0.157757 0.087729 -0.018342 -0.293620 -0.377242 -0.562222 -0.675522 -0.732096 -0.802212 -0.919575 
44.233246 1654956.625000 54 56 56 0.850517 0.944238 0.679810 0.992590 0.982506 0.912857 0.763682 0.682215 0.529409 0.161490 0.066521 -0.135505 -0.375075 -0.454364 -0.618679 -0.735042 -0.818118 -0.891408 -0.946944 0.991566 0.980251 0.914724 0.760255 0.683618 0.528977 0.148443 0.097233 -0.114812 -0.341730 -0.439858 -0.589520 -0.704543 -0.755014 -0.868680 -0.934358 
40.477848 1029765.000000 56 58 56 0.691539 0.700607 0.668509 0.992751 0.984392 0.907550 0.750406 0.678381 0.535666 0.134042 0.015608 -0.152668 -0.397065 -0.488305 -0.647779 -0.779290 -0.885248 -0.918961 -0.989659 0.993014 0.983958 0.901970 0.748067 0.702281 0.511756 0.158515 0.012766 -0.152974 -0.403651 -0.479185 -0.686674 -0.777696 -0.881999 -0.908417 -0.967578 
34.719234 167445.500000 54 122 56 0.855181 0.598322 0.807664 0.989525 0.977343 0.950786 0.788557 0.677045 0.603478 0.195530 0.047262 -0.138579 -0.346566 -0.439292 -0.594254 -0.732927 -0.827688 -0.901682 -0.977032 0.990102 0.977797 0.921743 0.788045 0.668866 0.548684 0.151992 0.047018 -0.142179 -0.362934 -0.457217 -0.609623 -0.729523 -0.861665 -0.923411 -0.987085 
38.107590 5279466.500000 56 50 98 0.629604 0.828624 0.673784 0.987388 0.971716 0.808502 0.694426 0.626753 0.418295 0.222526 0.032224 -0.097322 -0.319480 -0.485536 -0.633415 -0.746634 -0.854163 -0.906862 -0.981374 0.990070 0.976299 0.954389 0.783252 0.671280 0.545506 0.250581 0.063392 -0.123271 -0.301601 -0.445417 -0.593596 -0.733849 -0.839476 -0.902733 -0.973391 
57.654137 13970140.000000 50 50 50 0.352187 0.954360 0.953076 0.979196 0.969143 0.955943 0.757680 0.731116 0.621706 0.207004 0.113385 -0.002290 -0.269442 -0.393615 -0.517056 -0.656097 -0.754335 -0.786375 -0.937659 0.982753 0.970825 0.948365 0.745633 0.712783 0.560161 0.240432 0.093950 -0.001103 -0.329154 -0.454127 -0.568032 -0.702430 -0.803021 -0.879911 -0.977256 
54.288185 1260688.625000 50 54 58 0.972606 0.767109 0.828649 0.991093 0.978763 0.934232 0.793994 0.764392 0.629528 0.245263 0.148130 0.044826 -0.210392 -0.339099 -0.541437 -0.672267 -0.747946 -0.801104 -0.951627 0.980856 0.969860 0.948936 0.774283 0.743771 0.619089 0.222550 0.135988 0.021236 -0.224748 -0.338713 -0.522586 -0.642979 -0.735016 -0.769988 -0.939676 
40.268013 131526.609375 58 64 74 0.823282 0.643897 0.531606 0.991630 0.975702 0.926034 0.778840 0.729198 0.660755 0.301939 0.113971 -0.048052 -0.278025 -0.401997 -0.577340 -0.695215 -0.781204 -0.837117 -0.960710 0.993691 0.985550 0.926635 0.819947 0.754789 0.657950 0.277306 0.147512 -0.021257 -0.252677 -0.390227 -0.565404 -0.672358 -0.766571 -0.831460 -0.944171 
29.150421 41327.894531 74 50 50 0.520594 0.706013 0.656760 0.985607 0.973153 0.913676 0.767510 0.712447 0.597859 0.358517 0.133231 0.048151 -0.257032 -0.367327 -0.551136 -0.703839 -0.774007 -0.881641 -0.966940 0.987005 0.971035 0.912087 0.750360 0.721697 0.629498 0.297641 0.116929 -0.015362 -0.291728 -0.405607 -0.582087 -0.717506 -0.785366 -0.856384 -0.957609 
27.604856 18905.830078 50 50 56 0.677069 0.720955 0.523110 0.985771 0.972885 0.920036 0.765983 0.709971 0.598883 0.353720 0.174771 0.041751 -0.223300 -0.386010 -0.549033 -0.689574 -0.849170 -0.899167 -0.963907 0.987246 0.972395 0.936900 0.779743 0.714942 0.609125 0.366699 0.138017 0.055795 -0.218428 -0.371004 -0.505587 -0.689410 -0.802278 -0.898159 -0.957569 
39.850464 2695151.000000 56 32 48 0.638652 0.218424 0.411162 0.965547 0.949330 0.840859 0.762266 0.662586 0.573047 0.278688 0.182688 -0.004154 -0.190365 -0.433394 -0.510995 -0.784354 -0.865379 -0.897587 -0.913960 0.972345 0.942419 0.837770 0.764187 0.662331 0.571135 0.294005 0.207227 0.013316 -0.137138 -0.430763 -0.522087 -0.741105 -0.826377 -0.904684 -0.915873 
36.750843 2554447.500000 48 102 94 0.391085 0.447883 0.456634 0.966309 0.860830 0.791417 0.704675 0.606867 0.395646 0.226665 0.096842 -0.092352 -0.219456 -0.404377 -0.537285 -0.818161 -0.885743 -0.906276 -0.933999 0.974312 0.921926 0.784357 0.719137 0.613560 0.415422 0.222946 0.072002 -0.083488 -0.267888 -0.407940 -0.534296 -0.811080 -0.883412 -0.900133 -0.950692 
39.739887 2725269.250000 94 50 48 0.473069 0.517125 0.577859 0.940653 0.805475 0.780101 0.692857 0.598366 0.515448 0.250383 0.135795 -0.084752 -0.211248 -0.386908 -0.530885 -0.758976 -0.887066 -0.926841 -0.953776 0.951386 0.838213 0.788543 0.698365 0.597874 0.445210 0.232355 0.116568 -0.110079 -0.224451 -0.404212 -0.549822 -0.786808 -0.893827 -0.915724 -0.941734 
41.384655 2011674.000000 48 46 44 0.540333 0.383969 0.872461 0.980423 0.955315 0.801893 0.760908 0.670627 0.557814 0.321776 0.151894 -0.009608 -0.214657 -0.341770 -0.475297 -0.704008 -0.845071 -0.931272 -0.953966 0.929786 0.796879 0.780589 0.706621 0.601093 0.517444 0.243813 0.147986 -0.076545 -0.226120 -0.349165 -0.486275 -0.758089 -0.869058 -0.929877 -0.953858 
59.175243 8770752.000000 44 50 56 0.601915 0.809359 0.884164 0.981431 0.967341 0.935281 0.781131 0.703116 0.652086 0.550340 0.359932 0.124535 0.006987 -0.057449 -0.445304 -0.548389 -0.662545 -0.892983 -0.960535 0.985542 0.967314 0.936303 0.825711 0.727682 0.685757 0.523950 0.328461 0.111453 0.001646 -0.223530 -0.459501 -0.621221 -0.816674 -0.914767 -0.961726 
61.221924 44664768.000000 56 58 60 0.926270 0.951955 0.951969 0.978108 0.966608 0.916397 0.700138 0.636100 0.562036 0.367570 0.255911 0.100008 -0.022653 -0.170821 -0.438961 -0.535668 -0.618647 -0.698211 -0.926032 0.978821 0.966353 0.920401 0.742316 0.665592 0.614898 0.430544 0.304401 0.106749 0.010195 -0.117556 -0.441535 -0.542875 -0.606615 -0.828133 -0.961843 
60.175789 52982164.000000 60 62 62 0.962011 0.987308 0.970841 0.980692 0.969931 0.924858 0.677887 0.609399 0.502793 0.263849 0.164708 0.040481 -0.121023 -0.262846 -0.468551 -0.579508 -0.635651 -0.679303 -0.821683 0.979085 0.967223 0.921889 0.674148 0.609704 0.527587 0.311752 0.229431 0.064036 -0.069596 -0.217677 -0.464250 -0.565793 -0.650442 -0.706537 -0.857979 
57.771240 20657698.000000 62 62 62 0.971296 0.949504 0.824049 0.982202 0.974256 0.937635 0.674256 0.592723 0.520830 0.205203 0.138062 0.018918 -0.203794 -0.384339 -0.460600 -0.564676 -0.657577 -0.721087 -0.789128 0.981176 0.972203 0.925169 0.693616 0.598495 0.491493 0.214282 0.138471 0.017399 -0.158406 -0.315479 -0.467982 -0.578461 -0.648490 -0.708254 -0.791720 
47.325268 1370330.000000 60 60 62 0.899197 0.853126 0.455347 0.991918 0.978794 0.920047 0.705823 0.623925 0.536495 0.339805 0.180520 0.083849 -0.270170 -0.405739 -0.466291 -0.568045 -0.677872 -0.756633 -0.908445 0.988123 0.976776 0.936944 0.667251 0.608586 0.519050 0.247942 0.124724 0.057014 -0.279268 -0.407561 -0.466516 -0.556773 -0.657200 -0.725074 -0.864202 
45.980644 817860.187500 62 50 50 0.612929 0.386071 0.920797 0.991543 0.982047 0.947242 0.813335 0.625846 0.551913 0.367868 0.222155 0.066237 -0.088014 -0.346094 -0.475774 -0.619419 -0.670822 -0.769135 -0.948900 0.990132 0.975661 0.924006 0.719218 0.631170 0.516798 0.326651 0.204307 0.079874 -0.199163 -0.379394 -0.471639 -0.593956 -0.667826 -0.736031 -0.933171 
50.768181 673664.375000 50 48 48 0.921715 0.938401 0.925669 0.991084 0.983333 0.955067 0.878582 0.622431 0.537589 0.405096 0.248434 0.053032 -0.071950 -0.356955 -0.494348 -0.611954 -0.659150 -0.837214 -0.957164 0.991655 0.984346 0.948574 0.842730 0.631684 0.552366 0.397874 0.273546 0.032366 -0.060760 -0.343953 -0.490798 -0.601408 -0.667282 -0.818518 -0.957143 
44.113548 795696.437500 48 48 44 0.916769 0.675826 0.267007 0.987587 0.972646 0.930146 0.733639 0.620921 0.479818 0.340954 0.164184 0.018242 -0.189164 -0.404203 -0.566156 -0.654204 -0.805386 -0.893765 -0.985079 0.990868 0.981635 0.955572 0.851313 0.642326 0.562207 0.391484 0.224157 0.063728 -0.080692 -0.337501 -0.515602 -0.615907 -0.665526 -0.857020 -0.953444 
33.381279 994358.437500 42 44 52 0.560785 0.393145 0.525364 0.984783 0.968391 0.852843 0.673854 0.574847 0.423824 0.288612 0.093168 -0.163704 -0.454196 -0.567072 -0.699784 -0.814375 -0.906890 -0.942251 -0.985979 0.982058 0.964667 0.898595 0.682255 0.585526 0.437386 0.310926 0.107122 -0.055190 -0.336439 -0.495318 -0.636983 -0.764889 -0.885622 -0.932034 -0.990672 
34.884510 1017286.375000 110 190 44 0.478893 0.574757 0.653390 0.989667 0.960955 0.758417 0.636598 0.573774 0.431976 0.256040 0.113515 -0.327847 -0.516452 -0.593453 -0.742131 -0.853579 -0.907088 -0.949553 -0.987902 0.988313 0.970664 0.774996 0.649180 0.568881 0.435195 0.273268 0.093918 -0.222878 -0.503055 -0.587159 -0.747404 -0.845933 -0.911567 -0.952115 -0.990313 
38.767059 1487813.375000 104 50 40 0.631729 0.602191 0.347816 0.979670 0.951426 0.729061 0.602296 0.526746 0.278207 0.114769 -0.101352 -0.379743 -0.532423 -0.616938 -0.747073 -0.850411 -0.897477 -0.942708 -0.992173 0.986409 0.960961 0.742397 0.610646 0.535446 0.348824 0.176939 -0.012282 -0.317422 -0.535031 -0.603278 -0.730280 -0.838742 -0.895250 -0.938974 -0.991460 
52.921368 7231730.000000 166 52 56 0.353833 0.660507 0.593478 0.979676 0.928207 0.725717 0.620279 0.463121 0.115609 -0.013779 -0.270905 -0.378608 -0.542679 -0.699188 -0.755724 -0.826489 -0.901234 -0.915896 -0.968036 0.978482 0.940961 0.771338 0.632593 0.515312 0.232810 0.055027 -0.291727 -0.433815 -0.536614 -0.696005 -0.791678 -0.867413 -0.909966 -0.924838 -0.982969 
42.632515 2629709.750000 98 80 60 0.653434 0.495440 0.440661 0.971276 0.887585 0.681844 0.655786 0.437683 0.195750 0.069756 -0.039954 -0.176037 -0.283863 -0.436664 -0.653838 -0.743097 -0.844074 -0.920547 -0.980617 0.974352 0.907890 0.674502 0.632737 0.437711 0.132585 0.049374 -0.123017 -0.244383 -0.375372 -0.557829 -0.721974 -0.755670 -0.865598 -0.905909 -0.974158 
29.010418 259206.875000 148 82 88 0.594037 0.464906 0.482566 0.980067 0.942553 0.766257 0.686916 0.597873 0.312338 0.157219 -0.010861 -0.240184 -0.373944 -0.548684 -0.683943 -0.778857 -0.891678 -0.921256 -0.969688 0.975231 0.900541 0.712898 0.682542 0.520279 0.252873 0.117162 -0.021731 -0.168345 -0.325065 -0.491605 -0.683100 -0.759564 -0.875021 -0.917900 -0.971889 
34.317284 245555.515625 132 60 42 0.505048 0.378859 0.655862 0.988051 0.978204 0.928728 0.897233 0.697561 0.481742 0.183162 -0.030834 -0.195298 -0.337428 -0.511719 -0.672849 -0.803943 -0.892854 -0.927547 -0.985194 0.979293 0.951474 0.826840 0.668387 0.592795 0.374432 0.128846 -0.079082 -0.234364 -0.370657 -0.563770 -0.695284 -0.827828 -0.894633 -0.918213 -0.970772 
54.960182 782094.750000 44 58 60 0.692391 0.934236 0.971380 0.980764 0.975212 0.948394 0.893228 0.844074 0.737744 0.483463 0.138140 0.016940 -0.102821 -0.421288 -0.679048 -0.762881 -0.871225 -0.922654 -0.968378 0.984738 0.975050 0.947900 0.897274 0.855164 0.705979 0.345092 0.098254 -0.037784 -0.210424 -0.401745 -0.659667 -0.765701 -0.870978 -0.918571 -0.972272 
57.419529 639263.937500 60 62 64 0.976582 0.974092 0.970747 0.981863 0.975228 0.945688 0.886500 0.819412 0.704575 0.603281 0.433873 0.040282 -0.106949 -0.361449 -0.607364 -0.761990 -0.866094 -0.907710 -0.963708 0.980934 0.975532 0.946791 0.891761 0.837559 0.722198 0.574701 0.243654 0.015518 -0.088246 -0.389913 -0.646977 -0.768203 -0.865953 -0.913086 -0.967856 
54.146809 343601.500000 64 64 66 0.971965 0.964546 0.833694 0.984676 0.974669 0.943451 0.873203 0.808670 0.669539 0.578366 0.470318 0.052452 -0.056852 -0.269829 -0.532173 -0.726802 -0.871034 -0.909134 -0.955335 0.982604 0.974909 0.942826 0.870138 0.815766 0.688375 0.607478 0.436996 0.042104 -0.059678 -0.309133 -0.545892 -0.728828 -0.874475 -0.909085 -0.954146 
42.362843 2756297.500000 66 68 56 0.765958 0.685010 0.570249 0.986141 0.955761 0.839808 0.758427 0.649182 0.552522 0.252186 0.042396 -0.085332 -0.243904 -0.385483 -0.517539 -0.647769 -0.761672 -0.886499 -0.963601 0.987429 0.972134 0.925395 0.836860 0.764497 0.643272 0.561968 0.186720 0.012081 -0.186323 -0.363199 -0.533067 -0.669771 -0.832702 -0.900830 -0.949965 
40.826637 7094884.000000 58 60 56 0.541563 0.392469 0.420204 0.972194 0.918306 0.781224 0.711962 0.612574 0.435685 0.201259 0.063767 -0.120580 -0.235817 -0.406076 -0.538815 -0.669984 -0.809724 -0.885712 -0.940188 0.974934 0.940701 0.792684 0.705603 0.624374 0.476178 0.231867 0.034254 -0.081803 -0.230772 -0.395721 -0.527636 -0.668062 -0.790394 -0.883331 -0.963520 
38.204704 3784432.250000 60 122 124 0.362196 0.558192 0.411073 0.972858 0.950609 0.791296 0.679112 0.618584 0.373567 0.215955 0.045485 -0.110713 -0.273590 -0.429380 -0.599635 -0.714709 -0.818243 -0.884616 -0.975135 0.976293 0.935645 0.777591 0.685761 0.621624 0.398497 0.199958 0.049155 -0.143789 -0.259212 -0.425823 -0.571137 -0.679473 -0.818593 -0.873588 -0.969555 
35.567219 2027806.500000 70 62 60 0.356034 0.588534 0.635302 0.976439 0.909937 0.756919 0.671137 0.595839 0.347684 0.190274 0.051575 -0.091101 -0.280182 -0.447327 -0.580928 -0.698691 -0.827656 -0.884394 -0.956706 0.970086 0.940207 0.753081 0.687854 0.600509 0.353006 0.198815 0.042672 -0.101195 -0.282940 -0.423352 -0.580566 -0.703394 -0.827832 -0.892733 -0.970240 
34.870647 1769105.750000 60 56 74 0.637347 0.589219 0.422259 0.971512 0.881385 0.706013 0.652207 0.528794 0.299731 0.187970 0.001506 -0.128212 -0.325199 -0.476021 -0.602754 -0.738569 -0.814751 -0.873584 -0.947239 0.974874 0.894876 0.729581 0.647759 0.552582 0.324106 0.195581 0.028891 -0.132784 -0.306373 -0.454193 -0.577277 -0.696217 -0.823270 -0.886876 -0.961024 
35.226562 1705547.750000 120 86 96 0.448048 0.327491 0.550523 0.969012 0.913896 0.699859 0.653284 0.503997 0.277771 0.173954 0.011736 -0.153308 -0.305128 -0.441728 -0.583676 -0.717056 -0.828493 -0.879143 -0.962274 0.971634 0.884133 0.692799 0.640214 0.495652 0.278601 0.184718 -0.010303 -0.134752 -0.325018 -0.479357 -0.591491 -0.729922 -0.820712 -0.875604 -0.951431 
34.354218 1202920.875000 96 118 98 0.432109 0.363217 0.331595 0.971192 0.925748 0.693384 0.641222 0.542768 0.326977 0.205193 0.072011 -0.161267 -0.281586 -0.430444 -0.560449 -0.725562 -0.805178 -0.877198 -0.931319 0.969050 0.927175 0.687217 0.649855 0.532477 0.297851 0.177621 0.038656 -0.140543 -0.286793 -0.417782 -0.584239 -0.744784 -0.820946 -0.881896 -0.947013 
44.317951 1380324.875000 54 56 56 0.412319 0.510266 0.575163 0.987051 0.963923 0.929017 0.834347 0.670435 0.628394 0.402692 0.242645 0.109291 -0.163747 -0.276439 -0.457342 -0.697502 -0.775603 -0.833100 -0.925957 0.966850 0.926646 0.727472 0.664409 0.587346 0.346969 0.218047 0.082728 -0.155264 -0.274627 -0.406595 -0.559945 -0.727850 -0.808177 -0.870454 -0.934659 
57.976795 42725388.000000 48 60 62 0.680153 0.856124 0.947006 0.969492 0.952563 0.920068 0.736978 0.630768 0.589851 0.328633 0.258691 0.062764 -0.172465 -0.251771 -0.382074 -0.670976 -0.748708 -0.797753 -0.836361 0.978748 0.954677 0.929420 0.766633 0.649456 0.613967 0.344366 0.267714 0.129938 -0.156746 -0.231652 -0.403716 -0.670839 -0.750996 -0.785612 -0.865923 
57.149765 46792876.000000 62 64 64 0.941371 0.976313 0.854710 0.977342 0.952484 0.881030 0.749423 0.601549 0.547718 0.302345 0.230438 0.034185 -0.145294 -0.245397 -0.333942 -0.649087 -0.744704 -0.817183 -0.845329 0.972033 0.953057 0.906816 0.720201 0.620107 0.570017 0.308851 0.246141 0.015365 -0.173057 -0.246459 -0.383512 -0.670377 -0.766128 -0.812415 -0.853298 
55.776642 48414256.000000 64 66 66 0.817362 0.983293 0.982591 0.980605 0.947825 0.875861 0.736975 0.598508 0.554086 0.291918 0.206560 0.052913 -0.139744 -0.258803 -0.332286 -0.627722 -0.748751 -0.827609 -0.857864 0.978479 0.945048 0.878095 0.753269 0.593188 0.545289 0.283457 0.214718 0.033016 -0.157556 -0.261737 -0.341949 -0.667868 -0.758128 -0.825697 -0.854940 
55.381821 41436044.000000 66 66 68 0.982621 0.928987 0.926978 0.981502 0.948610 0.877275 0.729809 0.610726 0.549387 0.287547 0.206754 0.065125 -0.114331 -0.262984 -0.348453 -0.619377 -0.744339 -0.817032 -0.858316 0.981064 0.947535 0.875098 0.731882 0.605365 0.555740 0.293445 0.200702 0.072467 -0.120743 -0.268519 -0.339221 -0.617866 -0.746182 -0.821394 -0.854215 
54.627151 35092028.000000 68 68 68 0.929372 0.791316 0.938376 0.981711 0.954285 0.864451 0.719855 0.617656 0.567889 0.307738 0.187836 0.077085 -0.108229 -0.258947 -0.345202 -0.614149 -0.749493 -0.828917 -0.864809 0.981243 0.949792 0.873708 0.729704 0.622985 0.551662 0.289845 0.193540 0.073534 -0.104885 -0.265937 -0.353315 -0.631733 -0.751868 -0.830969 -0.866023 
54.695606 25572606.000000 68 68 68 0.931131 0.920260 0.917087 0.982074 0.958872 0.851075 0.712550 0.642858 0.590713 0.329318 0.182339 0.080623 -0.105430 -0.269523 -0.343890 -0.602784 -0.751959 -0.822570 -0.864230 0.982243 0.956750 0.857973 0.719015 0.619658 0.580628 0.321771 0.185092 0.085243 -0.121843 -0.257754 -0.344954 -0.607512 -0.744323 -0.820838 -0.860847 
53.162178 15496649.000000 68 68 66 0.911250 0.638597 0.962236 0.983854 0.960106 0.852294 0.738031 0.677391 0.633392 0.323919 0.140371 0.032992 -0.113525 -0.279604 -0.368991 -0.594999 -0.741491 -0.830273 -0.867370 0.982589 0.960825 0.852309 0.712152 0.661433 0.614556 0.330722 0.159510 0.055672 -0.094502 -0.291920 -0.356091 -0.609897 -0.754908 -0.822809 -0.859363 
52.746849 9064940.000000 66 66 66 0.969716 0.983585 0.983882 0.983601 0.963695 0.864268 0.780329 0.719734 0.669041 0.325127 0.128503 0.020558 -0.147122 -0.268927 -0.341759 -0.625515 -0.745266 -0.814523 -0.858625 0.983868 0.963033 0.858305 0.764266 0.695691 0.653911 0.328763 0.126520 0.024515 -0.147046 -0.271104 -0.356227 -0.612178 -0.741287 -0.817153 -0.851816 
50.273098 2996279.250000 66 66 64 0.981015 0.936475 0.403594 0.984184 0.965901 0.869097 0.805412 0.749027 0.667236 0.383080 0.136762 -0.008093 -0.166584 -0.252088 -0.353281 -0.654519 -0.732643 -0.796186 -0.870917 0.983704 0.965781 0.862902 0.794409 0.736605 0.665162 0.356720 0.129408 0.008926 -0.145614 -0.257614 -0.334526 -0.648773 -0.745488 -0.808384 -0.854121 
49.406136 1611885.375000 64 64 64 0.447436 0.800537 0.926058 0.981232 0.972128 0.895644 0.857024 0.733369 0.635860 0.430077 0.144197 -0.034763 -0.168433 -0.218578 -0.361021 -0.671140 -0.744076 -0.804380 -0.920411 0.981539 0.970167 0.873822 0.833012 0.747904 0.645083 0.443894 0.148175 -0.014275 -0.173185 -0.219710 -0.331656 -0.669244 -0.743768 -0.804661 -0.890134 
50.167843 1100059.750000 64 62 60 0.924822 0.969469 0.965315 0.983137 0.971409 0.922783 0.846423 0.782230 0.653751 0.508993 0.102364 -0.047504 -0.143816 -0.210045 -0.366383 -0.668532 -0.759311 -0.816606 -0.931163 0.981984 0.971486 0.908161 0.849037 0.756432 0.636107 0.465016 0.136409 -0.030472 -0.134906 -0.208986 -0.344604 -0.661733 -0.753987 -0.797022 -0.917204 
48.376991 619102.812500 60 60 58 0.968967 0.963391 0.964255 0.984580 0.973346 0.932275 0.831176 0.778636 0.667233 0.408787 0.109009 -0.067080 -0.126219 -0.213284 -0.309229 -0.611900 -0.762984 -0.810390 -0.946707 0.983881 0.972621 0.930825 0.836367 0.785146 0.660586 0.453553 0.084808 -0.061139 -0.148509 -0.224385 -0.356973 -0.659769 -0.755573 -0.815209 -0.929943 
45.912285 370089.437500 58 56 54 0.957073 0.940205 0.916140 0.987868 0.976667 0.931640 0.797526 0.739447 0.668183 0.408082 0.092507 0.014184 -0.109314 -0.196359 -0.353951 -0.532150 -0.685799 -0.830661 -0.967445 0.984988 0.973124 0.935484 0.823565 0.762073 0.675089 0.405819 0.069946 -0.027834 -0.115372 -0.193138 -0.341232 -0.539880 -0.722507 -0.855066 -0.970611 
45.285625 171664.078125 54 54 52 0.877475 0.881006 0.842748 0.992730 0.984960 0.948943 0.841469 0.717202 0.676209 0.396850 0.066072 -0.019069 -0.068159 -0.214127 -0.437490 -0.596366 -0.747119 -0.868393 -0.974196 0.990645 0.979971 0.944542 0.812491 0.724556 0.678251 0.438482 0.079115 -0.004167 -0.104010 -0.202917 -0.406985 -0.564270 -0.721010 -0.852158 -0.963419 
45.993618 71097.132812 54 54 54 0.745064 0.870741 0.942912 0.993229 0.987556 0.952785 0.880669 0.743589 0.677700 0.519547 0.159115 0.024575 -0.067807 -0.276300 -0.481366 -0.656060 -0.798580 -0.906400 -0.979898 0.992953 0.985784 0.954469 0.876723 0.728931 0.678517 0.445783 0.128302 -0.010105 -0.062516 -0.237018 -0.464502 -0.616227 -0.761788 -0.887168 -0.979290 
43.975159 37214.917969 54 52 54 0.877424 0.861930 0.627561 0.992991 0.987511 0.962866 0.874165 0.758680 0.648992 0.434172 0.170789 -0.005080 -0.206479 -0.332677 -0.527980 -0.690118 -0.815655 -0.920694 -0.969942 0.993208 0.987948 0.959097 0.890022 0.755816 0.665651 0.475151 0.133849 0.022589 -0.111422 -0.277871 -0.515759 -0.690395 -0.805358 -0.921268 -0.970280 
43.431797 7593841.000000 56 66 52 0.716413 0.364851 0.778564 0.977474 0.956591 0.829048 0.768746 0.554639 0.163833 0.043828 -0.109304 -0.283587 -0.352420 -0.431188 -0.580048 -0.731187 -0.863555 -0.914587 -0.954146 0.984331 0.966127 0.866344 0.776598 0.648571 0.272112 0.119897 -0.041082 -0.170584 -0.313247 -0.377192 -0.517397 -0.627658 -0.830282 -0.910906 -0.966111 
43.160435 3415799.250000 50 56 54 0.754958 0.595959 0.581469 0.985651 0.939823 0.792355 0.687647 0.317174 0.053155 0.004670 -0.220322 -0.328771 -0.388524 -0.522597 -0.652869 -0.779493 -0.871064 -0.915376 -0.973687 0.987634 0.951164 0.809229 0.732894 0.345788 0.085962 0.034439 -0.169276 -0.318474 -0.375670 -0.490337 -0.649901 -0.760084 -0.858252 -0.914364 -0.962372 
47.888866 5156406.000000 52 144 52 0.564090 0.496583 0.542073 0.969141 0.934982 0.773947 0.593713 0.192360 0.036849 -0.059396 -0.269228 -0.345922 -0.420150 -0.523824 -0.690733 -0.769402 -0.874683 -0.922359 -0.987790 0.976307 0.929382 0.785366 0.635499 0.269826 0.041839 -0.036100 -0.250993 -0.339798 -0.415404 -0.507268 -0.677743 -0.772046 -0.875275 -0.908508 -0.974699 
44.232021 1728221.750000 148 48 52 0.466072 0.475196 0.545226 0.983034 0.953543 0.814662 0.637380 0.280833 0.051685 0.006990 -0.164050 -0.345769 -0.420995 -0.574952 -0.701021 -0.791984 -0.883591 -0.938463 -0.981017 0.977324 0.942991 0.766747 0.590307 0.180591 0.044277 -0.017644 -0.262187 -0.342020 -0.409045 -0.558379 -0.695701 -0.778313 -0.876803 -0.936894 -0.982309 
28.429317 137840.437500 110 38 70 0.529445 0.649300 0.482301 0.984770 0.962915 0.883068 0.747999 0.519294 0.235457 0.057417 -0.166096 -0.295331 -0.394430 -0.540784 -0.664635 -0.754466 -0.835938 -0.941848 -0.982031 0.987912 0.962861 0.879923 0.739342 0.423049 0.112707 0.027297 -0.102428 -0.322868 -0.415543 -0.522915 -0.678977 -0.765867 -0.859934 -0.938471 -0.978589 
23.544371 81961.421875 68 102 80 0.565566 0.542131 0.384539 0.983350 0.962177 0.895096 0.746091 0.581554 0.292063 0.039164 -0.114269 -0.308518 -0.362835 -0.510423 -0.632732 -0.742853 -0.864116 -0.928922 -0.972146 0.986330 0.962287 0.876448 0.741074 0.546421 0.282505 0.038238 -0.118824 -0.301404 -0.362693 -0.522492 -0.637397 -0.749060 -0.859903 -0.945612 -0.982453 
26.273647 248758.828125 84 84 128 0.436069 0.435152 0.581444 0.976767 0.944198 0.810114 0.664573 0.422297 0.270747 0.063393 -0.042795 -0.161700 -0.243514 -0.432946 -0.558067 -0.694152 -0.849488 -0.912910 -0.980826 0.982169 0.958918 0.903032 0.760914 0.592207 0.359408 0.058128 -0.117854 -0.310452 -0.388396 -0.495317 -0.642219 -0.755887 -0.873255 -0.933559 -0.975847 
50.591644 22137918.000000 60 70 70 0.484806 0.505585 0.643201 0.972164 0.929691 0.638935 0.472225 0.265066 0.123777 -0.014300 -0.172224 -0.265508 -0.404585 -0.574881 -0.708568 -0.815676 -0.877818 -0.929297 -0.984307 0.968823 0.927187 0.708846 0.511344 0.332400 0.136219 -0.020367 -0.089704 -0.233771 -0.336344 -0.502147 -0.662325 -0.792923 -0.856589 -0.945162 -0.995099 
48.391872 14366819.000000 70 56 58 0.572227 0.554936 0.581888 0.969657 0.865554 0.632601 0.579923 0.361959 0.200928 0.114643 -0.055116 -0.260942 -0.384281 -0.553429 -0.660762 -0.798570 -0.881326 -0.927812 -0.984499 0.969032 0.885953 0.612036 0.512084 0.292066 0.169670 0.059838 -0.162669 -0.277644 -0.421026 -0.584378 -0.714294 -0.805232 -0.877057 -0.927918 -0.981605 
42.881577 5567682.000000 56 52 58 0.753394 0.724782 0.464646 0.970144 0.760095 0.676195 0.630493 0.571083 0.454494 0.177282 0.031521 -0.143944 -0.315643 -0.497415 -0.660763 -0.811653 -0.860586 -0.927258 -0.992850 0.969372 0.790497 0.669790 0.613859 0.534484 0.313691 0.141456 0.025892 -0.195729 -0.359360 -0.508265 -0.644135 -0.785984 -0.874649 -0.916107 -0.982868 
49.753628 5035765.500000 22 48 54 0.462053 0.435969 0.873167 0.990114 0.977937 0.953472 0.791430 0.691906 0.590077 0.301083 0.178916 -0.134453 -0.255620 -0.423010 -0.590690 -0.696498 -0.860996 -0.932176 -0.983931 0.989789 0.976919 0.747174 0.661241 0.614085 0.529570 0.288535 0.063653 -0.088780 -0.280476 -0.468417 -0.638465 -0.784731 -0.870815 -0.929339 -0.989477 
55.362057 7001436.000000 52 56 56 0.926827 0.964805 0.988053 0.987837 0.975829 0.952566 0.805893 0.764036 0.576825 0.280565 0.213124 -0.091778 -0.277274 -0.367532 -0.594104 -0.645076 -0.756014 -0.902548 -0.982985 0.989098 0.976776 0.949718 0.794832 0.757538 0.562098 0.271901 0.191272 -0.091064 -0.275853 -0.340822 -0.580236 -0.648637 -0.768698 -0.911075 -0.971090 
59.352116 11070062.000000 56 56 56 0.988867 0.983334 0.938833 0.981662 0.974458 0.953500 0.803591 0.748570 0.626920 0.294438 0.235353 -0.086709 -0.262347 -0.348394 -0.537448 -0.640972 -0.698726 -0.911675 -0.975161 0.985076 0.974852 0.956451 0.807978 0.759512 0.625539 0.286704 0.228201 -0.086320 -0.270442 -0.371442 -0.570481 -0.632801 -0.709019 -0.902842 -0.983186 
61.870579 19021028.000000 58 58 60 0.964188 0.950953 0.973190 0.979515 0.974502 0.943036 0.758272 0.720927 0.629057 0.303370 0.239988 -0.101142 -0.258946 -0.333279 -0.503291 -0.625653 -0.663798 -0.790195 -0.961601 0.979385 0.974444 0.946246 0.792471 0.721576 0.651093 0.298594 0.244253 -0.101949 -0.259965 -0.359652 -0.504555 -0.638589 -0.680514 -0.879006 -0.973318 
57.918259 10229730.000000 58 62 64 0.926340 0.945953 0.919612 0.983304 0.975463 0.935448 0.770970 0.712440 0.621189 0.326934 0.215227 -0.108874 -0.272366 -0.327601 -0.545410 -0.667146 -0.714750 -0.782942 -0.927195 0.981415 0.975361 0.937341 0.755438 0.727248 0.580194 0.298297 0.227015 -0.081129 -0.277247 -0.331266 -0.522617 -0.634400 -0.702641 -0.749167 -0.939056 
51.173164 2254781.250000 64 66 68 0.903513 0.903247 0.866180 0.989242 0.975475 0.940660 0.767433 0.717989 0.626751 0.298234 0.232346 -0.023102 -0.259399 -0.367654 -0.544660 -0.687447 -0.741322 -0.830413 -0.954454 0.986784 0.975482 0.944467 0.769071 0.708144 0.638071 0.322496 0.231078 -0.125720 -0.268383 -0.332643 -0.596768 -0.687620 -0.737563 -0.821035 -0.956825 
44.171642 770419.375000 68 68 60 0.895485 0.677978 0.434011 0.992760 0.983340 0.933821 0.770251 0.703483 0.549291 0.271621 0.197326 -0.074078 -0.328878 -0.425454 -0.561933 -0.727448 -0.772883 -0.881420 -0.922255 0.992362 0.979132 0.925652 0.753096 0.700368 0.615664 0.301804 0.223621 0.008911 -0.273939 -0.381733 -0.510565 -0.696529 -0.758125 -0.865398 -0.935298 
41.214401 112547.382812 58 74 74 0.492792 0.778518 0.715192 0.992278 0.985076 0.946496 0.785502 0.728981 0.627901 0.349624 0.266539 -0.030761 -0.294576 -0.406976 -0.584483 -0.709030 -0.768120 -0.888318 -0.957148 0.991270 0.983174 0.948138 0.789183 0.714321 0.567133 0.286150 0.206662 -0.063240 -0.320161 -0.432103 -0.575689 -0.730774 -0.768266 -0.868594 -0.930409 
32.907223 25468.460938 148 68 148 0.756856 0.690404 0.678564 0.988872 0.975073 0.941796 0.784372 0.719112 0.624154 0.351059 0.259792 -0.040358 -0.288978 -0.361504 -0.582632 -0.708594 -0.771813 -0.907781 -0.979366 0.990924 0.981337 0.940557 0.802507 0.721532 0.643562 0.354773 0.274681 -0.028691 -0.289506 -0.378332 -0.595631 -0.692789 -0.771564 -0.904442 -0.976385 
32.613262 1324155.125000 60 58 36 0.689821 0.711441 0.434579 0.971569 0.942426 0.866499 0.663879 0.629435 0.499961 0.214070 0.117307 -0.080778 -0.262708 -0.449750 -0.552684 -0.742203 -0.814875 -0.890795 -0.931315 0.988805 0.975661 0.930012 0.780598 0.709705 0.606978 0.345986 0.217685 0.009429 -0.268102 -0.375985 -0.584114 -0.697661 -0.794553 -0.905203 -0.966678 
53.391075 5301735.000000 36 50 60 0.368505 0.841779 0.972608 0.985248 0.977081 0.957362 0.749755 0.599417 0.567851 0.345737 0.222102 0.099403 -0.182190 -0.310183 -0.413610 -0.608093 -0.698823 -0.807956 -0.920043 0.988831 0.974152 0.911810 0.698080 0.633224 0.598357 0.256144 0.143533 -0.064040 -0.257937 -0.427763 -0.533632 -0.739578 -0.809722 -0.893547 -0.924228 
63.132519 40723460.000000 30 30 62 0.655034 0.880024 0.959702 0.981417 0.977066 0.950745 0.721412 0.579102 0.522921 0.269554 0.184516 0.073975 -0.256636 -0.333822 -0.428938 -0.593728 -0.706758 -0.743287 -0.872745 0.981660 0.976582 0.955360 0.744784 0.588834 0.544049 0.299429 0.217945 0.076447 -0.219084 -0.316515 -0.403389 -0.624848 -0.700825 -0.772658 -0.956466 
62.606606 38323960.000000 64 64 66 0.963185 0.973774 0.844390 0.983007 0.978233 0.942896 0.708347 0.599462 0.526071 0.261446 0.152160 0.036197 -0.220891 -0.336037 -0.474105 -0.601324 -0.701165 -0.732541 -0.889267 0.982088 0.977445 0.945625 0.714853 0.573843 0.522080 0.246289 0.165748 0.031009 -0.244439 -0.330558 -0.464211 -0.596267 -0.706322 -0.735455 -0.870123 
50.458561 771471.375000 66 74 68 0.832964 0.358572 0.569934 0.992947 0.979738 0.941131 0.756637 0.580073 0.521128 0.348617 0.192942 0.063488 -0.215568 -0.377544 -0.478078 -0.615020 -0.711521 -0.753784 -0.940542 0.984821 0.977761 0.949070 0.715754 0.617243 0.528482 0.225889 0.149183 -0.039971 -0.244291 -0.352576 -0.494669 -0.615295 -0.701055 -0.760199 -0.960058 
45.010906 770127.500000 62 70 74 0.657907 0.646094 0.751120 0.994552 0.985227 0.945864 0.775183 0.576571 0.530626 0.293915 0.160691 0.054296 -0.206436 -0.378466 -0.513299 -0.593389 -0.671415 -0.737978 -0.945945 0.994271 0.978503 0.937933 0.774589 0.573422 0.532470 0.340717 0.178044 0.070233 -0.211775 -0.358523 -0.494412 -0.602165 -0.687104 -0.751813 -0.941725 
48.281025 640376.062500 70 70 70 0.751300 0.922076 0.964603 0.993585 0.985156 0.964618 0.815070 0.598838 0.530837 0.303581 0.146073 0.042627 -0.104102 -0.363474 -0.482309 -0.628125 -0.687571 -0.758760 -0.951168 0.993690 0.983070 0.950635 0.838760 0.578413 0.522130 0.316924 0.143552 0.052218 -0.159916 -0.366205 -0.491057 -0.625346 -0.677366 -0.742311 -0.942883 
45.302639 268969.968750 70 74 78 0.951481 0.852898 0.541371 0.993204 0.985305 0.955675 0.722918 0.586713 0.530559 0.356966 0.157218 -0.051067 -0.225059 -0.424784 -0.541122 -0.657711 -0.733591 -0.837668 -0.913460 0.994234 0.986008 0.974166 0.808164 0.591928 0.527347 0.302493 0.144427 0.045876 -0.093441 -0.380090 -0.500634 -0.653105 -0.692154 -0.790346 -0.955792 
34.933098 201354.359375 80 86 148 0.562095 0.427615 0.750973 0.984800 0.974445 0.952902 0.748446 0.598820 0.499757 0.258789 0.115245 -0.089109 -0.258603 -0.426561 -0.592850 -0.703209 -0.799209 -0.875414 -0.911975 0.987607 0.972887 0.941266 0.668453 0.571997 0.478914 0.259500 0.054319 -0.100570 -0.275218 -0.456961 -0.618889 -0.698741 -0.775665 -0.868341 -0.899238 
41.257439 5695744.000000 146 58 46 0.591614 0.619978 0.740350 0.975401 0.966949 0.929748 0.642466 0.555341 0.260174 0.111363 0.018094 -0.220167 -0.301953 -0.407011 -0.607649 -0.714675 -0.828268 -0.888409 -0.980835 0.984531 0.974470 0.953352 0.839225 0.604951 0.552539 0.292766 0.144869 -0.077064 -0.284035 -0.382094 -0.575689 -0.690457 -0.814561 -0.894537 -0.962885 
41.658405 2567617.500000 24 24 24 0.793368 0.751976 0.290922 0.966238 0.958361 0.915721 0.696337 0.586873 0.276901 0.053440 -0.069431 -0.297618 -0.360839 -0.521924 -0.662770 -0.738355 -0.844995 -0.911908 -0.954596 0.969922 0.962503 0.928208 0.671500 0.544445 0.238381 0.095588 -0.000626 -0.256178 -0.314260 -0.446493 -0.656789 -0.716570 -0.831579 -0.900595 -0.966213 
33.975647 531884.625000 112 54 58 0.552859 0.730733 0.663094 0.976359 0.961390 0.863015 0.669296 0.572430 0.405445 0.105041 -0.058516 -0.297898 -0.379214 -0.530589 -0.726352 -0.811234 -0.889500 -0.934997 -0.963233 0.967251 0.957665 0.893919 0.672562 0.578181 0.357070 0.063717 -0.074896 -0.307204 -0.381605 -0.524686 -0.707714 -0.782868 -0.857840 -0.910490 -0.950609 
25.104816 122394.500000 56 104 54 0.586781 0.484722 0.452822 0.979909 0.955891 0.884315 0.727908 0.616312 0.462522 0.131862 -0.011121 -0.260609 -0.333314 -0.467292 -0.677412 -0.791589 -0.862944 -0.938099 -0.969607 0.975341 0.952298 0.870238 0.712478 0.603811 0.455838 0.107886 -0.033361 -0.260553 -0.347933 -0.489662 -0.690874 -0.814668 -0.890391 -0.942373 -0.967340 
39.843563 259448.953125 152 64 46 0.482358 0.329453 0.583653 0.988003 0.968518 0.933845 0.900395 0.800039 0.692537 0.256026 -0.025525 -0.124692 -0.291072 -0.366524 -0.456892 -0.642009 -0.818524 -0.930668 -0.967067 0.978353 0.959256 0.896617 0.713967 0.617194 0.441192 0.152214 -0.025536 -0.276377 -0.344400 -0.433732 -0.659708 -0.779789 -0.853477 -0.937960 -0.967027 
57.713928 15550199.000000 48 58 60 0.866872 0.902333 0.963330 0.967611 0.951223 0.929317 0.828263 0.725024 0.677677 0.323431 0.046928 -0.012992 -0.215946 -0.329180 -0.392427 -0.495255 -0.658758 -0.751869 -0.918022 0.976567 0.954477 0.929569 0.868244 0.774709 0.722272 0.289181 -0.004212 -0.046872 -0.232106 -0.330547 -0.396214 -0.509981 -0.685213 -0.830237 -0.948568 
59.526386 21249194.000000 60 60 62 0.952758 0.967417 0.954267 0.970477 0.954533 0.932836 0.806070 0.621681 0.593265 0.374689 0.132826 0.057459 -0.129745 -0.282195 -0.384514 -0.490645 -0.672138 -0.730314 -0.904201 0.965974 0.952177 0.926184 0.802967 0.680902 0.639790 0.376536 0.098137 0.017806 -0.160567 -0.306985 -0.391842 -0.465914 -0.677779 -0.736938 -0.906490 
57.680176 16729392.000000 62 62 62 0.940830 0.949557 0.945183 0.980398 0.966157 0.944639 0.760337 0.586711 0.506156 0.272698 0.168306 0.078997 -0.109294 -0.263654 -0.415785 -0.529419 -0.645138 -0.737554 -0.915617 0.976498 0.959237 0.940891 0.781372 0.597623 0.570215 0.320710 0.154896 0.076324 -0.102265 -0.268723 -0.375149 -0.508368 -0.657802 -0.741739 -0.930830 
57.039635 9454584.000000 62 60 58 0.929593 0.847275 0.988486 0.982599 0.975466 0.956115 0.794012 0.522789 0.366051 0.281885 0.170651 0.091633 -0.103222 -0.316786 -0.439599 -0.518134 -0.646102 -0.736040 -0.938258 0.980387 0.973125 0.945372 0.768286 0.556586 0.398446 0.280479 0.162357 0.066713 -0.111551 -0.280802 -0.451123 -0.523201 -0.676477 -0.745678 -0.915930 
56.205311 7504582.000000 58 58 58 0.984879 0.978640 0.983114 0.988236 0.976691 0.963229 0.796452 0.507799 0.333888 0.251332 0.149342 0.063450 -0.103423 -0.373249 -0.474752 -0.536801 -0.608915 -0.684909 -0.956186 0.985564 0.975700 0.960159 0.793157 0.525709 0.338831 0.263239 0.160963 0.085951 -0.101565 -0.333565 -0.451761 -0.529586 -0.615010 -0.693110 -0.950302 
54.044281 1418196.500000 58 58 60 0.969964 0.967528 0.902848 0.989439 0.977450 0.968894 0.878262 0.579355 0.430823 0.271079 0.178711 0.055600 -0.075716 -0.430058 -0.524838 -0.584660 -0.653544 -0.816621 -0.947961 0.989561 0.977446 0.967346 0.847500 0.541765 0.358194 0.266087 0.179640 0.059503 -0.098565 -0.391006 -0.477249 -0.544692 -0.625471 -0.703461 -0.952337 
45.223076 6849786.500000 60 64 60 0.928485 0.582577 0.784852 0.980706 0.968187 0.912924 0.697436 0.502824 0.363909 0.250412 0.024872 -0.160925 -0.392587 -0.526657 -0.636077 -0.802014 -0.897007 -0.938477 -0.965788 0.985647 0.976569 0.953169 0.797084 0.576263 0.414966 0.278753 0.103726 -0.097697 -0.309438 -0.490561 -0.590000 -0.732177 -0.874233 -0.938548 -0.968898 
41.464695 6110585.000000 62 62 58 0.659910 0.510570 0.363182 0.981692 0.959165 0.889762 0.585386 0.473633 0.317326 0.135676 -0.039674 -0.245935 -0.478426 -0.570297 -0.723291 -0.817933 -0.897398 -0.941195 -0.986599 0.975201 0.960802 0.882566 0.608524 0.475999 0.339664 0.171956 -0.016419 -0.156596 -0.450434 -0.549445 -0.677996 -0.806901 -0.898497 -0.939768 -0.980306 
42.231060 3984130.000000 56 58 58 0.646233 0.580698 0.763532 0.979670 0.957561 0.880026 0.577241 0.501719 0.294389 0.151865 -0.145036 -0.313842 -0.497006 -0.574619 -0.766921 -0.833690 -0.908359 -0.950023 -0.987051 0.984388 0.957284 0.885915 0.594520 0.473924 0.301360 0.156773 -0.127508 -0.310327 -0.481145 -0.560995 -0.747217 -0.825009 -0.908063 -0.950285 -0.986476 
46.824043 3343350.750000 58 58 96 0.730020 0.655872 0.471927 0.984270 0.942933 0.813862 0.611108 0.454930 0.279893 0.016895 -0.247103 -0.411850 -0.547187 -0.657760 -0.780464 -0.856129 -0.917875 -0.972816 -0.991566 0.981026 0.953685 0.847434 0.571028 0.493480 0.300751 0.105400 -0.167053 -0.358951 -0.517180 -0.630756 -0.776801 -0.834649 -0.907386 -0.956214 -0.988149 
46.116928 1607637.625000 96 80 96 0.525381 0.355180 0.428590 0.979895 0.951448 0.823107 0.655047 0.468841 0.292979 0.070759 -0.139876 -0.388865 -0.505342 -0.620255 -0.777067 -0.846302 -0.881117 -0.946309 -0.993922 0.981200 0.931429 0.789906 0.625593 0.448931 0.259822 -0.017282 -0.221998 -0.428788 -0.547325 -0.630197 -0.792387 -0.861109 -0.897966 -0.967326 -0.993664 
32.153221 606402.125000 94 60 52 0.470073 0.872225 0.237376 0.983338 0.952870 0.824055 0.644206 0.567378 0.346762 0.051061 -0.048581 -0.245730 -0.454147 -0.567966 -0.706233 -0.823865 -0.899357 -0.947379 -0.990442 0.980830 0.960615 0.880860 0.700360 0.515417 0.325367 0.118188 -0.039493 -0.374494 -0.472231 -0.612347 -0.784755 -0.845547 -0.902380 -0.957795 -0.992359 
40.812614 6086414.000000 56 50 50 0.477786 0.354659 0.698050 0.987597 0.958759 0.886220 0.670664 0.607423 0.404124 0.095529 -0.006952 -0.245607 -0.368707 -0.454818 -0.628335 -0.717225 -0.828605 -0.904306 -0.964657 0.959545 0.923931 0.799831 0.629510 0.589516 0.298947 0.036894 -0.029799 -0.272471 -0.405442 -0.518219 -0.647023 -0.742175 -0.843146 -0.908925 -0.977924 
54.304638 35329404.000000 52 64 64 0.583182 0.612388 0.883988 0.975562 0.952121 0.900331 0.769312 0.710234 0.627026 0.220323 0.131650 0.000316 -0.134911 -0.303722 -0.589188 -0.677809 -0.748316 -0.824724 -0.955670 0.982956 0.955015 0.910331 0.756723 0.697505 0.630147 0.176837 0.085285 -0.019570 -0.160468 -0.331050 -0.565289 -0.683844 -0.751452 -0.874294 -0.977845 
52.804951 10337209.000000 64 70 70 0.858767 0.848361 0.918490 0.982368 0.947550 0.889898 0.826817 0.757825 0.651647 0.298348 0.183101 0.008116 -0.150661 -0.256138 -0.561723 -0.724192 -0.818522 -0.848586 -0.949069 0.980393 0.947114 0.887619 0.802979 0.732775 0.606072 0.245780 0.156911 -0.007601 -0.104282 -0.304595 -0.604297 -0.710560 -0.791264 -0.830668 -0.936794 
51.776985 3225839.750000 70 72 74 0.944419 0.986671 0.967926 0.982319 0.955717 0.909300 0.858419 0.793366 0.689534 0.356355 0.217483 0.027101 -0.158981 -0.215320 -0.565239 -0.741006 -0.829843 -0.871483 -0.976198 0.982504 0.952759 0.897206 0.845192 0.777793 0.679452 0.348819 0.211680 0.059453 -0.168990 -0.237784 -0.555156 -0.721427 -0.817141 -0.846563 -0.964264 
47.586323 524645.562500 74 76 76 0.966466 0.906621 0.863996 0.985208 0.969841 0.913180 0.864090 0.772115 0.676561 0.331844 0.181748 0.101436 -0.113906 -0.202169 -0.565163 -0.756285 -0.821736 -0.885335 -0.982196 0.983334 0.961625 0.917870 0.873577 0.790472 0.692375 0.372151 0.209496 0.084410 -0.140736 -0.212177 -0.586063 -0.764868 -0.825172 -0.884687 -0.984537 
44.865585 280020.500000 76 74 72 0.880472 0.896846 0.963336 0.988298 0.981086 0.923364 0.845982 0.758764 0.680697 0.341501 0.186638 0.143450 -0.068808 -0.196527 -0.487125 -0.672544 -0.795034 -0.887740 -0.979482 0.988019 0.975761 0.908970 0.840988 0.759800 0.651488 0.291041 0.191970 0.127779 -0.081109 -0.219219 -0.508515 -0.727668 -0.817425 -0.886238 -0.986155 
47.356087 199238.984375 72 74 72 0.967542 0.924901 0.943413 0.988502 0.982020 0.947813 0.838511 0.758423 0.698953 0.361969 0.190925 0.147405 -0.002086 -0.243583 -0.466725 -0.672370 -0.789441 -0.895086 -0.980212 0.988642 0.982102 0.930046 0.848824 0.758682 0.697197 0.429225 0.181734 0.153309 -0.026499 -0.199746 -0.478665 -0.671119 -0.788819 -0.897721 -0.976244 
47.050049 84983.976562 72 74 74 0.945393 0.959773 0.889820 0.988558 0.981978 0.959442 0.872407 0.786935 0.725548 0.437052 0.168189 0.112347 -0.113734 -0.338503 -0.501931 -0.683144 -0.797527 -0.920361 -0.978998 0.988854 0.982124 0.960177 0.852583 0.761447 0.704131 0.399824 0.181110 0.121182 -0.030658 -0.296062 -0.482346 -0.691220 -0.790309 -0.902241 -0.984987 
48.408455 441648.000000 74 74 76 0.897596 0.899660 0.892074 0.984901 0.972936 0.946111 0.869828 0.752378 0.718036 0.554982 0.126145 0.039464 -0.222283 -0.290693 -0.449321 -0.762650 -0.829483 -0.878691 -0.943782 0.987407 0.980372 0.953846 0.871824 0.791565 0.726115 0.479389 0.159425 0.094324 -0.181243 -0.360273 -0.507506 -0.712987 -0.853254 -0.908736 -0.969349 
50.063255 3633400.250000 76 76 78 0.955964 0.959691 0.830703 0.981970 0.966027 0.935641 0.771057 0.689590 0.651160 0.243488 0.166351 0.013886 -0.227194 -0.298088 -0.431424 -0.672962 -0.725670 -0.819283 -0.860241 0.981709 0.966809 0.935782 0.824487 0.709981 0.682961 0.364555 0.152795 0.031446 -0.219176 -0.278393 -0.444523 -0.716818 -0.783271 -0.837072 -0.891099 
40.585384 87381.328125 78 88 76 0.833053 0.593423 0.577464 0.991038 0.969213 0.925425 0.785505 0.687455 0.637938 0.272107 0.125565 -0.037700 -0.267829 -0.327575 -0.536855 -0.658272 -0.775589 -0.845121 -0.951980 0.985240 0.968590 0.941561 0.740938 0.682143 0.634220 0.236288 0.165344 0.013632 -0.246112 -0.309666 -0.433907 -0.661339 -0.731536 -0.822289 -0.863873 
28.225859 36452.960938 76 50 78 0.563572 0.523882 0.644527 0.984175 0.968313 0.913193 0.783942 0.695823 0.640249 0.338721 0.083332 -0.144376 -0.252107 -0.325061 -0.465262 -0.643093 -0.799559 -0.888478 -0.977369 0.985473 0.968517 0.915901 0.795445 0.696498 0.647696 0.336716 0.119814 -0.089441 -0.262771 -0.323204 -0.484629 -0.636903 -0.774374 -0.862680 -0.973348 
23.246023 18525.544922 78 74 74 0.637978 0.799619 0.458194 0.987344 0.970965 0.900829 0.754768 0.682463 0.607915 0.284516 0.079827 -0.131427 -0.243239 -0.311380 -0.483603 -0.708778 -0.807203 -0.911858 -0.977662 0.985784 0.965748 0.899328 0.780862 0.687746 0.627231 0.282748 0.027281 -0.154562 -0.239856 -0.310127 -0.427685 -0.655385 -0.782842 -0.891748 -0.968328 
19.199274 9451.901367 148 112 34 0.636718 0.403881 0.146226 0.983182 0.959863 0.866760 0.814914 0.748781 0.632433 0.374754 0.188776 -0.089217 -0.309375 -0.466118 -0.542266 -0.668860 -0.821949 -0.918433 -0.977279 0.984352 0.970581 0.912718 0.761552 0.683428 0.607319 0.313030 0.175573 -0.048613 -0.263655 -0.373180 -0.599955 -0.729676 -0.838321 -0.921320 -0.984652 
39.360321 287147.031250 42 148 148 0.712396 0.614872 0.643704 0.949511 0.916808 0.837705 0.820647 0.768396 0.705563 0.307110 0.030592 -0.104628 -0.369814 -0.442603 -0.521286 -0.594830 -0.626368 -0.792368 -0.985934 0.953253 0.893120 0.838756 0.813509 0.753209 0.680545 0.357924 0.081342 -0.119277 -0.395694 -0.449941 -0.528385 -0.597551 -0.661465 -0.864283 -0.973897 
41.346783 268462.656250 56 80 130 0.582925 0.637415 0.659824 0.958774 0.938310 0.839813 0.814410 0.790261 0.714389 0.288430 0.025705 -0.131094 -0.296754 -0.419546 -0.519283 -0.638433 -0.669488 -0.939288 -0.992758 0.956270 0.936910 0.845944 0.816685 0.787408 0.730764 0.289014 0.012994 -0.100023 -0.325810 -0.444782 -0.519003 -0.603250 -0.636713 -0.785104 -0.988854 
39.386169 545084.875000 40 64 130 0.351600 0.463968 0.630854 0.950314 0.921931 0.864792 0.820018 0.783591 0.670679 0.221741 0.072863 -0.149257 -0.318750 -0.378531 -0.513581 -0.663904 -0.745293 -0.972190 -0.987932 0.953642 0.931357 0.853828 0.811700 0.780020 0.682854 0.259452 0.034986 -0.141492 -0.327987 -0.387548 -0.535202 -0.673709 -0.715522 -0.964759 -0.989884 
38.087646 367484.656250 130 148 148 0.507500 0.724110 0.571383 0.944261 0.913394 0.854992 0.811590 0.756056 0.616521 0.154335 0.119593 -0.169250 -0.303781 -0.353447 -0.451089 -0.642576 -0.831688 -0.961888 -0.984998 0.944970 0.916490 0.866013 0.827893 0.762791 0.660404 0.175533 0.108887 -0.157305 -0.319027 -0.362704 -0.463186 -0.636639 -0.791975 -0.969913 -0.984922 
56.646027 6306123.500000 56 54 60 0.296355 0.836789 0.910462 0.977014 0.944380 0.916065 0.882917 0.816031 0.695175 0.360780 0.252039 0.027807 -0.166220 -0.281848 -0.399898 -0.467234 -0.703727 -0.890859 -0.973486 0.985764 0.950204 0.915249 0.881708 0.816087 0.703850 0.310632 0.145337 -0.032074 -0.261373 -0.335562 -0.421507 -0.578327 -0.799356 -0.939739 -0.983149 
61.623978 7926082.500000 58 62 64 0.917568 0.964866 0.978091 0.965378 0.949771 0.911972 0.849548 0.805182 0.684520 0.433610 0.316091 0.057625 -0.145059 -0.213418 -0.326087 -0.449790 -0.647648 -0.864249 -0.968883 0.967839 0.946995 0.918499 0.863415 0.801648 0.687629 0.382105 0.301151 0.060056 -0.150336 -0.244024 -0.365426 -0.461895 -0.579453 -0.863717 -0.970006 
59.319649 5881782.000000 64 64 64 0.978113 0.991236 0.973271 0.966766 0.948856 0.902289 0.842064 0.789406 0.682982 0.534776 0.390202 0.000698 -0.154116 -0.233770 -0.349842 -0.557462 -0.745597 -0.796713 -0.959841 0.966361 0.948695 0.901899 0.845287 0.797027 0.677141 0.489562 0.340902 -0.004506 -0.153331 -0.223342 -0.326706 -0.525960 -0.730914 -0.813381 -0.965277 
57.455753 3418640.500000 64 64 64 0.970447 0.954525 0.921466 0.967393 0.949966 0.914424 0.823054 0.769301 0.666442 0.586591 0.467522 0.037060 -0.167856 -0.233524 -0.364268 -0.684155 -0.760041 -0.793904 -0.950462 0.966902 0.949289 0.906651 0.832775 0.778494 0.668844 0.576129 0.444278 0.032584 -0.158931 -0.227820 -0.339764 -0.664235 -0.751173 -0.790842 -0.953391 
58.503662 5853362.000000 64 64 64 0.959480 0.984297 0.960138 0.969423 0.955957 0.925725 0.789841 0.713196 0.671941 0.604225 0.438669 0.019862 -0.147121 -0.220353 -0.492366 -0.683714 -0.753202 -0.793125 -0.930468 0.968411 0.953244 0.917727 0.809298 0.738694 0.664984 0.605775 0.452369 0.016555 -0.155993 -0.222971 -0.443192 -0.688535 -0.756841 -0.793405 -0.932807 
57.625824 4169454.500000 64 62 60 0.960029 0.957365 0.944086 0.980374 0.958253 0.937352 0.773196 0.686609 0.646419 0.575332 0.479686 0.030669 -0.110711 -0.181451 -0.520388 -0.670808 -0.748586 -0.797160 -0.924936 0.972420 0.957003 0.932835 0.773698 0.699271 0.657591 0.581803 0.474713 0.012342 -0.131409 -0.199255 -0.537044 -0.674015 -0.743286 -0.790393 -0.929253 
49.826031 611841.250000 60 62 66 0.943391 0.820441 0.480773 0.988284 0.972375 0.897995 0.801490 0.666333 0.596958 0.525178 0.393235 0.080171 -0.100870 -0.218837 -0.522724 -0.639731 -0.737811 -0.850307 -0.945260 0.987061 0.968616 0.932666 0.780792 0.676861 0.637585 0.552011 0.409746 0.025383 -0.100098 -0.183444 -0.496914 -0.621630 -0.725484 -0.797499 -0.931825 
36.965553 59997.765625 86 146 144 0.408238 0.519845 0.544275 0.964051 0.934360 0.903000 0.828046 0.707940 0.625624 0.567806 0.466620 0.151680 -0.088736 -0.190538 -0.450063 -0.655892 -0.788193 -0.887708 -0.978740 0.973832 0.933811 0.899148 0.820303 0.697520 0.592466 0.551181 0.395375 0.147852 -0.107355 -0.208393 -0.465646 -0.669109 -0.768474 -0.873619 -0.971128 
33.794754 69804.250000 80 110 62 0.541984 0.685998 0.609713 0.966988 0.944220 0.883673 0.791841 0.682097 0.625115 0.525722 0.427683 0.035652 -0.250759 -0.353718 -0.514922 -0.699860 -0.822700 -0.881115 -0.967630 0.964979 0.942899 0.898282 0.815508 0.694746 0.634360 0.560537 0.481534 0.153048 -0.110085 -0.243076 -0.463421 -0.646333 -0.805829 -0.894490 -0.976028 
29.714157 30268.689453 64 40 84 0.609486 0.335019 0.275223 0.965846 0.927687 0.859630 0.766294 0.686370 0.625009 0.562808 0.395369 0.032566 -0.201773 -0.337119 -0.504285 -0.697463 -0.827208 -0.895275 -0.968181 0.964282 0.935601 0.863036 0.790507 0.679864 0.613496 0.527251 0.403559 -0.011301 -0.286354 -0.368605 -0.535633 -0.702683 -0.821509 -0.887626 -0.957472 
29.764080 41401.859375 172 62 54 0.280827 0.733635 0.763110 0.992718 0.976220 0.882216 0.802952 0.691200 0.627127 0.520809 0.302691 -0.000425 -0.197394 -0.318812 -0.566792 -0.697215 -0.820538 -0.886531 -0.963706 0.970045 0.913566 0.857380 0.770093 0.690988 0.610460 0.560911 0.292331 -0.017538 -0.193862 -0.307059 -0.582840 -0.715468 -0.827342 -0.879682 -0.974904 
46.827030 195374.921875 64 68 70 0.523943 0.742835 0.943086 0.991651 0.981951 0.967686 0.867753 0.674430 0.619821 0.392418 0.175277 0.124362 -0.023445 -0.402745 -0.443843 -0.585764 -0.815661 -0.887919 -0.944398 0.993223 0.982649 0.967545 0.877812 0.704959 0.624868 0.512073 0.203787 0.117326 -0.080532 -0.398613 -0.487340 -0.688364 -0.818838 -0.895695 -0.956173 
48.290440 265768.718750 72 72 74 0.949738 0.961136 0.951275 0.990770 0.982307 0.965733 0.880892 0.703647 0.561051 0.265513 0.169671 0.109999 -0.046302 -0.427317 -0.462048 -0.622621 -0.823236 -0.878895 -0.921894 0.990666 0.981966 0.965628 0.868919 0.677033 0.564800 0.273344 0.172544 0.117133 -0.071007 -0.411947 -0.451910 -0.583920 -0.807455 -0.879845 -0.927790 
46.968342 139698.609375 74 76 76 0.955340 0.953999 0.948131 0.990842 0.982531 0.965644 0.899391 0.674732 0.597624 0.279392 0.179004 0.115356 -0.002121 -0.421928 -0.469664 -0.613426 -0.816347 -0.881021 -0.966972 0.990765 0.982573 0.966579 0.882634 0.710179 0.576823 0.254463 0.187656 0.133185 -0.024982 -0.430217 -0.466193 -0.625607 -0.836905 -0.878141 -0.944566 
45.879093 160713.296875 76 76 74 0.949435 0.902791 0.696645 0.992561 0.982773 0.965939 0.886348 0.672476 0.559983 0.241125 0.161492 0.088947 0.021509 -0.425047 -0.474403 -0.584533 -0.788892 -0.860145 -0.960096 0.992361 0.982861 0.965950 0.904022 0.665162 0.588117 0.277377 0.189705 0.125568 -0.008282 -0.419800 -0.476003 -0.573370 -0.789052 -0.881355 -0.964897 
46.734653 127563.109375 74 76 74 0.689917 0.928194 0.981895 0.992762 0.983394 0.970883 0.899930 0.680684 0.592818 0.235242 0.158354 0.091975 -0.021040 -0.443835 -0.486899 -0.586376 -0.804318 -0.871212 -0.952046 0.992719 0.982894 0.970090 0.906615 0.682712 0.567995 0.237953 0.149679 0.089772 -0.032521 -0.442337 -0.482108 -0.591290 -0.794352 -0.868217 -0.951324 
46.500874 45891.683594 74 74 74 0.979498 0.979509 0.930735 0.993050 0.984745 0.971794 0.936691 0.672896 0.626553 0.316520 0.165563 0.113577 -0.012026 -0.310277 -0.516147 -0.674572 -0.835435 -0.906364 -0.971056 0.992840 0.983960 0.970702 0.926818 0.670867 0.625379 0.264933 0.156398 0.097731 -0.002049 -0.376617 -0.478847 -0.587722 -0.826770 -0.886928 -0.965217 
43.099487 1935545.250000 74 76 74 0.934467 0.683973 0.717717 0.992360 0.982880 0.945621 0.771053 0.623451 0.253692 0.065375 -0.075996 -0.291033 -0.408517 -0.607782 -0.709169 -0.787018 -0.852145 -0.916725 -0.950304 0.993175 0.984715 0.970653 0.914672 0.687056 0.558362 0.198479 0.073444 -0.145586 -0.315064 -0.479661 -0.619730 -0.729346 -0.798520 -0.880245 -0.945103 
48.700298 2986311.000000 74 80 76 0.644400 0.468927 0.761808 0.991787 0.968074 0.855170 0.681933 0.474222 0.124750 -0.105127 -0.256020 -0.405341 -0.526227 -0.689156 -0.771733 -0.855965 -0.920950 -0.940983 -0.972108 0.991977 0.981824 0.921854 0.732640 0.519069 0.152581 -0.045822 -0.242604 -0.381265 -0.532750 -0.679709 -0.774200 -0.859208 -0.903630 -0.938945 -0.959907 
48.522720 3111967.500000 74 80 72 0.738566 0.834283 0.801945 0.992638 0.955800 0.821114 0.658720 0.446360 0.109692 -0.042422 -0.241435 -0.390306 -0.535660 -0.688223 -0.785016 -0.875864 -0.924121 -0.953256 -0.994667 0.994559 0.971243 0.843598 0.672541 0.464064 0.095490 -0.099970 -0.230505 -0.396761 -0.524473 -0.689961 -0.766964 -0.859808 -0.921587 -0.943410 -0.976977 
49.193138 2721684.500000 72 70 72 0.823273 0.491945 0.616607 0.987450 0.968298 0.797545 0.662180 0.396819 0.091914 -0.065307 -0.227860 -0.382582 -0.469975 -0.628779 -0.757408 -0.823240 -0.911285 -0.929107 -0.976910 0.988435 0.943063 0.784394 0.644598 0.383897 0.085476 -0.063364 -0.253853 -0.388571 -0.499430 -0.669923 -0.783547 -0.871346 -0.915608 -0.940717 -0.987709 
33.182720 216253.609375 72 62 62 0.531220 0.594303 0.339644 0.982111 0.963933 0.894577 0.712347 0.603666 0.288105 0.028023 -0.161047 -0.318181 -0.451827 -0.625565 -0.745012 -0.819524 -0.911002 -0.952672 -0.977493 0.987471 0.974347 0.885042 0.697028 0.526644 0.159181 -0.015526 -0.194891 -0.328939 -0.462366 -0.592665 -0.740306 -0.803372 -0.901510 -0.936070 -0.982375 
28.128569 80753.531250 90 110 132 0.541427 0.541315 0.404790 0.984191 0.957334 0.894701 0.743850 0.606522 0.374511 0.109397 -0.175067 -0.325152 -0.440207 -0.600010 -0.751815 -0.854384 -0.924645 -0.948422 -0.972144 0.984070 0.961013 0.900964 0.720853 0.626889 0.341039 0.064419 -0.162898 -0.323735 -0.438505 -0.625273 -0.747994 -0.844718 -0.924088 -0.952800 -0.983317 
24.692265 61763.339844 74 148 148 0.321015 0.389267 0.467488 0.990310 0.968905 0.923321 0.789111 0.597026 0.448067 0.147361 -0.185996 -0.339884 -0.406282 -0.595347 -0.703993 -0.809797 -0.905611 -0.943169 -0.978576 0.982381 0.957943 0.895320 0.733607 0.601301 0.399111 0.133538 -0.218655 -0.338983 -0.423936 -0.589208 -0.731840 -0.833985 -0.916074 -0.944194 -0.973819 
37.907349 157854.578125 70 80 72 0.422674 0.708008 0.595552 0.995364 0.988376 0.948220 0.875908 0.687174 0.514129 0.276488 0.084755 -0.174210 -0.333200 -0.530295 -0.671783 -0.838081 -0.919896 -0.949033 -0.973792 0.995993 0.987113 0.956253 0.845917 0.641856 0.461366 0.226087 -0.045328 -0.316511 -0.390121 -0.601693 -0.732787 -0.836495 -0.924023 -0.952935 -0.982176 
56.703266 15331714.000000 76 66 72 0.714212 0.765316 0.818555 0.969192 0.952632 0.915917 0.857590 0.797009 0.636662 0.264690 0.167028 -0.002135 -0.132094 -0.231487 -0.489314 -0.725146 -0.813904 -0.879705 -0.955218 0.979688 0.959129 0.929442 0.850104 0.766582 0.553298 0.239586 0.136569 -0.054541 -0.176494 -0.388540 -0.559812 -0.747170 -0.837536 -0.918642 -0.962273 
58.651470 16258852.000000 72 72 74 0.831431 0.963943 0.959407 0.967450 0.937683 0.905114 0.848983 0.782161 0.646256 0.284168 0.193944 0.040328 -0.150736 -0.226841 -0.361765 -0.668549 -0.776071 -0.841499 -0.924089 0.967649 0.941717 0.908243 0.854259 0.797342 0.623298 0.266066 0.179565 0.009247 -0.135198 -0.212578 -0.402675 -0.717676 -0.792913 -0.856919 -0.936283 
57.705742 19562994.000000 74 74 74 0.976129 0.989063 0.968333 0.964951 0.936419 0.893539 0.823419 0.756641 0.662513 0.317177 0.215974 0.051769 -0.158846 -0.238422 -0.371747 -0.648879 -0.775125 -0.860308 -0.913340 0.964299 0.935837 0.898477 0.835275 0.765274 0.661379 0.302684 0.201271 0.044707 -0.158755 -0.234542 -0.349562 -0.632161 -0.783681 -0.853114 -0.919794 
56.674885 22945870.000000 74 74 74 0.959014 0.947417 0.976820 0.969086 0.935449 0.892324 0.798614 0.721085 0.654141 0.324693 0.236181 0.061097 -0.129100 -0.245424 -0.352913 -0.648122 -0.773857 -0.844323 -0.880283 0.967794 0.936485 0.891965 0.813631 0.744342 0.661063 0.332557 0.232694 0.059984 -0.142739 -0.235098 -0.372150 -0.621511 -0.779131 -0.837092 -0.887025 
55.916992 28495126.000000 74 74 74 0.977935 0.966975 0.965228 0.974188 0.941171 0.902682 0.756619 0.657767 0.614195 0.335940 0.218224 0.084534 -0.131425 -0.263241 -0.358929 -0.625036 -0.769029 -0.835077 -0.875522 0.970567 0.936741 0.893578 0.777411 0.686723 0.635019 0.330697 0.229065 0.073040 -0.129749 -0.251552 -0.356661 -0.665071 -0.774687 -0.838374 -0.880099 
53.245396 15028376.000000 74 74 74 0.977138 0.972476 0.967296 0.979957 0.956356 0.919382 0.748839 0.578792 0.506228 0.322837 0.227304 0.076242 -0.144093 -0.291709 -0.379176 -0.559009 -0.698810 -0.808678 -0.854401 0.977570 0.948640 0.911574 0.744764 0.620552 0.570571 0.323296 0.220562 0.095576 -0.134475 -0.273597 -0.365150 -0.579470 -0.733410 -0.824529 -0.862632 
51.610714 10633051.000000 74 74 74 0.969165 0.954490 0.941917 0.983261 0.965091 0.918440 0.786080 0.570031 0.400684 0.294689 0.203443 0.084397 -0.161677 -0.331713 -0.411744 -0.535531 -0.689022 -0.793888 -0.862149 0.981850 0.961659 0.921196 0.770046 0.554385 0.450858 0.317664 0.221452 0.073564 -0.144446 -0.310743 -0.399013 -0.546090 -0.690901 -0.791227 -0.856667 
51.267109 10580478.000000 74 74 74 0.944205 0.967914 0.985856 0.983968 0.967827 0.922366 0.787985 0.578072 0.353250 0.282172 0.180843 0.077968 -0.171068 -0.351392 -0.452751 -0.567358 -0.664169 -0.787887 -0.833780 0.983524 0.966725 0.917290 0.795306 0.586322 0.361285 0.282815 0.185812 0.077657 -0.173694 -0.355141 -0.435863 -0.554989 -0.691050 -0.792560 -0.854908 
53.017460 13039110.000000 74 74 72 0.985427 0.944153 0.973363 0.985699 0.970551 0.931463 0.813444 0.500250 0.352933 0.260358 0.182465 0.075451 -0.138094 -0.367316 -0.438465 -0.583098 -0.685690 -0.812713 -0.853203 0.984984 0.968805 0.927867 0.793499 0.503529 0.344778 0.269511 0.177959 0.058442 -0.169816 -0.365140 -0.456520 -0.578156 -0.685271 -0.806340 -0.845915 
54.242584 16540077.000000 72 70 70 0.971735 0.976935 0.973617 0.984469 0.970646 0.929972 0.819707 0.515059 0.401825 0.273622 0.179240 0.071693 -0.148835 -0.380685 -0.435849 -0.551092 -0.708190 -0.831311 -0.862926 0.984890 0.970159 0.929250 0.834064 0.519822 0.379518 0.259341 0.159951 0.087173 -0.100104 -0.351925 -0.443672 -0.566737 -0.690380 -0.821523 -0.860224 
52.810745 4196485.000000 70 68 70 0.974093 0.954318 0.869145 0.987966 0.973643 0.940023 0.810643 0.608035 0.526984 0.318208 0.184085 0.112042 -0.095637 -0.396252 -0.466490 -0.569298 -0.721909 -0.816794 -0.872548 0.985440 0.971833 0.929328 0.784536 0.556503 0.454831 0.276138 0.181678 0.088774 -0.145439 -0.401084 -0.455660 -0.567286 -0.700895 -0.794641 -0.847458 
50.901051 636055.312500 68 68 64 0.839294 0.868682 0.731175 0.989451 0.979871 0.956205 0.849452 0.672272 0.589086 0.387011 0.268932 0.157126 -0.002827 -0.362044 -0.449107 -0.599451 -0.739033 -0.827909 -0.952453 0.990483 0.979674 0.951974 0.836526 0.667620 0.595895 0.373833 0.239217 0.145670 -0.074058 -0.391042 -0.452817 -0.620935 -0.766639 -0.844639 -0.953455 
54.690041 45865992.000000 64 60 60 0.767435 0.947203 0.953282 0.979837 0.968928 0.918218 0.713135 0.565524 0.486425 0.259756 0.138310 0.062330 -0.234295 -0.409491 -0.486261 -0.587840 -0.690288 -0.788062 -0.859728 0.986276 0.975811 0.938992 0.729778 0.597602 0.508752 0.315832 0.168018 0.075967 -0.222902 -0.423028 -0.542615 -0.639258 -0.721111 -0.825707 -0.919912 
58.148727 83515304.000000 60 58 56 0.971508 0.979279 0.980376 0.975933 0.956229 0.922115 0.740135 0.571153 0.503735 0.241195 0.146030 0.041711 -0.170531 -0.385414 -0.455180 -0.600853 -0.706311 -0.809842 -0.840481 0.977426 0.961782 0.920417 0.744363 0.567895 0.501347 0.260975 0.140075 0.057254 -0.152653 -0.395162 -0.465415 -0.582768 -0.677560 -0.792842 -0.822606 
57.963844 92193936.000000 56 54 52 0.946251 0.967894 0.966366 0.979152 0.946450 0.909462 0.752401 0.595024 0.519029 0.273299 0.165601 0.039922 -0.190880 -0.365284 -0.440088 -0.613526 -0.721460 -0.824769 -0.855116 0.975519 0.951339 0.916515 0.737671 0.571907 0.510107 0.265689 0.155844 0.046295 -0.173240 -0.384504 -0.447128 -0.606279 -0.722102 -0.805941 -0.835100 
54.820938 11719731.000000 52 50 50 0.962541 0.944581 0.919391 0.989468 0.965561 0.901042 0.850885 0.615517 0.551415 0.362552 0.185062 0.101921 -0.111475 -0.354742 -0.423820 -0.623418 -0.764501 -0.836259 -0.870468 0.986358 0.947985 0.903598 0.814099 0.610044 0.558282 0.310929 0.166547 0.074403 -0.148781 -0.355150 -0.427387 -0.598489 -0.718329 -0.823074 -0.854580 
45.913269 2925634.250000 50 52 54 0.938634 0.808497 0.517338 0.986848 0.961613 0.893806 0.767741 0.597037 0.504698 0.315293 0.176550 -0.011287 -0.236562 -0.344979 -0.472084 -0.662431 -0.782950 -0.873971 -0.927753 0.991207 0.977306 0.906366 0.829487 0.619646 0.528765 0.405731 0.208074 0.074617 -0.140761 -0.332893 -0.410612 -0.592151 -0.767993 -0.835943 -0.887700 
39.378021 7062248.000000 52 56 52 0.576945 0.465789 0.409412 0.967143 0.921451 0.862139 0.701184 0.552610 0.432922 0.183198 0.054396 -0.130484 -0.330003 -0.440017 -0.602805 -0.752450 -0.853573 -0.900071 -0.965578 0.975472 0.952590 0.889438 0.750871 0.549919 0.459062 0.266052 0.146337 -0.108540 -0.288736 -0.391367 -0.558586 -0.707661 -0.825029 -0.891711 -0.954720 
42.626183 13392248.000000 62 56 54 0.501003 0.403336 0.658432 0.960716 0.922933 0.806415 0.653383 0.571631 0.331674 0.167940 -0.021353 -0.223224 -0.352906 -0.470387 -0.610838 -0.795489 -0.875943 -0.912808 -0.976622 0.966395 0.924617 0.830598 0.669684 0.557070 0.359557 0.136133 -0.012720 -0.200040 -0.362873 -0.474001 -0.610976 -0.755154 -0.859912 -0.914887 -0.974225 
39.194313 5373414.500000 146 148 54 0.503434 0.568443 0.378245 0.952493 0.921925 0.767794 0.680460 0.591538 0.317088 0.153522 0.035574 -0.143759 -0.332315 -0.458086 -0.640357 -0.778870 -0.867553 -0.910228 -0.972078 0.958308 0.911704 0.776643 0.664475 0.588509 0.347588 0.161673 0.023803 -0.200805 -0.346653 -0.454003 -0.629874 -0.790424 -0.878258 -0.911036 -0.978043 
31.951599 612968.875000 52 36 46 0.404184 0.603764 0.617907 0.977134 0.927843 0.859410 0.656371 0.530816 0.438987 0.207446 0.084551 -0.145463 -0.313365 -0.439246 -0.634410 -0.745635 -0.840606 -0.920382 -0.980694 0.955982 0.926163 0.794377 0.676282 0.563375 0.313001 0.158639 0.027896 -0.163764 -0.327543 -0.455979 -0.626219 -0.759973 -0.858444 -0.912387 -0.981426 
24.724226 143175.968750 52 52 52 0.744671 0.610020 0.602500 0.982953 0.936116 0.870766 0.688375 0.568038 0.476642 0.291131 0.101755 -0.138247 -0.311476 -0.406712 -0.562331 -0.729116 -0.818503 -0.896467 -0.971391 0.984505 0.941085 0.852579 0.665525 0.554500 0.473778 0.287279 0.122033 -0.105528 -0.312822 -0.422209 -0.631877 -0.735392 -0.830482 -0.921876 -0.979831 
21.937584 47556.097656 52 146 148 0.423002 0.455675 0.504635 0.973140 0.943027 0.886200 0.728424 0.556065 0.481396 0.304666 0.109774 -0.182143 -0.307628 -0.371399 -0.484738 -0.677830 -0.810672 -0.889227 -0.959165 0.971210 0.942410 0.875322 0.676973 0.555650 0.470436 0.252743 0.046584 -0.182333 -0.316644 -0.387675 -0.519094 -0.715307 -0.812454 -0.878310 -0.974845 
18.249886 16920.001953 50 88 46 0.550858 0.513083 0.479017 0.981335 0.959052 0.899109 0.802079 0.555203 0.485646 0.294030 0.169390 -0.061011 -0.291434 -0.429447 -0.559203 -0.696446 -0.826596 -0.896849 -0.979726 0.980298 0.951812 0.892535 0.780905 0.553361 0.472628 0.310100 0.147353 -0.067993 -0.289532 -0.405494 -0.548760 -0.707797 -0.820096 -0.901254 -0.968067 
18.945030 29775.121094 44 114 204 0.607313 0.616216 0.413575 0.978977 0.956287 0.818186 0.701865 0.645053 0.511214 0.348449 0.164462 -0.039645 -0.165120 -0.290098 -0.560837 -0.711514 -0.790391 -0.900143 -0.960016 0.982122 0.965409 0.910930 0.810215 0.585257 0.475477 0.299671 0.178228 -0.057477 -0.283574 -0.396723 -0.549963 -0.692649 -0.810464 -0.916524 -0.973603 
50.269073 5636002.000000 96 230 50 0.352600 0.399788 0.547549 0.987693 0.981992 0.945247 0.738484 0.608167 0.360248 0.267335 0.153427 0.079233 -0.145056 -0.350390 -0.400452 -0.601486 -0.731879 -0.784568 -0.939692 0.987978 0.973241 0.744507 0.699083 0.624246 0.506665 0.322326 0.153143 -0.062263 -0.160558 -0.300373 -0.486041 -0.729758 -0.760976 -0.910921 -0.942216 
53.473473 7495510.500000 46 52 54 0.634345 0.958623 0.901521 0.990531 0.974236 0.965954 0.789642 0.364150 0.310687 0.170568 0.063585 -0.012662 -0.236758 -0.385948 -0.445186 -0.577465 -0.698030 -0.776412 -0.953110 0.988979 0.975069 0.963892 0.771396 0.390939 0.309826 0.248116 0.098354 0.011322 -0.205027 -0.366889 -0.442632 -0.523869 -0.721221 -0.764237 -0.923852 
53.543888 9206135.000000 54 56 56 0.899325 0.984145 0.976252 0.989310 0.975598 0.967200 0.785284 0.380685 0.288583 0.208793 0.028851 -0.096205 -0.202451 -0.397514 -0.469581 -0.550810 -0.664167 -0.782719 -0.969678 0.990863 0.975734 0.966332 0.814636 0.360599 0.304035 0.196104 0.043683 -0.087805 -0.212468 -0.394283 -0.467593 -0.557132 -0.663017 -0.776061 -0.972548 
54.343613 10090899.000000 56 58 58 0.973029 0.991260 0.933406 0.986969 0.975933 0.967840 0.773235 0.342546 0.297507 0.192325 0.019111 -0.094332 -0.224562 -0.408772 -0.470590 -0.559928 -0.682420 -0.764477 -0.964635 0.987969 0.975476 0.967726 0.798547 0.356772 0.281952 0.202029 0.018715 -0.100445 -0.211659 -0.403031 -0.476702 -0.557575 -0.672795 -0.782008 -0.966148 
57.616890 23162046.000000 58 58 60 0.966797 0.937348 0.944384 0.981962 0.975596 0.960919 0.773222 0.383149 0.323315 0.204340 0.087154 -0.025022 -0.200770 -0.383984 -0.450050 -0.548428 -0.683005 -0.777139 -0.966887 0.983031 0.975654 0.966222 0.792503 0.356069 0.307963 0.181127 0.046503 -0.071634 -0.234042 -0.392658 -0.476227 -0.561014 -0.693494 -0.778471 -0.966020 
57.339645 27102154.000000 60 62 62 0.946864 0.964601 0.926114 0.978914 0.964650 0.939095 0.773096 0.574684 0.444438 0.244682 0.158301 0.003544 -0.200557 -0.354894 -0.440712 -0.578285 -0.719006 -0.768936 -0.921597 0.980917 0.973431 0.944781 0.771366 0.475343 0.348301 0.229221 0.117362 -0.000704 -0.207641 -0.356466 -0.457445 -0.558733 -0.722477 -0.767781 -0.956690 
58.232349 46254460.000000 62 62 64 0.877323 0.930603 0.946209 0.968339 0.954390 0.918693 0.742209 0.636361 0.594587 0.288348 0.188304 -0.007831 -0.195593 -0.326900 -0.393450 -0.619504 -0.740307 -0.816329 -0.848596 0.972958 0.956531 0.934708 0.750534 0.615785 0.559467 0.291371 0.190288 -0.027771 -0.198664 -0.339993 -0.418119 -0.623214 -0.730360 -0.802872 -0.858823 
57.883011 54273012.000000 64 64 66 0.970006 0.931797 0.982905 0.969628 0.941257 0.887946 0.773460 0.692455 0.614801 0.232989 0.155203 0.026078 -0.161460 -0.267978 -0.353397 -0.649792 -0.746366 -0.819158 -0.854665 0.968844 0.950555 0.898466 0.756972 0.662554 0.614196 0.254011 0.181488 0.005215 -0.172221 -0.298161 -0.382427 -0.628747 -0.740872 -0.823815 -0.855375 
57.587471 38059244.000000 66 66 68 0.981873 0.965711 0.963969 0.966619 0.927429 0.888103 0.801207 0.715100 0.632351 0.246270 0.167779 0.034591 -0.127435 -0.265001 -0.362261 -0.633936 -0.749612 -0.812286 -0.851644 0.968960 0.931770 0.887082 0.790583 0.708952 0.621902 0.223962 0.152010 0.029574 -0.165730 -0.267768 -0.376475 -0.646627 -0.755024 -0.816303 -0.862028 
56.970058 35759352.000000 68 68 68 0.963174 0.755895 0.943630 0.969897 0.924669 0.881518 0.774909 0.718894 0.620589 0.289848 0.212562 0.078665 -0.138063 -0.263677 -0.363132 -0.618655 -0.745440 -0.831484 -0.862953 0.968323 0.924904 0.888728 0.791071 0.715986 0.621197 0.265207 0.198777 0.019607 -0.133786 -0.264393 -0.370352 -0.637783 -0.754771 -0.817093 -0.856925 
58.347275 62766444.000000 68 68 66 0.940375 0.961235 0.926657 0.964319 0.925188 0.879477 0.766231 0.702466 0.615198 0.286088 0.210153 0.056535 -0.136373 -0.269942 -0.387365 -0.638820 -0.758735 -0.834093 -0.867569 0.966170 0.926844 0.881525 0.772101 0.714658 0.624305 0.292291 0.217462 0.052139 -0.142092 -0.256046 -0.371432 -0.638410 -0.753214 -0.836059 -0.863789 
57.469517 43359152.000000 66 66 66 0.930218 0.832525 0.747379 0.970535 0.929695 0.888079 0.773400 0.670604 0.625386 0.293831 0.163835 0.065476 -0.149538 -0.284874 -0.359990 -0.614498 -0.767885 -0.848517 -0.882692 0.968603 0.922254 0.887363 0.767171 0.671883 0.623360 0.274213 0.200664 0.060167 -0.138918 -0.288058 -0.390764 -0.623368 -0.748014 -0.847097 -0.873517 
58.304649 99371784.000000 66 66 66 0.769139 0.969878 0.965383 0.969218 0.935803 0.883405 0.753124 0.628733 0.571285 0.280488 0.177473 0.051155 -0.156387 -0.285065 -0.370207 -0.620373 -0.752445 -0.832608 -0.863722 0.967571 0.932289 0.882807 0.763328 0.650149 0.594987 0.287850 0.172206 0.057182 -0.150847 -0.272716 -0.369785 -0.626329 -0.754234 -0.838410 -0.871577 
58.637142 56638848.000000 66 66 66 0.969357 0.962029 0.963729 0.970517 0.958064 0.917828 0.733844 0.570913 0.492926 0.263728 0.202900 0.031822 -0.141134 -0.275492 -0.354592 -0.642229 -0.738538 -0.826993 -0.858549 0.969805 0.947022 0.891086 0.743925 0.596340 0.532585 0.269451 0.186618 0.041578 -0.150593 -0.272537 -0.359954 -0.655911 -0.758912 -0.829276 -0.863631 
57.374836 25600402.000000 66 66 66 0.977786 0.938068 0.871595 0.977991 0.965194 0.936790 0.767332 0.547011 0.404116 0.289583 0.188502 0.037179 -0.160188 -0.337944 -0.435910 -0.657635 -0.764598 -0.859123 -0.891047 0.972821 0.961344 0.933440 0.745059 0.538836 0.428447 0.267933 0.204911 0.022440 -0.145830 -0.307308 -0.387955 -0.632836 -0.736122 -0.835440 -0.873066 
48.419899 1841167.125000 66 66 66 0.855415 0.900164 0.642019 0.985845 0.964262 0.898540 0.804949 0.666577 0.466641 0.342639 0.243262 0.106672 -0.153186 -0.343446 -0.426355 -0.702138 -0.799392 -0.863759 -0.882462 0.981996 0.969062 0.913357 0.776628 0.589051 0.415491 0.324057 0.216474 0.060005 -0.161419 -0.338015 -0.412755 -0.645584 -0.789812 -0.861246 -0.880503 
36.041023 394394.218750 66 66 66 0.526861 0.601650 0.734178 0.971450 0.947693 0.890675 0.769227 0.646104 0.478277 0.339337 0.243566 0.132275 -0.125295 -0.303129 -0.428941 -0.664082 -0.772357 -0.838515 -0.900745 0.973567 0.945656 0.889681 0.776070 0.680848 0.448908 0.330370 0.258742 0.109257 -0.127254 -0.326089 -0.455961 -0.693106 -0.779933 -0.852056 -0.899156 
33.218128 178706.546875 66 68 66 0.727835 0.485188 0.598401 0.976741 0.929235 0.862898 0.761747 0.636783 0.431769 0.373157 0.265367 0.149757 -0.137687 -0.245112 -0.366401 -0.550189 -0.814357 -0.855425 -0.952445 0.975232 0.944295 0.883559 0.768454 0.647944 0.478002 0.359499 0.246219 0.163817 -0.121096 -0.262196 -0.404539 -0.627370 -0.805398 -0.844446 -0.913520 
30.100155 214208.468750 66 60 50 0.585479 0.554097 0.446607 0.967016 0.931320 0.839227 0.784126 0.653765 0.443403 0.341166 0.260696 0.114720 -0.136404 -0.319577 -0.515536 -0.782727 -0.859891 -0.910147 -0.932391 0.979835 0.939483 0.836107 0.753413 0.630080 0.448006 0.353798 0.245296 0.155498 -0.075384 -0.272714 -0.345195 -0.585254 -0.822958 -0.876367 -0.949300 
33.746346 268343.281250 132 64 82 0.389015 0.394276 0.316487 0.964502 0.929757 0.830933 0.787747 0.701443 0.489925 0.356786 0.261367 -0.041789 -0.222961 -0.512854 -0.670604 -0.842252 -0.884213 -0.906365 -0.939422 0.961026 0.940250 0.833980 0.794865 0.716975 0.516189 0.353256 0.268568 0.064574 -0.163604 -0.477848 -0.650111 -0.831466 -0.874053 -0.909688 -0.928869 
32.282951 897026.062500 80 22 22 0.381100 0.478823 0.538009 0.961893 0.915029 0.822322 0.772847 0.655512 0.473059 0.296467 0.125260 -0.249835 -0.422525 -0.469510 -0.645350 -0.824618 -0.900849 -0.928734 -0.980689 0.963294 0.889660 0.827028 0.780309 0.649976 0.453970 0.331547 0.144653 -0.168763 -0.378891 -0.481537 -0.671683 -0.825151 -0.891027 -0.908952 -0.963884 
29.793596 295577.281250 22 44 118 0.657814 0.571043 0.426838 0.971546 0.938819 0.814857 0.754366 0.649367 0.413658 0.301712 0.098605 -0.174003 -0.405596 -0.455397 -0.695497 -0.843859 -0.902004 -0.933735 -0.985490 0.963591 0.937097 0.817068 0.765197 0.642577 0.432034 0.334690 0.111419 -0.248979 -0.426779 -0.466075 -0.652469 -0.815087 -0.910134 -0.946658 -0.988172 
25.058407 157533.718750 206 132 56 0.489531 0.469534 0.652742 0.973799 0.923385 0.825660 0.736819 0.618651 0.425696 0.275260 0.094396 -0.215132 -0.405221 -0.550607 -0.731913 -0.804229 -0.885745 -0.906824 -0.974214 0.970665 0.939360 0.803513 0.743125 0.613525 0.413874 0.261102 0.083448 -0.179495 -0.409221 -0.486407 -0.718125 -0.819422 -0.888065 -0.918177 -0.974087 
39.320335 319985.281250 76 58 58 0.318315 0.649076 0.744130 0.991209 0.979560 0.951251 0.853738 0.775465 0.557201 0.230978 0.011595 -0.097558 -0.256613 -0.400492 -0.639869 -0.720502 -0.832693 -0.898976 -0.972010 0.991066 0.957994 0.852483 0.772043 0.643175 0.464845 0.323252 0.132975 -0.139972 -0.343736 -0.526444 -0.683480 -0.769381 -0.872503 -0.908456 -0.976983 
54.048580 8989017.000000 62 64 66 0.724045 0.895360 0.966504 0.978517 0.963231 0.933254 0.851232 0.809712 0.582520 0.108333 -0.000001 -0.097707 -0.234674 -0.306051 -0.483018 -0.651650 -0.742680 -0.803079 -0.901330 0.983707 0.972582 0.935654 0.852906 0.805809 0.503769 0.056355 -0.017520 -0.151921 -0.279723 -0.348127 -0.581214 -0.689243 -0.767609 -0.843972 -0.951800 
58.331913 7822693.500000 66 66 64 0.978234 0.985561 0.988636 0.971818 0.959632 0.936535 0.858262 0.794947 0.700239 0.197480 0.082782 -0.070641 -0.199552 -0.283201 -0.584349 -0.681444 -0.743971 -0.784519 -0.861550 0.974461 0.960559 0.935653 0.855876 0.799025 0.655910 0.145255 0.056919 -0.065035 -0.208799 -0.285809 -0.507250 -0.682419 -0.740682 -0.800968 -0.857021 
59.793701 7369091.500000 64 64 62 0.983938 0.927539 0.971058 0.969745 0.957064 0.935722 0.849647 0.794899 0.692842 0.309012 0.203632 -0.032677 -0.177588 -0.279626 -0.574308 -0.655878 -0.721569 -0.758533 -0.910589 0.970692 0.958298 0.936728 0.854080 0.791289 0.688199 0.275763 0.154853 -0.048941 -0.167509 -0.306706 -0.576960 -0.670200 -0.734544 -0.780396 -0.870185 
59.006355 4462464.500000 62 60 58 0.977030 0.972304 0.969199 0.971292 0.954465 0.932308 0.836079 0.787458 0.702998 0.565051 0.393400 -0.003139 -0.173330 -0.254156 -0.610068 -0.695352 -0.752868 -0.795883 -0.929392 0.969993 0.955914 0.934876 0.846493 0.793022 0.708337 0.437604 0.240657 -0.003953 -0.177725 -0.268300 -0.592259 -0.676770 -0.737429 -0.772019 -0.926111 
57.521091 4272168.000000 58 56 52 0.956538 0.979735 0.886137 0.971900 0.948018 0.924887 0.816893 0.763767 0.666012 0.587513 0.496034 -0.043314 -0.191012 -0.276411 -0.600582 -0.696982 -0.754186 -0.788349 -0.928872 0.972171 0.952710 0.929692 0.820065 0.778106 0.684142 0.580932 0.495558 -0.017894 -0.149498 -0.228192 -0.583341 -0.701799 -0.766537 -0.797047 -0.930524 
56.642441 6235801.500000 52 50 48 0.896790 0.970870 0.960605 0.979778 0.956175 0.918845 0.809459 0.728640 0.676772 0.611995 0.517067 -0.076840 -0.252225 -0.383238 -0.616280 -0.686879 -0.757922 -0.792049 -0.884460 0.978246 0.950536 0.917749 0.812672 0.747452 0.673098 0.599946 0.470819 -0.105440 -0.214226 -0.299006 -0.544413 -0.674487 -0.743734 -0.786763 -0.880191 
54.901062 3069254.000000 48 46 46 0.966904 0.952788 0.947416 0.984438 0.965406 0.920426 0.800717 0.711219 0.671243 0.609522 0.503845 -0.074483 -0.265621 -0.357507 -0.594936 -0.695885 -0.770784 -0.792731 -0.882915 0.981145 0.960437 0.920545 0.793124 0.718350 0.673210 0.614290 0.495847 -0.098842 -0.249295 -0.353569 -0.586939 -0.711883 -0.760963 -0.789520 -0.861498 
49.274292 308114.843750 46 46 48 0.927032 0.957101 0.500017 0.987319 0.973024 0.928440 0.808196 0.730090 0.680899 0.601795 0.511570 0.087567 -0.262008 -0.418884 -0.627027 -0.696247 -0.757164 -0.801715 -0.936781 0.985911 0.969281 0.928297 0.814915 0.715426 0.670752 0.608881 0.517912 0.087780 -0.270583 -0.379660 -0.632085 -0.684273 -0.771165 -0.801946 -0.915839 
37.002766 71300.195312 46 204 44 0.707934 0.476969 0.269530 0.980142 0.950868 0.916653 0.823188 0.753639 0.664865 0.579987 0.476355 0.048209 -0.157035 -0.422744 -0.626333 -0.724041 -0.756213 -0.858990 -0.976325 0.985530 0.960155 0.916598 0.807068 0.737366 0.669776 0.588824 0.455125 0.004059 -0.221067 -0.463429 -0.632600 -0.708586 -0.756937 -0.824829 -0.966156 
33.702335 32106.025391 130 46 120 0.342981 0.453277 0.481105 0.980112 0.958059 0.902183 0.805557 0.739042 0.669680 0.614659 0.461240 0.103072 -0.190689 -0.320514 -0.548131 -0.713191 -0.781346 -0.901845 -0.975108 0.976573 0.952627 0.898493 0.804374 0.760159 0.670821 0.599787 0.468908 0.087730 -0.194063 -0.354281 -0.586638 -0.723736 -0.762069 -0.873757 -0.974790 
29.251438 18043.207031 46 40 42 0.621733 0.420639 0.542784 0.975136 0.950269 0.884573 0.789794 0.746894 0.655220 0.586238 0.342290 0.032453 -0.218818 -0.348722 -0.529472 -0.699681 -0.817702 -0.912245 -0.980096 0.980191 0.954814 0.900342 0.803689 0.724879 0.656174 0.609934 0.391714 0.075238 -0.216730 -0.325974 -0.537307 -0.704115 -0.804394 -0.908730 -0.986240 
25.962227 12250.944336 148 108 206 0.672560 0.519399 0.336759 0.981390 0.944671 0.865155 0.776213 0.712346 0.673182 0.571712 0.251155 0.043537 -0.179086 -0.335894 -0.596215 -0.717778 -0.783424 -0.932848 -0.983404 0.975669 0.950471 0.873656 0.778047 0.727957 0.673705 0.582487 0.301175 0.056889 -0.172050 -0.358527 -0.561633 -0.699757 -0.792036 -0.912698 -0.976878 
22.937614 8924.802734 86 100 98 0.333726 0.321132 0.510008 0.976643 0.954360 0.855339 0.775600 0.743125 0.662207 0.485996 0.194372 -0.022560 -0.261669 -0.421105 -0.579953 -0.664368 -0.805735 -0.943232 -0.972577 0.978513 0.949093 0.833934 0.769101 0.726929 0.665153 0.548692 0.237923 0.022127 -0.194455 -0.327138 -0.605517 -0.721591 -0.816173 -0.951502 -0.980755 
37.939411 902978.750000 56 150 58 0.319357 0.583337 0.769767 0.956344 0.931624 0.803736 0.775825 0.722365 0.665458 0.313745 0.017427 -0.088252 -0.334164 -0.480939 -0.586657 -0.658006 -0.735837 -0.863788 -0.922420 0.968604 0.934716 0.832954 0.786188 0.737452 0.669729 0.432032 0.104493 -0.081456 -0.336134 -0.465271 -0.540631 -0.644147 -0.717022 -0.876260 -0.955627 
44.795361 794335.250000 58 66 46 0.616153 0.661491 0.487744 0.963150 0.952259 0.800574 0.768614 0.726107 0.647267 0.201679 0.060396 -0.135451 -0.310144 -0.449671 -0.625362 -0.681396 -0.759293 -0.839473 -0.953641 0.962340 0.951433 0.801757 0.774812 0.721524 0.680383 0.271244 0.020882 -0.072469 -0.332799 -0.464072 -0.603852 -0.654922 -0.748003 -0.867545 -0.926344 
33.567635 181772.000000 44 46 44 0.496881 0.493642 0.535907 0.969383 0.943717 0.794741 0.767394 0.720484 0.599542 0.176851 0.052080 -0.163570 -0.304200 -0.394147 -0.610200 -0.701931 -0.740463 -0.818662 -0.967481 0.963327 0.942394 0.790797 0.764790 0.705539 0.610315 0.151690 0.065509 -0.174952 -0.314715 -0.420795 -0.653162 -0.711294 -0.757065 -0.827149 -0.968650 
23.729725 21738.462891 130 58 108 0.515030 0.492528 0.565229 0.984679 0.952454 0.810717 0.767065 0.715011 0.644913 0.384056 0.102862 -0.118343 -0.316640 -0.445907 -0.604332 -0.680946 -0.750302 -0.872647 -0.973448 0.980492 0.945726 0.804134 0.760087 0.714060 0.637400 0.274704 0.068374 -0.117487 -0.306112 -0.372320 -0.575861 -0.696352 -0.739066 -0.831456 -0.974972 
21.319080 8452.506836 108 94 26 0.562648 0.356834 0.331089 0.977569 0.954375 0.838331 0.775167 0.747328 0.662238 0.401525 0.172508 -0.066787 -0.257221 -0.428953 -0.585023 -0.671167 -0.818615 -0.919917 -0.975997 0.981721 0.957173 0.839214 0.777555 0.735099 0.649113 0.434783 0.157672 -0.065810 -0.299333 -0.461676 -0.602329 -0.671881 -0.797136 -0.903704 -0.971565 
21.324919 11966.786133 52 46 46 0.335424 0.344637 0.696730 0.981228 0.953175 0.814714 0.770299 0.735214 0.630273 0.369968 0.153100 -0.029773 -0.234147 -0.359628 -0.521349 -0.683983 -0.840855 -0.902419 -0.979147 0.973127 0.952556 0.823320 0.764304 0.736226 0.655794 0.360927 0.156219 -0.035195 -0.187799 -0.400334 -0.566150 -0.678981 -0.822108 -0.914802 -0.976548 
18.957045 11226.438477 62 132 62 0.586810 0.408739 0.365258 0.985291 0.958461 0.838034 0.751696 0.680714 0.590806 0.324371 0.062425 -0.053093 -0.228456 -0.336978 -0.445950 -0.627180 -0.803943 -0.895293 -0.975738 0.987117 0.961447 0.830798 0.767076 0.726002 0.598510 0.333538 0.109890 -0.044859 -0.272916 -0.341422 -0.507317 -0.655587 -0.839287 -0.894758 -0.974166 
18.028473 12175.237305 120 56 130 0.411070 0.563480 0.387777 0.983245 0.963928 0.846058 0.717169 0.669966 0.542464 0.184692 0.009338 -0.086312 -0.222456 -0.284810 -0.423339 -0.627736 -0.812685 -0.896078 -0.975358 0.982573 0.962142 0.869631 0.738458 0.672847 0.583867 0.294494 -0.011094 -0.083538 -0.188665 -0.287064 -0.432293 -0.649212 -0.821021 -0.914609 -0.975631 
12.309836 1770.001587 128 112 74 0.351801 0.399738 0.584409 0.987266 0.947098 0.858175 0.753142 0.635204 0.527963 0.310468 0.026452 -0.117407 -0.244533 -0.349157 -0.524134 -0.708516 -0.802932 -0.924613 -0.976849 0.986143 0.958373 0.840933 0.724540 0.671843 0.534432 0.231371 0.024131 -0.115462 -0.231034 -0.295034 -0.477533 -0.664955 -0.801972 -0.908559 -0.970189 
