40.516441 5825334.000000 20 138 48 0.000000 0.606992 0.808253 0.986136 0.970138 0.893613 0.685564 0.622133 0.526025 0.283982 0.066725 -0.058740 -0.276356 -0.449454 -0.579020 -0.680211 -0.871969 -0.937706 -0.971203 0.964625 0.913064 0.703762 0.661796 0.541355 0.465500 0.180224 0.028917 -0.089625 -0.262127 -0.488240 -0.594517 -0.743001 -0.868669 -0.938859 -0.967380 
59.739418 33548804.000000 48 58 58 0.607313 0.929025 0.966154 0.979573 0.970732 0.929568 0.750946 0.650150 0.626726 0.422845 0.160783 0.088285 -0.233542 -0.371000 -0.441742 -0.584961 -0.708902 -0.768500 -0.965346 0.982067 0.969328 0.935709 0.802154 0.650495 0.625557 0.465026 0.196857 0.064694 -0.183150 -0.374148 -0.442300 -0.664029 -0.750279 -0.873734 -0.970728 
57.366188 3256043.250000 58 58 62 0.970957 0.838251 0.802910 0.987248 0.978600 0.948456 0.725743 0.650003 0.625711 0.333964 0.147809 0.091218 -0.303840 -0.428338 -0.521003 -0.645602 -0.698103 -0.859166 -0.983784 0.980491 0.973796 0.932604 0.725581 0.646174 0.619710 0.356015 0.149611 0.088991 -0.266508 -0.392810 -0.486645 -0.627781 -0.689641 -0.769147 -0.976037 
44.581055 190620.546875 62 32 138 0.830850 0.585937 0.525070 0.990661 0.976019 0.956225 0.870479 0.682906 0.587721 0.411969 0.205446 0.054913 -0.232782 -0.413970 -0.516002 -0.684872 -0.745203 -0.853125 -0.961943 0.989894 0.979176 0.955494 0.850430 0.662732 0.614327 0.427707 0.198795 0.048858 -0.264211 -0.438128 -0.546249 -0.685793 -0.731266 -0.849733 -0.970438 
43.908180 195607.343750 138 64 58 0.735038 0.804062 0.616665 0.992850 0.980673 0.962934 0.842476 0.653846 0.601792 0.385012 0.170749 0.088030 -0.242697 -0.420010 -0.527981 -0.682805 -0.728628 -0.889784 -0.960901 0.992414 0.981097 0.960904 0.868671 0.672037 0.595755 0.372347 0.171690 0.054812 -0.232205 -0.401013 -0.501889 -0.672540 -0.740522 -0.887855 -0.962454 
40.404388 69807.593750 62 62 62 0.618205 0.691642 0.831093 0.993854 0.980824 0.952276 0.846140 0.652333 0.605829 0.442831 0.192401 0.098157 -0.219069 -0.421265 -0.504606 -0.647526 -0.705079 -0.875611 -0.962057 0.993513 0.981721 0.955802 0.846847 0.646900 0.610462 0.431086 0.190801 0.102444 -0.205753 -0.438902 -0.526917 -0.664048 -0.716385 -0.858367 -0.961739 
35.079731 659691.562500 62 60 30 0.670516 0.730442 0.417127 0.984021 0.966652 0.843064 0.694215 0.654492 0.579264 0.418563 0.099522 -0.095665 -0.262997 -0.525558 -0.639148 -0.720690 -0.800998 -0.912389 -0.958877 0.992755 0.978978 0.955818 0.836349 0.644436 0.594685 0.420477 0.235007 0.057641 -0.254335 -0.430912 -0.541555 -0.644853 -0.725460 -0.877714 -0.965488 
49.777760 17913992.000000 150 74 46 0.306079 0.460988 0.897805 0.986323 0.971425 0.842788 0.706583 0.664978 0.602233 0.385160 0.079165 -0.064039 -0.301591 -0.462484 -0.632896 -0.685523 -0.843932 -0.946254 -0.961655 0.966216 0.927107 0.744682 0.682110 0.655989 0.591488 0.352533 0.036969 -0.152226 -0.286259 -0.535197 -0.647592 -0.708786 -0.829868 -0.946734 -0.968047 
67.504311 160670368.000000 46 48 48 0.810603 0.941832 0.962435 0.971279 0.961978 0.930700 0.809874 0.707799 0.671050 0.328696 0.116280 0.024576 -0.180894 -0.388427 -0.460209 -0.610278 -0.684681 -0.861623 -0.985853 0.978728 0.964348 0.942580 0.797037 0.704484 0.662765 0.356801 0.115376 0.036255 -0.205859 -0.407808 -0.496391 -0.626758 -0.727392 -0.929233 -0.971588 
68.047714 144919888.000000 48 48 46 0.957133 0.981045 0.945734 0.970525 0.952424 0.914976 0.828165 0.701744 0.679589 0.332134 0.150035 0.067724 -0.179932 -0.308808 -0.403658 -0.550866 -0.687694 -0.766466 -0.920017 0.970803 0.958019 0.918967 0.810174 0.705656 0.676297 0.308413 0.133698 0.050602 -0.194386 -0.350888 -0.443904 -0.539599 -0.677405 -0.739386 -0.965875 
67.494324 172861312.000000 48 46 44 0.909752 0.978271 0.969398 0.968641 0.941379 0.904694 0.830218 0.722915 0.666535 0.295456 0.175461 0.085502 -0.196261 -0.263269 -0.364341 -0.542261 -0.688175 -0.775818 -0.900518 0.968799 0.946202 0.909033 0.832363 0.701088 0.665251 0.310662 0.169548 0.045765 -0.175244 -0.287741 -0.359090 -0.581388 -0.713121 -0.788255 -0.919968 
67.127319 118760912.000000 44 44 44 0.977772 0.966712 0.959231 0.970948 0.946853 0.904778 0.820602 0.743609 0.689038 0.339467 0.205484 0.024872 -0.179710 -0.271574 -0.327687 -0.590429 -0.682742 -0.771839 -0.942261 0.971095 0.940974 0.908198 0.829563 0.746172 0.700828 0.280491 0.201513 0.028659 -0.205632 -0.265414 -0.351937 -0.570136 -0.670522 -0.754523 -0.917424 
61.863590 16624014.000000 44 44 46 0.958116 0.845963 0.797607 0.980373 0.952223 0.898760 0.794316 0.739847 0.626916 0.368627 0.210007 0.000775 -0.177493 -0.263199 -0.459265 -0.652456 -0.785474 -0.907133 -0.965551 0.972334 0.949178 0.908333 0.810294 0.743559 0.679284 0.335252 0.215182 0.033521 -0.131133 -0.246377 -0.365964 -0.619496 -0.708405 -0.853877 -0.947514 
50.103264 10113296.000000 46 46 46 0.664887 0.726559 0.841225 0.988948 0.959206 0.904018 0.833162 0.724755 0.587928 0.267307 0.144167 -0.084080 -0.243245 -0.409748 -0.561649 -0.721001 -0.838745 -0.915171 -0.972799 0.989283 0.970891 0.884851 0.799958 0.725395 0.612695 0.316665 0.171825 -0.032247 -0.213779 -0.373090 -0.539352 -0.684787 -0.831690 -0.923785 -0.970901 
54.106171 17214472.000000 46 48 50 0.827264 0.878240 0.945150 0.985645 0.957112 0.908084 0.788937 0.722841 0.639719 0.470592 0.262362 0.011265 -0.138236 -0.269785 -0.453779 -0.663537 -0.823536 -0.924135 -0.961184 0.986451 0.961374 0.898873 0.796386 0.712473 0.596229 0.298113 0.142985 -0.038848 -0.232216 -0.391367 -0.536203 -0.729197 -0.842144 -0.918618 -0.972235 
59.441853 12353800.000000 50 52 54 0.962135 0.977807 0.980207 0.982741 0.954493 0.927171 0.819192 0.731835 0.655796 0.549740 0.439809 0.057316 -0.111312 -0.199229 -0.309583 -0.688225 -0.749708 -0.869722 -0.960992 0.984025 0.953613 0.923255 0.808165 0.742103 0.658973 0.531068 0.402648 0.049203 -0.098063 -0.227915 -0.355470 -0.690017 -0.774738 -0.905458 -0.961220 
60.211533 14536533.000000 54 56 60 0.983932 0.970855 0.860140 0.984240 0.961733 0.931169 0.782770 0.706375 0.658561 0.580744 0.387945 -0.023454 -0.161333 -0.214125 -0.525820 -0.674468 -0.710977 -0.785458 -0.910055 0.983809 0.956770 0.928876 0.807520 0.711463 0.658077 0.563721 0.423736 0.009881 -0.134566 -0.209055 -0.431137 -0.703783 -0.736923 -0.832900 -0.948125 
58.561573 13533809.000000 60 60 62 0.811581 0.887134 0.878960 0.983966 0.970693 0.908414 0.729680 0.686910 0.643888 0.576582 0.270601 -0.064190 -0.141328 -0.206896 -0.476075 -0.671028 -0.747201 -0.802700 -0.881417 0.982513 0.969221 0.915802 0.747429 0.682203 0.644689 0.574245 0.363718 -0.024115 -0.159079 -0.231263 -0.519476 -0.663856 -0.726524 -0.795240 -0.885449 
55.017601 3902777.500000 62 66 66 0.907569 0.880141 0.935061 0.987848 0.978503 0.918487 0.735177 0.681315 0.641175 0.561569 0.107860 -0.054252 -0.141080 -0.245302 -0.487710 -0.592428 -0.752524 -0.793127 -0.913507 0.986336 0.974642 0.909463 0.722503 0.691407 0.631437 0.591042 0.218137 -0.047914 -0.144808 -0.226385 -0.465101 -0.621738 -0.757227 -0.812272 -0.884542 
51.784187 3023602.250000 68 66 68 0.926545 0.829280 0.803993 0.989676 0.977460 0.936923 0.759787 0.667926 0.621133 0.451939 0.103167 -0.033084 -0.112483 -0.306366 -0.494757 -0.595573 -0.724775 -0.789874 -0.917659 0.988503 0.978854 0.941496 0.768926 0.666755 0.643539 0.396176 0.101571 -0.057529 -0.137535 -0.293088 -0.487506 -0.580881 -0.722549 -0.782834 -0.879001 
56.997562 15331757.000000 66 66 68 0.827385 0.933242 0.975968 0.984630 0.971539 0.913289 0.712040 0.666070 0.598028 0.537244 0.315575 -0.004575 -0.093137 -0.209000 -0.401857 -0.595202 -0.748747 -0.816953 -0.946910 0.986589 0.975721 0.921875 0.717596 0.661395 0.599287 0.516731 0.249743 -0.049353 -0.111086 -0.345742 -0.460183 -0.554889 -0.724769 -0.868358 -0.949702 
59.079189 12599526.000000 68 66 66 0.977701 0.930692 0.982670 0.984267 0.970003 0.914309 0.726229 0.672668 0.622306 0.554177 0.402145 0.013142 -0.110258 -0.168367 -0.359455 -0.671514 -0.752180 -0.816566 -0.943440 0.985022 0.970198 0.919007 0.718514 0.671749 0.616049 0.551837 0.348768 0.014095 -0.100972 -0.173849 -0.330137 -0.674346 -0.761455 -0.801720 -0.937815 
58.711643 8291192.000000 66 66 66 0.979439 0.980862 0.954503 0.984133 0.968257 0.911642 0.756186 0.679345 0.633771 0.566758 0.466259 0.049782 -0.071799 -0.184455 -0.312473 -0.657219 -0.766184 -0.825583 -0.966752 0.983807 0.968591 0.911788 0.738554 0.674486 0.631352 0.560181 0.452110 0.042904 -0.081390 -0.179156 -0.341903 -0.660925 -0.748283 -0.803458 -0.942305 
58.180710 5518387.000000 66 66 66 0.945566 0.959267 0.959302 0.985593 0.965618 0.921168 0.766946 0.677392 0.644271 0.573902 0.481359 0.058496 -0.097236 -0.165226 -0.237583 -0.530795 -0.780633 -0.838371 -0.964653 0.984713 0.968151 0.914447 0.762231 0.681829 0.643241 0.577559 0.462937 0.063964 -0.087765 -0.180000 -0.265523 -0.586535 -0.755560 -0.819218 -0.962807 
54.758461 1727311.750000 66 66 64 0.954701 0.862083 0.786623 0.990130 0.965576 0.921315 0.826558 0.667865 0.628882 0.529417 0.468841 0.180584 -0.047742 -0.170893 -0.222625 -0.594434 -0.770563 -0.851113 -0.968446 0.987394 0.964048 0.919431 0.786199 0.670491 0.644621 0.549202 0.480692 0.126865 -0.089652 -0.158512 -0.235315 -0.534148 -0.773201 -0.841114 -0.966813 
47.923168 1175576.375000 64 66 60 0.718297 0.810075 0.444813 0.991342 0.973709 0.887154 0.751058 0.611286 0.547660 0.426664 0.312163 0.057450 -0.141896 -0.215655 -0.297200 -0.685817 -0.804626 -0.833698 -0.908714 0.991609 0.974925 0.922823 0.830747 0.662159 0.606306 0.498755 0.396688 0.137065 -0.056186 -0.207017 -0.256542 -0.564139 -0.792451 -0.839479 -0.953783 
42.412792 2965379.000000 60 68 70 0.547999 0.672808 0.560487 0.985188 0.933584 0.860944 0.718793 0.610420 0.517195 0.308300 0.230915 0.010601 -0.148562 -0.218100 -0.292559 -0.746725 -0.809554 -0.882073 -0.917037 0.987374 0.951215 0.851176 0.691174 0.623718 0.550627 0.370372 0.265605 0.038400 -0.155429 -0.204813 -0.300577 -0.751184 -0.809063 -0.854727 -0.906898 
43.472725 6526376.000000 70 70 66 0.603792 0.695938 0.701055 0.970641 0.936046 0.849921 0.673307 0.594036 0.364928 0.196492 0.094317 -0.055630 -0.199072 -0.267182 -0.395720 -0.690008 -0.806551 -0.902104 -0.941333 0.974699 0.938930 0.857250 0.705714 0.613268 0.464259 0.236827 0.142821 -0.020024 -0.167622 -0.228886 -0.312766 -0.698273 -0.804585 -0.896357 -0.927069 
43.992073 4557994.000000 66 64 56 0.729787 0.474330 0.814794 0.992423 0.973767 0.866745 0.714512 0.615897 0.490176 0.226200 0.145744 -0.015908 -0.187955 -0.298412 -0.366337 -0.607685 -0.794435 -0.891105 -0.923492 0.979816 0.937653 0.833215 0.664071 0.589243 0.393021 0.210167 0.112351 -0.034263 -0.220032 -0.291680 -0.390862 -0.679710 -0.808723 -0.893727 -0.938309 
55.086433 24068918.000000 56 56 56 0.738300 0.933467 0.954535 0.986701 0.949146 0.913071 0.836783 0.658323 0.603282 0.394352 0.206181 0.071690 -0.123396 -0.289314 -0.383043 -0.561053 -0.766321 -0.855429 -0.889098 0.991495 0.966912 0.917749 0.827759 0.660773 0.609169 0.310405 0.182768 0.014785 -0.150912 -0.292433 -0.374269 -0.617726 -0.797352 -0.876227 -0.905350 
60.329826 64862872.000000 56 56 56 0.957475 0.981497 0.988372 0.971357 0.943588 0.920252 0.807822 0.637420 0.599625 0.333431 0.152971 0.062579 -0.118137 -0.322065 -0.413837 -0.523179 -0.715784 -0.825889 -0.869670 0.978731 0.942556 0.916081 0.816910 0.641865 0.594715 0.359187 0.185007 0.073373 -0.128075 -0.310114 -0.394081 -0.525238 -0.730625 -0.835406 -0.874336 
62.538906 85603304.000000 56 56 56 0.993258 0.982836 0.956835 0.966618 0.948437 0.923784 0.791765 0.652596 0.615795 0.337503 0.143101 0.069671 -0.158424 -0.350828 -0.425774 -0.537775 -0.706671 -0.796458 -0.873935 0.966993 0.945697 0.921153 0.799524 0.644278 0.606556 0.336947 0.150208 0.065098 -0.107155 -0.336079 -0.432371 -0.536757 -0.729240 -0.819497 -0.875904 
59.219097 9654277.000000 56 58 56 0.970297 0.893557 0.806877 0.977849 0.958974 0.926352 0.768026 0.661777 0.619917 0.290129 0.132636 0.054447 -0.171941 -0.297544 -0.425246 -0.549318 -0.648188 -0.796063 -0.907988 0.970871 0.952887 0.925958 0.780816 0.658970 0.624547 0.330800 0.135099 0.065388 -0.163353 -0.325046 -0.420641 -0.522856 -0.669167 -0.760116 -0.878924 
53.796066 34502680.000000 66 58 56 0.543836 0.805020 0.958855 0.980233 0.965749 0.919479 0.730027 0.659367 0.563948 0.205451 0.135092 0.014322 -0.119043 -0.301849 -0.469519 -0.606257 -0.689371 -0.880176 -0.925032 0.987056 0.960132 0.901325 0.723227 0.664206 0.558133 0.194925 0.133038 -0.026034 -0.188724 -0.316144 -0.500753 -0.612479 -0.794399 -0.908263 -0.934658 
60.621368 54471704.000000 56 56 58 0.969034 0.984290 0.943249 0.979199 0.961233 0.933892 0.779507 0.616408 0.552616 0.312814 0.210686 0.059206 -0.151148 -0.285898 -0.365567 -0.580505 -0.689667 -0.736269 -0.867902 0.979403 0.962153 0.932524 0.774843 0.641126 0.570956 0.262007 0.151605 0.059223 -0.125411 -0.253725 -0.398754 -0.565254 -0.675926 -0.739250 -0.911900 
60.641743 33635644.000000 56 56 58 0.966351 0.960300 0.964700 0.980354 0.968968 0.938032 0.752627 0.594531 0.537035 0.366218 0.264509 0.072128 -0.183211 -0.288028 -0.465280 -0.596977 -0.683566 -0.738805 -0.842052 0.978932 0.963926 0.933911 0.775503 0.597927 0.541061 0.342952 0.240212 0.074802 -0.213448 -0.300016 -0.389600 -0.588423 -0.680354 -0.738536 -0.859498 
55.371002 1954536.500000 56 58 58 0.946353 0.819264 0.771976 0.985249 0.976424 0.947316 0.709204 0.599285 0.508388 0.351264 0.254713 0.108733 -0.207254 -0.344656 -0.492479 -0.601478 -0.678754 -0.768058 -0.873897 0.982113 0.973555 0.946971 0.694422 0.599977 0.515466 0.359304 0.262779 0.074189 -0.178011 -0.311962 -0.476190 -0.580737 -0.675723 -0.740603 -0.842848 
44.074497 630981.250000 58 62 58 0.252321 0.599851 0.620710 0.990895 0.975210 0.936832 0.756535 0.599070 0.529869 0.448810 0.284608 0.117667 -0.106193 -0.296661 -0.418654 -0.650984 -0.710684 -0.772663 -0.934624 0.989250 0.975597 0.941353 0.747149 0.600986 0.532912 0.423533 0.241721 0.109217 -0.146667 -0.324220 -0.473976 -0.623875 -0.712230 -0.780906 -0.919544 
41.861668 428836.687500 58 58 58 0.551201 0.530737 0.641732 0.992312 0.960887 0.941122 0.840089 0.583778 0.512890 0.405512 0.312104 0.158658 -0.079631 -0.306977 -0.432187 -0.621327 -0.687691 -0.802088 -0.959895 0.989134 0.960450 0.939386 0.791698 0.595150 0.536059 0.413787 0.292510 0.127458 -0.103725 -0.335695 -0.470234 -0.640611 -0.698680 -0.771769 -0.951234 
38.040432 225239.906250 74 70 58 0.680861 0.558387 0.585681 0.986256 0.961192 0.884510 0.768867 0.635497 0.540957 0.417832 0.304749 0.190652 -0.032367 -0.303861 -0.418195 -0.579816 -0.708779 -0.861581 -0.973907 0.992755 0.967033 0.936160 0.809314 0.593161 0.520896 0.396485 0.309939 0.161110 -0.078528 -0.306993 -0.430497 -0.602380 -0.676552 -0.818292 -0.968732 
38.784004 214787.312500 58 62 46 0.616774 0.272298 0.400594 0.959709 0.912136 0.846107 0.798927 0.700633 0.592380 0.514561 0.382742 0.196134 0.033346 -0.213313 -0.400732 -0.608129 -0.759108 -0.886535 -0.957445 0.965869 0.939649 0.846752 0.803776 0.700061 0.590425 0.456411 0.322439 0.216037 0.035374 -0.255295 -0.388180 -0.578440 -0.739911 -0.883556 -0.969467 
42.129879 322629.125000 60 52 52 0.345368 0.386536 0.588555 0.989129 0.972140 0.897556 0.847183 0.732980 0.619754 0.517988 0.343285 0.193835 -0.025156 -0.273986 -0.473835 -0.625278 -0.776784 -0.898067 -0.961048 0.970577 0.903230 0.850104 0.802062 0.691070 0.591578 0.512668 0.372885 0.167963 0.013366 -0.257264 -0.487212 -0.636174 -0.778641 -0.887943 -0.962900 
53.129013 384346.593750 52 58 58 0.781260 0.950557 0.936124 0.984408 0.976604 0.941086 0.864966 0.826701 0.659673 0.577777 0.372056 0.205502 -0.046340 -0.268345 -0.424641 -0.637863 -0.797775 -0.910590 -0.973872 0.985345 0.975950 0.933155 0.867641 0.830514 0.630752 0.567633 0.351293 0.209131 -0.054362 -0.265128 -0.410898 -0.626908 -0.790677 -0.906922 -0.968755 
53.766666 276013.718750 58 58 56 0.932290 0.862941 0.955822 0.984623 0.976002 0.950768 0.866819 0.822277 0.678965 0.626824 0.460756 0.160840 -0.053565 -0.292820 -0.498087 -0.652099 -0.805287 -0.912859 -0.975770 0.984598 0.976556 0.943525 0.870171 0.817978 0.670406 0.597607 0.386243 0.187594 -0.054513 -0.282361 -0.491058 -0.650404 -0.804296 -0.910418 -0.976529 
58.656616 2090644.500000 56 54 52 0.929800 0.955642 0.940619 0.981506 0.971589 0.936074 0.834385 0.790557 0.678822 0.596628 0.522836 0.198863 0.009844 -0.249701 -0.475725 -0.653506 -0.804599 -0.911067 -0.977718 0.984748 0.974564 0.948835 0.848967 0.821820 0.717685 0.633921 0.555863 0.201171 -0.051183 -0.289294 -0.484682 -0.660254 -0.806468 -0.911286 -0.977899 
62.947990 11971648.000000 52 52 52 0.922170 0.984315 0.970348 0.979278 0.965315 0.940567 0.811761 0.663416 0.644710 0.496898 0.349646 0.182354 0.028054 -0.037260 -0.274669 -0.563688 -0.667017 -0.887613 -0.970137 0.980169 0.969065 0.942581 0.827862 0.716429 0.654910 0.582622 0.481366 0.211017 0.088294 -0.038765 -0.414764 -0.616442 -0.780640 -0.904306 -0.975429 
62.794033 62329060.000000 52 50 50 0.987101 0.962870 0.980230 0.980181 0.958877 0.930217 0.798113 0.606626 0.541583 0.346282 0.217053 0.065617 -0.073228 -0.198801 -0.309112 -0.553774 -0.625135 -0.727248 -0.954366 0.979671 0.961053 0.933861 0.796234 0.648997 0.619497 0.385214 0.280903 0.088029 -0.010047 -0.143094 -0.278946 -0.559936 -0.610705 -0.793626 -0.964892 
62.918930 83268192.000000 50 48 48 0.989368 0.989474 0.929918 0.977824 0.962798 0.937848 0.798457 0.530908 0.465942 0.304981 0.149170 0.049892 -0.159730 -0.269217 -0.390312 -0.502067 -0.616362 -0.682668 -0.917433 0.979620 0.960401 0.932210 0.814380 0.551908 0.491350 0.317616 0.172304 0.065220 -0.130204 -0.235656 -0.383060 -0.503783 -0.635719 -0.686422 -0.899786 
63.801201 93024760.000000 48 46 44 0.924993 0.980755 0.983922 0.982012 0.963768 0.947872 0.800632 0.499612 0.405608 0.259927 0.157972 0.022639 -0.187471 -0.310100 -0.417014 -0.562875 -0.637406 -0.718229 -0.983076 0.979040 0.963380 0.947234 0.797757 0.499619 0.438174 0.291063 0.133098 0.026827 -0.183914 -0.294782 -0.421193 -0.539826 -0.635582 -0.695354 -0.973356 
59.715439 44273312.000000 44 44 46 0.985031 0.986113 0.963030 0.985724 0.967619 0.943156 0.793255 0.488904 0.366247 0.259443 0.154860 0.021410 -0.118077 -0.294518 -0.406869 -0.570114 -0.618059 -0.801181 -0.983931 0.984756 0.965500 0.944180 0.774067 0.509815 0.380304 0.273976 0.163937 0.010135 -0.156163 -0.288491 -0.400078 -0.561071 -0.620257 -0.753542 -0.981943 
56.422543 7452120.000000 44 46 46 0.966606 0.964993 0.882979 0.984557 0.967011 0.956002 0.842245 0.525294 0.392085 0.278365 0.184648 0.042641 -0.024647 -0.285940 -0.400817 -0.579881 -0.674618 -0.929511 -0.975867 0.986475 0.968223 0.950004 0.816069 0.506420 0.387031 0.273464 0.160627 0.030087 -0.065500 -0.297646 -0.393297 -0.577022 -0.617528 -0.853067 -0.982748 
51.850670 3549440.250000 46 50 36 0.797433 0.879485 0.462434 0.988313 0.977468 0.943878 0.843408 0.490801 0.393565 0.212370 0.123121 0.027763 -0.062828 -0.276873 -0.459789 -0.571854 -0.772047 -0.921596 -0.960659 0.989005 0.972230 0.956943 0.873024 0.492481 0.410048 0.236769 0.141297 0.039153 -0.074836 -0.312822 -0.448680 -0.580172 -0.725976 -0.938994 -0.969827 
44.780312 778588.562500 36 34 46 0.480572 0.522777 0.449942 0.984837 0.973721 0.933160 0.788403 0.589255 0.466125 0.336439 0.176629 0.056228 -0.059054 -0.282901 -0.481537 -0.600473 -0.732670 -0.896716 -0.948618 0.986666 0.974155 0.929077 0.850616 0.542059 0.390876 0.266445 0.127237 0.026007 -0.078445 -0.270143 -0.439269 -0.592201 -0.776595 -0.911187 -0.948149 
42.396091 245600.296875 72 88 80 0.520816 0.612339 0.652875 0.988821 0.980770 0.950621 0.836035 0.535097 0.459180 0.340234 0.176122 0.035987 -0.111410 -0.303221 -0.410712 -0.603429 -0.659991 -0.853210 -0.966079 0.988495 0.974371 0.949802 0.854917 0.570777 0.475675 0.339429 0.198989 0.038329 -0.101996 -0.307077 -0.471212 -0.612016 -0.678341 -0.861924 -0.957751 
39.202419 84096.929688 46 46 54 0.558238 0.710070 0.737681 0.991323 0.984191 0.946942 0.811755 0.513425 0.419974 0.328429 0.215064 0.064849 -0.056608 -0.265674 -0.440924 -0.617079 -0.712695 -0.896072 -0.964796 0.988501 0.982496 0.952759 0.836291 0.531425 0.442049 0.335478 0.196461 0.046516 -0.066238 -0.292866 -0.405882 -0.584536 -0.687532 -0.865372 -0.969072 
40.005512 56225.742188 56 70 72 0.628526 0.822824 0.825582 0.995071 0.987997 0.966694 0.865145 0.565230 0.434122 0.303576 0.193546 0.104319 -0.027047 -0.265864 -0.471822 -0.613313 -0.754070 -0.890896 -0.973610 0.994289 0.986993 0.955675 0.816611 0.540435 0.435363 0.318013 0.202842 0.094247 -0.014185 -0.242954 -0.457271 -0.624665 -0.744033 -0.903570 -0.974489 
38.436886 30463.947266 72 72 74 0.863289 0.847434 0.789423 0.995600 0.988208 0.958109 0.811651 0.587458 0.461925 0.356485 0.253465 0.083253 -0.107836 -0.329324 -0.483349 -0.653868 -0.800967 -0.922328 -0.971328 0.995316 0.988855 0.969085 0.858196 0.579973 0.437673 0.346729 0.213273 0.080723 -0.085801 -0.315711 -0.497775 -0.641842 -0.775542 -0.899725 -0.972980 
28.109312 533163.812500 80 90 40 0.730803 0.689854 0.569296 0.982936 0.934158 0.881924 0.664413 0.547225 0.421177 0.151871 0.025134 -0.138866 -0.283924 -0.489167 -0.615210 -0.744163 -0.831013 -0.924425 -0.974850 0.995608 0.986248 0.932658 0.795521 0.585736 0.458578 0.369811 0.249202 0.045157 -0.162023 -0.341673 -0.506629 -0.672855 -0.824131 -0.922821 -0.966255 
47.945553 19125728.000000 56 44 56 0.599397 0.380233 0.839660 0.987245 0.963781 0.901037 0.572331 0.528048 0.259801 0.110711 -0.030881 -0.228833 -0.419829 -0.538969 -0.635689 -0.852535 -0.891889 -0.940645 -0.971500 0.964473 0.933638 0.850396 0.567767 0.538042 0.262596 0.091500 -0.054676 -0.247158 -0.384856 -0.542150 -0.643839 -0.831401 -0.895734 -0.938943 -0.969068 
56.854115 44921056.000000 56 66 68 0.693711 0.931661 0.985985 0.984409 0.975548 0.948478 0.772136 0.534179 0.477940 0.250390 0.153038 -0.000119 -0.240172 -0.505526 -0.560634 -0.728313 -0.861743 -0.917084 -0.958762 0.986401 0.975328 0.954522 0.727964 0.515590 0.457274 0.198768 0.121999 -0.061755 -0.302191 -0.515318 -0.610802 -0.833804 -0.877968 -0.925499 -0.968760 
59.837944 46547388.000000 68 68 68 0.988556 0.988040 0.972519 0.983258 0.971220 0.943559 0.790695 0.562252 0.515847 0.274769 0.156621 0.056574 -0.154341 -0.448491 -0.530761 -0.628717 -0.710770 -0.852161 -0.932830 0.983841 0.974068 0.943864 0.759407 0.562504 0.509423 0.274614 0.153249 0.057314 -0.175837 -0.459026 -0.544320 -0.619477 -0.772720 -0.898374 -0.943035 
59.056831 36203424.000000 68 68 68 0.980403 0.978776 0.976396 0.983661 0.965738 0.940905 0.803403 0.612069 0.534305 0.299461 0.169818 0.078663 -0.229205 -0.446780 -0.519722 -0.647110 -0.720926 -0.838078 -0.883359 0.983114 0.967762 0.943900 0.806994 0.581081 0.524648 0.284393 0.160468 0.071680 -0.217003 -0.435788 -0.517651 -0.610337 -0.738596 -0.818193 -0.899757 
55.293800 17041890.000000 68 68 68 0.975506 0.961389 0.906217 0.988683 0.968287 0.941335 0.810126 0.630088 0.553819 0.298490 0.162183 -0.027393 -0.320781 -0.511867 -0.581948 -0.774636 -0.855288 -0.916766 -0.953681 0.985997 0.964755 0.938849 0.807389 0.627793 0.557047 0.305883 0.185798 0.094056 -0.193012 -0.498523 -0.546201 -0.643491 -0.752933 -0.873855 -0.917649 
50.589985 28405046.000000 68 68 70 0.875878 0.884331 0.554098 0.988910 0.966195 0.863699 0.614623 0.557782 0.341652 0.045009 -0.096629 -0.291915 -0.485290 -0.565617 -0.747490 -0.839905 -0.921180 -0.952185 -0.981188 0.990337 0.968674 0.936907 0.709304 0.598180 0.501712 0.181535 -0.024494 -0.163803 -0.438738 -0.530591 -0.683725 -0.837756 -0.901641 -0.947349 -0.976869 
51.364021 13998210.000000 70 66 68 0.437004 0.691894 0.665289 0.988070 0.962658 0.888161 0.610053 0.478767 0.292683 0.096125 -0.137821 -0.316043 -0.452650 -0.629852 -0.744615 -0.831063 -0.931446 -0.975870 -0.986891 0.983915 0.957801 0.871234 0.614417 0.514572 0.296594 0.081497 -0.121578 -0.317582 -0.488608 -0.611497 -0.731740 -0.842620 -0.931765 -0.958936 -0.982487 
50.730915 6131776.000000 68 230 74 0.700511 0.468604 0.556549 0.981037 0.946944 0.815668 0.607167 0.526239 0.247526 0.021118 -0.175229 -0.355818 -0.504709 -0.590101 -0.718413 -0.890994 -0.932471 -0.961510 -0.984264 0.986051 0.959220 0.856145 0.595776 0.502230 0.264402 0.068358 -0.145708 -0.341300 -0.480136 -0.627508 -0.751437 -0.858728 -0.929483 -0.978816 -0.991054 
50.202820 4451883.500000 130 148 150 0.378990 0.733583 0.442880 0.981433 0.933037 0.771098 0.639358 0.503620 0.146071 0.000315 -0.248991 -0.367235 -0.523790 -0.615740 -0.776128 -0.882180 -0.928557 -0.956121 -0.986019 0.981615 0.934438 0.798690 0.617610 0.526365 0.163465 -0.002071 -0.230498 -0.390266 -0.514816 -0.600397 -0.763935 -0.887849 -0.933924 -0.957385 -0.981259 
48.858864 4036341.750000 68 62 62 0.492935 0.582478 0.334398 0.980853 0.943157 0.827439 0.623963 0.430200 0.127697 -0.101995 -0.237638 -0.411854 -0.516721 -0.649926 -0.736591 -0.866568 -0.923221 -0.950386 -0.985186 0.976861 0.939962 0.813526 0.638849 0.457936 0.141631 -0.041284 -0.240167 -0.381564 -0.533216 -0.631251 -0.757010 -0.879171 -0.928659 -0.957864 -0.989459 
49.198395 7312568.500000 148 150 146 0.517947 0.521191 0.414184 0.979690 0.925429 0.770782 0.558970 0.328111 0.177704 0.050704 -0.146168 -0.304525 -0.414811 -0.594858 -0.729437 -0.882850 -0.921228 -0.961103 -0.986762 0.977953 0.941762 0.807676 0.590486 0.343384 0.158177 -0.002841 -0.221511 -0.368831 -0.487775 -0.619982 -0.738071 -0.870553 -0.923260 -0.945698 -0.987703 
43.317772 1194931.375000 92 112 44 0.573110 0.383732 0.415663 0.976489 0.953369 0.812301 0.660391 0.472925 0.228661 0.070864 -0.170124 -0.284888 -0.441580 -0.605154 -0.713769 -0.836548 -0.915420 -0.959304 -0.989854 0.978513 0.936046 0.765940 0.605801 0.360704 0.193342 0.057019 -0.143984 -0.280224 -0.396953 -0.594378 -0.710952 -0.874495 -0.923272 -0.970359 -0.990280 
33.330200 617043.437500 92 98 54 0.500969 0.355323 0.777338 0.987836 0.972659 0.948786 0.821658 0.531071 0.327110 0.118742 -0.033119 -0.228313 -0.398014 -0.526389 -0.681330 -0.820250 -0.903763 -0.951953 -0.987119 0.979681 0.958925 0.879007 0.671103 0.521935 0.262305 0.104402 -0.110332 -0.293885 -0.439599 -0.579632 -0.738347 -0.825546 -0.909631 -0.958295 -0.989544 
53.007729 2075853.500000 54 60 62 0.809374 0.890908 0.979733 0.984767 0.975299 0.948496 0.899723 0.841581 0.630351 0.157986 0.023460 -0.064344 -0.229957 -0.459035 -0.548445 -0.709533 -0.881749 -0.952044 -0.987251 0.985953 0.973173 0.948802 0.906334 0.791843 0.425260 0.167045 0.036713 -0.088808 -0.299912 -0.484326 -0.563253 -0.736823 -0.883357 -0.942159 -0.989037 
56.529739 3439115.000000 62 62 62 0.977990 0.975421 0.821540 0.982630 0.974266 0.944819 0.893572 0.852065 0.652152 0.092432 -0.024362 -0.127900 -0.278593 -0.391235 -0.531525 -0.597149 -0.776650 -0.943935 -0.976249 0.983940 0.976072 0.949079 0.899617 0.850327 0.696099 0.139520 0.017227 -0.063213 -0.209178 -0.428128 -0.538197 -0.633248 -0.856927 -0.943385 -0.983603 
57.623486 14441877.000000 62 60 60 0.939076 0.973117 0.951539 0.973141 0.951931 0.919430 0.875578 0.827478 0.671631 0.158365 0.019855 -0.127108 -0.259139 -0.351166 -0.458298 -0.612373 -0.752146 -0.924400 -0.985941 0.980046 0.964330 0.929740 0.881118 0.844219 0.634857 0.108415 0.006096 -0.151021 -0.263774 -0.370398 -0.503036 -0.595668 -0.759655 -0.933168 -0.966403 
59.690380 25449082.000000 60 60 60 0.955536 0.928420 0.956427 0.971145 0.946072 0.901547 0.855913 0.809569 0.683296 0.186465 0.055107 -0.083720 -0.217273 -0.322526 -0.392069 -0.579896 -0.686918 -0.849845 -0.973367 0.969080 0.947654 0.906493 0.861084 0.808187 0.686982 0.206275 0.062212 -0.052964 -0.225599 -0.343638 -0.410112 -0.584732 -0.717149 -0.899821 -0.977956 
60.033707 34377712.000000 60 60 60 0.939609 0.719961 0.934413 0.969523 0.940670 0.893197 0.849768 0.764645 0.655351 0.292170 0.054164 -0.043071 -0.212869 -0.289715 -0.367493 -0.534486 -0.665271 -0.766719 -0.949162 0.969754 0.944889 0.896965 0.854065 0.802919 0.696351 0.209962 0.045787 -0.054391 -0.216411 -0.293537 -0.367306 -0.538848 -0.677120 -0.773347 -0.962072 
60.191139 96672272.000000 60 62 62 0.930752 0.976282 0.988864 0.972230 0.935032 0.883240 0.816768 0.701350 0.632071 0.246680 0.089093 -0.046951 -0.189995 -0.292091 -0.423850 -0.538247 -0.723911 -0.791301 -0.923586 0.971011 0.937145 0.886160 0.832803 0.733211 0.640645 0.330673 0.088427 -0.040423 -0.191589 -0.288104 -0.383793 -0.504138 -0.718901 -0.784574 -0.937143 
60.599171 111460952.000000 62 62 64 0.990905 0.926918 0.965458 0.972612 0.934123 0.886863 0.802982 0.665443 0.626423 0.308549 0.111423 -0.012038 -0.190636 -0.319890 -0.417814 -0.549182 -0.700857 -0.803440 -0.877854 0.972274 0.934066 0.884644 0.809775 0.678627 0.631510 0.241969 0.091273 -0.028429 -0.190447 -0.305983 -0.419162 -0.545765 -0.720668 -0.801349 -0.865675 
60.001225 114538872.000000 64 66 68 0.987276 0.967497 0.931260 0.974659 0.938509 0.903506 0.772755 0.635879 0.577701 0.289856 0.123518 0.019628 -0.160887 -0.346308 -0.422011 -0.592896 -0.717407 -0.831161 -0.874373 0.973752 0.934134 0.894179 0.786754 0.652388 0.616943 0.281057 0.100448 0.006311 -0.162271 -0.335268 -0.408897 -0.534013 -0.680856 -0.810529 -0.872865 
58.069500 48159900.000000 68 72 76 0.911770 0.886673 0.902012 0.980907 0.958933 0.923864 0.791876 0.558823 0.470989 0.324303 0.175407 0.027372 -0.144643 -0.309855 -0.390392 -0.559848 -0.716191 -0.832257 -0.865752 0.976605 0.947219 0.917317 0.780660 0.591845 0.510546 0.317398 0.127242 0.030640 -0.180659 -0.318370 -0.414109 -0.582151 -0.749631 -0.834054 -0.886708 
54.492996 10063960.000000 76 80 82 0.894439 0.891994 0.757863 0.982716 0.972628 0.921865 0.803213 0.600835 0.433811 0.330366 0.186444 0.028779 -0.199751 -0.296068 -0.404833 -0.539461 -0.736545 -0.843261 -0.883938 0.982758 0.969343 0.925030 0.800189 0.549834 0.451651 0.351601 0.201805 -0.004065 -0.179653 -0.316258 -0.408767 -0.565904 -0.724641 -0.836183 -0.861914 
44.347157 1139910.250000 84 88 80 0.817301 0.703457 0.690611 0.990922 0.943473 0.885582 0.821002 0.636076 0.504503 0.390727 0.253918 0.049028 -0.095346 -0.315324 -0.430780 -0.657949 -0.784257 -0.887603 -0.932775 0.984734 0.968832 0.890676 0.824330 0.662514 0.509955 0.316133 0.176029 0.030765 -0.196960 -0.306121 -0.395482 -0.691292 -0.814638 -0.889514 -0.937163 
39.293373 464955.750000 80 80 50 0.721006 0.534225 0.600159 0.977989 0.940540 0.894757 0.830037 0.652195 0.486938 0.402156 0.290323 0.132293 -0.117150 -0.283896 -0.391970 -0.534889 -0.770256 -0.858270 -0.944572 0.985346 0.937666 0.896713 0.816989 0.630425 0.477555 0.401378 0.287807 0.097153 -0.102746 -0.266560 -0.388832 -0.565132 -0.774972 -0.847048 -0.927351 
37.696884 3955520.500000 50 48 50 0.654344 0.509015 0.334102 0.961568 0.892189 0.858161 0.747040 0.580574 0.401078 0.180085 0.007394 -0.120790 -0.231476 -0.358332 -0.553437 -0.628392 -0.770488 -0.936514 -0.974492 0.979491 0.931443 0.882514 0.832509 0.687395 0.501432 0.398581 0.267823 0.040608 -0.131926 -0.271726 -0.430624 -0.589630 -0.731177 -0.885173 -0.962068 
36.580528 2046988.750000 50 72 62 0.389034 0.454940 0.509976 0.969577 0.901644 0.870818 0.783898 0.596445 0.416432 0.053167 -0.128810 -0.210343 -0.292282 -0.454083 -0.581587 -0.719069 -0.826370 -0.919577 -0.971727 0.971817 0.907924 0.853741 0.751023 0.605004 0.398583 0.139736 -0.036619 -0.168919 -0.248894 -0.412367 -0.562754 -0.664127 -0.799443 -0.933782 -0.976778 
40.758324 4586025.500000 62 64 62 0.596622 0.420561 0.455130 0.961560 0.906661 0.819113 0.653111 0.440828 0.243465 0.077744 -0.102805 -0.172140 -0.313669 -0.469014 -0.556318 -0.700450 -0.851183 -0.916001 -0.956843 0.951861 0.904153 0.862767 0.699862 0.555440 0.292209 0.053602 -0.118861 -0.192783 -0.307205 -0.468006 -0.584399 -0.694243 -0.840232 -0.920768 -0.963400 
40.131256 2677927.750000 76 114 96 0.414656 0.384950 0.499465 0.967159 0.907273 0.828654 0.625032 0.385438 0.242854 0.076769 -0.081349 -0.183663 -0.282297 -0.437597 -0.556688 -0.722823 -0.841695 -0.915622 -0.971679 0.961957 0.905435 0.812377 0.619420 0.374850 0.242539 0.071810 -0.082288 -0.167487 -0.297295 -0.465558 -0.549943 -0.710910 -0.865593 -0.915708 -0.965701 
35.147430 805755.375000 122 38 134 0.512187 0.462370 0.299582 0.981768 0.933622 0.856463 0.730926 0.400092 0.296491 0.078473 -0.055192 -0.165468 -0.255169 -0.414387 -0.560602 -0.714064 -0.841483 -0.932073 -0.966943 0.971884 0.904337 0.854401 0.697033 0.387739 0.277774 0.071124 -0.073925 -0.184489 -0.271440 -0.442573 -0.541693 -0.716194 -0.825065 -0.913372 -0.961198 
49.039955 2773458.000000 60 66 74 0.265723 0.848736 0.943877 0.990434 0.982716 0.969229 0.874438 0.416144 0.263516 0.168479 0.051693 -0.090388 -0.201869 -0.367793 -0.412056 -0.681083 -0.855726 -0.910411 -0.942637 0.992447 0.983806 0.960240 0.834305 0.529795 0.312923 0.154906 -0.006681 -0.107448 -0.257762 -0.374729 -0.525455 -0.734829 -0.832660 -0.937089 -0.959047 
53.672264 5380578.500000 74 78 80 0.956440 0.963826 0.990071 0.989834 0.982691 0.968957 0.861502 0.297724 0.251890 0.162341 0.065797 -0.093164 -0.192247 -0.392371 -0.447537 -0.604256 -0.824471 -0.904730 -0.926985 0.989785 0.982147 0.967784 0.838954 0.312465 0.243384 0.149654 0.045918 -0.112804 -0.221292 -0.396554 -0.464023 -0.611696 -0.828245 -0.907286 -0.935036 
53.217422 5889240.000000 80 80 80 0.990560 0.989368 0.968121 0.990248 0.983414 0.968292 0.819452 0.310154 0.262350 0.141646 0.084242 -0.049248 -0.188665 -0.397318 -0.461532 -0.665686 -0.835438 -0.909500 -0.927104 0.989478 0.983150 0.968417 0.831652 0.306523 0.259877 0.146462 0.084978 -0.070434 -0.209655 -0.385333 -0.427816 -0.618893 -0.815292 -0.907841 -0.928168 
49.498806 1763491.375000 80 80 82 0.957972 0.968428 0.911515 0.993902 0.981565 0.970518 0.863483 0.411474 0.277158 0.182041 0.083473 -0.071993 -0.245847 -0.429590 -0.477900 -0.759758 -0.889753 -0.920934 -0.956309 0.991688 0.981936 0.969559 0.860660 0.358428 0.266612 0.174397 0.087234 -0.064588 -0.254312 -0.423702 -0.456956 -0.627740 -0.850984 -0.913686 -0.931255 
44.347084 9065322.000000 84 84 84 0.910296 0.551219 0.333501 0.989792 0.979645 0.851036 0.469238 0.394846 0.314056 0.115332 -0.041379 -0.217473 -0.456593 -0.570032 -0.696485 -0.823117 -0.903226 -0.953517 -0.978048 0.993581 0.981843 0.964846 0.670279 0.407034 0.335134 0.161928 0.003728 -0.131724 -0.371900 -0.486959 -0.634699 -0.804633 -0.878926 -0.951113 -0.978018 
49.404114 9065356.000000 82 84 84 0.538261 0.621994 0.692013 0.988661 0.969138 0.804137 0.507109 0.439884 0.249033 0.012988 -0.201594 -0.347984 -0.475652 -0.575660 -0.728214 -0.865795 -0.936032 -0.968235 -0.987124 0.991213 0.979800 0.680952 0.463910 0.420699 0.270816 0.087578 -0.089569 -0.305096 -0.475734 -0.571204 -0.699962 -0.832762 -0.922063 -0.963197 -0.982100 
47.516953 3454340.250000 80 130 212 0.661068 0.685044 0.590530 0.985362 0.960848 0.813728 0.583591 0.424134 0.261150 -0.022099 -0.241974 -0.369366 -0.486716 -0.593563 -0.750926 -0.877049 -0.916660 -0.966939 -0.992935 0.987061 0.970909 0.810008 0.541701 0.419796 0.253948 -0.020335 -0.239691 -0.344929 -0.466917 -0.557972 -0.744359 -0.873496 -0.929717 -0.969400 -0.989356 
48.451317 2236510.000000 150 86 96 0.582330 0.565009 0.447276 0.984996 0.956857 0.833539 0.639430 0.456950 0.235582 -0.043979 -0.261638 -0.430168 -0.521149 -0.588609 -0.785126 -0.885596 -0.931444 -0.965986 -0.994100 0.981502 0.945712 0.821768 0.594083 0.455358 0.230979 -0.037070 -0.249912 -0.423516 -0.506238 -0.616542 -0.791371 -0.894679 -0.926116 -0.967725 -0.995439 
44.139206 1231268.625000 96 88 84 0.476346 0.602800 0.610749 0.982399 0.954773 0.840076 0.656780 0.474412 0.261638 -0.087305 -0.287622 -0.440192 -0.523411 -0.642230 -0.739451 -0.857128 -0.926237 -0.956720 -0.993517 0.983401 0.958850 0.832007 0.652795 0.461351 0.251337 -0.124116 -0.258719 -0.440487 -0.511664 -0.644340 -0.744003 -0.852293 -0.922253 -0.971629 -0.995214 
42.784687 1114886.500000 86 122 54 0.647048 0.477454 0.708887 0.983327 0.958979 0.843943 0.616519 0.470741 0.205729 -0.022854 -0.262326 -0.438100 -0.489336 -0.581173 -0.737460 -0.880573 -0.931148 -0.955483 -0.989484 0.979635 0.954591 0.853758 0.661214 0.470366 0.247979 -0.021407 -0.298032 -0.437184 -0.499879 -0.609467 -0.754738 -0.871905 -0.934258 -0.957151 -0.990523 
39.085232 690728.187500 54 130 86 0.636143 0.369922 0.422787 0.983309 0.957813 0.827311 0.575029 0.490767 0.187857 0.070250 -0.106859 -0.337978 -0.473694 -0.520266 -0.663959 -0.824411 -0.921510 -0.963239 -0.981529 0.986278 0.964376 0.818288 0.585588 0.471273 0.152544 -0.022573 -0.227497 -0.398493 -0.484826 -0.542050 -0.703800 -0.845945 -0.921737 -0.961696 -0.981838 
51.097801 10625120.000000 60 62 74 0.424452 0.776005 0.866238 0.984220 0.969742 0.954265 0.752562 0.566833 0.493023 0.356373 0.184328 0.091484 -0.189090 -0.457176 -0.511264 -0.680648 -0.852961 -0.943217 -0.978543 0.991014 0.974067 0.942008 0.734403 0.544819 0.468719 0.237355 0.116246 -0.115523 -0.437809 -0.499861 -0.608385 -0.811526 -0.914464 -0.963336 -0.982633 
55.920250 29713904.000000 76 80 82 0.882696 0.776677 0.948541 0.979697 0.963845 0.930750 0.747501 0.544305 0.487402 0.314877 0.162811 0.068424 -0.174048 -0.382475 -0.474929 -0.612765 -0.773496 -0.898068 -0.938992 0.980605 0.968047 0.947858 0.761016 0.546824 0.474884 0.317400 0.152492 0.074931 -0.185373 -0.432180 -0.495146 -0.605351 -0.799144 -0.896317 -0.960150 
54.717552 24555526.000000 82 84 86 0.946993 0.971922 0.919112 0.978086 0.958104 0.936031 0.756847 0.572025 0.492003 0.316863 0.172664 0.082457 -0.184927 -0.354400 -0.473391 -0.610152 -0.805195 -0.891778 -0.941410 0.979877 0.960802 0.932134 0.747622 0.544504 0.487205 0.317993 0.175924 0.086026 -0.212238 -0.379377 -0.477560 -0.619517 -0.801654 -0.898778 -0.939020 
54.360996 15666478.000000 86 86 86 0.893034 0.820151 0.953955 0.979872 0.956634 0.937670 0.807420 0.579147 0.501911 0.335958 0.197944 0.080181 -0.137974 -0.347397 -0.478008 -0.638708 -0.729357 -0.892767 -0.934664 0.975500 0.957259 0.938838 0.782032 0.579418 0.490844 0.337065 0.183912 0.044950 -0.171020 -0.346659 -0.489822 -0.646647 -0.766562 -0.891203 -0.926248 
53.203629 7316067.000000 86 88 88 0.970567 0.784237 0.570518 0.984775 0.962363 0.933237 0.836915 0.569716 0.494844 0.372142 0.227372 0.077031 -0.126420 -0.333583 -0.452258 -0.657267 -0.722788 -0.875081 -0.930198 0.982306 0.956030 0.937932 0.826598 0.592907 0.513009 0.363466 0.215348 0.107915 -0.097263 -0.297921 -0.448231 -0.612246 -0.693893 -0.887355 -0.932323 
53.395000 9108006.000000 88 86 86 0.650336 0.944460 0.944811 0.979360 0.954868 0.935647 0.817749 0.601148 0.530832 0.339294 0.219990 0.109258 -0.069747 -0.314055 -0.447762 -0.625989 -0.699302 -0.880088 -0.923759 0.981002 0.955982 0.935288 0.830660 0.592115 0.519965 0.354074 0.213718 0.083235 -0.089037 -0.317810 -0.443730 -0.628612 -0.708905 -0.877390 -0.928111 
54.006668 6101163.500000 86 84 84 0.669978 0.801982 0.984404 0.979784 0.956508 0.936470 0.819583 0.622498 0.554553 0.393834 0.249889 0.156032 0.040283 -0.286277 -0.429045 -0.656986 -0.731522 -0.874406 -0.933730 0.978173 0.955307 0.934089 0.803828 0.607151 0.529690 0.378031 0.222076 0.116846 -0.042645 -0.298353 -0.434371 -0.641749 -0.708694 -0.867384 -0.922601 
54.149899 3238645.500000 84 82 78 0.943253 0.942689 0.921295 0.981167 0.958573 0.939530 0.852127 0.640375 0.562097 0.449150 0.278793 0.150005 0.077187 -0.144198 -0.406038 -0.615727 -0.740987 -0.886837 -0.958298 0.981452 0.957516 0.939688 0.841062 0.625669 0.554873 0.429189 0.301600 0.143483 0.082093 -0.200524 -0.422123 -0.676024 -0.737701 -0.875088 -0.941392 
54.303890 2632327.000000 78 76 74 0.919563 0.975004 0.961301 0.981077 0.963251 0.941634 0.853254 0.644479 0.561025 0.469269 0.317362 0.147608 0.099820 -0.101760 -0.436690 -0.575463 -0.779061 -0.869618 -0.947008 0.981614 0.961469 0.939805 0.850900 0.648477 0.563514 0.480017 0.303544 0.160628 0.094812 -0.111900 -0.377647 -0.575602 -0.783034 -0.885687 -0.950757 
56.147171 2378741.000000 74 72 70 0.951583 0.938534 0.912758 0.979939 0.966084 0.949284 0.869107 0.635134 0.560883 0.463712 0.313849 0.146055 0.082037 -0.159661 -0.464874 -0.551662 -0.789660 -0.872300 -0.951391 0.980258 0.964929 0.944880 0.860979 0.641391 0.556060 0.459858 0.307585 0.150714 0.086007 -0.131434 -0.430309 -0.540548 -0.768129 -0.875340 -0.953640 
55.183693 1166825.250000 70 66 64 0.894921 0.935125 0.940537 0.984733 0.971358 0.953031 0.868246 0.632550 0.584808 0.489002 0.317330 0.127429 0.093381 -0.231957 -0.514981 -0.562207 -0.765432 -0.874431 -0.958305 0.981335 0.966119 0.953128 0.871091 0.639231 0.559310 0.487300 0.313947 0.136768 0.079784 -0.238472 -0.502675 -0.568945 -0.773068 -0.870697 -0.948959 
48.333282 96131.578125 64 62 56 0.915640 0.808971 0.705619 0.988820 0.978876 0.952484 0.840417 0.645038 0.556069 0.481926 0.303783 0.122958 0.077850 -0.338266 -0.517802 -0.621169 -0.806382 -0.887251 -0.969361 0.985877 0.977476 0.958422 0.851558 0.625232 0.566419 0.469872 0.305424 0.116816 0.084640 -0.201109 -0.520007 -0.579620 -0.779287 -0.876249 -0.959777 
38.175259 40700.722656 54 62 58 0.746482 0.636298 0.861444 0.992747 0.976346 0.945761 0.902752 0.660564 0.548700 0.471455 0.371034 0.173653 -0.045264 -0.321270 -0.476523 -0.707799 -0.815056 -0.908100 -0.984296 0.992944 0.976476 0.935110 0.877862 0.638015 0.546343 0.474219 0.368050 0.158014 0.056385 -0.315853 -0.491705 -0.696827 -0.808339 -0.899414 -0.979576 
35.571831 21496.162109 60 60 58 0.817141 0.715207 0.287363 0.992518 0.977441 0.945842 0.875187 0.633804 0.554077 0.480769 0.368465 0.067250 -0.127306 -0.337176 -0.522846 -0.686905 -0.817495 -0.917578 -0.973849 0.992691 0.978651 0.949074 0.892633 0.637600 0.577146 0.489064 0.396222 0.129446 -0.079597 -0.336929 -0.505024 -0.683737 -0.816584 -0.907969 -0.979469 
29.756386 10066.334961 148 106 102 0.578272 0.648020 0.704869 0.990779 0.976080 0.943768 0.886446 0.630528 0.540909 0.410069 0.222622 0.087211 -0.148948 -0.397266 -0.537569 -0.711744 -0.842426 -0.909967 -0.972476 0.991874 0.976909 0.944977 0.894233 0.639708 0.536539 0.451210 0.274068 0.052636 -0.168674 -0.371172 -0.540499 -0.705809 -0.825166 -0.915132 -0.969723 
22.156216 7903.270508 104 108 122 0.686050 0.347226 0.460783 0.985930 0.967756 0.933746 0.821975 0.638654 0.531562 0.427076 0.180985 0.014109 -0.222357 -0.394576 -0.574802 -0.721117 -0.847710 -0.917307 -0.985506 0.990131 0.967647 0.942736 0.836930 0.641388 0.552935 0.400709 0.218258 0.026497 -0.176522 -0.388859 -0.572375 -0.730728 -0.854377 -0.914804 -0.976808 
19.611570 5664.534180 122 206 114 0.432937 0.437479 0.509123 0.984999 0.968192 0.927881 0.811329 0.621420 0.531220 0.391454 0.233559 0.007179 -0.234295 -0.406559 -0.565448 -0.705121 -0.828397 -0.932963 -0.973822 0.987884 0.967052 0.930742 0.807914 0.627028 0.514492 0.396520 0.240666 0.023332 -0.234074 -0.389905 -0.557840 -0.691898 -0.840420 -0.920023 -0.984735 
37.254173 5010379.000000 114 46 46 0.512751 0.471234 0.321180 0.964030 0.929695 0.816608 0.650756 0.419807 0.289094 0.100244 -0.046735 -0.208683 -0.398939 -0.513052 -0.603700 -0.780591 -0.842737 -0.891496 -0.980172 0.984508 0.965203 0.925630 0.814177 0.622270 0.514409 0.355417 0.165995 -0.057538 -0.251692 -0.423163 -0.579906 -0.731416 -0.839857 -0.924153 -0.967205 
49.655834 9278478.000000 44 70 88 0.459946 0.426321 0.316082 0.975277 0.934494 0.693988 0.497564 0.395194 0.143560 0.004292 -0.193850 -0.373175 -0.479365 -0.585334 -0.754173 -0.810708 -0.887449 -0.927975 -0.976627 0.963952 0.931948 0.787053 0.592330 0.408305 0.225479 0.033576 -0.100071 -0.355413 -0.466121 -0.539113 -0.718482 -0.822674 -0.866894 -0.911088 -0.974123 
42.240929 3177452.000000 60 54 46 0.356927 0.423572 0.893446 0.990219 0.982981 0.824969 0.540859 0.511310 0.250102 0.087723 -0.087511 -0.339857 -0.434681 -0.524982 -0.708513 -0.776183 -0.865763 -0.935139 -0.972795 0.976614 0.925844 0.668834 0.516487 0.475296 0.157680 0.049398 -0.146180 -0.360875 -0.465167 -0.543466 -0.722844 -0.794440 -0.864291 -0.932269 -0.973064 
53.649136 18324810.000000 44 50 52 0.746495 0.933801 0.991451 0.991432 0.982001 0.948463 0.708407 0.584059 0.512699 0.183405 0.111571 -0.032836 -0.329552 -0.464187 -0.553691 -0.667805 -0.725977 -0.883277 -0.951316 0.991134 0.983715 0.949566 0.686432 0.569800 0.472697 0.173910 0.096273 -0.119214 -0.363681 -0.473471 -0.618832 -0.725112 -0.796491 -0.918014 -0.966243 
54.261208 14901531.000000 52 54 56 0.992699 0.982023 0.964423 0.991791 0.982288 0.952217 0.714924 0.607788 0.512568 0.174222 0.110819 -0.097714 -0.387466 -0.510948 -0.591893 -0.697081 -0.785742 -0.905950 -0.966143 0.991533 0.981159 0.950921 0.728144 0.588977 0.529920 0.189723 0.125509 -0.039001 -0.325824 -0.451977 -0.564062 -0.642860 -0.738588 -0.888792 -0.972290 
53.780724 16611382.000000 56 58 56 0.955868 0.919456 0.781776 0.990665 0.979307 0.945432 0.652862 0.537604 0.235870 -0.027353 -0.254328 -0.420370 -0.528733 -0.662902 -0.766295 -0.806221 -0.878563 -0.923159 -0.965047 0.991926 0.981522 0.960779 0.681978 0.600003 0.401783 0.109705 -0.027259 -0.364717 -0.475728 -0.627193 -0.725822 -0.783010 -0.834898 -0.901523 -0.950031 
54.577461 10367689.000000 54 52 50 0.649479 0.770413 0.567685 0.988077 0.972713 0.833563 0.624758 0.532010 0.201535 -0.041188 -0.271397 -0.421636 -0.558121 -0.700095 -0.799394 -0.865433 -0.927210 -0.953714 -0.982811 0.987179 0.972202 0.874147 0.621299 0.514579 0.170239 -0.091967 -0.289577 -0.411158 -0.546596 -0.657987 -0.779271 -0.837217 -0.909527 -0.943853 -0.978383 
55.707432 6267958.500000 48 108 96 0.671986 0.667161 0.674693 0.988828 0.963962 0.806815 0.658519 0.417990 0.129586 -0.006800 -0.168218 -0.341259 -0.555065 -0.694414 -0.826668 -0.885003 -0.919962 -0.948405 -0.988969 0.988743 0.967648 0.821583 0.659868 0.500347 0.175214 -0.017936 -0.203137 -0.391540 -0.613485 -0.730015 -0.816098 -0.880727 -0.920579 -0.948830 -0.982642 
51.566696 4807237.500000 96 60 108 0.775202 0.645906 0.597924 0.984468 0.964589 0.814768 0.663870 0.377346 0.127415 -0.027821 -0.184222 -0.338687 -0.495192 -0.638145 -0.823542 -0.885878 -0.925653 -0.956868 -0.983573 0.986006 0.962545 0.809229 0.651403 0.424376 0.122170 0.008835 -0.144377 -0.321560 -0.494880 -0.625930 -0.840776 -0.887999 -0.924225 -0.950367 -0.991529 
49.782455 4393784.000000 58 54 60 0.636603 0.705085 0.752964 0.985245 0.963088 0.819844 0.648720 0.362811 0.140705 -0.072172 -0.188149 -0.342238 -0.508411 -0.629136 -0.817128 -0.880152 -0.928309 -0.957311 -0.992035 0.979554 0.962417 0.820770 0.664827 0.317462 0.156535 -0.055584 -0.183953 -0.327391 -0.502730 -0.600875 -0.801874 -0.868493 -0.929210 -0.953551 -0.991541 
51.495987 4773149.000000 54 74 44 0.640479 0.457673 0.578937 0.988822 0.955657 0.755208 0.597191 0.428400 0.108698 -0.046705 -0.201659 -0.380518 -0.521484 -0.606964 -0.801144 -0.841919 -0.905195 -0.944248 -0.968050 0.986905 0.949072 0.798445 0.628169 0.415093 0.124634 -0.066311 -0.223803 -0.380043 -0.510668 -0.686100 -0.821484 -0.864252 -0.924676 -0.948918 -0.986141 
48.382378 9565669.000000 44 44 48 0.424707 0.645938 0.946248 0.990850 0.985120 0.955767 0.746984 0.458159 0.329730 0.161279 0.096741 -0.126486 -0.414078 -0.524343 -0.627135 -0.810779 -0.880942 -0.938015 -0.977916 0.990147 0.978875 0.775973 0.569552 0.446731 0.144970 0.053768 -0.155821 -0.322592 -0.512599 -0.561320 -0.770141 -0.834780 -0.892049 -0.943461 -0.977495 
56.112370 31848188.000000 48 50 50 0.940025 0.980882 0.994093 0.991353 0.979324 0.956801 0.793167 0.434219 0.329755 0.200251 0.102809 -0.018187 -0.319681 -0.492627 -0.555874 -0.638275 -0.781364 -0.901568 -0.982197 0.991300 0.981829 0.954754 0.738361 0.462297 0.373370 0.179943 0.124143 -0.047279 -0.320971 -0.489167 -0.551699 -0.667359 -0.834791 -0.910791 -0.964804 
55.895393 16675478.000000 50 50 50 0.995442 0.991746 0.989277 0.991733 0.979924 0.958920 0.866438 0.366828 0.307226 0.194929 0.126054 -0.051174 -0.300806 -0.480285 -0.534501 -0.644538 -0.742260 -0.928346 -0.960161 0.991594 0.979742 0.958344 0.844411 0.373048 0.314099 0.201754 0.099964 0.000145 -0.313148 -0.501316 -0.542741 -0.642352 -0.744496 -0.915550 -0.965671 
55.077385 11712812.000000 50 50 50 0.992232 0.993989 0.994779 0.991561 0.981187 0.957008 0.895383 0.375817 0.281493 0.168648 0.103582 -0.042873 -0.336586 -0.458605 -0.539975 -0.645355 -0.739067 -0.911468 -0.971751 0.991724 0.980886 0.958658 0.885439 0.345909 0.290285 0.175515 0.110656 -0.047382 -0.314949 -0.465668 -0.541409 -0.636010 -0.737548 -0.929825 -0.970478 
54.968315 9773342.000000 50 50 50 0.995048 0.994176 0.992061 0.991579 0.983099 0.954063 0.908528 0.364108 0.228088 0.170376 0.088511 -0.044021 -0.265169 -0.478460 -0.540600 -0.624512 -0.690516 -0.898731 -0.974793 0.991552 0.982171 0.955763 0.901382 0.362490 0.241980 0.168437 0.090368 -0.053345 -0.325354 -0.471580 -0.545292 -0.634324 -0.719571 -0.914288 -0.980985 
55.556599 11364050.000000 50 50 50 0.993198 0.992801 0.991983 0.991488 0.982904 0.953677 0.899161 0.351676 0.229160 0.169850 0.084726 -0.010488 -0.246276 -0.459430 -0.539788 -0.639254 -0.696849 -0.836677 -0.978792 0.991471 0.982952 0.953190 0.905235 0.358843 0.224737 0.169304 0.084725 -0.021936 -0.276473 -0.474627 -0.546048 -0.640082 -0.701969 -0.855115 -0.979256 
55.750408 9806099.000000 50 50 50 0.992171 0.982605 0.982324 0.991233 0.982459 0.952319 0.899759 0.393162 0.242603 0.180831 0.096884 0.015537 -0.177277 -0.448543 -0.520637 -0.609167 -0.667361 -0.821026 -0.967392 0.991373 0.982518 0.953025 0.893841 0.379925 0.236117 0.176632 0.090610 0.005485 -0.229614 -0.447574 -0.522209 -0.630464 -0.682331 -0.850037 -0.973791 
56.117325 10898627.000000 50 50 50 0.979901 0.982670 0.976199 0.991102 0.981782 0.952265 0.902819 0.404490 0.255591 0.185995 0.120136 0.010304 -0.224890 -0.448168 -0.523382 -0.595703 -0.657407 -0.853524 -0.974466 0.991161 0.982118 0.952146 0.906187 0.388393 0.247064 0.179992 0.097765 0.008330 -0.187127 -0.445037 -0.520566 -0.600929 -0.660382 -0.815251 -0.976907 
55.433960 6742597.500000 50 50 48 0.983013 0.979319 0.942236 0.990699 0.980376 0.948460 0.891917 0.574957 0.294419 0.240209 0.126058 0.058947 -0.188849 -0.420793 -0.503512 -0.600185 -0.698098 -0.780204 -0.946413 0.990864 0.981113 0.949916 0.899395 0.467048 0.274346 0.203116 0.133699 0.037139 -0.214075 -0.437378 -0.506569 -0.614861 -0.675169 -0.806905 -0.968970 
54.323021 2043431.125000 50 48 50 0.978684 0.956379 0.976521 0.991136 0.980399 0.953124 0.889222 0.762887 0.396554 0.285327 0.195120 0.047681 -0.044717 -0.488109 -0.546249 -0.618698 -0.673780 -0.793104 -0.960576 0.990618 0.979975 0.949290 0.890741 0.667637 0.318695 0.262342 0.131584 0.060211 -0.158449 -0.428368 -0.524081 -0.619636 -0.687243 -0.767178 -0.944429 
54.383007 746320.687500 50 50 48 0.980473 0.979808 0.955778 0.991723 0.984389 0.955327 0.897102 0.778253 0.682953 0.273109 0.183242 0.029995 -0.043759 -0.458837 -0.555956 -0.637280 -0.706554 -0.846275 -0.971914 0.991533 0.982093 0.954524 0.887873 0.782719 0.575682 0.286168 0.225903 0.047831 -0.044957 -0.474909 -0.538350 -0.629743 -0.698613 -0.823985 -0.966927 
54.836651 979319.125000 50 50 50 0.980961 0.986647 0.994456 0.991892 0.985380 0.948830 0.897238 0.745069 0.695246 0.221576 0.130420 0.044548 -0.032566 -0.346519 -0.538195 -0.624952 -0.699996 -0.862444 -0.967639 0.991672 0.984628 0.951729 0.900161 0.763442 0.699362 0.274860 0.129495 0.046897 0.003323 -0.416411 -0.564216 -0.625712 -0.705515 -0.871650 -0.966711 
55.650085 1098344.250000 50 50 50 0.994854 0.978932 0.951805 0.992178 0.986098 0.947445 0.886072 0.752424 0.653889 0.246047 0.159710 0.082518 -0.017449 -0.196655 -0.474288 -0.647903 -0.719392 -0.878235 -0.965295 0.992122 0.986198 0.945563 0.883581 0.751191 0.653099 0.218919 0.143067 0.039737 -0.046572 -0.245106 -0.514639 -0.625389 -0.700762 -0.862888 -0.967431 
55.378510 383910.656250 50 52 54 0.962296 0.981821 0.907053 0.992634 0.985303 0.962768 0.916229 0.767244 0.699589 0.321375 0.155501 0.059848 -0.083050 -0.276069 -0.527368 -0.663928 -0.777902 -0.895345 -0.967182 0.992279 0.985332 0.958111 0.906834 0.769072 0.664938 0.255628 0.165689 0.060672 -0.047049 -0.189166 -0.467109 -0.646619 -0.752596 -0.892673 -0.969944 
47.022743 5293211.000000 54 54 44 0.927911 0.405794 0.577145 0.982566 0.960143 0.894577 0.740607 0.699975 0.613923 0.183528 0.035181 -0.126239 -0.438130 -0.604199 -0.735079 -0.809506 -0.869971 -0.951327 -0.973601 0.992313 0.984092 0.954284 0.861226 0.728086 0.683850 0.308792 0.090067 -0.037968 -0.242401 -0.500923 -0.665053 -0.747218 -0.842475 -0.910392 -0.977452 
46.234871 9397130.000000 44 50 54 0.520664 0.710492 0.795929 0.990488 0.978431 0.837495 0.644323 0.610949 0.356119 0.146787 -0.043772 -0.241272 -0.471489 -0.623395 -0.770139 -0.830794 -0.919020 -0.954912 -0.982390 0.983113 0.961764 0.869098 0.708104 0.660260 0.465287 0.142756 -0.004845 -0.273032 -0.506524 -0.616681 -0.775279 -0.822907 -0.902500 -0.950708 -0.974515 
51.476631 11568447.000000 56 54 54 0.846451 0.814284 0.732263 0.989195 0.973059 0.759366 0.644429 0.501411 0.288202 0.073058 -0.108278 -0.336532 -0.562969 -0.677316 -0.805858 -0.853618 -0.924536 -0.960808 -0.991576 0.990854 0.978684 0.783667 0.634807 0.586145 0.321417 0.106233 -0.083019 -0.286061 -0.520356 -0.654591 -0.789224 -0.853817 -0.923883 -0.953077 -0.985663 
55.701504 11165003.000000 54 52 50 0.541761 0.578381 0.577383 0.983907 0.942717 0.785675 0.629271 0.419696 0.199396 -0.048784 -0.199656 -0.442081 -0.571093 -0.644948 -0.767551 -0.860161 -0.951138 -0.968213 -0.992793 0.989596 0.960045 0.772123 0.648173 0.438783 0.260045 0.020838 -0.144776 -0.387922 -0.581043 -0.664040 -0.791710 -0.858856 -0.933008 -0.964710 -0.993055 
61.430519 17912610.000000 50 94 46 0.665611 0.488803 0.537591 0.983104 0.923475 0.809272 0.664980 0.490170 0.246498 -0.026686 -0.228154 -0.433455 -0.578367 -0.749241 -0.832033 -0.848946 -0.879488 -0.945095 -0.980696 0.980521 0.924852 0.796605 0.639141 0.474622 0.180975 -0.042586 -0.235973 -0.459106 -0.579130 -0.678232 -0.818123 -0.851740 -0.936825 -0.962079 -0.991329 
63.787048 13600339.000000 50 56 62 0.787955 0.748727 0.687216 0.979167 0.919130 0.802203 0.649529 0.456648 0.179553 -0.083671 -0.236901 -0.427633 -0.555649 -0.672854 -0.773102 -0.819947 -0.844898 -0.906231 -0.977133 0.980151 0.917116 0.809272 0.663295 0.481868 0.217968 -0.054073 -0.250889 -0.430309 -0.568102 -0.709951 -0.802251 -0.829856 -0.848342 -0.895148 -0.976104 
44.221954 764535.375000 52 52 148 0.566407 0.784931 0.463942 0.984938 0.964880 0.860482 0.668239 0.448432 0.203074 -0.017323 -0.198817 -0.370173 -0.527648 -0.704342 -0.800340 -0.836415 -0.874602 -0.936354 -0.987497 0.985504 0.952215 0.826679 0.659913 0.467127 0.156064 -0.058275 -0.199709 -0.396893 -0.512503 -0.647746 -0.791242 -0.837837 -0.870775 -0.935570 -0.990085 
40.120598 5610798.500000 76 110 130 0.376257 0.391063 0.429080 0.961464 0.902958 0.725628 0.672344 0.444972 0.299188 0.210817 0.044385 -0.099984 -0.312192 -0.494089 -0.674339 -0.826415 -0.853433 -0.918473 -0.979811 0.976337 0.926847 0.762098 0.687638 0.430453 0.282897 0.192475 0.004007 -0.196589 -0.413752 -0.610727 -0.770577 -0.830204 -0.859852 -0.931571 -0.980551 
43.189541 10237755.000000 130 62 106 0.359080 0.390758 0.430757 0.978228 0.857715 0.663466 0.638373 0.445502 0.261581 0.145004 0.016388 -0.182505 -0.322404 -0.467950 -0.634578 -0.792828 -0.846536 -0.926464 -0.980243 0.974629 0.888427 0.667552 0.624081 0.426381 0.254560 0.148538 0.022433 -0.135713 -0.334725 -0.472537 -0.636132 -0.787238 -0.836030 -0.908576 -0.980042 
40.113911 5562640.500000 56 56 36 0.466081 0.523232 0.705104 0.983620 0.965340 0.822687 0.687874 0.641433 0.483557 0.283781 0.103269 -0.107017 -0.301302 -0.450527 -0.646642 -0.807540 -0.852773 -0.917863 -0.979070 0.970125 0.848273 0.689752 0.661744 0.534792 0.325194 0.196773 0.040528 -0.167583 -0.295050 -0.452183 -0.661883 -0.807649 -0.844119 -0.923995 -0.970567 
58.395386 33394786.000000 82 46 44 0.547707 0.868160 0.938685 0.982726 0.964568 0.923311 0.722613 0.668637 0.622079 0.525327 0.278339 0.017315 -0.068092 -0.290351 -0.592779 -0.744818 -0.823583 -0.894814 -0.970514 0.986462 0.971513 0.911074 0.742283 0.682088 0.637565 0.534056 0.303827 -0.018723 -0.104953 -0.413390 -0.616515 -0.756739 -0.833552 -0.891920 -0.966236 
61.643887 84680800.000000 46 46 46 0.942536 0.960978 0.984999 0.975346 0.960296 0.922865 0.712202 0.625032 0.541483 0.393216 0.253138 0.021973 -0.076571 -0.168576 -0.466648 -0.697793 -0.786607 -0.831005 -0.939308 0.978428 0.961528 0.925740 0.704770 0.656829 0.581091 0.491449 0.312545 0.034045 -0.059248 -0.215420 -0.571647 -0.725851 -0.803429 -0.871614 -0.963790 
62.430580 126486336.000000 46 46 46 0.979274 0.989700 0.953002 0.976189 0.960756 0.924853 0.707972 0.592159 0.501161 0.338467 0.207551 0.061862 -0.108244 -0.194264 -0.460767 -0.656649 -0.735011 -0.787764 -0.925491 0.975875 0.960696 0.927351 0.711453 0.611428 0.507019 0.355026 0.252405 0.019879 -0.102933 -0.175192 -0.440987 -0.691454 -0.753738 -0.809146 -0.951760 
61.970444 154464784.000000 46 48 48 0.958497 0.989569 0.949451 0.979842 0.961575 0.927630 0.708741 0.546250 0.462482 0.261006 0.135155 0.010250 -0.139700 -0.228857 -0.456400 -0.622803 -0.717762 -0.770945 -0.904460 0.977635 0.961582 0.923375 0.711748 0.561492 0.472388 0.321105 0.173012 0.039969 -0.141628 -0.211057 -0.431437 -0.631664 -0.726419 -0.782083 -0.903717 
60.985390 116853768.000000 48 50 50 0.954821 0.985714 0.944827 0.983110 0.963402 0.930524 0.742165 0.488429 0.361342 0.264967 0.146673 0.007418 -0.190586 -0.283737 -0.401156 -0.623937 -0.701573 -0.747180 -0.845194 0.980985 0.961532 0.928456 0.715619 0.525642 0.412297 0.245452 0.144261 -0.002220 -0.170656 -0.251678 -0.443319 -0.613497 -0.720138 -0.769069 -0.864819 
59.691883 68144216.000000 50 52 56 0.980590 0.982115 0.965342 0.988250 0.969717 0.940800 0.753468 0.455161 0.356088 0.243620 0.164786 0.027348 -0.202376 -0.336413 -0.444139 -0.603269 -0.695809 -0.770937 -0.854026 0.986867 0.967088 0.935076 0.777544 0.449613 0.353294 0.266052 0.161999 0.021678 -0.201211 -0.297296 -0.408279 -0.604717 -0.687331 -0.742524 -0.844372 
56.999783 21750204.000000 54 56 60 0.940335 0.956067 0.942896 0.987974 0.973616 0.946566 0.777610 0.511021 0.367821 0.238964 0.155932 0.042234 -0.153833 -0.370747 -0.463136 -0.556341 -0.636212 -0.745585 -0.864526 0.988563 0.972304 0.946540 0.779002 0.468191 0.353321 0.253117 0.163859 0.039501 -0.179807 -0.384785 -0.460362 -0.584400 -0.676360 -0.750980 -0.826543 
53.724632 3849768.500000 60 62 64 0.934896 0.961385 0.949975 0.991070 0.978125 0.945808 0.869200 0.559058 0.451773 0.342523 0.228663 0.094100 -0.179013 -0.336149 -0.468286 -0.570728 -0.700369 -0.800464 -0.939215 0.988594 0.973897 0.942619 0.812911 0.544494 0.390233 0.264092 0.188503 0.073767 -0.154528 -0.348445 -0.471504 -0.548730 -0.615305 -0.755902 -0.914760 
52.159019 1810969.375000 64 66 66 0.935790 0.899479 0.736230 0.991974 0.980926 0.952348 0.823428 0.617292 0.490076 0.383956 0.222652 0.070735 -0.147603 -0.315508 -0.445508 -0.618295 -0.700000 -0.777843 -0.940911 0.991973 0.979957 0.948264 0.870331 0.573391 0.466215 0.394837 0.234868 0.099796 -0.122545 -0.355633 -0.474417 -0.621609 -0.717915 -0.779902 -0.937366 
47.972702 835081.625000 66 72 76 0.715793 0.780573 0.782249 0.991442 0.980156 0.954826 0.818627 0.567308 0.463530 0.317883 0.255163 0.080156 -0.117568 -0.272015 -0.462746 -0.596447 -0.681064 -0.818790 -0.954640 0.989582 0.979929 0.950734 0.854554 0.595189 0.477355 0.318925 0.237630 0.049656 -0.163074 -0.314711 -0.439723 -0.596787 -0.697906 -0.801028 -0.948596 
43.367916 7273676.500000 76 86 66 0.787469 0.651016 0.847810 0.990690 0.971331 0.877803 0.606645 0.484300 0.290110 0.173910 0.064576 -0.075394 -0.216583 -0.346331 -0.489546 -0.683341 -0.847926 -0.908222 -0.967607 0.992321 0.976444 0.926446 0.752910 0.535421 0.416851 0.298302 0.180605 0.009083 -0.089616 -0.270892 -0.408302 -0.588543 -0.731106 -0.862083 -0.920951 
45.373287 10020970.000000 64 84 82 0.837868 0.651512 0.899719 0.989011 0.982136 0.894385 0.578793 0.504256 0.287019 0.239646 0.076105 -0.133917 -0.285355 -0.439210 -0.623817 -0.743142 -0.831044 -0.892380 -0.962969 0.990448 0.980037 0.830576 0.556710 0.443484 0.248607 0.196343 0.013281 -0.162173 -0.302619 -0.404389 -0.578662 -0.727324 -0.847850 -0.907185 -0.983781 
50.162243 2926034.750000 82 82 82 0.910241 0.920738 0.636561 0.987090 0.977165 0.961856 0.701207 0.592360 0.519679 0.344778 0.251619 0.002673 -0.182116 -0.304993 -0.514644 -0.722587 -0.798813 -0.905432 -0.966187 0.986588 0.980300 0.944750 0.645004 0.566764 0.411132 0.298612 0.193022 -0.092910 -0.219160 -0.346450 -0.604064 -0.740436 -0.828465 -0.893021 -0.962488 
52.956814 1100842.750000 84 86 86 0.708095 0.928671 0.977647 0.986160 0.978397 0.961855 0.750129 0.640371 0.603460 0.486791 0.358902 0.088049 -0.078876 -0.209728 -0.378212 -0.599486 -0.780338 -0.869077 -0.956019 0.986351 0.977053 0.962547 0.741208 0.614479 0.568653 0.422568 0.307737 0.066713 -0.096982 -0.244549 -0.477559 -0.691901 -0.781170 -0.877700 -0.959304 
53.981823 743587.687500 86 86 88 0.982054 0.960939 0.911383 0.985557 0.978550 0.960272 0.772528 0.652405 0.603900 0.506031 0.408291 0.185524 -0.050067 -0.137072 -0.340877 -0.629104 -0.762697 -0.883893 -0.969962 0.985747 0.977837 0.963050 0.763179 0.644489 0.605071 0.494751 0.366326 0.112187 -0.058151 -0.173279 -0.348957 -0.573174 -0.773284 -0.879153 -0.965693 
52.244698 505169.500000 88 88 90 0.902666 0.925415 0.963170 0.985560 0.977274 0.955979 0.841146 0.632874 0.596757 0.489517 0.406564 0.212222 -0.051558 -0.122537 -0.356441 -0.620195 -0.763602 -0.888794 -0.971426 0.985806 0.978754 0.956044 0.793800 0.652199 0.609920 0.519575 0.426408 0.194042 -0.058947 -0.155415 -0.412686 -0.629587 -0.769606 -0.888649 -0.972656 
51.793365 753663.000000 90 92 92 0.976992 0.961245 0.968841 0.987443 0.978390 0.953843 0.789436 0.628803 0.589616 0.447506 0.340396 0.183370 -0.031110 -0.104712 -0.261475 -0.604037 -0.727139 -0.895971 -0.965341 0.985875 0.977264 0.955061 0.819384 0.629379 0.597465 0.487519 0.399380 0.206556 -0.049913 -0.096488 -0.353476 -0.608754 -0.731555 -0.894830 -0.969908 
49.525566 1141228.500000 92 94 94 0.971748 0.973590 0.962261 0.989307 0.981444 0.957075 0.714832 0.616195 0.548114 0.307377 0.180610 0.034272 -0.105154 -0.163349 -0.371256 -0.572606 -0.691319 -0.854005 -0.959695 0.989305 0.981238 0.953387 0.738168 0.628634 0.578240 0.376183 0.279283 0.102026 -0.022384 -0.116965 -0.207413 -0.549956 -0.755338 -0.882693 -0.965108 
47.391602 10261154.000000 94 94 94 0.887450 0.874878 0.689594 0.989483 0.983150 0.925859 0.637079 0.560718 0.277165 0.043562 -0.152725 -0.268661 -0.393142 -0.500930 -0.617252 -0.740619 -0.835511 -0.896707 -0.969639 0.989176 0.981771 0.952432 0.658412 0.592914 0.356607 0.151427 -0.011143 -0.170071 -0.242711 -0.449266 -0.585323 -0.695780 -0.807614 -0.899270 -0.955987 
54.222759 11522870.000000 94 90 92 0.652373 0.493561 0.584328 0.985273 0.970853 0.833105 0.632791 0.490903 0.117107 -0.135866 -0.266588 -0.379912 -0.539502 -0.667674 -0.735048 -0.813501 -0.845428 -0.908913 -0.963219 0.987858 0.979634 0.886859 0.609618 0.518794 0.164704 -0.105309 -0.249027 -0.343508 -0.474676 -0.616972 -0.706677 -0.799158 -0.832757 -0.887655 -0.970078 
56.735085 10439880.000000 92 88 90 0.705473 0.506752 0.675232 0.987481 0.953429 0.815057 0.654267 0.497007 0.214966 -0.143079 -0.270722 -0.431635 -0.570011 -0.705822 -0.781540 -0.853672 -0.896336 -0.929664 -0.948062 0.986696 0.963591 0.826995 0.640735 0.513792 0.188636 -0.136899 -0.275088 -0.412520 -0.558518 -0.673738 -0.751963 -0.826234 -0.864495 -0.931138 -0.958498 
56.913048 6054444.000000 92 86 84 0.594649 0.755883 0.583279 0.985690 0.976366 0.915475 0.688365 0.561424 0.325156 0.049806 -0.216025 -0.375799 -0.514862 -0.706607 -0.793951 -0.866113 -0.906400 -0.932063 -0.963462 0.985304 0.955724 0.820234 0.676382 0.494341 0.267625 -0.074549 -0.258986 -0.417561 -0.542563 -0.731965 -0.796823 -0.867588 -0.903376 -0.930513 -0.950377 
50.200668 8557833.000000 84 84 84 0.727431 0.902833 0.960723 0.985317 0.974937 0.951512 0.749544 0.619907 0.568882 0.299746 0.177981 -0.232542 -0.412835 -0.571935 -0.771373 -0.828601 -0.881710 -0.934829 -0.965436 0.986971 0.976140 0.960685 0.733454 0.612733 0.498757 0.201929 -0.048109 -0.360111 -0.481472 -0.665502 -0.792194 -0.847560 -0.897513 -0.934579 -0.974396 
52.189594 7460371.000000 84 84 86 0.977602 0.983272 0.951359 0.984454 0.973626 0.944864 0.811765 0.609273 0.575691 0.283450 0.231196 -0.020121 -0.341825 -0.412425 -0.676373 -0.817631 -0.887587 -0.918355 -0.942035 0.984849 0.974254 0.950296 0.785204 0.619147 0.583503 0.308274 0.225133 -0.027822 -0.362477 -0.484514 -0.740393 -0.836149 -0.891807 -0.924281 -0.961623 
51.794891 3307421.000000 86 86 88 0.964644 0.977279 0.946699 0.985003 0.975186 0.950075 0.859395 0.618044 0.584224 0.320135 0.260068 -0.060236 -0.354451 -0.449205 -0.706171 -0.784757 -0.868468 -0.913964 -0.944135 0.984425 0.974397 0.946867 0.846374 0.609400 0.576503 0.292253 0.219439 -0.007096 -0.332856 -0.422107 -0.688190 -0.810296 -0.879001 -0.915159 -0.940320 
47.059967 769396.875000 88 92 92 0.942711 0.667106 0.833845 0.985843 0.978032 0.955282 0.858703 0.626609 0.574842 0.317904 0.241499 -0.236850 -0.365272 -0.493177 -0.750733 -0.828969 -0.877848 -0.931883 -0.950833 0.985294 0.975249 0.951822 0.871750 0.602976 0.576275 0.320778 0.247148 -0.139172 -0.350543 -0.441348 -0.675012 -0.813052 -0.878572 -0.921711 -0.946252 
46.720089 236933.343750 92 92 92 0.873473 0.942616 0.925299 0.991030 0.983431 0.964021 0.933257 0.660135 0.605209 0.381476 0.203055 -0.168341 -0.373500 -0.557259 -0.739017 -0.827929 -0.873148 -0.934133 -0.950206 0.989881 0.982150 0.959610 0.915141 0.647682 0.601029 0.355668 0.236686 -0.263118 -0.379707 -0.588648 -0.762693 -0.828599 -0.876076 -0.931190 -0.950856 
43.900368 887470.500000 90 92 94 0.947890 0.898958 0.478007 0.989281 0.977618 0.962676 0.806573 0.574298 0.400112 0.094384 -0.031067 -0.205574 -0.336575 -0.482400 -0.519313 -0.702373 -0.859755 -0.920580 -0.944173 0.990950 0.981194 0.968381 0.929597 0.656347 0.587251 0.356206 0.103843 -0.180913 -0.375584 -0.505905 -0.700923 -0.836775 -0.882207 -0.930329 -0.945129 
34.902843 315922.187500 96 88 88 0.546051 0.635649 0.803167 0.995219 0.982499 0.945582 0.748788 0.498226 0.354494 0.132365 0.090956 -0.140603 -0.278414 -0.442340 -0.518388 -0.743125 -0.839944 -0.912017 -0.934218 0.990001 0.973705 0.938971 0.695716 0.527428 0.255042 0.101803 -0.003237 -0.208791 -0.326646 -0.473988 -0.523267 -0.670275 -0.854369 -0.915219 -0.953721 
35.574242 352341.812500 88 88 206 0.805120 0.844193 0.576339 0.994725 0.980495 0.947987 0.757947 0.441085 0.282940 0.101690 0.036550 -0.137406 -0.259289 -0.376757 -0.453960 -0.788998 -0.856044 -0.913054 -0.933496 0.995240 0.983306 0.957390 0.717169 0.447393 0.302414 0.116755 0.055232 -0.098529 -0.253431 -0.400811 -0.495306 -0.793291 -0.843284 -0.918845 -0.937368 
36.478439 359681.250000 90 90 86 0.633696 0.805965 0.701838 0.996202 0.985390 0.930867 0.757981 0.500655 0.304971 0.124847 0.057738 -0.121673 -0.263921 -0.368502 -0.419656 -0.783259 -0.845401 -0.915400 -0.933783 0.994514 0.981669 0.943732 0.790614 0.461588 0.294051 0.109495 0.028668 -0.150284 -0.238533 -0.360448 -0.415321 -0.769679 -0.852259 -0.908170 -0.934289 
40.593628 599778.625000 86 84 82 0.816462 0.938713 0.670360 0.992613 0.977940 0.955396 0.853857 0.550107 0.343722 0.162413 0.097227 -0.062655 -0.218628 -0.355019 -0.425888 -0.753674 -0.835668 -0.899162 -0.931453 0.995248 0.982781 0.952355 0.847182 0.526379 0.373863 0.135554 0.074198 -0.044609 -0.244396 -0.347539 -0.424925 -0.755317 -0.841698 -0.919873 -0.936149 
46.535038 2301005.250000 82 84 86 0.598640 0.959309 0.972591 0.988210 0.974506 0.952280 0.846219 0.526374 0.438383 0.222640 0.144523 0.012487 -0.167406 -0.406324 -0.461040 -0.694155 -0.811285 -0.864557 -0.909487 0.989605 0.975187 0.955851 0.871993 0.565107 0.440140 0.202239 0.143895 -0.053607 -0.199359 -0.405047 -0.464532 -0.729877 -0.826051 -0.878362 -0.931315 
47.798225 1236424.875000 86 86 90 0.962900 0.948056 0.938250 0.987728 0.976941 0.956136 0.848202 0.558378 0.508729 0.241395 0.149851 0.062567 -0.152830 -0.451440 -0.485000 -0.731431 -0.835143 -0.881256 -0.905139 0.987329 0.975475 0.951150 0.832927 0.534526 0.471548 0.211320 0.152269 0.016761 -0.161864 -0.423539 -0.463897 -0.700936 -0.817838 -0.869714 -0.900117 
42.632751 1837385.000000 90 92 94 0.946806 0.757469 0.450525 0.987406 0.975642 0.947856 0.742157 0.518013 0.356802 0.101252 -0.017751 -0.302772 -0.398975 -0.592653 -0.712029 -0.832811 -0.928276 -0.958022 -0.985493 0.988287 0.977953 0.958874 0.866922 0.560477 0.496624 0.257652 0.133334 -0.067013 -0.309337 -0.466639 -0.574428 -0.806280 -0.873484 -0.952626 -0.973857 
41.435692 1767034.500000 68 54 86 0.257612 0.650496 0.499119 0.987933 0.968984 0.867967 0.607626 0.432697 0.112209 -0.066321 -0.167289 -0.354343 -0.489073 -0.537300 -0.768292 -0.850176 -0.921919 -0.958540 -0.987896 0.987089 0.976529 0.913041 0.640043 0.426327 0.169110 0.002846 -0.152203 -0.296229 -0.478808 -0.600468 -0.730526 -0.833853 -0.915194 -0.959106 -0.991142 
42.828640 1283346.750000 86 86 88 0.641854 0.459105 0.397327 0.984996 0.967014 0.825958 0.657971 0.452697 0.186928 -0.162938 -0.257220 -0.398165 -0.480790 -0.560774 -0.768897 -0.841405 -0.897114 -0.958450 -0.981752 0.985861 0.964420 0.858043 0.629006 0.480304 0.112337 -0.117301 -0.226230 -0.407619 -0.476522 -0.539880 -0.771269 -0.848765 -0.892276 -0.957714 -0.975134 
45.590458 1896513.375000 124 86 86 0.595568 0.536399 0.437466 0.985832 0.956468 0.810757 0.648546 0.467634 0.166163 -0.078647 -0.198985 -0.355045 -0.467807 -0.589334 -0.781106 -0.876141 -0.930695 -0.971384 -0.984952 0.984494 0.960106 0.826915 0.670577 0.449779 0.168378 -0.133673 -0.227410 -0.378179 -0.472701 -0.590413 -0.779134 -0.862297 -0.933127 -0.966389 -0.985506 
37.769855 1115121.125000 40 56 86 0.566872 0.698309 0.495949 0.983274 0.949847 0.794854 0.636018 0.459666 0.163202 0.059191 -0.106711 -0.250064 -0.443563 -0.538867 -0.696947 -0.848949 -0.908136 -0.961491 -0.980525 0.987391 0.950198 0.817259 0.633609 0.481359 0.195203 -0.025021 -0.158315 -0.318655 -0.472772 -0.550042 -0.728101 -0.844547 -0.911668 -0.965956 -0.982124 
33.551762 1222953.500000 86 92 90 0.528055 0.371978 0.471541 0.973361 0.926659 0.862792 0.680668 0.522667 0.209714 0.094702 0.010281 -0.143124 -0.410663 -0.490162 -0.594379 -0.795724 -0.840114 -0.936474 -0.973920 0.974759 0.941948 0.821885 0.658001 0.510306 0.192070 0.088066 -0.029048 -0.208054 -0.423148 -0.506553 -0.621078 -0.829644 -0.895175 -0.957344 -0.977092 
34.764431 1410859.625000 88 68 74 0.374681 0.550643 0.705320 0.994450 0.948950 0.875899 0.729770 0.526917 0.339178 0.167938 0.092788 -0.062532 -0.240537 -0.419430 -0.509324 -0.730083 -0.816042 -0.940942 -0.981923 0.983385 0.926086 0.868500 0.678312 0.517123 0.259545 0.116096 0.044410 -0.100875 -0.308339 -0.462643 -0.535111 -0.763253 -0.808939 -0.916377 -0.971520 
44.950867 3571294.000000 74 82 78 0.715346 0.683573 0.810435 0.990456 0.950256 0.910413 0.842195 0.698525 0.571086 0.298955 0.184761 0.074365 -0.157416 -0.292749 -0.537135 -0.756783 -0.821131 -0.915646 -0.968300 0.994993 0.963909 0.895141 0.832714 0.625990 0.447881 0.226637 0.161947 -0.036269 -0.188173 -0.359440 -0.485733 -0.730051 -0.806603 -0.941942 -0.979603 
50.063736 9241683.000000 80 84 86 0.790243 0.914133 0.935240 0.981724 0.938820 0.900749 0.792258 0.658634 0.601194 0.418153 0.235299 0.147189 -0.104160 -0.222994 -0.468749 -0.722283 -0.816458 -0.881966 -0.941070 0.984802 0.945832 0.906624 0.815629 0.669434 0.598100 0.436656 0.215725 0.127042 -0.134051 -0.244127 -0.522286 -0.769155 -0.820189 -0.897593 -0.948837 
51.929161 4948061.500000 86 88 90 0.959619 0.974795 0.930211 0.977656 0.939238 0.905539 0.814695 0.682302 0.629421 0.461915 0.272134 0.178103 -0.038974 -0.152492 -0.397286 -0.673033 -0.804060 -0.857730 -0.935606 0.978037 0.937686 0.903513 0.799398 0.664497 0.605504 0.425401 0.247271 0.158296 -0.065816 -0.175047 -0.439276 -0.704337 -0.815456 -0.866877 -0.941875 
50.038078 947822.500000 90 92 96 0.935177 0.636862 0.774525 0.979062 0.946769 0.913971 0.865382 0.711692 0.648398 0.565550 0.319834 0.215422 0.004913 -0.144310 -0.410511 -0.666143 -0.803074 -0.885553 -0.961609 0.978317 0.942371 0.910119 0.846891 0.694100 0.640607 0.520754 0.300409 0.186867 -0.019192 -0.167767 -0.391863 -0.650605 -0.798478 -0.860855 -0.953385 
47.417648 465042.718750 96 98 100 0.788717 0.857023 0.553821 0.986320 0.957049 0.917884 0.857448 0.703063 0.649188 0.543518 0.353991 0.263086 -0.026092 -0.202399 -0.431157 -0.667268 -0.785826 -0.907647 -0.975380 0.981734 0.951461 0.915572 0.852406 0.705234 0.661053 0.551468 0.322292 0.238235 -0.016492 -0.142544 -0.369996 -0.665615 -0.790724 -0.895374 -0.971057 
45.432873 274113.343750 102 106 106 0.567691 0.862655 0.817098 0.988250 0.963147 0.928510 0.872249 0.723077 0.680911 0.534976 0.370931 0.218344 -0.123421 -0.227171 -0.456483 -0.667230 -0.779233 -0.886645 -0.969448 0.986568 0.957446 0.926213 0.863387 0.701636 0.643885 0.542832 0.364458 0.240727 -0.070217 -0.218082 -0.440293 -0.652080 -0.777377 -0.886451 -0.967120 
44.036888 123034.406250 106 108 110 0.777605 0.614623 0.701014 0.990596 0.975055 0.923290 0.876194 0.738739 0.708134 0.577576 0.380195 0.076811 -0.176523 -0.210180 -0.384868 -0.694256 -0.783199 -0.911340 -0.969958 0.989823 0.971736 0.924434 0.866698 0.727805 0.706070 0.553323 0.370274 0.137330 -0.158151 -0.215138 -0.439562 -0.682444 -0.787727 -0.900031 -0.967565 
39.143848 45502.878906 110 112 110 0.654859 0.692577 0.802698 0.991894 0.974982 0.930045 0.880731 0.738376 0.677689 0.526745 0.314986 0.073185 -0.164769 -0.290388 -0.489934 -0.687729 -0.807470 -0.919350 -0.969646 0.991484 0.971958 0.921471 0.859238 0.746405 0.705505 0.562740 0.358361 0.062602 -0.167705 -0.232347 -0.433929 -0.689273 -0.791744 -0.913994 -0.969786 
35.423462 21938.591797 56 108 112 0.643654 0.689802 0.457998 0.992887 0.977235 0.915532 0.874105 0.743831 0.661357 0.505074 0.315484 0.036231 -0.163124 -0.339381 -0.515229 -0.712987 -0.810485 -0.920410 -0.975873 0.991986 0.977304 0.919837 0.872269 0.777817 0.661023 0.528018 0.335133 0.081834 -0.150817 -0.343717 -0.493340 -0.720470 -0.803180 -0.926320 -0.974028 
27.506542 13965.298828 114 194 102 0.367079 0.544933 0.561883 0.991353 0.969952 0.903761 0.851848 0.738210 0.641333 0.394017 0.254672 -0.036438 -0.216661 -0.326143 -0.544657 -0.689274 -0.852544 -0.917384 -0.967611 0.991829 0.969580 0.917882 0.867340 0.723587 0.667225 0.436025 0.265566 0.018257 -0.199813 -0.326357 -0.546297 -0.688707 -0.831630 -0.902624 -0.963859 
23.169357 8735.850586 102 102 112 0.622500 0.492047 0.533823 0.993508 0.965942 0.910647 0.849701 0.690783 0.570573 0.383739 0.269594 -0.044481 -0.228670 -0.354739 -0.525463 -0.663756 -0.855129 -0.932404 -0.976351 0.991578 0.967628 0.906741 0.851219 0.719514 0.574817 0.394990 0.253937 -0.072798 -0.222814 -0.348002 -0.520252 -0.668782 -0.861410 -0.921707 -0.976634 
22.657246 12255.483398 100 96 116 0.607968 0.740439 0.417747 0.993853 0.972038 0.883895 0.765712 0.692736 0.600501 0.367037 0.206536 -0.061502 -0.200321 -0.360029 -0.521515 -0.740337 -0.846345 -0.905357 -0.968424 0.994420 0.970622 0.913971 0.824320 0.690099 0.558599 0.375797 0.258824 -0.026740 -0.206871 -0.344328 -0.519795 -0.698136 -0.853263 -0.923146 -0.978858 
33.058517 1449748.250000 118 90 96 0.501637 0.482707 0.393555 0.985485 0.944280 0.704008 0.670410 0.571380 0.139508 0.021576 -0.103645 -0.231924 -0.338730 -0.559790 -0.684419 -0.763077 -0.853242 -0.917698 -0.978426 0.990232 0.964583 0.846400 0.706415 0.674100 0.451676 0.162890 -0.004219 -0.133097 -0.262073 -0.430522 -0.613321 -0.712538 -0.836287 -0.897524 -0.977766 
46.748444 3914742.250000 60 112 104 0.318022 0.564892 0.434412 0.979160 0.927851 0.740341 0.636429 0.267416 0.037714 -0.092233 -0.271842 -0.314259 -0.374707 -0.566605 -0.712724 -0.751654 -0.846341 -0.922131 -0.985219 0.981256 0.948883 0.710081 0.661161 0.376112 0.049078 -0.031057 -0.212057 -0.295589 -0.337840 -0.533591 -0.717778 -0.783120 -0.885843 -0.931807 -0.975346 
47.672878 2684788.750000 106 84 46 0.364090 0.624120 0.333178 0.982999 0.930890 0.807950 0.638700 0.401035 0.041888 -0.086895 -0.278111 -0.356152 -0.525169 -0.645630 -0.682318 -0.772418 -0.868831 -0.938263 -0.974091 0.980372 0.927316 0.777436 0.625664 0.313611 0.015557 -0.112961 -0.273179 -0.320358 -0.429555 -0.626787 -0.694604 -0.732552 -0.840158 -0.926924 -0.977817 
49.819633 2475593.750000 44 150 82 0.412859 0.600355 0.524513 0.976692 0.944468 0.805297 0.653304 0.415373 0.075179 -0.103747 -0.253580 -0.409608 -0.509128 -0.660037 -0.766500 -0.798061 -0.832116 -0.893101 -0.979911 0.981273 0.941353 0.808431 0.647063 0.404153 0.046353 -0.088048 -0.287403 -0.406979 -0.556485 -0.637920 -0.726720 -0.794675 -0.833585 -0.942787 -0.975297 
57.921909 6002751.000000 84 86 122 0.630438 0.514426 0.457063 0.977253 0.925567 0.812163 0.666157 0.478578 0.221072 -0.089813 -0.216093 -0.421403 -0.521049 -0.669457 -0.800072 -0.819511 -0.841850 -0.873040 -0.979418 0.976698 0.930246 0.806341 0.654680 0.450262 0.149803 -0.110747 -0.212603 -0.411903 -0.499993 -0.658321 -0.775731 -0.810269 -0.837800 -0.878263 -0.976645 
58.236420 4921495.500000 122 84 96 0.519922 0.664488 0.613194 0.980327 0.929199 0.812660 0.676823 0.486761 0.279761 -0.049741 -0.244286 -0.401786 -0.539648 -0.678326 -0.826877 -0.845874 -0.870026 -0.900067 -0.975641 0.977826 0.929131 0.809711 0.667510 0.480490 0.243144 -0.100887 -0.240422 -0.410412 -0.534774 -0.686120 -0.815675 -0.834275 -0.860938 -0.892215 -0.977429 
62.120911 14681396.000000 123 140 50 0.573523 0.693260 0.620609 0.980991 0.917246 0.798346 0.649180 0.403838 0.123686 -0.059887 -0.248993 -0.437136 -0.471060 -0.500160 -0.543657 -0.695244 -0.826437 -0.921645 -0.975178 0.980023 0.913801 0.798090 0.645858 0.410557 0.132194 -0.042854 -0.268379 -0.425089 -0.479810 -0.499174 -0.543955 -0.741749 -0.842912 -0.919057 -0.978097 
59.990814 11755356.000000 48 108 120 0.409383 0.473247 0.484796 0.981277 0.918187 0.798042 0.640208 0.396658 0.117966 -0.048147 -0.291482 -0.448478 -0.499136 -0.525441 -0.571878 -0.720366 -0.849123 -0.924233 -0.971424 0.981594 0.922523 0.796694 0.643965 0.374734 0.126806 -0.057340 -0.289334 -0.425385 -0.478994 -0.504657 -0.542908 -0.723388 -0.857122 -0.922736 -0.965762 
61.299763 9953494.000000 123 113 60 0.487572 0.493109 0.476374 0.981469 0.922043 0.804283 0.655755 0.437025 0.113254 -0.058255 -0.292339 -0.439155 -0.478141 -0.504164 -0.539686 -0.724383 -0.830811 -0.916472 -0.976394 0.982136 0.921928 0.802372 0.653137 0.425433 0.132486 -0.053666 -0.301886 -0.449263 -0.496492 -0.520626 -0.561904 -0.726398 -0.823932 -0.915435 -0.969764 
61.604088 9207993.000000 113 50 110 0.417328 0.491952 0.547654 0.978187 0.919600 0.798354 0.648326 0.420423 0.137746 -0.060217 -0.335640 -0.403031 -0.435732 -0.465903 -0.533420 -0.712573 -0.849886 -0.923350 -0.965082 0.979678 0.917594 0.803608 0.651751 0.447047 0.140770 -0.038022 -0.289269 -0.422703 -0.450161 -0.488774 -0.518683 -0.700096 -0.835148 -0.917774 -0.970294 
53.877487 2951243.500000 108 110 83 0.645385 0.399335 0.550138 0.983119 0.924722 0.791866 0.626594 0.345178 0.005069 -0.163016 -0.245993 -0.327539 -0.384171 -0.441141 -0.554516 -0.754287 -0.855206 -0.926880 -0.972485 0.978781 0.921819 0.792506 0.641109 0.401513 0.116464 -0.134542 -0.307775 -0.360126 -0.410191 -0.442956 -0.562451 -0.743112 -0.870613 -0.927341 -0.975332 
42.943893 1306518.750000 185 73 140 0.630008 0.619059 0.591365 0.988201 0.964490 0.801212 0.558135 0.147239 0.082098 -0.047592 -0.125283 -0.257038 -0.387853 -0.449963 -0.570990 -0.756550 -0.862011 -0.946394 -0.974549 0.988045 0.950294 0.782037 0.598978 0.170131 -0.008943 -0.125899 -0.182780 -0.281601 -0.376346 -0.473750 -0.596852 -0.736637 -0.850036 -0.930025 -0.979651 
36.833279 334609.593750 68 118 185 0.560003 0.389801 0.708097 0.988691 0.961013 0.841067 0.641547 0.284433 0.187749 0.064695 -0.161820 -0.303670 -0.385710 -0.467879 -0.519829 -0.684252 -0.839935 -0.930207 -0.974654 0.988913 0.958454 0.810128 0.487958 0.204406 0.137303 0.044624 -0.086761 -0.314008 -0.398119 -0.449277 -0.542572 -0.775485 -0.876809 -0.948914 -0.980109 
33.791954 106831.257812 153 110 255 0.460345 0.464432 0.448253 0.988428 0.965638 0.885091 0.725689 0.531740 0.240948 -0.038842 -0.167559 -0.298857 -0.405396 -0.474050 -0.493065 -0.621757 -0.795613 -0.915031 -0.967165 0.989834 0.969222 0.872680 0.706540 0.456976 0.206868 -0.033675 -0.199131 -0.306568 -0.392004 -0.470527 -0.511425 -0.634526 -0.810568 -0.911163 -0.974082 
31.273506 40042.183594 163 185 185 0.369267 0.727330 0.720782 0.986965 0.975914 0.891072 0.762324 0.570153 0.330209 0.046542 -0.130413 -0.274687 -0.379357 -0.450080 -0.495424 -0.535707 -0.693936 -0.905366 -0.969616 0.987058 0.969796 0.896720 0.754393 0.583738 0.297024 -0.018325 -0.135614 -0.297735 -0.420170 -0.467278 -0.503173 -0.549650 -0.755561 -0.931871 -0.970928 
29.222328 29220.880859 108 108 113 0.567643 0.445013 0.580370 0.988152 0.969403 0.900298 0.738085 0.596995 0.343204 0.076738 -0.128087 -0.267616 -0.404922 -0.453418 -0.486823 -0.523722 -0.728100 -0.893716 -0.956721 0.988122 0.969994 0.891875 0.761649 0.593875 0.343230 0.072128 -0.139261 -0.241891 -0.376986 -0.454784 -0.498520 -0.532917 -0.686003 -0.898186 -0.963508 
29.231588 20380.347656 113 108 115 0.423416 0.666502 0.709989 0.990294 0.977054 0.901461 0.788176 0.634717 0.449572 0.127116 -0.119049 -0.270575 -0.419519 -0.462285 -0.495291 -0.524381 -0.718943 -0.900016 -0.965325 0.990548 0.979828 0.905322 0.756405 0.613495 0.433690 0.073157 -0.105985 -0.272472 -0.422775 -0.460242 -0.497898 -0.526128 -0.719227 -0.903898 -0.957072 
26.668091 20497.861328 118 145 260 0.629643 0.499771 0.479984 0.989163 0.972734 0.903120 0.769755 0.654080 0.437796 0.180949 -0.063542 -0.273667 -0.416659 -0.463945 -0.492548 -0.536478 -0.785668 -0.912743 -0.971075 0.986589 0.972435 0.895679 0.773465 0.643282 0.414794 0.154799 -0.121340 -0.280262 -0.416394 -0.458028 -0.504557 -0.530630 -0.731071 -0.913886 -0.967755 
23.301376 26839.693359 68 110 108 0.395441 0.607178 0.575269 0.990686 0.974518 0.896639 0.748137 0.616448 0.381301 0.168308 -0.050590 -0.272907 -0.404767 -0.442675 -0.528715 -0.617888 -0.780165 -0.906616 -0.964353 0.990250 0.974370 0.913078 0.794867 0.651155 0.448409 0.193855 -0.034326 -0.273124 -0.411728 -0.444917 -0.485307 -0.529631 -0.774810 -0.907755 -0.969884 
21.533199 2275.311279 108 90 130 0.517059 0.371567 0.490047 0.989336 0.961883 0.872121 0.735128 0.628147 0.361974 0.196489 -0.120760 -0.284408 -0.377615 -0.452561 -0.505467 -0.639856 -0.793114 -0.905130 -0.956962 0.989771 0.969113 0.894525 0.738531 0.602222 0.356069 0.139699 -0.094415 -0.313143 -0.408724 -0.450638 -0.508999 -0.620261 -0.797606 -0.900919 -0.963953 
