38.997696 33448.414062 20 52 58 0.000000 0.523434 0.984715 0.993869 0.991682 0.966062 0.838270 0.684263 0.518401 0.345270 0.153174 -0.040186 -0.232558 -0.408819 -0.573372 -0.720233 -0.834741 -0.924836 -0.979734 0.992653 0.983566 0.903523 0.795363 0.648101 0.492797 0.318349 0.133065 -0.057363 -0.244113 -0.419932 -0.580787 -0.724040 -0.838836 -0.926506 -0.980719 
54.923290 9128024.000000 60 54 50 0.981530 0.517050 0.899060 0.974499 0.949678 0.919383 0.848275 0.784689 0.627703 0.357517 0.210731 0.076428 -0.126752 -0.226607 -0.339698 -0.562233 -0.723948 -0.806919 -0.931534 0.991231 0.975299 0.922047 0.840377 0.747108 0.577747 0.387704 0.224975 0.040473 -0.145332 -0.239753 -0.392943 -0.647748 -0.819775 -0.888094 -0.969711 
62.918228 57127204.000000 52 50 48 0.889402 0.971155 0.992632 0.961577 0.931772 0.911163 0.815852 0.759905 0.566101 0.355153 0.200087 0.091176 -0.138933 -0.223777 -0.355791 -0.542757 -0.706738 -0.774713 -0.960856 0.966224 0.936760 0.915796 0.826262 0.768681 0.599231 0.344593 0.200372 0.073011 -0.134772 -0.215729 -0.388135 -0.554295 -0.703614 -0.771104 -0.932732 
64.670761 95947456.000000 48 48 46 0.991439 0.931851 0.979720 0.958045 0.924489 0.900228 0.816818 0.741904 0.565229 0.358032 0.215259 0.067539 -0.102295 -0.264039 -0.379203 -0.558148 -0.699937 -0.797751 -0.979441 0.958407 0.927655 0.905051 0.811485 0.753294 0.555946 0.362280 0.204573 0.075022 -0.131645 -0.252663 -0.362019 -0.536742 -0.703053 -0.780997 -0.971510 
63.911911 79749264.000000 46 46 44 0.970087 0.985041 0.949600 0.962937 0.922060 0.891178 0.823911 0.724882 0.594335 0.363377 0.213870 0.115851 -0.095114 -0.245494 -0.351017 -0.542613 -0.661156 -0.875121 -0.982821 0.957618 0.922806 0.895453 0.818834 0.738199 0.592870 0.359185 0.226282 0.085406 -0.084537 -0.240538 -0.376632 -0.558394 -0.700639 -0.830238 -0.984313 
62.433739 64470696.000000 44 44 44 0.946235 0.964077 0.924926 0.973212 0.920792 0.894615 0.822610 0.698194 0.582559 0.382916 0.185043 0.103306 -0.029826 -0.271998 -0.348634 -0.518326 -0.649755 -0.832629 -0.977945 0.967756 0.920294 0.892454 0.824861 0.714039 0.591025 0.367725 0.192993 0.114206 -0.076091 -0.268489 -0.347791 -0.537513 -0.657668 -0.853036 -0.976209 
62.090759 64036204.000000 44 42 42 0.899170 0.955850 0.967562 0.978399 0.927154 0.900221 0.848746 0.672597 0.576424 0.384933 0.176532 0.070061 -0.031977 -0.269705 -0.392191 -0.509913 -0.662626 -0.802861 -0.964794 0.977313 0.925864 0.898721 0.841897 0.671471 0.577582 0.375196 0.183374 0.092035 -0.015135 -0.255833 -0.354698 -0.509675 -0.649410 -0.828251 -0.977397 
61.236767 70786720.000000 42 42 40 0.968399 0.918433 0.960270 0.977168 0.946874 0.898008 0.857783 0.651335 0.508748 0.396442 0.202869 0.056922 -0.087162 -0.347075 -0.428132 -0.505453 -0.684588 -0.888124 -0.968150 0.978507 0.938206 0.897846 0.864694 0.655149 0.520622 0.375117 0.166873 0.052805 -0.076663 -0.316954 -0.416981 -0.509381 -0.680871 -0.858070 -0.965993 
61.255165 40735292.000000 40 40 40 0.959285 0.968430 0.933158 0.975155 0.954185 0.918316 0.844559 0.660302 0.508990 0.424022 0.232993 0.134365 -0.036809 -0.316732 -0.428699 -0.494979 -0.651582 -0.874228 -0.979817 0.975349 0.951926 0.907643 0.851025 0.648676 0.506159 0.413011 0.223651 0.073761 -0.082053 -0.326119 -0.438512 -0.490998 -0.672613 -0.897653 -0.976863 
54.635242 3221006.500000 40 42 42 0.967282 0.911353 0.871008 0.988259 0.967264 0.899195 0.866365 0.693978 0.585563 0.425488 0.292768 0.144776 0.026034 -0.263697 -0.390989 -0.539685 -0.695664 -0.869830 -0.969857 0.981611 0.957711 0.915527 0.837989 0.678760 0.527058 0.437056 0.247004 0.153842 0.016852 -0.283671 -0.402624 -0.494878 -0.635349 -0.879322 -0.970730 
49.089073 2154968.750000 42 44 44 0.908829 0.895659 0.820672 0.988757 0.952605 0.901421 0.846915 0.690076 0.589829 0.448683 0.288385 0.072238 -0.093918 -0.288577 -0.425902 -0.536164 -0.653522 -0.887970 -0.969976 0.989185 0.970674 0.898873 0.862741 0.698543 0.608175 0.429440 0.283049 0.124497 -0.011216 -0.235132 -0.385604 -0.491971 -0.670324 -0.881009 -0.964379 
52.025967 11994596.000000 44 44 44 0.846087 0.839561 0.909466 0.985620 0.968026 0.902618 0.816208 0.601550 0.516636 0.386370 0.199111 0.113527 -0.026288 -0.320362 -0.443154 -0.538002 -0.647270 -0.832504 -0.982500 0.988042 0.963872 0.899157 0.847116 0.640713 0.558481 0.407986 0.246977 0.153999 -0.008509 -0.262743 -0.420235 -0.553504 -0.671649 -0.864321 -0.968379 
57.959690 38007128.000000 44 44 46 0.907588 0.971714 0.962499 0.977645 0.962709 0.935072 0.797642 0.537263 0.450023 0.372832 0.163570 0.049666 -0.095023 -0.374614 -0.487076 -0.557890 -0.687216 -0.815482 -0.986029 0.981601 0.962488 0.925845 0.794078 0.569058 0.469343 0.358768 0.167277 0.089540 -0.035930 -0.358135 -0.448041 -0.532286 -0.676841 -0.798421 -0.984994 
61.416710 35583100.000000 46 46 48 0.957847 0.912155 0.963530 0.974254 0.964110 0.941814 0.831906 0.552894 0.466112 0.375346 0.186567 0.043636 -0.058083 -0.342132 -0.494441 -0.539785 -0.724514 -0.804215 -0.955775 0.973490 0.963062 0.938033 0.812336 0.522425 0.469209 0.372123 0.176747 0.041655 -0.074294 -0.339769 -0.504714 -0.558014 -0.709596 -0.795324 -0.983322 
59.051403 7811253.000000 48 48 50 0.977212 0.945399 0.913691 0.984891 0.968508 0.940178 0.887055 0.644596 0.507878 0.401987 0.264446 0.044554 -0.042702 -0.368906 -0.497853 -0.581421 -0.745863 -0.808667 -0.952709 0.977029 0.964298 0.939255 0.866322 0.597163 0.477012 0.377504 0.193753 0.047934 -0.026315 -0.330757 -0.486244 -0.548702 -0.736571 -0.806760 -0.947563 
51.896461 6162767.500000 50 52 48 0.895907 0.736962 0.467606 0.989786 0.973179 0.917059 0.805357 0.545760 0.478604 0.356907 0.117073 0.005212 -0.241680 -0.526238 -0.586054 -0.763085 -0.839031 -0.948399 -0.979630 0.988159 0.973478 0.947469 0.877127 0.633652 0.498249 0.409386 0.228731 0.039675 -0.032764 -0.390680 -0.508204 -0.596672 -0.737397 -0.842714 -0.962887 
43.269936 10192945.000000 62 46 48 0.610494 0.704268 0.600109 0.975301 0.960317 0.860247 0.668687 0.518071 0.413953 0.187937 0.019304 -0.214749 -0.446931 -0.575518 -0.713958 -0.825820 -0.893719 -0.959480 -0.987925 0.983183 0.961201 0.885895 0.694866 0.523895 0.457452 0.206179 0.055468 -0.085825 -0.440999 -0.553318 -0.635834 -0.832123 -0.885549 -0.956340 -0.987704 
43.562515 9824788.000000 52 46 52 0.527491 0.559278 0.733720 0.975073 0.948709 0.863318 0.682084 0.530970 0.451729 0.159134 -0.033040 -0.207549 -0.461105 -0.600785 -0.735298 -0.842570 -0.892993 -0.965992 -0.989496 0.979672 0.950344 0.810100 0.687854 0.498120 0.416552 0.204052 -0.026155 -0.206754 -0.440570 -0.531185 -0.700411 -0.840838 -0.900748 -0.952461 -0.983621 
45.389572 7368050.500000 48 96 96 0.641937 0.624873 0.478975 0.973564 0.952823 0.875155 0.639533 0.509225 0.365220 0.119301 -0.103510 -0.272331 -0.483781 -0.564976 -0.757470 -0.859613 -0.917046 -0.965976 -0.988378 0.975864 0.954917 0.863970 0.675305 0.527326 0.441508 0.121000 -0.015420 -0.242374 -0.454842 -0.571159 -0.720256 -0.842604 -0.894861 -0.973010 -0.989473 
49.606915 8392164.000000 120 72 66 0.357399 0.601031 0.668545 0.965563 0.952421 0.838834 0.644420 0.454883 0.351317 0.038683 -0.191287 -0.366371 -0.510939 -0.612157 -0.756408 -0.871287 -0.923883 -0.973963 -0.989919 0.969979 0.950986 0.869959 0.624140 0.449429 0.377683 0.103210 -0.121062 -0.346210 -0.520896 -0.593199 -0.770910 -0.860257 -0.907523 -0.965322 -0.989790 
51.127125 7797663.500000 44 46 50 0.586056 0.773002 0.451804 0.973633 0.933810 0.813111 0.609042 0.474341 0.340324 -0.000918 -0.178160 -0.352998 -0.500814 -0.599414 -0.759837 -0.857499 -0.919989 -0.968514 -0.996982 0.967375 0.949345 0.794582 0.634744 0.473984 0.343364 0.062246 -0.188474 -0.349941 -0.467291 -0.600416 -0.752347 -0.885343 -0.938112 -0.976367 -0.992214 
49.589409 3572385.750000 92 48 48 0.434626 0.618135 0.639616 0.971368 0.945063 0.810829 0.619895 0.468736 0.275719 -0.039054 -0.203792 -0.380906 -0.530957 -0.640179 -0.745347 -0.870401 -0.940134 -0.971661 -0.985800 0.975968 0.941535 0.800853 0.594961 0.498707 0.279576 -0.077189 -0.194730 -0.377948 -0.548154 -0.618520 -0.778545 -0.851866 -0.919475 -0.970015 -0.988112 
37.190659 261792.265625 48 124 172 0.785424 0.492920 0.485052 0.969670 0.955730 0.849051 0.722046 0.540777 0.426561 0.182425 -0.069520 -0.260933 -0.468868 -0.586178 -0.718278 -0.870375 -0.942484 -0.972693 -0.990954 0.970097 0.947305 0.849146 0.635805 0.477724 0.321581 0.027576 -0.149659 -0.319070 -0.498491 -0.646308 -0.744765 -0.869366 -0.925021 -0.966973 -0.988336 
28.524261 108346.296875 52 48 172 0.521149 0.444065 0.489110 0.973441 0.960331 0.908660 0.772977 0.584519 0.469991 0.261968 -0.097016 -0.295594 -0.469007 -0.590609 -0.701976 -0.868068 -0.931504 -0.963620 -0.993285 0.973856 0.953151 0.898049 0.735737 0.549601 0.445582 0.172640 -0.142171 -0.266770 -0.418972 -0.573218 -0.699270 -0.875346 -0.937163 -0.969590 -0.992550 
29.322073 1091444.750000 48 30 24 0.418656 0.571865 0.413242 0.973586 0.908055 0.843949 0.706094 0.465530 0.371245 0.179353 -0.003778 -0.167746 -0.349694 -0.553221 -0.629034 -0.745056 -0.859694 -0.957461 -0.989401 0.976378 0.959355 0.862800 0.770138 0.598141 0.436468 0.248831 -0.075929 -0.303811 -0.479706 -0.568100 -0.726931 -0.864491 -0.933923 -0.966970 -0.994065 
50.801010 24117642.000000 24 168 168 0.629210 0.542585 0.534793 0.961250 0.925667 0.849124 0.760157 0.353850 0.261316 0.000696 -0.105034 -0.386530 -0.438928 -0.534492 -0.676859 -0.753050 -0.834261 -0.900111 -0.962382 0.958267 0.877122 0.830659 0.606321 0.395638 0.312197 0.020346 -0.106040 -0.340368 -0.467911 -0.573467 -0.671492 -0.748416 -0.825480 -0.911125 -0.973467 
39.371578 3172514.750000 72 84 62 0.406555 0.509024 0.710293 0.980078 0.905396 0.858816 0.631649 0.568275 0.359264 0.165988 0.053116 -0.039437 -0.371263 -0.429898 -0.629739 -0.715569 -0.835295 -0.934848 -0.983819 0.969564 0.929047 0.844060 0.618517 0.435143 0.275450 0.092899 -0.035239 -0.290311 -0.389381 -0.462060 -0.668612 -0.743498 -0.828531 -0.902549 -0.971793 
46.738621 4079195.750000 62 64 64 0.473152 0.840663 0.839319 0.990656 0.960795 0.899895 0.866618 0.741545 0.565980 0.293586 0.147326 -0.004673 -0.169213 -0.403050 -0.590165 -0.683166 -0.756168 -0.908688 -0.984537 0.993350 0.965059 0.895455 0.841228 0.629123 0.511757 0.267955 0.119390 -0.046447 -0.183929 -0.398067 -0.604352 -0.680920 -0.794735 -0.955320 -0.985997 
53.770771 24549842.000000 62 70 76 0.850032 0.951929 0.911727 0.977066 0.932644 0.891371 0.828045 0.766470 0.520020 0.278902 0.181951 0.029144 -0.104984 -0.242206 -0.494974 -0.692818 -0.816957 -0.876844 -0.972882 0.985181 0.939892 0.898543 0.842785 0.752990 0.550892 0.286461 0.191121 0.026879 -0.107556 -0.322208 -0.527113 -0.707676 -0.787091 -0.890055 -0.980413 
54.194595 14600814.000000 76 78 82 0.904929 0.913222 0.931513 0.974866 0.926845 0.885184 0.823362 0.774033 0.565974 0.292829 0.187474 0.062612 -0.105847 -0.210717 -0.503010 -0.693846 -0.791150 -0.828994 -0.958425 0.974959 0.933911 0.887067 0.832132 0.772030 0.560198 0.279607 0.185761 0.038843 -0.097782 -0.216858 -0.457974 -0.685606 -0.788694 -0.865398 -0.971836 
53.913311 11022481.000000 82 82 82 0.954718 0.975220 0.968515 0.979543 0.928919 0.885666 0.822848 0.783514 0.608615 0.274649 0.177315 0.042554 -0.106587 -0.201292 -0.441357 -0.711467 -0.800354 -0.831475 -0.884124 0.978253 0.927614 0.887912 0.824649 0.783128 0.581334 0.270090 0.186870 0.046616 -0.103138 -0.210521 -0.467159 -0.709445 -0.800146 -0.828826 -0.890224 
53.601685 9590971.000000 82 84 84 0.975079 0.891387 0.984001 0.977556 0.927596 0.883709 0.820182 0.786520 0.568394 0.290834 0.185783 0.063035 -0.109421 -0.164939 -0.428129 -0.762320 -0.807811 -0.848233 -0.880103 0.976629 0.929128 0.884012 0.822535 0.783575 0.612729 0.284584 0.178036 0.039087 -0.100974 -0.180205 -0.417820 -0.743128 -0.802323 -0.842893 -0.878874 
52.262421 5227377.500000 84 84 82 0.986061 0.969866 0.748543 0.982193 0.932148 0.886328 0.820700 0.781178 0.627744 0.308570 0.210006 0.095171 -0.089627 -0.168814 -0.366991 -0.776897 -0.811693 -0.853624 -0.876194 0.980124 0.930548 0.886495 0.822002 0.787046 0.618430 0.304361 0.194676 0.093709 -0.098820 -0.164325 -0.363032 -0.774558 -0.810293 -0.849683 -0.875016 
50.547657 2037412.125000 82 86 150 0.740495 0.681391 0.824344 0.983543 0.943433 0.893592 0.850367 0.765915 0.689536 0.403071 0.240263 0.135391 -0.090105 -0.147195 -0.438212 -0.763998 -0.806859 -0.847342 -0.888543 0.980411 0.935043 0.888490 0.827520 0.770885 0.625453 0.320195 0.230914 0.116354 -0.069819 -0.153298 -0.328177 -0.767468 -0.804688 -0.847383 -0.878003 
48.614925 2408128.250000 150 144 146 0.416853 0.726155 0.634456 0.978893 0.944217 0.894573 0.827804 0.746077 0.617031 0.340065 0.253236 0.163998 -0.081474 -0.146178 -0.363512 -0.761378 -0.799305 -0.844185 -0.880851 0.979537 0.938935 0.894442 0.826671 0.753919 0.580746 0.330257 0.249156 0.136939 -0.063929 -0.150178 -0.330462 -0.752344 -0.797169 -0.843400 -0.874221 
48.944477 2706900.750000 60 52 62 0.779311 0.705659 0.828115 0.979553 0.942166 0.898618 0.828630 0.696841 0.619920 0.352325 0.273537 0.198578 -0.034964 -0.129399 -0.232565 -0.719743 -0.798251 -0.837459 -0.900433 0.979550 0.941759 0.900800 0.829271 0.734381 0.634596 0.395331 0.282904 0.193042 -0.051001 -0.140428 -0.319857 -0.735223 -0.788314 -0.832417 -0.912755 
49.482159 2562403.750000 146 148 148 0.686415 0.872058 0.643579 0.981206 0.952910 0.903412 0.854390 0.675144 0.598840 0.351123 0.258825 0.160449 -0.032641 -0.149009 -0.223180 -0.645200 -0.793673 -0.847846 -0.936452 0.980844 0.955621 0.904214 0.857775 0.727291 0.648047 0.456732 0.269916 0.164285 -0.084973 -0.157344 -0.242350 -0.659746 -0.801703 -0.850331 -0.951647 
52.197983 3880077.000000 80 74 70 0.752460 0.902413 0.914903 0.980534 0.957419 0.919224 0.833856 0.640093 0.602484 0.381054 0.286418 0.187809 -0.015562 -0.118518 -0.194074 -0.687405 -0.806043 -0.828817 -0.925661 0.980272 0.951721 0.907223 0.831146 0.645896 0.602920 0.363467 0.274177 0.173933 -0.005516 -0.140352 -0.187093 -0.664091 -0.801715 -0.837279 -0.907961 
48.985706 393644.250000 70 68 62 0.941298 0.804371 0.890977 0.988459 0.975933 0.931564 0.836176 0.687435 0.616706 0.425540 0.347087 0.204585 -0.061878 -0.127903 -0.338518 -0.720290 -0.790686 -0.858714 -0.971645 0.983847 0.965356 0.918269 0.849234 0.660958 0.602453 0.427951 0.327692 0.234827 -0.025879 -0.105832 -0.300612 -0.740515 -0.803538 -0.836077 -0.919968 
46.865585 182708.656250 62 60 58 0.868433 0.883881 0.863113 0.991426 0.980907 0.952821 0.863230 0.707450 0.630216 0.500560 0.306333 0.129635 -0.099486 -0.160849 -0.449789 -0.643245 -0.788221 -0.872979 -0.968303 0.991409 0.981690 0.953568 0.811548 0.727346 0.652333 0.481934 0.300230 0.163733 -0.064686 -0.155922 -0.420595 -0.645254 -0.798194 -0.885670 -0.967633 
47.322254 184297.578125 58 56 54 0.918138 0.892608 0.930465 0.991277 0.981079 0.953071 0.855098 0.714243 0.645311 0.469929 0.290571 0.235686 -0.081801 -0.235824 -0.388556 -0.619441 -0.781643 -0.883859 -0.974162 0.990879 0.979681 0.955291 0.845803 0.686644 0.624278 0.495576 0.331693 0.240575 -0.098651 -0.164220 -0.418043 -0.600829 -0.812969 -0.899299 -0.964135 
47.951782 121536.539062 54 52 52 0.915164 0.935724 0.917605 0.992377 0.987237 0.956027 0.871626 0.683835 0.646093 0.458688 0.297552 0.229094 -0.125550 -0.323390 -0.433494 -0.649838 -0.771827 -0.910624 -0.972366 0.992242 0.985061 0.946659 0.878185 0.690027 0.653081 0.461334 0.267533 0.229510 -0.113991 -0.290384 -0.418972 -0.636183 -0.765203 -0.907605 -0.978858 
49.302795 66656.210938 50 50 50 0.932342 0.950865 0.970177 0.992602 0.989495 0.965923 0.877068 0.702416 0.644841 0.483318 0.284565 0.217786 -0.144597 -0.351603 -0.487740 -0.659821 -0.816535 -0.905252 -0.979474 0.992431 0.988599 0.957917 0.879150 0.694430 0.639234 0.463748 0.291961 0.238812 -0.152493 -0.309593 -0.468533 -0.654842 -0.764125 -0.913852 -0.976991 
47.731895 1729989.000000 50 50 50 0.958724 0.938506 0.665612 0.992260 0.988774 0.932654 0.690102 0.621577 0.463128 0.209070 0.061819 -0.055100 -0.175005 -0.456487 -0.601919 -0.691206 -0.794336 -0.873391 -0.980569 0.992945 0.989909 0.972400 0.871449 0.709302 0.657910 0.462781 0.291636 0.150474 -0.141929 -0.349613 -0.532008 -0.687327 -0.830400 -0.918790 -0.982011 
55.719826 12956202.000000 50 48 46 0.847912 0.894691 0.973553 0.982652 0.966249 0.940074 0.827116 0.705160 0.537258 0.299482 0.205540 0.069443 -0.187751 -0.328336 -0.429502 -0.583444 -0.723192 -0.796763 -0.914064 0.986952 0.970462 0.936051 0.812925 0.652523 0.507262 0.264177 0.139069 0.002920 -0.202168 -0.376998 -0.542368 -0.666525 -0.789841 -0.873216 -0.969267 
57.455364 8021478.500000 46 46 46 0.968347 0.984074 0.967131 0.982002 0.965714 0.932658 0.847890 0.785566 0.558244 0.301308 0.219482 0.084599 -0.173289 -0.271147 -0.453335 -0.607981 -0.683900 -0.716198 -0.941570 0.982394 0.965000 0.935265 0.824609 0.758421 0.538171 0.290554 0.211134 0.094512 -0.175812 -0.299566 -0.443734 -0.586893 -0.718474 -0.754158 -0.898584 
56.054325 1771532.625000 46 46 48 0.978694 0.916354 0.943610 0.986427 0.969218 0.936635 0.906198 0.836741 0.601865 0.314268 0.239115 0.042404 -0.164661 -0.336871 -0.498467 -0.558453 -0.653431 -0.810235 -0.962104 0.984132 0.967540 0.934653 0.873393 0.838835 0.551804 0.290105 0.220377 0.025399 -0.166385 -0.286839 -0.476397 -0.606339 -0.668156 -0.735907 -0.941686 
52.826561 384417.750000 48 50 52 0.961858 0.950678 0.879494 0.990383 0.979122 0.941457 0.921562 0.774577 0.644092 0.422403 0.217173 0.079065 -0.195285 -0.338131 -0.453220 -0.568058 -0.679815 -0.879510 -0.967630 0.988953 0.974519 0.933809 0.920541 0.813735 0.642635 0.380634 0.249571 0.062787 -0.212066 -0.356210 -0.475340 -0.528034 -0.675022 -0.869148 -0.971091 
47.462063 108939.000000 52 54 54 0.848568 0.902204 0.847637 0.991949 0.981715 0.949489 0.913099 0.787755 0.673305 0.356541 0.244967 0.115701 -0.204920 -0.329078 -0.487078 -0.640807 -0.768627 -0.901002 -0.975658 0.990393 0.976244 0.949518 0.915102 0.789426 0.671558 0.354111 0.227564 0.089028 -0.190568 -0.289644 -0.451556 -0.616176 -0.725537 -0.886799 -0.965530 
44.780357 57958.074219 54 54 54 0.891336 0.875850 0.915939 0.990083 0.977042 0.946321 0.907117 0.815882 0.761380 0.529973 0.265280 0.146001 -0.181841 -0.338226 -0.487697 -0.660118 -0.793535 -0.905432 -0.974994 0.991911 0.980088 0.949262 0.904816 0.790411 0.723627 0.396638 0.248775 0.108369 -0.261240 -0.358612 -0.497961 -0.653157 -0.784037 -0.913512 -0.981828 
49.756500 101333.484375 54 50 50 0.933458 0.913500 0.941936 0.986254 0.972527 0.947699 0.921363 0.872040 0.783162 0.489831 0.266379 0.057909 -0.182518 -0.369667 -0.528347 -0.611754 -0.821797 -0.910852 -0.973614 0.988522 0.974834 0.944739 0.916618 0.831930 0.764568 0.536461 0.290466 0.095823 -0.160328 -0.356839 -0.520856 -0.644414 -0.808219 -0.914282 -0.975978 
56.270069 260509.328125 50 48 48 0.936673 0.955114 0.944779 0.982729 0.968427 0.953920 0.919714 0.901699 0.731968 0.406597 0.370533 0.061934 -0.176313 -0.318656 -0.528040 -0.672314 -0.800911 -0.915121 -0.977364 0.985093 0.970767 0.954391 0.921822 0.900291 0.752630 0.418634 0.291553 0.021815 -0.183139 -0.325491 -0.522898 -0.642295 -0.810330 -0.912417 -0.978376 
60.960003 1482416.625000 48 46 46 0.977246 0.963859 0.979692 0.973606 0.963347 0.947937 0.885762 0.848428 0.710957 0.496309 0.459021 0.078146 -0.210632 -0.418579 -0.545047 -0.632262 -0.706249 -0.892997 -0.974812 0.977807 0.965096 0.949218 0.908911 0.867278 0.705777 0.452341 0.363423 0.078388 -0.166047 -0.368170 -0.566387 -0.644436 -0.765768 -0.911789 -0.977062 
65.139038 7192082.500000 46 46 46 0.969945 0.979120 0.978562 0.967155 0.961597 0.908178 0.853633 0.840453 0.689974 0.551473 0.462231 0.023004 -0.187746 -0.351227 -0.497701 -0.604810 -0.700797 -0.874061 -0.973462 0.969083 0.962705 0.933883 0.862375 0.844044 0.703963 0.521359 0.454952 0.063427 -0.202324 -0.403246 -0.534321 -0.620421 -0.711606 -0.890806 -0.974922 
64.515594 9961992.000000 46 46 44 0.990445 0.941545 0.947101 0.967288 0.959267 0.892022 0.842772 0.819835 0.642553 0.577748 0.401143 -0.077183 -0.223343 -0.315555 -0.473689 -0.591769 -0.683391 -0.774351 -0.960906 0.966484 0.960343 0.891463 0.849192 0.832080 0.649308 0.563549 0.467375 -0.066414 -0.199500 -0.335319 -0.477034 -0.600615 -0.697620 -0.831790 -0.971731 
54.779736 1402151.375000 44 44 46 0.963907 0.890584 0.760484 0.986718 0.965098 0.893656 0.841497 0.792319 0.649936 0.575320 0.441847 -0.085196 -0.228014 -0.346874 -0.505562 -0.606189 -0.708297 -0.770632 -0.952867 0.977102 0.958333 0.888759 0.837682 0.810999 0.651073 0.590627 0.343507 -0.052958 -0.232376 -0.337763 -0.482683 -0.583233 -0.676207 -0.746145 -0.948821 
43.161427 157536.953125 46 52 46 0.811331 0.540527 0.790225 0.972064 0.952256 0.857177 0.839536 0.768528 0.652851 0.571176 0.522847 -0.036824 -0.227777 -0.348246 -0.542793 -0.673116 -0.756755 -0.849032 -0.978859 0.980273 0.962595 0.900608 0.826227 0.766934 0.632810 0.571243 0.487805 -0.031800 -0.207428 -0.352627 -0.541490 -0.686027 -0.757358 -0.831163 -0.968187 
39.605492 58449.687500 46 46 44 0.783809 0.877375 0.799962 0.964257 0.958031 0.866377 0.843682 0.742934 0.645854 0.585566 0.497412 0.127298 -0.234653 -0.351825 -0.522325 -0.644219 -0.786109 -0.902475 -0.966440 0.965437 0.957338 0.870384 0.848287 0.773841 0.614201 0.565677 0.469278 -0.000946 -0.219757 -0.379270 -0.519420 -0.644626 -0.743372 -0.896695 -0.975443 
36.884884 36244.269531 44 46 46 0.807710 0.825938 0.774700 0.970167 0.959062 0.865732 0.844491 0.793048 0.662132 0.600411 0.470492 0.030126 -0.223935 -0.417008 -0.561466 -0.663904 -0.817095 -0.918827 -0.974487 0.967214 0.958454 0.876835 0.841129 0.781103 0.652808 0.585741 0.458834 0.050977 -0.259667 -0.336089 -0.554953 -0.667866 -0.793351 -0.912837 -0.966844 
36.676098 33228.195312 46 44 46 0.775078 0.868039 0.844035 0.970730 0.962291 0.887277 0.844627 0.803475 0.667394 0.589199 0.357480 0.050120 -0.180474 -0.353890 -0.526239 -0.709787 -0.826663 -0.914350 -0.973318 0.969793 0.958695 0.884130 0.847708 0.815211 0.674483 0.594001 0.439373 0.069734 -0.182557 -0.378335 -0.524792 -0.660077 -0.817082 -0.925360 -0.973038 
33.400139 23093.556641 46 46 46 0.823577 0.808778 0.766623 0.967642 0.959644 0.877519 0.836324 0.776009 0.651947 0.560379 0.200979 -0.044904 -0.195313 -0.321626 -0.508729 -0.640516 -0.802655 -0.900928 -0.982039 0.966546 0.959902 0.878432 0.844142 0.813241 0.642893 0.561912 0.389459 -0.038396 -0.186792 -0.365179 -0.537261 -0.666335 -0.809538 -0.910450 -0.972900 
31.482622 19263.181641 22 24 44 0.710041 0.778727 0.527393 0.967851 0.960537 0.874501 0.836838 0.770591 0.619328 0.460788 0.183793 -0.000278 -0.235167 -0.388443 -0.504548 -0.665962 -0.790428 -0.922925 -0.968681 0.966536 0.961579 0.886271 0.840261 0.791009 0.654255 0.521240 0.194158 -0.049175 -0.209644 -0.349441 -0.522222 -0.674802 -0.823937 -0.906735 -0.979468 
40.865601 22666.578125 44 34 40 0.523769 0.317349 0.851325 0.988190 0.985023 0.962780 0.857083 0.819214 0.684273 0.464964 0.286009 -0.072246 -0.225489 -0.313558 -0.501964 -0.691725 -0.827929 -0.917537 -0.980623 0.974756 0.954857 0.882938 0.836697 0.760862 0.599140 0.378284 0.195051 -0.014951 -0.240135 -0.390782 -0.538463 -0.720445 -0.838900 -0.928047 -0.970354 
52.727020 8305811.500000 36 46 44 0.786817 0.869754 0.871738 0.985727 0.971861 0.911668 0.779692 0.656164 0.608026 0.355369 0.266543 0.105723 -0.176618 -0.299791 -0.452640 -0.622475 -0.715987 -0.758850 -0.915389 0.989802 0.986107 0.967019 0.844248 0.816620 0.701690 0.421791 0.236493 -0.120047 -0.197231 -0.285546 -0.402564 -0.649552 -0.782837 -0.894788 -0.977437 
54.505875 32521294.000000 44 44 44 0.848543 0.933638 0.932509 0.980225 0.959039 0.912791 0.699486 0.615452 0.504352 0.320340 0.186561 0.058712 -0.148930 -0.357027 -0.470299 -0.586511 -0.726989 -0.779577 -0.882594 0.982244 0.961353 0.908373 0.690738 0.634150 0.542298 0.316903 0.236455 0.084188 -0.177691 -0.321849 -0.441200 -0.606659 -0.722111 -0.777056 -0.843173 
54.763264 27204046.000000 44 44 42 0.938465 0.929494 0.963230 0.977725 0.957302 0.915047 0.715756 0.614025 0.534296 0.331799 0.136595 0.065133 -0.088814 -0.388155 -0.473029 -0.525453 -0.693718 -0.747833 -0.931769 0.978957 0.958208 0.917005 0.705132 0.611281 0.517014 0.328156 0.152569 0.060736 -0.116170 -0.375261 -0.472000 -0.552058 -0.707314 -0.765059 -0.899714 
55.032845 26120822.000000 44 44 42 0.921863 0.915283 0.956210 0.979432 0.959386 0.923729 0.713220 0.630919 0.538573 0.294132 0.116914 0.071405 -0.115172 -0.425589 -0.481787 -0.534692 -0.688806 -0.740095 -0.938025 0.977327 0.957679 0.918166 0.721810 0.624487 0.539494 0.307294 0.126312 0.066353 -0.098219 -0.408608 -0.476406 -0.525203 -0.691140 -0.750722 -0.951575 
50.900497 1371452.750000 44 44 44 0.887798 0.779754 0.932734 0.989843 0.986154 0.932561 0.719720 0.617701 0.520420 0.351911 0.122185 0.072699 -0.168347 -0.381284 -0.468515 -0.545775 -0.651150 -0.762946 -0.943151 0.984820 0.965523 0.925713 0.691443 0.634228 0.543495 0.292528 0.110882 0.074677 -0.153199 -0.415852 -0.480182 -0.531272 -0.661604 -0.713854 -0.901458 
48.971592 607684.000000 44 44 44 0.958532 0.928733 0.925598 0.990641 0.985308 0.947391 0.809104 0.623545 0.553609 0.397165 0.197703 0.073163 -0.014127 -0.366450 -0.490505 -0.565526 -0.677511 -0.827935 -0.960277 0.990426 0.985732 0.941156 0.766054 0.631634 0.547567 0.415935 0.152519 0.084786 -0.094527 -0.372043 -0.474643 -0.558710 -0.674947 -0.806640 -0.945276 
49.564899 487735.968750 44 44 44 0.941260 0.896368 0.925941 0.990830 0.984436 0.952020 0.852327 0.637241 0.605479 0.419918 0.214875 0.066184 0.019419 -0.445706 -0.478158 -0.601968 -0.696607 -0.823485 -0.961489 0.990826 0.986301 0.949317 0.773907 0.635738 0.592297 0.405158 0.215192 0.064343 0.015924 -0.326760 -0.509540 -0.589296 -0.677374 -0.837725 -0.963432 
49.461533 636917.562500 44 46 46 0.925801 0.961392 0.979340 0.990562 0.986203 0.931760 0.794809 0.724037 0.573826 0.394078 0.201825 -0.002496 -0.191194 -0.247114 -0.444159 -0.541644 -0.648383 -0.863253 -0.959332 0.990653 0.986507 0.947861 0.795941 0.660575 0.588462 0.441618 0.160550 0.054409 -0.028242 -0.412723 -0.472064 -0.514665 -0.665431 -0.830226 -0.970801 
49.267212 644232.000000 46 46 46 0.980455 0.976450 0.985048 0.990343 0.984894 0.900648 0.826081 0.758420 0.608798 0.445093 0.215145 0.024151 -0.192613 -0.216006 -0.427851 -0.484852 -0.591395 -0.884108 -0.963226 0.990527 0.985968 0.914804 0.802816 0.741150 0.586481 0.417776 0.207349 0.037419 -0.197872 -0.220595 -0.383980 -0.491556 -0.595546 -0.871080 -0.964203 
52.787781 8174115.000000 46 46 46 0.982452 0.960386 0.767742 0.982971 0.963529 0.886094 0.850561 0.759020 0.618766 0.343146 0.181814 0.070506 -0.104999 -0.175971 -0.432194 -0.606081 -0.806459 -0.863748 -0.924840 0.990342 0.984950 0.893135 0.832123 0.757357 0.621781 0.453086 0.190038 -0.000281 -0.173255 -0.223473 -0.450596 -0.492823 -0.729419 -0.868704 -0.944055 
55.518757 15080694.000000 46 44 44 0.596982 0.975969 0.964565 0.977378 0.929247 0.861966 0.824386 0.715830 0.590662 0.354987 0.159569 0.114292 -0.091850 -0.170102 -0.276028 -0.514114 -0.684600 -0.770690 -0.934900 0.975902 0.937587 0.873125 0.836200 0.760701 0.615626 0.349397 0.166291 0.116647 -0.080475 -0.159642 -0.255697 -0.552004 -0.735838 -0.804996 -0.933547 
55.323719 25810898.000000 44 44 44 0.973554 0.961383 0.906063 0.980598 0.938750 0.871101 0.795861 0.647378 0.607359 0.317154 0.149996 0.095247 -0.087474 -0.198039 -0.324302 -0.570115 -0.718125 -0.800705 -0.865494 0.979621 0.933274 0.863223 0.817028 0.669059 0.602560 0.331650 0.154301 0.107510 -0.097922 -0.179730 -0.308041 -0.536756 -0.712995 -0.790460 -0.897403 
55.610828 31148084.000000 44 44 42 0.909599 0.848958 0.984014 0.979362 0.951847 0.895179 0.703911 0.624970 0.551297 0.323029 0.165879 0.058707 -0.068947 -0.252170 -0.363596 -0.561478 -0.705666 -0.804164 -0.828223 0.980400 0.944073 0.883631 0.740377 0.633590 0.600757 0.324498 0.149371 0.085550 -0.069572 -0.219227 -0.333652 -0.558735 -0.718771 -0.796852 -0.842873 
54.534294 25185368.000000 42 42 44 0.976916 0.967315 0.882531 0.978338 0.959739 0.921052 0.771772 0.553752 0.390969 0.333105 0.143501 0.042520 -0.105014 -0.344623 -0.425325 -0.579193 -0.684446 -0.780028 -0.846068 0.975994 0.954941 0.891552 0.781366 0.558672 0.445616 0.329803 0.145801 0.051389 -0.090395 -0.297634 -0.405331 -0.574403 -0.705950 -0.799607 -0.846349 
53.726139 10169104.000000 42 42 44 0.970888 0.946247 0.814520 0.988189 0.980767 0.906427 0.693850 0.598164 0.388482 0.338438 0.201787 0.045195 -0.122341 -0.331232 -0.467986 -0.550229 -0.646066 -0.742216 -0.886568 0.985587 0.968115 0.933942 0.764303 0.552919 0.364085 0.330493 0.149026 0.032752 -0.107686 -0.353844 -0.440998 -0.562092 -0.664660 -0.755751 -0.830200 
45.732338 1050756.625000 42 42 44 0.956021 0.877791 0.687801 0.988245 0.969346 0.894603 0.770499 0.625639 0.508670 0.383298 0.220134 0.065691 -0.035314 -0.341356 -0.423309 -0.575686 -0.716364 -0.807970 -0.940464 0.989628 0.983719 0.870347 0.712825 0.623714 0.466563 0.349569 0.204327 0.078430 -0.087629 -0.321450 -0.453350 -0.541206 -0.674596 -0.816636 -0.947155 
34.342091 286778.593750 44 42 44 0.679318 0.712259 0.728703 0.970733 0.932986 0.876602 0.755240 0.666566 0.518693 0.370258 0.183132 0.056600 -0.052347 -0.344373 -0.398710 -0.577261 -0.691562 -0.825931 -0.951179 0.970903 0.921991 0.881540 0.719729 0.625245 0.488974 0.382445 0.248439 0.052891 -0.084936 -0.350191 -0.395610 -0.576716 -0.708319 -0.809877 -0.945271 
29.761946 144139.781250 42 42 44 0.648864 0.661066 0.749772 0.971654 0.936084 0.831974 0.703755 0.619701 0.501891 0.323431 0.139850 0.058679 -0.118033 -0.360075 -0.412589 -0.565636 -0.675777 -0.889079 -0.964795 0.975295 0.941269 0.860015 0.746552 0.660635 0.473682 0.317920 0.213394 0.061971 -0.121432 -0.344342 -0.413380 -0.588257 -0.675542 -0.833459 -0.954965 
26.141434 72046.195312 148 86 44 0.677244 0.543337 0.619893 0.975192 0.939302 0.866051 0.689346 0.614257 0.450867 0.349670 0.238090 0.046389 -0.106857 -0.356985 -0.407287 -0.587992 -0.780087 -0.890527 -0.974314 0.974954 0.932319 0.835811 0.708395 0.622463 0.509052 0.355373 0.208275 0.078841 -0.071014 -0.360733 -0.404272 -0.560212 -0.749845 -0.878475 -0.952655 
24.289825 28245.787109 86 86 86 0.636554 0.758918 0.681626 0.978957 0.949555 0.894437 0.768034 0.636609 0.576752 0.357263 0.196502 0.031410 -0.094268 -0.313435 -0.474738 -0.660361 -0.797389 -0.903210 -0.974764 0.984134 0.945116 0.896715 0.762168 0.582106 0.441264 0.346232 0.182204 0.056885 -0.045125 -0.341331 -0.447302 -0.586750 -0.770916 -0.901714 -0.975429 
40.705307 1098941.500000 86 94 38 0.678050 0.440507 0.840223 0.985488 0.981976 0.889675 0.638295 0.599055 0.413999 0.331064 0.205972 0.067999 -0.121639 -0.383818 -0.493398 -0.579901 -0.750163 -0.867214 -0.975929 0.980240 0.944915 0.853254 0.676443 0.615547 0.460704 0.334608 0.181237 0.056667 -0.070048 -0.363819 -0.495608 -0.579634 -0.771226 -0.899106 -0.975470 
54.394360 8395284.000000 34 40 42 0.795147 0.971029 0.995924 0.989206 0.986163 0.958965 0.589359 0.368272 0.338458 0.249268 0.153885 0.009189 -0.183349 -0.427077 -0.493137 -0.653239 -0.740170 -0.891938 -0.991797 0.988707 0.984616 0.968497 0.665822 0.444966 0.359481 0.294181 0.215158 0.107641 -0.081460 -0.419279 -0.470218 -0.588491 -0.723195 -0.796264 -0.981808 
54.518326 7521163.000000 44 44 42 0.928091 0.934444 0.990666 0.989715 0.986479 0.964360 0.661976 0.389593 0.295020 0.226111 0.155160 -0.034900 -0.152915 -0.465396 -0.484246 -0.631505 -0.751318 -0.880864 -0.987820 0.989459 0.986305 0.963151 0.630401 0.376099 0.335082 0.210100 0.135676 -0.006799 -0.137146 -0.462312 -0.497478 -0.634514 -0.721841 -0.923909 -0.990754 
54.178001 3490124.500000 42 44 44 0.990918 0.974556 0.983109 0.990162 0.986586 0.966627 0.755409 0.377469 0.306212 0.244481 0.166040 0.030610 -0.139456 -0.422591 -0.460027 -0.582066 -0.715614 -0.794411 -0.975830 0.989991 0.986644 0.967206 0.669138 0.397386 0.292869 0.236744 0.153268 -0.003319 -0.137448 -0.440834 -0.472619 -0.571436 -0.764187 -0.813205 -0.987570 
52.618492 2901151.000000 44 44 44 0.989154 0.986042 0.973840 0.990115 0.984149 0.955502 0.835981 0.438999 0.385300 0.277774 0.185150 0.024584 -0.187791 -0.396889 -0.440603 -0.570084 -0.724881 -0.784952 -0.922548 0.990090 0.986083 0.956960 0.791227 0.411597 0.338943 0.260521 0.180196 0.046693 -0.137546 -0.400369 -0.462142 -0.576375 -0.715487 -0.787744 -0.958291 
51.006260 1608409.250000 44 44 44 0.977606 0.974307 0.938902 0.988441 0.974482 0.942252 0.882323 0.616121 0.435884 0.317656 0.258554 0.143418 -0.071375 -0.301014 -0.420587 -0.530111 -0.766064 -0.804752 -0.934766 0.989419 0.979115 0.946866 0.890109 0.492835 0.415584 0.334349 0.219091 0.141801 -0.065511 -0.335391 -0.429870 -0.554655 -0.721981 -0.794642 -0.946825 
48.350658 627794.562500 44 46 44 0.968503 0.919592 0.935576 0.989308 0.975125 0.949133 0.846458 0.599484 0.551100 0.359900 0.323404 0.187809 -0.035317 -0.288410 -0.438393 -0.560002 -0.745645 -0.829081 -0.952005 0.988476 0.973245 0.942346 0.861508 0.603500 0.546641 0.342736 0.301966 0.202508 -0.069889 -0.260779 -0.426934 -0.523229 -0.738061 -0.819839 -0.953155 
49.328785 666058.250000 46 44 44 0.936136 0.948255 0.860446 0.987662 0.971651 0.937196 0.873168 0.656964 0.626771 0.446947 0.335006 0.218915 -0.023753 -0.182585 -0.370790 -0.524008 -0.728335 -0.879102 -0.971782 0.988845 0.972787 0.950604 0.831835 0.633646 0.598697 0.363415 0.312017 0.172445 0.030917 -0.211035 -0.402284 -0.560032 -0.752353 -0.852815 -0.961092 
52.533878 806000.625000 44 42 40 0.885068 0.980821 0.898291 0.986814 0.972734 0.925857 0.876383 0.739762 0.628665 0.571486 0.392784 0.246137 -0.044742 -0.145557 -0.340678 -0.675194 -0.784013 -0.873560 -0.972689 0.987225 0.974105 0.930212 0.895770 0.687350 0.621041 0.544375 0.371386 0.266889 0.009780 -0.204801 -0.401407 -0.617189 -0.770446 -0.881351 -0.972158 
55.649490 3218747.750000 42 40 40 0.916798 0.966043 0.980869 0.980060 0.957582 0.925625 0.824125 0.724117 0.637436 0.580324 0.494791 0.255204 -0.098794 -0.141859 -0.276777 -0.747020 -0.787915 -0.817892 -0.957481 0.985258 0.965204 0.914292 0.854079 0.718857 0.626200 0.588283 0.486327 0.283550 -0.045912 -0.155379 -0.319064 -0.745856 -0.788257 -0.836137 -0.965639 
57.546211 3546867.000000 40 40 40 0.975814 0.978517 0.994564 0.976308 0.954911 0.936033 0.783142 0.711240 0.626774 0.583121 0.520009 0.161997 -0.113800 -0.157776 -0.351594 -0.738612 -0.795008 -0.815799 -0.959856 0.978416 0.955948 0.933481 0.798236 0.719186 0.636238 0.582507 0.497671 0.183094 -0.115368 -0.150190 -0.336379 -0.735767 -0.793504 -0.814821 -0.957991 
56.063690 2353476.250000 40 40 40 0.991485 0.995638 0.992647 0.981189 0.956222 0.941555 0.792259 0.692763 0.611260 0.569958 0.503394 0.184057 -0.108463 -0.164943 -0.274722 -0.677409 -0.784564 -0.836920 -0.965265 0.977379 0.954773 0.939211 0.781954 0.702842 0.621018 0.577984 0.520019 0.202417 -0.113853 -0.159797 -0.315922 -0.713962 -0.793329 -0.825118 -0.959968 
55.496254 3188160.500000 40 40 40 0.995301 0.992996 0.994190 0.980024 0.956390 0.938736 0.780649 0.655300 0.591278 0.564847 0.455512 0.183207 -0.128524 -0.169214 -0.330494 -0.682519 -0.728990 -0.826866 -0.961964 0.980853 0.956179 0.940743 0.801648 0.669757 0.595376 0.567264 0.477764 0.167379 -0.109085 -0.163319 -0.246054 -0.654003 -0.766755 -0.843502 -0.964856 
55.260296 5182549.000000 40 40 40 0.997602 0.996262 0.983311 0.984529 0.964877 0.933841 0.768948 0.627524 0.589306 0.544524 0.400626 0.110480 -0.150467 -0.265031 -0.504500 -0.614749 -0.693793 -0.723151 -0.944337 0.982012 0.958933 0.936586 0.775871 0.648030 0.590306 0.558051 0.439208 0.156302 -0.134006 -0.185560 -0.450486 -0.669318 -0.706351 -0.781106 -0.962838 
52.814007 1160553.625000 40 42 46 0.988693 0.851096 0.924016 0.989905 0.983987 0.900481 0.721543 0.633598 0.603973 0.542272 0.386512 0.035400 -0.156984 -0.317586 -0.493154 -0.561454 -0.688448 -0.826084 -0.967494 0.986472 0.972996 0.922930 0.735184 0.614773 0.593573 0.524595 0.377012 0.065488 -0.185066 -0.297555 -0.481979 -0.570780 -0.670256 -0.737780 -0.951471 
47.588997 162622.468750 46 48 48 0.928681 0.879849 0.913115 0.991552 0.987832 0.938909 0.799673 0.631562 0.595641 0.565818 0.512521 0.093928 -0.145862 -0.250782 -0.517585 -0.622658 -0.763920 -0.898253 -0.978840 0.991312 0.986620 0.927479 0.791256 0.652850 0.590565 0.566120 0.454540 0.096219 -0.129337 -0.281297 -0.511077 -0.633105 -0.729853 -0.863095 -0.976875 
46.405281 84703.648438 48 50 48 0.897313 0.804488 0.866797 0.992069 0.987434 0.952277 0.810520 0.674859 0.616169 0.559137 0.500977 0.088204 -0.143287 -0.249337 -0.487164 -0.653506 -0.796982 -0.911702 -0.970283 0.991876 0.987182 0.946009 0.817310 0.650102 0.596814 0.554534 0.483703 0.135632 -0.139598 -0.222987 -0.517087 -0.646126 -0.792027 -0.899927 -0.976595 
43.280758 55036.500000 50 52 54 0.838679 0.854603 0.782660 0.992063 0.986978 0.946867 0.737340 0.672954 0.597190 0.573273 0.480599 0.154536 -0.164804 -0.310125 -0.529757 -0.676417 -0.819086 -0.922395 -0.971747 0.992261 0.987342 0.956669 0.809138 0.644200 0.602977 0.567927 0.508414 0.101001 -0.133113 -0.279957 -0.500871 -0.666199 -0.814837 -0.928792 -0.978498 
34.502132 17836.462891 54 54 40 0.815051 0.689987 0.709834 0.991357 0.981152 0.912673 0.735363 0.676455 0.592237 0.563745 0.388642 0.057638 -0.145063 -0.347727 -0.545571 -0.693467 -0.843007 -0.902214 -0.970535 0.992293 0.987194 0.912227 0.727889 0.684732 0.595185 0.567448 0.446216 0.134232 -0.151200 -0.334401 -0.514654 -0.685647 -0.826102 -0.912622 -0.971907 
26.805870 13553.067383 40 80 60 0.686155 0.698718 0.599607 0.975754 0.957830 0.891370 0.708360 0.631290 0.583910 0.559611 0.377121 0.042730 -0.177655 -0.414508 -0.578647 -0.694034 -0.815430 -0.904291 -0.981701 0.982505 0.958492 0.913693 0.708409 0.641289 0.585938 0.557192 0.395116 0.059835 -0.193264 -0.370930 -0.528508 -0.690404 -0.813763 -0.920449 -0.978358 
22.982855 12806.599609 60 200 82 0.630109 0.514317 0.533648 0.984363 0.954068 0.869053 0.742385 0.635838 0.588892 0.544026 0.283150 -0.002226 -0.230854 -0.383655 -0.566446 -0.693525 -0.831531 -0.908805 -0.975290 0.978444 0.962307 0.877436 0.741666 0.648922 0.584830 0.554217 0.290321 0.032282 -0.174348 -0.350228 -0.582267 -0.706543 -0.829626 -0.915331 -0.978989 
19.115440 13338.377930 200 98 60 0.556308 0.510947 0.469792 0.984768 0.961589 0.889804 0.732786 0.618890 0.572210 0.489732 0.191860 -0.146114 -0.260168 -0.319551 -0.594212 -0.720322 -0.838956 -0.934953 -0.980109 0.984883 0.950556 0.870901 0.731720 0.626426 0.583328 0.530228 0.183288 -0.042672 -0.244731 -0.352548 -0.561337 -0.740804 -0.846759 -0.917242 -0.978229 
52.153641 9456198.000000 60 42 48 0.396044 0.656876 0.923678 0.981111 0.971151 0.956634 0.692274 0.576329 0.499843 0.346463 0.270483 0.040566 -0.203737 -0.408614 -0.506183 -0.682850 -0.735621 -0.897751 -0.983340 0.983647 0.975433 0.836231 0.626096 0.591307 0.439969 0.330674 0.206962 -0.106770 -0.375029 -0.462409 -0.600166 -0.715422 -0.797140 -0.939937 -0.985998 
58.343994 17048514.000000 50 48 48 0.699282 0.953411 0.992360 0.977909 0.965791 0.952530 0.738408 0.540640 0.494721 0.351970 0.204100 0.119753 -0.056904 -0.364149 -0.489280 -0.570111 -0.671174 -0.739518 -0.951647 0.979570 0.966725 0.954189 0.743382 0.553077 0.504398 0.348593 0.240518 0.125900 -0.089014 -0.365356 -0.473835 -0.575945 -0.702739 -0.759782 -0.951328 
58.667007 23563410.000000 48 48 48 0.991203 0.994684 0.986468 0.978225 0.965397 0.942267 0.749071 0.571001 0.503758 0.379065 0.190805 0.106499 -0.005224 -0.427823 -0.512558 -0.584436 -0.654901 -0.792592 -0.985406 0.977495 0.965624 0.948379 0.734854 0.546884 0.495396 0.368592 0.189062 0.112581 -0.024563 -0.379401 -0.505066 -0.582383 -0.660214 -0.744391 -0.971303 
54.789467 11553135.000000 48 48 50 0.988945 0.989311 0.939424 0.986202 0.969782 0.924811 0.752219 0.628204 0.583294 0.359141 0.164605 0.110394 -0.092082 -0.451850 -0.521798 -0.608785 -0.673821 -0.943353 -0.992112 0.981025 0.965986 0.934268 0.749294 0.612347 0.539301 0.365555 0.199669 0.104874 0.012086 -0.461436 -0.509250 -0.602972 -0.655678 -0.877690 -0.987553 
48.593040 8398255.000000 48 50 52 0.948811 0.960202 0.931328 0.990031 0.976721 0.922962 0.700333 0.633220 0.507450 0.325945 0.167716 0.019589 -0.404915 -0.539759 -0.679594 -0.758394 -0.884302 -0.954077 -0.991499 0.989596 0.975244 0.917221 0.764786 0.636062 0.579887 0.350378 0.155334 0.056831 -0.259189 -0.497849 -0.564107 -0.653753 -0.896484 -0.953677 -0.981147 
45.332771 7365552.500000 52 52 50 0.924019 0.871192 0.852239 0.991716 0.981648 0.890808 0.680579 0.568275 0.482036 0.252366 0.065457 -0.223188 -0.389033 -0.529175 -0.692657 -0.804854 -0.902524 -0.952434 -0.991672 0.991791 0.982220 0.870806 0.685921 0.596972 0.460338 0.247900 0.118578 -0.108883 -0.446031 -0.564156 -0.702089 -0.780727 -0.896364 -0.967009 -0.994277 
45.877342 10792470.000000 52 52 52 0.877084 0.881024 0.919984 0.990856 0.977407 0.911802 0.716313 0.571960 0.452119 0.187022 0.046166 -0.275794 -0.439145 -0.556831 -0.698806 -0.779971 -0.908851 -0.969477 -0.987912 0.991490 0.979867 0.899878 0.698585 0.539700 0.462975 0.222862 0.074478 -0.236534 -0.410753 -0.536573 -0.707113 -0.809588 -0.919052 -0.968261 -0.994088 
49.758968 11225669.000000 52 52 50 0.923532 0.952968 0.965404 0.985106 0.967615 0.922035 0.847633 0.711215 0.572448 0.222836 0.082783 -0.051575 -0.430633 -0.510664 -0.652023 -0.760049 -0.870589 -0.968101 -0.988287 0.988460 0.970580 0.931340 0.794547 0.604414 0.517084 0.202011 0.058427 -0.259831 -0.467779 -0.585665 -0.690405 -0.760980 -0.864349 -0.967331 -0.988632 
57.294369 11381171.000000 50 50 50 0.947334 0.931484 0.949556 0.976521 0.964321 0.926154 0.854974 0.808549 0.643989 0.339167 0.105481 -0.007258 -0.245503 -0.432272 -0.493387 -0.635515 -0.795066 -0.927110 -0.990539 0.979567 0.965848 0.928190 0.859295 0.785182 0.639581 0.345196 0.085026 0.007271 -0.313115 -0.446237 -0.507367 -0.686180 -0.833702 -0.941348 -0.985079 
58.151306 3950635.750000 50 50 50 0.932032 0.949318 0.961833 0.979698 0.968388 0.940181 0.875788 0.851792 0.649833 0.269230 0.057842 -0.040843 -0.286905 -0.396222 -0.514110 -0.623446 -0.760840 -0.924991 -0.972557 0.976290 0.965943 0.929623 0.867615 0.831154 0.668130 0.284023 0.063092 -0.011750 -0.236066 -0.411143 -0.486120 -0.614885 -0.770675 -0.940952 -0.980852 
54.057980 803890.312500 50 50 50 0.916011 0.959221 0.980164 0.987169 0.971671 0.955196 0.900686 0.846512 0.697530 0.310602 0.078240 -0.079337 -0.241321 -0.397472 -0.526266 -0.637676 -0.782357 -0.949282 -0.985287 0.985244 0.970492 0.951472 0.886779 0.854230 0.638328 0.320768 0.083903 -0.053400 -0.265853 -0.405520 -0.541381 -0.656055 -0.759080 -0.929331 -0.979913 
52.030624 351253.843750 50 50 50 0.977248 0.972385 0.976825 0.988612 0.973509 0.957790 0.910588 0.847733 0.720478 0.347495 0.068715 -0.035612 -0.197221 -0.419165 -0.525353 -0.597875 -0.760586 -0.956779 -0.983532 0.988135 0.973271 0.957274 0.916303 0.827911 0.695401 0.361835 0.042780 -0.047653 -0.213407 -0.395164 -0.535821 -0.604602 -0.758237 -0.948544 -0.986868 
51.114639 1808465.000000 50 50 48 0.987675 0.975420 0.857238 0.987271 0.972897 0.943495 0.871559 0.829471 0.564866 0.308278 0.080564 -0.086764 -0.236543 -0.460626 -0.540375 -0.696980 -0.797992 -0.957807 -0.993902 0.988956 0.973856 0.957313 0.896915 0.858689 0.726845 0.393065 0.089315 -0.024985 -0.173290 -0.438252 -0.521239 -0.602974 -0.748409 -0.933800 -0.980514 
57.327847 12111980.000000 50 50 50 0.914354 0.970539 0.950651 0.977058 0.967186 0.944741 0.831939 0.722237 0.605106 0.281820 0.022466 -0.066108 -0.153093 -0.390313 -0.451257 -0.578508 -0.690620 -0.924625 -0.987502 0.979348 0.967033 0.938138 0.826597 0.785773 0.565230 0.240315 0.008265 -0.066832 -0.213435 -0.422776 -0.511585 -0.688233 -0.781819 -0.963586 -0.994307 
57.289375 17190750.000000 50 50 50 0.966684 0.967408 0.977215 0.981388 0.968332 0.949071 0.744983 0.594870 0.534557 0.300092 0.087244 0.005131 -0.140498 -0.397609 -0.442884 -0.538035 -0.613082 -0.880378 -0.985246 0.978307 0.967530 0.946903 0.802125 0.637876 0.587456 0.293967 0.074557 -0.031428 -0.146708 -0.388649 -0.443640 -0.528706 -0.639943 -0.928100 -0.982296 
54.425476 14601693.000000 50 50 50 0.985540 0.982623 0.987308 0.987903 0.973112 0.946839 0.739224 0.446512 0.403205 0.297215 0.097167 0.018030 -0.125338 -0.391084 -0.440032 -0.535434 -0.611317 -0.807195 -0.985302 0.984956 0.970237 0.949590 0.754934 0.507561 0.440769 0.311055 0.089285 0.014128 -0.143079 -0.393897 -0.440922 -0.537025 -0.613744 -0.827498 -0.986686 
52.483192 7732521.000000 50 50 50 0.977921 0.982352 0.984389 0.990437 0.977271 0.950842 0.790293 0.406775 0.344038 0.246788 0.145256 -0.020296 -0.102755 -0.381853 -0.434318 -0.544244 -0.606915 -0.854334 -0.979839 0.989978 0.976087 0.948691 0.748307 0.432157 0.367568 0.250014 0.124916 -0.001422 -0.104223 -0.388755 -0.435318 -0.545190 -0.612772 -0.812438 -0.976732 
51.347595 4482406.000000 50 50 50 0.982321 0.990964 0.967164 0.990404 0.977323 0.954434 0.821456 0.395486 0.313738 0.251119 0.113646 0.023988 -0.109268 -0.384545 -0.439715 -0.508050 -0.593528 -0.865659 -0.973981 0.990585 0.977830 0.952080 0.823087 0.392143 0.320022 0.241268 0.130928 -0.004043 -0.114838 -0.379626 -0.439190 -0.521398 -0.596649 -0.853245 -0.974627 
48.714375 1363997.000000 50 50 50 0.973258 0.969743 0.932420 0.989605 0.973859 0.959483 0.871796 0.374489 0.319135 0.230913 0.138725 0.039472 -0.076971 -0.362525 -0.432772 -0.530052 -0.601730 -0.852965 -0.968942 0.990229 0.976094 0.957539 0.871621 0.436442 0.317987 0.257029 0.142718 0.029714 -0.077828 -0.358750 -0.445102 -0.504950 -0.601084 -0.868838 -0.973723 
45.147785 567619.437500 50 50 32 0.959763 0.969461 0.689298 0.987712 0.974560 0.960438 0.820528 0.376564 0.326045 0.248874 0.151716 0.031743 -0.054498 -0.361585 -0.445605 -0.505473 -0.591996 -0.901327 -0.959313 0.990167 0.974479 0.960243 0.846680 0.374173 0.317419 0.245813 0.159511 0.040022 -0.076568 -0.352881 -0.433980 -0.500448 -0.575802 -0.859330 -0.961310 
44.286976 637687.375000 34 34 32 0.656001 0.840658 0.898152 0.982914 0.976041 0.964463 0.836801 0.418223 0.392512 0.243145 0.165719 0.056113 -0.129129 -0.385619 -0.441207 -0.538095 -0.624518 -0.902296 -0.973365 0.983490 0.977808 0.947031 0.785520 0.435616 0.322645 0.268881 0.161607 0.074180 -0.088298 -0.355065 -0.446686 -0.514434 -0.653123 -0.902801 -0.968097 
48.596134 537099.812500 30 28 110 0.950700 0.893946 0.787090 0.978902 0.971484 0.959228 0.884583 0.501895 0.452114 0.287326 0.183015 0.066883 -0.110252 -0.396316 -0.438529 -0.586069 -0.700362 -0.806567 -0.965699 0.981325 0.975004 0.964109 0.874013 0.444813 0.404669 0.268733 0.194879 0.065376 -0.066153 -0.377346 -0.436696 -0.524342 -0.619155 -0.879154 -0.967924 
49.798260 1620823.125000 28 24 22 0.560854 0.771262 0.592397 0.971633 0.964396 0.933424 0.866847 0.612155 0.528462 0.287964 0.206742 0.038860 -0.166642 -0.300001 -0.407153 -0.614619 -0.684946 -0.763980 -0.942239 0.972677 0.964397 0.949997 0.838410 0.568683 0.532214 0.323244 0.192793 0.087337 -0.167346 -0.365598 -0.416077 -0.606528 -0.683409 -0.773825 -0.943418 
54.374966 3287538.250000 24 22 54 0.203858 0.849355 0.823843 0.972750 0.957957 0.931979 0.816457 0.696206 0.639596 0.355448 0.319798 0.082236 -0.090173 -0.157741 -0.363623 -0.586827 -0.626234 -0.775983 -0.957038 0.965444 0.957937 0.934537 0.814096 0.666232 0.619204 0.336483 0.265498 0.110992 -0.102941 -0.215948 -0.330718 -0.606741 -0.666201 -0.796143 -0.961814 
56.369137 1785365.500000 56 54 54 0.899305 0.978286 0.981115 0.977202 0.966999 0.930591 0.862564 0.757835 0.640955 0.525003 0.413826 0.117084 -0.041481 -0.107002 -0.437802 -0.591730 -0.721228 -0.900501 -0.978760 0.975472 0.963402 0.926916 0.850755 0.708314 0.616170 0.422155 0.352894 0.155771 -0.054057 -0.121252 -0.362333 -0.591294 -0.637919 -0.835637 -0.964050 
55.921906 593326.875000 54 54 54 0.979448 0.969281 0.964153 0.979302 0.971009 0.932893 0.849027 0.821816 0.688494 0.605516 0.405064 0.158070 0.016979 -0.171040 -0.452538 -0.650941 -0.799973 -0.909471 -0.977875 0.978133 0.969456 0.929935 0.857796 0.805313 0.651502 0.583898 0.430840 0.136095 -0.025126 -0.112841 -0.406991 -0.632015 -0.780496 -0.909706 -0.977633 
49.361225 157734.328125 54 56 56 0.963960 0.918821 0.877231 0.987374 0.975806 0.924789 0.856339 0.779569 0.676124 0.562053 0.327205 0.213424 -0.038607 -0.181295 -0.454460 -0.614306 -0.801866 -0.902460 -0.974338 0.983012 0.972784 0.934911 0.858427 0.811349 0.687507 0.546558 0.350594 0.193709 -0.036058 -0.161526 -0.423411 -0.610559 -0.792976 -0.901515 -0.971765 
42.721481 54885.351562 56 56 60 0.892244 0.829863 0.772438 0.992061 0.979071 0.946126 0.867140 0.755772 0.683370 0.512444 0.332046 0.175154 -0.097173 -0.305575 -0.483873 -0.669169 -0.791219 -0.914207 -0.979477 0.987583 0.976214 0.933875 0.847943 0.808201 0.668377 0.509266 0.345990 0.226693 -0.077299 -0.231500 -0.412135 -0.639336 -0.815638 -0.915743 -0.972936 
42.291878 43662.175781 62 60 58 0.746911 0.795039 0.898618 0.991677 0.982007 0.945820 0.876680 0.802359 0.687909 0.599369 0.266010 0.111870 -0.119933 -0.339566 -0.500717 -0.666335 -0.835402 -0.915894 -0.976644 0.993160 0.982895 0.936046 0.871068 0.749937 0.691430 0.582307 0.328502 0.148859 -0.156112 -0.313797 -0.499798 -0.666313 -0.827789 -0.912551 -0.979838 
55.159149 762873.500000 58 56 56 0.937831 0.910220 0.912780 0.978463 0.972563 0.934058 0.844673 0.776049 0.687495 0.594082 0.534808 0.157867 0.010946 -0.120254 -0.467704 -0.635217 -0.807599 -0.915506 -0.980100 0.985218 0.975720 0.949112 0.848187 0.832685 0.691741 0.625910 0.458579 0.103101 -0.047509 -0.314686 -0.511824 -0.654348 -0.808743 -0.920453 -0.979910 
57.863583 7718450.000000 56 58 58 0.911260 0.965836 0.960612 0.974678 0.957249 0.930670 0.807119 0.667606 0.623477 0.459178 0.380929 0.149846 -0.042620 -0.093758 -0.333715 -0.636954 -0.686508 -0.856062 -0.972795 0.977539 0.967801 0.931048 0.842342 0.705946 0.647506 0.521542 0.439294 0.218362 -0.004106 -0.080785 -0.375352 -0.631315 -0.783793 -0.920333 -0.978314 
58.436661 32940410.000000 58 58 60 0.971393 0.931943 0.964266 0.966629 0.948682 0.914262 0.747553 0.633092 0.562145 0.392946 0.307843 0.081635 -0.118500 -0.206631 -0.443227 -0.639852 -0.730379 -0.773772 -0.843927 0.967317 0.949325 0.923580 0.752204 0.653735 0.605828 0.412370 0.328616 0.120942 -0.097089 -0.148545 -0.421579 -0.632976 -0.712959 -0.758168 -0.909180 
58.481110 30056574.000000 60 60 60 0.960337 0.969671 0.940500 0.969064 0.949065 0.916247 0.807636 0.594049 0.517428 0.375151 0.308480 0.127709 -0.112429 -0.219084 -0.422272 -0.617912 -0.731199 -0.792703 -0.868020 0.967930 0.949870 0.915616 0.789609 0.594202 0.542047 0.364828 0.294585 0.110135 -0.133551 -0.235058 -0.440928 -0.636455 -0.735176 -0.784568 -0.855121 
52.509731 2839412.250000 60 60 60 0.968462 0.888371 0.519792 0.990171 0.956538 0.912981 0.787429 0.611479 0.550179 0.409342 0.344617 0.180120 -0.127491 -0.200975 -0.405447 -0.560007 -0.704052 -0.809306 -0.903131 0.981049 0.947504 0.921956 0.815759 0.608682 0.518235 0.394409 0.323526 0.178298 -0.124941 -0.212777 -0.409774 -0.593571 -0.699508 -0.805861 -0.889893 
40.694725 347374.312500 60 58 58 0.547894 0.746973 0.858862 0.970271 0.950113 0.903255 0.722388 0.614122 0.573492 0.484416 0.310966 0.179549 -0.098853 -0.199242 -0.435133 -0.644526 -0.756244 -0.818561 -0.956376 0.986436 0.960638 0.894249 0.703160 0.619174 0.569612 0.456054 0.358224 0.136922 -0.123639 -0.198885 -0.433269 -0.599921 -0.746108 -0.819173 -0.951885 
36.889675 186463.531250 58 58 60 0.870290 0.733101 0.836340 0.964725 0.947596 0.880405 0.741549 0.607586 0.517881 0.420813 0.303793 0.228072 -0.070373 -0.199535 -0.382333 -0.685474 -0.757560 -0.836967 -0.959684 0.967052 0.952235 0.889690 0.742388 0.608621 0.554771 0.451095 0.320020 0.221610 -0.109023 -0.213056 -0.432901 -0.629448 -0.745063 -0.831567 -0.961265 
34.384426 59727.187500 60 58 60 0.782866 0.730019 0.861488 0.962732 0.949767 0.928248 0.771506 0.642276 0.542659 0.411522 0.336013 0.234068 -0.046138 -0.244350 -0.475432 -0.674635 -0.777464 -0.887232 -0.974701 0.960452 0.949858 0.905938 0.772622 0.646395 0.516918 0.408964 0.306729 0.221408 -0.059103 -0.198764 -0.398647 -0.660465 -0.723653 -0.880446 -0.970496 
29.876678 31263.960938 60 60 58 0.775675 0.830354 0.753154 0.960277 0.949743 0.900103 0.690546 0.639584 0.556706 0.436214 0.357784 0.184954 -0.117731 -0.269591 -0.494914 -0.658739 -0.814437 -0.921737 -0.981906 0.963154 0.949897 0.918881 0.741669 0.645993 0.558515 0.433125 0.351512 0.247051 -0.070731 -0.259639 -0.501057 -0.663453 -0.784219 -0.904194 -0.981395 
27.078266 19089.724609 58 58 60 0.745556 0.726523 0.807374 0.973330 0.952955 0.929202 0.728072 0.634425 0.530984 0.436899 0.354476 0.133976 -0.145182 -0.286531 -0.534944 -0.666959 -0.835755 -0.932339 -0.972651 0.967634 0.952358 0.925492 0.727894 0.628952 0.543823 0.416808 0.360705 0.143502 -0.065070 -0.296505 -0.482157 -0.644347 -0.821814 -0.913455 -0.967585 
32.891598 1482195.750000 60 60 80 0.810978 0.842988 0.406448 0.969357 0.941965 0.834249 0.653494 0.513920 0.319872 0.091927 -0.067520 -0.271384 -0.421237 -0.558855 -0.693835 -0.755401 -0.822790 -0.925867 -0.991770 0.976239 0.960839 0.917344 0.747502 0.624053 0.548091 0.424275 0.335646 0.031914 -0.185891 -0.330385 -0.543381 -0.663823 -0.812984 -0.925469 -0.977232 
46.865120 8380442.000000 80 76 60 0.465827 0.447735 0.395497 0.975390 0.941895 0.640948 0.462627 0.405856 0.152820 0.066535 -0.064200 -0.310930 -0.411263 -0.627212 -0.739998 -0.793826 -0.880437 -0.929608 -0.987097 0.970777 0.937484 0.782637 0.465027 0.408756 0.252659 0.083729 -0.029903 -0.304503 -0.425605 -0.608716 -0.720283 -0.766496 -0.848875 -0.929993 -0.991217 
51.049698 12353036.000000 58 44 56 0.414999 0.813279 0.950102 0.988172 0.974409 0.963558 0.691681 0.438857 0.396373 0.283504 0.085321 0.016360 -0.195665 -0.454677 -0.517034 -0.673953 -0.789559 -0.889924 -0.955690 0.989997 0.982803 0.939055 0.556139 0.438580 0.375453 0.124605 0.039892 -0.177250 -0.395988 -0.493991 -0.697079 -0.774693 -0.826077 -0.905295 -0.981364 
56.692039 19037086.000000 54 56 58 0.921631 0.984354 0.994414 0.981702 0.974053 0.958783 0.715592 0.434434 0.386482 0.305781 0.149732 0.011634 -0.130675 -0.415281 -0.480405 -0.599949 -0.747546 -0.832806 -0.974365 0.983675 0.973626 0.961741 0.709434 0.445124 0.405673 0.278444 0.129727 0.005264 -0.147329 -0.422921 -0.492811 -0.617646 -0.742582 -0.855475 -0.955616 
55.621037 6546185.000000 58 60 62 0.991071 0.965900 0.954168 0.984766 0.976308 0.963748 0.729451 0.417325 0.384099 0.290388 0.210518 0.045619 -0.096763 -0.406137 -0.453741 -0.617628 -0.743475 -0.874745 -0.969911 0.982283 0.975164 0.959678 0.725104 0.422355 0.386531 0.307263 0.175278 0.021464 -0.118876 -0.405040 -0.464755 -0.601952 -0.755182 -0.882078 -0.952554 
46.120983 532169.812500 60 64 60 0.957955 0.828662 0.916839 0.993123 0.981543 0.965686 0.841443 0.435421 0.379201 0.315635 0.161813 0.062046 -0.168750 -0.409798 -0.504467 -0.725788 -0.794617 -0.897294 -0.970787 0.989327 0.978570 0.965659 0.728131 0.425903 0.370921 0.289944 0.217322 0.059873 -0.135918 -0.417858 -0.483812 -0.681145 -0.767214 -0.872358 -0.980472 
47.171139 419828.468750 60 62 62 0.895474 0.958999 0.952538 0.992711 0.981670 0.969453 0.897458 0.529923 0.420382 0.350400 0.179426 0.070039 -0.215261 -0.423662 -0.502754 -0.707042 -0.776831 -0.854840 -0.975533 0.992422 0.980294 0.970041 0.875383 0.508713 0.430973 0.338463 0.155429 0.054571 -0.165800 -0.421499 -0.513592 -0.702251 -0.771499 -0.881362 -0.984662 
46.946106 205520.859375 62 62 62 0.965704 0.972188 0.934629 0.993329 0.984827 0.965295 0.907695 0.641608 0.396497 0.367061 0.246165 0.141373 -0.061316 -0.429120 -0.490407 -0.620376 -0.805380 -0.886943 -0.967488 0.993298 0.984665 0.963550 0.903014 0.563596 0.395449 0.347661 0.197122 0.107771 -0.130401 -0.424078 -0.487375 -0.663310 -0.781999 -0.843743 -0.976512 
47.388527 108001.640625 62 62 62 0.944989 0.920478 0.960341 0.993472 0.983043 0.970712 0.915590 0.727658 0.484510 0.361294 0.221974 0.125898 -0.036061 -0.395020 -0.459108 -0.633855 -0.815908 -0.887239 -0.977946 0.992999 0.983330 0.966837 0.893518 0.741884 0.422499 0.357714 0.250475 0.140619 -0.028852 -0.406832 -0.468581 -0.620014 -0.779485 -0.886772 -0.964775 
45.769562 41124.574219 62 64 64 0.958471 0.944053 0.894724 0.994706 0.987091 0.974733 0.934667 0.681749 0.462865 0.383467 0.254118 0.100790 -0.144121 -0.394956 -0.479818 -0.710709 -0.821480 -0.916932 -0.976046 0.994571 0.987720 0.971675 0.904794 0.703829 0.484848 0.355008 0.260010 0.132231 -0.134928 -0.415375 -0.490117 -0.662958 -0.828827 -0.897771 -0.969015 
40.885857 21060.712891 66 68 68 0.844398 0.909809 0.741228 0.995196 0.988895 0.975434 0.882160 0.627523 0.449139 0.349112 0.197158 0.030557 -0.183800 -0.409387 -0.551765 -0.730060 -0.842841 -0.929341 -0.970850 0.995264 0.988328 0.977241 0.928733 0.640452 0.473304 0.375906 0.237386 0.071889 -0.220716 -0.436134 -0.519499 -0.701718 -0.850965 -0.919041 -0.980579 
40.154079 1127534.875000 70 62 52 0.559165 0.584155 0.833157 0.991019 0.977897 0.952105 0.667113 0.559715 0.494044 0.319274 0.188094 0.020496 -0.190535 -0.429846 -0.505731 -0.738185 -0.858675 -0.873241 -0.984827 0.992698 0.980180 0.876266 0.634935 0.536433 0.378861 0.282283 0.088462 0.009074 -0.222619 -0.486881 -0.564430 -0.701408 -0.816241 -0.908084 -0.994589 
53.365379 7109434.000000 52 64 66 0.791947 0.980904 0.939323 0.985369 0.977369 0.947885 0.758755 0.479824 0.424371 0.334719 0.253368 0.115003 -0.138063 -0.357097 -0.438908 -0.554147 -0.758539 -0.837898 -0.980324 0.986291 0.974777 0.954118 0.777090 0.540667 0.466230 0.341387 0.251848 0.132205 -0.129382 -0.347652 -0.436513 -0.578387 -0.783972 -0.841911 -0.945446 
46.612373 175767.421875 66 72 72 0.959550 0.813532 0.817038 0.993331 0.982879 0.961097 0.801045 0.499304 0.404294 0.344460 0.266802 0.146954 -0.133311 -0.362878 -0.442710 -0.579484 -0.773711 -0.871911 -0.976664 0.988358 0.979905 0.957150 0.752129 0.454016 0.408610 0.329200 0.269237 0.148509 -0.122138 -0.361070 -0.436286 -0.534097 -0.749729 -0.828680 -0.971649 
34.707520 40142.449219 72 80 66 0.821037 0.519948 0.858166 0.988366 0.978993 0.963376 0.699879 0.522212 0.457092 0.355970 0.240281 0.090539 -0.148486 -0.360551 -0.433324 -0.619995 -0.787939 -0.906665 -0.977123 0.992518 0.983171 0.957232 0.807044 0.526167 0.441100 0.367525 0.261071 0.100648 -0.124854 -0.345336 -0.452339 -0.600554 -0.771415 -0.890713 -0.970091 
28.199348 23256.666016 34 70 96 0.746321 0.445284 0.495541 0.985831 0.970527 0.900976 0.685813 0.492724 0.413557 0.328072 0.227850 0.145205 -0.227477 -0.389475 -0.443392 -0.672511 -0.825445 -0.902410 -0.957969 0.985386 0.978811 0.954152 0.652528 0.530197 0.443498 0.357797 0.229665 0.165395 -0.166914 -0.398469 -0.441468 -0.619204 -0.808358 -0.906302 -0.966811 
22.338945 8513.801758 230 60 72 0.471105 0.500106 0.489842 0.989340 0.966072 0.924353 0.782229 0.496924 0.429100 0.356951 0.259106 0.173208 -0.242697 -0.376422 -0.527880 -0.712443 -0.835430 -0.899100 -0.981545 0.986163 0.972346 0.916638 0.741054 0.482978 0.403337 0.360947 0.254750 0.184468 -0.141202 -0.380122 -0.461757 -0.703424 -0.812607 -0.911633 -0.972034 
40.605434 3827971.000000 72 34 56 0.532073 0.510466 0.569881 0.967357 0.945373 0.764931 0.440020 0.381146 0.229895 0.038922 -0.052365 -0.175025 -0.236180 -0.440096 -0.572545 -0.702231 -0.849326 -0.922889 -0.987386 0.983552 0.970268 0.919211 0.757440 0.544396 0.413144 0.361537 0.249038 0.043923 -0.234369 -0.378711 -0.539558 -0.704043 -0.842391 -0.910128 -0.974987 
41.678093 3014394.250000 58 60 32 0.343809 0.520715 0.640454 0.988123 0.977658 0.954682 0.686246 0.393258 0.361286 0.181062 0.006124 -0.141121 -0.235733 -0.397000 -0.546115 -0.708386 -0.761275 -0.904755 -0.966574 0.971064 0.947856 0.843979 0.466995 0.393499 0.250510 0.035829 -0.063955 -0.186245 -0.253891 -0.477610 -0.598641 -0.735902 -0.831614 -0.917384 -0.982627 
55.241657 22944200.000000 64 66 68 0.674339 0.892121 0.961136 0.983837 0.971268 0.938008 0.760366 0.475067 0.402225 0.330819 0.179600 -0.011343 -0.137584 -0.311273 -0.425155 -0.569693 -0.731453 -0.807319 -0.952936 0.983785 0.975565 0.943405 0.775643 0.443602 0.383589 0.302112 0.122142 -0.060108 -0.163424 -0.335157 -0.435772 -0.576749 -0.728643 -0.810677 -0.967135 
56.973259 21795662.000000 68 68 68 0.972817 0.956405 0.932373 0.975379 0.956802 0.931196 0.822366 0.523769 0.451740 0.348982 0.225234 0.079982 -0.074330 -0.266981 -0.370353 -0.555361 -0.703645 -0.803661 -0.875662 0.979763 0.963157 0.938066 0.791661 0.498019 0.436461 0.332994 0.207858 0.046240 -0.095310 -0.268085 -0.386503 -0.580179 -0.725859 -0.816029 -0.897165 
56.994728 25285198.000000 68 70 68 0.931690 0.945160 0.942174 0.973176 0.940638 0.917575 0.819105 0.589697 0.484258 0.372193 0.275998 0.109926 -0.088222 -0.236126 -0.328872 -0.557890 -0.730052 -0.800059 -0.861934 0.975169 0.947180 0.923600 0.821666 0.549002 0.457921 0.354291 0.247604 0.092994 -0.081633 -0.248319 -0.353743 -0.548952 -0.717287 -0.797621 -0.871753 
58.126244 27992454.000000 68 68 68 0.939963 0.938499 0.935463 0.967578 0.932449 0.905568 0.822934 0.632896 0.531336 0.375706 0.302379 0.141911 -0.056504 -0.207467 -0.356215 -0.592945 -0.742321 -0.832135 -0.883966 0.970765 0.937195 0.910894 0.822856 0.618437 0.508142 0.383508 0.294461 0.128304 -0.064023 -0.218362 -0.334502 -0.559365 -0.727750 -0.810133 -0.871863 
57.813869 22297738.000000 68 68 68 0.942936 0.916330 0.967468 0.968083 0.930353 0.902224 0.831852 0.661492 0.568402 0.379133 0.286100 0.142488 -0.058940 -0.249083 -0.354659 -0.601930 -0.740866 -0.849477 -0.881706 0.968920 0.931115 0.904873 0.831573 0.651662 0.559190 0.378788 0.305004 0.133684 -0.058080 -0.218584 -0.337412 -0.638336 -0.748130 -0.838751 -0.880531 
56.932724 18688916.000000 68 68 68 0.965373 0.960763 0.952404 0.971433 0.930264 0.900277 0.831743 0.714247 0.570416 0.379627 0.263144 0.158585 -0.108827 -0.274366 -0.391674 -0.589633 -0.765287 -0.831037 -0.926413 0.969428 0.930734 0.901009 0.834934 0.690542 0.563224 0.376551 0.271246 0.143543 -0.070624 -0.268041 -0.357016 -0.576880 -0.744111 -0.840549 -0.887318 
57.080811 11323122.000000 70 68 68 0.906177 0.990093 0.988957 0.972514 0.932818 0.904576 0.850669 0.766319 0.608985 0.413884 0.214270 0.121536 -0.107769 -0.286566 -0.391280 -0.543336 -0.735951 -0.830681 -0.905744 0.970727 0.930525 0.900639 0.836815 0.735857 0.596192 0.378271 0.245816 0.159356 -0.115768 -0.287639 -0.389053 -0.561679 -0.741962 -0.822699 -0.891954 
57.690628 6906008.000000 68 68 68 0.991768 0.987803 0.948216 0.973578 0.939239 0.913680 0.853751 0.815559 0.655686 0.398591 0.135456 0.066625 -0.112553 -0.299333 -0.376221 -0.497121 -0.735539 -0.826885 -0.931991 0.972442 0.934555 0.908739 0.852833 0.801689 0.588768 0.394191 0.193797 0.089950 -0.064031 -0.288374 -0.379986 -0.511817 -0.715827 -0.824460 -0.918019 
55.842785 1809862.875000 68 68 70 0.972583 0.962110 0.928969 0.979950 0.958669 0.931935 0.874853 0.827829 0.652887 0.402952 0.193932 0.028439 -0.063731 -0.228618 -0.317027 -0.443924 -0.745576 -0.864787 -0.960518 0.977820 0.947197 0.924404 0.862565 0.823474 0.674078 0.385582 0.140749 0.026614 -0.092999 -0.263257 -0.350757 -0.482846 -0.729916 -0.853203 -0.957620 
53.742050 698669.312500 70 70 72 0.939220 0.878886 0.767614 0.983427 0.971027 0.931952 0.884524 0.820220 0.659537 0.527760 0.236944 0.000061 -0.080384 -0.225189 -0.303907 -0.466160 -0.806159 -0.890082 -0.962718 0.981471 0.966473 0.935822 0.884797 0.825979 0.647704 0.429475 0.234830 -0.006351 -0.070319 -0.230002 -0.307078 -0.453308 -0.768053 -0.891064 -0.973568 
52.642044 468307.937500 72 74 76 0.775794 0.792768 0.883149 0.983994 0.973638 0.938160 0.888685 0.819494 0.666861 0.572236 0.183904 -0.028683 -0.091321 -0.223751 -0.299605 -0.558647 -0.829416 -0.872941 -0.960401 0.983795 0.972108 0.936512 0.885490 0.814203 0.652259 0.547435 0.201708 -0.003403 -0.097022 -0.218874 -0.312194 -0.533721 -0.811942 -0.881690 -0.969086 
53.382145 1927540.875000 76 76 80 0.901722 0.809527 0.854576 0.978867 0.960597 0.931492 0.876883 0.840977 0.712756 0.297935 0.005212 -0.044466 -0.195746 -0.266672 -0.335738 -0.673854 -0.766697 -0.809318 -0.951302 0.982502 0.970967 0.934396 0.887679 0.817371 0.675188 0.514010 0.055653 -0.041406 -0.127663 -0.251263 -0.313197 -0.642174 -0.824888 -0.878190 -0.981817 
56.195213 6422889.500000 82 86 86 0.909421 0.883388 0.971846 0.975026 0.953100 0.930347 0.853060 0.827897 0.699525 0.116109 0.042944 -0.048701 -0.182440 -0.252838 -0.487230 -0.706501 -0.746704 -0.821850 -0.878494 0.977942 0.955700 0.933982 0.869433 0.831684 0.735251 0.234387 0.021016 -0.018750 -0.195061 -0.242574 -0.400231 -0.686415 -0.746238 -0.802189 -0.902306 
55.693073 1832981.000000 86 88 82 0.979257 0.488792 0.790923 0.978149 0.953208 0.933298 0.866696 0.822078 0.783038 0.229318 0.074791 0.012451 -0.144044 -0.179897 -0.547981 -0.705914 -0.761154 -0.842377 -0.927836 0.974623 0.953071 0.933862 0.855604 0.829919 0.736932 0.119957 0.062797 -0.042003 -0.159329 -0.231078 -0.490910 -0.713755 -0.744836 -0.834674 -0.881531 
52.728935 1421299.750000 82 154 86 0.776443 0.781269 0.926828 0.979366 0.953850 0.934453 0.847670 0.817117 0.724602 0.212852 0.125749 0.019669 -0.097867 -0.148704 -0.537999 -0.715918 -0.749189 -0.843425 -0.924070 0.979185 0.954902 0.941891 0.878374 0.821332 0.787500 0.211036 0.086148 0.011146 -0.132832 -0.165988 -0.593710 -0.715980 -0.761740 -0.845709 -0.919061 
51.146805 283223.562500 86 152 152 0.896407 0.841254 0.849888 0.984989 0.961221 0.950243 0.903061 0.834405 0.745972 0.272478 0.142191 -0.003022 -0.093944 -0.178457 -0.482536 -0.713736 -0.772557 -0.863798 -0.971739 0.984240 0.958930 0.942626 0.875197 0.818316 0.769613 0.232103 0.143764 0.039274 -0.089215 -0.129442 -0.492587 -0.720365 -0.746796 -0.855328 -0.928007 
50.515678 215069.312500 152 230 148 0.632580 0.691052 0.661365 0.981699 0.965165 0.949730 0.868857 0.832200 0.800025 0.340560 0.171041 0.020512 -0.106136 -0.169621 -0.492681 -0.713390 -0.784960 -0.874600 -0.962706 0.981496 0.965106 0.945149 0.884699 0.835983 0.790171 0.322783 0.150264 -0.008417 -0.096354 -0.174615 -0.545258 -0.693287 -0.749728 -0.873603 -0.971780 
49.335819 86177.140625 230 230 72 0.765002 0.426724 0.527571 0.986087 0.973619 0.953049 0.875931 0.836972 0.813569 0.438548 0.190225 -0.010932 -0.084779 -0.211774 -0.537812 -0.662513 -0.787657 -0.897228 -0.973044 0.981810 0.971269 0.946007 0.878230 0.839634 0.806677 0.383033 0.162829 -0.025700 -0.096081 -0.166471 -0.553326 -0.661607 -0.774951 -0.878132 -0.963699 
48.080750 48339.921875 220 56 60 0.570520 0.688549 0.437116 0.983209 0.976116 0.958442 0.873989 0.849509 0.765619 0.410332 0.260657 -0.005876 -0.085722 -0.271571 -0.537244 -0.659760 -0.826545 -0.927995 -0.971437 0.983699 0.973996 0.952592 0.877184 0.845359 0.815640 0.346363 0.252940 0.023356 -0.056005 -0.196149 -0.471996 -0.673736 -0.799427 -0.912092 -0.973482 
45.207310 59388.832031 62 82 92 0.900728 0.794565 0.591207 0.984081 0.977482 0.938199 0.864139 0.847085 0.755978 0.365953 0.298969 -0.022800 -0.095377 -0.238898 -0.498155 -0.671635 -0.818464 -0.906424 -0.969765 0.984151 0.975564 0.941335 0.876724 0.853875 0.799880 0.372245 0.295918 0.022843 -0.097379 -0.236212 -0.529121 -0.685267 -0.808828 -0.919436 -0.971902 
43.286098 51655.453125 94 186 150 0.482674 0.541337 0.560911 0.984312 0.979655 0.949210 0.835104 0.818225 0.725063 0.376978 0.318348 -0.017188 -0.151383 -0.325521 -0.498575 -0.648634 -0.823373 -0.910393 -0.972968 0.985430 0.980126 0.959050 0.863575 0.835954 0.692979 0.424980 0.281972 -0.020823 -0.101032 -0.339912 -0.548118 -0.693892 -0.808760 -0.911064 -0.980472 
34.722786 11148.138672 34 34 70 0.709410 0.469044 0.475875 0.984419 0.974993 0.907900 0.836570 0.800694 0.554783 0.379281 0.180050 -0.023018 -0.214579 -0.388259 -0.542609 -0.743815 -0.824585 -0.918381 -0.974212 0.983617 0.979760 0.937699 0.827760 0.812664 0.691513 0.371783 0.281063 -0.010708 -0.146058 -0.386606 -0.540249 -0.695556 -0.820610 -0.912354 -0.975386 
22.915222 9263.491211 94 40 42 0.508255 0.292639 0.837558 0.988564 0.979078 0.882387 0.835123 0.773507 0.488272 0.371313 0.172857 -0.014455 -0.202941 -0.356323 -0.541195 -0.723745 -0.843400 -0.937180 -0.973770 0.982095 0.956734 0.888611 0.837127 0.787057 0.544386 0.362577 0.193901 -0.007894 -0.209088 -0.368854 -0.566752 -0.717915 -0.813148 -0.920473 -0.970779 
33.089260 9278.031250 42 42 48 0.807727 0.893960 0.690768 0.989996 0.985897 0.956651 0.877969 0.743189 0.568316 0.342940 0.175341 -0.023604 -0.233942 -0.387915 -0.596509 -0.737739 -0.839555 -0.911850 -0.982550 0.989211 0.985443 0.932065 0.850432 0.792548 0.558297 0.406600 0.218502 -0.016129 -0.203804 -0.384402 -0.564178 -0.727465 -0.830764 -0.926754 -0.984292 
29.420111 54689.300781 46 56 62 0.653687 0.796107 0.570175 0.991894 0.983593 0.917753 0.789662 0.647796 0.417843 0.154464 -0.141710 -0.252457 -0.321049 -0.498236 -0.588428 -0.668101 -0.723570 -0.820256 -0.969996 0.992072 0.987426 0.945247 0.846019 0.716117 0.544467 0.358882 0.169180 -0.056828 -0.220933 -0.416213 -0.570833 -0.722062 -0.839073 -0.930612 -0.972999 
41.770355 567429.312500 64 64 52 0.726573 0.465664 0.637675 0.983224 0.962946 0.846717 0.691550 0.524391 0.263704 -0.037765 -0.349917 -0.499396 -0.596882 -0.693670 -0.773171 -0.839197 -0.887567 -0.952907 -0.969169 0.990493 0.970709 0.891108 0.718932 0.559581 0.323117 -0.080966 -0.247339 -0.385019 -0.543985 -0.603628 -0.720650 -0.747133 -0.812137 -0.846338 -0.956217 
48.789253 1188853.875000 54 146 82 0.725182 0.522350 0.474357 0.977158 0.940580 0.823211 0.679367 0.487391 0.277712 -0.102098 -0.227311 -0.446086 -0.623576 -0.707524 -0.771136 -0.841800 -0.892698 -0.985481 -0.997382 0.975420 0.953242 0.828696 0.678948 0.523063 0.291115 -0.041505 -0.251345 -0.509603 -0.629598 -0.696608 -0.723792 -0.826755 -0.953869 -0.979659 -0.995607 
46.729576 755207.125000 84 216 216 0.485462 0.510414 0.496550 0.981983 0.939478 0.801854 0.657918 0.524401 0.235733 -0.141550 -0.339316 -0.403823 -0.569767 -0.727622 -0.789561 -0.846584 -0.901998 -0.970435 -0.992189 0.981256 0.943902 0.815331 0.680710 0.499911 0.271613 -0.124806 -0.263917 -0.399841 -0.601457 -0.712415 -0.787030 -0.851240 -0.921700 -0.982490 -0.995568 
51.848816 3112524.500000 84 108 86 0.699130 0.506915 0.424413 0.982117 0.924184 0.814739 0.674979 0.498518 0.282937 -0.009613 -0.311766 -0.420164 -0.533148 -0.694950 -0.806719 -0.874789 -0.880555 -0.959593 -0.986189 0.976377 0.953106 0.832158 0.692241 0.521367 0.282336 -0.142905 -0.289284 -0.393423 -0.547009 -0.728052 -0.797697 -0.864228 -0.883805 -0.957358 -0.993323 
54.575378 2777473.000000 86 86 88 0.682735 0.567867 0.539558 0.978659 0.927012 0.812177 0.674486 0.492003 0.300283 -0.001081 -0.265138 -0.384832 -0.483078 -0.690137 -0.837362 -0.867521 -0.882954 -0.930202 -0.987995 0.983260 0.934718 0.820819 0.680885 0.504373 0.299663 0.016764 -0.334436 -0.431374 -0.519813 -0.724554 -0.830519 -0.874218 -0.883308 -0.932957 -0.986825 
57.240452 7938751.500000 55 153 135 0.472450 0.548919 0.599834 0.979164 0.925504 0.787262 0.642262 0.337547 0.095580 -0.093920 -0.371180 -0.420458 -0.467476 -0.490314 -0.692861 -0.823401 -0.887215 -0.922304 -0.955212 0.977932 0.914723 0.791487 0.636472 0.385759 0.075787 -0.049349 -0.343895 -0.472178 -0.491679 -0.522346 -0.682225 -0.797551 -0.864543 -0.944471 -0.987185 
51.883568 1807001.500000 135 108 108 0.571626 0.699603 0.673252 0.983478 0.945651 0.796784 0.631697 0.280089 -0.099101 -0.161171 -0.249735 -0.303170 -0.383170 -0.502257 -0.583194 -0.771436 -0.872172 -0.915119 -0.983164 0.981583 0.927543 0.791503 0.645698 0.363773 0.109017 -0.218775 -0.308220 -0.353261 -0.392585 -0.454846 -0.662247 -0.792017 -0.871226 -0.909555 -0.955824 
37.113575 335650.906250 183 43 98 0.562535 0.680376 0.477042 0.980710 0.957383 0.831118 0.634458 0.407974 0.003027 -0.076991 -0.223237 -0.293318 -0.424979 -0.489636 -0.605802 -0.778476 -0.861551 -0.918955 -0.983835 0.983049 0.951904 0.809097 0.647416 0.226449 -0.041842 -0.077238 -0.220798 -0.288753 -0.398519 -0.490595 -0.605767 -0.801428 -0.862538 -0.922225 -0.987030 
31.674730 137613.109375 93 70 38 0.468536 0.561144 0.453583 0.989620 0.974250 0.861087 0.710522 0.538978 0.110766 -0.085050 -0.284670 -0.363176 -0.444947 -0.485127 -0.576329 -0.788444 -0.860375 -0.922650 -0.994916 0.983472 0.971973 0.855506 0.687943 0.541795 0.118556 -0.102728 -0.242524 -0.337992 -0.438753 -0.486925 -0.585561 -0.801738 -0.856124 -0.924324 -0.991548 
30.376820 106065.953125 215 85 258 0.564938 0.443471 0.401816 0.985224 0.960864 0.881210 0.710176 0.539431 0.197308 -0.103655 -0.228115 -0.346187 -0.402474 -0.498840 -0.563097 -0.759254 -0.864443 -0.909984 -0.989701 0.988247 0.973073 0.893722 0.714602 0.541812 0.185362 -0.080192 -0.238051 -0.361119 -0.403551 -0.491318 -0.533466 -0.755084 -0.861752 -0.921563 -0.984428 
27.166485 39852.835938 38 58 288 0.528683 0.508451 0.414357 0.986853 0.976594 0.869958 0.719970 0.590069 0.367030 -0.030166 -0.211235 -0.333318 -0.387573 -0.456396 -0.522161 -0.642930 -0.843367 -0.863576 -0.988956 0.984724 0.960190 0.864953 0.715115 0.588405 0.211218 -0.069593 -0.203541 -0.337715 -0.405068 -0.486144 -0.533760 -0.727976 -0.846649 -0.885949 -0.987762 
26.459881 40198.203125 65 70 218 0.494435 0.648390 0.590774 0.987665 0.974144 0.884032 0.763079 0.605272 0.329639 0.125428 -0.148197 -0.319672 -0.406785 -0.484090 -0.514795 -0.638776 -0.838118 -0.851446 -0.961374 0.984919 0.972362 0.872375 0.702197 0.559409 0.274199 0.112589 -0.186361 -0.331200 -0.377028 -0.473625 -0.520764 -0.665598 -0.832068 -0.845176 -0.958359 
22.730629 18738.763672 220 60 70 0.433364 0.532273 0.688682 0.982360 0.961889 0.872161 0.748158 0.625031 0.378976 0.174695 -0.065620 -0.359537 -0.385767 -0.489338 -0.514564 -0.571462 -0.798910 -0.913864 -0.977712 0.983046 0.966617 0.892017 0.769772 0.610027 0.426752 0.126991 -0.084544 -0.317826 -0.389719 -0.486823 -0.521243 -0.611660 -0.837537 -0.880378 -0.981074 
22.174805 7420.268066 70 68 70 0.495016 0.407620 0.986954 0.985565 0.962886 0.887301 0.793231 0.625432 0.491669 0.167789 -0.001927 -0.356245 -0.418802 -0.478170 -0.506156 -0.694826 -0.831970 -0.883141 -0.969044 0.986802 0.973509 0.876899 0.766985 0.626468 0.406552 0.221768 -0.044945 -0.356262 -0.414985 -0.482434 -0.499007 -0.614990 -0.834935 -0.890277 -0.977537 
