40.529636 161902.453125 20 120 42 0.000000 0.749015 0.902958 0.989119 0.984937 0.945127 0.846311 0.649325 0.562620 0.350028 0.168014 0.090814 -0.202744 -0.435244 -0.484569 -0.567721 -0.738542 -0.903857 -0.950746 0.986470 0.952890 0.830204 0.778371 0.559441 0.429958 0.228278 0.078679 -0.109884 -0.362135 -0.429203 -0.520415 -0.667291 -0.830570 -0.926192 -0.961980 
52.859627 10957089.000000 40 44 54 0.898557 0.968991 0.630664 0.988935 0.978915 0.935630 0.786663 0.593770 0.549556 0.338920 0.160887 -0.010191 -0.357526 -0.507011 -0.551817 -0.673945 -0.828909 -0.875392 -0.960797 0.989248 0.980900 0.938921 0.801250 0.632543 0.582979 0.428484 0.188275 0.093530 -0.180185 -0.446465 -0.505329 -0.579423 -0.701273 -0.836586 -0.897152 
41.226646 105440.867188 48 54 44 0.576765 0.789603 0.459471 0.991664 0.982927 0.935960 0.765490 0.651838 0.556649 0.402898 0.210011 -0.047317 -0.291868 -0.456761 -0.543417 -0.675762 -0.835882 -0.889206 -0.967102 0.991195 0.982784 0.939831 0.776368 0.591617 0.556407 0.292235 0.131235 -0.097761 -0.414025 -0.525899 -0.584896 -0.719030 -0.847698 -0.880635 -0.970741 
29.756996 35669.648438 24 46 46 0.466432 0.832710 0.568987 0.988995 0.982743 0.917578 0.776236 0.605283 0.539703 0.410508 0.144032 0.060747 -0.185997 -0.476656 -0.543921 -0.687413 -0.828654 -0.864373 -0.945332 0.988443 0.975391 0.924656 0.779507 0.643455 0.565427 0.391545 0.217613 0.008954 -0.249924 -0.456116 -0.529101 -0.690186 -0.818451 -0.863952 -0.960315 
28.378325 19779.722656 178 44 44 0.628529 0.627289 0.799026 0.990587 0.983435 0.931703 0.741087 0.611097 0.567059 0.429627 0.172194 0.008429 -0.227877 -0.490387 -0.542210 -0.658553 -0.806867 -0.879766 -0.968828 0.989833 0.981067 0.916379 0.711242 0.607154 0.552786 0.477591 0.153357 0.068557 -0.230117 -0.468060 -0.540208 -0.617593 -0.813348 -0.881672 -0.962816 
29.426434 593357.375000 42 44 48 0.793982 0.688781 0.228763 0.989460 0.972608 0.813033 0.716684 0.561502 0.359272 0.242619 0.083673 -0.243922 -0.368813 -0.521857 -0.654828 -0.785336 -0.848294 -0.923620 -0.955935 0.990314 0.986210 0.953352 0.766491 0.635043 0.593402 0.412341 0.158754 0.023092 -0.263944 -0.456289 -0.549963 -0.631312 -0.815731 -0.907839 -0.969581 
52.818611 40053932.000000 48 38 86 0.639916 0.761420 0.476746 0.958053 0.918998 0.799653 0.627674 0.508902 0.355289 0.242146 -0.092361 -0.404388 -0.482790 -0.630331 -0.729703 -0.866285 -0.906392 -0.961290 -0.987945 0.960701 0.876897 0.795970 0.642246 0.486060 0.309968 0.217535 -0.012378 -0.335317 -0.425796 -0.592192 -0.735755 -0.831699 -0.888914 -0.941262 -0.985378 
49.314713 22545698.000000 22 152 24 0.524395 0.390349 0.462149 0.920397 0.866585 0.759551 0.622447 0.509761 0.406927 0.208256 -0.063799 -0.222790 -0.467925 -0.562481 -0.652415 -0.784811 -0.898482 -0.944737 -0.988782 0.952496 0.877225 0.799186 0.606350 0.496448 0.363386 0.073684 -0.111161 -0.337301 -0.538587 -0.601639 -0.697229 -0.848519 -0.897394 -0.955305 -0.992881 
45.492783 20393816.000000 48 76 42 0.336229 0.313214 0.278162 0.936552 0.911634 0.760238 0.643463 0.539761 0.404726 0.178079 0.035257 -0.196190 -0.364692 -0.504369 -0.559295 -0.718967 -0.805661 -0.888356 -0.971042 0.911353 0.861652 0.764063 0.643562 0.539782 0.377739 0.198040 0.024171 -0.211163 -0.389906 -0.530279 -0.588879 -0.712493 -0.857360 -0.919045 -0.979404 
55.063213 22907910.000000 100 34 34 0.272228 0.398730 0.951349 0.981439 0.962510 0.901070 0.852798 0.775257 0.655929 0.333346 0.158729 0.021255 -0.228426 -0.362967 -0.486242 -0.684126 -0.835288 -0.924956 -0.971812 0.975226 0.932143 0.833612 0.710997 0.600233 0.449899 0.253335 0.047246 -0.169206 -0.384810 -0.448652 -0.574109 -0.742781 -0.814721 -0.906012 -0.965089 
63.710297 49535384.000000 34 34 34 0.936815 0.968065 0.971135 0.977426 0.948979 0.874478 0.844937 0.777164 0.684782 0.478934 0.182268 0.087707 -0.073495 -0.269061 -0.338841 -0.640498 -0.757098 -0.910874 -0.975521 0.980256 0.958865 0.881522 0.847870 0.769258 0.671469 0.437353 0.158330 0.074076 -0.168187 -0.281175 -0.382178 -0.674432 -0.769054 -0.917223 -0.969661 
62.563671 36420832.000000 34 32 32 0.986592 0.945089 0.992324 0.973322 0.945256 0.879995 0.834702 0.781272 0.675036 0.468428 0.193724 0.065399 -0.092398 -0.254406 -0.407626 -0.650657 -0.734921 -0.895030 -0.972181 0.973980 0.944809 0.875302 0.839768 0.780883 0.675688 0.460543 0.187278 0.063930 -0.061358 -0.258216 -0.392300 -0.634674 -0.743889 -0.898373 -0.976194 
61.479534 21834924.000000 32 32 30 0.984008 0.958578 0.922316 0.976719 0.953819 0.886326 0.832347 0.791730 0.690386 0.515747 0.227236 0.081873 -0.085949 -0.227013 -0.508471 -0.624957 -0.772821 -0.935237 -0.978046 0.976079 0.949611 0.892702 0.836298 0.800922 0.674997 0.475821 0.207801 0.062660 -0.086089 -0.259955 -0.464333 -0.621587 -0.786897 -0.919455 -0.973791 
60.852509 32106678.000000 32 30 30 0.947038 0.955120 0.968245 0.976353 0.956394 0.872947 0.822956 0.779852 0.662262 0.408888 0.180575 0.052713 -0.106116 -0.249295 -0.341098 -0.622487 -0.681991 -0.922649 -0.974264 0.976705 0.955909 0.878952 0.826210 0.783371 0.666616 0.455742 0.183972 0.086118 -0.122894 -0.239809 -0.396201 -0.615088 -0.698866 -0.927419 -0.972615 
60.241512 35488220.000000 30 30 30 0.972837 0.986213 0.977741 0.976663 0.962397 0.862423 0.814762 0.753947 0.633229 0.389033 0.187009 0.061770 -0.076430 -0.284378 -0.344326 -0.639030 -0.700963 -0.923723 -0.972014 0.976132 0.959757 0.859628 0.819141 0.750145 0.659030 0.423690 0.188113 0.053029 -0.086675 -0.254554 -0.341738 -0.634111 -0.678365 -0.937937 -0.976283 
60.047993 42020136.000000 30 30 30 0.981282 0.959760 0.943073 0.976465 0.964332 0.853689 0.805002 0.693401 0.612886 0.359416 0.239306 0.100707 0.005226 -0.307851 -0.354624 -0.586532 -0.752279 -0.913898 -0.956630 0.976399 0.963212 0.858346 0.809823 0.732237 0.621238 0.387919 0.182729 0.085402 -0.029605 -0.291494 -0.352021 -0.619712 -0.743693 -0.914883 -0.961710 
60.198654 51606948.000000 30 30 30 0.932747 0.969106 0.986201 0.976671 0.963368 0.867813 0.794932 0.664988 0.589040 0.367683 0.250460 0.088366 0.005042 -0.320643 -0.347799 -0.595640 -0.696275 -0.817664 -0.966221 0.976587 0.964058 0.859910 0.796444 0.666337 0.621803 0.344040 0.267183 0.099302 -0.042415 -0.313109 -0.347068 -0.575424 -0.705859 -0.874008 -0.964032 
60.221962 35707132.000000 30 30 34 0.978347 0.979959 0.708862 0.979136 0.967688 0.893724 0.782425 0.671911 0.571152 0.380936 0.274498 0.141549 -0.003569 -0.279372 -0.304158 -0.596792 -0.782110 -0.885270 -0.922364 0.977975 0.964868 0.891558 0.810396 0.637081 0.516181 0.367050 0.208518 0.102352 -0.063945 -0.302657 -0.346172 -0.648893 -0.783012 -0.887311 -0.933937 
60.075550 3783066.250000 32 32 32 0.773784 0.970946 0.937944 0.982906 0.979888 0.940597 0.807485 0.741504 0.609025 0.441317 0.332740 0.064466 -0.097536 -0.268474 -0.328918 -0.563327 -0.786269 -0.900915 -0.959871 0.982251 0.977855 0.909949 0.805774 0.728954 0.634966 0.408809 0.309640 0.143101 -0.097212 -0.234940 -0.282071 -0.545896 -0.768863 -0.896250 -0.945918 
60.339806 2642073.250000 34 34 34 0.954120 0.977073 0.972485 0.984244 0.981018 0.953763 0.793855 0.738186 0.593037 0.457037 0.328847 0.094929 -0.117509 -0.279561 -0.321733 -0.590743 -0.763127 -0.890301 -0.968654 0.983712 0.980674 0.944078 0.801826 0.734294 0.596042 0.451816 0.296738 0.066326 -0.077439 -0.298598 -0.330675 -0.628604 -0.737554 -0.892280 -0.960451 
60.104698 9999044.000000 34 34 34 0.977146 0.962640 0.564344 0.983766 0.979900 0.929263 0.799780 0.704300 0.603461 0.428936 0.243192 0.004701 -0.225601 -0.288241 -0.455057 -0.624570 -0.759846 -0.882148 -0.957976 0.984792 0.981667 0.955502 0.783772 0.726495 0.613340 0.459353 0.287761 0.033793 -0.180783 -0.258518 -0.307664 -0.566601 -0.750143 -0.878641 -0.970856 
59.536545 49208428.000000 34 34 34 0.650211 0.973837 0.986122 0.979819 0.959668 0.906368 0.837634 0.613730 0.569983 0.417974 0.192366 0.035320 -0.090837 -0.381019 -0.441497 -0.652746 -0.740783 -0.820784 -0.867478 0.979876 0.966551 0.902938 0.820869 0.629794 0.576601 0.423338 0.202202 0.075534 -0.177482 -0.319666 -0.400934 -0.676333 -0.761469 -0.851654 -0.910020 
58.891262 17495756.000000 34 34 36 0.988204 0.979961 0.956103 0.977111 0.946777 0.925921 0.876463 0.645561 0.600943 0.444740 0.265602 -0.031583 -0.090828 -0.343351 -0.479174 -0.626379 -0.739942 -0.829622 -0.873830 0.978497 0.952631 0.915461 0.861220 0.642538 0.580455 0.442510 0.209161 -0.019283 -0.117076 -0.426420 -0.476691 -0.638291 -0.744104 -0.838628 -0.865972 
55.717789 3096404.750000 34 36 40 0.926388 0.958762 0.317695 0.980353 0.949925 0.936119 0.841024 0.669953 0.628886 0.439433 0.273528 -0.055497 -0.124176 -0.270251 -0.518506 -0.623990 -0.706448 -0.828607 -0.914408 0.975676 0.944510 0.932658 0.857437 0.641451 0.618099 0.406532 0.235901 -0.030490 -0.103269 -0.293773 -0.484231 -0.618134 -0.703367 -0.813469 -0.900308 
41.683388 628911.375000 44 36 34 0.768064 0.722761 0.601123 0.976512 0.948768 0.915234 0.800966 0.656193 0.540625 0.448833 0.250846 0.034275 -0.065689 -0.319817 -0.467646 -0.652647 -0.773075 -0.833605 -0.933577 0.981378 0.949164 0.925142 0.801684 0.645655 0.565622 0.458125 0.173920 0.044883 -0.087795 -0.307131 -0.441723 -0.671087 -0.781495 -0.850948 -0.948036 
37.435375 966808.937500 34 34 34 0.459053 0.721861 0.895520 0.975185 0.947384 0.876291 0.771291 0.635306 0.485129 0.250536 0.130749 0.003088 -0.099136 -0.308294 -0.488096 -0.600804 -0.774824 -0.886312 -0.939998 0.974107 0.943364 0.919524 0.820399 0.670931 0.581119 0.444628 0.247591 0.065314 -0.056239 -0.320203 -0.467762 -0.573348 -0.726915 -0.845114 -0.959032 
42.457317 234936.781250 34 34 30 0.703071 0.528652 0.701311 0.977534 0.967007 0.919583 0.838018 0.758063 0.627042 0.517819 0.231710 0.074660 -0.037250 -0.306939 -0.450663 -0.542525 -0.733062 -0.858422 -0.967360 0.980439 0.964378 0.905605 0.816546 0.667930 0.595200 0.420416 0.155742 0.037988 -0.157640 -0.303611 -0.424807 -0.583958 -0.750241 -0.882349 -0.957220 
52.137169 366426.000000 50 64 24 0.446802 0.676517 0.752548 0.980043 0.972230 0.952407 0.897866 0.829412 0.629762 0.548454 0.228590 0.013859 -0.079871 -0.331266 -0.459115 -0.634132 -0.752916 -0.892196 -0.970918 0.982631 0.976178 0.935630 0.877764 0.765760 0.604323 0.519218 0.211390 0.066200 0.003387 -0.308135 -0.459612 -0.560281 -0.738589 -0.911159 -0.969274 
59.878410 1590722.000000 50 52 52 0.930346 0.943840 0.961233 0.980185 0.970445 0.958743 0.889451 0.823171 0.710749 0.524025 0.253945 -0.029853 -0.221835 -0.370668 -0.548081 -0.704479 -0.797700 -0.877042 -0.960491 0.979309 0.969510 0.957819 0.899178 0.840921 0.651941 0.556848 0.318550 -0.036708 -0.152667 -0.358132 -0.484627 -0.671466 -0.747655 -0.890286 -0.975188 
59.500328 10871893.000000 52 52 56 0.972791 0.799759 0.887084 0.984006 0.957716 0.920593 0.846343 0.785381 0.707149 0.452590 0.074358 -0.107501 -0.230941 -0.378799 -0.436523 -0.636805 -0.797270 -0.876054 -0.918750 0.977096 0.964822 0.934186 0.858565 0.813268 0.723517 0.395978 0.151070 -0.109667 -0.300764 -0.381587 -0.540680 -0.694167 -0.794671 -0.862723 -0.926590 
55.097942 26370412.000000 56 58 58 0.850916 0.955101 0.933909 0.985238 0.961204 0.892348 0.795824 0.691979 0.647300 0.366318 0.099890 -0.041690 -0.183030 -0.354789 -0.421990 -0.601626 -0.782183 -0.889385 -0.908032 0.985993 0.960497 0.911488 0.836948 0.722853 0.679662 0.510220 0.119226 -0.125180 -0.212361 -0.396517 -0.458159 -0.658978 -0.807791 -0.897944 -0.919420 
56.917137 68337200.000000 58 60 60 0.937124 0.891898 0.936423 0.980763 0.957157 0.904304 0.792295 0.603290 0.542286 0.322448 0.150783 0.046149 -0.160049 -0.345793 -0.405358 -0.692407 -0.798086 -0.869703 -0.890732 0.980541 0.956084 0.891245 0.787145 0.656685 0.615517 0.357385 0.115588 -0.004310 -0.191393 -0.359881 -0.431800 -0.694182 -0.803423 -0.876937 -0.900205 
58.185162 49969424.000000 60 60 60 0.936273 0.962188 0.935500 0.983135 0.965765 0.918383 0.811522 0.511590 0.436657 0.314744 0.206252 0.108304 -0.112884 -0.332244 -0.436742 -0.633988 -0.745204 -0.848399 -0.874304 0.981585 0.961548 0.914656 0.790050 0.560879 0.491502 0.319294 0.192362 0.096701 -0.088648 -0.340072 -0.389020 -0.674499 -0.776856 -0.859907 -0.880552 
58.123684 30769300.000000 58 58 58 0.978942 0.989954 0.966106 0.986169 0.972097 0.932739 0.820948 0.500721 0.357736 0.292657 0.180403 0.130656 -0.107408 -0.406470 -0.482100 -0.590469 -0.712567 -0.852006 -0.875326 0.984720 0.969868 0.927999 0.813919 0.478241 0.392556 0.299961 0.189153 0.120743 -0.096260 -0.371308 -0.480765 -0.611241 -0.729393 -0.841864 -0.870209 
54.882999 2857315.750000 58 56 56 0.956772 0.945740 0.959861 0.991569 0.980844 0.934964 0.871234 0.700074 0.531811 0.372878 0.249696 0.114528 -0.076817 -0.318087 -0.463104 -0.604793 -0.735860 -0.855463 -0.909825 0.989566 0.975576 0.933872 0.830148 0.605013 0.381449 0.321483 0.228258 0.155370 -0.033345 -0.402187 -0.509722 -0.573919 -0.709169 -0.852671 -0.882637 
54.515152 1053499.375000 56 56 58 0.949927 0.964629 0.921160 0.991570 0.982535 0.955930 0.878267 0.731262 0.556398 0.416540 0.208799 0.112328 -0.048983 -0.310077 -0.464165 -0.637032 -0.773465 -0.860745 -0.940965 0.991747 0.982988 0.939704 0.883345 0.738990 0.539433 0.410044 0.193969 0.110739 -0.146997 -0.293086 -0.485587 -0.648355 -0.739376 -0.865175 -0.927004 
45.970337 746736.000000 58 58 56 0.946481 0.428711 0.806109 0.992177 0.981956 0.904675 0.798342 0.618189 0.425338 0.341514 0.202998 0.053442 -0.198268 -0.429580 -0.561890 -0.774281 -0.809032 -0.864598 -0.889183 0.990313 0.980474 0.948190 0.844875 0.671805 0.516718 0.400099 0.211024 0.095369 -0.108374 -0.362235 -0.459346 -0.605926 -0.792621 -0.853288 -0.918383 
37.174530 204189.781250 58 58 58 0.900986 0.818483 0.813429 0.992174 0.973484 0.890189 0.763084 0.633325 0.516511 0.381652 0.258817 0.143046 0.026959 -0.358050 -0.475461 -0.617798 -0.805875 -0.859766 -0.971544 0.993225 0.985160 0.897199 0.763238 0.621100 0.454311 0.338940 0.192853 0.128393 -0.074662 -0.375943 -0.487222 -0.717750 -0.821577 -0.857335 -0.960254 
34.181297 167015.656250 58 58 58 0.818411 0.804034 0.425847 0.984375 0.965290 0.920107 0.805943 0.655431 0.482635 0.369053 0.215314 0.101426 -0.071462 -0.390548 -0.547554 -0.717530 -0.833775 -0.898016 -0.977043 0.990638 0.967043 0.929834 0.809683 0.637280 0.508814 0.404643 0.272341 0.122197 -0.066258 -0.363462 -0.467487 -0.684243 -0.802667 -0.868669 -0.966256 
39.674736 5439299.000000 118 52 44 0.549984 0.516742 0.723423 0.972949 0.951321 0.888172 0.701304 0.578995 0.492741 0.333172 0.082481 -0.188809 -0.401136 -0.472775 -0.576440 -0.763157 -0.854016 -0.885242 -0.983332 0.978159 0.944863 0.889410 0.722174 0.565833 0.476574 0.298077 0.088464 -0.196514 -0.363111 -0.473288 -0.591893 -0.769085 -0.850015 -0.897922 -0.987521 
58.788181 16442179.000000 54 48 54 0.427301 0.903972 0.931535 0.983593 0.968754 0.948704 0.819533 0.694043 0.646032 0.355359 0.259746 0.105418 -0.252596 -0.308603 -0.486093 -0.671477 -0.756945 -0.787644 -0.941405 0.987877 0.971280 0.940581 0.848994 0.688813 0.654772 0.404223 0.241143 0.025432 -0.269213 -0.373033 -0.518916 -0.716554 -0.805139 -0.849939 -0.950079 
59.722145 3776022.500000 54 58 62 0.892026 0.945580 0.716712 0.982851 0.975929 0.943832 0.833090 0.749659 0.616842 0.348241 0.281118 0.145664 -0.230743 -0.275646 -0.474566 -0.670049 -0.742214 -0.811899 -0.920163 0.980979 0.972520 0.946016 0.823931 0.716158 0.611270 0.341461 0.272691 0.070935 -0.234381 -0.274610 -0.488601 -0.651282 -0.747598 -0.790298 -0.910495 
44.500488 162225.281250 62 58 48 0.781493 0.613016 0.568003 0.992259 0.973591 0.926297 0.842354 0.695248 0.611677 0.426982 0.303495 0.116501 -0.211346 -0.310545 -0.490575 -0.698550 -0.789643 -0.855287 -0.941017 0.989526 0.978239 0.938344 0.853793 0.744661 0.636775 0.398583 0.301423 0.077161 -0.198400 -0.323682 -0.511660 -0.648622 -0.786850 -0.853610 -0.949972 
34.987816 67830.585938 52 54 52 0.396862 0.613749 0.842542 0.980390 0.969979 0.932434 0.772583 0.706357 0.615199 0.432707 0.260186 0.161716 -0.172998 -0.289339 -0.441630 -0.718954 -0.771123 -0.873573 -0.965969 0.985248 0.970185 0.916812 0.804646 0.690261 0.600476 0.386990 0.253731 0.110343 -0.211256 -0.282529 -0.478736 -0.735502 -0.769059 -0.845890 -0.969488 
36.452759 36243.308594 50 52 56 0.814351 0.736108 0.782925 0.982835 0.973650 0.951290 0.833014 0.706213 0.623871 0.395580 0.254146 0.183449 -0.151476 -0.309961 -0.493946 -0.683564 -0.809351 -0.893647 -0.971516 0.976998 0.970073 0.934528 0.807731 0.719192 0.585093 0.425727 0.277833 0.146950 -0.187691 -0.286231 -0.464035 -0.703979 -0.791134 -0.911033 -0.974036 
39.783218 6578428.500000 56 24 50 0.827606 0.647525 0.416676 0.975925 0.963444 0.846215 0.709154 0.585378 0.445785 0.324930 0.141258 -0.153254 -0.306724 -0.452668 -0.629151 -0.781634 -0.831807 -0.891410 -0.983198 0.981632 0.966394 0.897309 0.747809 0.630675 0.433079 0.289312 0.142604 -0.135865 -0.286453 -0.409226 -0.608395 -0.777937 -0.839030 -0.904165 -0.983223 
40.382019 6115616.000000 28 76 32 0.406863 0.352992 0.625982 0.946986 0.844419 0.772780 0.708979 0.534836 0.385295 0.275354 0.091916 -0.176847 -0.321815 -0.465770 -0.682045 -0.815527 -0.855828 -0.899680 -0.977892 0.969941 0.919287 0.759295 0.692756 0.543711 0.454267 0.283167 0.144583 -0.187272 -0.335825 -0.466031 -0.700245 -0.814730 -0.842742 -0.921290 -0.987823 
41.327415 7199631.000000 58 48 102 0.427796 0.478159 0.316159 0.949626 0.913606 0.828123 0.766237 0.575768 0.444972 0.351248 0.157441 -0.078107 -0.258304 -0.463870 -0.625501 -0.776342 -0.839474 -0.873272 -0.969325 0.954900 0.884308 0.797239 0.739003 0.497016 0.411426 0.308528 0.143538 -0.144997 -0.315271 -0.451345 -0.687852 -0.791593 -0.856319 -0.881155 -0.979706 
39.191902 2675582.500000 104 30 60 0.417677 0.400180 0.476176 0.947829 0.862576 0.788123 0.757716 0.603756 0.451322 0.328364 0.135003 -0.156511 -0.249477 -0.488507 -0.595820 -0.784817 -0.840411 -0.906031 -0.972484 0.934168 0.896253 0.790122 0.744464 0.625588 0.512793 0.295666 0.127735 -0.131138 -0.286789 -0.449408 -0.570877 -0.754614 -0.849673 -0.891188 -0.980662 
49.387337 1530018.500000 20 42 48 0.574923 0.364896 0.737463 0.985870 0.963683 0.920381 0.883688 0.757464 0.676127 0.556252 0.417185 0.078062 -0.154675 -0.423622 -0.666030 -0.724476 -0.818598 -0.864816 -0.960720 0.948568 0.906697 0.797365 0.757187 0.627387 0.477602 0.356148 0.200822 -0.071602 -0.247102 -0.443465 -0.631635 -0.769561 -0.841646 -0.877374 -0.971880 
61.537521 20719296.000000 44 50 52 0.815024 0.923453 0.974788 0.975890 0.948181 0.921867 0.836997 0.753915 0.665425 0.451408 0.396194 0.171381 -0.055744 -0.213347 -0.652294 -0.673792 -0.736493 -0.776790 -0.947062 0.981185 0.956088 0.922437 0.866416 0.745295 0.686557 0.535327 0.459871 0.211860 -0.031023 -0.410334 -0.676464 -0.694040 -0.757702 -0.793952 -0.946438 
63.047161 45784556.000000 52 54 56 0.982584 0.983149 0.978505 0.969223 0.947071 0.916215 0.812916 0.757220 0.610027 0.371992 0.308891 0.161490 -0.192566 -0.229668 -0.438265 -0.659900 -0.715116 -0.771201 -0.915194 0.971908 0.946909 0.921156 0.823541 0.760304 0.621048 0.395386 0.353742 0.182912 -0.129009 -0.174138 -0.598512 -0.661986 -0.720574 -0.776965 -0.934864 
61.060387 26378504.000000 56 58 60 0.958216 0.943656 0.901031 0.973445 0.955132 0.916488 0.832290 0.748228 0.617093 0.313724 0.270199 0.104171 -0.252277 -0.304779 -0.380683 -0.521311 -0.703672 -0.762758 -0.938132 0.969664 0.950696 0.912293 0.819260 0.750127 0.616962 0.338058 0.288356 0.114435 -0.218833 -0.272500 -0.369620 -0.583253 -0.727068 -0.766310 -0.929912 
60.781570 17514564.000000 60 64 66 0.931726 0.880557 0.946587 0.974516 0.959334 0.934175 0.836683 0.745755 0.657838 0.316799 0.264981 0.053640 -0.285812 -0.340996 -0.447641 -0.578904 -0.753254 -0.780698 -0.917833 0.972696 0.955798 0.927806 0.827412 0.740800 0.614100 0.302952 0.259273 0.090514 -0.267806 -0.316119 -0.422307 -0.548290 -0.734848 -0.764035 -0.950034 
59.763760 7920741.500000 66 70 72 0.943297 0.945912 0.941603 0.977303 0.965686 0.945929 0.844132 0.752273 0.646326 0.297889 0.250462 0.093477 -0.291175 -0.349329 -0.459268 -0.639866 -0.751076 -0.770359 -0.915166 0.976876 0.963019 0.938855 0.838294 0.752085 0.648681 0.315578 0.254053 0.083697 -0.283715 -0.344852 -0.438137 -0.586245 -0.756166 -0.778599 -0.890581 
58.625404 1740761.625000 72 76 78 0.950570 0.901938 0.882678 0.979992 0.971601 0.952382 0.868413 0.782129 0.691496 0.362430 0.258801 0.125042 -0.247051 -0.321988 -0.427815 -0.666807 -0.715460 -0.822956 -0.961201 0.978543 0.968401 0.948680 0.852420 0.758109 0.645862 0.321859 0.241707 0.129500 -0.275021 -0.339723 -0.424559 -0.658799 -0.726109 -0.764916 -0.944620 
55.444969 807489.750000 80 82 84 0.918989 0.877138 0.881712 0.983373 0.974440 0.957910 0.863692 0.788372 0.719386 0.376449 0.305341 -0.004910 -0.284131 -0.322457 -0.556380 -0.660968 -0.693298 -0.812661 -0.966846 0.980482 0.972982 0.951369 0.849063 0.792290 0.722530 0.390436 0.282310 0.020006 -0.268510 -0.312277 -0.502269 -0.667000 -0.716681 -0.810779 -0.965536 
53.345875 281402.437500 84 86 86 0.902096 0.867845 0.851615 0.984123 0.976833 0.961443 0.869090 0.771701 0.725537 0.368608 0.282344 0.097693 -0.272430 -0.318181 -0.470277 -0.632354 -0.693125 -0.870063 -0.969720 0.983578 0.975639 0.963046 0.885368 0.774231 0.687758 0.397977 0.287964 0.023561 -0.285332 -0.316326 -0.567707 -0.647799 -0.686674 -0.861083 -0.969684 
49.863438 141375.468750 86 86 86 0.806305 0.755955 0.547423 0.986644 0.977787 0.953961 0.895745 0.775120 0.733178 0.401811 0.335360 0.111567 -0.226018 -0.291923 -0.463765 -0.630540 -0.772341 -0.894279 -0.975426 0.986326 0.978677 0.958300 0.868250 0.766674 0.727245 0.384718 0.320649 0.133980 -0.242080 -0.301911 -0.432902 -0.611575 -0.744269 -0.873925 -0.972439 
39.361603 44547.746094 96 122 76 0.382493 0.474006 0.619252 0.979734 0.962962 0.937412 0.847813 0.795450 0.713464 0.460519 0.302304 0.108909 -0.230814 -0.328055 -0.472736 -0.687158 -0.786718 -0.908049 -0.977314 0.989772 0.973554 0.944696 0.881266 0.762666 0.718955 0.436127 0.334810 0.147740 -0.248472 -0.330270 -0.457231 -0.670195 -0.800012 -0.920060 -0.983468 
37.327545 27945.445312 76 82 86 0.602703 0.590476 0.417216 0.977712 0.964259 0.925411 0.854854 0.792735 0.721721 0.411499 0.307540 0.020453 -0.202984 -0.333669 -0.490043 -0.669718 -0.806879 -0.889568 -0.973204 0.977368 0.965227 0.933486 0.862322 0.789629 0.746069 0.438452 0.289135 0.060483 -0.208190 -0.310197 -0.464154 -0.671419 -0.811600 -0.894461 -0.972613 
37.278748 4240065.000000 68 54 114 0.518516 0.579298 0.642529 0.973563 0.957904 0.805423 0.617504 0.415572 0.329705 0.259558 0.048061 -0.138506 -0.252787 -0.418256 -0.609766 -0.714987 -0.820309 -0.948153 -0.988725 0.969371 0.958745 0.878152 0.813277 0.745741 0.472475 0.329915 0.242676 0.023815 -0.159624 -0.307558 -0.521965 -0.664099 -0.768281 -0.920859 -0.991917 
47.397800 19375262.000000 30 52 40 0.488969 0.409019 0.548432 0.970915 0.926932 0.632132 0.446966 0.357137 0.268622 0.019602 -0.140015 -0.269901 -0.355030 -0.491765 -0.666283 -0.769510 -0.862233 -0.949129 -0.987305 0.971088 0.945223 0.724803 0.483305 0.388952 0.301072 0.115859 -0.112652 -0.202720 -0.323052 -0.464362 -0.631445 -0.766259 -0.869899 -0.957042 -0.985086 
51.094429 36578644.000000 40 130 130 0.580528 0.517355 0.428584 0.969195 0.888664 0.570694 0.474669 0.373619 0.321396 0.010120 -0.096401 -0.225488 -0.317352 -0.533470 -0.663999 -0.742451 -0.857243 -0.945808 -0.992450 0.966203 0.910652 0.583436 0.473408 0.380576 0.292604 0.001904 -0.125596 -0.229348 -0.388677 -0.532277 -0.656614 -0.786283 -0.862173 -0.946887 -0.987777 
52.152401 33413352.000000 44 82 120 0.455245 0.426764 0.570215 0.972980 0.891810 0.547235 0.475805 0.346889 0.276702 -0.032121 -0.121466 -0.240823 -0.381296 -0.538437 -0.668635 -0.782639 -0.868259 -0.956457 -0.990159 0.965024 0.899669 0.562420 0.464388 0.355715 0.249495 -0.039665 -0.156027 -0.264204 -0.353326 -0.517437 -0.652307 -0.763037 -0.878590 -0.955262 -0.990173 
47.621521 11448566.000000 80 86 86 0.494015 0.571547 0.383136 0.966810 0.923094 0.600405 0.469622 0.339831 0.225432 -0.003932 -0.139060 -0.265530 -0.387155 -0.560116 -0.667034 -0.780656 -0.893780 -0.941631 -0.985887 0.970304 0.926422 0.588561 0.480055 0.327173 0.233145 -0.015093 -0.121785 -0.235956 -0.390880 -0.538770 -0.699682 -0.795287 -0.869706 -0.956688 -0.987660 
38.370029 780358.187500 126 84 84 0.467913 0.372185 0.540563 0.980843 0.954562 0.774812 0.521853 0.385137 0.284810 0.156177 -0.010313 -0.173291 -0.313156 -0.444705 -0.625759 -0.780001 -0.878497 -0.961526 -0.987652 0.980842 0.930236 0.640744 0.440537 0.344100 0.244356 0.101492 -0.070793 -0.184691 -0.327473 -0.502792 -0.630128 -0.792829 -0.885818 -0.937550 -0.989279 
28.612974 380592.187500 54 52 46 0.529175 0.444405 0.581944 0.982964 0.947988 0.823236 0.571816 0.419193 0.313618 0.132398 -0.016012 -0.152963 -0.268582 -0.453231 -0.644194 -0.790572 -0.868519 -0.957292 -0.985921 0.975273 0.948644 0.802418 0.537969 0.396720 0.267249 0.116891 0.013459 -0.174993 -0.325248 -0.424529 -0.657917 -0.790940 -0.872684 -0.950793 -0.985353 
40.581459 6960689.500000 50 78 24 0.412086 0.301518 0.683369 0.958619 0.888041 0.711855 0.657812 0.521485 0.450465 0.356141 0.111474 -0.103648 -0.218247 -0.418774 -0.613956 -0.741967 -0.859525 -0.934226 -0.987221 0.983889 0.887677 0.716241 0.649376 0.517537 0.443020 0.266901 0.061406 -0.104592 -0.227877 -0.424010 -0.587280 -0.760661 -0.865455 -0.953511 -0.982451 
39.544895 1890607.500000 48 96 112 0.560530 0.453302 0.338746 0.965329 0.805796 0.719391 0.677710 0.531696 0.411900 0.347410 0.050822 -0.141600 -0.255336 -0.429744 -0.535980 -0.734739 -0.839768 -0.962275 -0.996353 0.958923 0.833055 0.706419 0.674897 0.534907 0.419313 0.290346 0.016714 -0.126747 -0.228165 -0.457401 -0.593534 -0.773160 -0.862115 -0.939652 -0.990903 
27.569920 159710.484375 110 40 120 0.386211 0.395011 0.507790 0.979349 0.933908 0.755629 0.702675 0.549874 0.400094 0.293126 0.073963 -0.135632 -0.259522 -0.446166 -0.598772 -0.734663 -0.875822 -0.918541 -0.985315 0.978251 0.903479 0.724533 0.692208 0.542861 0.376718 0.255837 0.092424 -0.145032 -0.300903 -0.418170 -0.555939 -0.743778 -0.861943 -0.936102 -0.995305 
24.906357 133328.609375 122 54 46 0.483714 0.454856 0.525218 0.988445 0.969545 0.908771 0.731172 0.613399 0.487525 0.413033 0.163489 -0.087025 -0.210783 -0.420921 -0.568501 -0.754685 -0.858087 -0.948691 -0.985325 0.975751 0.942654 0.735106 0.689887 0.564625 0.457302 0.312891 0.069233 -0.115903 -0.226352 -0.472752 -0.599663 -0.735674 -0.857646 -0.938987 -0.980668 
52.773308 539445.812500 120 64 66 0.501920 0.551696 0.893733 0.987113 0.972817 0.931413 0.905896 0.826071 0.678648 0.494270 0.382314 0.317751 -0.083577 -0.285854 -0.483997 -0.665842 -0.826845 -0.933898 -0.986549 0.989925 0.977667 0.944882 0.921230 0.817272 0.632447 0.438029 0.332424 0.071957 -0.127377 -0.334764 -0.475333 -0.724134 -0.849653 -0.961749 -0.990144 
55.503311 2213167.750000 66 66 66 0.934964 0.925390 0.962813 0.986063 0.967786 0.927251 0.854066 0.778209 0.664877 0.477599 0.358330 0.202251 -0.159797 -0.211968 -0.312454 -0.609411 -0.707630 -0.884043 -0.971673 0.985541 0.968520 0.924623 0.881010 0.817676 0.673420 0.508770 0.379027 0.323166 -0.103080 -0.229254 -0.456066 -0.621275 -0.737146 -0.921707 -0.978712 
56.144333 5880917.000000 66 66 66 0.964677 0.970613 0.970134 0.985692 0.964879 0.924613 0.796366 0.718996 0.677468 0.438070 0.276626 0.147497 -0.086077 -0.173735 -0.263021 -0.605128 -0.672430 -0.801952 -0.967733 0.985090 0.964823 0.922822 0.818609 0.735478 0.662515 0.452338 0.290205 0.158413 -0.143593 -0.205224 -0.275298 -0.618136 -0.678825 -0.771535 -0.972644 
56.503948 5150846.000000 66 68 70 0.967959 0.959250 0.748829 0.986022 0.967391 0.925809 0.788529 0.703563 0.615945 0.404376 0.311717 0.240329 0.105967 -0.098193 -0.381680 -0.543604 -0.619487 -0.852487 -0.965754 0.985489 0.965060 0.923398 0.782319 0.712448 0.653502 0.437874 0.274165 0.200622 0.005776 -0.121969 -0.297805 -0.570258 -0.637580 -0.825618 -0.963769 
54.760777 1986973.750000 70 68 68 0.821808 0.973112 0.968241 0.989926 0.977446 0.946172 0.825916 0.711645 0.626508 0.446221 0.323816 0.143625 -0.101810 -0.224014 -0.433451 -0.533319 -0.623714 -0.868082 -0.966178 0.989879 0.976265 0.946034 0.809038 0.709962 0.606557 0.416218 0.334062 0.230775 -0.031783 -0.207733 -0.410297 -0.534302 -0.622428 -0.867911 -0.968204 
56.607162 4491741.500000 70 68 70 0.949314 0.883980 0.986353 0.985819 0.967863 0.929387 0.796868 0.714985 0.633068 0.497612 0.417351 0.207598 0.022539 -0.101830 -0.411439 -0.550008 -0.648287 -0.863452 -0.966676 0.988750 0.973933 0.932775 0.783885 0.704839 0.619940 0.503919 0.366378 0.189913 -0.020336 -0.218439 -0.459907 -0.527160 -0.611703 -0.848138 -0.962561 
58.119656 3401478.000000 70 70 70 0.987043 0.987529 0.951916 0.984548 0.966931 0.925862 0.829587 0.754528 0.647867 0.522456 0.437060 0.222274 0.042013 -0.040098 -0.340675 -0.591427 -0.747469 -0.884713 -0.973482 0.985538 0.967060 0.924463 0.815197 0.733265 0.641402 0.502125 0.434249 0.230827 0.034661 -0.060514 -0.335769 -0.598924 -0.710726 -0.862830 -0.969677 
58.124958 1564274.750000 70 72 72 0.975505 0.981948 0.973239 0.982893 0.969338 0.930698 0.864652 0.789483 0.651252 0.579666 0.455749 0.169052 0.052484 -0.094804 -0.350922 -0.604199 -0.779937 -0.895397 -0.973427 0.983805 0.967788 0.930329 0.849400 0.767124 0.646870 0.560181 0.447052 0.190516 0.056594 -0.039349 -0.327079 -0.608946 -0.773929 -0.885735 -0.975632 
56.058304 653409.000000 72 74 74 0.981063 0.959431 0.913415 0.981594 0.972197 0.936129 0.885293 0.786079 0.681180 0.539549 0.365778 0.137929 0.025614 -0.130997 -0.433983 -0.609120 -0.785248 -0.902645 -0.971116 0.982386 0.971600 0.928972 0.872606 0.795981 0.688184 0.568378 0.397848 0.180331 0.027528 -0.116524 -0.414004 -0.626762 -0.792629 -0.897881 -0.973694 
53.401146 278772.937500 74 74 74 0.930996 0.931607 0.885325 0.986122 0.974930 0.950081 0.900277 0.797338 0.679359 0.524360 0.401097 0.093174 0.038595 -0.259034 -0.460317 -0.657009 -0.790245 -0.899318 -0.975916 0.983370 0.973277 0.945701 0.894064 0.775962 0.648281 0.531283 0.416307 0.107817 0.019595 -0.156739 -0.432288 -0.649585 -0.796758 -0.899279 -0.973754 
49.470932 103917.531250 74 76 76 0.907846 0.921993 0.843893 0.988920 0.975500 0.954555 0.898086 0.799824 0.650490 0.568955 0.413631 0.144741 -0.058333 -0.285418 -0.465863 -0.683650 -0.803959 -0.918776 -0.977177 0.988352 0.976213 0.951127 0.905357 0.790541 0.686984 0.545229 0.347926 0.096317 0.015790 -0.291090 -0.470071 -0.671997 -0.820931 -0.913606 -0.974040 
47.896152 93125.062500 76 76 76 0.833029 0.913006 0.945351 0.990644 0.978490 0.955439 0.904469 0.791505 0.682930 0.576888 0.355978 0.110897 -0.070048 -0.339693 -0.499684 -0.674313 -0.809327 -0.913789 -0.978900 0.989532 0.975766 0.952010 0.901727 0.782932 0.656570 0.557135 0.437943 0.149318 -0.004542 -0.284448 -0.511193 -0.682881 -0.793027 -0.913898 -0.975002 
51.183937 128824.703125 74 74 72 0.929083 0.918367 0.878848 0.988427 0.978704 0.956829 0.921877 0.834549 0.692317 0.557339 0.305519 0.073142 -0.100493 -0.340414 -0.514354 -0.683132 -0.820625 -0.914015 -0.980319 0.990258 0.978708 0.959710 0.930415 0.789637 0.692913 0.584767 0.345074 0.084482 -0.110241 -0.324353 -0.530056 -0.656074 -0.818723 -0.921381 -0.974265 
58.709751 3057721.500000 72 66 66 0.929903 0.901519 0.823443 0.982267 0.971955 0.935633 0.821135 0.723591 0.659620 0.561926 0.504705 0.351533 0.000392 -0.134274 -0.452565 -0.635912 -0.751638 -0.902544 -0.975111 0.985068 0.976779 0.947926 0.881985 0.791292 0.685729 0.605776 0.552112 0.171097 -0.063016 -0.292556 -0.481162 -0.658906 -0.808378 -0.912094 -0.978072 
63.126549 43404440.000000 66 66 66 0.940743 0.911755 0.964313 0.974936 0.948801 0.918699 0.804323 0.666743 0.616192 0.414936 0.322458 0.227751 -0.118694 -0.195045 -0.330299 -0.603453 -0.723086 -0.739655 -0.938036 0.976607 0.958424 0.927733 0.793339 0.693978 0.630921 0.489058 0.402189 0.289955 -0.040940 -0.151696 -0.303991 -0.640781 -0.693688 -0.809472 -0.968156 
62.752377 83913968.000000 66 66 64 0.988035 0.982773 0.955023 0.971986 0.932134 0.900995 0.810216 0.652086 0.587435 0.423208 0.275263 0.185481 -0.131907 -0.282877 -0.357468 -0.607497 -0.734544 -0.793934 -0.860788 0.973536 0.935877 0.906673 0.801414 0.655195 0.586213 0.403371 0.278343 0.187669 -0.155121 -0.262301 -0.351453 -0.599142 -0.734489 -0.755503 -0.864616 
62.372147 86019472.000000 64 64 64 0.953569 0.988051 0.896048 0.970880 0.932214 0.898934 0.812359 0.640738 0.589947 0.431088 0.281498 0.142629 -0.150643 -0.347572 -0.419499 -0.597128 -0.724728 -0.827000 -0.869462 0.971374 0.932534 0.899656 0.818864 0.648405 0.583193 0.431113 0.295182 0.142858 -0.163900 -0.319504 -0.398493 -0.588262 -0.745739 -0.816489 -0.856125 
61.302101 71980240.000000 64 62 62 0.904280 0.977160 0.983237 0.972299 0.936938 0.890985 0.817595 0.632680 0.587971 0.422343 0.270614 0.135216 -0.079194 -0.363152 -0.441548 -0.573082 -0.706054 -0.810497 -0.875706 0.971894 0.934152 0.892194 0.818984 0.638913 0.589067 0.433261 0.283490 0.139720 -0.099817 -0.345654 -0.418729 -0.584890 -0.705365 -0.808030 -0.864194 
60.878685 74655760.000000 62 60 60 0.979897 0.942615 0.972100 0.973779 0.939000 0.894799 0.807764 0.627395 0.587482 0.460209 0.264712 0.104969 -0.190454 -0.358331 -0.459273 -0.568477 -0.725395 -0.796049 -0.888633 0.972659 0.937403 0.894252 0.811234 0.629057 0.590744 0.420915 0.264453 0.119489 -0.131042 -0.363057 -0.442644 -0.578964 -0.703170 -0.797492 -0.865886 
60.907520 59215876.000000 60 58 58 0.979023 0.941005 0.975018 0.969900 0.943544 0.910296 0.820180 0.653053 0.577904 0.451047 0.254343 0.084372 -0.143405 -0.242927 -0.507667 -0.615981 -0.686671 -0.751707 -0.954122 0.971690 0.939333 0.898786 0.820876 0.628876 0.577411 0.472119 0.266387 0.095421 -0.176564 -0.360787 -0.505417 -0.591263 -0.732686 -0.794988 -0.916155 
59.069935 16444281.000000 58 58 60 0.960790 0.882953 0.688666 0.975557 0.951352 0.908226 0.803242 0.664465 0.608312 0.387963 0.209067 0.090523 -0.146537 -0.269583 -0.451197 -0.572580 -0.752802 -0.869324 -0.936002 0.971058 0.949111 0.917086 0.815845 0.673539 0.596208 0.441711 0.257609 0.117043 -0.108066 -0.217052 -0.365031 -0.617935 -0.678894 -0.783201 -0.976704 
56.104584 47876372.000000 62 54 54 0.634627 0.753318 0.922194 0.979099 0.955007 0.921033 0.793065 0.626232 0.584245 0.355749 0.180166 0.032627 -0.163975 -0.276084 -0.464693 -0.612568 -0.694234 -0.821682 -0.949387 0.985532 0.952117 0.913776 0.782435 0.651825 0.568880 0.317986 0.150011 -0.022335 -0.209603 -0.347836 -0.566505 -0.644742 -0.841724 -0.889098 -0.968673 
61.810440 60717816.000000 54 52 52 0.944277 0.972577 0.981311 0.974884 0.947418 0.919815 0.800277 0.626928 0.569897 0.408605 0.262242 0.116599 -0.095364 -0.166636 -0.355177 -0.586052 -0.664539 -0.709373 -0.938549 0.977569 0.951025 0.925883 0.803852 0.627411 0.580029 0.404872 0.216226 0.097783 -0.101189 -0.201703 -0.378329 -0.570541 -0.654835 -0.718283 -0.945670 
61.098045 24697480.000000 52 52 54 0.974753 0.964369 0.951074 0.981193 0.950279 0.917657 0.821511 0.663508 0.594615 0.415248 0.290277 0.198206 -0.104566 -0.200791 -0.292950 -0.506237 -0.687869 -0.748803 -0.937432 0.975511 0.945788 0.917650 0.797402 0.630940 0.574737 0.400915 0.288008 0.154280 -0.111408 -0.181172 -0.337913 -0.554913 -0.680851 -0.734268 -0.922804 
52.388412 869309.500000 54 56 52 0.934000 0.664648 0.712439 0.988318 0.960945 0.900409 0.775871 0.689645 0.616325 0.485661 0.219417 0.109365 -0.047581 -0.243744 -0.337129 -0.572126 -0.658482 -0.801639 -0.949048 0.987348 0.962910 0.915808 0.813293 0.695526 0.659324 0.410232 0.275469 0.139667 -0.121970 -0.224124 -0.293829 -0.518145 -0.642035 -0.755839 -0.950394 
40.789028 480124.093750 54 54 54 0.426741 0.429870 0.633581 0.973561 0.953294 0.897333 0.712327 0.665235 0.611313 0.449441 0.224521 0.081829 -0.054998 -0.163186 -0.391603 -0.599500 -0.655608 -0.856874 -0.953272 0.966265 0.944168 0.891930 0.733735 0.654041 0.603155 0.487053 0.205071 0.110464 -0.012951 -0.239210 -0.403429 -0.583336 -0.682113 -0.851330 -0.957143 
41.194374 269054.406250 54 58 54 0.577863 0.667215 0.515564 0.971680 0.954664 0.928405 0.776238 0.665694 0.585952 0.403731 0.228769 0.156034 0.010985 -0.147869 -0.359540 -0.626061 -0.703428 -0.879757 -0.964909 0.975702 0.955104 0.918607 0.754451 0.672013 0.627598 0.432078 0.203712 0.140102 0.021362 -0.157213 -0.294418 -0.610518 -0.666952 -0.865198 -0.964396 
37.643906 282538.437500 54 54 104 0.477745 0.709899 0.484460 0.966176 0.943516 0.884237 0.841665 0.672981 0.558207 0.431999 0.278099 0.114254 -0.073613 -0.390541 -0.525462 -0.592403 -0.678695 -0.832553 -0.954723 0.972345 0.954456 0.907255 0.787649 0.671675 0.599420 0.408127 0.265469 0.154281 0.041713 -0.176311 -0.367762 -0.631840 -0.706988 -0.876263 -0.973309 
38.252914 408142.968750 56 52 52 0.470344 0.511427 0.772230 0.950772 0.938124 0.876642 0.826662 0.675150 0.578876 0.510580 0.257525 -0.020851 -0.374057 -0.485850 -0.560863 -0.656281 -0.685254 -0.843390 -0.978407 0.957803 0.928388 0.862682 0.833277 0.672453 0.580531 0.494707 0.238407 0.111010 -0.185592 -0.484758 -0.532757 -0.611400 -0.683439 -0.856017 -0.952859 
54.748821 4286507.000000 48 42 50 0.541656 0.669949 0.916881 0.985633 0.967603 0.937078 0.877864 0.799367 0.716754 0.420852 0.051659 -0.016551 -0.259307 -0.332185 -0.419862 -0.545781 -0.724488 -0.790467 -0.914090 0.988506 0.970194 0.919668 0.858006 0.740398 0.609541 0.484618 0.172867 0.030006 -0.258412 -0.363379 -0.481354 -0.629279 -0.700972 -0.772488 -0.969877 
61.021103 7389711.000000 50 52 52 0.928660 0.980300 0.974111 0.979761 0.965380 0.937270 0.867513 0.815455 0.775020 0.308340 -0.003673 -0.053733 -0.236784 -0.330897 -0.366843 -0.532249 -0.687005 -0.768708 -0.952178 0.980278 0.965276 0.940037 0.865797 0.807624 0.746120 0.391791 0.015651 -0.044805 -0.227693 -0.341495 -0.397048 -0.536970 -0.716371 -0.788493 -0.938827 
60.018898 6243841.500000 52 52 52 0.980499 0.937548 0.966770 0.982019 0.963661 0.937144 0.881232 0.821641 0.795619 0.273181 -0.079528 -0.101789 -0.277094 -0.326923 -0.375106 -0.571937 -0.781633 -0.853466 -0.897847 0.981004 0.965489 0.938998 0.882520 0.822122 0.802026 0.262526 -0.053631 -0.102865 -0.257422 -0.327235 -0.360279 -0.548716 -0.702646 -0.816978 -0.949474 
58.938377 4466569.500000 52 52 52 0.959233 0.989268 0.983680 0.983259 0.966282 0.941012 0.903369 0.819620 0.777612 0.175924 -0.095091 -0.124595 -0.222858 -0.345916 -0.374059 -0.542821 -0.818377 -0.875526 -0.899961 0.982439 0.964346 0.938436 0.889205 0.819790 0.793040 0.170256 -0.087180 -0.110975 -0.246759 -0.338232 -0.365071 -0.620511 -0.809550 -0.864011 -0.887340 
58.546135 2117030.000000 52 52 50 0.982076 0.959115 0.988035 0.982633 0.969026 0.943455 0.915852 0.831252 0.753051 0.404986 -0.102112 -0.158010 -0.220783 -0.333241 -0.414869 -0.534917 -0.825497 -0.867370 -0.927257 0.983403 0.968816 0.941532 0.919002 0.824975 0.737924 0.295334 -0.103353 -0.135238 -0.208076 -0.340885 -0.389852 -0.500636 -0.786823 -0.872836 -0.930965 
58.068386 837135.812500 50 50 48 0.982813 0.967330 0.979493 0.982452 0.968425 0.944398 0.915810 0.874171 0.754800 0.492186 0.029521 -0.195355 -0.231236 -0.309617 -0.376155 -0.531043 -0.821810 -0.876643 -0.961687 0.982314 0.969574 0.946921 0.916018 0.859119 0.714690 0.442566 0.003611 -0.184910 -0.220367 -0.336422 -0.397512 -0.597826 -0.839964 -0.868698 -0.941463 
56.509377 538293.687500 48 50 48 0.982466 0.894663 0.976885 0.985355 0.969288 0.945037 0.912523 0.875356 0.778139 0.499275 0.079225 -0.214533 -0.245414 -0.302673 -0.367995 -0.475935 -0.781981 -0.894298 -0.971446 0.983104 0.968510 0.945982 0.913799 0.876337 0.763695 0.494550 0.049118 -0.192315 -0.237724 -0.284955 -0.352931 -0.484578 -0.792702 -0.891293 -0.973242 
55.586781 446961.375000 48 50 50 0.986569 0.959489 0.983083 0.985698 0.971007 0.945501 0.919141 0.873738 0.776782 0.484822 0.092154 -0.168453 -0.257450 -0.333080 -0.400454 -0.503002 -0.774876 -0.891462 -0.972391 0.985567 0.969338 0.943277 0.914270 0.874641 0.770453 0.457979 0.150670 -0.204585 -0.239103 -0.314745 -0.380138 -0.504747 -0.781085 -0.900019 -0.974172 
55.354195 693821.937500 50 50 52 0.982584 0.965019 0.979734 0.987629 0.973111 0.950858 0.917971 0.831478 0.782617 0.495998 0.070668 -0.231092 -0.256838 -0.347052 -0.393768 -0.642255 -0.823447 -0.870476 -0.967147 0.986904 0.973110 0.950009 0.922316 0.849761 0.761224 0.486134 0.157707 -0.231438 -0.277919 -0.342613 -0.403196 -0.504914 -0.784812 -0.883146 -0.971411 
56.064163 4687313.000000 52 52 54 0.991131 0.972929 0.969695 0.987674 0.967430 0.936162 0.876520 0.807651 0.770993 0.499852 -0.116221 -0.240417 -0.296592 -0.369948 -0.577949 -0.685030 -0.819317 -0.881308 -0.965841 0.987627 0.969857 0.942396 0.896142 0.817879 0.797897 0.533842 -0.107265 -0.224048 -0.292387 -0.364567 -0.494956 -0.702421 -0.834535 -0.870466 -0.958257 
55.550438 9962866.000000 54 54 56 0.991108 0.947041 0.952199 0.986351 0.967463 0.931650 0.863970 0.720827 0.654406 0.527025 -0.093987 -0.189539 -0.263919 -0.332202 -0.502224 -0.766482 -0.824143 -0.892458 -0.955376 0.986933 0.966251 0.932666 0.862454 0.771470 0.708671 0.525791 -0.096677 -0.222766 -0.278125 -0.362802 -0.542486 -0.703451 -0.829878 -0.884454 -0.956044 
54.363407 3664125.000000 56 56 60 0.955706 0.976623 0.722860 0.988583 0.974758 0.937988 0.853841 0.672053 0.625862 0.561799 0.012444 -0.114392 -0.248403 -0.342116 -0.403336 -0.544548 -0.759145 -0.850226 -0.947178 0.986878 0.970376 0.931392 0.846862 0.692812 0.633912 0.550637 -0.034588 -0.135016 -0.242826 -0.331118 -0.420183 -0.705836 -0.800874 -0.848477 -0.955078 
52.902145 850007.750000 62 56 56 0.623780 0.941932 0.975291 0.992317 0.983642 0.946173 0.893699 0.706692 0.619947 0.560746 0.150750 -0.016143 -0.219975 -0.374769 -0.438292 -0.501595 -0.759074 -0.857519 -0.956898 0.991168 0.979885 0.944629 0.880179 0.718105 0.630019 0.541781 0.108188 -0.090134 -0.243329 -0.369301 -0.418768 -0.542163 -0.772481 -0.842751 -0.949624 
53.820572 795266.625000 56 56 56 0.982514 0.975448 0.964600 0.991722 0.981995 0.954271 0.895131 0.747723 0.630294 0.537479 0.156462 -0.058019 -0.260866 -0.387025 -0.429284 -0.491149 -0.735843 -0.865223 -0.971521 0.992418 0.984085 0.947483 0.893360 0.735309 0.620711 0.558213 0.159798 -0.015695 -0.229270 -0.396497 -0.428806 -0.505777 -0.760409 -0.849947 -0.968785 
53.493477 416817.625000 56 58 58 0.960726 0.973028 0.825636 0.991732 0.982863 0.952956 0.903793 0.773045 0.648314 0.522419 0.255908 0.023986 -0.258638 -0.350150 -0.467301 -0.518623 -0.726117 -0.892655 -0.965037 0.991496 0.981532 0.956134 0.905955 0.775228 0.633573 0.513605 0.195526 -0.016235 -0.282232 -0.379788 -0.440606 -0.505168 -0.725779 -0.880143 -0.965031 
46.145443 66401.281250 60 64 56 0.883849 0.754451 0.762194 0.993169 0.982986 0.938246 0.887674 0.748819 0.650492 0.516285 0.193937 -0.098024 -0.280380 -0.406093 -0.476115 -0.609194 -0.790889 -0.901817 -0.964792 0.991886 0.982410 0.941253 0.884995 0.718055 0.663105 0.550195 0.270655 0.003278 -0.276556 -0.375275 -0.465317 -0.548630 -0.722249 -0.871282 -0.972826 
33.509727 19182.367188 56 54 56 0.741574 0.760260 0.531922 0.992274 0.979769 0.947201 0.867082 0.702681 0.618425 0.405639 0.207386 -0.087011 -0.243235 -0.381322 -0.483365 -0.667836 -0.827203 -0.911895 -0.971162 0.991734 0.978703 0.950907 0.868772 0.714343 0.657975 0.438187 0.217619 -0.124572 -0.275375 -0.385976 -0.454647 -0.631500 -0.823095 -0.903786 -0.966491 
27.381041 9568.165039 56 54 54 0.706576 0.806667 0.474393 0.991386 0.970267 0.930016 0.856823 0.687045 0.569552 0.336644 0.204691 -0.079283 -0.275304 -0.396148 -0.526656 -0.669038 -0.810990 -0.922512 -0.962015 0.993627 0.982284 0.933354 0.843383 0.726617 0.583850 0.381668 0.254998 -0.055276 -0.257698 -0.407578 -0.536178 -0.686695 -0.855804 -0.922099 -0.967564 
31.338310 560978.812500 112 66 36 0.390921 0.640424 0.427811 0.977221 0.850364 0.771984 0.742238 0.623612 0.541616 0.215572 -0.109617 -0.206516 -0.322557 -0.415089 -0.553003 -0.649019 -0.776584 -0.867005 -0.966022 0.985648 0.955783 0.908382 0.837326 0.762173 0.477848 0.370885 0.128647 -0.094039 -0.260485 -0.381644 -0.537716 -0.667569 -0.809687 -0.904225 -0.965975 
43.489384 5352203.000000 142 22 66 0.325518 0.546280 0.547559 0.968786 0.945346 0.780871 0.722334 0.676073 0.597993 0.396770 -0.025754 -0.219149 -0.330001 -0.519169 -0.651803 -0.719343 -0.794629 -0.882840 -0.975197 0.961774 0.884412 0.764405 0.749717 0.628603 0.552512 0.296566 -0.111443 -0.230560 -0.326368 -0.442275 -0.596732 -0.688984 -0.782654 -0.869042 -0.978031 
38.638042 2047514.500000 62 52 50 0.547348 0.529626 0.547337 0.973188 0.868270 0.765563 0.731745 0.624596 0.542001 0.301863 0.087433 -0.204472 -0.326517 -0.463086 -0.610092 -0.722806 -0.790125 -0.926416 -0.977719 0.972697 0.928721 0.778496 0.729739 0.642866 0.558215 0.347868 0.072783 -0.176812 -0.349057 -0.512688 -0.614980 -0.718339 -0.811428 -0.905119 -0.971743 
54.003071 1588416.125000 68 48 52 0.336989 0.806701 0.710131 0.988789 0.976349 0.939968 0.890736 0.839462 0.747358 0.483358 0.154286 -0.084031 -0.256268 -0.327612 -0.480960 -0.709384 -0.765030 -0.858358 -0.978904 0.986669 0.968501 0.919076 0.831521 0.719999 0.630816 0.344340 0.142030 -0.150457 -0.283924 -0.381426 -0.551196 -0.728891 -0.760651 -0.878807 -0.973296 
55.756413 1275637.875000 52 54 56 0.792656 0.929198 0.982757 0.992901 0.986468 0.947845 0.865463 0.757999 0.638202 0.435070 0.211715 -0.025653 -0.226481 -0.270559 -0.370018 -0.578910 -0.727892 -0.845773 -0.966855 0.992254 0.983677 0.939630 0.869878 0.808831 0.690679 0.526764 0.305198 -0.031589 -0.248324 -0.314512 -0.447900 -0.645808 -0.770839 -0.855851 -0.969481 
55.594238 1041195.312500 56 56 58 0.987787 0.984022 0.988084 0.992927 0.986388 0.937350 0.880078 0.770576 0.640316 0.454196 0.256022 -0.033856 -0.222987 -0.316922 -0.421173 -0.550669 -0.743290 -0.839176 -0.964446 0.992919 0.986504 0.936684 0.874837 0.767124 0.616629 0.423633 0.203783 -0.036836 -0.221465 -0.284475 -0.417160 -0.551556 -0.747399 -0.834315 -0.959435 
52.317505 213181.375000 58 58 62 0.964911 0.947826 0.867822 0.993134 0.985308 0.957516 0.884456 0.796225 0.649469 0.458267 0.261163 -0.020071 -0.222087 -0.294803 -0.390707 -0.564214 -0.763270 -0.884746 -0.968174 0.993090 0.986153 0.942635 0.886389 0.796334 0.646202 0.456952 0.276845 -0.031185 -0.242746 -0.311320 -0.410471 -0.564728 -0.748973 -0.874465 -0.968227 
43.418068 37660.902344 62 62 52 0.895477 0.708032 0.768729 0.993231 0.984868 0.936303 0.846205 0.753511 0.635976 0.422364 0.246746 -0.080232 -0.241429 -0.344634 -0.474163 -0.656643 -0.774046 -0.908775 -0.973728 0.993355 0.985122 0.962498 0.881316 0.769951 0.653797 0.458691 0.219760 -0.087520 -0.245401 -0.301231 -0.451266 -0.576849 -0.772272 -0.898392 -0.972810 
33.770844 15122.210938 52 60 58 0.808919 0.677491 0.888011 0.993569 0.986683 0.950772 0.857511 0.734328 0.583026 0.389006 0.250122 -0.032773 -0.226869 -0.397543 -0.563514 -0.694098 -0.791000 -0.922378 -0.977142 0.992666 0.983803 0.937357 0.835596 0.735862 0.614052 0.377208 0.262279 -0.052348 -0.235858 -0.355384 -0.557508 -0.709688 -0.815043 -0.910636 -0.971517 
36.831474 4626969.000000 58 54 58 0.877308 0.951147 0.494337 0.989527 0.953209 0.777630 0.711282 0.636790 0.261487 0.087933 -0.044371 -0.248585 -0.345220 -0.490718 -0.659858 -0.746844 -0.826634 -0.887213 -0.978471 0.993275 0.986916 0.937458 0.855269 0.733447 0.558235 0.387943 0.169805 -0.067339 -0.260239 -0.398795 -0.574811 -0.722965 -0.846213 -0.902665 -0.977473 
44.901001 5371609.000000 60 152 154 0.400774 0.666947 0.581037 0.980090 0.927032 0.782846 0.649051 0.492619 0.342009 0.050841 -0.169716 -0.336053 -0.438291 -0.561813 -0.697332 -0.753331 -0.839756 -0.912107 -0.987384 0.983117 0.936262 0.770288 0.699459 0.581383 0.267444 0.027799 -0.224741 -0.307725 -0.395858 -0.494093 -0.600025 -0.711790 -0.815858 -0.917099 -0.981111 
40.166855 3474382.750000 106 54 58 0.426762 0.557261 0.749680 0.990654 0.931937 0.768446 0.629187 0.498967 0.351220 0.078549 -0.176946 -0.339035 -0.469580 -0.586914 -0.706888 -0.792070 -0.860158 -0.927282 -0.980440 0.982516 0.924393 0.773893 0.637159 0.464757 0.373183 0.134677 -0.098077 -0.295105 -0.454030 -0.554182 -0.713558 -0.804035 -0.878112 -0.926903 -0.982270 
39.885727 4363647.000000 58 54 52 0.753257 0.838441 0.531771 0.985617 0.950456 0.727293 0.577192 0.507684 0.347045 0.180678 -0.125857 -0.238572 -0.416190 -0.488525 -0.659263 -0.779445 -0.876772 -0.945609 -0.979082 0.989190 0.952626 0.809397 0.642573 0.500452 0.290944 0.085573 -0.231029 -0.333535 -0.449119 -0.560584 -0.685420 -0.783852 -0.834341 -0.934534 -0.976461 
38.737862 4801101.500000 120 52 42 0.586561 0.567447 0.369916 0.976021 0.912250 0.705618 0.657480 0.502432 0.380965 0.326438 0.196046 -0.171724 -0.332063 -0.509891 -0.614700 -0.757492 -0.840352 -0.902260 -0.970147 0.981719 0.951157 0.734351 0.590602 0.500439 0.374546 0.282231 -0.089418 -0.175673 -0.372608 -0.495943 -0.645764 -0.786881 -0.885808 -0.940903 -0.982392 
55.882889 7889754.000000 56 36 40 0.484175 0.838964 0.992300 0.987618 0.985280 0.947188 0.732730 0.567108 0.476233 0.388665 0.206869 0.025144 -0.185400 -0.364404 -0.547203 -0.759086 -0.812591 -0.890517 -0.981834 0.986156 0.982327 0.948108 0.774334 0.620624 0.500821 0.357855 0.204642 -0.030403 -0.278416 -0.446753 -0.602484 -0.757849 -0.831539 -0.905898 -0.981186 
57.289780 4945469.500000 40 40 40 0.992419 0.993651 0.995187 0.989302 0.985839 0.971156 0.828741 0.459271 0.328073 0.270427 0.148728 -0.090751 -0.155436 -0.227825 -0.579155 -0.797187 -0.814677 -0.890639 -0.963034 0.988755 0.985528 0.959815 0.785944 0.502597 0.416546 0.317007 0.233785 -0.014747 -0.134159 -0.204933 -0.478893 -0.768720 -0.804894 -0.844800 -0.965234 
58.052231 5118973.000000 40 40 40 0.994049 0.985136 0.986564 0.989441 0.985449 0.975988 0.860484 0.476920 0.304069 0.161790 0.096028 -0.143984 -0.198746 -0.268911 -0.540900 -0.801355 -0.822625 -0.895922 -0.958899 0.989144 0.985640 0.972147 0.839036 0.455447 0.298659 0.184043 0.069080 -0.135319 -0.184940 -0.314610 -0.544388 -0.804074 -0.816887 -0.893497 -0.959234 
58.848515 3402157.000000 40 40 38 0.988104 0.974235 0.993651 0.989585 0.985183 0.977711 0.915045 0.493533 0.313477 0.126366 -0.008247 -0.085828 -0.208288 -0.337625 -0.545252 -0.780001 -0.804055 -0.906256 -0.964666 0.989441 0.985284 0.976705 0.889617 0.495718 0.286661 0.140001 0.045934 -0.113041 -0.208478 -0.287723 -0.573652 -0.783781 -0.813669 -0.899677 -0.959581 
56.861694 1101234.000000 40 38 40 0.969467 0.992892 0.891821 0.989263 0.984844 0.976780 0.927278 0.499200 0.328876 0.167263 -0.013841 -0.103031 -0.205512 -0.270597 -0.507562 -0.789571 -0.819933 -0.905273 -0.954267 0.989719 0.985267 0.978274 0.935303 0.485935 0.336710 0.076626 -0.048271 -0.094537 -0.214632 -0.332844 -0.511546 -0.773984 -0.831491 -0.890266 -0.955770 
40.349293 54395.148438 38 38 40 0.946890 0.722380 0.803242 0.987807 0.983621 0.955884 0.807523 0.571665 0.399590 0.174192 0.090421 -0.048999 -0.209620 -0.299739 -0.515003 -0.777043 -0.820352 -0.878737 -0.949591 0.988075 0.984368 0.967823 0.863756 0.575797 0.401507 0.227216 0.107869 -0.061132 -0.189048 -0.316735 -0.507882 -0.757409 -0.825517 -0.887295 -0.950294 
34.370430 28712.908203 40 38 40 0.797296 0.960163 0.796339 0.988259 0.984799 0.964798 0.805757 0.626190 0.413568 0.154822 0.086523 -0.063629 -0.171598 -0.229426 -0.463639 -0.730312 -0.820654 -0.860577 -0.969732 0.988383 0.984611 0.961439 0.819902 0.558601 0.396664 0.149097 0.105327 -0.036863 -0.184260 -0.271500 -0.500501 -0.777102 -0.820507 -0.868613 -0.960766 
29.195019 13509.940430 40 40 40 0.855264 0.756396 0.489224 0.987561 0.981108 0.944420 0.810224 0.589066 0.427732 0.208071 0.067262 -0.045220 -0.143481 -0.260133 -0.541522 -0.713739 -0.804851 -0.914607 -0.970736 0.988431 0.984430 0.961059 0.844657 0.629319 0.397276 0.169665 0.050550 -0.054692 -0.131359 -0.243891 -0.473368 -0.725554 -0.816985 -0.911604 -0.973803 
25.582235 9305.304688 120 40 38 0.594640 0.948018 0.647722 0.988029 0.985449 0.919434 0.783400 0.633243 0.476542 0.240291 0.050744 -0.076678 -0.155340 -0.357351 -0.539738 -0.693345 -0.823871 -0.919985 -0.971873 0.987480 0.984801 0.917892 0.775199 0.615938 0.436856 0.271889 0.069134 -0.038785 -0.141937 -0.339822 -0.544000 -0.699926 -0.801466 -0.906856 -0.977992 
19.917627 6076.503418 38 40 40 0.765792 0.663724 0.605263 0.988486 0.973867 0.906603 0.799686 0.629005 0.482696 0.294710 0.049188 -0.071948 -0.182893 -0.370945 -0.549377 -0.719631 -0.843118 -0.924401 -0.980002 0.988635 0.982294 0.912810 0.818249 0.631048 0.506213 0.329900 0.047112 -0.062286 -0.170407 -0.391826 -0.565955 -0.687753 -0.847873 -0.925774 -0.968602 
14.085093 4436.429199 38 94 26 0.511246 0.502597 0.492280 0.988155 0.969810 0.909128 0.807038 0.629903 0.449802 0.296981 0.057994 -0.053427 -0.225943 -0.363106 -0.514158 -0.742483 -0.841017 -0.931555 -0.976638 0.988093 0.966993 0.892890 0.802665 0.636711 0.450899 0.289124 0.114280 -0.072526 -0.227780 -0.387429 -0.558461 -0.726978 -0.809123 -0.914173 -0.964045 
14.044084 4417.687500 54 90 80 0.551535 0.314429 0.597518 0.984793 0.965823 0.916141 0.816330 0.631222 0.481402 0.233691 0.093044 -0.100333 -0.249326 -0.383833 -0.581335 -0.719247 -0.849756 -0.913771 -0.976363 0.986907 0.969012 0.931100 0.779568 0.615460 0.385906 0.254543 0.066720 -0.081420 -0.234566 -0.365053 -0.524944 -0.732946 -0.841834 -0.926923 -0.983454 
38.941387 3315910.500000 158 72 184 0.558933 0.571058 0.261330 0.975759 0.877516 0.650421 0.570490 0.427533 0.270333 0.014689 -0.107606 -0.188235 -0.305338 -0.415377 -0.583507 -0.726116 -0.834944 -0.924587 -0.977863 0.985770 0.960008 0.877365 0.714501 0.460429 0.327414 0.163547 0.024504 -0.139585 -0.282757 -0.431778 -0.564669 -0.693492 -0.807149 -0.910833 -0.978112 
53.384434 32467670.000000 36 38 82 0.375458 0.432574 0.453624 0.972696 0.904792 0.617700 0.416643 0.273661 0.019553 -0.055510 -0.226163 -0.303581 -0.455400 -0.556094 -0.697512 -0.766640 -0.886215 -0.937229 -0.988451 0.979969 0.885522 0.620773 0.483126 0.356992 0.133097 -0.027918 -0.164421 -0.303617 -0.394898 -0.489007 -0.709176 -0.771170 -0.874133 -0.932948 -0.978238 
58.607544 55826168.000000 28 86 52 0.647990 0.425517 0.387718 0.969700 0.880750 0.635642 0.413105 0.261504 0.029932 -0.085636 -0.249221 -0.315361 -0.390489 -0.547990 -0.716372 -0.802795 -0.891423 -0.953447 -0.984026 0.970721 0.878641 0.627516 0.386512 0.275233 0.041681 -0.071696 -0.221993 -0.298564 -0.390111 -0.553543 -0.690133 -0.795963 -0.879193 -0.933602 -0.981633 
56.108597 47140056.000000 52 54 54 0.552087 0.666411 0.440673 0.972793 0.887244 0.613409 0.435301 0.309344 0.069737 -0.017191 -0.166351 -0.326794 -0.401545 -0.549878 -0.666838 -0.828492 -0.897322 -0.941771 -0.967753 0.975805 0.882082 0.585979 0.470635 0.321664 0.096517 -0.068156 -0.230361 -0.326813 -0.443751 -0.546392 -0.714940 -0.790061 -0.886691 -0.942736 -0.982387 
54.250751 43686112.000000 52 62 48 0.777811 0.512098 0.504895 0.960586 0.854891 0.637691 0.450480 0.348159 0.183248 0.020229 -0.069572 -0.278169 -0.387428 -0.473523 -0.607809 -0.791525 -0.862101 -0.951255 -0.980532 0.976917 0.882492 0.573242 0.426072 0.332995 0.145050 0.037997 -0.128125 -0.329630 -0.400116 -0.522384 -0.649682 -0.800104 -0.881561 -0.951289 -0.976960 
48.680000 14958633.000000 46 26 48 0.421860 0.319539 0.752787 0.989027 0.972452 0.930273 0.833237 0.460790 0.389694 0.251177 0.067793 -0.137258 -0.290714 -0.381354 -0.566114 -0.722457 -0.820873 -0.928972 -0.985121 0.962789 0.872941 0.639369 0.545409 0.389514 0.249517 0.032925 -0.047871 -0.290983 -0.347484 -0.484901 -0.589813 -0.765232 -0.884119 -0.930956 -0.980658 
58.280663 123526888.000000 48 56 62 0.839439 0.877764 0.918189 0.984632 0.967318 0.923319 0.725212 0.472861 0.420068 0.302613 0.176958 -0.106837 -0.234753 -0.332797 -0.483821 -0.709320 -0.762442 -0.835628 -0.971288 0.987765 0.968981 0.936351 0.787435 0.485416 0.410823 0.327497 0.197369 -0.103085 -0.229705 -0.344427 -0.517915 -0.714984 -0.775875 -0.901117 -0.974362 
58.270218 111569128.000000 62 66 68 0.932340 0.978840 0.973985 0.982778 0.961810 0.923441 0.722207 0.473689 0.419595 0.302116 0.200597 -0.086652 -0.241887 -0.320675 -0.466641 -0.689188 -0.762652 -0.814882 -0.963628 0.982299 0.964348 0.918394 0.719917 0.472696 0.424103 0.294008 0.179510 -0.107208 -0.241643 -0.326980 -0.479275 -0.705197 -0.763256 -0.830930 -0.968814 
56.822372 55401276.000000 68 70 72 0.988109 0.975457 0.959076 0.983372 0.964330 0.928085 0.766018 0.460819 0.392848 0.304640 0.220093 -0.034936 -0.241094 -0.341682 -0.452258 -0.678305 -0.767546 -0.841481 -0.970349 0.982598 0.962214 0.924063 0.730423 0.467038 0.405757 0.309846 0.220111 -0.086042 -0.245518 -0.335085 -0.457502 -0.708590 -0.767292 -0.839668 -0.972084 
54.004181 21174802.000000 72 74 76 0.966379 0.956113 0.930148 0.986872 0.971519 0.935085 0.809797 0.462574 0.370830 0.279227 0.199915 -0.003126 -0.230421 -0.381682 -0.477315 -0.707221 -0.779395 -0.901728 -0.970631 0.985670 0.967750 0.934868 0.793166 0.485057 0.400263 0.304569 0.214044 -0.009567 -0.202179 -0.366677 -0.449798 -0.684308 -0.771339 -0.889719 -0.968669 
51.981960 10187300.000000 76 78 80 0.959838 0.901226 0.891614 0.987271 0.972991 0.943697 0.826496 0.463707 0.373753 0.261819 0.189296 -0.017383 -0.230526 -0.370899 -0.462492 -0.673986 -0.793681 -0.901659 -0.968821 0.984113 0.970154 0.936740 0.830908 0.436235 0.351556 0.274506 0.203896 -0.032900 -0.236991 -0.377235 -0.471114 -0.661623 -0.764179 -0.858737 -0.974692 
49.605103 4211248.000000 80 84 86 0.895779 0.946587 0.925191 0.988935 0.975540 0.941394 0.840110 0.498030 0.372927 0.257243 0.167384 0.036505 -0.172501 -0.350290 -0.451593 -0.602962 -0.764253 -0.897572 -0.954938 0.989443 0.976743 0.944771 0.854121 0.464070 0.358353 0.242722 0.173951 -0.000499 -0.196700 -0.371680 -0.441746 -0.658167 -0.783894 -0.889017 -0.969884 
48.450871 1352376.750000 86 86 88 0.929298 0.919303 0.950038 0.989061 0.979578 0.947510 0.876184 0.583000 0.396815 0.304274 0.163158 0.056468 -0.143395 -0.356348 -0.461464 -0.623072 -0.762796 -0.891724 -0.963996 0.988056 0.977227 0.941483 0.870075 0.561935 0.376806 0.272654 0.154546 0.054951 -0.124889 -0.342287 -0.434522 -0.575198 -0.771546 -0.870516 -0.952617 
47.910824 953745.125000 86 86 86 0.921394 0.894370 0.942475 0.990274 0.980395 0.949376 0.883327 0.612438 0.377590 0.305996 0.164782 0.056558 -0.161391 -0.354463 -0.447077 -0.538579 -0.764383 -0.871819 -0.967485 0.989134 0.979626 0.951930 0.884419 0.596543 0.387903 0.306538 0.155560 0.068461 -0.148179 -0.361193 -0.450093 -0.593108 -0.766145 -0.854305 -0.965119 
48.097538 748210.000000 86 88 86 0.955898 0.955712 0.932577 0.989536 0.980791 0.954692 0.887763 0.583885 0.414203 0.296530 0.153448 0.052705 -0.099364 -0.351440 -0.455822 -0.617036 -0.805632 -0.846146 -0.951985 0.990025 0.980779 0.956398 0.897549 0.602441 0.395280 0.305189 0.139612 -0.009893 -0.125534 -0.356289 -0.447575 -0.591412 -0.790206 -0.875656 -0.945304 
48.327137 364438.218750 88 86 86 0.950390 0.971580 0.963511 0.990601 0.982876 0.961977 0.902584 0.654397 0.432749 0.325329 0.188717 -0.005959 -0.059191 -0.273695 -0.461698 -0.583724 -0.818333 -0.878465 -0.976574 0.989489 0.981551 0.954691 0.893654 0.609017 0.443340 0.312355 0.189309 0.037344 -0.069931 -0.274689 -0.444300 -0.583771 -0.827199 -0.881437 -0.956906 
47.447685 130928.992188 86 86 86 0.959440 0.878848 0.962520 0.991490 0.984024 0.966427 0.920190 0.696227 0.455034 0.361391 0.192362 0.097459 -0.066881 -0.328445 -0.455967 -0.617101 -0.803456 -0.891908 -0.975643 0.991220 0.983446 0.963353 0.908547 0.618365 0.418309 0.363100 0.220216 0.047824 -0.079356 -0.330013 -0.458543 -0.552009 -0.796512 -0.885227 -0.972010 
47.766296 66382.218750 86 86 86 0.964439 0.974838 0.955825 0.992092 0.983983 0.968874 0.937247 0.783105 0.462112 0.396665 0.169854 0.092091 -0.131470 -0.314349 -0.435283 -0.672289 -0.815474 -0.935061 -0.975432 0.991857 0.984015 0.968697 0.929731 0.761820 0.473851 0.389690 0.175602 0.109277 -0.115972 -0.322978 -0.461389 -0.668977 -0.800985 -0.907780 -0.975016 
46.758896 39310.539062 86 86 86 0.953790 0.964809 0.881076 0.992901 0.983006 0.973653 0.943319 0.743591 0.488243 0.372422 0.225427 0.060417 -0.134606 -0.334139 -0.485602 -0.721623 -0.829330 -0.913134 -0.970108 0.992596 0.983842 0.971544 0.950668 0.767141 0.468524 0.372996 0.155185 0.091128 -0.130361 -0.306643 -0.496530 -0.692104 -0.828007 -0.906939 -0.965663 
40.285381 164496.671875 86 92 88 0.881926 0.771743 0.376853 0.994108 0.983900 0.948477 0.805358 0.525446 0.381369 0.221650 0.028273 -0.085866 -0.196896 -0.353014 -0.508489 -0.672094 -0.774681 -0.896387 -0.966854 0.993730 0.983570 0.971257 0.942236 0.748018 0.492400 0.374545 0.191727 -0.024669 -0.225621 -0.367056 -0.511323 -0.695685 -0.830320 -0.907781 -0.971108 
43.772972 6501369.000000 156 54 104 0.493067 0.470471 0.484473 0.991992 0.962273 0.649398 0.475195 0.430331 0.235331 -0.024512 -0.120446 -0.190412 -0.291333 -0.488512 -0.661524 -0.754012 -0.867457 -0.934750 -0.966481 0.991671 0.969765 0.771595 0.560188 0.411829 0.329168 0.086466 -0.031504 -0.115484 -0.238539 -0.384136 -0.568461 -0.690324 -0.803773 -0.927367 -0.969211 
47.851887 9966187.000000 96 88 88 0.581886 0.422117 0.482981 0.983847 0.805635 0.627738 0.569581 0.480983 0.391064 0.028752 -0.077816 -0.215287 -0.303865 -0.461743 -0.625722 -0.720021 -0.878872 -0.937585 -0.983622 0.987733 0.838796 0.566886 0.512453 0.440191 0.321356 -0.038336 -0.088257 -0.173007 -0.290773 -0.534119 -0.633320 -0.769388 -0.878692 -0.934841 -0.979190 
38.069881 1502463.625000 86 54 70 0.476207 0.350269 0.613561 0.986060 0.972021 0.855340 0.735960 0.650852 0.493609 0.368698 0.038810 -0.102488 -0.246711 -0.372464 -0.621128 -0.714155 -0.808721 -0.919835 -0.983665 0.982951 0.841642 0.690775 0.668945 0.560324 0.460741 0.112485 -0.054844 -0.176804 -0.284260 -0.468211 -0.625357 -0.728149 -0.837054 -0.917333 -0.977565 
46.777000 940881.500000 70 78 78 0.545120 0.760837 0.932161 0.986100 0.974169 0.943671 0.876726 0.743770 0.521173 0.393385 0.096138 -0.064206 -0.203694 -0.379339 -0.556470 -0.665845 -0.842735 -0.942478 -0.976137 0.987245 0.974836 0.941282 0.839830 0.715134 0.528479 0.389452 0.098206 -0.091809 -0.219942 -0.369509 -0.549751 -0.725807 -0.821101 -0.928457 -0.985287 
51.580711 912048.500000 78 80 80 0.929202 0.966039 0.943811 0.984173 0.973865 0.945318 0.873810 0.821903 0.644600 0.488814 0.216629 -0.062133 -0.152220 -0.298476 -0.538038 -0.665506 -0.803661 -0.938749 -0.977896 0.985065 0.974308 0.944141 0.882939 0.784754 0.540809 0.456968 0.151571 -0.058274 -0.166776 -0.336707 -0.512818 -0.709164 -0.828997 -0.938849 -0.978106 
57.470608 1791706.625000 80 78 78 0.951479 0.980493 0.946644 0.980099 0.971566 0.939738 0.859095 0.820373 0.713724 0.438627 0.302755 0.070018 -0.169487 -0.193337 -0.373710 -0.595424 -0.707570 -0.903253 -0.967562 0.981943 0.972452 0.944701 0.866167 0.838341 0.710736 0.445534 0.297661 0.005829 -0.168333 -0.206742 -0.497134 -0.624134 -0.757824 -0.921244 -0.970576 
58.480247 3853771.750000 78 78 78 0.955728 0.962822 0.932660 0.981232 0.971348 0.941125 0.826108 0.755943 0.700371 0.446639 0.313179 0.048901 -0.205141 -0.255588 -0.412695 -0.619802 -0.652292 -0.857978 -0.969129 0.981246 0.971149 0.944142 0.852424 0.789940 0.727979 0.462600 0.322663 0.102024 -0.169447 -0.204141 -0.443318 -0.599704 -0.688652 -0.893532 -0.970898 
57.390842 5810796.500000 78 80 80 0.945956 0.942038 0.967269 0.983312 0.972644 0.942352 0.809204 0.680636 0.639980 0.432608 0.293940 0.083571 -0.221147 -0.307539 -0.399412 -0.584967 -0.673246 -0.718228 -0.963025 0.982469 0.972006 0.940982 0.825761 0.719099 0.678560 0.435082 0.304980 0.103327 -0.212288 -0.287605 -0.386487 -0.615104 -0.671555 -0.801639 -0.972426 
56.580902 10091699.000000 80 80 84 0.976664 0.880069 0.901963 0.983534 0.974681 0.946839 0.750849 0.652806 0.618109 0.422138 0.245339 -0.124870 -0.361399 -0.481466 -0.625510 -0.699912 -0.773103 -0.883251 -0.951341 0.982440 0.973876 0.946479 0.785001 0.656706 0.626256 0.435155 0.308905 0.047552 -0.224935 -0.359663 -0.435547 -0.614717 -0.668516 -0.794008 -0.958082 
52.335163 20072972.000000 84 86 78 0.895075 0.682509 0.371068 0.986846 0.968478 0.871258 0.708795 0.621966 0.472180 -0.001846 -0.234517 -0.392653 -0.507786 -0.658420 -0.749795 -0.827236 -0.882987 -0.924694 -0.957084 0.984639 0.974133 0.930606 0.774476 0.663614 0.553414 0.203582 -0.249892 -0.314239 -0.472655 -0.662770 -0.712954 -0.769058 -0.851482 -0.918060 -0.947971 
51.435593 17450924.000000 80 80 80 0.369079 0.643677 0.749158 0.977433 0.966375 0.846753 0.691066 0.614238 0.391708 -0.071833 -0.239186 -0.359129 -0.522275 -0.687706 -0.744874 -0.845811 -0.900909 -0.942184 -0.984854 0.980298 0.958732 0.836662 0.696222 0.616676 0.429171 -0.038282 -0.224970 -0.392410 -0.551746 -0.669683 -0.738614 -0.830659 -0.894881 -0.941115 -0.979368 
60.421364 32270300.000000 82 82 82 0.703000 0.652544 0.604029 0.975139 0.960036 0.838245 0.688310 0.530922 0.356416 -0.142274 -0.228473 -0.469953 -0.564596 -0.697863 -0.793306 -0.833393 -0.882960 -0.919907 -0.972286 0.977095 0.965774 0.836205 0.689898 0.559479 0.372281 -0.073110 -0.215446 -0.412600 -0.544074 -0.730181 -0.795448 -0.864335 -0.895517 -0.928834 -0.979400 
50.988270 3056512.250000 82 80 78 0.656311 0.833477 0.833048 0.974479 0.965563 0.820583 0.707116 0.632500 0.361190 -0.050343 -0.170230 -0.394177 -0.504140 -0.620207 -0.704939 -0.811064 -0.878481 -0.919117 -0.981056 0.975691 0.959373 0.822070 0.691761 0.584757 0.300506 -0.115214 -0.220945 -0.422391 -0.530135 -0.676990 -0.752945 -0.839605 -0.883454 -0.921176 -0.973269 
36.230675 1269054.500000 78 80 78 0.895731 0.807099 0.673018 0.976013 0.960961 0.798656 0.678798 0.555697 0.306232 0.080161 -0.082011 -0.196408 -0.363762 -0.576360 -0.778267 -0.825854 -0.884150 -0.922386 -0.965916 0.972249 0.964883 0.844462 0.723458 0.661751 0.517439 0.107878 -0.130920 -0.348660 -0.463062 -0.617451 -0.751633 -0.840250 -0.884488 -0.934137 -0.983606 
54.144875 50231400.000000 80 50 92 0.756851 0.519726 0.422661 0.966189 0.887305 0.660226 0.557543 0.397133 0.089609 -0.076015 -0.155741 -0.235681 -0.314783 -0.543508 -0.689449 -0.793428 -0.847198 -0.933848 -0.987663 0.968588 0.905990 0.715543 0.598102 0.422678 0.214484 -0.033605 -0.134293 -0.200532 -0.320876 -0.495048 -0.637568 -0.773254 -0.861088 -0.931296 -0.984165 
52.657551 17202748.000000 52 78 52 0.371058 0.389219 0.388283 0.989366 0.965032 0.674229 0.579107 0.527897 0.307024 0.021478 -0.134184 -0.191112 -0.336076 -0.447934 -0.668786 -0.719929 -0.853933 -0.919123 -0.976988 0.968363 0.879588 0.601595 0.561911 0.465476 0.100209 -0.098429 -0.133872 -0.240249 -0.339956 -0.559475 -0.678336 -0.760889 -0.838316 -0.928355 -0.990990 
54.369373 22268572.000000 64 60 66 0.432694 0.916666 0.855966 0.985997 0.973944 0.931296 0.747624 0.606246 0.562960 0.400076 0.268288 -0.104617 -0.193297 -0.358790 -0.579203 -0.690306 -0.847261 -0.898512 -0.957990 0.987723 0.974162 0.934537 0.702917 0.594863 0.532509 0.335019 0.104874 -0.152688 -0.203988 -0.364910 -0.603162 -0.706898 -0.846707 -0.915485 -0.966984 
48.598095 2162715.500000 66 76 64 0.823262 0.762730 0.597478 0.989160 0.971617 0.889998 0.693120 0.633228 0.558429 0.316913 -0.050341 -0.143882 -0.234696 -0.440671 -0.589246 -0.763735 -0.835128 -0.903490 -0.983891 0.986739 0.972057 0.928130 0.732543 0.635102 0.588035 0.422147 0.216732 -0.131150 -0.194072 -0.394791 -0.590496 -0.682300 -0.831207 -0.890380 -0.964752 
33.479889 780278.312500 64 66 78 0.475654 0.415737 0.572350 0.991025 0.969045 0.905622 0.695158 0.610026 0.481154 0.292115 -0.038391 -0.174844 -0.247040 -0.473090 -0.611132 -0.769456 -0.858960 -0.909171 -0.968615 0.983958 0.966922 0.876672 0.666363 0.622323 0.462487 0.216267 -0.054461 -0.166301 -0.275789 -0.443523 -0.606105 -0.796497 -0.849000 -0.926132 -0.972190 
43.900814 5586374.500000 80 78 22 0.641217 0.555000 0.519058 0.974859 0.902370 0.745432 0.676750 0.630940 0.549489 0.455144 -0.009620 -0.159200 -0.255874 -0.332152 -0.471186 -0.720079 -0.831432 -0.895298 -0.942774 0.988630 0.948203 0.755000 0.684453 0.626093 0.548639 0.419479 -0.063753 -0.163065 -0.253562 -0.354374 -0.604794 -0.744018 -0.863554 -0.904622 -0.957048 
44.821327 8046415.500000 58 48 42 0.694473 0.734747 0.339521 0.962496 0.932187 0.759194 0.663695 0.609661 0.527574 0.411151 0.096288 -0.164384 -0.275262 -0.498074 -0.625583 -0.701464 -0.781807 -0.911308 -0.960716 0.962837 0.944927 0.811435 0.676553 0.621512 0.546982 0.441104 0.059798 -0.193230 -0.300887 -0.432452 -0.564409 -0.725538 -0.801629 -0.888478 -0.955746 
45.668365 4501517.500000 64 62 62 0.338480 0.402202 0.549389 0.974762 0.889219 0.777551 0.672450 0.631224 0.511309 0.336842 0.073659 -0.190188 -0.320011 -0.446981 -0.625349 -0.722323 -0.778231 -0.835506 -0.955765 0.951520 0.894671 0.767701 0.652482 0.628547 0.573116 0.403818 0.172490 -0.208191 -0.321424 -0.506624 -0.643564 -0.709424 -0.791028 -0.867294 -0.958706 
54.271145 10439144.000000 60 60 60 0.373297 0.897097 0.907414 0.987180 0.963042 0.911498 0.865188 0.737134 0.679919 0.483498 0.268261 -0.061102 -0.223977 -0.343275 -0.560443 -0.731565 -0.782590 -0.823334 -0.858388 0.990208 0.966759 0.918707 0.794554 0.698706 0.580408 0.403168 0.169564 -0.129866 -0.225312 -0.399367 -0.612560 -0.725187 -0.767340 -0.832732 -0.915792 
58.438278 8577240.000000 60 60 62 0.877830 0.974780 0.804348 0.985869 0.962189 0.918905 0.874211 0.772680 0.650921 0.421925 0.275600 0.034768 -0.193252 -0.260714 -0.381968 -0.654547 -0.772401 -0.813633 -0.890474 0.985691 0.957695 0.910794 0.851498 0.743057 0.695834 0.438817 0.278670 0.034164 -0.199179 -0.272161 -0.411822 -0.649241 -0.774767 -0.817269 -0.870113 
54.968025 4056059.000000 62 62 60 0.902438 0.744351 0.975811 0.991890 0.981685 0.930271 0.821781 0.748945 0.581572 0.423115 0.255933 -0.024673 -0.223194 -0.285360 -0.396737 -0.525476 -0.737405 -0.827758 -0.930965 0.989656 0.972307 0.923063 0.868439 0.747268 0.628907 0.433683 0.306750 -0.070190 -0.203605 -0.279037 -0.409889 -0.657942 -0.749453 -0.810704 -0.919850 
56.039032 4693740.500000 60 62 62 0.981238 0.965093 0.985773 0.991471 0.980350 0.919099 0.843179 0.753985 0.585190 0.416755 0.189749 -0.005609 -0.243491 -0.270999 -0.386290 -0.485846 -0.671777 -0.793319 -0.941135 0.991447 0.980952 0.921633 0.837335 0.766771 0.564631 0.404598 0.189033 -0.017113 -0.236447 -0.283016 -0.411725 -0.494120 -0.731039 -0.811139 -0.912898 
56.090492 10839754.000000 62 62 62 0.983865 0.992862 0.756974 0.991957 0.980648 0.910930 0.837311 0.746074 0.574487 0.386751 0.131055 -0.170875 -0.250837 -0.313350 -0.475407 -0.621043 -0.778903 -0.885650 -0.959014 0.991841 0.981719 0.920243 0.836567 0.758772 0.589038 0.423909 0.219621 -0.041192 -0.236339 -0.266730 -0.360242 -0.486647 -0.607678 -0.811596 -0.956301 
59.182220 7323587.500000 62 62 62 0.957104 0.924505 0.993650 0.984389 0.968969 0.908812 0.869217 0.812966 0.674272 0.492803 0.123839 -0.037385 -0.152429 -0.249815 -0.357668 -0.505748 -0.668667 -0.848266 -0.953222 0.987210 0.971057 0.912881 0.859963 0.784013 0.625111 0.436934 0.117462 -0.104077 -0.236354 -0.320227 -0.469738 -0.649584 -0.785058 -0.886891 -0.954421 
59.557339 7793394.000000 62 62 62 0.991238 0.990947 0.991396 0.984080 0.967162 0.910899 0.870148 0.828752 0.664270 0.457633 0.081073 -0.058940 -0.183386 -0.249968 -0.343113 -0.514754 -0.590835 -0.849126 -0.955650 0.984385 0.968226 0.910417 0.869096 0.825457 0.671048 0.500246 0.096555 -0.053204 -0.166850 -0.241794 -0.358556 -0.523935 -0.644930 -0.835870 -0.953293 
59.859425 7591798.000000 62 62 62 0.990764 0.978543 0.952648 0.983522 0.967250 0.903564 0.869372 0.841322 0.659248 0.472415 0.092076 -0.075528 -0.176091 -0.258452 -0.374916 -0.499435 -0.640763 -0.816832 -0.957820 0.984213 0.966947 0.910057 0.870442 0.838058 0.638977 0.438888 0.083109 -0.075376 -0.181168 -0.257789 -0.354132 -0.517138 -0.590064 -0.815963 -0.951203 
61.638840 7324672.000000 62 62 62 0.955746 0.919018 0.914370 0.984044 0.967280 0.897526 0.868709 0.851031 0.702096 0.472489 0.114680 -0.079528 -0.203284 -0.281643 -0.351038 -0.492684 -0.573409 -0.868953 -0.968962 0.983613 0.966924 0.899305 0.868570 0.846919 0.663173 0.467467 0.136839 -0.070598 -0.181849 -0.272754 -0.355395 -0.493005 -0.598141 -0.859479 -0.967554 
62.017792 6507697.000000 62 60 60 0.917491 0.950523 0.967266 0.984451 0.968939 0.906446 0.868943 0.854851 0.720749 0.442122 0.148455 -0.042447 -0.237682 -0.298052 -0.381258 -0.563109 -0.599862 -0.856720 -0.967938 0.984921 0.968057 0.900077 0.868914 0.853778 0.725442 0.486386 0.136381 -0.068537 -0.225461 -0.290632 -0.368452 -0.520477 -0.601289 -0.876068 -0.970657 
59.226757 3123393.000000 60 60 62 0.971081 0.970331 0.904079 0.986526 0.971307 0.924267 0.874796 0.848379 0.683435 0.501345 0.241535 -0.108614 -0.248321 -0.309888 -0.445281 -0.630357 -0.655230 -0.828471 -0.966563 0.985110 0.970637 0.919336 0.870535 0.856894 0.726550 0.454663 0.170992 -0.070474 -0.252737 -0.297120 -0.382107 -0.582012 -0.616953 -0.837376 -0.965242 
52.269939 623554.312500 60 62 62 0.856289 0.849172 0.760984 0.992699 0.971047 0.908419 0.872189 0.846219 0.669493 0.547595 0.314614 -0.073208 -0.227024 -0.317406 -0.497022 -0.644105 -0.704568 -0.918059 -0.975939 0.989126 0.970701 0.926478 0.881710 0.833581 0.674017 0.549000 0.271637 -0.068765 -0.229653 -0.343578 -0.482860 -0.635246 -0.661595 -0.848512 -0.965579 
45.260548 1528023.375000 62 62 62 0.762946 0.681767 0.683784 0.992460 0.966615 0.883378 0.866281 0.759580 0.546892 0.410280 0.027538 -0.186747 -0.318797 -0.498530 -0.659261 -0.728668 -0.817989 -0.904434 -0.981389 0.994309 0.970976 0.892777 0.868968 0.843056 0.629651 0.491900 0.223770 -0.147092 -0.236017 -0.417961 -0.563381 -0.687693 -0.805898 -0.918329 -0.992258 
47.612015 14949785.000000 62 62 62 0.660202 0.809553 0.845195 0.989245 0.963926 0.900887 0.819567 0.645222 0.509302 0.361848 0.056343 -0.096050 -0.211992 -0.480557 -0.586983 -0.735126 -0.862850 -0.916519 -0.969209 0.991942 0.964138 0.887786 0.817834 0.636071 0.534424 0.417073 0.085555 -0.113463 -0.315721 -0.485951 -0.582326 -0.730998 -0.808825 -0.903687 -0.971466 
55.400375 11952570.000000 62 62 62 0.870251 0.944993 0.961139 0.984470 0.973050 0.914801 0.796318 0.684051 0.609023 0.460649 0.396881 -0.078607 -0.230148 -0.275024 -0.442687 -0.680230 -0.767243 -0.866226 -0.958555 0.986679 0.969221 0.908389 0.818088 0.719719 0.577562 0.452545 0.322162 -0.109562 -0.239808 -0.331080 -0.559852 -0.718776 -0.817999 -0.901513 -0.955078 
59.634430 23193514.000000 62 62 64 0.958913 0.978043 0.970066 0.984009 0.975734 0.941072 0.694744 0.606375 0.548226 0.402956 0.323418 -0.012912 -0.192989 -0.234267 -0.384836 -0.589133 -0.682244 -0.760345 -0.918358 0.983778 0.975028 0.933715 0.735520 0.628842 0.576120 0.447171 0.377387 -0.011117 -0.210853 -0.245211 -0.418425 -0.605038 -0.711138 -0.817847 -0.947357 
59.857334 27220170.000000 64 64 64 0.965972 0.987704 0.941678 0.984926 0.978132 0.942823 0.762347 0.579837 0.535126 0.306695 0.078991 -0.062485 -0.235316 -0.326821 -0.428332 -0.563730 -0.689763 -0.777905 -0.858120 0.984259 0.976171 0.939594 0.747959 0.581890 0.527446 0.364387 0.200650 -0.063966 -0.195076 -0.258103 -0.398619 -0.576431 -0.689251 -0.755446 -0.852623 
55.540031 4801862.500000 64 66 72 0.933796 0.836221 0.575211 0.988573 0.978966 0.930214 0.816047 0.631151 0.543759 0.409493 0.140202 -0.045932 -0.295927 -0.453975 -0.504599 -0.592258 -0.754149 -0.913403 -0.939817 0.986017 0.979271 0.944733 0.791596 0.582348 0.540543 0.263535 0.036585 -0.086194 -0.315498 -0.430177 -0.502278 -0.612567 -0.738364 -0.879102 -0.911485 
45.105934 662858.562500 72 74 74 0.488454 0.843241 0.793128 0.993437 0.980236 0.916279 0.783528 0.609680 0.532111 0.389046 0.276648 -0.022378 -0.185625 -0.330745 -0.455485 -0.564857 -0.708546 -0.875812 -0.943066 0.991772 0.980750 0.924902 0.793194 0.620955 0.563008 0.440446 0.310007 -0.008046 -0.192177 -0.364173 -0.460065 -0.546881 -0.735301 -0.883930 -0.934219 
49.853436 9914773.000000 76 68 66 0.824745 0.647572 0.912943 0.988448 0.978853 0.952885 0.691981 0.516962 0.458897 0.359820 0.079068 -0.003700 -0.321098 -0.413585 -0.499392 -0.544110 -0.786218 -0.893516 -0.981070 0.989201 0.969197 0.912614 0.755772 0.565194 0.510269 0.379444 0.188195 0.011652 -0.222478 -0.385769 -0.476024 -0.553877 -0.690945 -0.886237 -0.962858 
60.299664 27987134.000000 66 64 64 0.927363 0.981524 0.988781 0.988073 0.980037 0.969965 0.781643 0.434793 0.393726 0.273888 0.037107 -0.089172 -0.202069 -0.427380 -0.470924 -0.556412 -0.620083 -0.923815 -0.992798 0.988015 0.980030 0.968481 0.739845 0.461456 0.416922 0.299835 0.056123 -0.051260 -0.210348 -0.424240 -0.474998 -0.557036 -0.617751 -0.897198 -0.994789 
59.777130 15044383.000000 64 64 64 0.992319 0.990770 0.980254 0.990602 0.980592 0.974002 0.817930 0.409991 0.343628 0.221773 -0.007372 -0.131406 -0.219426 -0.404011 -0.452269 -0.553890 -0.634952 -0.959190 -0.981028 0.989593 0.980265 0.972529 0.801641 0.442178 0.379158 0.243629 0.011586 -0.127718 -0.222535 -0.418374 -0.467427 -0.557331 -0.622629 -0.941776 -0.986773 
58.944859 11524233.000000 64 64 66 0.977031 0.970728 0.989384 0.990313 0.980663 0.974152 0.805466 0.407545 0.347809 0.266653 0.079642 -0.099475 -0.207516 -0.351083 -0.409577 -0.534209 -0.618313 -0.941090 -0.970966 0.990459 0.980703 0.973694 0.807904 0.401767 0.339621 0.253449 0.028175 -0.112107 -0.201725 -0.373642 -0.432168 -0.543230 -0.632283 -0.952664 -0.974700 
61.099491 15168733.000000 66 66 66 0.990053 0.988410 0.980059 0.987980 0.980295 0.972678 0.808228 0.424621 0.373183 0.313617 0.201199 -0.044486 -0.218872 -0.331551 -0.406290 -0.509806 -0.668358 -0.937410 -0.974169 0.989424 0.980580 0.973812 0.823874 0.410320 0.355615 0.284667 0.138585 -0.077439 -0.213429 -0.349893 -0.411040 -0.518579 -0.627896 -0.931291 -0.982725 
64.407814 34960344.000000 66 66 68 0.985847 0.961074 0.952801 0.984399 0.979080 0.958243 0.792720 0.526893 0.483491 0.360263 0.248108 -0.020729 -0.232025 -0.330898 -0.378656 -0.541506 -0.659556 -0.920186 -0.966950 0.985887 0.979830 0.968319 0.793509 0.460723 0.412919 0.333462 0.240923 -0.038974 -0.231941 -0.336169 -0.396559 -0.514928 -0.654314 -0.928159 -0.963857 
61.050529 17157740.000000 68 68 70 0.967614 0.926595 0.933074 0.983198 0.970625 0.943908 0.821889 0.682097 0.634975 0.385984 0.234721 0.015731 -0.220302 -0.302232 -0.405908 -0.608321 -0.689422 -0.834267 -0.961652 0.984491 0.976553 0.947318 0.800007 0.619274 0.568719 0.362018 0.263511 -0.003558 -0.219502 -0.329848 -0.371254 -0.574172 -0.655669 -0.876202 -0.969006 
62.828526 11792881.000000 70 70 70 0.946610 0.968559 0.983792 0.980479 0.966685 0.950134 0.860866 0.781324 0.663254 0.361936 0.207024 -0.022580 -0.226464 -0.291101 -0.446845 -0.624615 -0.684293 -0.761922 -0.953197 0.981390 0.967238 0.947516 0.834745 0.748312 0.671591 0.391783 0.206267 0.050688 -0.165938 -0.259995 -0.362348 -0.590984 -0.662710 -0.832553 -0.970796 
62.906567 9334332.000000 70 70 70 0.981208 0.985171 0.970471 0.978884 0.967500 0.947720 0.892953 0.773405 0.540036 0.391075 0.129573 0.020945 -0.212631 -0.293283 -0.382794 -0.615246 -0.684474 -0.750537 -0.956303 0.979941 0.966712 0.950921 0.873571 0.793941 0.605882 0.313126 0.143361 -0.009910 -0.221347 -0.294363 -0.412682 -0.627504 -0.694916 -0.761910 -0.953715 
62.083660 7487354.000000 70 70 70 0.971488 0.966248 0.979706 0.979859 0.969256 0.944757 0.888540 0.829633 0.619206 0.338403 0.044981 -0.062277 -0.232716 -0.297372 -0.428879 -0.630851 -0.683420 -0.765015 -0.948652 0.979019 0.968130 0.945811 0.888115 0.809828 0.573516 0.329917 0.083459 -0.041777 -0.223439 -0.286060 -0.368902 -0.621187 -0.691223 -0.772349 -0.954036 
59.862957 5999279.500000 70 70 68 0.983020 0.982069 0.975078 0.982692 0.972616 0.943777 0.892337 0.842829 0.623693 0.163368 -0.007671 -0.098786 -0.275877 -0.330959 -0.481583 -0.616184 -0.704648 -0.772010 -0.929560 0.980992 0.970364 0.944130 0.889958 0.841986 0.618521 0.277802 0.015223 -0.088025 -0.251843 -0.312664 -0.431360 -0.621519 -0.689502 -0.749463 -0.949169 
58.979416 5246181.000000 68 68 68 0.976063 0.992469 0.988847 0.983975 0.977006 0.939212 0.898593 0.833904 0.576513 0.111783 -0.018648 -0.106044 -0.271488 -0.335060 -0.501765 -0.598190 -0.686232 -0.736356 -0.901411 0.983250 0.974859 0.940905 0.896107 0.838420 0.603676 0.129981 -0.001501 -0.096778 -0.271413 -0.340528 -0.486361 -0.601756 -0.695734 -0.759634 -0.888850 
58.399296 3396247.250000 68 68 68 0.984900 0.984920 0.992464 0.984888 0.978820 0.942102 0.901876 0.853308 0.590633 0.085704 -0.077915 -0.150398 -0.269708 -0.312586 -0.510865 -0.595019 -0.649875 -0.698217 -0.932251 0.984649 0.978645 0.939030 0.899637 0.849413 0.564238 0.106032 -0.048539 -0.144758 -0.272544 -0.329084 -0.521418 -0.602784 -0.670788 -0.729945 -0.922036 
57.848907 2493468.500000 68 68 68 0.987502 0.990918 0.981452 0.986037 0.980005 0.947498 0.901971 0.864535 0.581309 0.004606 -0.087967 -0.151439 -0.258263 -0.307225 -0.446441 -0.577514 -0.634186 -0.759883 -0.962102 0.985482 0.979001 0.946120 0.902715 0.857005 0.595074 0.061813 -0.084973 -0.150305 -0.263578 -0.308562 -0.516032 -0.595968 -0.648545 -0.712126 -0.943817 
53.308670 829444.437500 68 68 72 0.980045 0.867868 0.715317 0.991170 0.981785 0.952200 0.877329 0.806961 0.535987 0.137182 -0.085832 -0.139495 -0.248760 -0.310598 -0.432851 -0.602742 -0.734907 -0.879804 -0.978075 0.987355 0.980640 0.953864 0.899547 0.847252 0.565984 -0.014129 -0.089939 -0.147079 -0.244889 -0.303522 -0.404124 -0.522555 -0.657246 -0.810922 -0.961939 
42.395573 546292.250000 72 70 68 0.774245 0.844775 0.784193 0.988834 0.976737 0.931347 0.853208 0.674323 0.455462 0.195369 -0.136914 -0.232657 -0.333399 -0.414199 -0.551194 -0.671366 -0.794804 -0.881064 -0.925353 0.991963 0.982730 0.940766 0.861818 0.712462 0.463340 0.320107 -0.085224 -0.195306 -0.325644 -0.425643 -0.550257 -0.630184 -0.757539 -0.877444 -0.944987 
41.551952 7618728.000000 68 70 70 0.795347 0.768285 0.751387 0.983886 0.960258 0.907805 0.706634 0.439557 0.340215 -0.030074 -0.148378 -0.271570 -0.427742 -0.581046 -0.702161 -0.797579 -0.866846 -0.943256 -0.981150 0.984843 0.975123 0.910432 0.836519 0.476844 0.369478 0.046207 -0.117178 -0.233519 -0.373972 -0.526874 -0.635102 -0.747728 -0.825923 -0.912906 -0.968496 
49.345798 3463301.500000 68 70 68 0.665065 0.582728 0.705994 0.980231 0.964564 0.881011 0.723641 0.518380 0.331427 -0.068769 -0.248486 -0.427321 -0.554493 -0.674395 -0.775929 -0.866210 -0.934093 -0.958995 -0.988178 0.984728 0.964338 0.911094 0.751507 0.494069 0.276786 -0.067322 -0.206074 -0.374518 -0.528676 -0.673848 -0.761375 -0.871047 -0.930394 -0.953592 -0.983262 
48.993965 2533489.500000 68 70 68 0.692626 0.726671 0.719917 0.982341 0.964143 0.838770 0.685624 0.496392 0.273283 0.007537 -0.367800 -0.446076 -0.550188 -0.680061 -0.799371 -0.864179 -0.924618 -0.974840 -0.993176 0.982281 0.967422 0.839581 0.707928 0.534887 0.300493 -0.042332 -0.300950 -0.442635 -0.565330 -0.676254 -0.801407 -0.860001 -0.915785 -0.970518 -0.987803 
47.307240 1480567.250000 68 70 102 0.782495 0.498171 0.600100 0.978977 0.955426 0.817075 0.646990 0.561099 0.340181 0.113242 -0.269416 -0.415461 -0.520995 -0.708646 -0.802989 -0.880423 -0.923854 -0.974089 -0.995057 0.982175 0.966730 0.807030 0.636776 0.533379 0.288212 0.029998 -0.320278 -0.430368 -0.570843 -0.681036 -0.791986 -0.874390 -0.922201 -0.964295 -0.990520 
43.742020 1141527.500000 72 52 74 0.652969 0.669244 0.555750 0.977021 0.954775 0.852943 0.672601 0.527085 0.361812 0.125499 -0.183983 -0.494560 -0.554356 -0.706096 -0.788930 -0.873084 -0.914798 -0.969222 -0.993822 0.977000 0.959053 0.825072 0.667531 0.527548 0.364224 0.126657 -0.274039 -0.437267 -0.577185 -0.710462 -0.769133 -0.869077 -0.917426 -0.967215 -0.995642 
47.335327 1067723.500000 74 140 56 0.559679 0.431271 0.395466 0.980832 0.935898 0.818355 0.621194 0.567750 0.373399 0.075259 -0.121793 -0.476807 -0.520430 -0.698275 -0.820289 -0.873364 -0.937312 -0.975958 -0.996246 0.981022 0.943589 0.833370 0.663827 0.512757 0.379663 0.126097 -0.218827 -0.485543 -0.587870 -0.708461 -0.806890 -0.893750 -0.942373 -0.971415 -0.994860 
43.209667 1542960.750000 124 34 100 0.439185 0.431624 0.496661 0.976998 0.949311 0.740799 0.599451 0.581910 0.409020 0.097111 -0.149503 -0.395754 -0.529038 -0.620348 -0.809574 -0.854265 -0.930443 -0.966132 -0.991690 0.974033 0.952609 0.763264 0.609559 0.543714 0.355437 0.057530 -0.180625 -0.380837 -0.572369 -0.673610 -0.803042 -0.859193 -0.909268 -0.957331 -0.993838 
42.692738 1488973.875000 100 50 90 0.532794 0.527071 0.647629 0.978730 0.957328 0.748150 0.556436 0.531585 0.411138 0.160051 -0.057679 -0.420030 -0.514373 -0.637599 -0.773084 -0.864305 -0.921724 -0.941956 -0.983003 0.980707 0.954752 0.698634 0.583884 0.563570 0.422717 0.100263 -0.193691 -0.437537 -0.513624 -0.621235 -0.769498 -0.853959 -0.925817 -0.949896 -0.988450 
44.349884 2423863.750000 90 24 64 0.627211 0.291609 0.806943 0.990746 0.980148 0.966962 0.709224 0.521316 0.475181 0.349259 0.192239 -0.245176 -0.470314 -0.482018 -0.709060 -0.826509 -0.880830 -0.925216 -0.982966 0.982876 0.960590 0.819554 0.549289 0.531728 0.375945 0.197898 -0.002426 -0.440991 -0.480982 -0.588662 -0.763227 -0.832301 -0.904450 -0.938774 -0.988963 
53.630947 8945169.000000 64 70 70 0.853564 0.915125 0.977967 0.988708 0.977842 0.957089 0.800591 0.497419 0.452213 0.344790 0.249502 0.055347 -0.377108 -0.483167 -0.527561 -0.714686 -0.825033 -0.903363 -0.981190 0.988665 0.978372 0.962372 0.772640 0.513308 0.471361 0.327747 0.243518 0.037459 -0.385302 -0.487084 -0.530322 -0.758625 -0.871443 -0.921388 -0.976304 
52.509426 5938809.500000 70 72 80 0.976769 0.966005 0.891609 0.989357 0.977987 0.961264 0.861455 0.484555 0.445852 0.290195 0.174368 -0.335506 -0.439117 -0.506496 -0.686267 -0.750506 -0.803188 -0.909502 -0.974585 0.989298 0.977604 0.958187 0.822998 0.504818 0.444725 0.360837 0.254696 0.035331 -0.422097 -0.487832 -0.577906 -0.762864 -0.830439 -0.910836 -0.977450 
40.938072 1100351.625000 78 74 70 0.886469 0.657423 0.684938 0.994519 0.980154 0.941092 0.636731 0.476653 0.409705 0.223204 -0.065935 -0.413630 -0.504324 -0.651499 -0.725034 -0.782613 -0.865163 -0.955222 -0.989523 0.988865 0.978746 0.963073 0.796292 0.482041 0.424115 0.218392 0.003340 -0.408103 -0.455647 -0.612761 -0.712211 -0.764705 -0.855592 -0.931729 -0.984325 
45.319782 5511698.500000 68 72 72 0.771352 0.584819 0.761540 0.992401 0.976449 0.881093 0.474988 0.437779 0.230374 0.071349 -0.137396 -0.379506 -0.471865 -0.590423 -0.715902 -0.782794 -0.862293 -0.904536 -0.975228 0.993033 0.976921 0.909414 0.554725 0.468148 0.355713 0.137741 -0.224380 -0.432699 -0.503922 -0.679868 -0.739045 -0.808289 -0.870439 -0.907336 -0.973790 
41.012505 2134629.500000 72 74 66 0.778101 0.493945 0.766881 0.989677 0.970860 0.848773 0.467068 0.373769 0.311753 0.075301 0.007534 -0.221029 -0.431229 -0.493064 -0.674903 -0.761136 -0.823445 -0.901090 -0.971279 0.988718 0.973127 0.824875 0.442204 0.380422 0.263691 0.080763 -0.031372 -0.273916 -0.470347 -0.524250 -0.691029 -0.761042 -0.838994 -0.898812 -0.985155 
50.733231 5153702.500000 64 68 68 0.555094 0.919270 0.938078 0.990704 0.980960 0.971814 0.835902 0.354727 0.314127 0.201087 0.035834 -0.101441 -0.258065 -0.405919 -0.483635 -0.695720 -0.769718 -0.868793 -0.964735 0.992719 0.981847 0.974050 0.820080 0.366047 0.321631 0.096436 0.000051 -0.133042 -0.382444 -0.456020 -0.681263 -0.746067 -0.798269 -0.904602 -0.961639 
54.763535 4383166.500000 70 72 74 0.982936 0.989607 0.985165 0.989511 0.981608 0.970225 0.882349 0.365227 0.307580 0.223337 0.119504 -0.095062 -0.200579 -0.386171 -0.427478 -0.594475 -0.752127 -0.864441 -0.959584 0.989915 0.981155 0.970240 0.871019 0.357198 0.306043 0.205903 0.078411 -0.095706 -0.205674 -0.387075 -0.438190 -0.611170 -0.725917 -0.892588 -0.962235 
54.927094 2709916.500000 74 76 76 0.976997 0.962309 0.990753 0.989529 0.982795 0.972238 0.889893 0.367342 0.303545 0.214149 0.154215 -0.068274 -0.179341 -0.386596 -0.426153 -0.588832 -0.774177 -0.853842 -0.932159 0.989647 0.982492 0.971901 0.890892 0.377038 0.325800 0.217879 0.148339 -0.067786 -0.178665 -0.373648 -0.420048 -0.646499 -0.780415 -0.856325 -0.944967 
53.075623 1200660.875000 76 76 76 0.991349 0.982446 0.794105 0.990270 0.983184 0.972043 0.903808 0.369725 0.290532 0.225118 0.129386 -0.033364 -0.153923 -0.364355 -0.410407 -0.509852 -0.715817 -0.881913 -0.948441 0.989539 0.983061 0.972158 0.903768 0.351084 0.293144 0.205599 0.126825 -0.045701 -0.162763 -0.381676 -0.417052 -0.556600 -0.773430 -0.856866 -0.932650 
43.147621 88192.351562 76 82 84 0.728792 0.754450 0.773536 0.995511 0.987176 0.968453 0.889932 0.544974 0.302236 0.234304 0.153690 0.040726 -0.110561 -0.391594 -0.461987 -0.655155 -0.804833 -0.898244 -0.972704 0.993272 0.982748 0.969207 0.893036 0.465624 0.314379 0.241715 0.154685 -0.037034 -0.188399 -0.372479 -0.432215 -0.558625 -0.750929 -0.885868 -0.958233 
37.490948 37132.320312 86 86 180 0.754914 0.689775 0.706819 0.993852 0.984585 0.971001 0.873560 0.562852 0.298142 0.238467 0.150568 0.061209 -0.103493 -0.357495 -0.509082 -0.690251 -0.806708 -0.901499 -0.965240 0.995080 0.987898 0.971284 0.863278 0.573344 0.316486 0.250057 0.155522 0.065541 -0.086917 -0.415866 -0.478937 -0.677154 -0.832361 -0.912268 -0.967258 
33.912865 15522.839844 182 78 78 0.651206 0.632083 0.696714 0.992015 0.983754 0.962034 0.827390 0.651957 0.340778 0.238897 0.185151 0.071883 -0.116790 -0.378955 -0.464374 -0.701030 -0.844970 -0.915007 -0.981046 0.991025 0.985347 0.969568 0.872336 0.603440 0.310968 0.225960 0.161560 0.063117 -0.058714 -0.363596 -0.490654 -0.708522 -0.830058 -0.909082 -0.980417 
37.739731 1738791.750000 78 148 76 0.730434 0.569166 0.714385 0.987957 0.951948 0.757190 0.591173 0.465663 0.166869 -0.026273 -0.102223 -0.187389 -0.280555 -0.472819 -0.608795 -0.710892 -0.838329 -0.940786 -0.970680 0.987650 0.975646 0.875972 0.646923 0.514856 0.285537 0.072210 -0.065315 -0.144158 -0.242263 -0.361016 -0.539626 -0.651893 -0.762924 -0.879951 -0.963000 
50.160404 13612805.000000 76 80 120 0.765728 0.643154 0.496804 0.982214 0.900470 0.623365 0.463948 0.240870 0.032477 -0.083032 -0.204255 -0.264789 -0.412041 -0.539569 -0.682521 -0.770231 -0.880324 -0.938572 -0.985967 0.987778 0.930294 0.751208 0.539198 0.279914 0.031306 -0.056262 -0.174613 -0.271320 -0.393019 -0.507124 -0.657285 -0.756118 -0.849767 -0.925939 -0.977042 
52.301632 18970144.000000 140 144 146 0.448752 0.652900 0.431706 0.980577 0.893542 0.603433 0.447407 0.235754 0.060187 -0.022531 -0.168167 -0.278480 -0.414615 -0.528034 -0.673893 -0.752718 -0.877317 -0.946883 -0.988169 0.980995 0.884242 0.594055 0.418982 0.293132 0.031559 -0.037266 -0.173893 -0.255142 -0.386998 -0.555314 -0.681192 -0.738610 -0.886144 -0.934376 -0.983176 
49.887356 14688351.000000 102 70 64 0.527864 0.580731 0.743612 0.990450 0.979897 0.773275 0.494926 0.404477 0.134988 0.062186 -0.162687 -0.258205 -0.322365 -0.507224 -0.605946 -0.757863 -0.862997 -0.940767 -0.970107 0.979984 0.921488 0.562474 0.479717 0.212618 0.087840 0.013306 -0.182616 -0.273617 -0.403878 -0.544722 -0.654033 -0.768009 -0.864959 -0.935716 -0.986880 
53.071156 19246494.000000 66 68 74 0.634515 0.734558 0.970696 0.986422 0.974283 0.955170 0.742700 0.505995 0.449060 0.293460 0.140289 -0.099073 -0.204503 -0.302348 -0.534085 -0.725726 -0.805700 -0.929190 -0.972130 0.988393 0.977386 0.952411 0.640693 0.476439 0.387376 0.157602 0.042001 -0.167568 -0.289898 -0.435862 -0.557376 -0.709778 -0.845941 -0.939828 -0.965030 
58.625301 26657490.000000 74 76 76 0.983862 0.968163 0.963457 0.982543 0.970189 0.955031 0.776833 0.537692 0.482778 0.369604 0.214386 0.008532 -0.195729 -0.264643 -0.488110 -0.720617 -0.782498 -0.860887 -0.955592 0.984837 0.972216 0.955719 0.770057 0.527451 0.471862 0.341579 0.189466 -0.044045 -0.185231 -0.269641 -0.437250 -0.724097 -0.769963 -0.876422 -0.964027 
59.617310 29210444.000000 76 78 78 0.969281 0.932183 0.973390 0.981183 0.969411 0.944914 0.769353 0.553834 0.487244 0.380066 0.276581 0.004501 -0.216373 -0.285950 -0.435265 -0.716418 -0.776531 -0.874318 -0.961163 0.980685 0.969299 0.952388 0.789526 0.547628 0.489447 0.385610 0.255726 -0.046679 -0.189613 -0.273293 -0.463890 -0.729059 -0.776242 -0.889536 -0.959747 
56.019855 21120230.000000 78 80 80 0.967519 0.965765 0.992643 0.985039 0.967758 0.929329 0.800436 0.550642 0.479949 0.362462 0.284794 0.011956 -0.215625 -0.290953 -0.391968 -0.676930 -0.781689 -0.825866 -0.922186 0.983615 0.968910 0.935510 0.777152 0.552909 0.485050 0.372346 0.286338 0.011323 -0.210217 -0.288404 -0.421632 -0.676468 -0.768272 -0.829700 -0.931201 
54.296322 15668111.000000 80 82 82 0.982665 0.964891 0.974592 0.984074 0.965839 0.928825 0.797717 0.543750 0.460195 0.359467 0.270776 0.075355 -0.207716 -0.309008 -0.400931 -0.623230 -0.768833 -0.817405 -0.903846 0.984582 0.967185 0.929984 0.801831 0.552340 0.473152 0.347978 0.266452 0.042625 -0.214891 -0.298985 -0.395478 -0.638110 -0.779797 -0.826395 -0.916653 
54.492474 12868359.000000 82 84 84 0.972755 0.944487 0.936110 0.982049 0.966022 0.935960 0.789948 0.527237 0.440537 0.354532 0.272649 0.100135 -0.153763 -0.309210 -0.396164 -0.557854 -0.737399 -0.798072 -0.894958 0.984524 0.966268 0.929919 0.808598 0.520293 0.455879 0.361570 0.284820 0.072257 -0.192698 -0.307354 -0.387320 -0.607962 -0.743041 -0.802550 -0.892749 
53.652641 6267364.500000 84 84 84 0.943668 0.977048 0.942928 0.984800 0.966825 0.939204 0.831044 0.532185 0.446443 0.362824 0.259796 0.160717 -0.084779 -0.306058 -0.357710 -0.502498 -0.741106 -0.809410 -0.939458 0.983521 0.965874 0.936001 0.810380 0.526313 0.434610 0.359424 0.271295 0.151114 -0.150370 -0.330880 -0.387433 -0.557373 -0.747154 -0.804960 -0.903184 
53.268997 3234742.500000 84 86 86 0.947568 0.953911 0.904923 0.986253 0.971676 0.941540 0.855978 0.555485 0.471922 0.389689 0.296340 0.161134 -0.141710 -0.284836 -0.376144 -0.466723 -0.712203 -0.810789 -0.962415 0.985175 0.968713 0.943769 0.857046 0.547450 0.455975 0.371070 0.261965 0.174148 -0.125322 -0.274174 -0.348619 -0.496306 -0.714579 -0.806298 -0.951302 
52.292984 2195696.500000 88 88 90 0.954134 0.930838 0.932675 0.985712 0.965715 0.945597 0.874617 0.630420 0.523787 0.408630 0.284515 0.174908 -0.167205 -0.306460 -0.427050 -0.545876 -0.775533 -0.829262 -0.967657 0.987186 0.969217 0.945295 0.864612 0.584851 0.485104 0.402733 0.291790 0.190407 -0.146668 -0.333727 -0.397958 -0.523638 -0.771969 -0.825025 -0.941792 
51.021729 1731046.125000 90 92 92 0.949380 0.928219 0.950482 0.986054 0.960305 0.938754 0.848024 0.662887 0.607874 0.455479 0.325612 0.174520 -0.171315 -0.351580 -0.409207 -0.589094 -0.761213 -0.867040 -0.976598 0.984114 0.962842 0.942796 0.862550 0.647062 0.556595 0.454283 0.290087 0.135194 -0.153382 -0.362488 -0.446033 -0.683986 -0.789077 -0.869304 -0.982100 
49.626640 468384.812500 92 92 94 0.951762 0.906899 0.910254 0.987116 0.959993 0.939819 0.886063 0.750149 0.711146 0.491965 0.345121 0.153244 -0.125385 -0.294281 -0.391906 -0.620078 -0.821524 -0.892879 -0.972523 0.987239 0.960653 0.936830 0.866327 0.714687 0.667882 0.501287 0.325305 0.170562 -0.146243 -0.355023 -0.398735 -0.582045 -0.767989 -0.876766 -0.975212 
48.983772 297338.343750 94 94 94 0.866450 0.938081 0.896994 0.989272 0.968168 0.941452 0.882206 0.801494 0.723457 0.484893 0.363472 0.128453 -0.196011 -0.300880 -0.329529 -0.636578 -0.828414 -0.893870 -0.971848 0.989334 0.962800 0.940244 0.893651 0.760147 0.716532 0.477084 0.413419 0.179024 -0.181548 -0.301076 -0.338821 -0.651028 -0.829794 -0.904413 -0.971792 
47.864349 173441.656250 94 96 94 0.908370 0.930429 0.930734 0.988219 0.967257 0.943189 0.893238 0.842427 0.664495 0.448138 0.372468 0.032636 -0.158425 -0.290342 -0.386412 -0.671003 -0.798335 -0.898901 -0.974686 0.988807 0.967565 0.940740 0.889623 0.818386 0.712287 0.469767 0.363356 0.122178 -0.180494 -0.306993 -0.345321 -0.654688 -0.808674 -0.885890 -0.972679 
46.208870 110498.421875 96 96 96 0.919699 0.936029 0.943140 0.986014 0.967629 0.946168 0.888681 0.853713 0.695054 0.440796 0.348018 0.070937 -0.197254 -0.311996 -0.436072 -0.666968 -0.788432 -0.904598 -0.970376 0.987221 0.967017 0.941195 0.888848 0.846912 0.696260 0.454615 0.384291 0.069121 -0.196980 -0.310280 -0.429325 -0.687272 -0.786942 -0.898595 -0.975129 
43.789577 57610.207031 96 96 98 0.937560 0.931106 0.873026 0.987620 0.968777 0.945823 0.903406 0.853237 0.659563 0.390718 0.309840 0.065763 -0.229319 -0.343756 -0.471313 -0.690247 -0.837431 -0.934479 -0.973200 0.988392 0.967781 0.945983 0.896203 0.851204 0.698298 0.432812 0.300420 0.072614 -0.197964 -0.274159 -0.460194 -0.674004 -0.795778 -0.914128 -0.971982 
36.024960 17343.650391 98 104 94 0.897808 0.540352 0.639740 0.992938 0.969520 0.945900 0.877661 0.763616 0.595221 0.431527 0.243605 0.075913 -0.193398 -0.339735 -0.510604 -0.726053 -0.836210 -0.937422 -0.978645 0.988480 0.970785 0.944821 0.906084 0.795374 0.630853 0.410925 0.275734 0.099877 -0.198359 -0.330102 -0.508648 -0.720796 -0.823278 -0.930527 -0.985922 
31.572872 16335.691406 96 86 84 0.710366 0.649253 0.816183 0.994224 0.966945 0.937871 0.906638 0.801846 0.621853 0.367721 0.227537 -0.065708 -0.217381 -0.367643 -0.519901 -0.670265 -0.837403 -0.915548 -0.978520 0.991597 0.963449 0.941596 0.875234 0.736641 0.567683 0.391242 0.231616 0.002520 -0.226985 -0.391952 -0.538995 -0.669336 -0.809309 -0.933835 -0.980161 
30.977673 12544.830078 82 86 86 0.785588 0.787189 0.585265 0.995630 0.971733 0.926972 0.889564 0.711336 0.484564 0.366336 0.238730 -0.002713 -0.232301 -0.320938 -0.535595 -0.715721 -0.825443 -0.918901 -0.979626 0.995072 0.975788 0.935204 0.910888 0.778550 0.574761 0.379997 0.236112 -0.004404 -0.204816 -0.328006 -0.516166 -0.687150 -0.820511 -0.899648 -0.971345 
20.396616 6139.461426 78 82 92 0.671098 0.493628 0.346616 0.993007 0.971418 0.914086 0.805180 0.672854 0.500841 0.360878 0.192963 -0.052997 -0.252091 -0.357581 -0.547787 -0.698879 -0.844638 -0.903274 -0.974399 0.994388 0.974941 0.911062 0.848272 0.685762 0.512416 0.335931 0.238517 -0.107603 -0.232266 -0.362512 -0.512388 -0.738151 -0.846331 -0.922764 -0.979267 
16.011282 4389.504883 92 48 172 0.596284 0.654921 0.538361 0.983307 0.967176 0.924527 0.785542 0.660228 0.482376 0.310760 0.197372 -0.034735 -0.265947 -0.405772 -0.574228 -0.726642 -0.825554 -0.911300 -0.975516 0.979447 0.962034 0.923185 0.789951 0.628725 0.452296 0.308180 0.166825 -0.023793 -0.279766 -0.389262 -0.564053 -0.695027 -0.835089 -0.894716 -0.984355 
15.267958 4113.000488 94 58 36 0.371331 0.467367 0.488755 0.985690 0.959105 0.913012 0.811556 0.663741 0.491558 0.357247 0.161698 -0.027780 -0.255593 -0.393819 -0.595954 -0.690458 -0.857792 -0.926462 -0.974579 0.992163 0.967682 0.924123 0.820434 0.668814 0.484899 0.339238 0.168961 -0.053136 -0.271336 -0.412927 -0.600460 -0.727226 -0.833184 -0.909579 -0.982338 
14.329048 3524.572754 58 78 60 0.631047 0.400387 0.449865 0.991203 0.959872 0.904280 0.825233 0.633127 0.489634 0.321301 0.136984 -0.029740 -0.236270 -0.398271 -0.593946 -0.724535 -0.823401 -0.910668 -0.971918 0.981527 0.956175 0.924978 0.834888 0.621360 0.487107 0.296521 0.157668 -0.037873 -0.262248 -0.392426 -0.585868 -0.713893 -0.818664 -0.922401 -0.960321 
11.036578 783.282104 62 54 62 0.238567 0.699745 0.973225 0.985979 0.971705 0.921166 0.752986 0.613310 0.467518 0.320399 0.181693 -0.016502 -0.228088 -0.424869 -0.606561 -0.751907 -0.837681 -0.936287 -0.973774 0.987536 0.966826 0.899871 0.810643 0.663204 0.496503 0.305953 0.168748 -0.001277 -0.300279 -0.389911 -0.584723 -0.735919 -0.805062 -0.923425 -0.982500 
