56.056534 61323584.000000 20 44 52 0.000000 0.569986 0.888429 0.965030 0.932676 0.887273 0.816841 0.580366 0.524045 0.348267 0.231246 0.121332 -0.077144 -0.275323 -0.421047 -0.572562 -0.733450 -0.784342 -0.894309 0.960722 0.937183 0.879488 0.780369 0.585022 0.497280 0.308870 0.234265 0.082319 -0.011097 -0.289352 -0.495984 -0.636109 -0.754977 -0.794294 -0.961366 
65.176819 361862880.000000 52 52 52 0.755286 0.985280 0.927573 0.962680 0.924200 0.884832 0.795650 0.574281 0.516307 0.330260 0.230149 0.095714 -0.071626 -0.304097 -0.379531 -0.568451 -0.706973 -0.803544 -0.974173 0.963775 0.918725 0.885581 0.782400 0.576439 0.513538 0.333675 0.219128 0.101749 -0.081015 -0.288095 -0.400681 -0.569375 -0.717652 -0.782798 -0.933243 
66.409973 328500608.000000 52 50 48 0.929112 0.982840 0.966837 0.963590 0.930859 0.885538 0.811743 0.595443 0.521101 0.375711 0.228974 0.131193 -0.051080 -0.279145 -0.376521 -0.551249 -0.686157 -0.895031 -0.981537 0.962037 0.927423 0.884168 0.807075 0.574331 0.521335 0.345983 0.232307 0.107780 -0.076842 -0.286258 -0.394493 -0.547882 -0.689460 -0.855410 -0.979803 
65.092674 217638320.000000 48 48 46 0.951381 0.983628 0.951413 0.967454 0.934510 0.884689 0.811173 0.609606 0.531656 0.372662 0.264664 0.122994 -0.009615 -0.256323 -0.373188 -0.527007 -0.715910 -0.877380 -0.971597 0.966784 0.933307 0.883491 0.813189 0.615704 0.519759 0.383065 0.243550 0.130142 -0.004457 -0.278857 -0.378113 -0.493477 -0.710412 -0.883208 -0.975065 
63.838066 113961992.000000 46 46 46 0.952277 0.984309 0.925643 0.970055 0.951777 0.893672 0.819206 0.591226 0.540568 0.387169 0.252641 0.146748 -0.035497 -0.231130 -0.410526 -0.582303 -0.671855 -0.867203 -0.972953 0.969612 0.945542 0.887892 0.811047 0.609766 0.538371 0.370568 0.256308 0.131594 -0.048062 -0.203531 -0.394718 -0.585802 -0.693701 -0.891094 -0.968159 
61.261982 29969942.000000 46 44 46 0.923825 0.970160 0.797455 0.978269 0.959337 0.918557 0.814803 0.639813 0.554243 0.445199 0.221504 0.129397 0.033925 -0.366472 -0.532394 -0.577487 -0.643968 -0.810659 -0.963189 0.972078 0.954496 0.903633 0.827417 0.593823 0.542250 0.426613 0.216088 0.139938 -0.001416 -0.275340 -0.485499 -0.566909 -0.651182 -0.845873 -0.965026 
55.460835 3377880.250000 44 44 44 0.872321 0.879533 0.870004 0.989122 0.978631 0.913930 0.864090 0.681634 0.574215 0.490204 0.287880 0.179254 -0.036586 -0.219478 -0.448376 -0.562441 -0.646089 -0.845788 -0.958489 0.987472 0.974825 0.916834 0.839232 0.640349 0.559507 0.449241 0.284747 0.145511 -0.055074 -0.296024 -0.534994 -0.580414 -0.657399 -0.826802 -0.959041 
55.041214 1476992.875000 46 44 44 0.810328 0.839008 0.721804 0.988233 0.980757 0.936605 0.829698 0.665688 0.599762 0.494615 0.285788 0.159619 -0.003906 -0.272806 -0.357787 -0.588652 -0.711692 -0.842521 -0.960704 0.988880 0.978916 0.935117 0.846343 0.669191 0.590477 0.482896 0.330097 0.200808 -0.021747 -0.238598 -0.395336 -0.573168 -0.664511 -0.852511 -0.960910 
47.260746 814976.500000 44 46 44 0.804751 0.715441 0.732841 0.985058 0.961156 0.887276 0.812430 0.665618 0.577076 0.485433 0.311992 0.176161 -0.058781 -0.238783 -0.377264 -0.560641 -0.634468 -0.857654 -0.965585 0.986457 0.971831 0.899160 0.829458 0.657609 0.576367 0.530502 0.341100 0.155696 -0.032126 -0.227565 -0.382706 -0.547190 -0.646197 -0.836872 -0.960171 
40.418823 296825.031250 46 46 48 0.736956 0.759818 0.461116 0.985204 0.950475 0.864002 0.778092 0.618609 0.567103 0.514090 0.328829 0.141334 -0.025660 -0.245097 -0.354603 -0.531714 -0.717112 -0.884194 -0.962743 0.989361 0.967377 0.866252 0.796063 0.621508 0.563580 0.472484 0.297164 0.164584 -0.003794 -0.211340 -0.358546 -0.538732 -0.649914 -0.861723 -0.964542 
55.077969 161442368.000000 126 48 44 0.502796 0.321235 0.469929 0.958983 0.929052 0.794805 0.561374 0.404835 0.282736 0.019611 -0.164452 -0.330331 -0.408866 -0.584434 -0.653658 -0.768313 -0.841505 -0.938061 -0.989547 0.973157 0.944471 0.825900 0.672483 0.533048 0.398593 0.233810 0.011981 -0.191265 -0.320714 -0.452715 -0.551105 -0.661988 -0.831795 -0.932935 -0.989376 
59.304138 121344304.000000 44 48 74 0.529381 0.740269 0.450085 0.960287 0.908286 0.766976 0.583657 0.382913 0.165643 -0.045357 -0.271665 -0.337847 -0.443593 -0.538336 -0.660815 -0.786000 -0.851463 -0.945648 -0.990143 0.970534 0.932444 0.836924 0.595208 0.409523 0.209971 0.035579 -0.231257 -0.345274 -0.404788 -0.586141 -0.659796 -0.769710 -0.852808 -0.933442 -0.988137 
53.198174 40665704.000000 70 54 50 0.554911 0.399617 0.420248 0.952262 0.912335 0.769548 0.591762 0.511456 0.224778 0.077544 -0.109207 -0.281864 -0.359859 -0.530840 -0.606287 -0.778763 -0.859989 -0.940850 -0.977601 0.960508 0.883123 0.778353 0.576490 0.425568 0.197930 0.007310 -0.225417 -0.305362 -0.401893 -0.533419 -0.646653 -0.777186 -0.849857 -0.938003 -0.986611 
45.721329 12332590.000000 42 46 56 0.304762 0.503700 0.883012 0.988405 0.969892 0.925863 0.721471 0.563368 0.469023 0.158199 0.098830 -0.184962 -0.310596 -0.418655 -0.587037 -0.690390 -0.790455 -0.938465 -0.982886 0.948746 0.903356 0.816876 0.565622 0.517180 0.259257 0.106639 0.012119 -0.241429 -0.341141 -0.476863 -0.591290 -0.746051 -0.838416 -0.929238 -0.974997 
54.990738 7847889.500000 56 56 58 0.735332 0.951956 0.792816 0.986458 0.973473 0.938331 0.883891 0.733407 0.603142 0.363389 0.155610 -0.143528 -0.343577 -0.431581 -0.556649 -0.703111 -0.862427 -0.948398 -0.985866 0.986777 0.971468 0.931071 0.879394 0.660845 0.574194 0.294690 0.115516 -0.107748 -0.325147 -0.429122 -0.557814 -0.653590 -0.823259 -0.949706 -0.985868 
50.931442 3283469.250000 56 68 72 0.950389 0.796286 0.917863 0.991294 0.981907 0.941556 0.842301 0.680441 0.523651 0.319687 0.082359 -0.136709 -0.314646 -0.399711 -0.575508 -0.684330 -0.827289 -0.930317 -0.978787 0.988874 0.975432 0.942487 0.852090 0.713497 0.544640 0.357469 0.132169 -0.160255 -0.345109 -0.408260 -0.553083 -0.714043 -0.837311 -0.951695 -0.985287 
51.516357 2953691.750000 72 76 76 0.902403 0.939826 0.972267 0.990430 0.981542 0.945028 0.838410 0.705743 0.548235 0.420970 0.098208 -0.141764 -0.246557 -0.406832 -0.552866 -0.662957 -0.844761 -0.919685 -0.980247 0.991238 0.982217 0.946565 0.841218 0.722310 0.511708 0.333382 0.086292 -0.142737 -0.261155 -0.406778 -0.536587 -0.698223 -0.830138 -0.929568 -0.968094 
51.552345 1666175.000000 76 78 78 0.972381 0.947623 0.973386 0.990548 0.982862 0.943049 0.838649 0.767548 0.533115 0.414855 0.173437 -0.130958 -0.237087 -0.366085 -0.490952 -0.654746 -0.805242 -0.918628 -0.992188 0.990456 0.982294 0.939831 0.836971 0.734817 0.543993 0.440723 0.110629 -0.126460 -0.236507 -0.384703 -0.531422 -0.678955 -0.812636 -0.909036 -0.986775 
50.730495 1346114.125000 78 80 76 0.974390 0.919554 0.573113 0.991269 0.981116 0.934497 0.861404 0.773907 0.589956 0.349814 0.190555 -0.066524 -0.185779 -0.379538 -0.504399 -0.598042 -0.722931 -0.897218 -0.986556 0.991637 0.983844 0.939309 0.845647 0.762059 0.591220 0.423944 0.204212 -0.120751 -0.195629 -0.340304 -0.539619 -0.611474 -0.741674 -0.930187 -0.987204 
54.698757 3963728.000000 86 90 90 0.636491 0.745829 0.919620 0.980030 0.961259 0.925733 0.866774 0.822163 0.595875 0.278511 0.200529 0.017754 -0.120089 -0.203186 -0.553740 -0.619782 -0.698132 -0.818816 -0.954457 0.983704 0.969825 0.928876 0.869272 0.817485 0.626486 0.276643 0.202279 -0.008852 -0.135931 -0.253121 -0.497163 -0.606798 -0.696461 -0.833798 -0.980241 
55.896400 2908367.750000 92 92 94 0.948193 0.965334 0.964618 0.978178 0.960624 0.930492 0.875613 0.840512 0.651226 0.283090 0.193930 0.046303 -0.112268 -0.172663 -0.511410 -0.608476 -0.659492 -0.855686 -0.957957 0.979084 0.959696 0.928081 0.870528 0.828706 0.610063 0.272722 0.195602 0.035197 -0.130231 -0.198450 -0.559784 -0.613879 -0.716238 -0.828500 -0.920305 
56.143570 1745186.125000 94 94 92 0.964684 0.976851 0.914653 0.977273 0.962864 0.930793 0.880033 0.851629 0.687839 0.290394 0.180709 0.041729 -0.118006 -0.193311 -0.480967 -0.587601 -0.686417 -0.876415 -0.970783 0.977652 0.962002 0.930520 0.879164 0.850841 0.704576 0.267589 0.186748 0.046192 -0.107037 -0.175846 -0.507683 -0.599157 -0.661895 -0.863088 -0.964663 
55.682186 605520.000000 94 94 96 0.934304 0.950253 0.975071 0.979543 0.966289 0.941990 0.889548 0.866833 0.760906 0.371947 0.184853 0.100278 -0.121268 -0.220264 -0.495720 -0.582790 -0.747974 -0.908470 -0.972912 0.979296 0.964932 0.937624 0.886896 0.858501 0.725832 0.335822 0.182725 0.073180 -0.137480 -0.220845 -0.470109 -0.583677 -0.697098 -0.890235 -0.971089 
54.163544 326229.031250 96 96 98 0.986102 0.974359 0.949940 0.982731 0.970241 0.945032 0.899671 0.874217 0.758042 0.407934 0.199792 0.059332 -0.118301 -0.243675 -0.507335 -0.659032 -0.809778 -0.914989 -0.975163 0.981132 0.967838 0.942907 0.896153 0.870022 0.763864 0.365563 0.185975 0.057682 -0.118535 -0.211280 -0.485097 -0.611298 -0.781707 -0.904497 -0.974824 
52.432743 173657.109375 98 98 98 0.930692 0.908471 0.914615 0.984637 0.972639 0.949868 0.895018 0.853887 0.801853 0.429247 0.209712 0.056516 -0.112927 -0.182296 -0.462507 -0.620733 -0.797982 -0.903319 -0.972894 0.983858 0.971522 0.949271 0.894334 0.864559 0.816002 0.490648 0.215411 0.040555 -0.126750 -0.208020 -0.496246 -0.639908 -0.796499 -0.908037 -0.975330 
51.126915 215639.875000 98 100 102 0.937748 0.922565 0.631083 0.986118 0.973057 0.956387 0.889488 0.769770 0.657292 0.416129 0.357037 0.192474 0.114162 -0.209031 -0.453490 -0.647968 -0.801794 -0.910728 -0.972881 0.985345 0.973342 0.951542 0.905358 0.833696 0.763248 0.377945 0.251672 0.161848 -0.055956 -0.227504 -0.475655 -0.641855 -0.804875 -0.907591 -0.975640 
47.583767 64484.042969 104 100 100 0.743781 0.908073 0.894030 0.989990 0.981498 0.960299 0.924484 0.767957 0.611789 0.520252 0.261866 0.197655 -0.014846 -0.343299 -0.503321 -0.662307 -0.806226 -0.907349 -0.971582 0.989800 0.979034 0.959616 0.906007 0.719378 0.658977 0.468211 0.299971 0.190586 0.021662 -0.287438 -0.463561 -0.654941 -0.820854 -0.918086 -0.971385 
47.449448 278041.875000 102 106 100 0.867578 0.962015 0.771859 0.989250 0.981238 0.953849 0.881346 0.625060 0.444383 0.361030 0.191385 0.147402 0.024661 -0.130788 -0.303280 -0.533750 -0.744877 -0.894843 -0.974865 0.990366 0.982759 0.961481 0.923220 0.776832 0.625938 0.414974 0.272123 0.133172 -0.131585 -0.322151 -0.501354 -0.677813 -0.811065 -0.912837 -0.980012 
50.611874 1400456.500000 102 104 100 0.779151 0.950997 0.857417 0.984883 0.973830 0.952687 0.886373 0.449467 0.384116 0.314545 0.212642 0.098587 -0.058180 -0.271089 -0.309811 -0.563352 -0.702531 -0.820411 -0.938021 0.984909 0.974048 0.959374 0.873135 0.489409 0.439426 0.360287 0.227134 0.159117 -0.036730 -0.164830 -0.291017 -0.438647 -0.636699 -0.884509 -0.966631 
50.554317 628587.687500 100 76 108 0.736059 0.899360 0.770673 0.986575 0.975364 0.961921 0.934338 0.486656 0.353753 0.308352 0.172324 0.116512 -0.124280 -0.319597 -0.353774 -0.592604 -0.709316 -0.848849 -0.966736 0.985158 0.973539 0.958568 0.891859 0.429044 0.375178 0.323067 0.196333 0.113248 -0.072141 -0.287908 -0.319100 -0.598242 -0.715899 -0.829038 -0.953125 
48.037228 305936.625000 178 180 78 0.810510 0.729430 0.922535 0.989050 0.977442 0.963074 0.932005 0.494451 0.324228 0.259976 0.159463 0.051886 -0.104345 -0.280185 -0.358515 -0.451857 -0.707577 -0.879650 -0.960070 0.989258 0.978721 0.962902 0.939617 0.450491 0.318577 0.252781 0.145702 0.043353 -0.098798 -0.263151 -0.341406 -0.414684 -0.722818 -0.860501 -0.965185 
47.917168 390430.437500 78 178 178 0.941240 0.684780 0.698242 0.987540 0.977252 0.961751 0.923572 0.494235 0.331077 0.255462 0.181141 0.064172 -0.085148 -0.299253 -0.388310 -0.469583 -0.697630 -0.875536 -0.965212 0.987774 0.977996 0.962261 0.931771 0.481423 0.294119 0.246203 0.150098 0.032790 -0.112897 -0.293500 -0.365272 -0.468486 -0.697626 -0.881332 -0.960991 
42.948666 122518.398438 170 172 172 0.867427 0.850471 0.844242 0.987574 0.977009 0.962632 0.915041 0.465585 0.317175 0.216109 0.162743 0.081576 -0.068738 -0.308701 -0.396499 -0.482599 -0.741542 -0.896798 -0.974754 0.989277 0.977399 0.963753 0.918547 0.424045 0.314607 0.218248 0.157672 0.059005 -0.065789 -0.292648 -0.387823 -0.465782 -0.701608 -0.870746 -0.972228 
38.207249 60609.234375 174 104 68 0.767735 0.763382 0.664121 0.992296 0.982569 0.959430 0.873738 0.463160 0.329890 0.188468 0.140247 0.043990 -0.032789 -0.343565 -0.420939 -0.631214 -0.736149 -0.914030 -0.977375 0.990110 0.979004 0.962786 0.922366 0.532479 0.331682 0.218706 0.144421 0.015440 -0.050712 -0.370502 -0.425829 -0.540077 -0.711975 -0.891967 -0.979315 
35.483776 36595.566406 72 88 96 0.548145 0.694357 0.710655 0.994212 0.980921 0.950360 0.817799 0.466449 0.335873 0.180300 0.121721 0.059409 -0.010562 -0.231285 -0.466862 -0.612304 -0.795216 -0.908192 -0.972012 0.994993 0.984964 0.959016 0.837389 0.409804 0.267111 0.162519 0.117531 0.058770 0.003408 -0.208516 -0.402726 -0.541154 -0.759569 -0.890540 -0.967969 
23.093727 9982.561523 96 108 110 0.702419 0.675849 0.407646 0.991662 0.973589 0.931419 0.764104 0.639683 0.347120 0.227815 0.128161 0.054842 -0.092220 -0.369963 -0.554858 -0.712145 -0.792689 -0.910247 -0.965073 0.994243 0.979861 0.943527 0.826197 0.531298 0.363061 0.216874 0.111643 0.029299 -0.033898 -0.313973 -0.552041 -0.695292 -0.804384 -0.906058 -0.964028 
17.442219 6473.271484 62 86 52 0.475759 0.455438 0.497002 0.986809 0.959546 0.918597 0.830087 0.648322 0.475548 0.222761 0.132745 0.058806 -0.108638 -0.403131 -0.541016 -0.709318 -0.824768 -0.898844 -0.978025 0.991235 0.967401 0.914561 0.807417 0.639681 0.344192 0.232281 0.133554 0.049449 -0.164136 -0.413476 -0.571537 -0.705847 -0.819164 -0.916724 -0.969731 
14.961285 4228.627441 54 148 46 0.440073 0.460096 0.599183 0.980638 0.961373 0.909549 0.833231 0.627350 0.477972 0.268802 0.119164 0.000883 -0.179662 -0.384858 -0.559633 -0.710578 -0.840782 -0.943198 -0.981345 0.983081 0.961631 0.909683 0.824332 0.638488 0.451262 0.251305 0.121782 0.073839 -0.171282 -0.373300 -0.532877 -0.727854 -0.821690 -0.930601 -0.981899 
14.053353 3914.167725 44 70 66 0.570967 0.490611 0.408802 0.990117 0.956372 0.911887 0.817819 0.683030 0.492400 0.323661 0.164412 -0.019288 -0.266058 -0.407747 -0.574547 -0.731825 -0.822577 -0.918971 -0.964763 0.983699 0.961574 0.916307 0.798343 0.647277 0.510930 0.286019 0.149704 -0.018648 -0.298443 -0.428053 -0.610493 -0.717389 -0.837191 -0.933121 -0.982268 
15.055261 3687.486084 68 42 82 0.360028 0.535235 0.466735 0.986467 0.959040 0.923266 0.846984 0.693282 0.459078 0.312430 0.143241 -0.020543 -0.273426 -0.442661 -0.588331 -0.752343 -0.831996 -0.902208 -0.985229 0.982521 0.959417 0.926243 0.839226 0.698776 0.495144 0.327661 0.149733 -0.063094 -0.241778 -0.437914 -0.577297 -0.716701 -0.855019 -0.917493 -0.978375 
14.621496 3360.929199 106 106 106 0.494393 0.328345 0.595619 0.981772 0.963231 0.922940 0.849441 0.644443 0.464027 0.349106 0.157056 -0.071323 -0.266748 -0.435287 -0.585770 -0.724556 -0.817084 -0.930637 -0.978136 0.989728 0.959466 0.908449 0.831970 0.685974 0.507049 0.272881 0.108935 -0.020621 -0.255214 -0.438200 -0.598015 -0.747525 -0.847460 -0.917666 -0.976351 
15.399508 3194.554932 106 230 82 0.465697 0.403046 0.527542 0.990794 0.966988 0.924698 0.824884 0.644027 0.550580 0.311886 0.162908 0.011251 -0.232107 -0.407922 -0.622256 -0.736910 -0.829063 -0.921868 -0.984118 0.986733 0.962344 0.924971 0.847189 0.640411 0.509772 0.312370 0.142253 -0.068856 -0.249063 -0.419881 -0.594033 -0.716824 -0.842564 -0.929962 -0.968481 
13.485130 2853.458740 100 80 96 0.546474 0.449743 0.405873 0.985520 0.959387 0.930841 0.828226 0.655834 0.534778 0.320491 0.085150 -0.094307 -0.269474 -0.440831 -0.572765 -0.752283 -0.847638 -0.920663 -0.977259 0.989677 0.961514 0.917681 0.804058 0.666653 0.503262 0.365103 0.111416 -0.047933 -0.287258 -0.407628 -0.605779 -0.718643 -0.850814 -0.922567 -0.985514 
16.423132 2564.344482 94 100 98 0.443480 0.507881 0.504129 0.989845 0.970600 0.939231 0.811618 0.673849 0.518781 0.345532 0.123505 -0.021398 -0.262565 -0.465664 -0.566393 -0.759567 -0.851241 -0.912455 -0.970450 0.989554 0.969954 0.932433 0.832490 0.658751 0.527238 0.320263 0.102468 -0.052914 -0.243713 -0.383614 -0.598463 -0.717243 -0.849501 -0.915634 -0.974929 
13.568650 2885.335693 100 84 84 0.499869 0.592572 0.322248 0.986291 0.965582 0.926520 0.808202 0.680820 0.479138 0.316394 0.139265 -0.091888 -0.285110 -0.418514 -0.573041 -0.745457 -0.826840 -0.929202 -0.973772 0.987454 0.959936 0.913181 0.819628 0.712884 0.467857 0.299953 0.124490 -0.025209 -0.296281 -0.438928 -0.578092 -0.757483 -0.844782 -0.917935 -0.980352 
12.969097 2411.809814 62 78 150 0.376263 0.452376 0.347967 0.985515 0.961444 0.928724 0.832749 0.679364 0.481623 0.302091 0.130054 -0.064641 -0.277121 -0.400976 -0.590441 -0.745435 -0.823241 -0.931379 -0.974491 0.989525 0.966828 0.911378 0.792485 0.678952 0.445839 0.347043 0.163824 -0.076569 -0.252912 -0.396402 -0.607866 -0.753005 -0.818909 -0.927827 -0.977084 
11.853373 2299.853760 150 50 86 0.522505 0.379094 0.422164 0.983855 0.966252 0.917658 0.816597 0.636062 0.512954 0.290731 0.144838 -0.093492 -0.251766 -0.443315 -0.594457 -0.754836 -0.839462 -0.918024 -0.975622 0.983311 0.962616 0.906920 0.834646 0.639902 0.493840 0.294629 0.145555 -0.086167 -0.251164 -0.456437 -0.570487 -0.722834 -0.828985 -0.913413 -0.981944 
12.557573 2357.570801 84 20 110 0.390190 0.360354 0.435126 0.984821 0.956044 0.916955 0.818587 0.651450 0.502191 0.311387 0.163283 -0.083413 -0.241626 -0.431213 -0.607195 -0.728635 -0.849626 -0.925790 -0.978815 0.988534 0.954189 0.939458 0.817327 0.620121 0.518014 0.248811 0.141507 -0.112040 -0.275745 -0.428005 -0.577107 -0.696008 -0.835474 -0.915570 -0.972808 
12.498388 2038.311646 112 82 100 0.418057 0.512535 0.446266 0.990573 0.967123 0.926407 0.839668 0.677520 0.534998 0.317824 0.168846 -0.033884 -0.284602 -0.436432 -0.571854 -0.722222 -0.817982 -0.924131 -0.969029 0.986074 0.956090 0.901380 0.801125 0.661267 0.480833 0.310186 0.148228 -0.010888 -0.283779 -0.435804 -0.579645 -0.720322 -0.846877 -0.933887 -0.966491 
13.535209 1709.445557 100 98 150 0.410219 0.410940 0.404042 0.988795 0.965273 0.921585 0.839897 0.678051 0.514451 0.314999 0.152614 -0.014627 -0.240415 -0.444905 -0.580105 -0.715469 -0.846053 -0.895878 -0.986653 0.990015 0.969383 0.922795 0.843238 0.667128 0.509064 0.292694 0.180041 -0.040308 -0.285497 -0.401312 -0.614075 -0.747275 -0.830485 -0.916592 -0.977653 
11.052862 1672.533813 230 86 112 0.316812 0.532652 0.302237 0.988246 0.963364 0.912009 0.821099 0.671455 0.505395 0.291038 0.198802 -0.035228 -0.298530 -0.466802 -0.595617 -0.739741 -0.819545 -0.934005 -0.984022 0.988668 0.957642 0.908405 0.832641 0.661393 0.502249 0.277498 0.166883 -0.025147 -0.246972 -0.424189 -0.553135 -0.740771 -0.829210 -0.917551 -0.985962 
13.223402 1836.085693 112 102 100 0.294675 0.385745 0.613493 0.986770 0.964426 0.929004 0.845866 0.657598 0.470003 0.323516 0.118859 -0.064545 -0.222392 -0.430371 -0.610739 -0.713297 -0.832278 -0.930679 -0.978954 0.985815 0.965730 0.920142 0.850448 0.632463 0.527957 0.322029 0.202535 -0.075654 -0.208211 -0.429870 -0.574166 -0.736576 -0.823456 -0.927680 -0.980574 
44.132977 88482.796875 102 106 46 0.431948 0.364068 0.488996 0.989425 0.982093 0.954181 0.885098 0.836012 0.752497 0.325713 0.209148 0.127072 -0.306636 -0.377399 -0.504928 -0.678298 -0.714155 -0.895628 -0.973111 0.990672 0.965405 0.909368 0.825391 0.648816 0.485070 0.309963 0.140345 -0.043460 -0.246758 -0.435103 -0.601522 -0.728136 -0.824969 -0.921932 -0.976272 
55.697083 9089259.000000 44 50 48 0.814662 0.780227 0.970739 0.985038 0.970458 0.951740 0.799819 0.690003 0.573691 0.290119 0.244651 0.007802 -0.304879 -0.373455 -0.512199 -0.642324 -0.686722 -0.728424 -0.965870 0.985511 0.974605 0.954521 0.859168 0.791113 0.629868 0.300553 0.249164 0.076583 -0.299951 -0.377060 -0.509107 -0.644891 -0.689562 -0.746453 -0.957958 
57.010612 20132092.000000 48 48 48 0.955154 0.979040 0.846956 0.988992 0.974927 0.944677 0.734084 0.573650 0.505870 0.287687 0.243653 0.063325 -0.241056 -0.309930 -0.487461 -0.604310 -0.642307 -0.704190 -0.977307 0.986460 0.970152 0.945341 0.752814 0.611101 0.508863 0.290267 0.239676 -0.037097 -0.295360 -0.370496 -0.536145 -0.627388 -0.677582 -0.731841 -0.980679 
48.392509 327143.312500 48 48 48 0.938697 0.680255 0.434357 0.986030 0.970507 0.941637 0.766173 0.618854 0.535277 0.288948 0.214301 -0.002065 -0.231467 -0.329014 -0.476737 -0.619340 -0.673587 -0.860074 -0.978160 0.989141 0.976422 0.950309 0.796774 0.549872 0.465440 0.268403 0.232733 0.073801 -0.184694 -0.304021 -0.456928 -0.606215 -0.640959 -0.795948 -0.985831 
30.541765 99860.312500 24 48 48 0.687670 0.283342 0.476842 0.986999 0.968322 0.898579 0.765750 0.618429 0.538279 0.297876 0.243614 0.175407 -0.241759 -0.353239 -0.442907 -0.619188 -0.666059 -0.814215 -0.966604 0.977719 0.963783 0.904291 0.742062 0.623777 0.517727 0.290528 0.220102 -0.034599 -0.239296 -0.318578 -0.477926 -0.619468 -0.695296 -0.839333 -0.973954 
42.292595 17094168.000000 48 46 50 0.494059 0.779050 0.448656 0.973290 0.936551 0.783372 0.600023 0.434569 0.289406 0.153029 -0.000288 -0.119513 -0.373223 -0.561401 -0.650502 -0.762445 -0.818224 -0.908828 -0.983173 0.989167 0.969922 0.885933 0.684911 0.585509 0.481516 0.272017 0.193293 0.017612 -0.183608 -0.374621 -0.484657 -0.627221 -0.718922 -0.851626 -0.936971 
52.087044 52295048.000000 50 50 46 0.467151 0.681570 0.706842 0.978211 0.956617 0.593321 0.521239 0.431492 0.298902 0.107035 -0.078665 -0.225920 -0.417156 -0.583830 -0.690197 -0.822298 -0.873559 -0.949003 -0.977848 0.970693 0.951102 0.609693 0.483861 0.401414 0.241903 0.041199 -0.091625 -0.223167 -0.392824 -0.590651 -0.696158 -0.779265 -0.861932 -0.947913 -0.979421 
44.369133 1828465.000000 46 52 48 0.789135 0.456844 0.710930 0.975369 0.950275 0.748918 0.631086 0.534967 0.374906 0.179419 -0.001495 -0.150718 -0.362150 -0.540450 -0.653783 -0.831454 -0.894113 -0.953695 -0.969511 0.968579 0.952105 0.689471 0.573478 0.498653 0.345560 0.142542 -0.039059 -0.199366 -0.378163 -0.571245 -0.638393 -0.805522 -0.848338 -0.924096 -0.975532 
28.881643 329974.000000 48 54 76 0.684645 0.590413 0.352235 0.977093 0.957341 0.822398 0.600141 0.493053 0.399110 0.217810 0.050975 -0.133653 -0.356512 -0.513348 -0.663424 -0.779567 -0.882525 -0.941851 -0.975012 0.973691 0.957132 0.768214 0.576146 0.505043 0.357693 0.185930 0.046386 -0.154251 -0.321260 -0.548930 -0.700980 -0.813607 -0.879262 -0.945743 -0.967658 
26.533035 294956.437500 92 98 48 0.556977 0.483242 0.672302 0.974029 0.958126 0.800657 0.591937 0.515425 0.409392 0.242488 0.016945 -0.109680 -0.343909 -0.506466 -0.620942 -0.795448 -0.876494 -0.951487 -0.965743 0.988866 0.956414 0.803728 0.587651 0.485726 0.381397 0.246253 0.030083 -0.133134 -0.388677 -0.532937 -0.642287 -0.772744 -0.894022 -0.947312 -0.964787 
29.356344 709874.437500 48 50 98 0.671476 0.516028 0.188499 0.965065 0.885985 0.831021 0.787483 0.614765 0.454047 0.325512 0.013415 -0.144436 -0.343127 -0.467525 -0.603634 -0.757156 -0.847834 -0.939053 -0.980047 0.985392 0.958415 0.799249 0.597544 0.524366 0.420290 0.240798 0.018231 -0.128161 -0.315027 -0.479141 -0.634196 -0.818145 -0.895291 -0.950469 -0.969159 
43.677711 6341542.500000 100 20 22 0.265333 0.443908 0.553716 0.954115 0.939035 0.823084 0.795214 0.668741 0.513138 0.245332 0.016622 -0.213520 -0.385938 -0.513834 -0.621283 -0.656977 -0.762987 -0.897322 -0.976943 0.937158 0.884130 0.823604 0.800845 0.648645 0.513329 0.300661 -0.033154 -0.205316 -0.385770 -0.487535 -0.591413 -0.693660 -0.796885 -0.908518 -0.979561 
38.197243 1484852.000000 86 76 20 0.674238 0.557981 0.599351 0.952615 0.916772 0.844126 0.805103 0.658043 0.474455 0.205230 0.075138 -0.212762 -0.371945 -0.567695 -0.643199 -0.690801 -0.752522 -0.891797 -0.980081 0.952968 0.929256 0.840328 0.804161 0.660202 0.484469 0.224780 0.013138 -0.188404 -0.382487 -0.568803 -0.631227 -0.697307 -0.798184 -0.924154 -0.978083 
41.238213 1100577.125000 64 44 44 0.423544 0.692612 0.807821 0.983444 0.963337 0.918966 0.871786 0.783934 0.543791 0.279445 0.052558 -0.198591 -0.286278 -0.363610 -0.617938 -0.752565 -0.775820 -0.839330 -0.949872 0.956801 0.914338 0.839583 0.815828 0.624507 0.480586 0.174345 0.062239 -0.247209 -0.319337 -0.490910 -0.627013 -0.720309 -0.764454 -0.839212 -0.961544 
59.638046 9897971.000000 46 48 50 0.722804 0.940350 0.928062 0.975984 0.957027 0.926619 0.894828 0.829317 0.644391 0.230236 0.150833 -0.015433 -0.201249 -0.285871 -0.479716 -0.577330 -0.706201 -0.796615 -0.943034 0.981533 0.962106 0.928066 0.897573 0.847123 0.655244 0.250774 0.142511 0.011413 -0.234368 -0.288765 -0.456437 -0.619269 -0.755754 -0.803340 -0.945664 
61.282745 13915639.000000 50 52 52 0.943501 0.992770 0.995916 0.974628 0.953543 0.931536 0.896195 0.798562 0.635502 0.208235 0.142041 -0.036667 -0.194520 -0.289920 -0.506819 -0.624819 -0.673514 -0.752907 -0.962210 0.975486 0.955517 0.931208 0.903794 0.804213 0.612834 0.213354 0.136334 -0.031538 -0.175960 -0.287959 -0.509687 -0.597269 -0.638892 -0.760110 -0.954524 
61.922882 16482700.000000 52 52 52 0.995214 0.997181 0.975935 0.973182 0.950343 0.929224 0.887476 0.801225 0.650938 0.221328 0.154029 0.003637 -0.160575 -0.284383 -0.513898 -0.620160 -0.680740 -0.761243 -0.954217 0.974306 0.952332 0.931289 0.894354 0.803249 0.650895 0.212268 0.149286 -0.011217 -0.186971 -0.278331 -0.514822 -0.629364 -0.678206 -0.734067 -0.947648 
63.153503 27666046.000000 52 52 50 0.986712 0.945293 0.966091 0.971087 0.947013 0.926616 0.870829 0.797976 0.656848 0.230229 0.173718 -0.023643 -0.156485 -0.261432 -0.524448 -0.618435 -0.702688 -0.766847 -0.921186 0.971746 0.948296 0.927807 0.878075 0.801407 0.665198 0.229022 0.166369 -0.019681 -0.148046 -0.268639 -0.517871 -0.615586 -0.694679 -0.758198 -0.932152 
62.922791 31146522.000000 50 50 50 0.965431 0.985212 0.996384 0.971495 0.949233 0.923789 0.870222 0.778123 0.631668 0.249609 0.160634 -0.003010 -0.176151 -0.249731 -0.484206 -0.610250 -0.704235 -0.736489 -0.918510 0.971553 0.948086 0.925493 0.871269 0.790951 0.642835 0.234392 0.166593 -0.008707 -0.163002 -0.241836 -0.491167 -0.614393 -0.693601 -0.742733 -0.926422 
61.972466 40115228.000000 50 50 50 0.995722 0.996175 0.981103 0.973531 0.956374 0.924311 0.862747 0.720448 0.620445 0.245061 0.148086 -0.009117 -0.248320 -0.321428 -0.468423 -0.640561 -0.723189 -0.762771 -0.876889 0.972093 0.951837 0.922441 0.866148 0.757194 0.619543 0.250062 0.150125 -0.004211 -0.197025 -0.278516 -0.485538 -0.622549 -0.710835 -0.750641 -0.897790 
61.010242 42817852.000000 50 50 48 0.984592 0.942532 0.965435 0.975584 0.960815 0.930944 0.829583 0.704108 0.646124 0.208919 0.126680 -0.062170 -0.306583 -0.376770 -0.510414 -0.635185 -0.739330 -0.772490 -0.844762 0.974304 0.958714 0.925867 0.840496 0.710921 0.633314 0.237507 0.144648 -0.041019 -0.292861 -0.348496 -0.481904 -0.640641 -0.736481 -0.764302 -0.856429 
57.420502 20385900.000000 48 50 50 0.978096 0.907687 0.942569 0.983796 0.969026 0.937927 0.783043 0.693575 0.606656 0.191892 0.070213 -0.101938 -0.385501 -0.513938 -0.591835 -0.682147 -0.797121 -0.878576 -0.979831 0.978367 0.963788 0.937324 0.809454 0.699783 0.633195 0.217238 0.107717 -0.028458 -0.298577 -0.410303 -0.559417 -0.630727 -0.726087 -0.774462 -0.914622 
49.379192 15117601.000000 50 50 50 0.949465 0.922920 0.793055 0.986448 0.971608 0.898934 0.794302 0.723940 0.338805 0.132782 -0.026635 -0.352147 -0.534607 -0.602538 -0.694440 -0.784509 -0.859070 -0.931449 -0.988112 0.986430 0.973541 0.934549 0.789874 0.713790 0.495526 0.129912 0.028661 -0.308607 -0.473686 -0.584207 -0.687327 -0.755648 -0.827302 -0.893656 -0.989079 
56.253403 27109504.000000 50 50 50 0.838127 0.919783 0.916412 0.969408 0.936407 0.908912 0.791853 0.635642 0.316068 0.058089 -0.258773 -0.443564 -0.604709 -0.705904 -0.745513 -0.785690 -0.854813 -0.943022 -0.993542 0.983735 0.944110 0.911191 0.805925 0.655594 0.294150 0.120503 -0.184420 -0.411645 -0.545023 -0.632013 -0.690162 -0.802566 -0.870936 -0.931808 -0.989307 
56.315132 23330864.000000 50 48 50 0.951768 0.839847 0.894104 0.965967 0.942908 0.889901 0.748555 0.586422 0.239529 -0.056751 -0.302414 -0.389296 -0.564021 -0.652193 -0.704560 -0.777826 -0.863550 -0.913978 -0.987600 0.966688 0.937405 0.903748 0.767786 0.629657 0.312283 -0.006698 -0.284896 -0.427333 -0.623138 -0.692635 -0.734192 -0.778099 -0.873471 -0.938799 -0.990206 
42.199150 1287085.500000 50 50 50 0.890702 0.826102 0.641295 0.970242 0.954314 0.877010 0.798261 0.709727 0.382162 0.092283 -0.095256 -0.355655 -0.508938 -0.646737 -0.712044 -0.770660 -0.877538 -0.925654 -0.984839 0.970383 0.942929 0.879948 0.740021 0.653128 0.287185 -0.015160 -0.225974 -0.379521 -0.486975 -0.587945 -0.687375 -0.761905 -0.876058 -0.926413 -0.988771 
35.974125 2786052.000000 100 102 102 0.631760 0.797499 0.649101 0.942847 0.928671 0.840390 0.647016 0.463831 0.350399 0.185385 0.028635 -0.075417 -0.224256 -0.450808 -0.669446 -0.740944 -0.803622 -0.904039 -0.986118 0.962758 0.940308 0.902167 0.807750 0.700952 0.430374 0.158057 -0.067547 -0.363831 -0.492083 -0.601712 -0.726383 -0.769548 -0.876391 -0.931792 -0.979042 
45.383610 17428358.000000 52 50 50 0.674119 0.515185 0.421580 0.956285 0.922253 0.698935 0.626656 0.438777 0.218338 0.059678 -0.017897 -0.107383 -0.339189 -0.456551 -0.645448 -0.717323 -0.858832 -0.915055 -0.978944 0.942408 0.921888 0.763820 0.613435 0.462205 0.291283 0.161787 0.041616 -0.070164 -0.248870 -0.422950 -0.619455 -0.720190 -0.815197 -0.909675 -0.979649 
41.076332 842351.437500 50 48 50 0.463814 0.348895 0.672846 0.964375 0.936227 0.876437 0.747500 0.621642 0.302155 0.143137 0.040473 -0.106341 -0.283139 -0.488661 -0.648835 -0.729714 -0.822705 -0.927949 -0.987999 0.960968 0.939823 0.757337 0.660664 0.549846 0.237218 0.100044 0.006923 -0.106222 -0.287179 -0.449376 -0.627939 -0.686454 -0.843649 -0.908129 -0.990178 
27.430437 291681.875000 52 50 50 0.707370 0.648249 0.377139 0.966445 0.932869 0.847738 0.746439 0.596492 0.382503 0.187069 0.033138 -0.073124 -0.298809 -0.503853 -0.682991 -0.730174 -0.818375 -0.934063 -0.988442 0.969719 0.930894 0.846621 0.746303 0.582776 0.321294 0.096073 0.016973 -0.095353 -0.264863 -0.520573 -0.657815 -0.739146 -0.816681 -0.926600 -0.985337 
25.453165 163492.296875 100 82 100 0.693217 0.625885 0.403263 0.952370 0.929300 0.856766 0.732224 0.623632 0.317447 0.180136 0.014001 -0.039670 -0.255744 -0.465412 -0.658929 -0.723066 -0.818636 -0.897894 -0.989768 0.952928 0.916501 0.832217 0.766060 0.622886 0.343046 0.188647 0.053605 -0.050398 -0.235977 -0.461585 -0.683742 -0.741507 -0.842656 -0.913518 -0.988813 
21.940195 47751.609375 80 200 50 0.465671 0.536043 0.742838 0.983549 0.949819 0.908388 0.767536 0.661040 0.378328 0.175707 0.062560 -0.031029 -0.236928 -0.492544 -0.675077 -0.716128 -0.797965 -0.892851 -0.973118 0.979044 0.941874 0.883583 0.749982 0.675325 0.286144 0.194921 0.046648 -0.037369 -0.178958 -0.456369 -0.668023 -0.710574 -0.795996 -0.881994 -0.977319 
29.540319 221834.843750 50 52 150 0.824576 0.487801 0.335834 0.950257 0.878572 0.830306 0.788849 0.700981 0.572819 0.190284 0.008149 -0.141194 -0.327278 -0.397019 -0.472188 -0.569200 -0.710897 -0.877262 -0.969402 0.985505 0.958970 0.909439 0.759540 0.648996 0.466323 0.197003 0.066731 -0.050987 -0.192699 -0.447331 -0.665201 -0.723436 -0.780727 -0.875448 -0.981056 
43.823093 1405756.250000 106 26 50 0.351776 0.465360 0.541998 0.971044 0.963093 0.879435 0.832239 0.759965 0.641373 0.475209 0.062206 -0.159189 -0.348056 -0.412912 -0.560816 -0.636732 -0.730806 -0.773967 -0.963672 0.971413 0.954335 0.850982 0.821996 0.735714 0.624163 0.258270 0.007780 -0.159170 -0.348428 -0.411237 -0.506844 -0.629349 -0.733104 -0.830388 -0.954522 
39.348824 3075129.500000 24 48 28 0.655459 0.469792 0.299633 0.967236 0.917140 0.796708 0.757982 0.636588 0.504297 0.317938 0.096160 -0.123764 -0.347985 -0.435025 -0.567597 -0.689163 -0.774915 -0.877873 -0.973755 0.967024 0.954423 0.821948 0.788446 0.692675 0.570691 0.417578 0.074599 -0.160871 -0.327600 -0.427484 -0.565897 -0.648394 -0.739121 -0.889653 -0.970804 
38.550030 2487210.000000 60 110 130 0.496520 0.479472 0.485623 0.955347 0.918229 0.799160 0.766424 0.643163 0.522456 0.246582 0.054855 -0.132750 -0.368650 -0.458767 -0.611462 -0.707737 -0.821607 -0.880856 -0.966880 0.959784 0.909699 0.792630 0.746782 0.613086 0.516489 0.300491 0.093679 -0.088990 -0.351104 -0.449421 -0.632282 -0.723243 -0.794354 -0.888930 -0.978028 
50.249763 2912631.250000 66 60 52 0.503007 0.274493 0.619381 0.984778 0.968671 0.937730 0.875825 0.783996 0.635606 0.343260 0.202494 -0.058061 -0.337621 -0.412894 -0.559386 -0.632828 -0.697839 -0.806748 -0.961717 0.978983 0.918816 0.829134 0.780548 0.715313 0.531547 0.302365 0.054847 -0.178692 -0.361780 -0.417924 -0.626580 -0.681307 -0.817975 -0.881083 -0.959186 
57.956909 9623560.000000 52 60 64 0.829217 0.887669 0.868893 0.979587 0.968568 0.922069 0.857707 0.803140 0.570936 0.276312 0.208206 -0.072043 -0.348831 -0.396516 -0.521814 -0.590911 -0.655268 -0.700830 -0.853788 0.979717 0.967323 0.926855 0.866880 0.789716 0.566305 0.282785 0.208395 -0.059693 -0.341082 -0.389985 -0.512042 -0.605890 -0.669494 -0.713726 -0.849440 
50.284191 402727.156250 64 68 64 0.881429 0.842146 0.490141 0.984354 0.968258 0.910057 0.845486 0.813310 0.603511 0.344716 0.178395 -0.106813 -0.352068 -0.426363 -0.498159 -0.585600 -0.659993 -0.795477 -0.951533 0.980173 0.968987 0.927228 0.851425 0.820885 0.609379 0.273006 0.192217 -0.160611 -0.365366 -0.427434 -0.521915 -0.595183 -0.666471 -0.787097 -0.964266 
32.783909 72195.601562 76 68 66 0.634715 0.600139 0.533162 0.978624 0.960928 0.889198 0.835259 0.805831 0.594873 0.259846 0.213653 -0.109621 -0.353868 -0.430840 -0.541745 -0.630221 -0.686063 -0.858483 -0.961378 0.982670 0.967103 0.891078 0.824935 0.786541 0.560938 0.322485 0.210274 -0.066941 -0.332878 -0.437423 -0.517779 -0.615843 -0.672896 -0.857355 -0.954047 
30.975624 37014.437500 64 226 114 0.512666 0.410160 0.309679 0.981958 0.964680 0.908309 0.860381 0.790971 0.607544 0.272221 0.206220 -0.112583 -0.360228 -0.417811 -0.534804 -0.601788 -0.714380 -0.860434 -0.978227 0.982818 0.964274 0.894122 0.839466 0.811766 0.644540 0.263110 0.210886 -0.011724 -0.363734 -0.418792 -0.546341 -0.613370 -0.721412 -0.845281 -0.959464 
28.021528 65000.238281 36 62 34 0.407071 0.653731 0.297421 0.976677 0.959284 0.860914 0.818484 0.738863 0.643965 0.321759 0.033282 -0.121604 -0.256405 -0.374998 -0.451639 -0.612138 -0.749628 -0.913329 -0.983494 0.974620 0.957848 0.898115 0.835668 0.801995 0.650814 0.256643 0.204540 -0.192988 -0.388801 -0.424002 -0.551434 -0.614360 -0.741706 -0.904558 -0.966702 
46.678829 11748563.000000 46 54 44 0.341377 0.527479 0.549980 0.964751 0.916878 0.791392 0.720966 0.586071 0.314574 -0.080163 -0.193036 -0.393410 -0.502668 -0.615552 -0.691756 -0.771086 -0.842192 -0.906989 -0.985617 0.966528 0.922746 0.827295 0.766977 0.718878 0.595934 0.234298 -0.053063 -0.182407 -0.331079 -0.426317 -0.630837 -0.751466 -0.811528 -0.876017 -0.969217 
54.728157 10757710.000000 22 30 152 0.471956 0.570662 0.493207 0.973369 0.911138 0.795668 0.666712 0.528123 0.176802 -0.104352 -0.238539 -0.414842 -0.575947 -0.706828 -0.771643 -0.847844 -0.884603 -0.946779 -0.989316 0.967481 0.898304 0.790120 0.675651 0.528264 0.138047 -0.119015 -0.226965 -0.434591 -0.555801 -0.676699 -0.739119 -0.814958 -0.865517 -0.950319 -0.983465 
55.299500 6165824.500000 152 54 24 0.550175 0.649180 0.630914 0.975962 0.921760 0.790018 0.657006 0.535076 0.226751 -0.124588 -0.262981 -0.441041 -0.579724 -0.692416 -0.817975 -0.884205 -0.915791 -0.968070 -0.986226 0.978468 0.904211 0.798894 0.656693 0.562274 0.234793 -0.124237 -0.244632 -0.464511 -0.574078 -0.699227 -0.764646 -0.876521 -0.926287 -0.973631 -0.992232 
51.743202 3630889.250000 200 90 202 0.427400 0.478070 0.447460 0.981705 0.933956 0.791592 0.610919 0.550207 0.231033 -0.112479 -0.247274 -0.404869 -0.556794 -0.696003 -0.810234 -0.866981 -0.909287 -0.964777 -0.993044 0.976380 0.929909 0.809915 0.658842 0.519995 0.282329 -0.077727 -0.250924 -0.423238 -0.569901 -0.671303 -0.831058 -0.864587 -0.906226 -0.965611 -0.994214 
47.636391 2265952.000000 94 56 56 0.389626 0.589734 0.536759 0.972733 0.939054 0.710140 0.614062 0.593823 0.174502 -0.054151 -0.226376 -0.369478 -0.532100 -0.669512 -0.790721 -0.823625 -0.909684 -0.957943 -0.989259 0.977188 0.932038 0.746093 0.610653 0.591553 0.247789 -0.064371 -0.229758 -0.430202 -0.577449 -0.691485 -0.789972 -0.846913 -0.903413 -0.962473 -0.996372 
44.540283 1948798.000000 96 112 112 0.536526 0.566733 0.373977 0.971991 0.939890 0.768213 0.619371 0.561672 0.243928 0.002247 -0.208273 -0.347924 -0.545810 -0.601679 -0.761141 -0.850259 -0.930257 -0.970743 -0.992649 0.973192 0.932135 0.697820 0.619477 0.592020 0.230039 -0.011174 -0.255979 -0.380585 -0.532266 -0.601424 -0.767680 -0.847506 -0.925295 -0.962293 -0.993717 
41.900333 1205207.625000 148 88 94 0.392441 0.518772 0.459563 0.978497 0.948119 0.776257 0.609070 0.545616 0.255414 0.026334 -0.221445 -0.395835 -0.536143 -0.621390 -0.756096 -0.843808 -0.925048 -0.957200 -0.985847 0.973599 0.943661 0.768973 0.614160 0.583957 0.276300 -0.046433 -0.217310 -0.368714 -0.541344 -0.633911 -0.760760 -0.850658 -0.910843 -0.965492 -0.992780 
37.410690 457868.781250 94 198 198 0.481818 0.516830 0.538141 0.977051 0.948500 0.818163 0.637871 0.551060 0.352363 0.043099 -0.205499 -0.385459 -0.530478 -0.637303 -0.778129 -0.853256 -0.924402 -0.967052 -0.990276 0.984205 0.946956 0.834715 0.631498 0.529167 0.351281 -0.063445 -0.199367 -0.407440 -0.511167 -0.614155 -0.758906 -0.816530 -0.902158 -0.961943 -0.988417 
36.272663 158779.468750 76 84 74 0.273598 0.486293 0.663414 0.988198 0.971752 0.894471 0.712396 0.599826 0.420438 0.128154 -0.120322 -0.458882 -0.520609 -0.654224 -0.793988 -0.862870 -0.922544 -0.968826 -0.994876 0.983753 0.953552 0.855786 0.663952 0.603408 0.404504 0.124657 -0.144467 -0.403862 -0.536416 -0.646250 -0.780153 -0.862013 -0.929725 -0.978961 -0.996514 
30.864412 79005.093750 72 70 88 0.725292 0.485109 0.437410 0.977869 0.961477 0.899611 0.748375 0.596611 0.407054 0.178811 -0.092481 -0.402401 -0.625670 -0.685427 -0.759508 -0.845180 -0.901029 -0.950225 -0.993006 0.987253 0.973224 0.911241 0.753923 0.562345 0.415660 0.105002 -0.143942 -0.409846 -0.574607 -0.709582 -0.774230 -0.862508 -0.908560 -0.959075 -0.994004 
33.235535 174295.546875 146 84 100 0.526071 0.566492 0.472374 0.982560 0.953275 0.874630 0.706847 0.569720 0.366559 0.070611 -0.269702 -0.496390 -0.538756 -0.633671 -0.772641 -0.829541 -0.896328 -0.962568 -0.996096 0.985397 0.960038 0.906733 0.714531 0.604834 0.391857 0.129021 -0.093942 -0.376639 -0.621204 -0.700800 -0.764490 -0.829073 -0.898136 -0.976150 -0.997672 
34.540154 130843.460938 100 88 90 0.564704 0.316522 0.536958 0.982505 0.952705 0.897506 0.705354 0.588284 0.356377 0.133209 -0.121747 -0.423355 -0.531149 -0.680265 -0.788342 -0.865544 -0.922977 -0.941970 -0.986874 0.968757 0.937683 0.869070 0.709235 0.548392 0.293374 0.017059 -0.285685 -0.462303 -0.535309 -0.665462 -0.779046 -0.819566 -0.911146 -0.944473 -0.997421 
22.149086 27655.804688 90 54 54 0.628837 0.616450 0.550250 0.985832 0.971541 0.892667 0.807267 0.661346 0.455342 0.288951 0.058796 -0.197049 -0.446412 -0.619239 -0.773150 -0.853871 -0.923662 -0.952906 -0.986190 0.988258 0.963004 0.891222 0.734931 0.610573 0.462719 0.243944 -0.030684 -0.304998 -0.508705 -0.591496 -0.756774 -0.838679 -0.912669 -0.941998 -0.988634 
17.185604 18387.011719 52 204 204 0.521833 0.612528 0.586908 0.987390 0.962071 0.881817 0.766431 0.650417 0.472898 0.240499 0.043714 -0.156653 -0.357039 -0.532632 -0.746365 -0.840782 -0.901077 -0.939083 -0.986975 0.986754 0.957035 0.892561 0.752357 0.597082 0.456345 0.192815 0.041146 -0.169361 -0.374387 -0.541132 -0.731368 -0.843616 -0.898131 -0.947918 -0.990225 
15.844756 9561.795898 206 226 116 0.421468 0.417377 0.541852 0.982829 0.960375 0.908058 0.821736 0.648240 0.468764 0.300139 0.063523 -0.127594 -0.353719 -0.513589 -0.674940 -0.796303 -0.901202 -0.940932 -0.982386 0.987030 0.961655 0.920761 0.774186 0.666059 0.491809 0.306618 0.037672 -0.171066 -0.349774 -0.501024 -0.709833 -0.847238 -0.908126 -0.948629 -0.983912 
14.125976 6219.312012 36 82 96 0.501223 0.450995 0.466096 0.991577 0.958720 0.914361 0.837734 0.607059 0.484834 0.277087 0.131782 -0.107088 -0.314758 -0.501761 -0.617761 -0.787355 -0.875208 -0.938521 -0.983394 0.985799 0.961011 0.904515 0.822438 0.616406 0.501367 0.282934 0.058937 -0.148548 -0.346083 -0.486068 -0.662246 -0.777294 -0.879348 -0.942924 -0.992703 
39.233799 2831793.500000 98 80 90 0.500765 0.586956 0.471284 0.910064 0.846716 0.738794 0.665739 0.597088 0.526493 0.231453 0.045467 -0.134635 -0.260550 -0.452457 -0.589764 -0.638590 -0.724484 -0.791918 -0.886498 0.987186 0.959961 0.916817 0.821754 0.641170 0.520909 0.297937 0.082769 -0.120820 -0.300080 -0.482045 -0.640952 -0.797701 -0.887198 -0.944288 -0.978214 
43.534145 4391628.000000 46 110 36 0.262169 0.393658 0.437628 0.955110 0.938924 0.801595 0.695050 0.595437 0.516374 0.284667 0.086809 -0.157379 -0.378458 -0.505250 -0.601843 -0.685300 -0.740269 -0.834220 -0.923119 0.944066 0.917716 0.760642 0.668695 0.596506 0.524395 0.259862 0.046347 -0.155306 -0.305090 -0.479974 -0.588413 -0.636428 -0.715474 -0.802708 -0.903806 
47.088440 25264940.000000 112 100 102 0.645478 0.376443 0.419681 0.966571 0.915008 0.779228 0.706770 0.603750 0.470297 0.151010 -0.037728 -0.175584 -0.301659 -0.457825 -0.628762 -0.750614 -0.815404 -0.892938 -0.933221 0.948525 0.907657 0.747805 0.685195 0.575614 0.470583 0.250647 -0.002286 -0.157278 -0.298644 -0.483378 -0.570559 -0.725523 -0.768087 -0.860465 -0.908636 
45.129234 18090516.000000 106 100 100 0.496609 0.450404 0.493004 0.938426 0.861144 0.768513 0.716655 0.572936 0.393530 0.148712 -0.056555 -0.221383 -0.348596 -0.400996 -0.591171 -0.729497 -0.851874 -0.926580 -0.964638 0.960492 0.892947 0.778430 0.704590 0.584220 0.414077 0.147594 -0.043002 -0.178301 -0.303366 -0.396464 -0.606098 -0.756916 -0.861757 -0.891781 -0.970015 
43.907642 7930038.000000 62 100 86 0.568466 0.549081 0.574146 0.947374 0.862381 0.788060 0.738319 0.595773 0.458768 0.149882 -0.109636 -0.222178 -0.345240 -0.441148 -0.593436 -0.712680 -0.848670 -0.939023 -0.963982 0.936088 0.853147 0.766023 0.699919 0.584425 0.411219 0.118683 -0.086494 -0.290524 -0.353387 -0.447245 -0.628404 -0.722090 -0.855713 -0.930442 -0.964160 
37.366516 1841793.500000 86 88 42 0.515567 0.312592 0.516704 0.937442 0.877094 0.782362 0.756070 0.616669 0.490344 0.239189 -0.051343 -0.170653 -0.316093 -0.421327 -0.590034 -0.685636 -0.833524 -0.914864 -0.973173 0.948307 0.871667 0.795210 0.721784 0.616737 0.417086 0.246363 -0.036612 -0.229642 -0.351810 -0.425293 -0.541880 -0.704770 -0.813760 -0.927778 -0.965323 
41.491756 1126428.000000 44 36 50 0.530895 0.267725 0.870077 0.988635 0.969718 0.914331 0.813911 0.749849 0.662466 0.412963 0.041320 -0.103057 -0.272860 -0.336811 -0.505903 -0.664209 -0.778056 -0.914511 -0.963269 0.978356 0.918751 0.797918 0.767697 0.669776 0.467184 0.255473 -0.029176 -0.182363 -0.297624 -0.379418 -0.596069 -0.655491 -0.801843 -0.922692 -0.979074 
51.731117 3294856.250000 50 52 52 0.797968 0.974005 0.984339 0.986687 0.955882 0.913686 0.855410 0.761311 0.706886 0.500080 0.173008 0.018284 -0.166091 -0.302769 -0.400124 -0.598202 -0.713335 -0.873048 -0.940421 0.988500 0.965790 0.916487 0.852847 0.771081 0.691584 0.530824 0.165465 -0.020298 -0.197006 -0.348475 -0.407060 -0.635179 -0.745872 -0.901473 -0.944506 
55.104633 6389339.500000 52 52 52 0.987941 0.981164 0.952290 0.979352 0.952620 0.902244 0.833777 0.767701 0.684155 0.500493 0.186553 0.053790 -0.132696 -0.291842 -0.384654 -0.528946 -0.625230 -0.808254 -0.972672 0.982375 0.950309 0.911161 0.835577 0.765614 0.702407 0.510906 0.192440 0.056841 -0.141713 -0.283076 -0.376649 -0.544333 -0.642199 -0.798739 -0.957000 
56.336823 11312283.000000 52 54 54 0.951482 0.949520 0.942037 0.977554 0.954569 0.882189 0.820361 0.759278 0.686176 0.447442 0.205996 0.035453 -0.145446 -0.287624 -0.387538 -0.518303 -0.621026 -0.780835 -0.965160 0.978422 0.954794 0.891624 0.827099 0.761872 0.681146 0.466391 0.192546 0.048626 -0.129719 -0.288974 -0.379159 -0.523639 -0.618897 -0.797187 -0.972954 
57.393322 16686808.000000 54 54 54 0.952914 0.958112 0.962085 0.977669 0.953205 0.894601 0.808650 0.748274 0.674904 0.417537 0.178900 0.077131 -0.151506 -0.319074 -0.401738 -0.522665 -0.632339 -0.767289 -0.947467 0.976941 0.953618 0.884679 0.815191 0.755075 0.686207 0.432453 0.199522 0.033319 -0.157935 -0.304588 -0.395040 -0.518494 -0.618962 -0.789306 -0.956122 
56.225529 7828989.500000 54 54 54 0.953601 0.950795 0.914840 0.984230 0.956369 0.923085 0.822157 0.750183 0.661084 0.437699 0.203725 0.108027 -0.174034 -0.365190 -0.468568 -0.557576 -0.655685 -0.718309 -0.963958 0.980269 0.952891 0.910866 0.808294 0.746176 0.662858 0.408518 0.175944 0.126043 -0.129139 -0.341125 -0.441401 -0.551202 -0.648458 -0.720870 -0.957320 
52.664879 1198379.500000 54 54 54 0.965510 0.946208 0.958984 0.991097 0.978666 0.948233 0.838714 0.745907 0.693418 0.432573 0.194504 0.052443 -0.046841 -0.327919 -0.487341 -0.594417 -0.670690 -0.861566 -0.966529 0.989595 0.970493 0.934178 0.820226 0.754204 0.674383 0.455593 0.217383 0.080063 -0.080452 -0.328597 -0.462082 -0.583987 -0.665278 -0.760840 -0.959149 
51.790352 416892.437500 54 54 54 0.958059 0.962643 0.856196 0.991624 0.980424 0.958976 0.815388 0.752871 0.695697 0.462876 0.269946 0.074399 -0.089798 -0.369025 -0.457243 -0.573798 -0.702621 -0.897550 -0.968132 0.991590 0.981424 0.957168 0.829501 0.757063 0.700492 0.440576 0.259638 0.077724 -0.077639 -0.334474 -0.499295 -0.589680 -0.680592 -0.887219 -0.967075 
40.880260 1506688.250000 54 54 54 0.894799 0.662027 0.743109 0.981091 0.933330 0.824722 0.789297 0.702323 0.574005 0.295489 0.160524 -0.074131 -0.262646 -0.454350 -0.605160 -0.766230 -0.858930 -0.938055 -0.991463 0.990675 0.977525 0.919161 0.788735 0.753338 0.665953 0.485560 0.278009 0.093355 -0.195317 -0.352865 -0.453112 -0.608658 -0.761434 -0.905978 -0.978656 
38.665604 1785802.750000 52 54 54 0.677239 0.802613 0.781927 0.974068 0.952523 0.834981 0.789836 0.715415 0.648585 0.211922 0.058574 -0.229092 -0.443911 -0.621746 -0.724874 -0.838344 -0.904399 -0.946803 -0.987717 0.979264 0.949598 0.832298 0.797833 0.724660 0.656809 0.288960 0.120377 -0.130504 -0.376936 -0.589220 -0.733467 -0.824801 -0.898194 -0.955369 -0.992669 
36.068317 1065888.500000 54 54 54 0.825890 0.647098 0.491697 0.982319 0.956050 0.848013 0.809893 0.701265 0.610267 0.124309 -0.096175 -0.265563 -0.421326 -0.619929 -0.730756 -0.815710 -0.889691 -0.951521 -0.993330 0.976066 0.947668 0.847323 0.804524 0.712983 0.631806 0.237506 -0.069274 -0.276850 -0.490714 -0.642150 -0.734042 -0.814432 -0.887519 -0.954859 -0.989844 
38.777977 1244189.625000 54 54 54 0.576607 0.724039 0.679855 0.983806 0.906351 0.812727 0.761344 0.679583 0.395498 0.073551 -0.202913 -0.309330 -0.524341 -0.632229 -0.721332 -0.842480 -0.896983 -0.962528 -0.995156 0.979141 0.933205 0.841606 0.783818 0.675448 0.511512 0.103867 -0.119199 -0.302663 -0.512413 -0.634851 -0.743045 -0.851903 -0.911802 -0.970553 -0.997563 
38.171154 1257382.000000 106 106 106 0.626418 0.718759 0.653750 0.983536 0.910156 0.774164 0.748427 0.649717 0.288852 0.073747 -0.134178 -0.327432 -0.504206 -0.599046 -0.739449 -0.849537 -0.916436 -0.947783 -0.991697 0.981255 0.881901 0.783847 0.752216 0.692845 0.337217 0.091623 -0.164964 -0.351625 -0.507032 -0.618488 -0.722800 -0.828444 -0.905690 -0.961536 -0.994271 
41.659134 1012768.750000 106 106 106 0.681817 0.669309 0.602934 0.983863 0.935991 0.770498 0.732434 0.575241 0.216556 0.009762 -0.145638 -0.279846 -0.469768 -0.675926 -0.772925 -0.839227 -0.907900 -0.966128 -0.989447 0.985670 0.935494 0.775897 0.729543 0.531123 0.208376 0.039462 -0.138957 -0.323619 -0.486408 -0.673460 -0.763786 -0.854502 -0.906482 -0.970499 -0.989120 
26.140446 78333.414062 106 106 106 0.540820 0.638566 0.439369 0.986502 0.942453 0.829455 0.759696 0.719109 0.464904 0.180647 -0.024466 -0.184421 -0.371693 -0.626489 -0.734036 -0.854491 -0.909788 -0.972246 -0.984790 0.989021 0.956405 0.831198 0.752168 0.721353 0.390100 0.139928 -0.044450 -0.222367 -0.436260 -0.602728 -0.741606 -0.846447 -0.906029 -0.968932 -0.986789 
42.991520 7844946.500000 78 56 70 0.283856 0.659251 0.393169 0.966113 0.914127 0.777156 0.603420 0.469773 0.317007 0.093579 -0.093058 -0.256591 -0.435929 -0.605811 -0.696950 -0.778845 -0.812361 -0.901327 -0.972992 0.975278 0.948916 0.817866 0.766002 0.561583 0.385208 0.169188 -0.027916 -0.212008 -0.371084 -0.549551 -0.663741 -0.750377 -0.845456 -0.938058 -0.983964 
48.106724 11895392.000000 70 62 62 0.316690 0.619840 0.407783 0.989681 0.973673 0.898601 0.596518 0.432511 0.192947 0.108399 -0.134752 -0.366641 -0.439020 -0.546839 -0.685761 -0.753531 -0.827628 -0.908150 -0.970867 0.970118 0.902538 0.785158 0.574260 0.468367 0.204069 0.046563 -0.131720 -0.331296 -0.449258 -0.581583 -0.722000 -0.779395 -0.835732 -0.913298 -0.969959 
53.441780 20352082.000000 62 72 78 0.650516 0.673849 0.889674 0.984212 0.973626 0.954576 0.700765 0.540302 0.489351 0.203448 0.126558 -0.041624 -0.329170 -0.434786 -0.540182 -0.650883 -0.729198 -0.849336 -0.966470 0.986167 0.974267 0.951123 0.706693 0.529253 0.463117 0.185045 0.098429 -0.189686 -0.378813 -0.432705 -0.559804 -0.713548 -0.772256 -0.882873 -0.960780 
54.738674 17783828.000000 80 82 82 0.939811 0.974255 0.962945 0.984677 0.973554 0.950057 0.720590 0.552514 0.505218 0.214482 0.132128 -0.004665 -0.300781 -0.425442 -0.532341 -0.647536 -0.734634 -0.804862 -0.920539 0.984488 0.973355 0.952034 0.712716 0.541219 0.497067 0.214145 0.127879 -0.032712 -0.333733 -0.424132 -0.547798 -0.656327 -0.740833 -0.814624 -0.947661 
53.567730 3789944.750000 82 82 82 0.971664 0.969139 0.974607 0.984386 0.973765 0.958871 0.836407 0.569188 0.543890 0.254852 0.143975 0.060666 -0.295383 -0.450308 -0.538712 -0.662321 -0.758100 -0.833661 -0.959152 0.983695 0.973840 0.955123 0.759006 0.562838 0.532123 0.231800 0.134289 0.029792 -0.298217 -0.436219 -0.535033 -0.646978 -0.751056 -0.814496 -0.939932 
47.860035 556277.437500 82 82 84 0.974676 0.930076 0.946439 0.987478 0.973438 0.956236 0.861896 0.600642 0.562867 0.341151 0.209579 0.028001 -0.244719 -0.462319 -0.537947 -0.635882 -0.750687 -0.840548 -0.947742 0.984652 0.973588 0.957892 0.851733 0.599392 0.563709 0.316940 0.176692 0.011612 -0.216248 -0.449221 -0.518098 -0.657790 -0.764529 -0.840825 -0.962057 
43.064835 177020.890625 84 66 80 0.941804 0.473751 0.337537 0.986205 0.980637 0.957944 0.869994 0.556207 0.519174 0.277142 0.197763 0.061064 -0.302196 -0.435225 -0.510493 -0.697883 -0.769033 -0.867991 -0.954787 0.988162 0.977288 0.956028 0.873776 0.598713 0.542764 0.315546 0.200092 0.049531 -0.305297 -0.439740 -0.524367 -0.689123 -0.758613 -0.841011 -0.955967 
30.266205 49006.062500 42 82 82 0.391391 0.671846 0.561872 0.979679 0.967271 0.934777 0.807703 0.562576 0.535928 0.368973 0.149168 0.084366 -0.279373 -0.415336 -0.508109 -0.736834 -0.807431 -0.903400 -0.972062 0.979852 0.970574 0.941751 0.788607 0.551708 0.520145 0.298975 0.157540 0.064373 -0.280887 -0.448605 -0.517965 -0.696132 -0.785028 -0.897312 -0.970475 
29.937111 16514.693359 50 80 58 0.355156 0.734168 0.508600 0.983603 0.975843 0.952323 0.842738 0.578094 0.541040 0.382392 0.160620 0.074692 -0.281832 -0.416081 -0.528731 -0.704920 -0.816997 -0.911277 -0.981466 0.987399 0.977889 0.948110 0.827646 0.573897 0.543088 0.370928 0.180756 0.085658 -0.298097 -0.401151 -0.499811 -0.721395 -0.790844 -0.904876 -0.968725 
23.038944 9673.372070 60 80 78 0.732501 0.703136 0.742232 0.983014 0.975284 0.921414 0.802513 0.614989 0.512511 0.347311 0.154903 -0.072690 -0.276410 -0.454212 -0.582561 -0.696179 -0.825183 -0.911980 -0.979741 0.980617 0.972842 0.941648 0.801143 0.586867 0.540095 0.316534 0.151484 0.021098 -0.297750 -0.439686 -0.587722 -0.711287 -0.810841 -0.916674 -0.977513 
32.841221 1946475.000000 82 80 88 0.637763 0.403117 0.286819 0.967517 0.921331 0.840014 0.669077 0.532147 0.430772 0.159939 -0.041914 -0.290830 -0.444959 -0.568302 -0.716306 -0.799046 -0.872715 -0.935531 -0.992060 0.975217 0.933370 0.842135 0.668586 0.529690 0.441817 0.247516 -0.020832 -0.186739 -0.348841 -0.545970 -0.646719 -0.793786 -0.886523 -0.927085 -0.993912 
41.437035 1292574.250000 86 80 82 0.274866 0.573295 0.561411 0.981813 0.956932 0.819404 0.621220 0.498926 0.220168 -0.081064 -0.209548 -0.400355 -0.513811 -0.640299 -0.747539 -0.862600 -0.896497 -0.966308 -0.987259 0.971683 0.929277 0.841146 0.655316 0.537885 0.422325 0.012010 -0.159396 -0.320815 -0.471387 -0.631096 -0.767780 -0.810743 -0.900244 -0.950826 -0.982252 
42.708199 1147859.375000 84 86 60 0.439774 0.581368 0.519552 0.975457 0.942730 0.822469 0.651524 0.460611 0.189873 -0.075619 -0.297581 -0.387175 -0.499800 -0.657740 -0.760485 -0.840273 -0.900383 -0.952673 -0.993368 0.978467 0.946755 0.813118 0.623516 0.466006 0.226067 -0.101812 -0.291459 -0.403218 -0.543590 -0.637373 -0.778994 -0.842943 -0.919087 -0.965922 -0.989159 
41.400414 889323.812500 204 84 110 0.512438 0.449180 0.436253 0.983723 0.938754 0.847913 0.613522 0.477760 0.173175 -0.098298 -0.237949 -0.420416 -0.507528 -0.654195 -0.740593 -0.838279 -0.923649 -0.963598 -0.991838 0.983513 0.942986 0.841083 0.630100 0.425292 0.186358 -0.136439 -0.219686 -0.401845 -0.536605 -0.652213 -0.762341 -0.848191 -0.891220 -0.958621 -0.987219 
38.840630 616406.687500 84 226 78 0.405965 0.387044 0.581939 0.986692 0.945181 0.844179 0.691482 0.433750 0.154312 -0.129150 -0.235240 -0.398691 -0.490480 -0.650980 -0.754486 -0.822752 -0.895685 -0.957246 -0.992699 0.975872 0.927811 0.828736 0.684771 0.459507 0.180828 -0.064799 -0.203798 -0.383585 -0.520845 -0.677908 -0.753481 -0.853188 -0.907206 -0.957114 -0.990055 
41.152653 1111307.500000 78 78 34 0.695886 0.454332 0.463659 0.972051 0.941240 0.824643 0.604173 0.488535 0.182770 -0.115112 -0.197822 -0.437564 -0.512939 -0.659676 -0.744580 -0.854324 -0.913187 -0.964586 -0.990070 0.981457 0.941610 0.830214 0.646105 0.464218 0.211346 -0.136741 -0.210583 -0.411972 -0.503358 -0.652348 -0.755630 -0.844078 -0.900738 -0.953731 -0.985601 
42.798195 1743041.125000 172 80 116 0.439280 0.515676 0.433393 0.974923 0.947076 0.770374 0.540789 0.456277 0.140817 0.036765 -0.105828 -0.360541 -0.482327 -0.555365 -0.714907 -0.822521 -0.892277 -0.955388 -0.980198 0.977236 0.944226 0.814002 0.593940 0.399334 0.125869 0.004944 -0.167481 -0.429441 -0.527436 -0.650341 -0.763015 -0.835488 -0.900131 -0.965385 -0.983692 
33.708454 611323.250000 194 44 110 0.528894 0.271463 0.294508 0.987295 0.964465 0.853509 0.556454 0.518284 0.374897 0.149847 0.053998 -0.156154 -0.441911 -0.491995 -0.651710 -0.838810 -0.896467 -0.950220 -0.986215 0.971028 0.953123 0.811385 0.543915 0.486495 0.252050 0.084030 -0.005012 -0.251425 -0.466121 -0.508539 -0.666746 -0.833210 -0.897895 -0.950528 -0.980405 
54.316551 38574768.000000 62 64 70 0.351093 0.827950 0.923190 0.980204 0.969699 0.940747 0.705618 0.529103 0.479233 0.246264 0.172669 0.007595 -0.330021 -0.418143 -0.509138 -0.686767 -0.772963 -0.831853 -0.933829 0.983731 0.970546 0.945413 0.762204 0.541853 0.503008 0.265700 0.185827 0.005077 -0.284263 -0.439132 -0.520753 -0.718665 -0.780939 -0.904644 -0.968890 
55.347233 11383570.000000 72 74 74 0.912569 0.962075 0.897137 0.983848 0.970342 0.954606 0.784462 0.490419 0.442951 0.286762 0.197860 0.038117 -0.277275 -0.395948 -0.485121 -0.658912 -0.731832 -0.890285 -0.970123 0.980941 0.968510 0.947610 0.738064 0.504655 0.451088 0.264277 0.176310 0.024200 -0.312861 -0.401671 -0.499286 -0.667660 -0.752479 -0.831926 -0.943326 
43.321301 505716.656250 74 78 72 0.946989 0.400525 0.800561 0.984279 0.971677 0.931305 0.778753 0.537922 0.483016 0.314571 0.179156 0.024703 -0.290281 -0.408115 -0.560534 -0.674393 -0.789400 -0.914067 -0.964497 0.986641 0.972483 0.955762 0.819375 0.496974 0.440802 0.296399 0.191848 -0.005434 -0.311816 -0.425811 -0.538361 -0.678921 -0.755909 -0.917036 -0.974954 
31.230541 174979.937500 72 78 74 0.784425 0.525156 0.624426 0.986554 0.973778 0.919038 0.671622 0.513958 0.464584 0.335341 0.206336 0.033544 -0.289017 -0.420940 -0.473656 -0.700472 -0.774305 -0.935997 -0.980607 0.981654 0.967585 0.920965 0.717045 0.543658 0.485962 0.271913 0.188518 0.084565 -0.254412 -0.401285 -0.523644 -0.707341 -0.793808 -0.927980 -0.971628 
29.570551 49023.222656 72 72 148 0.633855 0.643448 0.585217 0.986103 0.970955 0.939026 0.713347 0.527250 0.464455 0.330866 0.224366 0.134707 -0.316875 -0.388190 -0.446970 -0.696043 -0.831091 -0.926867 -0.972943 0.987916 0.972718 0.940688 0.725975 0.518051 0.482456 0.311710 0.209330 0.100826 -0.275243 -0.401886 -0.444022 -0.700389 -0.785408 -0.895595 -0.979698 
24.551929 21908.078125 148 70 146 0.695250 0.577632 0.584366 0.982831 0.970012 0.929725 0.690867 0.510238 0.465332 0.358752 0.238988 0.098226 -0.250952 -0.425636 -0.462175 -0.668112 -0.841110 -0.935406 -0.975436 0.983291 0.969652 0.930006 0.738052 0.494848 0.464928 0.313512 0.226493 0.104001 -0.314147 -0.417877 -0.447422 -0.680697 -0.832389 -0.942691 -0.968645 
24.711330 51539.289062 74 78 110 0.566548 0.666789 0.589972 0.970168 0.958579 0.908442 0.783982 0.566310 0.490976 0.386547 0.214160 0.000046 -0.260208 -0.417398 -0.613990 -0.763833 -0.856712 -0.922748 -0.967764 0.979627 0.969840 0.928151 0.729118 0.526081 0.476372 0.332619 0.208490 0.076364 -0.259805 -0.407300 -0.529941 -0.723209 -0.853349 -0.937704 -0.972669 
28.962879 19301.197266 108 104 96 0.613705 0.684410 0.820674 0.978382 0.963074 0.942080 0.816860 0.611989 0.462633 0.352004 0.166588 -0.070789 -0.288860 -0.390688 -0.571222 -0.745203 -0.840831 -0.939112 -0.972754 0.972239 0.960633 0.938256 0.851403 0.647496 0.516412 0.403835 0.226143 -0.075894 -0.241147 -0.386433 -0.548296 -0.756380 -0.844740 -0.949425 -0.972355 
19.010527 7196.740234 96 44 194 0.667440 0.518789 0.526141 0.982350 0.965883 0.908850 0.794242 0.605670 0.450803 0.359827 0.196059 -0.037506 -0.252001 -0.432948 -0.560184 -0.703666 -0.821640 -0.951101 -0.981143 0.978238 0.966158 0.932568 0.808055 0.568729 0.452328 0.326596 0.172710 -0.085194 -0.309914 -0.398294 -0.532773 -0.746878 -0.827838 -0.920220 -0.978419 
46.358181 1696084.875000 60 72 90 0.401926 0.871816 0.664361 0.987478 0.972393 0.954060 0.850684 0.546368 0.512729 0.262466 0.169788 0.038272 -0.211707 -0.322356 -0.397040 -0.504816 -0.621949 -0.819815 -0.964866 0.990301 0.978958 0.955532 0.864222 0.641408 0.455195 0.297977 0.140110 -0.142071 -0.272086 -0.375664 -0.457829 -0.609647 -0.796964 -0.909020 -0.971025 
51.365486 5702351.500000 90 94 94 0.877581 0.934292 0.682020 0.976857 0.963413 0.940712 0.814482 0.545310 0.512829 0.237318 0.172273 0.037549 -0.200505 -0.299700 -0.409139 -0.622558 -0.684739 -0.800772 -0.888118 0.982090 0.967762 0.946788 0.803862 0.542187 0.503523 0.247261 0.164707 0.040284 -0.196324 -0.303542 -0.396933 -0.576834 -0.661120 -0.786380 -0.896984 
47.224041 335367.031250 94 180 178 0.659202 0.889924 0.836770 0.982864 0.968124 0.947096 0.914187 0.618751 0.547648 0.466722 0.183530 0.103472 -0.176387 -0.262516 -0.439167 -0.593377 -0.708723 -0.854927 -0.957534 0.981367 0.966178 0.946858 0.868759 0.556347 0.529457 0.242563 0.177563 0.052368 -0.225142 -0.293308 -0.432984 -0.643818 -0.704251 -0.817889 -0.923926 
45.973110 313080.781250 176 184 184 0.839383 0.695790 0.720063 0.985271 0.966861 0.945470 0.896080 0.585175 0.544764 0.347680 0.218183 0.158963 -0.079166 -0.285256 -0.356295 -0.582053 -0.731872 -0.849724 -0.950285 0.982048 0.967107 0.943654 0.898724 0.612187 0.558960 0.490781 0.271987 0.144488 -0.123105 -0.261057 -0.365123 -0.640113 -0.700548 -0.853136 -0.951005 
43.742710 250491.515625 74 122 124 0.718826 0.705292 0.484738 0.987518 0.969531 0.949711 0.869079 0.577847 0.550964 0.286321 0.227049 0.073774 -0.180386 -0.322473 -0.348071 -0.566634 -0.799837 -0.922081 -0.998519 0.983527 0.966694 0.947115 0.899703 0.582344 0.534096 0.321846 0.211643 0.162696 -0.098512 -0.286653 -0.338438 -0.573972 -0.754504 -0.856049 -0.977738 
39.280571 382903.718750 84 110 86 0.520386 0.575410 0.559803 0.993928 0.977228 0.944937 0.756684 0.558897 0.491418 0.232663 0.183094 0.050768 -0.265070 -0.341472 -0.417588 -0.717942 -0.833769 -0.925059 -0.987782 0.989772 0.966962 0.945530 0.831444 0.582392 0.517436 0.273238 0.179066 0.114633 -0.165315 -0.348374 -0.368054 -0.501059 -0.805013 -0.909980 -0.994637 
40.291870 2866764.500000 96 112 100 0.644073 0.550498 0.548214 0.981340 0.964670 0.884795 0.571946 0.445806 0.215422 0.015215 -0.177240 -0.288107 -0.465941 -0.613426 -0.738320 -0.840912 -0.916979 -0.946477 -0.987406 0.994083 0.968005 0.912424 0.625127 0.465149 0.303071 0.178797 -0.038336 -0.275230 -0.371457 -0.546990 -0.634107 -0.773001 -0.873774 -0.947871 -0.976596 
40.050484 1145186.875000 100 94 104 0.581414 0.416746 0.474470 0.988389 0.959381 0.832861 0.577271 0.442144 0.270347 0.057290 -0.239908 -0.356044 -0.456151 -0.628944 -0.720390 -0.862611 -0.910491 -0.949516 -0.980017 0.986294 0.958136 0.849973 0.583717 0.495819 0.254744 0.049120 -0.188511 -0.306883 -0.448127 -0.624933 -0.756094 -0.861572 -0.908312 -0.956242 -0.994089 
40.089420 899327.562500 110 82 88 0.392789 0.384531 0.581360 0.981366 0.941091 0.840379 0.644844 0.460182 0.201531 -0.110190 -0.260697 -0.354135 -0.524748 -0.622602 -0.744593 -0.845725 -0.910884 -0.967186 -0.995575 0.982333 0.952339 0.827704 0.598411 0.423983 0.208087 -0.023011 -0.240974 -0.369091 -0.453714 -0.603543 -0.767512 -0.836732 -0.918479 -0.955046 -0.990108 
41.229477 928875.250000 88 84 76 0.594940 0.384055 0.422058 0.980709 0.956770 0.844726 0.616737 0.503424 0.226162 -0.091787 -0.255448 -0.399238 -0.545479 -0.661893 -0.731839 -0.853143 -0.906147 -0.975682 -0.992102 0.986969 0.954304 0.848706 0.641334 0.468937 0.156606 -0.082290 -0.222508 -0.368330 -0.530657 -0.615729 -0.728931 -0.849870 -0.895569 -0.973240 -0.992764 
41.661064 705822.125000 76 106 88 0.443704 0.405226 0.570106 0.977078 0.952104 0.854215 0.622687 0.511811 0.288028 -0.132447 -0.286166 -0.394036 -0.556630 -0.679566 -0.754235 -0.842525 -0.906733 -0.971219 -0.992746 0.976435 0.947879 0.869911 0.659722 0.469261 0.306541 -0.160331 -0.285807 -0.430899 -0.554397 -0.661476 -0.754583 -0.838362 -0.906504 -0.967894 -0.991725 
43.936764 791358.000000 88 52 98 0.500956 0.566737 0.433002 0.976551 0.951120 0.824532 0.662489 0.513185 0.337695 -0.107467 -0.240077 -0.373938 -0.582723 -0.696964 -0.745947 -0.861248 -0.907785 -0.984986 -0.995099 0.978095 0.955316 0.851437 0.666937 0.508380 0.272318 -0.173495 -0.289220 -0.380777 -0.575089 -0.687766 -0.735875 -0.845909 -0.892940 -0.978307 -0.993154 
42.208790 587769.500000 98 80 86 0.432339 0.503812 0.483063 0.987310 0.960213 0.886317 0.685153 0.479534 0.318607 -0.131568 -0.217238 -0.373620 -0.567950 -0.679124 -0.768583 -0.836161 -0.899643 -0.954997 -0.997470 0.981780 0.955211 0.832412 0.671575 0.506070 0.293445 -0.141923 -0.234779 -0.351495 -0.540067 -0.703559 -0.755312 -0.835697 -0.911787 -0.983016 -0.995842 
40.395645 406800.906250 86 58 144 0.456666 0.595423 0.543062 0.982060 0.958464 0.874338 0.673250 0.468999 0.252744 -0.043740 -0.224091 -0.293727 -0.477076 -0.679813 -0.730085 -0.843565 -0.921236 -0.983490 -0.994044 0.982010 0.953645 0.866153 0.689749 0.461245 0.309568 -0.072938 -0.209707 -0.312007 -0.556413 -0.681823 -0.734274 -0.876850 -0.910643 -0.981709 -0.994481 
33.991920 283143.187500 146 112 146 0.511246 0.469212 0.527173 0.974501 0.961548 0.870408 0.681100 0.526138 0.290549 -0.051686 -0.239404 -0.354855 -0.514963 -0.655600 -0.756002 -0.856781 -0.906855 -0.962314 -0.992543 0.985089 0.962725 0.890092 0.713490 0.513127 0.317863 -0.060217 -0.248141 -0.331562 -0.503655 -0.624794 -0.710667 -0.851460 -0.897642 -0.967405 -0.993433 
35.077309 163328.578125 48 106 88 0.447897 0.498316 0.528008 0.982859 0.954359 0.908409 0.773215 0.527079 0.386023 0.030922 -0.182361 -0.315560 -0.605258 -0.668778 -0.797044 -0.877357 -0.920441 -0.980765 -0.990928 0.981820 0.963739 0.890247 0.684356 0.530766 0.370016 0.043813 -0.210822 -0.324322 -0.558416 -0.638839 -0.775012 -0.865344 -0.905531 -0.960794 -0.994735 
35.879135 75928.070312 86 82 44 0.452022 0.522220 0.398686 0.986744 0.961915 0.899693 0.749692 0.588610 0.358086 0.177410 -0.127487 -0.311150 -0.562090 -0.678704 -0.760230 -0.857318 -0.918654 -0.979573 -0.988502 0.983033 0.955437 0.898490 0.740802 0.570041 0.351809 0.122743 -0.160243 -0.368686 -0.573404 -0.710475 -0.765486 -0.864602 -0.934924 -0.986446 -0.995232 
23.212570 20451.300781 146 54 60 0.606671 0.698924 0.522447 0.988533 0.963916 0.921919 0.810784 0.582464 0.454107 0.269205 0.053301 -0.216307 -0.392002 -0.655067 -0.759943 -0.859935 -0.912865 -0.974482 -0.987089 0.987895 0.971363 0.914677 0.787658 0.614240 0.435682 0.237018 -0.078801 -0.243807 -0.490913 -0.695047 -0.780956 -0.878732 -0.914974 -0.972867 -0.988241 
18.687841 11050.029297 202 54 200 0.572842 0.521396 0.481592 0.978612 0.963018 0.900759 0.794422 0.622521 0.464689 0.273087 0.072987 -0.132151 -0.313780 -0.540802 -0.712308 -0.831294 -0.948848 -0.980146 -0.990570 0.987319 0.968610 0.906651 0.794105 0.595628 0.451438 0.280763 0.086061 -0.171733 -0.318023 -0.562731 -0.733681 -0.833464 -0.940745 -0.980024 -0.990401 
17.412037 6891.392578 150 82 90 0.440846 0.407352 0.442354 0.988833 0.964018 0.927199 0.826384 0.662167 0.510998 0.315921 0.121870 -0.084845 -0.335331 -0.473056 -0.669962 -0.800758 -0.927774 -0.983567 -0.992503 0.986889 0.967381 0.909453 0.809863 0.655959 0.499184 0.333232 0.122209 -0.156982 -0.313353 -0.519144 -0.676840 -0.810126 -0.935607 -0.983681 -0.991984 
15.279207 6304.293945 92 112 82 0.464326 0.487148 0.429462 0.982290 0.956228 0.920277 0.816434 0.657139 0.443668 0.278015 0.115598 -0.091511 -0.274205 -0.457140 -0.640740 -0.773348 -0.910269 -0.982386 -0.992826 0.981216 0.960359 0.918678 0.781424 0.672287 0.506547 0.308219 0.133003 -0.123925 -0.290526 -0.464569 -0.619942 -0.784391 -0.906783 -0.979416 -0.993413 
14.439106 4577.782715 86 80 44 0.308171 0.441416 0.484722 0.983030 0.959740 0.924779 0.814233 0.652192 0.494339 0.296569 0.177776 -0.097131 -0.278951 -0.489472 -0.612188 -0.744112 -0.871018 -0.962319 -0.988821 0.987432 0.960822 0.905070 0.802060 0.704718 0.481039 0.308895 0.111573 -0.092292 -0.266608 -0.478764 -0.621748 -0.797187 -0.893858 -0.975609 -0.992237 
13.058710 3246.686523 44 52 44 0.502398 0.466203 0.959409 0.987277 0.964778 0.916271 0.783536 0.613566 0.485997 0.328040 0.146695 -0.055779 -0.234166 -0.471114 -0.596961 -0.764655 -0.821266 -0.957988 -0.985242 0.981886 0.956038 0.913727 0.809054 0.651323 0.474258 0.321375 0.165386 -0.076161 -0.289423 -0.472717 -0.588192 -0.751276 -0.833920 -0.956372 -0.990405 
