31.139935 2452.986572 20 66 64 0.000000 0.675184 0.752454 0.993072 0.982687 0.959954 0.934453 0.844910 0.660767 0.434905 0.219987 0.022624 -0.207545 -0.378213 -0.554125 -0.693902 -0.822738 -0.912387 -0.980386 0.994369 0.985017 0.931757 0.818656 0.579124 0.453381 0.247119 0.113450 -0.110103 -0.287122 -0.382831 -0.608933 -0.701579 -0.843105 -0.931949 -0.983401 
45.575298 12634.981445 64 70 68 0.759485 0.914625 0.974653 0.990334 0.981631 0.964597 0.932135 0.886702 0.808689 0.499226 0.258932 0.036814 -0.193807 -0.368542 -0.539276 -0.710155 -0.830988 -0.920524 -0.978475 0.991443 0.980856 0.963011 0.932979 0.876509 0.765734 0.497549 0.264354 0.049246 -0.181247 -0.357544 -0.533835 -0.697414 -0.829668 -0.922286 -0.979279 
53.286026 192422.890625 68 64 60 0.977582 0.938968 0.842751 0.985560 0.979013 0.955798 0.911398 0.891680 0.739876 0.418891 0.204202 0.052418 -0.269363 -0.324485 -0.426862 -0.659278 -0.811288 -0.915262 -0.978610 0.988922 0.980837 0.966752 0.928338 0.889179 0.782706 0.469175 0.257151 0.026954 -0.206631 -0.339949 -0.521053 -0.700100 -0.825776 -0.922572 -0.979550 
58.485680 2535952.000000 60 60 56 0.855038 0.902211 0.919578 0.981333 0.975480 0.944554 0.843928 0.814569 0.709913 0.294805 0.202842 0.099045 -0.241816 -0.326847 -0.397144 -0.545494 -0.612839 -0.876417 -0.974006 0.983087 0.977086 0.946944 0.895797 0.867242 0.794860 0.288030 0.196956 0.084569 -0.280073 -0.323734 -0.390749 -0.518162 -0.761172 -0.902441 -0.975470 
59.875641 28262890.000000 56 56 56 0.932702 0.980786 0.968084 0.980568 0.973589 0.951107 0.705071 0.622004 0.518237 0.259016 0.213281 0.089663 -0.286033 -0.334769 -0.426050 -0.607566 -0.755649 -0.944992 -0.983979 0.981058 0.974452 0.951745 0.779858 0.713546 0.611960 0.285597 0.222982 0.068617 -0.277728 -0.320287 -0.444239 -0.575795 -0.676653 -0.927788 -0.975780 
59.781349 49600348.000000 56 56 54 0.973459 0.952747 0.993546 0.983443 0.972795 0.958267 0.680743 0.407306 0.352098 0.230838 0.182578 0.051698 -0.254582 -0.332321 -0.442993 -0.609289 -0.807426 -0.945156 -0.986795 0.981643 0.973320 0.955173 0.692720 0.524731 0.401994 0.251880 0.197767 0.098221 -0.253627 -0.342804 -0.417645 -0.624413 -0.769239 -0.937166 -0.987475 
59.452404 62989508.000000 54 54 54 0.993589 0.963200 0.992960 0.985328 0.972978 0.957812 0.700971 0.358199 0.301322 0.234267 0.170360 -0.052956 -0.260492 -0.351008 -0.481905 -0.683197 -0.744427 -0.941821 -0.982060 0.984860 0.972703 0.954467 0.674667 0.378306 0.316705 0.233548 0.177599 0.004219 -0.262506 -0.338254 -0.467107 -0.660115 -0.754322 -0.942074 -0.984888 
58.616146 54381688.000000 54 54 54 0.990367 0.994651 0.992502 0.986518 0.973117 0.961871 0.706135 0.368786 0.304013 0.219527 0.130647 -0.088114 -0.251671 -0.379525 -0.497359 -0.689152 -0.760521 -0.947012 -0.977230 0.986905 0.973166 0.962595 0.700182 0.352049 0.299206 0.224355 0.149697 -0.085048 -0.258088 -0.369178 -0.492710 -0.687605 -0.751502 -0.944508 -0.980617 
57.480541 37293492.000000 54 54 54 0.992950 0.995809 0.995506 0.986364 0.973263 0.962800 0.749537 0.393464 0.292258 0.194335 0.124995 -0.080366 -0.254158 -0.379179 -0.485590 -0.676607 -0.788644 -0.940850 -0.974218 0.986587 0.973144 0.963137 0.731426 0.386743 0.306978 0.202464 0.130148 -0.080197 -0.240848 -0.373991 -0.491954 -0.682518 -0.769059 -0.938913 -0.964926 
56.737499 31684444.000000 54 54 54 0.997352 0.994430 0.995676 0.986623 0.973450 0.962192 0.736772 0.384869 0.280921 0.198665 0.130951 -0.055947 -0.256973 -0.370985 -0.486097 -0.666772 -0.775757 -0.935656 -0.970736 0.986900 0.973299 0.963018 0.731004 0.385928 0.289542 0.193158 0.130415 -0.083427 -0.263381 -0.380777 -0.486825 -0.679581 -0.769042 -0.943779 -0.977416 
55.467621 18928418.000000 54 54 54 0.992423 0.988777 0.960087 0.986451 0.973837 0.962402 0.761899 0.399267 0.289396 0.198580 0.151793 -0.060232 -0.227887 -0.372953 -0.489793 -0.698562 -0.784961 -0.925234 -0.969904 0.986615 0.973477 0.962592 0.763303 0.394299 0.264097 0.190441 0.136506 -0.059465 -0.249594 -0.372028 -0.477098 -0.667412 -0.805693 -0.928172 -0.970067 
52.953037 4247037.500000 54 56 58 0.973487 0.985781 0.973166 0.989082 0.977200 0.966029 0.867146 0.435539 0.287481 0.195268 0.133201 -0.010277 -0.226166 -0.391952 -0.477475 -0.684744 -0.772168 -0.908786 -0.985720 0.987516 0.975081 0.964393 0.809437 0.423335 0.273887 0.206348 0.146439 -0.036261 -0.247706 -0.396878 -0.517645 -0.700754 -0.775963 -0.926115 -0.973457 
50.843834 1445871.750000 58 58 58 0.967374 0.983890 0.959140 0.989782 0.977554 0.968690 0.882451 0.459525 0.365435 0.219407 0.150337 0.005146 -0.177766 -0.362620 -0.471445 -0.667172 -0.773347 -0.902713 -0.957135 0.989437 0.977379 0.968010 0.882244 0.438959 0.338959 0.234367 0.108357 -0.025859 -0.233966 -0.397307 -0.500107 -0.670787 -0.794903 -0.920301 -0.969961 
46.102844 883217.000000 58 58 58 0.954619 0.971086 0.926305 0.989359 0.977629 0.963989 0.835965 0.430142 0.353617 0.230022 0.150472 -0.029370 -0.206203 -0.358413 -0.467197 -0.562858 -0.726892 -0.914576 -0.980910 0.990832 0.978598 0.968429 0.854526 0.453756 0.319979 0.234208 0.139651 -0.032661 -0.177449 -0.370415 -0.453541 -0.644223 -0.787207 -0.913441 -0.961552 
44.724045 2272975.500000 58 58 56 0.953337 0.935641 0.946950 0.986792 0.972948 0.942499 0.763120 0.480613 0.392756 0.314124 0.179727 -0.066883 -0.189339 -0.318120 -0.441757 -0.564853 -0.681057 -0.815314 -0.959718 0.985952 0.975150 0.942670 0.770199 0.455458 0.378721 0.294694 0.166037 -0.039280 -0.191320 -0.326301 -0.440864 -0.571342 -0.692105 -0.877836 -0.986684 
47.101974 4124310.250000 56 54 52 0.966877 0.917430 0.918301 0.989084 0.962943 0.921531 0.815418 0.602000 0.455486 0.368016 0.224437 0.023406 -0.145187 -0.379179 -0.492573 -0.565392 -0.731198 -0.811514 -0.912026 0.985456 0.971325 0.922718 0.785776 0.550255 0.413964 0.339379 0.167326 -0.035490 -0.171093 -0.280237 -0.437635 -0.535518 -0.748146 -0.809496 -0.916908 
51.255066 22588958.000000 52 50 50 0.916515 0.957029 0.957206 0.983760 0.953008 0.907610 0.812257 0.610021 0.538022 0.348544 0.202335 0.016748 -0.193314 -0.366223 -0.460022 -0.658010 -0.781242 -0.891502 -0.917466 0.989717 0.960650 0.913364 0.811749 0.595995 0.477454 0.352014 0.192280 -0.034397 -0.238866 -0.365434 -0.460728 -0.610930 -0.757798 -0.879660 -0.917088 
57.299812 49257356.000000 50 50 52 0.969375 0.985427 0.969310 0.969903 0.948820 0.908259 0.777587 0.653068 0.622134 0.317869 0.219490 0.082809 -0.179307 -0.364718 -0.444420 -0.639273 -0.791174 -0.899601 -0.917818 0.973961 0.947372 0.906663 0.776921 0.640283 0.572873 0.339990 0.224575 0.042099 -0.187445 -0.329942 -0.461289 -0.647812 -0.777587 -0.892297 -0.917011 
57.392578 11416618.000000 52 52 54 0.946181 0.985831 0.685622 0.974140 0.957550 0.916654 0.804311 0.692602 0.656288 0.341343 0.251328 0.140016 -0.166152 -0.301789 -0.391181 -0.625823 -0.810333 -0.890312 -0.914214 0.970214 0.953624 0.911392 0.799423 0.668641 0.645888 0.355508 0.239917 0.110112 -0.167929 -0.330034 -0.413688 -0.603835 -0.786177 -0.899304 -0.911189 
40.443550 1413362.000000 52 54 52 0.781680 0.803964 0.664070 0.979639 0.956249 0.886735 0.701106 0.644728 0.560279 0.319642 0.172144 -0.038367 -0.195475 -0.397631 -0.561638 -0.686798 -0.861610 -0.932900 -0.978822 0.983289 0.960144 0.921152 0.795985 0.688379 0.634051 0.326378 0.231391 0.080072 -0.167370 -0.331843 -0.423176 -0.653948 -0.836002 -0.890997 -0.920003 
38.093487 1879040.250000 52 52 52 0.702617 0.651844 0.810261 0.977473 0.937984 0.858127 0.691700 0.648162 0.521654 0.288914 0.163495 -0.076233 -0.217039 -0.382412 -0.569805 -0.793457 -0.890067 -0.948016 -0.988802 0.976254 0.951536 0.841497 0.700784 0.630322 0.518613 0.268387 0.103533 -0.096019 -0.230212 -0.440829 -0.586505 -0.713572 -0.871529 -0.944773 -0.982911 
34.611607 1064826.750000 52 50 52 0.839213 0.726580 0.592278 0.955775 0.931812 0.859437 0.725502 0.659874 0.495896 0.273606 0.072499 -0.151049 -0.321233 -0.447758 -0.600437 -0.694494 -0.884948 -0.950573 -0.979697 0.970927 0.946463 0.850533 0.687476 0.651008 0.505245 0.267687 0.046885 -0.133199 -0.246171 -0.423460 -0.562128 -0.714546 -0.897803 -0.944278 -0.978935 
33.258110 532727.312500 50 52 52 0.608394 0.816172 0.826061 0.960969 0.935477 0.901512 0.710331 0.640434 0.479797 0.330780 0.069347 -0.095132 -0.257232 -0.440515 -0.570534 -0.687008 -0.884292 -0.936101 -0.977606 0.964478 0.935339 0.860821 0.730189 0.652023 0.473901 0.321257 0.024724 -0.106430 -0.284237 -0.411213 -0.556097 -0.689734 -0.869965 -0.948592 -0.985885 
29.524490 56860.410156 52 52 52 0.865260 0.679291 0.798221 0.955779 0.937060 0.897732 0.781149 0.678186 0.610108 0.398636 0.238773 0.105622 -0.140586 -0.334818 -0.465539 -0.657429 -0.858749 -0.920268 -0.971985 0.952319 0.935204 0.889398 0.721448 0.642421 0.571580 0.346116 0.203788 0.041731 -0.205463 -0.384206 -0.525625 -0.677178 -0.854161 -0.925204 -0.966573 
29.825443 20911.843750 52 52 50 0.848903 0.831457 0.921031 0.962252 0.939872 0.918073 0.819044 0.671068 0.632446 0.483346 0.248531 0.124274 -0.151632 -0.360932 -0.493758 -0.664783 -0.851041 -0.908236 -0.971624 0.959644 0.939477 0.910901 0.802362 0.679222 0.641085 0.484947 0.237395 0.140951 -0.088907 -0.328396 -0.493625 -0.640780 -0.849611 -0.906980 -0.975842 
29.267729 18188.748047 50 52 48 0.928150 0.865064 0.550031 0.958294 0.936557 0.912742 0.817133 0.671435 0.637439 0.473863 0.271066 0.039517 -0.172555 -0.354479 -0.544383 -0.680012 -0.823970 -0.921391 -0.985169 0.959862 0.939112 0.923138 0.864656 0.664983 0.635867 0.480973 0.267276 0.026393 -0.155786 -0.379164 -0.530548 -0.719335 -0.823032 -0.915869 -0.972965 
38.756756 934742.625000 52 56 50 0.644774 0.459898 0.547536 0.968517 0.956344 0.884127 0.760009 0.596690 0.509154 0.335039 0.229365 0.074350 -0.179341 -0.380631 -0.479816 -0.687248 -0.770981 -0.940898 -0.961184 0.970418 0.960327 0.894351 0.807567 0.651185 0.537272 0.334574 0.209907 0.075385 -0.181417 -0.257105 -0.578483 -0.672896 -0.833297 -0.954193 -0.971150 
45.361271 14811049.000000 24 26 54 0.416878 0.767459 0.832756 0.983631 0.898267 0.869524 0.700451 0.544300 0.453771 0.280045 0.187080 0.031645 -0.271832 -0.394285 -0.455488 -0.709515 -0.790721 -0.920722 -0.953285 0.912730 0.892294 0.839362 0.650367 0.567904 0.457576 0.267637 0.191507 0.031543 -0.264130 -0.393015 -0.428289 -0.633647 -0.841674 -0.929847 -0.970950 
54.390339 24963106.000000 50 50 48 0.694587 0.887608 0.851069 0.979913 0.938580 0.888776 0.850530 0.694300 0.588149 0.392506 0.236529 0.101219 -0.177262 -0.347468 -0.453975 -0.629848 -0.755661 -0.860206 -0.924683 0.985723 0.942707 0.898442 0.840422 0.645735 0.538132 0.335908 0.195984 0.049259 -0.176084 -0.393714 -0.448115 -0.691277 -0.777979 -0.913086 -0.957167 
61.531902 110685928.000000 48 52 54 0.856449 0.912052 0.969775 0.957133 0.924155 0.885328 0.796147 0.640598 0.575310 0.360196 0.232562 0.131493 -0.109372 -0.342613 -0.417865 -0.560896 -0.691451 -0.783494 -0.854469 0.966462 0.922538 0.883769 0.828124 0.660676 0.582605 0.405905 0.236186 0.157081 -0.086767 -0.342928 -0.431100 -0.573858 -0.710182 -0.813081 -0.897722 
62.411518 159252912.000000 54 56 56 0.989001 0.970971 0.983392 0.952294 0.921702 0.875264 0.759594 0.651869 0.590916 0.343280 0.238455 0.134311 -0.193952 -0.361515 -0.444220 -0.563876 -0.712344 -0.774913 -0.890592 0.954458 0.924381 0.880693 0.769969 0.648558 0.585088 0.365878 0.237598 0.152675 -0.148965 -0.330290 -0.420458 -0.546295 -0.688946 -0.770695 -0.863710 
63.751259 204381328.000000 56 56 56 0.980392 0.986731 0.995760 0.948628 0.912968 0.875949 0.746100 0.657607 0.587230 0.342642 0.238884 0.143774 -0.206980 -0.364486 -0.454349 -0.567513 -0.711321 -0.759582 -0.935212 0.949959 0.917117 0.875780 0.751852 0.655334 0.591535 0.331934 0.235969 0.146412 -0.203797 -0.373764 -0.445739 -0.574274 -0.711172 -0.768056 -0.916325 
63.793701 192967072.000000 56 56 54 0.996916 0.991258 0.935328 0.949328 0.915505 0.878506 0.750049 0.662450 0.577485 0.348484 0.240251 0.135057 -0.228754 -0.347886 -0.452170 -0.579305 -0.707265 -0.762477 -0.945093 0.947607 0.912473 0.874947 0.741714 0.659795 0.582943 0.347861 0.238365 0.129290 -0.202054 -0.357280 -0.456570 -0.563800 -0.706921 -0.759507 -0.913810 
62.847137 147784848.000000 54 54 54 0.924181 0.986598 0.954470 0.951152 0.922702 0.884708 0.763551 0.666634 0.569242 0.329242 0.252524 0.125101 -0.211640 -0.362047 -0.433478 -0.572760 -0.712133 -0.757452 -0.917431 0.950280 0.919099 0.883963 0.760716 0.656572 0.563317 0.345973 0.249179 0.129665 -0.223348 -0.351455 -0.430256 -0.581866 -0.702731 -0.757128 -0.934390 
61.652893 107549136.000000 54 54 54 0.959553 0.954050 0.930207 0.958990 0.920110 0.887081 0.780527 0.661083 0.569541 0.320062 0.245314 0.119105 -0.185995 -0.374667 -0.440711 -0.586316 -0.723391 -0.773943 -0.879727 0.953983 0.918735 0.885872 0.775055 0.666677 0.581682 0.327598 0.255209 0.140397 -0.194576 -0.364422 -0.433382 -0.573793 -0.718849 -0.764500 -0.910133 
59.270157 36473480.000000 52 54 54 0.927119 0.929117 0.980456 0.964958 0.931827 0.898417 0.812893 0.664879 0.590786 0.371356 0.237916 0.138392 -0.102385 -0.375039 -0.445888 -0.568558 -0.731127 -0.800625 -0.887269 0.960350 0.927002 0.891047 0.777433 0.664924 0.584824 0.331483 0.236927 0.126206 -0.165740 -0.381012 -0.459611 -0.587084 -0.739875 -0.789196 -0.891949 
53.737198 6749166.500000 54 54 54 0.967607 0.928745 0.927229 0.985991 0.946876 0.897893 0.834372 0.674471 0.632349 0.398382 0.191940 0.110750 -0.146024 -0.357475 -0.458548 -0.596102 -0.738423 -0.844935 -0.917066 0.974370 0.936364 0.901977 0.847733 0.669313 0.590934 0.421314 0.218819 0.135942 -0.135316 -0.350687 -0.444844 -0.614844 -0.736427 -0.815974 -0.888009 
45.741096 5910083.000000 54 54 54 0.929621 0.886043 0.632407 0.984112 0.913873 0.880589 0.741605 0.653845 0.558011 0.317709 0.208051 -0.001149 -0.251935 -0.459197 -0.528559 -0.691427 -0.773696 -0.925042 -0.984775 0.989063 0.941411 0.891152 0.822550 0.670474 0.622167 0.410133 0.231672 0.062551 -0.117104 -0.357376 -0.448189 -0.583962 -0.743237 -0.794676 -0.938591 
45.847885 17312240.000000 54 54 54 0.766625 0.835099 0.858481 0.948080 0.921515 0.861965 0.721853 0.610492 0.452898 0.283253 -0.014302 -0.228057 -0.450059 -0.592785 -0.675208 -0.770159 -0.915501 -0.972458 -0.983931 0.936233 0.898633 0.872046 0.701647 0.619888 0.498967 0.285182 0.096305 -0.188169 -0.402770 -0.543793 -0.634412 -0.772063 -0.903565 -0.963439 -0.984845 
49.815704 11732190.000000 54 54 54 0.879321 0.745717 0.794744 0.949761 0.910065 0.880103 0.731737 0.605648 0.448403 0.214414 0.020013 -0.333422 -0.488551 -0.666933 -0.732631 -0.890213 -0.932586 -0.970706 -0.993891 0.951119 0.919429 0.857975 0.714999 0.616844 0.476810 0.248352 -0.072892 -0.334100 -0.499130 -0.624184 -0.701984 -0.854875 -0.922276 -0.951492 -0.985577 
47.728657 9220847.000000 54 54 54 0.794157 0.925794 0.925909 0.943206 0.928319 0.876436 0.731455 0.606872 0.421516 0.214139 0.032197 -0.351118 -0.479216 -0.646182 -0.748328 -0.847041 -0.928495 -0.955676 -0.984613 0.943973 0.928236 0.874318 0.725992 0.608056 0.458910 0.232430 0.084898 -0.349680 -0.510938 -0.628326 -0.751731 -0.858927 -0.936257 -0.973785 -0.992358 
46.669979 12357901.000000 54 54 54 0.948236 0.908815 0.811086 0.940832 0.932379 0.801745 0.697248 0.610799 0.327071 0.096385 -0.141715 -0.326297 -0.487066 -0.646160 -0.727027 -0.767711 -0.896640 -0.946859 -0.984795 0.940951 0.932346 0.822508 0.728652 0.603711 0.422502 0.205346 -0.087794 -0.308637 -0.471183 -0.643380 -0.726049 -0.802180 -0.910465 -0.950590 -0.977756 
53.001289 9144864.000000 54 54 54 0.849337 0.903848 0.860765 0.936402 0.916102 0.856432 0.731730 0.581045 0.377087 0.048572 -0.150684 -0.335457 -0.477214 -0.636906 -0.702412 -0.747922 -0.849480 -0.933286 -0.981939 0.940106 0.917052 0.855809 0.730304 0.522005 0.300953 -0.036550 -0.257950 -0.355075 -0.555785 -0.685120 -0.719995 -0.758446 -0.862810 -0.933896 -0.983375 
35.392532 794013.437500 54 54 54 0.899666 0.828072 0.626377 0.943001 0.922833 0.859086 0.741278 0.635914 0.568996 0.340365 0.075465 -0.268237 -0.416052 -0.643082 -0.708330 -0.794456 -0.864155 -0.925940 -0.981105 0.942399 0.933310 0.849662 0.722902 0.630937 0.517216 0.277274 0.026314 -0.260844 -0.459744 -0.598496 -0.698319 -0.744684 -0.847210 -0.908713 -0.974567 
31.199961 727094.000000 54 52 54 0.658421 0.668614 0.565750 0.933382 0.903270 0.819318 0.726416 0.637424 0.549145 0.154764 -0.123413 -0.223928 -0.351043 -0.517521 -0.683887 -0.768515 -0.851827 -0.919261 -0.978601 0.931358 0.901208 0.851615 0.718373 0.646911 0.583077 0.385650 0.102374 -0.289381 -0.446867 -0.610495 -0.727151 -0.790062 -0.858069 -0.938257 -0.983967 
37.787766 6118034.000000 54 54 54 0.636622 0.447075 0.693898 0.968354 0.948644 0.802278 0.647951 0.550301 0.380736 0.246771 -0.088695 -0.243613 -0.365884 -0.500103 -0.596363 -0.701011 -0.812734 -0.946392 -0.986856 0.946537 0.921758 0.785846 0.699260 0.615131 0.469995 0.152413 -0.123039 -0.224784 -0.324189 -0.441530 -0.647358 -0.734004 -0.823386 -0.919008 -0.981488 
34.369209 761969.250000 28 54 54 0.726193 0.465279 0.721402 0.946630 0.921720 0.796517 0.684632 0.613502 0.374617 0.150998 -0.135866 -0.294880 -0.445682 -0.617221 -0.715408 -0.769742 -0.883850 -0.937535 -0.981012 0.962709 0.926648 0.813007 0.659452 0.600415 0.395572 0.198681 -0.178954 -0.290177 -0.424007 -0.550588 -0.662399 -0.719968 -0.844744 -0.947911 -0.981488 
30.775738 282162.093750 54 56 110 0.800058 0.553553 0.529580 0.947368 0.913992 0.782715 0.682711 0.625898 0.478680 0.180937 -0.102452 -0.301935 -0.419667 -0.621152 -0.714351 -0.789983 -0.891969 -0.958469 -0.986234 0.943306 0.924920 0.754829 0.682099 0.621078 0.433577 0.115351 -0.121880 -0.274633 -0.395500 -0.615186 -0.721378 -0.796060 -0.888090 -0.969706 -0.986853 
23.430878 82977.257812 108 56 110 0.480178 0.527655 0.350277 0.972199 0.926264 0.856701 0.710973 0.668642 0.482639 0.250488 -0.041642 -0.280159 -0.423754 -0.594416 -0.696745 -0.750067 -0.866734 -0.933670 -0.989617 0.965418 0.921360 0.798946 0.695531 0.656978 0.497100 0.222182 -0.059488 -0.301429 -0.429455 -0.585131 -0.709529 -0.750296 -0.843563 -0.955616 -0.994774 
27.518715 408326.281250 56 56 24 0.477878 0.493733 0.578260 0.960795 0.942901 0.831380 0.638792 0.566211 0.372277 0.054575 -0.053641 -0.259692 -0.376444 -0.424801 -0.653254 -0.790971 -0.839546 -0.962377 -0.995864 0.966052 0.923098 0.800421 0.700158 0.615571 0.377254 0.153852 -0.077829 -0.224217 -0.403108 -0.546223 -0.715161 -0.767168 -0.879502 -0.959936 -0.993635 
34.348869 972306.437500 24 60 24 0.359906 0.437841 0.369112 0.955106 0.925221 0.750454 0.660724 0.463986 0.279313 0.242604 -0.134004 -0.203275 -0.262021 -0.426306 -0.664797 -0.742745 -0.811090 -0.925252 -0.974534 0.966284 0.956300 0.835496 0.624403 0.569423 0.333816 0.200158 -0.053402 -0.202532 -0.342161 -0.446270 -0.699283 -0.790049 -0.817688 -0.934585 -0.989008 
32.787560 631437.812500 24 58 26 0.620127 0.633120 0.326117 0.947692 0.899051 0.726083 0.612903 0.425574 0.352846 0.207467 -0.012589 -0.168763 -0.336251 -0.427138 -0.615678 -0.706463 -0.819301 -0.937491 -0.975955 0.955155 0.908827 0.742470 0.629329 0.368010 0.317564 0.175554 -0.039800 -0.164888 -0.311817 -0.408574 -0.569240 -0.711467 -0.780582 -0.923984 -0.969375 
33.558750 276207.593750 140 20 56 0.536968 0.385526 0.793883 0.988550 0.974137 0.930362 0.781120 0.663660 0.535242 0.317360 0.179981 -0.104160 -0.235122 -0.400741 -0.547226 -0.693810 -0.755937 -0.895508 -0.966809 0.968073 0.844148 0.751905 0.651237 0.536615 0.384670 0.261728 0.044462 -0.135878 -0.284785 -0.419656 -0.635032 -0.726784 -0.800595 -0.922659 -0.972907 
48.204453 149914.406250 56 64 64 0.661522 0.949354 0.987363 0.984406 0.977832 0.936988 0.874634 0.809726 0.726237 0.620584 0.332928 0.121831 -0.202945 -0.319917 -0.522847 -0.688646 -0.800215 -0.888237 -0.968087 0.984772 0.975918 0.932507 0.861442 0.776565 0.699938 0.508843 0.260736 0.027993 -0.211082 -0.296701 -0.509462 -0.690311 -0.767048 -0.884192 -0.977241 
52.137146 190123.468750 64 64 64 0.988656 0.996055 0.996899 0.984148 0.979060 0.935456 0.881150 0.832756 0.748406 0.667899 0.317909 0.111892 -0.155481 -0.358948 -0.540626 -0.685707 -0.808994 -0.908149 -0.979195 0.984644 0.978601 0.938066 0.878050 0.823900 0.740647 0.657528 0.351373 0.090694 -0.158195 -0.351266 -0.541546 -0.707949 -0.815722 -0.901773 -0.977024 
56.795258 312434.812500 64 64 64 0.995753 0.973571 0.937816 0.982910 0.978866 0.944964 0.874251 0.837153 0.747740 0.695573 0.385990 0.084994 -0.125336 -0.331635 -0.525480 -0.691182 -0.814971 -0.921324 -0.977111 0.983449 0.979193 0.938735 0.879436 0.844211 0.750106 0.678544 0.325645 0.089876 -0.142651 -0.328200 -0.530143 -0.692164 -0.817032 -0.917757 -0.977560 
60.592484 872088.750000 64 62 60 0.955256 0.996174 0.970034 0.981577 0.977539 0.948678 0.842082 0.804810 0.715941 0.665056 0.540308 0.056014 -0.084345 -0.282014 -0.507233 -0.674692 -0.816235 -0.917666 -0.979128 0.982420 0.978295 0.950330 0.859606 0.815714 0.732780 0.683206 0.491664 0.082878 -0.094872 -0.328944 -0.527186 -0.682425 -0.813031 -0.919157 -0.979529 
63.021912 2722992.500000 62 60 60 0.954288 0.988200 0.991940 0.980146 0.976603 0.939155 0.820508 0.774446 0.670020 0.587337 0.539365 0.053861 -0.097336 -0.136916 -0.473467 -0.616540 -0.787694 -0.906975 -0.976772 0.980689 0.976914 0.943636 0.828079 0.796632 0.707337 0.632504 0.549818 0.013490 -0.087949 -0.152096 -0.470807 -0.652592 -0.803977 -0.912095 -0.977620 
63.878689 6814749.500000 60 60 60 0.992812 0.997998 0.993469 0.980063 0.976237 0.947335 0.794143 0.733330 0.660645 0.489296 0.413486 -0.024124 -0.164407 -0.251103 -0.447541 -0.558626 -0.644440 -0.878306 -0.973885 0.980258 0.976380 0.947938 0.809517 0.738960 0.650387 0.558296 0.476774 0.017949 -0.120677 -0.183387 -0.450699 -0.565297 -0.722658 -0.899621 -0.975850 
63.790024 11740124.000000 60 60 60 0.995337 0.991759 0.993554 0.979773 0.975973 0.943106 0.768288 0.733108 0.638698 0.406150 0.371698 -0.060876 -0.200554 -0.251404 -0.463170 -0.579524 -0.643831 -0.842067 -0.969020 0.979812 0.976064 0.943380 0.780164 0.729839 0.645890 0.441644 0.384970 -0.019550 -0.178723 -0.261662 -0.473382 -0.577897 -0.644659 -0.831617 -0.969835 
63.470741 13676163.000000 60 60 60 0.993968 0.998321 0.998105 0.979738 0.976151 0.932999 0.768148 0.738106 0.597366 0.407363 0.383081 -0.072914 -0.193691 -0.245465 -0.456025 -0.576336 -0.647002 -0.758023 -0.963597 0.979678 0.975938 0.937783 0.767233 0.736716 0.625891 0.404395 0.380791 -0.070374 -0.197551 -0.243735 -0.442050 -0.578934 -0.633014 -0.780888 -0.967588 
63.284348 11774020.000000 60 60 60 0.999103 0.996603 0.998628 0.980143 0.976604 0.939411 0.789150 0.735645 0.554387 0.408785 0.383031 -0.077089 -0.193512 -0.263894 -0.472254 -0.571948 -0.664801 -0.750745 -0.957560 0.980015 0.976496 0.935531 0.774560 0.737492 0.568687 0.410205 0.384718 -0.085870 -0.192036 -0.258709 -0.459354 -0.574271 -0.660897 -0.761029 -0.961567 
62.782898 7994156.500000 60 60 58 0.998076 0.990321 0.966274 0.979593 0.976004 0.939747 0.812679 0.769477 0.568752 0.394113 0.373874 -0.075772 -0.212887 -0.263645 -0.464905 -0.585537 -0.643557 -0.797236 -0.967712 0.979990 0.976418 0.941601 0.809791 0.745513 0.554790 0.401978 0.377546 -0.088685 -0.202686 -0.266212 -0.468308 -0.572866 -0.642947 -0.769327 -0.964673 
62.187561 3951760.750000 58 58 58 0.967170 0.991313 0.979611 0.979565 0.975342 0.951560 0.834953 0.779732 0.643078 0.388453 0.366876 -0.035215 -0.222771 -0.300606 -0.448818 -0.595754 -0.649754 -0.828548 -0.971314 0.979369 0.975536 0.944464 0.817630 0.785629 0.612197 0.389657 0.364850 -0.071065 -0.218622 -0.289291 -0.468192 -0.594940 -0.654025 -0.838227 -0.970755 
60.888004 2345655.250000 58 58 56 0.977855 0.982709 0.953443 0.978957 0.974602 0.944559 0.855567 0.806189 0.657702 0.386893 0.352967 -0.007666 -0.227982 -0.289784 -0.484112 -0.584853 -0.640792 -0.859219 -0.972315 0.979425 0.975145 0.950818 0.856998 0.794682 0.631185 0.389503 0.362883 0.018215 -0.231976 -0.298628 -0.468883 -0.580308 -0.637280 -0.863850 -0.971909 
59.066574 1554970.250000 56 56 56 0.927274 0.940275 0.925375 0.980103 0.973821 0.961467 0.891887 0.768302 0.663368 0.329107 0.290187 -0.174670 -0.254516 -0.306608 -0.487497 -0.598637 -0.646684 -0.875356 -0.983970 0.979150 0.973720 0.953184 0.863140 0.787616 0.648389 0.375575 0.329769 -0.096235 -0.235327 -0.295701 -0.492350 -0.600900 -0.652344 -0.853434 -0.976207 
55.794941 1265013.875000 56 54 52 0.946437 0.858061 0.959558 0.980835 0.971578 0.948738 0.883913 0.791169 0.662789 0.328766 0.283765 -0.032738 -0.278974 -0.332382 -0.490791 -0.583325 -0.630677 -0.933812 -0.993929 0.979355 0.972628 0.952861 0.881203 0.783433 0.618675 0.347486 0.305924 -0.133784 -0.272653 -0.303585 -0.470410 -0.581990 -0.634964 -0.936870 -0.991103 
54.194092 796962.500000 52 52 50 0.958554 0.940283 0.961658 0.982906 0.969702 0.953781 0.897863 0.782349 0.614928 0.391975 0.329963 -0.165965 -0.276541 -0.315783 -0.483632 -0.572245 -0.630796 -0.909205 -0.996508 0.982582 0.971127 0.956973 0.890422 0.778542 0.633371 0.371220 0.319225 -0.115998 -0.251112 -0.324114 -0.504571 -0.579927 -0.615422 -0.937705 -0.995555 
52.811615 350871.468750 50 50 50 0.954790 0.951860 0.944589 0.983471 0.970501 0.949121 0.921805 0.858537 0.652525 0.425712 0.215757 -0.142222 -0.267646 -0.332047 -0.516262 -0.559176 -0.652451 -0.896907 -0.978998 0.982978 0.969731 0.951779 0.914437 0.810789 0.639672 0.413206 0.225964 -0.114690 -0.284080 -0.315787 -0.494190 -0.551296 -0.648023 -0.899574 -0.993011 
51.042290 125725.320312 50 50 52 0.926378 0.964889 0.874453 0.984757 0.972251 0.954385 0.929133 0.855128 0.679675 0.459077 0.253470 -0.164497 -0.271462 -0.309706 -0.484679 -0.564461 -0.736138 -0.911370 -0.975458 0.985030 0.971333 0.949266 0.925531 0.880017 0.708271 0.441148 0.211773 -0.123633 -0.264553 -0.325689 -0.516844 -0.564719 -0.695188 -0.902552 -0.972437 
42.930317 24757.867188 52 52 56 0.948051 0.700819 0.903816 0.993482 0.986168 0.950418 0.867199 0.772163 0.694582 0.440358 0.320370 0.017254 -0.181111 -0.309595 -0.462670 -0.638720 -0.790414 -0.922886 -0.971329 0.986501 0.971935 0.956873 0.910211 0.798543 0.698535 0.436485 0.288659 -0.057599 -0.246955 -0.303572 -0.488908 -0.602142 -0.793961 -0.906366 -0.978009 
42.243099 22577.966797 58 58 58 0.896509 0.913878 0.856459 0.993888 0.987184 0.958586 0.908652 0.840577 0.622162 0.410775 0.166734 -0.000133 -0.152017 -0.340687 -0.528724 -0.677498 -0.816653 -0.912307 -0.973224 0.993550 0.987584 0.956132 0.899513 0.789471 0.649050 0.449187 0.231655 0.007284 -0.136872 -0.355164 -0.510375 -0.658738 -0.813069 -0.914006 -0.968223 
43.460751 29471.183594 56 60 64 0.866014 0.884184 0.883055 0.994655 0.988932 0.949741 0.909511 0.848971 0.619727 0.397311 0.119314 0.027363 -0.110590 -0.311927 -0.500127 -0.658788 -0.799106 -0.916599 -0.978788 0.994501 0.989673 0.951215 0.912209 0.859021 0.586983 0.374796 0.112754 0.013150 -0.131678 -0.296198 -0.488941 -0.681818 -0.809513 -0.923027 -0.978414 
45.883156 32915.863281 64 64 64 0.871207 0.922625 0.899707 0.995021 0.991114 0.958728 0.912734 0.827154 0.582582 0.387921 0.161384 -0.025410 -0.152598 -0.225892 -0.474916 -0.661088 -0.800200 -0.921963 -0.977420 0.994700 0.989033 0.955916 0.919617 0.852492 0.640713 0.413080 0.145362 0.024072 -0.146740 -0.260188 -0.479804 -0.666070 -0.817122 -0.912915 -0.977004 
46.886971 85450.156250 66 66 66 0.897396 0.961489 0.851518 0.994841 0.988305 0.952676 0.919305 0.827911 0.573356 0.199072 0.072507 -0.061358 -0.122561 -0.163596 -0.310462 -0.567946 -0.794167 -0.912948 -0.975622 0.995122 0.990776 0.948663 0.913693 0.801009 0.581347 0.313036 0.069356 -0.079495 -0.149511 -0.184929 -0.371481 -0.619751 -0.794059 -0.915684 -0.973000 
46.997200 204020.656250 68 68 68 0.857490 0.896319 0.899845 0.994991 0.988177 0.943911 0.907975 0.797442 0.479769 0.165878 0.021538 -0.082143 -0.109370 -0.218172 -0.436560 -0.600403 -0.760191 -0.936365 -0.975448 0.995108 0.989557 0.948713 0.914308 0.809019 0.489705 0.198605 0.066567 -0.065190 -0.108726 -0.167491 -0.290576 -0.554011 -0.772797 -0.895768 -0.971973 
54.967724 736941.375000 68 68 68 0.917378 0.556508 0.974026 0.985089 0.977018 0.953230 0.930092 0.859734 0.670311 0.229976 0.024017 -0.064122 -0.112017 -0.318675 -0.561090 -0.642357 -0.689299 -0.903414 -0.971231 0.989851 0.976460 0.956176 0.910131 0.817424 0.621161 0.142150 -0.069440 -0.109518 -0.228874 -0.388446 -0.523888 -0.636502 -0.794194 -0.949381 -0.974957 
57.639938 550087.812500 68 66 66 0.984320 0.991831 0.954147 0.984028 0.976592 0.951931 0.931638 0.863596 0.724227 0.325720 0.079523 -0.051056 -0.093535 -0.287674 -0.597993 -0.657167 -0.702143 -0.878964 -0.974325 0.984670 0.976604 0.951859 0.931451 0.869944 0.733134 0.236939 0.033300 -0.060129 -0.103232 -0.303769 -0.582683 -0.641938 -0.685021 -0.863982 -0.973128 
59.310783 522465.281250 64 64 64 0.975013 0.991136 0.961600 0.983001 0.977736 0.954640 0.937935 0.852077 0.692422 0.361842 0.111451 -0.010807 -0.101556 -0.166746 -0.522415 -0.657281 -0.787800 -0.913544 -0.977681 0.983585 0.977516 0.953536 0.935393 0.862772 0.707154 0.305790 0.094190 -0.038675 -0.091636 -0.192665 -0.568715 -0.656606 -0.740003 -0.896832 -0.976353 
60.889198 707661.875000 64 62 62 0.969372 0.988604 0.996364 0.982392 0.977383 0.954299 0.939648 0.846039 0.675931 0.306620 0.136221 0.017092 -0.079842 -0.155444 -0.472209 -0.662675 -0.797173 -0.912815 -0.977304 0.982544 0.977505 0.954871 0.938957 0.837279 0.673415 0.365753 0.120074 0.000580 -0.092609 -0.168573 -0.497393 -0.665800 -0.794263 -0.914809 -0.977829 
61.181633 1272342.625000 62 62 62 0.993707 0.997719 0.993547 0.981856 0.975449 0.950379 0.931893 0.837241 0.657243 0.264090 0.178867 0.059963 -0.055605 -0.134660 -0.524367 -0.635486 -0.773403 -0.909187 -0.976160 0.982205 0.976665 0.952390 0.936025 0.838582 0.674273 0.257421 0.161041 0.061712 -0.065466 -0.132663 -0.500669 -0.658644 -0.785458 -0.910667 -0.977110 
61.043858 2941794.250000 62 62 60 0.998319 0.990032 0.975538 0.980409 0.973700 0.938666 0.912020 0.827819 0.631050 0.276990 0.251435 0.007770 -0.058244 -0.249312 -0.536603 -0.579262 -0.672366 -0.874850 -0.972822 0.981367 0.974683 0.946753 0.924014 0.833913 0.646026 0.266246 0.230221 0.011523 -0.055157 -0.162088 -0.537508 -0.594126 -0.691752 -0.888865 -0.973171 
61.138618 3510456.250000 62 60 60 0.944909 0.990555 0.987642 0.979336 0.972168 0.927632 0.899829 0.833728 0.594463 0.386683 0.339866 0.043700 -0.018880 -0.360585 -0.511037 -0.566559 -0.622289 -0.851187 -0.971014 0.979656 0.972807 0.930875 0.904617 0.830825 0.610043 0.341443 0.305418 0.037472 -0.043202 -0.308573 -0.525435 -0.567090 -0.631301 -0.861590 -0.971577 
60.955162 4482787.500000 60 60 58 0.994793 0.964775 0.984888 0.977573 0.967974 0.926543 0.887243 0.807954 0.635162 0.470256 0.377218 0.022138 -0.055381 -0.304784 -0.499144 -0.554504 -0.685629 -0.830125 -0.969838 0.979038 0.971165 0.928863 0.896120 0.832751 0.606990 0.417666 0.379718 0.016934 -0.030003 -0.361687 -0.507730 -0.539330 -0.659052 -0.876493 -0.971906 
61.445816 9662521.000000 58 58 56 0.988389 0.942204 0.953076 0.976324 0.965903 0.928973 0.846521 0.750961 0.634876 0.541888 0.449631 -0.003674 -0.170594 -0.265327 -0.493831 -0.598681 -0.718130 -0.775205 -0.957552 0.975020 0.963331 0.924788 0.869610 0.788498 0.635176 0.520793 0.377693 0.019319 -0.111762 -0.259679 -0.479483 -0.618685 -0.717143 -0.780314 -0.964000 
61.997810 13027602.000000 56 56 56 0.959038 0.971381 0.986241 0.976426 0.970910 0.913319 0.767107 0.699690 0.629657 0.532932 0.456130 0.016732 -0.141200 -0.229434 -0.459200 -0.585275 -0.673886 -0.771279 -0.962504 0.976462 0.969506 0.913911 0.797112 0.744864 0.637555 0.549071 0.472085 0.020353 -0.162978 -0.251355 -0.475726 -0.581430 -0.681907 -0.795177 -0.963638 
63.224274 28708666.000000 56 56 56 0.991210 0.993656 0.968576 0.977288 0.973099 0.929811 0.747862 0.646287 0.583426 0.372913 0.270558 0.011954 -0.123818 -0.203638 -0.450227 -0.575657 -0.686399 -0.738278 -0.951212 0.976656 0.972125 0.918720 0.737708 0.679990 0.605623 0.480214 0.381280 0.062705 -0.128506 -0.196665 -0.459021 -0.565452 -0.677815 -0.747168 -0.952003 
63.726700 44962760.000000 56 56 56 0.976766 0.983838 0.968580 0.978297 0.974091 0.949365 0.748645 0.632405 0.590088 0.215753 0.004900 -0.070862 -0.273401 -0.379873 -0.511956 -0.584483 -0.698394 -0.742109 -0.949688 0.977860 0.973772 0.943736 0.739311 0.638337 0.581183 0.269969 0.090623 -0.072066 -0.201385 -0.299682 -0.473116 -0.591934 -0.701250 -0.750875 -0.954405 
57.898022 2962100.750000 56 56 58 0.979076 0.930310 0.793610 0.980602 0.973509 0.946653 0.754953 0.642090 0.582237 0.417162 0.179183 -0.025113 -0.183576 -0.411289 -0.489123 -0.571234 -0.664384 -0.880472 -0.968682 0.979328 0.973325 0.955461 0.785175 0.641034 0.594862 0.283846 0.045710 -0.051250 -0.248276 -0.445693 -0.519562 -0.593276 -0.680573 -0.813567 -0.971096 
44.678459 913314.437500 58 56 58 0.813239 0.617116 0.839122 0.987223 0.973418 0.925402 0.780292 0.670680 0.547357 0.480625 0.198653 0.046675 -0.125258 -0.360709 -0.452897 -0.566407 -0.678689 -0.764536 -0.956796 0.986698 0.969915 0.931366 0.769316 0.648608 0.558780 0.463253 0.283015 0.059827 -0.120923 -0.352940 -0.472603 -0.576870 -0.655329 -0.833231 -0.964717 
50.434624 5148501.500000 58 62 56 0.870043 0.691113 0.957691 0.980394 0.972373 0.939805 0.732150 0.634232 0.571029 0.335715 0.192070 0.047203 -0.245996 -0.339040 -0.397348 -0.566588 -0.680300 -0.741236 -0.951320 0.988312 0.974949 0.919310 0.769139 0.653987 0.546435 0.439220 0.216287 0.035430 -0.235383 -0.351401 -0.476210 -0.595936 -0.681442 -0.830807 -0.967926 
59.854931 25162922.000000 56 56 56 0.899185 0.986167 0.985264 0.977645 0.970295 0.936827 0.779965 0.620645 0.589314 0.279626 0.167136 0.037592 -0.204829 -0.367583 -0.418170 -0.565400 -0.673799 -0.818134 -0.960071 0.977716 0.971651 0.941032 0.757589 0.629970 0.592432 0.302615 0.191319 0.029374 -0.223590 -0.368420 -0.409558 -0.568991 -0.684291 -0.812037 -0.943500 
58.425598 23451988.000000 56 56 56 0.981817 0.993101 0.996649 0.977674 0.969239 0.929356 0.758491 0.613494 0.565948 0.317494 0.189280 0.070409 -0.203955 -0.329246 -0.407804 -0.568056 -0.688169 -0.797216 -0.955789 0.977618 0.969131 0.930247 0.775716 0.614089 0.571948 0.287882 0.172003 0.043913 -0.205420 -0.353903 -0.416280 -0.583611 -0.702626 -0.799777 -0.954661 
57.699284 14569591.000000 56 56 60 0.996193 0.992858 0.783033 0.978585 0.972286 0.933154 0.734656 0.620002 0.559508 0.283715 0.200408 0.047384 -0.196478 -0.300278 -0.427987 -0.526006 -0.603144 -0.793928 -0.950465 0.977577 0.969842 0.928410 0.748775 0.611946 0.561537 0.299975 0.197190 0.056946 -0.190140 -0.321359 -0.426372 -0.570758 -0.668453 -0.872475 -0.961796 
49.706730 767515.437500 58 56 56 0.827482 0.975675 0.962426 0.988936 0.972535 0.950104 0.866988 0.640048 0.608254 0.367685 0.225461 0.128946 -0.107211 -0.361354 -0.406544 -0.551213 -0.673939 -0.837116 -0.959120 0.984162 0.972400 0.947222 0.794182 0.624805 0.574135 0.295116 0.200640 0.061211 -0.175012 -0.280763 -0.430271 -0.503188 -0.626996 -0.795906 -0.940787 
52.234150 8861891.000000 56 56 56 0.950435 0.908875 0.917181 0.980965 0.970283 0.945745 0.722164 0.591392 0.516853 0.298734 0.157574 0.025718 -0.167782 -0.258712 -0.452819 -0.535002 -0.643436 -0.705498 -0.942715 0.988622 0.975599 0.953813 0.845636 0.635041 0.597981 0.312152 0.240526 0.046562 -0.133385 -0.302491 -0.419887 -0.545268 -0.675431 -0.808159 -0.964527 
57.753090 28962536.000000 56 56 56 0.931538 0.974587 0.994321 0.979705 0.970611 0.944501 0.716448 0.512421 0.449386 0.306792 0.152654 -0.015722 -0.183713 -0.259850 -0.449253 -0.616003 -0.716406 -0.738199 -0.911025 0.978567 0.969922 0.940530 0.732870 0.539158 0.486003 0.292137 0.165585 0.007279 -0.169425 -0.260199 -0.441887 -0.590473 -0.683544 -0.721624 -0.834772 
57.390053 25021104.000000 56 56 56 0.992146 0.996686 0.978801 0.981902 0.973732 0.957405 0.720910 0.442448 0.376428 0.270513 0.089365 -0.084691 -0.194202 -0.315795 -0.423444 -0.654089 -0.719086 -0.771274 -0.985557 0.980832 0.972381 0.952352 0.729839 0.465596 0.415966 0.305851 0.117980 -0.060450 -0.191362 -0.275641 -0.424267 -0.619320 -0.720247 -0.739198 -0.978083 
56.253403 10664116.000000 56 56 56 0.986639 0.988379 0.954278 0.986982 0.975247 0.967951 0.815833 0.385764 0.322196 0.222739 0.040978 -0.146927 -0.220795 -0.373051 -0.432757 -0.618264 -0.694747 -0.861422 -0.987362 0.984395 0.974647 0.964637 0.769019 0.391860 0.339347 0.248621 0.062673 -0.115855 -0.209218 -0.349421 -0.420862 -0.664933 -0.710098 -0.820894 -0.986322 
51.076912 6592260.500000 56 58 62 0.963205 0.935998 0.874179 0.991186 0.978858 0.949676 0.661143 0.498062 0.361466 0.223588 0.113643 -0.189438 -0.261019 -0.387324 -0.465308 -0.650722 -0.739559 -0.814268 -0.970682 0.988387 0.976188 0.966696 0.720120 0.475051 0.329300 0.238219 0.060599 -0.169069 -0.239177 -0.374082 -0.444191 -0.607609 -0.727836 -0.877051 -0.974847 
45.804588 1604784.625000 62 62 68 0.872431 0.903606 0.894058 0.993413 0.982722 0.962880 0.641054 0.509804 0.432556 0.236759 0.147914 -0.172294 -0.262911 -0.385657 -0.452626 -0.682695 -0.742246 -0.799837 -0.950805 0.991975 0.980735 0.959367 0.659891 0.512096 0.373885 0.224224 0.128000 -0.166202 -0.267750 -0.377460 -0.462969 -0.646770 -0.746173 -0.779623 -0.972444 
43.311657 967837.687500 68 72 78 0.856580 0.816125 0.805127 0.994293 0.982777 0.967128 0.707359 0.508973 0.416215 0.210920 0.116713 -0.165631 -0.264025 -0.379386 -0.519846 -0.723995 -0.750058 -0.880618 -0.964068 0.993896 0.983229 0.963477 0.608013 0.510987 0.403278 0.249821 0.127532 -0.158114 -0.300754 -0.394335 -0.494739 -0.716415 -0.761320 -0.881764 -0.958253 
40.811192 952240.250000 78 78 76 0.855611 0.708795 0.890165 0.992708 0.980603 0.966300 0.653954 0.495039 0.392628 0.197128 0.078378 -0.228508 -0.299505 -0.437605 -0.568741 -0.727683 -0.755344 -0.913275 -0.971439 0.993023 0.982629 0.966382 0.685807 0.494717 0.370405 0.169747 0.066784 -0.179557 -0.264488 -0.404283 -0.527544 -0.722115 -0.749821 -0.911916 -0.953525 
40.583473 1126432.375000 76 72 72 0.895808 0.885208 0.889622 0.992743 0.981648 0.966902 0.767716 0.470877 0.259760 0.179880 -0.053815 -0.287169 -0.344122 -0.466042 -0.681516 -0.732062 -0.798050 -0.931952 -0.969494 0.992408 0.982242 0.962455 0.680798 0.472189 0.337550 0.199645 0.016263 -0.246914 -0.305756 -0.449411 -0.648309 -0.737310 -0.777209 -0.925579 -0.958252 
44.599186 1774980.875000 72 70 66 0.861313 0.976288 0.972516 0.992761 0.982665 0.973466 0.783915 0.310910 0.236325 0.157861 -0.099441 -0.252842 -0.312575 -0.415924 -0.610912 -0.723164 -0.751412 -0.885767 -0.974299 0.993378 0.983899 0.972593 0.802858 0.362929 0.238175 0.156629 -0.116283 -0.262939 -0.330397 -0.452170 -0.636581 -0.723022 -0.760458 -0.916950 -0.969407 
49.524273 5013483.500000 66 64 62 0.963480 0.993229 0.977302 0.993044 0.981497 0.973202 0.797919 0.294551 0.251295 0.141681 -0.066448 -0.207436 -0.286712 -0.380157 -0.528515 -0.723824 -0.742320 -0.867743 -0.977179 0.993177 0.981966 0.973515 0.821806 0.288779 0.239689 0.151944 -0.087405 -0.227839 -0.303227 -0.390974 -0.568164 -0.721143 -0.743314 -0.872605 -0.977706 
52.740475 9692830.000000 62 60 60 0.958244 0.976567 0.997442 0.989398 0.977701 0.970559 0.732705 0.334974 0.272256 0.197736 0.031189 -0.174277 -0.252099 -0.357834 -0.441852 -0.726745 -0.740224 -0.869048 -0.972148 0.990776 0.978532 0.971153 0.782632 0.305197 0.264870 0.179677 -0.040869 -0.181216 -0.268657 -0.359514 -0.473294 -0.729250 -0.749207 -0.860830 -0.978215 
54.860832 12634469.000000 60 60 60 0.998295 0.994823 0.983511 0.987340 0.976616 0.969269 0.711396 0.369687 0.326883 0.264312 0.141437 -0.139093 -0.244862 -0.330984 -0.402389 -0.732185 -0.756024 -0.840366 -0.977820 0.988877 0.977186 0.970055 0.711511 0.352712 0.313953 0.206763 0.049309 -0.152725 -0.254775 -0.341787 -0.448687 -0.737853 -0.749637 -0.854856 -0.976009 
58.198189 14765314.000000 60 60 60 0.989541 0.972255 0.972853 0.982592 0.975825 0.965008 0.745183 0.424836 0.395218 0.287540 0.237364 -0.054391 -0.207504 -0.298089 -0.400712 -0.646632 -0.695214 -0.857990 -0.981641 0.984968 0.976079 0.968034 0.728777 0.398059 0.352647 0.278881 0.223159 -0.124295 -0.230275 -0.320207 -0.396857 -0.680844 -0.740906 -0.854060 -0.981741 
63.356743 43108360.000000 60 60 60 0.978545 0.980747 0.974948 0.980062 0.975589 0.956113 0.720788 0.503984 0.439173 0.339827 0.259288 -0.013665 -0.190897 -0.243263 -0.469313 -0.622970 -0.702096 -0.734333 -0.939213 0.980790 0.975722 0.959524 0.724208 0.453935 0.418068 0.320156 0.238562 -0.021175 -0.211651 -0.281867 -0.440239 -0.631879 -0.704163 -0.756079 -0.965016 
63.456264 19749808.000000 60 60 60 0.982622 0.993121 0.978067 0.979213 0.974977 0.938056 0.723924 0.602227 0.552634 0.386464 0.335276 0.081619 -0.099036 -0.168081 -0.424312 -0.629758 -0.678404 -0.730729 -0.957053 0.979728 0.975462 0.950742 0.742154 0.548979 0.493450 0.350183 0.304728 0.052847 -0.166920 -0.207197 -0.461213 -0.634275 -0.683029 -0.731044 -0.934687 
60.960014 9011993.000000 60 60 60 0.986230 0.964934 0.936023 0.978525 0.973342 0.925190 0.749268 0.669197 0.629964 0.474295 0.391692 0.090042 -0.032426 -0.124159 -0.448382 -0.627950 -0.684514 -0.817991 -0.991773 0.978808 0.974234 0.926854 0.735515 0.636212 0.590560 0.426798 0.380329 0.130354 -0.067589 -0.145105 -0.412254 -0.622569 -0.683052 -0.774943 -0.968154 
59.837337 4986191.500000 60 58 60 0.945672 0.974693 0.944481 0.978250 0.972503 0.921706 0.772816 0.724350 0.629037 0.541563 0.389200 0.261808 0.007991 -0.183531 -0.451940 -0.650894 -0.713308 -0.922997 -0.994298 0.978089 0.972701 0.918729 0.773470 0.700013 0.622380 0.513338 0.386489 0.146364 -0.032538 -0.123387 -0.449770 -0.627455 -0.702164 -0.889435 -0.994833 
59.335255 2743991.750000 58 58 58 0.955889 0.963935 0.965381 0.978609 0.973596 0.919314 0.821605 0.739810 0.670078 0.547423 0.407257 0.277380 -0.041893 -0.161286 -0.435589 -0.683021 -0.732220 -0.904926 -0.983659 0.978569 0.973064 0.922888 0.804650 0.717753 0.641862 0.539192 0.414488 0.241267 -0.023352 -0.168467 -0.416807 -0.659205 -0.713503 -0.920314 -0.990496 
59.753891 2260454.750000 58 58 58 0.974172 0.979940 0.993192 0.978423 0.973298 0.921401 0.813469 0.762518 0.666705 0.624522 0.447211 0.249827 0.021853 -0.227428 -0.467981 -0.669232 -0.774010 -0.908130 -0.978188 0.978617 0.973659 0.919769 0.819304 0.758446 0.672302 0.616909 0.429112 0.277288 0.005681 -0.146976 -0.434629 -0.676387 -0.746667 -0.901252 -0.979209 
59.940613 1698942.875000 58 58 58 0.993783 0.996480 0.992906 0.978613 0.972894 0.936882 0.818477 0.721263 0.673757 0.613268 0.532711 0.228622 0.027018 -0.144349 -0.456262 -0.660011 -0.794654 -0.924888 -0.990559 0.978377 0.973034 0.928090 0.816721 0.741347 0.661999 0.622036 0.499273 0.243817 0.019156 -0.208150 -0.458347 -0.673509 -0.778253 -0.911330 -0.983780 
59.666882 4531722.500000 58 58 58 0.995428 0.994764 0.996337 0.977945 0.971210 0.928702 0.764370 0.709802 0.650877 0.539527 0.428818 0.196541 -0.042671 -0.085591 -0.488209 -0.645491 -0.666560 -0.872148 -0.992874 0.978371 0.972258 0.934230 0.781815 0.714155 0.666320 0.565918 0.491371 0.264208 0.014931 -0.128754 -0.479931 -0.639767 -0.767879 -0.926025 -0.995955 
57.803577 7183774.500000 58 58 60 0.995972 0.994778 0.967764 0.978347 0.969113 0.930098 0.775409 0.685534 0.631773 0.396072 0.313397 0.131527 -0.105591 -0.157481 -0.401385 -0.640376 -0.702241 -0.751873 -0.956898 0.977724 0.969975 0.925648 0.769632 0.691594 0.640260 0.437069 0.343450 0.148162 -0.059762 -0.092735 -0.490573 -0.644322 -0.671915 -0.809213 -0.971046 
53.291164 3287599.750000 58 60 60 0.946474 0.849011 0.833070 0.982621 0.975390 0.917915 0.752841 0.706591 0.604759 0.369073 0.294616 0.079561 -0.168357 -0.206001 -0.531841 -0.701423 -0.771556 -0.940366 -0.966422 0.980341 0.970172 0.930426 0.785444 0.691028 0.621954 0.372289 0.304753 0.115893 -0.143071 -0.185785 -0.446556 -0.659526 -0.721027 -0.764260 -0.940943 
45.257832 538542.125000 62 62 60 0.851113 0.559302 0.598213 0.988623 0.974094 0.931601 0.744461 0.690725 0.592069 0.404638 0.315116 0.072390 -0.138480 -0.198205 -0.554506 -0.703583 -0.816089 -0.943682 -0.974053 0.984342 0.970023 0.934398 0.754034 0.705285 0.611174 0.368338 0.290073 0.082473 -0.164100 -0.211655 -0.602003 -0.713060 -0.872957 -0.949878 -0.969580 
40.779907 226689.500000 60 204 70 0.809769 0.786487 0.567895 0.993294 0.979136 0.924059 0.784870 0.696857 0.573801 0.409760 0.328905 0.205914 -0.180817 -0.292962 -0.552221 -0.663952 -0.796123 -0.933293 -0.966678 0.991532 0.976822 0.930685 0.761445 0.677097 0.591235 0.432977 0.339122 0.176904 -0.133187 -0.236805 -0.506381 -0.655526 -0.791459 -0.947810 -0.975021 
49.017876 4756219.500000 70 66 64 0.584489 0.839298 0.933800 0.982226 0.975283 0.923036 0.722021 0.628758 0.572732 0.344244 0.280435 0.091547 -0.236280 -0.267231 -0.418705 -0.633973 -0.744196 -0.937199 -0.958906 0.989686 0.977686 0.919956 0.760062 0.679839 0.571348 0.407925 0.325907 0.068649 -0.218808 -0.272306 -0.500267 -0.689232 -0.850986 -0.948851 -0.962939 
57.405708 13813127.000000 64 64 64 0.931192 0.966183 0.973186 0.980376 0.968051 0.940181 0.783053 0.597432 0.548459 0.388795 0.274649 0.170834 -0.202018 -0.296389 -0.384958 -0.596588 -0.704919 -0.743407 -0.930391 0.981463 0.973180 0.936266 0.765029 0.617698 0.562261 0.375244 0.290993 0.120720 -0.223171 -0.287459 -0.391315 -0.618078 -0.704835 -0.768457 -0.946901 
59.493103 31764510.000000 64 64 64 0.986122 0.991087 0.989987 0.974360 0.959443 0.941553 0.758462 0.583295 0.522961 0.341204 0.244303 0.121731 -0.205796 -0.325278 -0.417256 -0.579709 -0.718076 -0.754875 -0.950873 0.977573 0.963128 0.939901 0.763430 0.590599 0.539300 0.379286 0.256708 0.161812 -0.190390 -0.318226 -0.407323 -0.587337 -0.710937 -0.752342 -0.938837 
59.903496 23235980.000000 64 64 64 0.991045 0.994767 0.948755 0.976082 0.961242 0.944830 0.790664 0.583147 0.504223 0.359027 0.248036 0.118825 -0.195774 -0.324784 -0.418216 -0.588527 -0.727477 -0.758809 -0.957558 0.973073 0.959024 0.941593 0.775475 0.586611 0.508786 0.352602 0.246207 0.122256 -0.207644 -0.333808 -0.425086 -0.593535 -0.720211 -0.753843 -0.955273 
57.559528 12796086.000000 64 66 66 0.958997 0.967025 0.981270 0.982230 0.970141 0.947101 0.794773 0.576679 0.491999 0.385310 0.238172 0.052049 -0.165050 -0.332913 -0.443066 -0.598203 -0.719052 -0.756773 -0.915283 0.979581 0.965447 0.945697 0.788067 0.579652 0.500715 0.381024 0.248194 0.095964 -0.172392 -0.320800 -0.432956 -0.609429 -0.726437 -0.762633 -0.931452 
55.599903 6223602.500000 66 66 70 0.986498 0.933981 0.324723 0.986109 0.979755 0.958934 0.716538 0.541161 0.461853 0.334939 0.145493 -0.001182 -0.223731 -0.359066 -0.478653 -0.594895 -0.698385 -0.737954 -0.947815 0.984238 0.976040 0.947294 0.791121 0.552078 0.457824 0.358383 0.164413 0.008356 -0.223257 -0.352342 -0.467194 -0.600997 -0.721849 -0.751082 -0.951908 
42.518280 309363.031250 72 68 70 0.355025 0.749476 0.537884 0.993777 0.974636 0.947521 0.769036 0.574980 0.497817 0.382639 0.276104 0.124706 -0.061694 -0.363481 -0.431920 -0.611051 -0.711912 -0.797168 -0.955930 0.991014 0.976494 0.950981 0.735874 0.579512 0.496508 0.368848 0.228606 0.003918 -0.178459 -0.402613 -0.468452 -0.631297 -0.734125 -0.823015 -0.960206 
39.781239 142561.421875 218 220 220 0.776887 0.715996 0.723440 0.991919 0.973210 0.944111 0.772465 0.576604 0.486195 0.434945 0.334026 0.149638 -0.119256 -0.373861 -0.427607 -0.631365 -0.695872 -0.818058 -0.965192 0.992447 0.969867 0.953189 0.812212 0.560928 0.502848 0.401078 0.360264 0.120324 -0.018444 -0.373862 -0.410431 -0.648048 -0.709759 -0.841689 -0.972352 
38.957130 3377810.250000 70 110 72 0.607785 0.604569 0.755224 0.980157 0.966063 0.843810 0.615564 0.472000 0.298113 0.095992 -0.049729 -0.156987 -0.219003 -0.363073 -0.586924 -0.715356 -0.821360 -0.948417 -0.987792 0.987097 0.971649 0.935603 0.698242 0.581467 0.456754 0.404292 0.211897 -0.076657 -0.132723 -0.257802 -0.411499 -0.640290 -0.712636 -0.913446 -0.967492 
44.369064 7257897.500000 72 62 60 0.773147 0.301490 0.778276 0.991846 0.983235 0.934366 0.486710 0.395073 0.300720 0.186845 0.025109 -0.196612 -0.291860 -0.458026 -0.645525 -0.739388 -0.885565 -0.948757 -0.984825 0.980218 0.961513 0.773981 0.528779 0.380144 0.196772 0.050314 -0.055475 -0.216051 -0.295029 -0.488917 -0.636009 -0.737538 -0.894451 -0.951454 -0.985379 
48.501022 3012516.000000 58 62 62 0.712580 0.961280 0.971423 0.988455 0.978994 0.964598 0.652650 0.505722 0.430909 0.318987 0.207816 -0.029656 -0.258939 -0.292812 -0.530423 -0.682119 -0.851714 -0.938015 -0.981483 0.989835 0.979252 0.963204 0.594506 0.448902 0.407354 0.300332 0.211784 -0.129901 -0.266780 -0.369451 -0.612169 -0.693897 -0.854747 -0.935493 -0.981484 
45.726189 670918.375000 64 66 70 0.949956 0.955021 0.842661 0.989782 0.981658 0.966671 0.641091 0.587734 0.522234 0.330425 0.135098 -0.010369 -0.263317 -0.355150 -0.633836 -0.705410 -0.820891 -0.948255 -0.981411 0.989582 0.980097 0.970563 0.681873 0.534783 0.461454 0.296802 0.228338 -0.058276 -0.255792 -0.319697 -0.529593 -0.693129 -0.809838 -0.932184 -0.975749 
32.744686 85044.835938 70 66 64 0.898861 0.702481 0.869163 0.988712 0.969761 0.944128 0.693896 0.525074 0.428483 0.386597 0.245108 0.003004 -0.222408 -0.371945 -0.596372 -0.715346 -0.856332 -0.948421 -0.986851 0.992053 0.981455 0.951005 0.666946 0.566886 0.432537 0.341295 0.136481 0.012826 -0.264903 -0.389115 -0.630693 -0.709190 -0.822331 -0.937585 -0.985782 
23.804726 14936.255859 64 66 64 0.862887 0.776149 0.820722 0.982911 0.973999 0.924042 0.686076 0.560370 0.473945 0.378080 0.254401 0.019382 -0.196308 -0.360093 -0.560779 -0.687250 -0.829106 -0.944223 -0.979669 0.985682 0.972616 0.935299 0.713304 0.521581 0.443966 0.393701 0.264415 0.005329 -0.209721 -0.374401 -0.562771 -0.703329 -0.861618 -0.945122 -0.985453 
39.111904 3569333.000000 64 66 30 0.924644 0.502210 0.840119 0.968179 0.855330 0.736261 0.641611 0.399870 0.367582 0.261122 0.188664 -0.204580 -0.326478 -0.486927 -0.611629 -0.695956 -0.801597 -0.906159 -0.959645 0.983299 0.956289 0.786897 0.685773 0.457949 0.379903 0.285763 0.210285 -0.123004 -0.336560 -0.450326 -0.581871 -0.679404 -0.808289 -0.911422 -0.955293 
35.864822 1478126.625000 28 58 68 0.683388 0.648577 0.493769 0.979737 0.904604 0.747043 0.577160 0.345811 0.263117 0.113534 -0.046605 -0.190624 -0.308625 -0.471489 -0.684815 -0.735221 -0.810618 -0.922250 -0.962375 0.976620 0.928454 0.730926 0.586613 0.388870 0.339648 0.198833 0.085546 -0.218901 -0.306769 -0.511468 -0.657227 -0.744391 -0.809627 -0.923207 -0.964817 
35.431545 944659.812500 68 130 26 0.441278 0.387082 0.693225 0.967492 0.929768 0.754318 0.550439 0.369994 0.318696 0.111420 -0.005910 -0.179259 -0.312762 -0.429192 -0.596169 -0.738901 -0.865859 -0.917031 -0.983962 0.968097 0.899096 0.750576 0.576073 0.358544 0.315336 0.082081 -0.036155 -0.174181 -0.319297 -0.452869 -0.647087 -0.742666 -0.839488 -0.904397 -0.969304 
51.442841 6251519.500000 102 50 52 0.677175 0.651964 0.957928 0.984980 0.969358 0.949957 0.876767 0.557645 0.396208 0.340250 0.225912 -0.022537 -0.181980 -0.315909 -0.411566 -0.612773 -0.738803 -0.812965 -0.968058 0.988749 0.969286 0.941041 0.836754 0.425774 0.338812 0.188386 0.027877 -0.114277 -0.289448 -0.388078 -0.547617 -0.701416 -0.822086 -0.896685 -0.973851 
60.399719 88843512.000000 52 54 56 0.970331 0.923967 0.978314 0.976613 0.968816 0.928626 0.719168 0.476934 0.405295 0.309228 0.204286 -0.010975 -0.229309 -0.344225 -0.450715 -0.590769 -0.716799 -0.761721 -0.946545 0.977258 0.967109 0.936996 0.748690 0.490114 0.400584 0.336270 0.196557 -0.011707 -0.208278 -0.332439 -0.432399 -0.576409 -0.713650 -0.764933 -0.937411 
61.428940 79368304.000000 56 56 56 0.978668 0.996889 0.981212 0.976718 0.971478 0.936651 0.738971 0.451333 0.404392 0.272835 0.184650 -0.039443 -0.223780 -0.349986 -0.449209 -0.625194 -0.700435 -0.779041 -0.983198 0.976710 0.970148 0.931321 0.741061 0.471759 0.408250 0.293290 0.210984 0.002220 -0.220430 -0.362821 -0.462436 -0.607064 -0.710249 -0.770644 -0.968317 
63.502747 91854248.000000 56 56 54 0.977456 0.969250 0.976510 0.976762 0.972136 0.947518 0.740775 0.430048 0.382172 0.268038 0.197973 -0.050088 -0.241026 -0.369039 -0.443581 -0.636213 -0.705894 -0.794818 -0.994218 0.976784 0.971875 0.944129 0.744747 0.437417 0.395038 0.272297 0.193265 -0.053175 -0.234990 -0.359695 -0.442468 -0.640995 -0.711190 -0.787094 -0.992306 
62.145035 52930248.000000 54 52 52 0.978838 0.977959 0.989814 0.977702 0.969658 0.955071 0.777138 0.397865 0.346705 0.250795 0.190499 -0.059428 -0.250449 -0.371779 -0.433360 -0.646577 -0.697566 -0.870169 -0.990190 0.976898 0.971024 0.953518 0.757763 0.411049 0.358652 0.268989 0.195145 -0.042902 -0.239838 -0.361856 -0.441503 -0.616218 -0.700522 -0.779995 -0.993922 
59.970428 57275432.000000 52 52 52 0.990585 0.982534 0.984106 0.983838 0.970661 0.956440 0.699648 0.393615 0.328796 0.235894 0.171297 -0.054181 -0.249550 -0.372732 -0.454431 -0.618940 -0.691826 -0.959287 -0.975095 0.980060 0.970169 0.958927 0.752211 0.384046 0.336031 0.230335 0.182709 -0.089448 -0.261766 -0.378127 -0.443603 -0.647438 -0.690965 -0.940145 -0.986412 
56.254143 12183340.000000 52 54 58 0.986386 0.986117 0.969710 0.988927 0.976376 0.964750 0.765835 0.440732 0.355331 0.260617 0.147076 -0.015347 -0.198540 -0.342068 -0.466872 -0.613916 -0.734494 -0.943814 -0.959870 0.987111 0.973384 0.959428 0.707758 0.399733 0.327830 0.238711 0.166112 -0.014784 -0.239036 -0.371313 -0.474602 -0.605509 -0.693398 -0.953123 -0.964997 
50.458035 19496010.000000 58 60 54 0.971035 0.891484 0.478924 0.980819 0.975264 0.905383 0.551844 0.425315 0.316129 0.187588 -0.055648 -0.190376 -0.311718 -0.438692 -0.646614 -0.719014 -0.877520 -0.933709 -0.964373 0.987178 0.977101 0.964919 0.731780 0.456616 0.363103 0.228847 0.112509 -0.046572 -0.265818 -0.355577 -0.590463 -0.695501 -0.797954 -0.942996 -0.979679 
53.834629 80275328.000000 56 56 56 0.378526 0.859281 0.960494 0.975580 0.970944 0.691754 0.435030 0.346084 0.276867 -0.006424 -0.086020 -0.253516 -0.365955 -0.494978 -0.636847 -0.728874 -0.844653 -0.944490 -0.983538 0.980554 0.965243 0.698810 0.473181 0.343240 0.286350 0.039339 -0.075026 -0.209485 -0.344645 -0.464129 -0.630693 -0.702058 -0.856773 -0.945865 -0.988364 
56.961475 64828200.000000 54 54 54 0.950230 0.960892 0.880881 0.974557 0.965935 0.628172 0.387090 0.345159 0.122105 -0.027057 -0.190179 -0.286107 -0.373512 -0.484828 -0.674845 -0.797646 -0.902913 -0.950814 -0.976920 0.975428 0.970282 0.758750 0.398604 0.352273 0.177037 -0.038825 -0.151119 -0.265315 -0.336692 -0.535744 -0.652274 -0.779915 -0.887579 -0.942449 -0.971778 
54.521667 34645560.000000 56 54 54 0.918782 0.854165 0.741691 0.976768 0.963015 0.686821 0.486796 0.346274 0.144334 -0.025383 -0.199629 -0.290617 -0.403382 -0.581570 -0.646640 -0.807199 -0.904385 -0.953502 -0.980496 0.976392 0.958608 0.644304 0.422662 0.337966 0.134719 -0.043400 -0.215210 -0.293684 -0.385806 -0.559326 -0.682026 -0.810458 -0.902833 -0.955400 -0.983763 
54.615448 31750756.000000 56 54 54 0.806804 0.422096 0.777009 0.976266 0.947017 0.573739 0.413806 0.338637 0.152481 -0.015871 -0.170830 -0.280222 -0.365832 -0.529868 -0.662582 -0.810638 -0.904764 -0.949696 -0.972995 0.973426 0.941834 0.623503 0.445903 0.321049 0.110591 -0.050455 -0.223101 -0.321180 -0.388450 -0.533628 -0.662446 -0.828468 -0.903551 -0.945079 -0.981619 
49.168018 14439183.000000 28 26 160 0.629451 0.778869 0.676657 0.975708 0.968750 0.855758 0.460624 0.396349 0.251000 0.074082 -0.074485 -0.223593 -0.293032 -0.461619 -0.636016 -0.765446 -0.881974 -0.948385 -0.979439 0.974000 0.966498 0.599327 0.413829 0.354441 0.172271 0.014724 -0.138465 -0.269812 -0.333690 -0.519301 -0.648296 -0.760688 -0.897851 -0.942840 -0.974877 
45.777897 10599841.000000 54 64 74 0.670955 0.761399 0.859540 0.987347 0.973201 0.937335 0.678019 0.569547 0.411357 0.266545 0.116206 -0.093294 -0.253936 -0.425134 -0.596031 -0.711508 -0.851128 -0.923231 -0.966828 0.989857 0.976447 0.939729 0.567882 0.431620 0.300569 0.118058 -0.066771 -0.213671 -0.297391 -0.484157 -0.625882 -0.767458 -0.866123 -0.954332 -0.977510 
50.949402 16796594.000000 74 84 92 0.873289 0.695086 0.875718 0.979444 0.968069 0.928499 0.666698 0.595270 0.484234 0.281369 0.159628 -0.085266 -0.190102 -0.355874 -0.637693 -0.707340 -0.814425 -0.933652 -0.966969 0.981110 0.970200 0.932384 0.658003 0.585161 0.445783 0.284293 0.157821 -0.065000 -0.192317 -0.353075 -0.632189 -0.707636 -0.799478 -0.925570 -0.966999 
49.640041 4775333.500000 94 98 106 0.916959 0.759736 0.905696 0.979635 0.969214 0.945366 0.685516 0.611856 0.506574 0.259267 0.175302 -0.097997 -0.187164 -0.417788 -0.610395 -0.681346 -0.810805 -0.926539 -0.967714 0.976640 0.966939 0.935674 0.660541 0.605170 0.491425 0.264486 0.173029 -0.068915 -0.181670 -0.363602 -0.630136 -0.687157 -0.791557 -0.927295 -0.964974 
39.493504 768571.375000 106 104 210 0.777363 0.424030 0.602798 0.988665 0.977861 0.944913 0.675112 0.601034 0.389557 0.252094 0.111547 -0.191115 -0.291073 -0.432373 -0.546161 -0.742653 -0.864452 -0.942215 -0.969336 0.979407 0.969881 0.948556 0.698077 0.601424 0.417258 0.254158 0.145449 -0.177420 -0.296966 -0.422085 -0.553864 -0.691171 -0.851096 -0.930283 -0.968326 
30.571392 225155.062500 166 58 92 0.655871 0.569119 0.578025 0.991309 0.978668 0.934631 0.633288 0.585601 0.496529 0.287832 0.091815 -0.133808 -0.343172 -0.388999 -0.526140 -0.836585 -0.880349 -0.928697 -0.981551 0.987587 0.970191 0.927155 0.623643 0.565085 0.420708 0.277261 0.085262 -0.186633 -0.308005 -0.402355 -0.562514 -0.762488 -0.863564 -0.951998 -0.975647 
29.699749 64393.667969 92 86 86 0.612921 0.714898 0.583770 0.992424 0.980857 0.954790 0.702803 0.571944 0.453396 0.223768 0.118676 -0.197291 -0.313439 -0.378760 -0.551215 -0.711068 -0.842825 -0.931021 -0.965936 0.990073 0.981807 0.937123 0.663619 0.574126 0.457518 0.255851 0.119310 -0.151775 -0.314643 -0.399251 -0.535242 -0.771577 -0.863990 -0.925782 -0.977469 
26.390638 22869.625000 166 164 164 0.559309 0.735405 0.755847 0.994414 0.983838 0.943582 0.728844 0.556162 0.392179 0.271487 0.122434 -0.219909 -0.310952 -0.404419 -0.565357 -0.719071 -0.853760 -0.929495 -0.969056 0.995181 0.984518 0.951124 0.728462 0.582486 0.439491 0.251430 0.078741 -0.223375 -0.306318 -0.376143 -0.545055 -0.704179 -0.831165 -0.922307 -0.973529 
19.805805 13751.695312 228 138 140 0.523795 0.672556 0.515032 0.989224 0.974087 0.928751 0.707451 0.517256 0.372648 0.259618 0.085048 -0.144464 -0.303379 -0.429741 -0.547685 -0.725179 -0.853548 -0.909032 -0.970769 0.994209 0.981654 0.932531 0.715275 0.530950 0.380923 0.248747 0.105101 -0.150276 -0.279275 -0.418152 -0.567872 -0.726015 -0.866264 -0.943348 -0.977009 
12.205343 8694.898438 116 92 58 0.574333 0.303218 0.498594 0.985590 0.968987 0.887233 0.678258 0.552143 0.370635 0.206412 0.083779 -0.176014 -0.284285 -0.398096 -0.563887 -0.732220 -0.851688 -0.919915 -0.979511 0.984833 0.967966 0.861582 0.656136 0.545862 0.378624 0.233104 0.103991 -0.178219 -0.313117 -0.400050 -0.550232 -0.706567 -0.838230 -0.922420 -0.976210 
10.956799 6686.762207 156 72 54 0.493862 0.448375 0.431263 0.978274 0.962969 0.887621 0.654202 0.571373 0.372797 0.248267 0.114702 -0.152377 -0.307822 -0.449347 -0.591766 -0.731710 -0.846728 -0.913716 -0.974404 0.979213 0.962839 0.876660 0.675106 0.561130 0.398330 0.241181 0.094013 -0.152124 -0.294742 -0.462411 -0.607550 -0.737135 -0.821107 -0.920352 -0.975164 
