43.531296 22386.818359 20 44 54 0.000000 0.815485 0.631588 0.991698 0.987673 0.967680 0.901189 0.859264 0.749288 0.407981 0.171657 -0.134238 -0.213995 -0.340814 -0.501557 -0.666308 -0.809908 -0.919168 -0.975189 0.991105 0.987303 0.967385 0.874560 0.722894 0.584436 0.377265 0.169852 0.000219 -0.239877 -0.431270 -0.528006 -0.704650 -0.820031 -0.927897 -0.970297 
51.107670 243960.109375 52 52 50 0.660337 0.972205 0.992693 0.991201 0.981417 0.955397 0.899845 0.838356 0.782959 0.526712 -0.062610 -0.162031 -0.241162 -0.322325 -0.387678 -0.601546 -0.704897 -0.876848 -0.977975 0.991628 0.982573 0.959156 0.898760 0.839126 0.778643 0.497181 0.047450 -0.174064 -0.218780 -0.330814 -0.373758 -0.584993 -0.764817 -0.893005 -0.976633 
57.965160 9993018.000000 50 50 48 0.986309 0.980114 0.742484 0.983395 0.965014 0.941591 0.890041 0.831312 0.681832 0.134004 -0.098059 -0.167300 -0.288881 -0.345674 -0.473389 -0.579874 -0.675151 -0.760391 -0.976723 0.989796 0.977875 0.950750 0.895770 0.829576 0.753806 0.425531 -0.049414 -0.157748 -0.215276 -0.304674 -0.354932 -0.593861 -0.678585 -0.847707 -0.985782 
65.154190 68107016.000000 48 50 48 0.880691 0.956387 0.993170 0.971944 0.947130 0.920703 0.886808 0.799155 0.640387 0.110596 -0.053725 -0.118224 -0.237051 -0.327150 -0.448087 -0.562001 -0.694218 -0.784939 -0.956053 0.972268 0.955663 0.925199 0.886642 0.812268 0.649674 0.126356 -0.073019 -0.150403 -0.264238 -0.321019 -0.467193 -0.558912 -0.688351 -0.762668 -0.945777 
65.719009 74027944.000000 48 48 46 0.984093 0.945707 0.985784 0.970144 0.945976 0.914528 0.885217 0.803436 0.612412 0.084437 -0.022237 -0.086102 -0.191467 -0.304585 -0.426944 -0.571697 -0.687018 -0.778807 -0.934711 0.970539 0.946067 0.918316 0.889971 0.793365 0.629902 0.120307 -0.019834 -0.108858 -0.206308 -0.305846 -0.438079 -0.552497 -0.706051 -0.762730 -0.964965 
65.411354 51352476.000000 46 46 44 0.990981 0.928979 0.988481 0.972674 0.944557 0.913482 0.882484 0.826680 0.636464 0.138981 0.025175 -0.074577 -0.190098 -0.266437 -0.382593 -0.550092 -0.710320 -0.750110 -0.965485 0.971247 0.944102 0.912198 0.880829 0.815184 0.610215 0.120650 -0.012347 -0.086814 -0.175173 -0.277184 -0.406319 -0.587416 -0.693343 -0.744687 -0.956925 
64.849930 41664176.000000 44 44 42 0.974227 0.976788 0.988176 0.971755 0.942319 0.908673 0.881836 0.822317 0.661846 0.136474 0.010120 -0.041470 -0.138367 -0.252820 -0.387697 -0.604599 -0.683655 -0.777604 -0.964010 0.972087 0.945053 0.910406 0.877770 0.821300 0.641677 0.131911 0.026843 -0.044630 -0.164817 -0.269061 -0.375473 -0.560016 -0.706891 -0.780080 -0.959605 
64.029282 18731840.000000 42 42 40 0.968518 0.986064 0.967282 0.973379 0.947655 0.904836 0.878908 0.817410 0.730949 0.282340 0.068910 -0.007906 -0.134373 -0.225384 -0.341618 -0.551734 -0.711524 -0.789245 -0.953808 0.973926 0.943055 0.905737 0.880033 0.820602 0.712092 0.209980 0.027955 -0.046921 -0.128758 -0.231034 -0.339380 -0.585785 -0.704958 -0.767983 -0.962023 
62.489029 10615757.000000 40 40 40 0.963512 0.973387 0.901942 0.978781 0.948956 0.896904 0.875184 0.810697 0.757338 0.351271 0.075424 -0.002599 -0.061668 -0.231874 -0.369511 -0.603176 -0.712013 -0.809688 -0.964437 0.978052 0.949315 0.901818 0.879916 0.819473 0.738478 0.350922 0.063696 0.010010 -0.098716 -0.217622 -0.352941 -0.570236 -0.671319 -0.821639 -0.962022 
59.365307 6982296.000000 40 40 40 0.919259 0.907171 0.973215 0.979871 0.958451 0.915863 0.872317 0.770108 0.702075 0.601297 0.141858 -0.045912 -0.162276 -0.250834 -0.329575 -0.546547 -0.703416 -0.806607 -0.954039 0.983327 0.953800 0.889893 0.867996 0.782599 0.731864 0.478091 0.082208 -0.026424 -0.140301 -0.248582 -0.351076 -0.590553 -0.695647 -0.806230 -0.946501 
57.231628 3472762.250000 40 40 42 0.948453 0.928511 0.838288 0.983566 0.964112 0.925794 0.888514 0.800474 0.682627 0.389337 0.092225 -0.105862 -0.187927 -0.282704 -0.413589 -0.534395 -0.773083 -0.855020 -0.934631 0.980965 0.960433 0.932809 0.891764 0.747849 0.693518 0.552749 0.095739 -0.066485 -0.155433 -0.249529 -0.350495 -0.512670 -0.747501 -0.851390 -0.947688 
47.084888 17253242.000000 42 44 40 0.883989 0.669528 0.821525 0.973210 0.924303 0.897646 0.819017 0.659621 0.425755 0.147336 -0.055874 -0.227139 -0.324427 -0.564097 -0.613661 -0.773597 -0.894959 -0.941793 -0.988520 0.985986 0.965359 0.906006 0.871376 0.741140 0.659453 0.202507 -0.012372 -0.126478 -0.249542 -0.377856 -0.551060 -0.672507 -0.803456 -0.911706 -0.966628 
50.673809 29721848.000000 40 42 40 0.770419 0.660577 0.845236 0.967034 0.944669 0.884331 0.771162 0.618061 0.317194 0.106532 -0.112552 -0.323345 -0.469209 -0.610678 -0.688090 -0.855183 -0.925039 -0.970293 -0.990256 0.955036 0.938257 0.880922 0.800025 0.604674 0.327815 0.134358 -0.124040 -0.260746 -0.475512 -0.616304 -0.653561 -0.833201 -0.898900 -0.952327 -0.992431 
51.432159 15340485.000000 40 42 38 0.837834 0.759906 0.527512 0.967894 0.937608 0.870680 0.771183 0.566102 0.386983 0.093905 -0.156478 -0.255083 -0.455558 -0.618745 -0.735824 -0.866914 -0.927293 -0.958257 -0.988533 0.976312 0.940018 0.870142 0.784465 0.575867 0.342328 0.131110 -0.157797 -0.253858 -0.455285 -0.614165 -0.703605 -0.874226 -0.939286 -0.967708 -0.989041 
46.902126 8495144.000000 40 40 42 0.508134 0.731573 0.551860 0.955542 0.938838 0.877085 0.833584 0.446305 0.320445 0.126931 -0.066364 -0.307840 -0.464127 -0.619587 -0.684547 -0.829205 -0.927557 -0.962948 -0.992734 0.955425 0.921143 0.879375 0.828465 0.592656 0.345525 0.097112 -0.082679 -0.311953 -0.482765 -0.603231 -0.706948 -0.858527 -0.909632 -0.969675 -0.996203 
48.213303 9885398.000000 22 26 120 0.697224 0.431748 0.529439 0.936603 0.897810 0.871087 0.739164 0.510695 0.318471 0.116553 -0.149311 -0.273155 -0.505560 -0.678233 -0.718505 -0.814731 -0.917465 -0.971175 -0.991878 0.952850 0.922161 0.878408 0.798845 0.512335 0.313159 0.080494 -0.107646 -0.302795 -0.532426 -0.618391 -0.703441 -0.867424 -0.925227 -0.968014 -0.992615 
50.414284 19761116.000000 40 38 28 0.488163 0.481160 0.524951 0.954709 0.937772 0.854782 0.697571 0.478164 0.320884 0.097872 -0.096662 -0.309803 -0.518667 -0.633758 -0.714287 -0.835668 -0.916911 -0.963955 -0.978527 0.943781 0.911842 0.866716 0.722356 0.474298 0.290252 0.103055 -0.103774 -0.279865 -0.488369 -0.650835 -0.714860 -0.836880 -0.901858 -0.954596 -0.979953 
49.264523 10197864.000000 26 106 34 0.492960 0.593705 0.826396 0.976371 0.932597 0.884833 0.731630 0.557144 0.402134 0.062439 -0.071205 -0.288892 -0.536893 -0.591254 -0.657069 -0.842737 -0.893920 -0.948622 -0.979238 0.943475 0.909424 0.870593 0.662571 0.473311 0.361761 0.067781 -0.077990 -0.276425 -0.573324 -0.603856 -0.721849 -0.872951 -0.924681 -0.962088 -0.981228 
56.306923 77996592.000000 42 38 40 0.407825 0.907533 0.959457 0.985732 0.973160 0.915374 0.753237 0.662885 0.525020 0.227793 0.041765 -0.043898 -0.248176 -0.489660 -0.556610 -0.694145 -0.757320 -0.931596 -0.972172 0.985669 0.976873 0.920554 0.760442 0.656632 0.577441 0.174186 0.044691 -0.062573 -0.336038 -0.543646 -0.597547 -0.803514 -0.884699 -0.956581 -0.977184 
57.496101 107853168.000000 40 40 40 0.970325 0.976526 0.992060 0.981484 0.958873 0.916512 0.731245 0.685079 0.509676 0.217505 0.026210 -0.037683 -0.231814 -0.393487 -0.524687 -0.638834 -0.728599 -0.886678 -0.974179 0.983328 0.963367 0.914421 0.738102 0.679172 0.524700 0.237201 0.026706 -0.038151 -0.199838 -0.462109 -0.520302 -0.680204 -0.736336 -0.877435 -0.968199 
55.952911 24367272.000000 40 40 42 0.977902 0.985359 0.962717 0.986647 0.972463 0.907547 0.733922 0.702416 0.491418 0.240678 0.103733 0.008957 -0.060329 -0.354571 -0.534746 -0.637977 -0.742730 -0.922525 -0.979376 0.983158 0.961947 0.917955 0.734840 0.695621 0.535922 0.212226 0.035506 -0.012027 -0.168448 -0.332267 -0.495951 -0.608822 -0.682080 -0.881570 -0.968305 
54.160233 2991608.250000 42 40 42 0.948488 0.932770 0.970434 0.989424 0.985821 0.946767 0.760277 0.712718 0.615142 0.293495 0.039154 -0.013103 -0.190089 -0.427743 -0.550253 -0.654451 -0.837474 -0.946261 -0.973732 0.989080 0.983840 0.942882 0.761664 0.701189 0.539313 0.289095 0.128020 -0.018873 -0.144605 -0.402902 -0.565439 -0.679924 -0.829256 -0.938547 -0.978978 
54.447556 1876615.250000 42 42 42 0.967778 0.964575 0.949505 0.989487 0.986074 0.952471 0.815467 0.708867 0.611765 0.329662 0.069986 -0.028627 -0.157361 -0.368732 -0.551045 -0.654915 -0.809482 -0.940624 -0.963154 0.989486 0.985113 0.949997 0.809285 0.723142 0.627669 0.302508 0.071265 -0.038170 -0.150606 -0.391317 -0.516766 -0.687603 -0.854365 -0.946057 -0.974461 
56.103497 1515260.625000 42 42 42 0.963044 0.968735 0.953579 0.989190 0.984900 0.921868 0.881582 0.786016 0.706586 0.411423 0.083707 -0.016981 -0.104505 -0.307731 -0.496240 -0.604656 -0.747708 -0.933877 -0.968119 0.989183 0.985984 0.930825 0.858958 0.748259 0.667358 0.425725 0.058957 -0.019155 -0.144375 -0.343048 -0.544922 -0.636403 -0.801769 -0.932955 -0.968243 
55.888599 583754.812500 42 42 44 0.982130 0.951486 0.987491 0.989928 0.986443 0.924366 0.899695 0.822585 0.698516 0.421437 0.115535 0.005847 -0.136121 -0.231417 -0.452542 -0.621814 -0.797640 -0.942978 -0.971350 0.989618 0.985646 0.923408 0.890540 0.812043 0.697565 0.453112 0.099914 -0.005157 -0.158074 -0.308966 -0.445485 -0.591210 -0.756040 -0.937558 -0.972622 
53.263695 683343.750000 44 44 44 0.991777 0.951956 0.817147 0.990236 0.984357 0.922413 0.898921 0.791884 0.702118 0.370401 0.102941 -0.016588 -0.206789 -0.349695 -0.520201 -0.615851 -0.760414 -0.905056 -0.969870 0.990232 0.986654 0.927863 0.898187 0.805683 0.698494 0.483848 0.138087 -0.048109 -0.138037 -0.235371 -0.480707 -0.641687 -0.825550 -0.934237 -0.970695 
54.949028 2493002.250000 44 44 44 0.843551 0.882153 0.801951 0.980870 0.961042 0.924819 0.885319 0.825336 0.751670 0.273374 0.101032 0.031684 -0.150422 -0.203659 -0.383319 -0.623984 -0.676306 -0.852724 -0.970927 0.986134 0.970358 0.919220 0.900597 0.830560 0.728951 0.322048 0.080504 0.002394 -0.143269 -0.223972 -0.462808 -0.591752 -0.717100 -0.887709 -0.965118 
59.023594 12702444.000000 42 42 42 0.986937 0.979478 0.971144 0.976202 0.958361 0.922214 0.831214 0.806842 0.686965 0.267668 0.129791 0.027245 -0.142946 -0.241335 -0.457962 -0.613271 -0.699331 -0.743760 -0.926549 0.978403 0.958165 0.930620 0.843823 0.817430 0.736671 0.227067 0.114265 0.020312 -0.154281 -0.221327 -0.423267 -0.633532 -0.695733 -0.764888 -0.955511 
59.322418 27252040.000000 42 42 42 0.975746 0.980714 0.966223 0.980348 0.960111 0.925832 0.801201 0.735798 0.691011 0.249069 0.086001 -0.019880 -0.163373 -0.349305 -0.496461 -0.619384 -0.702938 -0.761359 -0.863292 0.977215 0.958547 0.923303 0.825339 0.754221 0.687990 0.272573 0.117809 0.006922 -0.146455 -0.298092 -0.489158 -0.616821 -0.704680 -0.759523 -0.868742 
55.257416 31506482.000000 44 44 46 0.878971 0.939138 0.887309 0.988973 0.976698 0.906207 0.796929 0.708246 0.612505 0.089401 -0.056646 -0.258055 -0.439188 -0.530171 -0.679172 -0.820713 -0.871119 -0.928395 -0.965907 0.985256 0.966917 0.921980 0.803299 0.734444 0.680208 0.263366 0.057283 -0.040571 -0.197829 -0.410462 -0.501312 -0.623095 -0.697051 -0.793835 -0.910623 
53.808830 24528860.000000 46 44 42 0.849259 0.768573 0.932159 0.989350 0.976029 0.877847 0.769613 0.696635 0.304996 0.068493 -0.184341 -0.402072 -0.504317 -0.661042 -0.790116 -0.858692 -0.911226 -0.955840 -0.991143 0.989579 0.978064 0.907904 0.775701 0.717699 0.421966 0.053823 -0.155204 -0.358560 -0.509875 -0.650757 -0.776927 -0.854112 -0.904742 -0.944433 -0.983821 
54.719742 19174232.000000 44 44 42 0.840297 0.877391 0.867630 0.975191 0.951311 0.868300 0.750585 0.649729 0.289961 -0.039199 -0.303167 -0.448649 -0.541319 -0.668545 -0.786214 -0.863546 -0.912924 -0.954683 -0.982934 0.985435 0.961428 0.876158 0.774634 0.676838 0.334325 0.047604 -0.205005 -0.423059 -0.511544 -0.672809 -0.787815 -0.850585 -0.922481 -0.960598 -0.984651 
56.724133 52446968.000000 44 44 42 0.761436 0.805124 0.671167 0.979243 0.952201 0.817698 0.706609 0.435914 0.082751 -0.028629 -0.227573 -0.362956 -0.475755 -0.598121 -0.667549 -0.771846 -0.892524 -0.918316 -0.970366 0.973674 0.954237 0.824720 0.731952 0.623182 0.152339 -0.033316 -0.318890 -0.434471 -0.519046 -0.642384 -0.740571 -0.852414 -0.905581 -0.944735 -0.979062 
49.859642 29260050.000000 42 44 44 0.857411 0.862649 0.730767 0.981444 0.946202 0.805023 0.620279 0.359367 0.276741 0.150724 0.054726 -0.192934 -0.336893 -0.482293 -0.626423 -0.762375 -0.850296 -0.929405 -0.974067 0.981095 0.951267 0.813309 0.627020 0.310860 0.166014 0.080025 -0.108705 -0.255723 -0.369274 -0.529568 -0.640335 -0.793711 -0.872008 -0.951141 -0.981459 
39.940639 3756239.000000 44 44 40 0.768926 0.654784 0.775205 0.974166 0.927905 0.763194 0.704982 0.497430 0.333439 0.231055 0.048491 -0.205149 -0.378201 -0.493089 -0.629833 -0.760266 -0.863135 -0.938111 -0.978468 0.974990 0.940820 0.750404 0.673946 0.461424 0.305609 0.230590 0.051261 -0.153673 -0.381787 -0.466733 -0.609500 -0.764301 -0.852901 -0.929181 -0.977449 
48.445412 6441354.500000 42 44 46 0.708248 0.794637 0.963652 0.987580 0.974607 0.896632 0.814701 0.748038 0.609969 0.361486 0.141506 -0.104067 -0.224176 -0.446487 -0.599002 -0.754211 -0.887463 -0.927746 -0.979393 0.988129 0.979161 0.881236 0.793976 0.664492 0.449207 0.258385 0.098655 -0.135741 -0.349654 -0.495303 -0.625620 -0.760481 -0.876490 -0.920402 -0.983111 
54.270462 9119898.000000 46 46 46 0.973988 0.961350 0.973106 0.984733 0.968745 0.916621 0.791905 0.749146 0.634289 0.530065 0.237827 -0.030697 -0.125737 -0.405407 -0.561249 -0.711106 -0.830184 -0.928189 -0.971894 0.984698 0.968976 0.913512 0.812037 0.750289 0.643619 0.476224 0.153884 -0.035444 -0.189092 -0.420709 -0.591779 -0.702748 -0.845147 -0.943195 -0.971828 
56.554356 14052300.000000 46 46 48 0.978749 0.994853 0.956418 0.986455 0.970708 0.934104 0.751730 0.683782 0.592572 0.466387 0.343760 0.022242 -0.118706 -0.291131 -0.554255 -0.668000 -0.815428 -0.923357 -0.955351 0.984784 0.969404 0.920370 0.778889 0.713962 0.617772 0.521498 0.286214 -0.004243 -0.116552 -0.366013 -0.585511 -0.694743 -0.860132 -0.920927 -0.958286 
54.970238 11914417.000000 46 50 50 0.968224 0.921699 0.871908 0.989815 0.978743 0.940851 0.752036 0.640330 0.517314 0.278163 0.200308 -0.006117 -0.158313 -0.388960 -0.553718 -0.688158 -0.803945 -0.921237 -0.968920 0.989006 0.976546 0.934278 0.750517 0.666994 0.572625 0.403324 0.299514 0.052136 -0.108647 -0.241185 -0.567107 -0.647484 -0.764085 -0.925032 -0.961642 
48.568298 26987754.000000 52 52 46 0.867176 0.552597 0.834101 0.991087 0.977629 0.789681 0.676013 0.522043 0.200765 0.053813 -0.160753 -0.286818 -0.396125 -0.496822 -0.627950 -0.763483 -0.882662 -0.924078 -0.979886 0.990260 0.979278 0.917091 0.733819 0.547113 0.269022 0.160993 -0.008285 -0.148097 -0.315627 -0.416117 -0.614486 -0.715252 -0.847226 -0.933352 -0.977095 
50.752277 23906666.000000 46 46 46 0.819636 0.829104 0.817831 0.985306 0.957588 0.784981 0.689093 0.509441 0.257739 0.061275 -0.173935 -0.400566 -0.510223 -0.588590 -0.700238 -0.831398 -0.902581 -0.945703 -0.984507 0.986255 0.964793 0.778229 0.689219 0.490374 0.215567 0.034001 -0.147848 -0.343574 -0.465739 -0.578141 -0.663298 -0.797708 -0.896757 -0.955582 -0.988655 
51.818626 11255453.000000 46 46 46 0.840652 0.836459 0.825614 0.985898 0.962085 0.804395 0.695073 0.524248 0.293276 -0.001581 -0.203284 -0.402829 -0.481866 -0.693351 -0.742705 -0.856618 -0.907290 -0.951957 -0.985821 0.988708 0.967273 0.783227 0.673504 0.548235 0.258971 0.011778 -0.216350 -0.411233 -0.525238 -0.680050 -0.758471 -0.844793 -0.904173 -0.956818 -0.989952 
54.279221 10473740.000000 46 48 46 0.813232 0.842555 0.712236 0.987558 0.953976 0.793035 0.672705 0.523574 0.262774 -0.042317 -0.161160 -0.483386 -0.557460 -0.670825 -0.794072 -0.848465 -0.936043 -0.973560 -0.989805 0.985978 0.960904 0.788237 0.684474 0.533697 0.339320 -0.030351 -0.226565 -0.425206 -0.578179 -0.669492 -0.747420 -0.820621 -0.928232 -0.974583 -0.992736 
56.372528 9014311.000000 46 48 46 0.751144 0.507290 0.614667 0.977490 0.915143 0.773870 0.654148 0.490593 0.198482 -0.086167 -0.338688 -0.420805 -0.552376 -0.688080 -0.757620 -0.862418 -0.931526 -0.970416 -0.986730 0.981400 0.927574 0.791856 0.679333 0.497747 0.164459 -0.050709 -0.234188 -0.427654 -0.522412 -0.655181 -0.789109 -0.885196 -0.936701 -0.976893 -0.985205 
50.622520 3602573.000000 46 108 98 0.639215 0.510555 0.553888 0.987255 0.937352 0.778939 0.654382 0.421255 0.169004 -0.007568 -0.261350 -0.402657 -0.504649 -0.615961 -0.711698 -0.844179 -0.915022 -0.967473 -0.984321 0.983414 0.927976 0.754452 0.649893 0.405085 0.142280 -0.046246 -0.320154 -0.443171 -0.539169 -0.649793 -0.756487 -0.874796 -0.919869 -0.955312 -0.989115 
37.151512 201645.343750 206 48 204 0.631748 0.453339 0.305305 0.981940 0.941269 0.836766 0.685137 0.573305 0.364019 0.015053 -0.245008 -0.362502 -0.505169 -0.650183 -0.747248 -0.839602 -0.919382 -0.965366 -0.983006 0.984070 0.954779 0.843012 0.690176 0.532430 0.256818 0.044344 -0.209509 -0.350211 -0.521777 -0.677070 -0.755634 -0.873450 -0.924798 -0.962835 -0.986970 
30.418026 125928.515625 92 46 46 0.399958 0.423388 0.472044 0.988150 0.955426 0.870013 0.732188 0.576261 0.420377 0.127162 -0.235514 -0.385929 -0.484354 -0.623729 -0.749962 -0.857500 -0.910264 -0.968583 -0.987943 0.989808 0.935397 0.833592 0.698404 0.579630 0.409973 0.060542 -0.256455 -0.383399 -0.503681 -0.628819 -0.777970 -0.845805 -0.929128 -0.969554 -0.987059 
27.643856 56617.460938 100 46 228 0.428894 0.413778 0.373473 0.983194 0.961486 0.840363 0.743826 0.611383 0.400462 0.177044 -0.142793 -0.362094 -0.511706 -0.661096 -0.774649 -0.833647 -0.927855 -0.969189 -0.980748 0.987802 0.960824 0.835004 0.724698 0.596073 0.423766 0.176776 -0.192608 -0.361187 -0.487295 -0.595839 -0.729925 -0.838476 -0.927695 -0.969450 -0.983330 
34.125549 1468157.500000 182 198 90 0.445301 0.352188 0.448790 0.969976 0.951768 0.843749 0.771064 0.660102 0.506870 0.256984 0.139958 0.009447 -0.153114 -0.421406 -0.600996 -0.809703 -0.894821 -0.957576 -0.977463 0.988272 0.957474 0.847903 0.732203 0.611912 0.427490 0.285048 -0.108900 -0.269101 -0.472721 -0.685792 -0.763940 -0.845825 -0.924959 -0.963652 -0.984508 
59.587143 41617784.000000 64 54 72 0.482693 0.824928 0.837993 0.967876 0.949219 0.907945 0.842652 0.805604 0.557110 0.241151 0.178795 0.020340 -0.103542 -0.175798 -0.496009 -0.766186 -0.825347 -0.847238 -0.941284 0.976959 0.954492 0.917704 0.851491 0.795068 0.588588 0.261748 0.175124 0.035878 -0.092304 -0.205989 -0.524926 -0.797948 -0.836810 -0.923701 -0.979881 
60.934464 45984756.000000 72 76 78 0.726436 0.810176 0.889280 0.965533 0.937563 0.892849 0.833718 0.802237 0.601423 0.245472 0.163996 -0.013741 -0.141200 -0.211983 -0.492973 -0.776964 -0.837294 -0.878721 -0.925083 0.965228 0.938382 0.898663 0.833756 0.805790 0.560433 0.244628 0.170178 -0.003966 -0.124644 -0.214415 -0.492196 -0.752847 -0.828494 -0.863144 -0.925266 
58.540783 18439478.000000 78 80 82 0.888527 0.958899 0.967602 0.972136 0.934686 0.887415 0.831691 0.804144 0.661176 0.291189 0.196816 0.025559 -0.147065 -0.222318 -0.460205 -0.774568 -0.840317 -0.888336 -0.928707 0.966319 0.934327 0.886573 0.833727 0.801413 0.640288 0.263824 0.184954 0.000856 -0.145573 -0.218933 -0.495662 -0.777215 -0.829288 -0.888475 -0.923422 
57.384521 9185855.000000 82 82 82 0.957761 0.974751 0.974424 0.978301 0.936821 0.887343 0.831645 0.808714 0.708818 0.315418 0.197764 0.060692 -0.140420 -0.221498 -0.369182 -0.778832 -0.847555 -0.889741 -0.916938 0.975956 0.935619 0.891277 0.833802 0.810381 0.691611 0.323973 0.202764 0.064185 -0.151079 -0.210533 -0.386189 -0.774947 -0.851151 -0.893078 -0.919252 
55.887085 6362480.000000 82 82 82 0.979804 0.973105 0.956982 0.979865 0.945044 0.894337 0.843651 0.800548 0.730339 0.323039 0.192249 0.057155 -0.103027 -0.266997 -0.312186 -0.795039 -0.856089 -0.889354 -0.922983 0.978547 0.942328 0.887585 0.831072 0.806182 0.714681 0.323919 0.194877 0.062575 -0.147446 -0.250155 -0.348430 -0.788200 -0.846963 -0.886100 -0.926248 
53.410980 4752377.500000 82 82 84 0.943707 0.933687 0.945862 0.981720 0.958254 0.904442 0.839007 0.775821 0.708205 0.309162 0.157096 0.061989 -0.119087 -0.290926 -0.331829 -0.695549 -0.834969 -0.871132 -0.919556 0.980205 0.951466 0.899200 0.846547 0.786770 0.717767 0.313375 0.172615 0.048570 -0.123522 -0.279085 -0.324108 -0.763770 -0.842865 -0.882190 -0.914257 
51.293968 868414.062500 84 86 86 0.923689 0.851594 0.842100 0.986207 0.972930 0.926787 0.854711 0.781131 0.730624 0.419427 0.194270 0.086127 -0.094213 -0.332362 -0.375066 -0.541366 -0.843619 -0.888663 -0.961689 0.983024 0.963757 0.916335 0.835442 0.770889 0.706146 0.341765 0.164071 0.054226 -0.112524 -0.283138 -0.345338 -0.594317 -0.846268 -0.881863 -0.932768 
46.819607 202093.500000 86 86 86 0.702051 0.693447 0.702836 0.988154 0.974634 0.927024 0.868634 0.800936 0.739442 0.457469 0.218104 0.137292 -0.108003 -0.294765 -0.408231 -0.600495 -0.841158 -0.915793 -0.973601 0.988691 0.979021 0.930763 0.870419 0.790090 0.733507 0.375335 0.198400 0.087499 -0.137132 -0.347161 -0.394612 -0.583416 -0.816664 -0.905687 -0.967896 
40.213486 79948.554688 84 82 82 0.752538 0.411890 0.746734 0.983711 0.952892 0.920592 0.864411 0.788580 0.732212 0.388791 0.150580 0.060113 -0.113846 -0.266145 -0.513791 -0.671391 -0.807693 -0.916726 -0.973967 0.987590 0.975061 0.922055 0.858130 0.803858 0.719231 0.447469 0.179212 0.099122 -0.107637 -0.251287 -0.432642 -0.666260 -0.841010 -0.913410 -0.967608 
34.515530 365686.312500 82 82 82 0.570612 0.521726 0.368866 0.982624 0.938709 0.874229 0.821498 0.791469 0.631055 0.216995 0.047143 -0.199902 -0.473902 -0.592727 -0.773387 -0.821462 -0.913010 -0.963755 -0.988991 0.980245 0.939778 0.892698 0.846233 0.805146 0.704881 0.265934 0.145560 -0.044472 -0.227021 -0.521745 -0.604268 -0.805401 -0.925420 -0.955462 -0.991637 
40.232132 2333943.750000 82 82 82 0.434661 0.576681 0.618409 0.958117 0.924018 0.825695 0.808155 0.689023 0.236094 0.126662 -0.157239 -0.363461 -0.448583 -0.599261 -0.712062 -0.878716 -0.928291 -0.967410 -0.991213 0.968454 0.928403 0.842780 0.812067 0.766973 0.528192 0.100187 -0.071466 -0.346088 -0.512107 -0.604324 -0.729842 -0.815930 -0.906887 -0.961032 -0.995176 
44.547115 2591755.000000 82 84 82 0.551227 0.494083 0.351318 0.958246 0.889657 0.830294 0.797529 0.541843 0.182079 0.093958 -0.210645 -0.370485 -0.460286 -0.649338 -0.746864 -0.845800 -0.918806 -0.945943 -0.984084 0.960815 0.912333 0.827835 0.806959 0.594060 0.186793 0.111961 -0.195870 -0.361292 -0.442769 -0.633935 -0.761526 -0.865265 -0.926899 -0.954913 -0.984738 
50.365326 8244013.000000 80 66 76 0.370174 0.716900 0.931642 0.983830 0.974459 0.942855 0.792174 0.749379 0.512779 0.208347 0.163875 -0.135086 -0.328957 -0.409431 -0.590384 -0.781689 -0.878457 -0.940216 -0.979586 0.986493 0.972834 0.934939 0.818182 0.750661 0.466088 0.175968 0.083933 -0.373953 -0.405427 -0.581194 -0.758272 -0.853328 -0.907522 -0.955568 -0.987494 
54.528206 5489715.500000 78 80 82 0.876917 0.928795 0.747590 0.983237 0.974773 0.936227 0.806193 0.771475 0.482823 0.235702 0.176380 -0.027838 -0.147662 -0.345212 -0.477836 -0.627193 -0.832915 -0.930052 -0.976917 0.982810 0.973459 0.937543 0.799418 0.757826 0.475994 0.222489 0.165975 -0.073060 -0.226378 -0.364803 -0.476058 -0.649314 -0.839619 -0.935629 -0.975303 
46.128727 278466.968750 84 90 86 0.761228 0.643250 0.898802 0.991037 0.985123 0.953128 0.852226 0.774978 0.569645 0.245493 0.150861 -0.099008 -0.253775 -0.422803 -0.600313 -0.806151 -0.890847 -0.943928 -0.988614 0.989064 0.980215 0.940881 0.826210 0.789657 0.465155 0.239072 0.171899 -0.058658 -0.161112 -0.405457 -0.538972 -0.732834 -0.866040 -0.933856 -0.977901 
41.974892 81412.281250 86 88 88 0.920553 0.894993 0.895114 0.990681 0.985006 0.942765 0.859628 0.789678 0.652802 0.270501 0.184278 -0.002202 -0.166686 -0.364556 -0.548246 -0.741913 -0.902045 -0.944900 -0.976020 0.990277 0.986659 0.930359 0.842993 0.798302 0.624134 0.239328 0.167742 -0.062473 -0.250102 -0.404431 -0.545856 -0.791479 -0.919962 -0.951869 -0.985110 
39.386536 35188.187500 88 88 88 0.837805 0.748617 0.817662 0.991490 0.985515 0.948212 0.868715 0.789350 0.645399 0.297919 0.212855 0.071964 -0.238387 -0.390387 -0.592658 -0.753067 -0.865211 -0.937924 -0.987715 0.991439 0.984817 0.947116 0.854909 0.794484 0.662718 0.275255 0.205706 0.062465 -0.187912 -0.355199 -0.609006 -0.748453 -0.885720 -0.934981 -0.974952 
45.266689 188885.484375 90 80 94 0.769791 0.590330 0.450164 0.984987 0.969607 0.951503 0.903961 0.844213 0.681593 0.301358 0.153519 -0.032940 -0.132154 -0.238573 -0.536716 -0.734099 -0.801332 -0.904049 -0.971130 0.990767 0.978896 0.942986 0.879835 0.804492 0.659981 0.313877 0.196891 -0.034196 -0.166169 -0.359151 -0.584683 -0.755467 -0.822055 -0.921856 -0.975474 
52.412239 248484.281250 70 80 78 0.612785 0.943094 0.973755 0.979798 0.971337 0.953246 0.915074 0.872105 0.689853 0.201003 0.119440 0.003275 -0.134034 -0.195392 -0.520918 -0.774831 -0.811215 -0.862627 -0.978645 0.982319 0.973150 0.953991 0.911508 0.873916 0.700368 0.177199 0.115806 -0.021276 -0.114129 -0.189689 -0.505558 -0.746083 -0.806676 -0.856425 -0.972506 
52.036751 208082.906250 78 76 74 0.967539 0.979026 0.962527 0.980333 0.969795 0.954109 0.926935 0.879256 0.628704 0.164882 0.103464 -0.017968 -0.149170 -0.210670 -0.430254 -0.764967 -0.815159 -0.862986 -0.973254 0.980056 0.970031 0.954792 0.923927 0.874497 0.638741 0.174851 0.114571 -0.004932 -0.140879 -0.211353 -0.501842 -0.770722 -0.813150 -0.864110 -0.975428 
52.862740 322938.093750 74 72 68 0.959266 0.934461 0.962244 0.979942 0.968104 0.953955 0.928753 0.877205 0.607070 0.157617 0.065321 -0.032675 -0.149742 -0.208013 -0.534098 -0.775917 -0.822888 -0.842477 -0.943558 0.980848 0.969036 0.954269 0.929307 0.877187 0.619116 0.158312 0.088900 -0.023235 -0.159347 -0.207721 -0.460914 -0.749036 -0.819829 -0.849294 -0.965071 
53.446686 342136.968750 68 66 64 0.953621 0.975049 0.963839 0.981478 0.968656 0.951874 0.929542 0.871154 0.679981 0.148173 0.042772 -0.039059 -0.142315 -0.208985 -0.559918 -0.780542 -0.820479 -0.841894 -0.934226 0.979852 0.967435 0.953089 0.928667 0.870700 0.632721 0.136517 0.059322 -0.060579 -0.158816 -0.205056 -0.567598 -0.781885 -0.824362 -0.844365 -0.926085 
51.408714 206597.765625 64 62 60 0.964334 0.955887 0.791605 0.983898 0.973850 0.951739 0.922583 0.856501 0.687469 0.160521 0.041188 -0.005442 -0.105869 -0.170098 -0.473662 -0.752176 -0.828807 -0.849634 -0.953025 0.983467 0.972800 0.951512 0.927958 0.863115 0.701648 0.182255 0.049083 -0.021106 -0.123588 -0.178343 -0.518625 -0.770850 -0.828178 -0.846373 -0.950387 
42.754177 753608.500000 60 58 58 0.901933 0.744867 0.417723 0.991336 0.975337 0.929465 0.855442 0.604923 0.397254 0.261479 0.040842 -0.066432 -0.238052 -0.387632 -0.502502 -0.625196 -0.763344 -0.904970 -0.943684 0.988615 0.973085 0.948453 0.915640 0.820252 0.598888 0.207519 0.053380 -0.045073 -0.114381 -0.273294 -0.476783 -0.639751 -0.806920 -0.871168 -0.952865 
35.397255 2311946.250000 60 64 108 0.771101 0.509412 0.414510 0.966896 0.944807 0.814219 0.762540 0.536141 0.355958 0.229476 0.040259 -0.088496 -0.263391 -0.446862 -0.559349 -0.665769 -0.817607 -0.912375 -0.960570 0.984591 0.951025 0.855086 0.761302 0.606972 0.340398 0.195207 0.036323 -0.071084 -0.281323 -0.388714 -0.525383 -0.671818 -0.803518 -0.888115 -0.954311 
36.391518 3175800.250000 108 124 122 0.420535 0.357849 0.434662 0.961859 0.935824 0.793100 0.747766 0.495261 0.323778 0.155006 0.031434 -0.150929 -0.304905 -0.470689 -0.577540 -0.691853 -0.831764 -0.915032 -0.955448 0.964693 0.916345 0.815503 0.748824 0.493751 0.350659 0.167898 0.048002 -0.140562 -0.307660 -0.451491 -0.564544 -0.695197 -0.827030 -0.897189 -0.961976 
35.848415 2619189.500000 144 118 90 0.503107 0.429251 0.412848 0.955015 0.878810 0.799162 0.706110 0.522472 0.354296 0.181174 0.047510 -0.173385 -0.328581 -0.468643 -0.560788 -0.717511 -0.815976 -0.912461 -0.974959 0.963419 0.909777 0.790842 0.704938 0.517500 0.383946 0.148031 0.012840 -0.198859 -0.307916 -0.430793 -0.588420 -0.684373 -0.802488 -0.902996 -0.982188 
38.109978 4151498.250000 64 104 104 0.410108 0.429678 0.434857 0.933856 0.834850 0.786191 0.702986 0.543532 0.366648 0.238615 0.045900 -0.084981 -0.264632 -0.402979 -0.523649 -0.693114 -0.836742 -0.905595 -0.970569 0.949136 0.864612 0.804620 0.715122 0.498946 0.333366 0.227261 0.031886 -0.130886 -0.336536 -0.406051 -0.576319 -0.659752 -0.834645 -0.928284 -0.963850 
39.280403 1775395.875000 52 82 112 0.458102 0.466600 0.391208 0.933733 0.871033 0.816061 0.765776 0.608316 0.367820 0.248632 0.109089 -0.092751 -0.252553 -0.388870 -0.526951 -0.680457 -0.807960 -0.925031 -0.986731 0.904628 0.854964 0.799088 0.727866 0.592475 0.373796 0.247372 0.084319 -0.089178 -0.284567 -0.388481 -0.517377 -0.663822 -0.822694 -0.917816 -0.978649 
29.873287 180573.453125 112 80 48 0.403218 0.431937 0.739048 0.977653 0.902736 0.832355 0.774397 0.683677 0.482768 0.300623 0.183033 0.010608 -0.220044 -0.381339 -0.512834 -0.647969 -0.744782 -0.951799 -0.989486 0.951139 0.910769 0.814728 0.755817 0.673593 0.396447 0.252806 0.140542 -0.040313 -0.212414 -0.354146 -0.513078 -0.652655 -0.770577 -0.931132 -0.989990 
52.684898 366425.531250 62 46 54 0.490053 0.745152 0.917937 0.988218 0.974291 0.941705 0.883335 0.826017 0.771537 0.667421 0.351029 0.065494 -0.078152 -0.310198 -0.425723 -0.633957 -0.802294 -0.914842 -0.976672 0.988410 0.973402 0.933210 0.884226 0.818102 0.738991 0.487849 0.263343 0.065588 -0.139969 -0.331821 -0.438224 -0.595550 -0.776262 -0.894764 -0.977419 
56.013969 282273.875000 54 56 58 0.939715 0.985313 0.976748 0.985636 0.975740 0.952210 0.888355 0.836019 0.777163 0.688830 0.356408 0.032789 -0.101811 -0.330958 -0.504979 -0.666816 -0.815476 -0.908643 -0.978618 0.986423 0.974723 0.949210 0.881113 0.835121 0.779922 0.694894 0.379411 0.055697 -0.078266 -0.307288 -0.484546 -0.664509 -0.797250 -0.911900 -0.978310 
55.695221 171930.828125 58 60 62 0.971258 0.976040 0.965663 0.984246 0.977428 0.950838 0.909351 0.848349 0.753580 0.657889 0.293750 0.045531 -0.112468 -0.337096 -0.514275 -0.678744 -0.816442 -0.916990 -0.978030 0.984337 0.976511 0.951754 0.902384 0.839216 0.765929 0.669426 0.291647 0.025292 -0.093487 -0.307259 -0.506196 -0.676451 -0.819813 -0.917363 -0.979159 
51.064629 75517.617188 62 64 66 0.950223 0.903856 0.896751 0.989856 0.980764 0.959640 0.913146 0.835468 0.714891 0.539790 0.276882 0.072744 -0.148554 -0.348023 -0.538265 -0.689803 -0.823631 -0.917196 -0.977475 0.986630 0.979262 0.955079 0.914551 0.850949 0.704423 0.603377 0.279688 0.058190 -0.130610 -0.345120 -0.531536 -0.684661 -0.819589 -0.917644 -0.978612 
45.856476 35054.292969 66 66 68 0.897361 0.822534 0.858573 0.993190 0.983276 0.956016 0.915037 0.838480 0.719496 0.475623 0.247064 0.047331 -0.172153 -0.366911 -0.559935 -0.682260 -0.830113 -0.918558 -0.974214 0.991242 0.980932 0.959875 0.903400 0.835042 0.751018 0.522693 0.292967 0.078786 -0.145253 -0.366266 -0.537250 -0.681497 -0.817847 -0.912482 -0.975514 
43.832554 18041.945312 66 70 68 0.848891 0.899950 0.950921 0.994782 0.986183 0.959859 0.906709 0.848109 0.713991 0.444659 0.274237 0.007197 -0.177749 -0.381901 -0.508048 -0.690911 -0.809022 -0.929204 -0.977711 0.994392 0.986284 0.956151 0.912478 0.851939 0.721023 0.465924 0.250905 0.061039 -0.190425 -0.370998 -0.537193 -0.682397 -0.825624 -0.924758 -0.976642 
43.946072 64024.941406 68 68 68 0.947212 0.863980 0.851696 0.993377 0.980379 0.949721 0.892174 0.804642 0.704010 0.425292 0.249865 0.039962 -0.140998 -0.373172 -0.509454 -0.648513 -0.781211 -0.901680 -0.975809 0.994748 0.987703 0.960136 0.927567 0.836300 0.651401 0.464502 0.252120 0.001795 -0.168117 -0.386883 -0.544534 -0.690838 -0.810198 -0.925221 -0.976082 
47.465076 51739.917969 68 66 64 0.837592 0.964382 0.957196 0.988896 0.977648 0.956476 0.927860 0.882628 0.720222 0.459852 0.270939 0.008232 -0.140684 -0.374634 -0.530697 -0.704411 -0.823487 -0.919361 -0.977646 0.991154 0.980250 0.958554 0.928260 0.836821 0.692260 0.448642 0.246420 0.008499 -0.146890 -0.357233 -0.525819 -0.690352 -0.821382 -0.913332 -0.977410 
55.246166 162873.687500 64 62 62 0.935904 0.946229 0.975119 0.983620 0.977760 0.955728 0.922525 0.900483 0.744458 0.477909 0.227628 -0.004828 -0.092384 -0.351643 -0.518896 -0.694759 -0.824217 -0.920069 -0.978638 0.985645 0.977560 0.956131 0.927368 0.885854 0.704781 0.459018 0.247777 0.012826 -0.137331 -0.356141 -0.530413 -0.690013 -0.824167 -0.921982 -0.980579 
59.307636 697965.187500 62 60 58 0.987772 0.984743 0.954053 0.980820 0.974834 0.936689 0.906598 0.859422 0.702317 0.609056 0.350374 0.013610 -0.030517 -0.301870 -0.475911 -0.644472 -0.808629 -0.914013 -0.977876 0.981546 0.976317 0.942701 0.913467 0.879411 0.738756 0.572129 0.281376 -0.011318 -0.068672 -0.292615 -0.498264 -0.672599 -0.818047 -0.918256 -0.978169 
59.171455 1216346.375000 58 58 56 0.948371 0.992760 0.968277 0.980752 0.972308 0.938658 0.876380 0.820278 0.676750 0.621843 0.371045 0.045304 0.006041 -0.302685 -0.434400 -0.562832 -0.785245 -0.903313 -0.974825 0.980970 0.973787 0.939091 0.898896 0.838313 0.699602 0.635578 0.306157 0.037014 -0.012672 -0.300503 -0.456759 -0.577779 -0.794845 -0.907159 -0.975847 
55.453606 1031339.625000 56 56 56 0.977777 0.915325 0.907540 0.986482 0.971480 0.901116 0.837042 0.818558 0.698204 0.601751 0.372710 0.097527 0.025149 -0.209249 -0.391437 -0.605761 -0.796817 -0.904701 -0.973125 0.982277 0.971125 0.927690 0.846617 0.825396 0.669998 0.615263 0.412838 0.068185 0.021210 -0.215469 -0.413262 -0.553752 -0.775424 -0.900121 -0.972102 
50.262016 268478.062500 56 56 58 0.877740 0.953289 0.635130 0.990762 0.980211 0.923814 0.824085 0.770518 0.708588 0.454773 0.364440 0.176408 0.041729 -0.174867 -0.421741 -0.636502 -0.798252 -0.906038 -0.973743 0.989279 0.978099 0.916690 0.828703 0.779604 0.693370 0.520420 0.338458 0.157897 0.061720 -0.212100 -0.394202 -0.596539 -0.787386 -0.902456 -0.973798 
37.878727 35103.234375 58 56 58 0.554068 0.589766 0.811640 0.984050 0.974193 0.922674 0.845529 0.809780 0.669730 0.565779 0.399014 0.087038 -0.066204 -0.345302 -0.515755 -0.661834 -0.817991 -0.902013 -0.970820 0.987900 0.966160 0.915690 0.850134 0.777450 0.685216 0.529996 0.329235 0.135742 -0.020283 -0.316972 -0.499931 -0.688740 -0.817332 -0.911459 -0.974779 
35.817894 19125.490234 58 56 56 0.785129 0.882774 0.652618 0.984628 0.967918 0.917721 0.842329 0.821248 0.697426 0.555428 0.267545 0.044335 -0.203459 -0.407723 -0.564552 -0.731496 -0.807947 -0.907197 -0.976701 0.983257 0.972841 0.923285 0.850795 0.825135 0.670766 0.593440 0.372935 0.091360 -0.133577 -0.363528 -0.494962 -0.707241 -0.833395 -0.922248 -0.978276 
30.070047 587978.250000 56 62 58 0.610606 0.814619 0.454853 0.982051 0.951226 0.883802 0.809284 0.551546 0.292867 0.193837 0.003762 -0.098132 -0.287274 -0.454742 -0.566171 -0.637665 -0.772454 -0.868376 -0.958599 0.987383 0.965511 0.913713 0.860937 0.771966 0.614915 0.314336 0.166472 0.008236 -0.323516 -0.474333 -0.544916 -0.614813 -0.695727 -0.856315 -0.969792 
45.080265 6571474.500000 58 52 56 0.843279 0.479833 0.626817 0.967367 0.887654 0.827600 0.771754 0.366230 0.251189 0.094190 0.023854 -0.147306 -0.377577 -0.516714 -0.599613 -0.714306 -0.790181 -0.902813 -0.956162 0.960923 0.886096 0.836582 0.619293 0.322425 0.259527 0.080265 -0.029759 -0.137924 -0.321569 -0.506031 -0.572222 -0.650666 -0.774855 -0.876423 -0.962245 
40.074650 3065430.250000 54 54 54 0.507090 0.706128 0.445998 0.979162 0.909591 0.833083 0.637100 0.305889 0.268681 0.039588 -0.082218 -0.274866 -0.352899 -0.535606 -0.634144 -0.727127 -0.810781 -0.928847 -0.958399 0.973730 0.911336 0.839332 0.732429 0.335587 0.215753 0.043867 -0.060534 -0.204263 -0.378421 -0.526795 -0.637027 -0.757731 -0.831626 -0.914653 -0.960110 
54.694977 16718496.000000 54 44 48 0.349469 0.778582 0.977782 0.990993 0.983658 0.960175 0.880438 0.333036 0.264490 0.165843 0.065713 -0.135000 -0.234396 -0.371372 -0.475228 -0.684964 -0.759255 -0.872279 -0.954027 0.989386 0.982488 0.952806 0.834218 0.336155 0.268876 0.063474 -0.051650 -0.184451 -0.324474 -0.488926 -0.638544 -0.711105 -0.817839 -0.922549 -0.967105 
58.907925 29331360.000000 48 48 50 0.978908 0.987480 0.976000 0.991244 0.982290 0.949591 0.897227 0.355024 0.206936 0.138751 0.067414 -0.089413 -0.218032 -0.362416 -0.457132 -0.696353 -0.778370 -0.822616 -0.930869 0.991523 0.983066 0.954704 0.883318 0.329793 0.249160 0.145938 0.069156 -0.108839 -0.219374 -0.361122 -0.436332 -0.666081 -0.775751 -0.819110 -0.943326 
57.685604 4528068.000000 48 50 50 0.976249 0.981324 0.994509 0.991716 0.984395 0.949483 0.904791 0.763369 0.467116 0.165961 0.058511 0.000489 -0.240426 -0.366519 -0.479685 -0.701143 -0.790029 -0.851375 -0.907413 0.991452 0.984335 0.949042 0.917011 0.556212 0.219753 0.151449 0.055675 -0.014307 -0.198121 -0.355215 -0.461272 -0.650335 -0.777909 -0.832045 -0.931094 
57.632870 2277534.500000 50 50 52 0.996158 0.995058 0.981670 0.992088 0.985301 0.949983 0.892299 0.787188 0.593818 0.282091 0.080765 -0.035178 -0.090569 -0.335022 -0.476179 -0.678293 -0.791965 -0.867326 -0.917425 0.991797 0.984624 0.948994 0.895353 0.774902 0.571699 0.261389 0.035772 -0.041087 -0.162556 -0.349592 -0.481911 -0.671531 -0.788535 -0.849073 -0.906170 
56.839531 1636837.625000 50 52 52 0.963068 0.995166 0.975432 0.992523 0.985073 0.953204 0.892545 0.799541 0.651293 0.221954 0.070859 0.006204 -0.101295 -0.323542 -0.521358 -0.649041 -0.785676 -0.857127 -0.930482 0.992305 0.984922 0.949868 0.890733 0.795791 0.640848 0.257116 0.042932 -0.012532 -0.134613 -0.302174 -0.504120 -0.662439 -0.789807 -0.858071 -0.921812 
58.114342 21632080.000000 52 54 54 0.965148 0.955700 0.969063 0.990812 0.978330 0.950805 0.880372 0.461130 0.275244 0.178451 0.085691 0.030520 -0.141372 -0.362881 -0.483685 -0.559428 -0.653232 -0.763405 -0.943442 0.992262 0.984978 0.945430 0.873081 0.723774 0.319349 0.188533 0.064224 0.015478 -0.143586 -0.382735 -0.512723 -0.594917 -0.744370 -0.812849 -0.931188 
60.571701 112966264.000000 54 54 56 0.991831 0.973275 0.942095 0.983602 0.962030 0.932190 0.815054 0.503930 0.406587 0.272639 0.131560 0.028559 -0.158467 -0.321925 -0.498261 -0.591518 -0.685738 -0.782235 -0.921366 0.986902 0.970369 0.944023 0.841769 0.463508 0.355862 0.242366 0.105872 0.036873 -0.121407 -0.298908 -0.449200 -0.548213 -0.636778 -0.713387 -0.934222 
60.441551 237951056.000000 56 58 60 0.963982 0.974642 0.955563 0.973390 0.949312 0.892336 0.758441 0.611261 0.506143 0.238670 0.115930 0.025960 -0.181047 -0.376607 -0.500660 -0.623826 -0.751662 -0.805663 -0.951462 0.980708 0.953926 0.919661 0.779923 0.563570 0.441894 0.238160 0.122656 -0.011181 -0.216336 -0.411744 -0.526981 -0.647694 -0.752424 -0.853276 -0.969111 
59.238144 105732120.000000 60 62 62 0.959735 0.964644 0.901051 0.975676 0.942988 0.869242 0.782775 0.681237 0.598686 0.268019 0.131233 0.042179 -0.159274 -0.301231 -0.466428 -0.606247 -0.730031 -0.779443 -0.913919 0.971983 0.945357 0.871547 0.771093 0.645229 0.555466 0.268482 0.127034 0.044038 -0.160317 -0.339067 -0.459426 -0.603174 -0.744212 -0.794199 -0.914387 
58.747498 57152216.000000 62 64 64 0.925216 0.973305 0.920133 0.975067 0.937090 0.869467 0.790847 0.731404 0.643478 0.266230 0.150345 0.045128 -0.167818 -0.274249 -0.402436 -0.618678 -0.720634 -0.783802 -0.830369 0.975685 0.934907 0.870745 0.777783 0.712098 0.625246 0.250995 0.134340 0.037683 -0.157466 -0.283676 -0.421100 -0.601269 -0.714887 -0.790255 -0.844539 
59.364933 32644050.000000 64 64 64 0.945991 0.926301 0.968032 0.973481 0.938070 0.874679 0.821124 0.776759 0.664624 0.275880 0.155633 0.043444 -0.148530 -0.230349 -0.414249 -0.641066 -0.733319 -0.806259 -0.871523 0.973428 0.934626 0.873377 0.807024 0.759713 0.649957 0.272678 0.144125 0.044282 -0.162979 -0.255877 -0.393766 -0.645444 -0.728336 -0.799409 -0.863375 
58.737835 18678192.000000 64 64 62 0.975939 0.967746 0.935435 0.970476 0.952977 0.890904 0.830205 0.801275 0.638243 0.258708 0.144144 0.027487 -0.148951 -0.246347 -0.410473 -0.690097 -0.771480 -0.813839 -0.861780 0.974634 0.947842 0.885007 0.828432 0.794599 0.655140 0.271964 0.140034 0.029049 -0.142720 -0.224441 -0.400249 -0.674718 -0.754324 -0.811680 -0.860114 
58.980782 16325962.000000 62 62 62 0.939958 0.964168 0.880864 0.964713 0.954609 0.905058 0.820538 0.792299 0.637665 0.253281 0.140414 0.070666 -0.134836 -0.308946 -0.436147 -0.688232 -0.779099 -0.826142 -0.861788 0.967693 0.954998 0.907617 0.829441 0.802567 0.651798 0.219277 0.142564 0.032913 -0.146616 -0.260287 -0.425655 -0.689338 -0.778789 -0.821396 -0.857621 
55.417923 2572301.750000 60 62 68 0.929203 0.312577 0.470087 0.969527 0.960055 0.930897 0.811306 0.762543 0.669041 0.352200 0.153179 0.105399 -0.155488 -0.264043 -0.387603 -0.640677 -0.780675 -0.810416 -0.905256 0.966678 0.955838 0.916833 0.813823 0.783331 0.640018 0.235344 0.123530 0.064065 -0.186082 -0.303692 -0.430178 -0.708336 -0.778828 -0.814749 -0.853783 
40.543839 420243.500000 50 62 42 0.512993 0.697672 0.618698 0.972847 0.958749 0.893294 0.821637 0.754546 0.570821 0.369970 0.157623 0.042404 -0.170637 -0.316132 -0.452040 -0.638473 -0.783691 -0.836040 -0.925070 0.965614 0.954630 0.891991 0.822111 0.761439 0.590713 0.333025 0.140528 0.041098 -0.183172 -0.329318 -0.519185 -0.704363 -0.801288 -0.819799 -0.929076 
37.013214 266351.125000 44 54 22 0.488503 0.434227 0.667183 0.966917 0.949325 0.883884 0.831605 0.716210 0.543340 0.345988 0.220263 0.063696 -0.149110 -0.242455 -0.347489 -0.650460 -0.780607 -0.822468 -0.966769 0.975013 0.955347 0.869904 0.802584 0.677758 0.498366 0.371934 0.229852 0.111299 -0.121721 -0.237491 -0.401972 -0.668104 -0.778262 -0.825681 -0.928524 
47.373653 459981.812500 22 22 22 0.373133 0.898612 0.737496 0.963323 0.955932 0.923483 0.837520 0.702374 0.609989 0.327974 0.207445 0.142020 -0.072011 -0.278296 -0.336902 -0.606255 -0.744379 -0.814813 -0.957026 0.963840 0.956814 0.924209 0.852973 0.719593 0.612641 0.326256 0.187202 0.144119 -0.031126 -0.269572 -0.335796 -0.619516 -0.748720 -0.825909 -0.951827 
52.390968 3977426.500000 20 22 22 0.581284 0.845253 0.714198 0.966717 0.959284 0.935687 0.793837 0.636115 0.593354 0.279868 0.217137 0.055166 -0.194403 -0.332298 -0.403556 -0.680338 -0.741989 -0.828362 -0.889730 0.963068 0.955687 0.932693 0.837183 0.665554 0.625939 0.284071 0.210217 0.139833 -0.109138 -0.291282 -0.333681 -0.646962 -0.748033 -0.798735 -0.957383 
56.880566 32971860.000000 22 22 56 0.802454 0.605201 0.932267 0.974984 0.962006 0.926931 0.779270 0.619644 0.546544 0.273042 0.213949 0.033386 -0.197836 -0.332796 -0.420307 -0.648838 -0.704438 -0.790502 -0.858893 0.969674 0.960585 0.929399 0.761320 0.631768 0.574197 0.284339 0.210217 0.056867 -0.228383 -0.327199 -0.435575 -0.683835 -0.730475 -0.826893 -0.879132 
58.565845 24024794.000000 54 56 62 0.948312 0.969558 0.889489 0.983062 0.971933 0.941634 0.761083 0.618380 0.498917 0.276974 0.198814 0.077661 -0.232376 -0.391316 -0.474501 -0.571825 -0.639566 -0.722245 -0.865330 0.979125 0.965948 0.932096 0.779768 0.615657 0.551153 0.282865 0.211504 0.080184 -0.194945 -0.346893 -0.448879 -0.592020 -0.665155 -0.736170 -0.840085 
49.392593 830551.125000 60 64 66 0.867714 0.648382 0.739770 0.991068 0.980623 0.950110 0.823621 0.669117 0.555244 0.289302 0.206722 0.035944 -0.307162 -0.385869 -0.515680 -0.595987 -0.684462 -0.767296 -0.917760 0.987354 0.976743 0.951608 0.778511 0.613326 0.503180 0.261328 0.181802 0.071589 -0.286386 -0.397770 -0.465028 -0.547361 -0.628897 -0.748106 -0.888484 
46.586155 301915.500000 66 68 72 0.814657 0.703676 0.619827 0.990578 0.979657 0.955533 0.869543 0.632011 0.564864 0.357887 0.265705 0.064617 -0.248417 -0.335414 -0.445016 -0.589004 -0.714356 -0.810964 -0.959831 0.991883 0.980525 0.963595 0.843411 0.642815 0.567752 0.331574 0.220626 0.062086 -0.249969 -0.377821 -0.470705 -0.590599 -0.709275 -0.791930 -0.944966 
41.956230 139897.421875 70 76 150 0.684157 0.828991 0.519867 0.990702 0.979282 0.945968 0.858036 0.632111 0.575137 0.351971 0.249927 0.072244 -0.219307 -0.388155 -0.462614 -0.584728 -0.690844 -0.837278 -0.950591 0.991935 0.981310 0.950894 0.861618 0.629224 0.592972 0.380547 0.254977 0.041625 -0.241980 -0.333811 -0.472975 -0.616813 -0.696200 -0.803908 -0.953351 
40.514145 263447.250000 76 60 56 0.638596 0.657517 0.440067 0.986373 0.915990 0.828906 0.804831 0.725932 0.577563 0.418812 0.343018 0.215829 0.013204 -0.315200 -0.416276 -0.580418 -0.670913 -0.894491 -0.951377 0.980864 0.937390 0.812571 0.792496 0.692788 0.557571 0.375063 0.320568 0.189984 0.072729 -0.295588 -0.430690 -0.566108 -0.658181 -0.843483 -0.961531 
40.907906 194360.296875 58 42 50 0.448589 0.550014 0.678425 0.986267 0.933330 0.839904 0.819084 0.753016 0.581778 0.479041 0.243307 0.183465 -0.041198 -0.334920 -0.490463 -0.650252 -0.775556 -0.898942 -0.965150 0.962330 0.912269 0.847269 0.804643 0.745415 0.689978 0.486911 0.323911 0.162276 0.083693 -0.331167 -0.445715 -0.573411 -0.726684 -0.908184 -0.958926 
51.250378 403561.968750 56 60 64 0.491763 0.738704 0.956510 0.983673 0.975655 0.926414 0.874582 0.833148 0.667086 0.526959 0.333952 0.230757 -0.007584 -0.308577 -0.500664 -0.638773 -0.814628 -0.912179 -0.961448 0.987391 0.974261 0.921428 0.849645 0.821797 0.629259 0.523142 0.359874 0.210533 -0.054876 -0.312721 -0.482205 -0.624929 -0.788184 -0.914745 -0.952031 
52.301579 358612.031250 64 64 62 0.941804 0.970899 0.959434 0.984444 0.975130 0.931501 0.877189 0.840340 0.658476 0.610512 0.302630 0.169563 0.017979 -0.343573 -0.505415 -0.651730 -0.797565 -0.907184 -0.975907 0.984005 0.974904 0.929782 0.881201 0.845367 0.667842 0.584470 0.324900 0.177038 -0.009711 -0.306308 -0.513669 -0.639865 -0.781625 -0.906565 -0.971135 
58.644196 1554369.875000 62 60 58 0.967545 0.966562 0.955825 0.979880 0.973753 0.930466 0.853018 0.803951 0.687373 0.602659 0.408797 0.145789 0.093906 -0.145048 -0.470376 -0.613053 -0.792897 -0.905779 -0.975691 0.982031 0.974397 0.933906 0.868671 0.839376 0.673489 0.608040 0.437371 0.150764 0.084204 -0.306280 -0.485831 -0.656323 -0.810831 -0.911328 -0.975546 
62.061996 11291191.000000 58 56 56 0.976831 0.950853 0.946195 0.976561 0.967684 0.916111 0.784709 0.710257 0.642128 0.455162 0.372038 0.191229 0.067974 -0.012949 -0.414957 -0.552956 -0.612245 -0.870311 -0.968226 0.978580 0.971278 0.930320 0.807205 0.764851 0.685282 0.552207 0.391264 0.170959 0.088137 -0.018841 -0.481619 -0.581869 -0.715185 -0.901463 -0.972063 
61.480492 57695412.000000 56 54 54 0.973122 0.974658 0.956562 0.975679 0.960995 0.922132 0.724844 0.599756 0.531785 0.309532 0.240659 0.095655 -0.035597 -0.145576 -0.399412 -0.571002 -0.609318 -0.697638 -0.928242 0.975019 0.963261 0.912181 0.739316 0.662643 0.571997 0.384339 0.296058 0.153886 0.035004 -0.070423 -0.351774 -0.551704 -0.574499 -0.803994 -0.962219 
62.016369 95484128.000000 54 52 50 0.963518 0.983887 0.935025 0.978152 0.966888 0.936423 0.739697 0.471894 0.409232 0.288862 0.136050 0.049858 -0.142978 -0.275362 -0.426555 -0.574157 -0.636036 -0.700453 -0.932120 0.977502 0.963901 0.928238 0.745250 0.553057 0.444054 0.290261 0.178633 0.070259 -0.106243 -0.235674 -0.415684 -0.566851 -0.631550 -0.711708 -0.875497 
60.877247 82013320.000000 50 46 46 0.959624 0.952993 0.980836 0.985715 0.970710 0.937502 0.694495 0.442109 0.331918 0.257338 0.104252 0.019065 -0.172602 -0.320818 -0.477222 -0.556523 -0.677623 -0.793781 -0.952775 0.980348 0.967444 0.946138 0.754509 0.435113 0.357246 0.268490 0.111395 0.040198 -0.161943 -0.299003 -0.436578 -0.571133 -0.636173 -0.721700 -0.970172 
58.399574 41069108.000000 46 44 44 0.950779 0.911243 0.917949 0.990176 0.985531 0.926748 0.696576 0.412156 0.242586 0.165229 0.059399 -0.003492 -0.171271 -0.379869 -0.479010 -0.602745 -0.787975 -0.847122 -0.974392 0.989274 0.979422 0.927349 0.702727 0.415548 0.292273 0.194979 0.090521 0.001055 -0.175730 -0.350459 -0.493095 -0.565314 -0.747704 -0.816882 -0.929862 
56.211582 13116372.000000 46 44 46 0.933443 0.941956 0.825552 0.990479 0.985953 0.947297 0.727257 0.475065 0.301511 0.194702 0.122809 0.002777 -0.158949 -0.345287 -0.481216 -0.677383 -0.790734 -0.834582 -0.965379 0.990163 0.985886 0.935817 0.712421 0.435493 0.243677 0.172847 0.069549 -0.030326 -0.161356 -0.371721 -0.508643 -0.696222 -0.805640 -0.842083 -0.970403 
44.401123 1314474.625000 46 46 54 0.811751 0.626763 0.636774 0.989644 0.972886 0.932737 0.749875 0.550526 0.436602 0.278278 0.172317 0.018042 -0.106947 -0.391581 -0.497776 -0.676513 -0.801627 -0.835260 -0.935595 0.990634 0.985064 0.931429 0.684996 0.514575 0.400310 0.277176 0.116041 0.010848 -0.173837 -0.378996 -0.487345 -0.712504 -0.806807 -0.839203 -0.939789 
40.271149 493234.281250 54 46 48 0.760671 0.796028 0.791963 0.990304 0.983481 0.916080 0.705635 0.536469 0.421875 0.274422 0.172559 0.060070 -0.161984 -0.314860 -0.422630 -0.573326 -0.770315 -0.839950 -0.941627 0.989710 0.974873 0.932897 0.780365 0.540626 0.426721 0.251485 0.146095 0.043888 -0.091339 -0.316551 -0.437142 -0.575915 -0.721911 -0.838425 -0.948046 
35.541134 157175.500000 44 46 46 0.783794 0.726654 0.878235 0.989683 0.983959 0.894912 0.631876 0.508484 0.371355 0.241025 0.138267 0.048191 -0.128741 -0.315722 -0.429351 -0.539765 -0.773099 -0.825373 -0.923166 0.990340 0.983135 0.931175 0.701726 0.544444 0.418119 0.282914 0.178764 0.051025 -0.164677 -0.324327 -0.419745 -0.592534 -0.783887 -0.828709 -0.938814 
31.403616 61625.187500 46 46 46 0.877633 0.843163 0.618879 0.989009 0.977569 0.920880 0.719182 0.485005 0.389995 0.319294 0.175237 0.070773 -0.110658 -0.331837 -0.420564 -0.595623 -0.768428 -0.882623 -0.954529 0.989853 0.984743 0.902311 0.687286 0.478006 0.401727 0.286746 0.160029 0.072220 -0.064801 -0.272535 -0.469408 -0.573068 -0.777028 -0.831387 -0.963826 
24.750820 43461.039062 46 138 24 0.698817 0.593935 0.604848 0.978002 0.959611 0.864718 0.696282 0.549802 0.367047 0.320837 0.159335 0.041806 -0.137471 -0.315522 -0.482847 -0.652464 -0.778358 -0.906106 -0.961357 0.984354 0.964654 0.892961 0.692318 0.535516 0.371390 0.303581 0.130697 -0.020061 -0.239192 -0.354343 -0.407077 -0.656301 -0.816909 -0.878452 -0.948286 
22.692974 27287.626953 118 104 54 0.522690 0.681647 0.687441 0.988325 0.971120 0.902769 0.746024 0.588541 0.414158 0.309110 0.173175 0.086766 -0.062069 -0.346603 -0.481147 -0.663116 -0.791333 -0.899364 -0.971988 0.973214 0.959636 0.858867 0.706112 0.551160 0.400088 0.327957 0.149408 0.044621 -0.090627 -0.348445 -0.490611 -0.657918 -0.802070 -0.902381 -0.960617 
51.071075 161286.078125 52 50 58 0.524498 0.819048 0.968520 0.993882 0.989131 0.973311 0.913087 0.715798 0.617223 0.367456 0.155060 -0.033323 -0.167147 -0.224262 -0.358792 -0.660999 -0.792390 -0.906260 -0.974591 0.993110 0.988274 0.975569 0.888060 0.707496 0.517375 0.329182 0.233013 0.046519 -0.019142 -0.301158 -0.453921 -0.665088 -0.787780 -0.900670 -0.973262 
51.296745 209642.828125 58 60 62 0.976221 0.940649 0.956592 0.992816 0.981283 0.965955 0.877571 0.754912 0.738444 0.395348 0.250852 -0.033293 -0.189465 -0.235089 -0.346482 -0.618365 -0.768518 -0.896798 -0.981123 0.993904 0.985750 0.968055 0.906677 0.740350 0.704869 0.359942 0.262865 -0.081786 -0.180703 -0.225832 -0.314865 -0.638291 -0.791040 -0.902377 -0.976255 
53.194710 11012712.000000 64 64 64 0.933633 0.980975 0.478654 0.986210 0.972785 0.933157 0.747565 0.660825 0.532385 0.327831 0.221260 0.131496 -0.165074 -0.267180 -0.374876 -0.697036 -0.794198 -0.831615 -0.943299 0.992339 0.981208 0.967429 0.851323 0.763521 0.737894 0.394181 0.264371 -0.034208 -0.193751 -0.234039 -0.366826 -0.653920 -0.771842 -0.893182 -0.969501 
57.259987 62774388.000000 64 64 64 0.583722 0.982111 0.993386 0.979278 0.965306 0.905245 0.735431 0.552142 0.431483 0.267947 0.140597 0.062026 -0.170130 -0.341833 -0.436827 -0.611012 -0.751129 -0.799931 -0.856732 0.980002 0.967926 0.916159 0.716750 0.589395 0.479378 0.280498 0.191096 0.088220 -0.175403 -0.298565 -0.405592 -0.612287 -0.751737 -0.806333 -0.838330 
57.470516 78970528.000000 64 64 64 0.995149 0.992511 0.992234 0.979107 0.963427 0.910876 0.736530 0.532838 0.436350 0.274612 0.113239 0.052626 -0.152928 -0.355861 -0.472942 -0.577450 -0.763504 -0.805138 -0.930751 0.979001 0.963475 0.907522 0.742266 0.539141 0.424808 0.269647 0.122929 0.051478 -0.162389 -0.351864 -0.466560 -0.590958 -0.769522 -0.803725 -0.906192 
57.514679 69142848.000000 64 64 64 0.991295 0.991486 0.984429 0.979342 0.966847 0.915032 0.738410 0.526688 0.438675 0.244472 0.092800 0.046474 -0.155510 -0.388367 -0.499633 -0.574724 -0.769216 -0.831780 -0.975842 0.978954 0.964133 0.914329 0.729981 0.520082 0.436062 0.260469 0.102646 0.053036 -0.143618 -0.361413 -0.486037 -0.574850 -0.770581 -0.820766 -0.952859 
53.428986 3726862.750000 64 68 64 0.991208 0.641121 0.932423 0.989015 0.977999 0.953654 0.785973 0.554214 0.474422 0.327427 0.111797 0.052199 -0.187729 -0.388744 -0.520551 -0.589210 -0.793129 -0.833811 -0.972312 0.981862 0.971565 0.929449 0.733314 0.562195 0.448193 0.240833 0.095092 0.049504 -0.178917 -0.398067 -0.507789 -0.572371 -0.772154 -0.830339 -0.957428 
50.637093 1887293.875000 62 64 62 0.965258 0.988805 0.791877 0.990321 0.979659 0.961966 0.847133 0.565174 0.469892 0.331434 0.110450 0.051549 -0.209395 -0.381172 -0.518067 -0.588768 -0.726267 -0.826865 -0.964225 0.990559 0.979976 0.960013 0.820711 0.599671 0.487549 0.391374 0.149607 0.084347 -0.187864 -0.363032 -0.499499 -0.608481 -0.792806 -0.825175 -0.979917 
57.332554 35985196.000000 62 64 64 0.858035 0.948579 0.982845 0.984855 0.977679 0.958856 0.760050 0.355827 0.307898 0.181662 0.029297 -0.072053 -0.175827 -0.408655 -0.500476 -0.593497 -0.778406 -0.852814 -0.956967 0.985119 0.975813 0.955811 0.757716 0.408291 0.346384 0.199021 0.047640 -0.031296 -0.175820 -0.413669 -0.530208 -0.584656 -0.732380 -0.858880 -0.973888 
57.495499 27217598.000000 64 64 64 0.984414 0.992135 0.982593 0.985461 0.978980 0.963879 0.740947 0.358648 0.262805 0.165089 0.048657 -0.100226 -0.218689 -0.398033 -0.467570 -0.643878 -0.791903 -0.847329 -0.944946 0.985100 0.978309 0.960551 0.731381 0.344107 0.285989 0.168249 0.032681 -0.094684 -0.202006 -0.411331 -0.483744 -0.637682 -0.787088 -0.845252 -0.963151 
56.467880 14143193.000000 64 64 64 0.986736 0.985295 0.972285 0.986558 0.979270 0.967474 0.768274 0.353887 0.250709 0.187322 0.095591 -0.032354 -0.209495 -0.380061 -0.460519 -0.603659 -0.790733 -0.831890 -0.941409 0.986025 0.979177 0.965960 0.766961 0.350010 0.244596 0.176103 0.068328 -0.083047 -0.224810 -0.384629 -0.452775 -0.625882 -0.788268 -0.855328 -0.941497 
57.499428 15227388.000000 64 64 64 0.972559 0.980036 0.982943 0.986011 0.978824 0.966588 0.762971 0.339439 0.294570 0.185504 0.137018 0.027090 -0.180280 -0.386363 -0.455856 -0.585391 -0.743191 -0.816669 -0.918515 0.986630 0.979156 0.968231 0.761020 0.332260 0.264942 0.183613 0.108716 -0.001122 -0.179800 -0.386048 -0.450449 -0.579412 -0.770633 -0.835931 -0.910556 
58.485031 25196932.000000 64 64 64 0.977503 0.979568 0.975787 0.983853 0.977011 0.952870 0.733038 0.427354 0.373499 0.225748 0.149267 0.054662 -0.170885 -0.342208 -0.458547 -0.590429 -0.666565 -0.776989 -0.935424 0.984824 0.978002 0.962013 0.734311 0.369440 0.332007 0.200045 0.142445 0.051737 -0.196965 -0.379233 -0.463116 -0.589692 -0.713221 -0.799594 -0.932221 
57.151192 21839200.000000 64 66 66 0.974907 0.971552 0.970314 0.982156 0.973159 0.919851 0.720399 0.620617 0.497810 0.271416 0.216476 0.040629 -0.125385 -0.224771 -0.437690 -0.560737 -0.617284 -0.750893 -0.932456 0.982939 0.975371 0.937042 0.719921 0.554823 0.409860 0.258729 0.173619 0.049711 -0.155671 -0.277753 -0.450114 -0.577542 -0.625690 -0.747973 -0.937846 
56.054840 5080944.500000 66 66 68 0.980449 0.971593 0.949790 0.982381 0.973277 0.911901 0.765739 0.731413 0.608988 0.395145 0.308659 0.090701 0.016535 -0.182246 -0.432524 -0.544760 -0.626019 -0.769673 -0.956813 0.981924 0.972532 0.910721 0.734895 0.686048 0.533472 0.327990 0.261773 0.077814 -0.049452 -0.177398 -0.433756 -0.535158 -0.604354 -0.758536 -0.944767 
53.249874 1132634.375000 68 70 72 0.960960 0.944607 0.959346 0.984694 0.975054 0.922679 0.849807 0.787775 0.664102 0.470113 0.196531 0.091070 -0.057322 -0.256682 -0.391112 -0.579345 -0.647077 -0.853817 -0.964160 0.982874 0.973254 0.904971 0.818370 0.763103 0.643545 0.470429 0.252224 0.116027 0.014671 -0.215214 -0.408556 -0.523896 -0.641509 -0.829405 -0.962470 
51.217899 568313.125000 72 72 74 0.940719 0.965938 0.938311 0.985899 0.976737 0.943893 0.871008 0.765208 0.607345 0.395734 0.234970 0.100462 -0.035637 -0.197057 -0.430399 -0.572969 -0.693978 -0.882183 -0.960419 0.985786 0.976296 0.934773 0.867863 0.796252 0.581879 0.432799 0.214109 0.083674 -0.073924 -0.251358 -0.377366 -0.568817 -0.648669 -0.867662 -0.963910 
49.740257 303789.875000 72 74 74 0.938257 0.947369 0.932024 0.985405 0.976754 0.943318 0.881666 0.765174 0.672625 0.408991 0.237381 0.133474 0.021419 -0.232931 -0.425937 -0.592055 -0.766705 -0.898199 -0.972757 0.986487 0.977066 0.948492 0.879784 0.769038 0.632733 0.393029 0.259466 0.078995 -0.018411 -0.254073 -0.419619 -0.582682 -0.735201 -0.890375 -0.969103 
51.508198 324865.718750 74 76 74 0.945049 0.943795 0.873016 0.984116 0.975215 0.925287 0.865913 0.825991 0.739763 0.614795 0.217250 0.138409 0.033159 -0.225837 -0.479679 -0.624801 -0.787949 -0.906964 -0.974291 0.984321 0.975980 0.934890 0.880201 0.794392 0.714870 0.510094 0.230685 0.140638 0.023742 -0.201913 -0.446673 -0.586950 -0.762587 -0.903856 -0.973947 
54.790764 1164541.750000 76 74 74 0.909130 0.891430 0.956892 0.982515 0.971917 0.922865 0.789544 0.752274 0.684547 0.638475 0.434256 0.130086 0.080715 -0.026446 -0.428036 -0.614515 -0.759549 -0.904299 -0.973578 0.983603 0.972860 0.925834 0.827627 0.800577 0.715459 0.671911 0.316781 0.118856 0.070491 -0.172564 -0.431245 -0.625677 -0.797929 -0.904637 -0.971838 
57.386246 7776104.000000 74 74 74 0.967033 0.953044 0.964180 0.977370 0.966077 0.923281 0.736863 0.663381 0.587263 0.419303 0.314680 0.172858 0.052466 0.013409 -0.334195 -0.517243 -0.570087 -0.865722 -0.966421 0.980227 0.968909 0.930114 0.755309 0.708351 0.637893 0.560897 0.372116 0.188044 0.075034 0.036189 -0.317912 -0.555561 -0.720816 -0.898115 -0.971169 
57.793144 34841544.000000 74 76 76 0.947303 0.971903 0.981022 0.977133 0.962596 0.916912 0.694934 0.592357 0.463715 0.290512 0.199090 0.062660 -0.053973 -0.160995 -0.440967 -0.569206 -0.615337 -0.726366 -0.868008 0.976180 0.963447 0.916054 0.714143 0.619323 0.536621 0.338448 0.250165 0.100331 0.000819 -0.084997 -0.363323 -0.540298 -0.578879 -0.718820 -0.947132 
57.078739 40764708.000000 76 76 76 0.987831 0.970386 0.947407 0.979849 0.967376 0.930364 0.714316 0.485700 0.385742 0.253903 0.129426 0.043243 -0.140243 -0.252017 -0.450123 -0.597274 -0.660123 -0.757796 -0.873118 0.978874 0.964627 0.924947 0.700341 0.536458 0.416645 0.267459 0.160182 0.050795 -0.109293 -0.218138 -0.437772 -0.592842 -0.633643 -0.739584 -0.842944 
56.752644 31047172.000000 76 78 78 0.958774 0.961966 0.967424 0.983214 0.971056 0.941630 0.716846 0.426558 0.360587 0.234310 0.109670 0.026445 -0.179512 -0.286803 -0.437739 -0.595128 -0.674611 -0.755294 -0.870648 0.981015 0.969251 0.936780 0.716471 0.452058 0.380873 0.238831 0.116251 0.032352 -0.159804 -0.279501 -0.428228 -0.596145 -0.668665 -0.770539 -0.847695 
55.052280 17987068.000000 78 80 80 0.971291 0.969840 0.962382 0.986612 0.973325 0.947271 0.715772 0.423775 0.322517 0.242209 0.118433 0.033671 -0.188689 -0.319589 -0.439869 -0.573819 -0.674139 -0.735885 -0.912753 0.984764 0.973249 0.945137 0.681499 0.431586 0.346072 0.250277 0.114802 0.029018 -0.182748 -0.303827 -0.443738 -0.595922 -0.680079 -0.761151 -0.869386 
53.912315 10106588.000000 80 80 80 0.952217 0.955795 0.954431 0.988243 0.977676 0.955726 0.733351 0.370448 0.318226 0.222425 0.124759 0.041323 -0.195636 -0.348929 -0.443306 -0.556978 -0.650486 -0.728944 -0.939173 0.987463 0.975152 0.953521 0.752317 0.381157 0.319935 0.228472 0.118575 0.033241 -0.206126 -0.336876 -0.451576 -0.573449 -0.669787 -0.739364 -0.926413 
52.453575 5306822.000000 82 82 82 0.946544 0.972033 0.916242 0.989046 0.979404 0.957038 0.733763 0.400711 0.339924 0.228543 0.131347 0.045216 -0.174507 -0.362647 -0.456056 -0.525606 -0.624916 -0.799371 -0.958484 0.988709 0.978304 0.958210 0.750847 0.367426 0.324443 0.220241 0.130239 0.049621 -0.189615 -0.355313 -0.448238 -0.541918 -0.623418 -0.719259 -0.946150 
48.203773 529166.000000 82 82 82 0.861802 0.902682 0.938414 0.991588 0.983952 0.965622 0.878269 0.546017 0.388592 0.290018 0.184374 0.064358 -0.194398 -0.371602 -0.426480 -0.559809 -0.682955 -0.841469 -0.962866 0.991379 0.981558 0.962444 0.837912 0.515893 0.373813 0.265035 0.145792 0.067801 -0.162031 -0.374094 -0.441037 -0.540660 -0.675211 -0.813381 -0.952605 
46.608109 221463.406250 82 82 82 0.942074 0.964845 0.949500 0.992984 0.983661 0.965241 0.908650 0.583007 0.417581 0.265277 0.166014 0.083534 -0.135805 -0.330809 -0.423075 -0.576177 -0.702277 -0.869997 -0.964954 0.992750 0.984058 0.966060 0.884819 0.557102 0.423416 0.317889 0.164259 0.074389 -0.120494 -0.342957 -0.410643 -0.567510 -0.677887 -0.859552 -0.961872 
42.501949 528380.875000 82 86 90 0.959304 0.836464 0.576126 0.994412 0.983607 0.961836 0.778361 0.453458 0.341001 0.199341 0.083572 -0.033231 -0.191452 -0.391841 -0.553906 -0.681611 -0.804101 -0.917218 -0.964955 0.994459 0.983184 0.968003 0.904033 0.553533 0.386810 0.288743 0.178601 0.115304 -0.096535 -0.320433 -0.452186 -0.557702 -0.688868 -0.872014 -0.958683 
40.895691 3500654.000000 90 82 82 0.642824 0.597204 0.553310 0.988075 0.976327 0.754356 0.467486 0.273810 0.153021 0.093265 -0.062295 -0.237212 -0.367821 -0.526221 -0.680863 -0.794877 -0.866455 -0.941017 -0.974364 0.989819 0.978165 0.853972 0.588788 0.382079 0.292479 0.121260 0.034627 -0.065900 -0.235840 -0.444711 -0.587355 -0.700602 -0.833289 -0.927637 -0.968331 
52.224617 29909706.000000 84 164 80 0.585940 0.400872 0.425656 0.983219 0.903112 0.551390 0.358010 0.242449 0.132838 0.055587 -0.114137 -0.216068 -0.445208 -0.577382 -0.668286 -0.811105 -0.871130 -0.956026 -0.981211 0.978169 0.937844 0.617594 0.401575 0.282522 0.164723 0.079187 -0.093677 -0.237277 -0.450665 -0.550676 -0.649936 -0.789951 -0.864814 -0.958325 -0.979288 
51.039703 12417899.000000 84 40 112 0.496074 0.749509 0.536168 0.976934 0.890891 0.537608 0.433811 0.254865 0.147586 0.100911 -0.102010 -0.236838 -0.381489 -0.558297 -0.694891 -0.799595 -0.893665 -0.954311 -0.983568 0.979386 0.892294 0.549681 0.377657 0.210535 0.138704 0.051563 -0.088338 -0.212124 -0.397335 -0.590261 -0.669612 -0.802974 -0.882320 -0.947262 -0.980984 
42.540863 2013483.625000 110 110 80 0.471450 0.426844 0.671820 0.983482 0.898104 0.675083 0.589601 0.389185 0.265006 0.174660 0.015631 -0.183588 -0.355204 -0.559396 -0.652656 -0.823930 -0.877217 -0.953398 -0.983591 0.973377 0.878577 0.572437 0.452039 0.287952 0.195319 0.105447 0.004452 -0.204053 -0.419519 -0.553672 -0.635615 -0.816509 -0.877586 -0.942240 -0.988151 
40.217705 854178.500000 78 74 76 0.602681 0.556509 0.817750 0.993275 0.984950 0.968576 0.815737 0.484724 0.297599 0.144383 0.040972 -0.157135 -0.297952 -0.498557 -0.678303 -0.797963 -0.877445 -0.931865 -0.984676 0.991890 0.975448 0.761592 0.656649 0.494766 0.312585 0.178508 -0.014387 -0.151463 -0.348525 -0.536646 -0.702067 -0.798344 -0.883291 -0.946445 -0.987312 
47.169273 826364.500000 82 84 84 0.816389 0.953332 0.950777 0.990373 0.981684 0.960902 0.869887 0.752243 0.441433 0.183196 0.126198 -0.114854 -0.197045 -0.485663 -0.641946 -0.764178 -0.863767 -0.918852 -0.981971 0.991226 0.983044 0.964260 0.868711 0.723238 0.340985 0.156897 0.068013 -0.108611 -0.242459 -0.443313 -0.611884 -0.786863 -0.879565 -0.938706 -0.977378 
48.343773 339736.437500 86 88 88 0.961841 0.942948 0.981481 0.990144 0.982456 0.963688 0.864235 0.769337 0.697099 0.228074 0.100013 -0.062111 -0.162132 -0.429075 -0.620861 -0.773160 -0.856591 -0.952805 -0.981797 0.990186 0.981921 0.963568 0.862532 0.773226 0.636786 0.164128 0.102765 -0.106100 -0.169482 -0.459651 -0.635543 -0.749374 -0.857277 -0.935264 -0.978316 
50.591084 3158857.500000 88 82 88 0.988422 0.739475 0.921201 0.983328 0.973743 0.942748 0.756497 0.646156 0.584837 0.328732 0.257665 0.150179 -0.089433 -0.182007 -0.504913 -0.676562 -0.738371 -0.920645 -0.980526 0.988705 0.980402 0.957625 0.837210 0.681423 0.596679 0.323609 0.263196 0.063594 -0.101912 -0.395094 -0.628317 -0.730669 -0.853920 -0.944337 -0.981604 
52.212204 5706701.000000 86 84 82 0.929296 0.957641 0.956110 0.984119 0.973782 0.938595 0.744126 0.624200 0.552520 0.266625 0.160184 0.074616 -0.105714 -0.217959 -0.495293 -0.638584 -0.708305 -0.812731 -0.940579 0.983287 0.974054 0.937302 0.749532 0.627841 0.544802 0.301577 0.197842 0.101227 -0.103529 -0.189290 -0.433253 -0.664951 -0.723968 -0.846103 -0.954957 
50.687679 2199924.750000 82 78 78 0.927120 0.952433 0.918336 0.987629 0.974911 0.947956 0.770958 0.633382 0.572594 0.305500 0.150587 0.079181 -0.079140 -0.313555 -0.504869 -0.571269 -0.686690 -0.798142 -0.946881 0.985320 0.973874 0.944282 0.760608 0.619139 0.567149 0.277817 0.148717 0.070934 -0.092283 -0.266500 -0.510944 -0.603874 -0.695100 -0.788469 -0.950539 
46.736465 162160.203125 76 74 72 0.923101 0.900835 0.790134 0.993572 0.984249 0.969597 0.883198 0.654059 0.587894 0.327819 0.203607 0.111341 -0.052720 -0.328705 -0.519509 -0.634277 -0.780649 -0.889789 -0.979358 0.992326 0.979805 0.958301 0.791647 0.628780 0.591714 0.328131 0.156980 0.079036 -0.080725 -0.361864 -0.505322 -0.570496 -0.732837 -0.844031 -0.955488 
44.999546 41945.781250 72 70 70 0.814476 0.820260 0.641355 0.992106 0.984369 0.972800 0.912161 0.641353 0.583904 0.412498 0.209020 0.076147 -0.116663 -0.330518 -0.553625 -0.682059 -0.810500 -0.923573 -0.978375 0.993758 0.984403 0.970305 0.897963 0.647885 0.614005 0.390142 0.167567 0.112156 -0.066554 -0.342196 -0.531674 -0.660905 -0.813374 -0.901105 -0.982180 
33.988853 367034.468750 74 70 72 0.537283 0.551682 0.883205 0.992881 0.976001 0.895756 0.808024 0.672022 0.491375 0.252935 0.043899 -0.217233 -0.386935 -0.601875 -0.737566 -0.887187 -0.918354 -0.970613 -0.984404 0.990389 0.981755 0.933131 0.820990 0.650076 0.575132 0.359940 0.150947 -0.076117 -0.250873 -0.438121 -0.588235 -0.763671 -0.887671 -0.933524 -0.984509 
39.544632 499900.406250 70 72 82 0.881638 0.657766 0.631744 0.992146 0.976361 0.908713 0.725719 0.535471 0.330820 0.054341 -0.254315 -0.431484 -0.546030 -0.680362 -0.762757 -0.876724 -0.935673 -0.966438 -0.987796 0.993574 0.982396 0.929519 0.746499 0.584330 0.380877 0.137548 -0.173358 -0.325709 -0.551881 -0.697365 -0.763105 -0.885041 -0.932853 -0.976600 -0.988849 
48.412354 2749040.500000 82 42 82 0.413501 0.734245 0.482908 0.982772 0.938430 0.808708 0.660128 0.482805 0.248845 -0.053208 -0.321146 -0.419470 -0.516647 -0.692526 -0.767596 -0.877912 -0.946323 -0.963153 -0.994434 0.984183 0.963947 0.857337 0.681145 0.499137 0.286388 0.044625 -0.318367 -0.456492 -0.542541 -0.641466 -0.775181 -0.848535 -0.913468 -0.963930 -0.995779 
56.777420 7637129.500000 86 62 210 0.499114 0.532179 0.484489 0.980364 0.914034 0.791266 0.645712 0.450500 0.224291 -0.075615 -0.364579 -0.478685 -0.550374 -0.682626 -0.798387 -0.889732 -0.921805 -0.949264 -0.981264 0.984586 0.922234 0.807778 0.663360 0.458585 0.256978 -0.099398 -0.312871 -0.483206 -0.557281 -0.680112 -0.787635 -0.896260 -0.936397 -0.956505 -0.979610 
46.006607 3969442.750000 144 106 106 0.459626 0.360021 0.452906 0.969195 0.884631 0.761113 0.643971 0.275808 0.152058 0.098118 -0.130287 -0.266317 -0.455493 -0.614371 -0.737097 -0.846983 -0.906644 -0.941640 -0.966898 0.981424 0.922031 0.727760 0.615906 0.362062 0.125522 0.040753 -0.236661 -0.388830 -0.512262 -0.615985 -0.719529 -0.827236 -0.911801 -0.948724 -0.979017 
37.319153 1763968.500000 84 48 142 0.341047 0.411138 0.431409 0.964078 0.888039 0.711451 0.664283 0.492032 0.232109 0.143302 -0.021164 -0.207536 -0.352896 -0.518585 -0.642014 -0.759903 -0.909605 -0.941584 -0.971977 0.965230 0.906066 0.726685 0.650843 0.457020 0.208675 0.144477 -0.005405 -0.196653 -0.389865 -0.561290 -0.687837 -0.811154 -0.873231 -0.931342 -0.973718 
33.238758 731976.687500 62 122 82 0.354001 0.407459 0.437253 0.983790 0.926971 0.704619 0.685809 0.436298 0.285972 0.151472 0.074811 -0.186152 -0.398497 -0.499556 -0.640988 -0.803517 -0.889962 -0.921572 -0.969388 0.977820 0.890169 0.729360 0.692334 0.475021 0.238872 0.139008 -0.016789 -0.215938 -0.439994 -0.531872 -0.711574 -0.843387 -0.912725 -0.933499 -0.973931 
35.012154 2919307.250000 106 70 112 0.560639 0.436690 0.408791 0.953155 0.840531 0.739003 0.670088 0.560746 0.331945 0.214038 0.022533 -0.091993 -0.311443 -0.470561 -0.585106 -0.717750 -0.865237 -0.942364 -0.978753 0.972153 0.875579 0.699076 0.670922 0.457159 0.261092 0.123276 0.025285 -0.137997 -0.363187 -0.487466 -0.633823 -0.739484 -0.874482 -0.944583 -0.977376 
39.864624 3416872.250000 110 114 48 0.401261 0.267632 0.312312 0.987922 0.970226 0.889008 0.724990 0.686368 0.409926 0.249540 0.114081 -0.158840 -0.218871 -0.436623 -0.618910 -0.701352 -0.826898 -0.934721 -0.960195 0.953823 0.830804 0.753009 0.674631 0.572640 0.357785 0.221660 0.045275 -0.117072 -0.267302 -0.452291 -0.593078 -0.757711 -0.876801 -0.937804 -0.969694 
53.084984 19994634.000000 52 60 60 0.727876 0.973804 0.992360 0.980422 0.972602 0.906750 0.748451 0.705119 0.530230 0.235402 0.193337 -0.067441 -0.262735 -0.375266 -0.550064 -0.695736 -0.738783 -0.840625 -0.952574 0.983607 0.969296 0.920679 0.760412 0.715697 0.540194 0.263411 0.219410 -0.060325 -0.203675 -0.355948 -0.583136 -0.645431 -0.739184 -0.929862 -0.956733 
52.439827 2169887.500000 60 60 64 0.987213 0.877937 0.940277 0.986908 0.978393 0.936073 0.761924 0.715937 0.554914 0.232886 0.176403 -0.036667 -0.317884 -0.416542 -0.562059 -0.683762 -0.757642 -0.876582 -0.948175 0.981616 0.975157 0.919022 0.751653 0.712763 0.520741 0.228817 0.173418 -0.036596 -0.292605 -0.411676 -0.539991 -0.694183 -0.761003 -0.821436 -0.941310 
42.174324 223552.890625 64 66 66 0.857645 0.860291 0.876704 0.993483 0.979568 0.952861 0.840753 0.688164 0.637391 0.294660 0.210196 -0.133656 -0.311547 -0.419904 -0.603159 -0.761633 -0.833701 -0.912868 -0.950386 0.992998 0.980451 0.955718 0.834463 0.713356 0.559769 0.226371 0.173304 -0.250597 -0.318988 -0.428843 -0.643805 -0.748399 -0.795539 -0.893439 -0.936277 
45.296974 6170991.000000 66 62 56 0.855877 0.620943 0.917018 0.985919 0.972458 0.910824 0.755001 0.696064 0.580125 0.215414 0.153217 -0.061598 -0.325718 -0.401792 -0.552251 -0.699737 -0.821782 -0.910728 -0.940117 0.991626 0.977468 0.927831 0.814201 0.720262 0.619268 0.294840 0.164405 -0.103064 -0.316893 -0.457651 -0.617543 -0.720549 -0.866467 -0.925369 -0.953027 
58.616516 28219706.000000 56 54 56 0.905820 0.949383 0.926116 0.981781 0.971648 0.928201 0.735100 0.701813 0.558336 0.282837 0.212812 0.058611 -0.193454 -0.273308 -0.492177 -0.629908 -0.706231 -0.766381 -0.873245 0.981763 0.971670 0.931509 0.733321 0.693422 0.526838 0.238893 0.162406 0.023978 -0.242542 -0.337380 -0.496226 -0.639454 -0.727925 -0.781047 -0.878293 
50.442978 979632.812500 56 62 62 0.968628 0.812981 0.594270 0.987601 0.974630 0.921405 0.798021 0.751735 0.535129 0.340291 0.242796 -0.049511 -0.229625 -0.330348 -0.599618 -0.672744 -0.743039 -0.812932 -0.949837 0.985076 0.974826 0.917844 0.756086 0.719388 0.564712 0.334626 0.265017 0.029439 -0.148362 -0.283756 -0.493967 -0.628876 -0.710834 -0.780506 -0.892366 
37.429554 192817.406250 58 58 56 0.586186 0.806950 0.718902 0.980219 0.973410 0.904263 0.775984 0.686266 0.510398 0.328367 0.222766 -0.037802 -0.263809 -0.330663 -0.526176 -0.694324 -0.736948 -0.865587 -0.952663 0.989794 0.978498 0.921242 0.777727 0.722584 0.586693 0.347837 0.187085 -0.079706 -0.243849 -0.330753 -0.574597 -0.671047 -0.722761 -0.831629 -0.965170 
32.535919 82957.882812 56 56 56 0.799246 0.657803 0.789716 0.980879 0.966747 0.900068 0.747644 0.689395 0.619977 0.366006 0.262816 0.093589 -0.216665 -0.305483 -0.546507 -0.695551 -0.769870 -0.925810 -0.964992 0.976642 0.969567 0.893428 0.737858 0.683358 0.564077 0.311427 0.237939 -0.030457 -0.215537 -0.306810 -0.522144 -0.680493 -0.728535 -0.871443 -0.954410 
33.124043 424242.187500 56 60 48 0.716352 0.550220 0.567037 0.982386 0.957373 0.844905 0.760897 0.703054 0.578212 0.354301 0.277631 0.059615 -0.126449 -0.439814 -0.544918 -0.622842 -0.777430 -0.923968 -0.968051 0.986402 0.963421 0.904968 0.750356 0.706353 0.634449 0.382934 0.239735 0.073176 -0.220938 -0.346300 -0.560314 -0.677919 -0.794266 -0.925833 -0.964072 
39.093925 1804957.500000 114 118 114 0.780344 0.698038 0.354248 0.975766 0.956298 0.810538 0.764842 0.684834 0.603382 0.357077 0.124311 0.004077 -0.118414 -0.479208 -0.565530 -0.676894 -0.805260 -0.945069 -0.953856 0.984155 0.947278 0.831354 0.758205 0.687386 0.491213 0.335298 0.197544 0.049358 -0.124545 -0.491425 -0.550709 -0.654464 -0.817217 -0.955692 -0.973463 
35.991417 1440209.375000 60 150 54 0.425715 0.434398 0.532697 0.962117 0.862403 0.820872 0.760007 0.680312 0.459625 0.349804 0.149506 -0.032060 -0.210687 -0.468725 -0.511046 -0.698210 -0.916710 -0.958959 -0.976098 0.974684 0.926870 0.814471 0.732451 0.673189 0.467657 0.308867 0.082682 -0.015900 -0.279467 -0.470447 -0.575219 -0.700787 -0.900931 -0.956396 -0.965892 
37.298237 294011.093750 54 52 92 0.548194 0.402738 0.175811 0.966680 0.874490 0.824694 0.756501 0.698271 0.620605 0.388854 0.156210 -0.000716 -0.193352 -0.443442 -0.515499 -0.646181 -0.839887 -0.954467 -0.974823 0.955011 0.845327 0.828719 0.768628 0.650591 0.524731 0.391849 0.178375 -0.022136 -0.199595 -0.472871 -0.534186 -0.644178 -0.866974 -0.954658 -0.972788 
53.376804 1879343.500000 54 62 68 0.315181 0.724137 0.750298 0.984510 0.961781 0.933616 0.839034 0.722722 0.685419 0.544778 0.381950 0.214023 0.041964 -0.024306 -0.464430 -0.583567 -0.730406 -0.903907 -0.971643 0.988513 0.967722 0.938288 0.862374 0.757416 0.711442 0.639936 0.395319 0.099876 -0.055117 -0.395053 -0.521235 -0.613990 -0.839937 -0.939903 -0.967069 
59.554157 23962704.000000 68 72 74 0.850235 0.945785 0.979320 0.974396 0.957345 0.912959 0.759059 0.679026 0.607987 0.387889 0.305057 0.123565 0.001316 -0.145599 -0.483976 -0.589676 -0.639664 -0.708219 -0.926756 0.974487 0.958467 0.921948 0.787739 0.691951 0.647547 0.444595 0.342275 0.158441 0.027877 -0.055237 -0.450857 -0.580484 -0.616547 -0.786705 -0.965303 
57.753086 44588740.000000 74 74 76 0.969123 0.989885 0.933079 0.975492 0.958690 0.910427 0.740947 0.638335 0.554985 0.328312 0.242439 0.068026 -0.063689 -0.335184 -0.513185 -0.630694 -0.709734 -0.799010 -0.842357 0.976588 0.957579 0.913146 0.747353 0.660615 0.559696 0.340552 0.264742 0.088476 -0.039302 -0.256018 -0.497354 -0.615562 -0.677864 -0.772285 -0.854136 
57.165092 36749736.000000 76 76 76 0.939191 0.958493 0.963336 0.979160 0.966941 0.916342 0.727730 0.623881 0.551069 0.317970 0.192825 0.079685 -0.078905 -0.435905 -0.519548 -0.611720 -0.700942 -0.832554 -0.858165 0.977476 0.962021 0.912839 0.719543 0.620708 0.544235 0.319442 0.218365 0.063375 -0.073305 -0.406523 -0.511570 -0.633265 -0.709817 -0.813367 -0.848464 
56.426395 18190074.000000 76 78 82 0.965308 0.884946 0.908991 0.982958 0.974273 0.934788 0.719990 0.637845 0.527414 0.289130 0.160942 0.088135 -0.230153 -0.498840 -0.551243 -0.639490 -0.795514 -0.875123 -0.975226 0.980219 0.970076 0.934952 0.737306 0.631072 0.539805 0.301003 0.177412 0.087980 -0.113741 -0.463906 -0.527860 -0.614728 -0.715942 -0.841443 -0.868584 
48.587654 10461245.000000 82 82 82 0.900543 0.850833 0.786866 0.989565 0.972420 0.927357 0.706042 0.607276 0.481224 0.253873 0.106671 -0.165828 -0.405422 -0.536834 -0.633300 -0.819727 -0.905711 -0.956304 -0.986586 0.985987 0.977559 0.916708 0.698223 0.623136 0.493228 0.252734 0.155949 -0.078537 -0.368013 -0.546032 -0.608611 -0.795114 -0.886252 -0.960542 -0.980336 
44.619312 8856925.000000 84 84 88 0.764635 0.760142 0.607997 0.990312 0.971871 0.903778 0.696778 0.629635 0.474765 0.187556 0.032742 -0.279955 -0.461927 -0.577360 -0.719996 -0.820490 -0.903848 -0.957106 -0.981175 0.990610 0.976633 0.892402 0.705347 0.610768 0.486908 0.211279 0.068729 -0.203640 -0.438133 -0.567241 -0.720676 -0.814293 -0.886632 -0.947823 -0.980895 
45.877861 6932211.000000 170 168 84 0.701455 0.796675 0.720986 0.987090 0.976574 0.927045 0.711691 0.621320 0.453295 0.154675 -0.028868 -0.331536 -0.426772 -0.580712 -0.680090 -0.849692 -0.926367 -0.977675 -0.990874 0.987055 0.967388 0.934618 0.713406 0.613770 0.484833 0.175853 0.005475 -0.315530 -0.434650 -0.546315 -0.676138 -0.834309 -0.916247 -0.972538 -0.990929 
48.390194 9476684.000000 82 82 84 0.778534 0.855911 0.859907 0.988382 0.980748 0.943225 0.676606 0.612077 0.506218 0.229610 0.072279 -0.317129 -0.472301 -0.530266 -0.722401 -0.802348 -0.896692 -0.968929 -0.980594 0.988282 0.980411 0.944252 0.687231 0.613087 0.424375 0.176602 0.006265 -0.319966 -0.467714 -0.548067 -0.703077 -0.806585 -0.909422 -0.974382 -0.988497 
51.826065 7392509.000000 82 82 84 0.926951 0.971650 0.959730 0.986680 0.978327 0.962744 0.734705 0.613407 0.541213 0.219546 0.181705 -0.170404 -0.446242 -0.531056 -0.675880 -0.779876 -0.857346 -0.951728 -0.975732 0.986960 0.978405 0.960430 0.702969 0.618007 0.544949 0.223834 0.180564 -0.162550 -0.440516 -0.496399 -0.642865 -0.785512 -0.862750 -0.946567 -0.978227 
49.981880 3746065.750000 84 88 92 0.938552 0.848457 0.740959 0.988917 0.979683 0.961202 0.771884 0.607271 0.479333 0.177244 0.065786 -0.289327 -0.456834 -0.527084 -0.634777 -0.806267 -0.882322 -0.941900 -0.981411 0.987239 0.978980 0.963856 0.734739 0.617371 0.504834 0.215541 0.138678 -0.215990 -0.415445 -0.538239 -0.667246 -0.784507 -0.854112 -0.930654 -0.976152 
38.583160 431721.375000 96 98 84 0.795379 0.482655 0.855707 0.989903 0.982858 0.956074 0.734289 0.618442 0.493287 0.272900 -0.029578 -0.325672 -0.413731 -0.552615 -0.612991 -0.752337 -0.873108 -0.956104 -0.979118 0.990953 0.979581 0.956147 0.769356 0.611625 0.516506 0.148820 0.035200 -0.226692 -0.453569 -0.561853 -0.647670 -0.785879 -0.863500 -0.927799 -0.973662 
41.810818 1409636.125000 84 68 88 0.857134 0.382887 0.706168 0.989394 0.975830 0.962363 0.778966 0.602384 0.425761 0.108369 -0.016979 -0.257378 -0.321657 -0.450220 -0.560000 -0.694180 -0.841223 -0.941775 -0.984386 0.987706 0.975299 0.953460 0.778290 0.610271 0.380722 0.126463 -0.005085 -0.246806 -0.357409 -0.520242 -0.578259 -0.689123 -0.871782 -0.955513 -0.982641 
50.865616 8421336.000000 88 90 88 0.855480 0.930961 0.949715 0.981888 0.969640 0.937222 0.732201 0.605035 0.532563 0.243135 0.166348 0.061372 -0.148220 -0.323111 -0.468604 -0.594199 -0.630129 -0.796227 -0.966907 0.984184 0.972468 0.950020 0.796947 0.608587 0.569878 0.246465 0.157719 0.040626 -0.212248 -0.374455 -0.526822 -0.592955 -0.717189 -0.923064 -0.975938 
51.225224 2412650.000000 88 96 182 0.956901 0.718482 0.821062 0.982850 0.968690 0.942623 0.840183 0.623892 0.583130 0.314093 0.193370 0.116868 -0.089968 -0.300559 -0.387509 -0.610693 -0.649203 -0.800116 -0.962180 0.981902 0.967811 0.939254 0.802787 0.625134 0.580058 0.310485 0.192336 0.113548 -0.088872 -0.300708 -0.429134 -0.599617 -0.634512 -0.793302 -0.971293 
48.578495 388361.500000 54 168 168 0.413744 0.924190 0.923149 0.987169 0.973897 0.955688 0.905325 0.627723 0.596147 0.347987 0.202490 0.156809 -0.220507 -0.313733 -0.433369 -0.596990 -0.706855 -0.882115 -0.965374 0.985731 0.972949 0.952332 0.902159 0.627199 0.592210 0.339564 0.212455 0.137923 -0.183727 -0.314118 -0.413673 -0.568803 -0.706372 -0.885417 -0.966859 
47.582928 620733.125000 168 96 96 0.798390 0.877669 0.811867 0.986071 0.974501 0.948966 0.830521 0.642361 0.611004 0.350572 0.202694 0.151024 -0.023908 -0.221092 -0.442957 -0.562459 -0.677591 -0.899722 -0.973337 0.989092 0.974749 0.953653 0.848090 0.638508 0.604886 0.337116 0.201509 0.130716 -0.028343 -0.238036 -0.443326 -0.569277 -0.700400 -0.893933 -0.969508 
45.110672 53878.757812 96 96 96 0.817953 0.921982 0.908076 0.989639 0.982167 0.966366 0.921578 0.659326 0.625455 0.467547 0.177875 0.118317 -0.130916 -0.366946 -0.476134 -0.678738 -0.812761 -0.921902 -0.977140 0.987422 0.977686 0.956098 0.880569 0.649641 0.624900 0.493020 0.218208 0.138760 -0.049904 -0.363439 -0.487383 -0.613828 -0.815347 -0.914469 -0.972658 
43.734394 23975.796875 96 98 98 0.923366 0.952418 0.865302 0.991301 0.983852 0.968544 0.934805 0.661542 0.610452 0.467997 0.216624 0.062025 -0.211582 -0.344108 -0.514800 -0.675866 -0.817319 -0.946924 -0.975338 0.990080 0.982706 0.967319 0.932147 0.667918 0.616686 0.503665 0.218697 0.141225 -0.186200 -0.362133 -0.517424 -0.674402 -0.822942 -0.917392 -0.981405 
33.375374 11209.189453 98 106 166 0.695657 0.461571 0.467625 0.993502 0.980688 0.953139 0.864214 0.650820 0.598260 0.392684 0.191726 0.004639 -0.287647 -0.400847 -0.552564 -0.715262 -0.847078 -0.891405 -0.965046 0.994341 0.983623 0.969752 0.890848 0.648892 0.611898 0.421071 0.179115 -0.005612 -0.241937 -0.424142 -0.545499 -0.697680 -0.820675 -0.931518 -0.964132 
31.244648 365735.781250 120 102 72 0.465980 0.707199 0.472737 0.982155 0.965453 0.854118 0.753894 0.593921 0.392967 0.158205 -0.094404 -0.375958 -0.534975 -0.624964 -0.755123 -0.837874 -0.912369 -0.961365 -0.992819 0.987456 0.969718 0.889905 0.754421 0.616904 0.438640 0.225550 0.011224 -0.274028 -0.487338 -0.608353 -0.719477 -0.818004 -0.900307 -0.944467 -0.983205 
52.434654 3154551.250000 208 180 50 0.516920 0.333487 0.419106 0.981279 0.927110 0.807038 0.660551 0.466230 0.238159 -0.150361 -0.303460 -0.459684 -0.620966 -0.714185 -0.806476 -0.890414 -0.931342 -0.960713 -0.992775 0.981494 0.933298 0.819088 0.671707 0.481769 0.260951 -0.076622 -0.311084 -0.454826 -0.577094 -0.666999 -0.781404 -0.887800 -0.938228 -0.965060 -0.977738 
55.569756 5351342.500000 54 54 100 0.584311 0.698995 0.301438 0.980470 0.918963 0.805369 0.667122 0.470577 0.265476 -0.104076 -0.360199 -0.477284 -0.587335 -0.713884 -0.823917 -0.847221 -0.893534 -0.931248 -0.987548 0.984540 0.929869 0.811746 0.667546 0.470949 0.255630 -0.124002 -0.300986 -0.358977 -0.608110 -0.749631 -0.800156 -0.848389 -0.906189 -0.944937 -0.997393 
51.431694 2344498.500000 102 36 100 0.343420 0.608388 0.548297 0.976618 0.928186 0.806681 0.663186 0.467246 0.261113 -0.134919 -0.316379 -0.439360 -0.601708 -0.667408 -0.783805 -0.847817 -0.876559 -0.911467 -0.982144 0.980534 0.927715 0.803735 0.669697 0.464863 0.267323 -0.136763 -0.366443 -0.479466 -0.631766 -0.654403 -0.779284 -0.844270 -0.877248 -0.926667 -0.988316 
50.594463 4892593.000000 24 30 102 0.431988 0.395094 0.587210 0.981567 0.917135 0.780701 0.620226 0.294104 0.027982 -0.218696 -0.341192 -0.432979 -0.486631 -0.572173 -0.663885 -0.800687 -0.874331 -0.931737 -0.980066 0.979009 0.931198 0.794928 0.646269 0.433786 0.141963 -0.166127 -0.281313 -0.445799 -0.564223 -0.634674 -0.734560 -0.833034 -0.882870 -0.941601 -0.980246 
51.779549 1410799.250000 36 110 108 0.381297 0.428989 0.464127 0.986561 0.937816 0.768971 0.623359 0.279289 0.076766 -0.118771 -0.246308 -0.332365 -0.484942 -0.552654 -0.651379 -0.763895 -0.870955 -0.919178 -0.987779 0.978990 0.910115 0.770348 0.581223 0.267542 0.015698 -0.216719 -0.296836 -0.426972 -0.506540 -0.572491 -0.639419 -0.767144 -0.867466 -0.921862 -0.989926 
36.093517 138083.671875 196 116 230 0.483008 0.446955 0.441153 0.985001 0.948709 0.853204 0.646901 0.531716 0.221584 -0.156132 -0.249874 -0.378538 -0.501569 -0.587502 -0.671594 -0.803933 -0.869954 -0.930827 -0.970887 0.989514 0.955894 0.783775 0.652260 0.447799 0.065722 -0.133735 -0.302094 -0.418818 -0.509625 -0.583344 -0.676201 -0.782977 -0.874838 -0.925188 -0.975332 
27.663967 61500.320312 230 108 96 0.503093 0.421490 0.505936 0.987951 0.953601 0.860748 0.688740 0.546649 0.304892 -0.111606 -0.245180 -0.393035 -0.495903 -0.578428 -0.652931 -0.822599 -0.851786 -0.940212 -0.974700 0.985667 0.951394 0.875873 0.648482 0.545206 0.284566 -0.092863 -0.286352 -0.381280 -0.477949 -0.560691 -0.673286 -0.824289 -0.860915 -0.936263 -0.985019 
37.009674 6148951.500000 100 70 66 0.357871 0.188889 0.598935 0.956429 0.907532 0.800951 0.722494 0.542691 0.439325 0.336773 0.140491 -0.100797 -0.310599 -0.448989 -0.604650 -0.755984 -0.852064 -0.913086 -0.971649 0.957567 0.903113 0.804184 0.718250 0.551424 0.439253 0.303514 0.110434 -0.266623 -0.433387 -0.511598 -0.622843 -0.792297 -0.858910 -0.907095 -0.984618 
43.253742 9390593.000000 68 98 44 0.497032 0.381006 0.418495 0.956141 0.847926 0.652743 0.553518 0.395306 0.281874 0.137034 -0.033987 -0.219485 -0.372688 -0.559611 -0.648967 -0.793845 -0.865648 -0.923597 -0.984217 0.954787 0.885499 0.742875 0.624521 0.443050 0.322337 0.224620 0.031184 -0.222003 -0.320236 -0.513139 -0.623524 -0.765432 -0.869670 -0.923420 -0.977704 
42.701878 10404530.000000 44 102 102 0.610807 0.400982 0.409334 0.941952 0.808271 0.679891 0.648636 0.484376 0.368361 0.215097 0.069577 -0.176091 -0.356390 -0.512519 -0.642422 -0.789584 -0.872417 -0.923255 -0.986998 0.943810 0.820466 0.666245 0.631298 0.478574 0.350523 0.186341 0.005162 -0.166342 -0.375504 -0.482910 -0.667632 -0.793866 -0.875696 -0.930055 -0.986531 
42.226830 5318421.000000 104 130 50 0.476274 0.358514 0.514684 0.936767 0.825404 0.738522 0.716579 0.613851 0.386929 0.266396 0.076805 -0.097055 -0.255315 -0.495226 -0.599777 -0.749219 -0.880776 -0.934667 -0.988886 0.923816 0.797165 0.723654 0.690574 0.550586 0.373566 0.246316 0.070035 -0.143901 -0.321909 -0.499696 -0.613268 -0.751139 -0.875485 -0.930449 -0.988489 
41.546906 1326234.750000 106 76 54 0.456196 0.373469 0.702378 0.985311 0.910536 0.787219 0.748272 0.694202 0.533645 0.295525 0.156803 0.004653 -0.218972 -0.457222 -0.577016 -0.737818 -0.862837 -0.917540 -0.976516 0.919112 0.800204 0.748446 0.722806 0.670827 0.401042 0.311433 0.128019 -0.015485 -0.254719 -0.467849 -0.616577 -0.781449 -0.868475 -0.929993 -0.985865 
56.281921 4890362.500000 72 48 62 0.356740 0.637399 0.919461 0.981477 0.967449 0.926678 0.781038 0.723520 0.671015 0.600068 0.440324 0.076271 -0.056028 -0.182514 -0.564531 -0.696182 -0.795532 -0.893205 -0.966150 0.984983 0.968153 0.934701 0.820597 0.717330 0.678865 0.583126 0.339933 0.064946 -0.061201 -0.332548 -0.561695 -0.684179 -0.827783 -0.895902 -0.977848 
59.533455 10225170.000000 62 68 68 0.783917 0.600329 0.541337 0.971300 0.961687 0.929006 0.755983 0.683082 0.623573 0.529410 0.372260 0.126341 -0.053947 -0.116807 -0.518069 -0.696103 -0.746572 -0.823357 -0.938802 0.976609 0.963935 0.924808 0.759433 0.702826 0.650744 0.584314 0.419505 0.119697 -0.044957 -0.110369 -0.524814 -0.700059 -0.753302 -0.863756 -0.961959 
58.194771 9325369.000000 68 76 88 0.737641 0.768795 0.886518 0.966231 0.957719 0.929949 0.754787 0.656450 0.596412 0.429148 0.356969 0.097212 -0.070313 -0.139820 -0.515498 -0.700646 -0.748839 -0.818409 -0.900504 0.968650 0.958070 0.930265 0.756381 0.667480 0.609621 0.476132 0.351171 0.122473 -0.063230 -0.121920 -0.516374 -0.692282 -0.740791 -0.814909 -0.920234 
57.439056 5057127.500000 88 76 82 0.937107 0.500093 0.707666 0.964339 0.953115 0.939911 0.793328 0.638663 0.596443 0.406734 0.345897 0.208149 -0.048319 -0.107657 -0.330408 -0.703329 -0.757924 -0.874903 -0.937582 0.969850 0.957719 0.941584 0.800305 0.648515 0.575847 0.419410 0.340859 0.177864 -0.042942 -0.122873 -0.402549 -0.708425 -0.754041 -0.840448 -0.939249 
48.197598 712516.187500 82 66 86 0.841744 0.465753 0.593709 0.976383 0.960005 0.942155 0.792568 0.670491 0.583791 0.435476 0.313685 0.188772 -0.064951 -0.151062 -0.301884 -0.704346 -0.754853 -0.889044 -0.964102 0.960881 0.954623 0.935671 0.772767 0.664172 0.617980 0.467980 0.370804 0.170447 -0.080212 -0.151368 -0.462964 -0.708373 -0.772223 -0.883783 -0.964816 
43.951153 124380.343750 44 22 42 0.551189 0.767219 0.452890 0.978440 0.961276 0.946107 0.772581 0.676882 0.612671 0.458432 0.354132 0.168102 -0.069279 -0.141958 -0.472184 -0.670703 -0.793260 -0.911169 -0.964078 0.978935 0.959269 0.949789 0.803323 0.666523 0.624954 0.462646 0.355152 0.230616 -0.075654 -0.148827 -0.359665 -0.689260 -0.750498 -0.881501 -0.966589 
34.015926 49258.707031 62 36 60 0.570659 0.602966 0.610169 0.977263 0.957711 0.911673 0.746548 0.657234 0.625224 0.472912 0.393075 0.193215 -0.063854 -0.273824 -0.525954 -0.695893 -0.799671 -0.909886 -0.973818 0.981820 0.964872 0.926748 0.773787 0.660192 0.601875 0.454732 0.380395 0.163502 -0.044172 -0.207886 -0.486363 -0.636457 -0.800928 -0.921293 -0.972880 
33.626411 29069.781250 22 20 20 0.318774 0.647174 0.648087 0.963138 0.952897 0.931666 0.790284 0.675670 0.616077 0.468493 0.379445 0.174792 -0.116447 -0.342514 -0.519199 -0.704581 -0.827507 -0.902145 -0.983621 0.973323 0.954727 0.927812 0.749919 0.662558 0.626884 0.510737 0.378081 0.205991 -0.089350 -0.299202 -0.523370 -0.688678 -0.823811 -0.906165 -0.979732 
31.352287 23419.863281 38 22 40 0.658589 0.739217 0.534538 0.961574 0.949725 0.920326 0.743815 0.680547 0.574518 0.495143 0.422583 0.147643 -0.113886 -0.328147 -0.536671 -0.694129 -0.837832 -0.909853 -0.982661 0.962525 0.951415 0.929283 0.804741 0.654686 0.569376 0.475275 0.387512 0.153281 -0.116329 -0.369011 -0.502813 -0.691538 -0.815941 -0.913039 -0.982343 
25.665636 15126.236328 20 146 20 0.600053 0.457377 0.870070 0.970034 0.954971 0.907328 0.712016 0.664181 0.573128 0.484498 0.348824 0.005466 -0.199595 -0.337554 -0.561663 -0.704140 -0.822431 -0.916637 -0.970146 0.971665 0.955742 0.924294 0.730930 0.672130 0.570739 0.490748 0.393196 0.075968 -0.145695 -0.381760 -0.539873 -0.655888 -0.845547 -0.901633 -0.972919 
26.680279 9230.993164 82 60 224 0.612941 0.817141 0.448836 0.964605 0.951297 0.923509 0.748067 0.677512 0.629035 0.521765 0.301916 0.003337 -0.180420 -0.421005 -0.558523 -0.701660 -0.808974 -0.926840 -0.980763 0.958605 0.951414 0.924486 0.767777 0.674666 0.617127 0.479998 0.348553 -0.001097 -0.161581 -0.389895 -0.529771 -0.698763 -0.795087 -0.902913 -0.977569 
35.081825 139291.062500 204 208 208 0.557650 0.447995 0.469364 0.969422 0.954815 0.891693 0.825062 0.719031 0.646266 0.436421 0.257366 0.138635 -0.052716 -0.263026 -0.382862 -0.566321 -0.798508 -0.928292 -0.971322 0.974625 0.956690 0.933686 0.708246 0.653965 0.586087 0.515282 0.254585 -0.038782 -0.246478 -0.422654 -0.558357 -0.728862 -0.827370 -0.935861 -0.970891 
37.047939 14395.665039 44 62 54 0.126536 0.451942 0.521931 0.969231 0.950249 0.914751 0.799382 0.690393 0.631819 0.436826 0.273408 0.021498 -0.162098 -0.373945 -0.535547 -0.688860 -0.836548 -0.913914 -0.977592 0.967586 0.957678 0.900022 0.825852 0.717226 0.662114 0.460760 0.259423 0.142042 -0.077086 -0.261296 -0.380298 -0.571420 -0.810637 -0.925281 -0.967467 
21.819818 7535.016602 54 212 212 0.500520 0.597977 0.564162 0.968820 0.946801 0.914513 0.777721 0.669304 0.632088 0.469398 0.250388 -0.011016 -0.249541 -0.422067 -0.568962 -0.719000 -0.820522 -0.927749 -0.977933 0.968089 0.948039 0.897458 0.817837 0.688226 0.633053 0.490861 0.236280 0.006618 -0.184196 -0.419656 -0.512545 -0.731542 -0.842807 -0.917044 -0.981261 
15.021231 4140.297363 70 106 106 0.470993 0.458942 0.505614 0.985380 0.951655 0.902855 0.760219 0.669185 0.609714 0.359999 0.204307 -0.012510 -0.224783 -0.418610 -0.590897 -0.731726 -0.839123 -0.920875 -0.967027 0.981816 0.936585 0.895817 0.801084 0.674628 0.603059 0.416489 0.225923 -0.022031 -0.240121 -0.399444 -0.583070 -0.749266 -0.830360 -0.925162 -0.975050 
13.404678 3113.898682 106 104 104 0.439296 0.566646 0.474430 0.986318 0.953555 0.907740 0.738231 0.653767 0.551641 0.367535 0.124391 -0.072315 -0.215171 -0.438361 -0.568967 -0.723316 -0.832562 -0.932550 -0.970833 0.980509 0.960163 0.926769 0.751418 0.656180 0.535067 0.381802 0.120287 -0.048295 -0.235624 -0.463284 -0.587428 -0.717342 -0.837534 -0.921005 -0.968280 
11.057333 3338.563965 104 104 104 0.412625 0.672343 0.704874 0.985229 0.953574 0.906585 0.748002 0.652479 0.508012 0.364729 0.140359 -0.073720 -0.281092 -0.421670 -0.593080 -0.710768 -0.851390 -0.915757 -0.976435 0.984926 0.954690 0.910266 0.730791 0.661811 0.524413 0.365519 0.151752 -0.049688 -0.196648 -0.468133 -0.572567 -0.725476 -0.860657 -0.924786 -0.978158 
13.000165 3136.130127 102 102 102 0.649377 0.619903 0.428247 0.987672 0.956170 0.933084 0.770186 0.661743 0.547685 0.317499 0.166448 -0.117920 -0.273124 -0.430706 -0.577817 -0.704441 -0.850220 -0.933646 -0.978084 0.988853 0.952984 0.916371 0.754637 0.648940 0.548796 0.400588 0.092436 -0.084828 -0.239615 -0.405611 -0.579993 -0.712276 -0.849389 -0.939753 -0.976581 
9.327134 863.816162 218 40 62 0.451755 0.485222 0.993490 0.985435 0.965473 0.919543 0.753186 0.645416 0.524413 0.339286 0.069271 -0.099362 -0.278028 -0.425992 -0.588834 -0.720790 -0.833024 -0.905168 -0.971361 0.985918 0.961347 0.916594 0.771507 0.639354 0.519186 0.336816 0.116353 -0.058951 -0.275811 -0.432962 -0.618165 -0.730455 -0.843159 -0.930905 -0.974204 
