43.505093 2660145.500000 20 108 170 0.000000 0.803921 0.592330 0.984348 0.977144 0.957753 0.685246 0.368001 0.305406 0.179859 0.056761 -0.078505 -0.219695 -0.347032 -0.413980 -0.640803 -0.772973 -0.867978 -0.894313 0.986375 0.968536 0.919063 0.793175 0.632631 0.420220 0.290594 0.113385 -0.010575 -0.217170 -0.388700 -0.530849 -0.718523 -0.789552 -0.918144 -0.977552 
55.542419 15737113.000000 60 68 68 0.773459 0.831319 0.967661 0.984076 0.975813 0.956600 0.851700 0.391379 0.320876 0.217556 0.081810 -0.057917 -0.201644 -0.347326 -0.393575 -0.648321 -0.778334 -0.883214 -0.910948 0.985238 0.977162 0.957309 0.823273 0.350827 0.310532 0.182293 0.067653 -0.067073 -0.211380 -0.339715 -0.393117 -0.671716 -0.781059 -0.880147 -0.901413 
57.652660 20906464.000000 68 68 68 0.972476 0.979310 0.982539 0.985202 0.973372 0.953071 0.832969 0.488964 0.365579 0.285589 0.161856 0.004271 -0.139056 -0.350347 -0.413521 -0.578943 -0.743666 -0.873026 -0.908326 0.985150 0.974855 0.955286 0.853164 0.481570 0.349081 0.250247 0.149403 -0.029385 -0.184983 -0.359022 -0.414255 -0.610567 -0.793916 -0.889947 -0.911777 
58.857384 12988509.000000 68 70 70 0.981178 0.987145 0.971963 0.985221 0.971757 0.954880 0.867791 0.528798 0.451985 0.346332 0.210609 0.058220 -0.041922 -0.358528 -0.411648 -0.606702 -0.788526 -0.897748 -0.921357 0.985034 0.971953 0.953050 0.838936 0.518267 0.404036 0.312035 0.196318 0.017659 -0.106472 -0.379179 -0.429118 -0.576273 -0.764342 -0.880673 -0.917753 
55.343842 924336.500000 70 72 68 0.983068 0.910511 0.960836 0.990807 0.980551 0.962485 0.900055 0.595893 0.513809 0.385137 0.247111 0.075116 -0.097117 -0.302177 -0.373312 -0.606208 -0.821473 -0.893931 -0.946102 0.986893 0.973818 0.956279 0.884957 0.559184 0.495803 0.378808 0.252586 0.061360 -0.034886 -0.349429 -0.393480 -0.610704 -0.816064 -0.898278 -0.928575 
53.186356 981488.375000 68 70 70 0.950241 0.968589 0.969273 0.990975 0.981684 0.960472 0.906639 0.649316 0.527654 0.327184 0.197226 0.041271 -0.212362 -0.327260 -0.376897 -0.565708 -0.813451 -0.869428 -0.929804 0.990962 0.982212 0.964469 0.912603 0.638694 0.478144 0.357948 0.230008 0.050496 -0.165239 -0.341774 -0.383517 -0.546357 -0.814514 -0.870207 -0.938352 
52.676079 771465.562500 70 70 70 0.965101 0.974540 0.977802 0.992038 0.982377 0.964057 0.895549 0.632472 0.542008 0.351495 0.212813 0.091665 -0.186216 -0.326376 -0.366219 -0.554358 -0.785134 -0.863423 -0.943645 0.991577 0.981658 0.961075 0.897997 0.616327 0.544096 0.324565 0.215185 0.087746 -0.182128 -0.322162 -0.361922 -0.540953 -0.805910 -0.867383 -0.926263 
51.874962 409042.062500 70 68 70 0.973215 0.980799 0.965552 0.992880 0.982518 0.965221 0.916368 0.637312 0.551137 0.311376 0.208848 0.097897 -0.159267 -0.323222 -0.374680 -0.528714 -0.746274 -0.861796 -0.963691 0.992948 0.982611 0.967107 0.898596 0.619244 0.548475 0.344347 0.224173 0.096620 -0.193743 -0.317899 -0.377908 -0.541639 -0.758052 -0.857112 -0.956542 
47.670345 223136.500000 70 70 70 0.965436 0.947126 0.712618 0.994366 0.985440 0.965117 0.904278 0.628101 0.540152 0.266954 0.159639 0.022287 -0.189445 -0.389313 -0.514893 -0.743206 -0.825222 -0.922776 -0.967046 0.994238 0.985117 0.964617 0.902612 0.641718 0.562575 0.312368 0.202281 0.080369 -0.120709 -0.325873 -0.368232 -0.559455 -0.769205 -0.874548 -0.967898 
54.939594 24873118.000000 72 66 66 0.818498 0.799327 0.959802 0.983980 0.977203 0.947499 0.719366 0.522340 0.446873 0.311127 0.117003 0.035036 -0.166472 -0.386315 -0.473836 -0.571628 -0.779006 -0.863179 -0.957938 0.988102 0.975302 0.937792 0.715055 0.528357 0.463679 0.236119 0.105994 -0.023294 -0.302847 -0.444092 -0.596413 -0.775116 -0.845582 -0.918879 -0.964858 
61.407642 38852004.000000 66 64 64 0.961307 0.983861 0.965426 0.984105 0.978562 0.957585 0.751484 0.483284 0.377640 0.288393 0.133937 0.000426 -0.157461 -0.370257 -0.477787 -0.572703 -0.731995 -0.821822 -0.985245 0.983795 0.978307 0.950906 0.730851 0.497688 0.394313 0.329912 0.109107 0.043294 -0.184058 -0.352266 -0.454389 -0.523267 -0.728512 -0.792843 -0.986841 
59.330215 19449628.000000 64 64 64 0.964728 0.949055 0.926744 0.985238 0.978438 0.965235 0.758022 0.423791 0.340631 0.258548 0.061457 -0.029751 -0.192705 -0.385173 -0.481814 -0.575257 -0.679291 -0.827655 -0.984180 0.984466 0.978289 0.962417 0.778616 0.470289 0.347016 0.285111 0.101244 0.000894 -0.186893 -0.391432 -0.467036 -0.576202 -0.702292 -0.832084 -0.986846 
55.031990 7584078.000000 62 64 62 0.985148 0.948962 0.984490 0.987664 0.978794 0.967802 0.758514 0.444125 0.303908 0.247746 0.124631 -0.005303 -0.207367 -0.424524 -0.479114 -0.567919 -0.707000 -0.830348 -0.981788 0.986728 0.979001 0.966608 0.716302 0.460681 0.311687 0.238523 0.081462 -0.032439 -0.178712 -0.428039 -0.504420 -0.575682 -0.657741 -0.851528 -0.988994 
56.469620 18941708.000000 62 62 60 0.980600 0.991035 0.969703 0.984798 0.977351 0.963373 0.745234 0.410524 0.302907 0.236195 0.131393 -0.014036 -0.254567 -0.407858 -0.468504 -0.551271 -0.671186 -0.807600 -0.980690 0.986869 0.978464 0.967133 0.796596 0.385150 0.271789 0.209134 0.087332 -0.054095 -0.264516 -0.421939 -0.478757 -0.565427 -0.700175 -0.863009 -0.985448 
61.618439 99184096.000000 62 62 62 0.961257 0.978262 0.956275 0.980666 0.974313 0.940812 0.724516 0.451020 0.382914 0.265111 0.136079 0.031508 -0.228394 -0.365672 -0.461866 -0.573882 -0.725156 -0.782243 -0.968093 0.981913 0.976272 0.956198 0.741716 0.416285 0.334937 0.236126 0.142388 0.006975 -0.235374 -0.408160 -0.468630 -0.576205 -0.693971 -0.802715 -0.983179 
60.796516 117222880.000000 62 64 64 0.962428 0.964299 0.960484 0.975655 0.960360 0.931765 0.712999 0.570585 0.497872 0.258619 0.135841 0.031457 -0.219757 -0.327452 -0.440108 -0.607704 -0.750881 -0.790813 -0.952349 0.979155 0.967837 0.930066 0.706535 0.506378 0.416654 0.273750 0.128976 0.022437 -0.238171 -0.362654 -0.454637 -0.603151 -0.741188 -0.785182 -0.959236 
62.494408 71478744.000000 64 64 66 0.971185 0.964938 0.852517 0.968444 0.956517 0.927361 0.765885 0.637675 0.582516 0.285004 0.123780 0.040439 -0.181219 -0.286391 -0.400339 -0.596049 -0.748962 -0.789620 -0.858029 0.970004 0.956382 0.932543 0.756025 0.597175 0.546046 0.271198 0.132661 0.040085 -0.181005 -0.324040 -0.433150 -0.585083 -0.740630 -0.778953 -0.930533 
59.956821 44060612.000000 66 68 70 0.887214 0.846187 0.920768 0.969770 0.944434 0.919859 0.790894 0.695281 0.646831 0.324683 0.108963 0.029857 -0.156782 -0.285727 -0.369416 -0.598626 -0.753504 -0.793457 -0.867405 0.971254 0.954903 0.920413 0.778753 0.683013 0.622121 0.328188 0.127855 0.015436 -0.168705 -0.266100 -0.415677 -0.619845 -0.746288 -0.789613 -0.853035 
60.516014 36792380.000000 70 72 74 0.909000 0.922453 0.943693 0.967629 0.942803 0.922497 0.832322 0.717457 0.655181 0.247612 0.079854 0.015401 -0.185079 -0.302045 -0.388190 -0.606216 -0.750896 -0.797152 -0.867190 0.968226 0.942871 0.921016 0.813895 0.709172 0.655697 0.285379 0.091731 0.024134 -0.159949 -0.279433 -0.374531 -0.594208 -0.741733 -0.789423 -0.886256 
59.411438 28027024.000000 74 76 78 0.987497 0.957042 0.934216 0.967027 0.943933 0.921119 0.821823 0.719366 0.647844 0.255832 0.087876 0.000187 -0.183264 -0.308868 -0.402137 -0.600499 -0.747534 -0.815512 -0.865193 0.965618 0.942766 0.921336 0.829872 0.714386 0.649412 0.241014 0.080574 0.011814 -0.179001 -0.300179 -0.377609 -0.614664 -0.753111 -0.816916 -0.858568 
57.699562 10477819.000000 78 80 82 0.951458 0.889837 0.903466 0.974573 0.954491 0.932577 0.838602 0.728252 0.661047 0.299341 0.124136 0.008971 -0.156587 -0.299328 -0.387392 -0.572306 -0.758905 -0.810976 -0.879582 0.969040 0.948189 0.926325 0.830198 0.722937 0.656997 0.312399 0.088015 -0.024962 -0.182129 -0.307865 -0.397694 -0.581923 -0.751877 -0.825881 -0.863425 
52.750237 1505062.875000 82 84 92 0.890877 0.756000 0.649114 0.983435 0.968739 0.919921 0.804698 0.743304 0.589169 0.335663 0.129958 0.065248 -0.171123 -0.291493 -0.356980 -0.565631 -0.730033 -0.798516 -0.903170 0.978058 0.961929 0.938106 0.815958 0.740713 0.633299 0.305142 0.137065 0.050911 -0.195306 -0.301158 -0.368222 -0.569896 -0.752855 -0.802264 -0.914840 
38.348644 1014056.062500 92 64 74 0.625138 0.595055 0.554810 0.973098 0.946160 0.905462 0.776159 0.710681 0.561444 0.292893 0.119613 -0.002267 -0.224799 -0.424282 -0.536739 -0.640010 -0.760498 -0.909390 -0.969067 0.982736 0.949593 0.909103 0.798862 0.717763 0.587931 0.341798 0.154865 0.061550 -0.138057 -0.315274 -0.388229 -0.616584 -0.754727 -0.826456 -0.952242 
51.090488 4678559.500000 72 78 78 0.527609 0.468214 0.963415 0.980144 0.969078 0.943778 0.812107 0.694805 0.649184 0.271891 0.117483 0.034683 -0.193141 -0.323592 -0.480792 -0.686754 -0.760718 -0.811002 -0.937396 0.984370 0.961108 0.921381 0.757835 0.693610 0.591671 0.307745 0.099038 -0.002429 -0.305230 -0.446544 -0.572727 -0.655639 -0.805574 -0.938779 -0.965419 
56.751167 12696920.000000 78 78 76 0.975667 0.984440 0.972776 0.977842 0.967782 0.936683 0.766042 0.681823 0.622723 0.263652 0.145979 0.029249 -0.153441 -0.231975 -0.461776 -0.676053 -0.728746 -0.786291 -0.822190 0.978485 0.967457 0.939336 0.797672 0.695076 0.646293 0.238673 0.139132 0.000532 -0.162163 -0.272412 -0.423998 -0.677266 -0.751521 -0.801948 -0.838883 
57.427975 6485341.500000 76 74 72 0.976364 0.967306 0.931484 0.977691 0.967524 0.946203 0.772305 0.670044 0.626688 0.422196 0.306328 0.048584 -0.105939 -0.172492 -0.522361 -0.678473 -0.752713 -0.790137 -0.896809 0.977880 0.968132 0.943027 0.755127 0.676195 0.608932 0.336864 0.220989 0.036520 -0.109891 -0.198969 -0.495500 -0.683829 -0.745178 -0.789409 -0.847813 
58.685379 3460057.000000 72 70 68 0.938877 0.972466 0.970733 0.977836 0.964634 0.950434 0.809491 0.688068 0.636886 0.532879 0.448410 0.112750 -0.083798 -0.168224 -0.532250 -0.712197 -0.758173 -0.803460 -0.944337 0.977644 0.966499 0.949383 0.789500 0.685227 0.638385 0.487119 0.370786 0.074158 -0.099012 -0.171502 -0.542733 -0.694893 -0.753537 -0.796956 -0.944484 
55.544518 2410923.000000 68 62 62 0.969647 0.490059 0.882720 0.979115 0.965016 0.928967 0.752621 0.693617 0.639438 0.572076 0.439460 0.137000 -0.071243 -0.149421 -0.465840 -0.696397 -0.758682 -0.817064 -0.954718 0.976344 0.962953 0.943456 0.775912 0.703378 0.625284 0.552784 0.460798 0.118941 -0.078232 -0.168225 -0.500072 -0.703523 -0.763383 -0.809326 -0.952926 
54.455292 1869475.125000 62 60 58 0.903924 0.973938 0.985614 0.977533 0.965584 0.926309 0.780297 0.704485 0.644672 0.583591 0.499940 0.121851 -0.093843 -0.170529 -0.386867 -0.688729 -0.753084 -0.812149 -0.954826 0.978793 0.965598 0.932644 0.779146 0.703459 0.647787 0.581853 0.494953 0.113519 -0.098860 -0.157240 -0.385490 -0.710584 -0.761076 -0.819122 -0.955977 
54.888226 1252035.125000 58 56 54 0.976955 0.972282 0.954348 0.977547 0.965239 0.932476 0.823559 0.720096 0.672369 0.606163 0.555307 0.112346 -0.105415 -0.186405 -0.416777 -0.702961 -0.763898 -0.854763 -0.972076 0.977931 0.965028 0.932541 0.801094 0.711233 0.659339 0.601950 0.526092 0.119149 -0.093861 -0.176084 -0.418089 -0.704964 -0.752586 -0.823397 -0.961874 
55.739067 956696.125000 54 50 46 0.962723 0.960037 0.952319 0.975839 0.964774 0.938128 0.843550 0.744510 0.687235 0.614159 0.564843 0.182497 -0.131068 -0.208433 -0.431843 -0.704923 -0.790182 -0.868812 -0.973961 0.978103 0.965011 0.936007 0.845176 0.725430 0.678490 0.601817 0.549393 0.140133 -0.137105 -0.197803 -0.376566 -0.702282 -0.783377 -0.845201 -0.972012 
54.537811 225591.125000 46 46 58 0.919410 0.818755 0.486435 0.978449 0.962114 0.945953 0.879638 0.775262 0.735832 0.571505 0.523700 0.238285 -0.125485 -0.233228 -0.478368 -0.673617 -0.797510 -0.899674 -0.976205 0.976476 0.963552 0.946759 0.849619 0.774779 0.716376 0.602315 0.537646 0.186922 -0.114792 -0.192036 -0.443651 -0.688416 -0.791606 -0.886164 -0.974584 
44.321732 76604.203125 60 62 74 0.500211 0.440565 0.744820 0.974849 0.962154 0.929983 0.864087 0.769186 0.704818 0.598440 0.483045 0.229500 -0.149411 -0.285034 -0.474759 -0.693794 -0.803240 -0.908750 -0.975302 0.976056 0.959308 0.933618 0.858719 0.776003 0.719763 0.552274 0.509078 0.214609 -0.134666 -0.279596 -0.469147 -0.674541 -0.802226 -0.909100 -0.976100 
45.671097 40802.605469 74 70 60 0.666192 0.508329 0.511733 0.968696 0.962373 0.928764 0.854962 0.767804 0.671919 0.576169 0.426239 0.142298 -0.160406 -0.303245 -0.514067 -0.712455 -0.793475 -0.913800 -0.973949 0.974597 0.966326 0.937760 0.883655 0.771241 0.695380 0.615880 0.457569 0.206399 -0.150815 -0.285597 -0.474855 -0.703867 -0.788563 -0.910174 -0.974425 
32.311722 19264.832031 64 72 90 0.513603 0.344044 0.523421 0.975088 0.959323 0.913666 0.793431 0.749263 0.663098 0.581582 0.428109 0.063497 -0.125118 -0.305835 -0.501143 -0.681079 -0.813848 -0.902412 -0.964086 0.972856 0.961679 0.907006 0.790042 0.734785 0.667088 0.590872 0.410310 0.111462 -0.138610 -0.312481 -0.498234 -0.686449 -0.810420 -0.906025 -0.965629 
29.553776 13588.444336 134 98 98 0.574136 0.570586 0.511625 0.969287 0.961939 0.898418 0.786775 0.737011 0.643172 0.584958 0.371838 0.060077 -0.157637 -0.359378 -0.519002 -0.724260 -0.811446 -0.928876 -0.978560 0.969504 0.955849 0.900952 0.798849 0.749489 0.639083 0.593213 0.373597 0.072325 -0.134082 -0.339023 -0.535452 -0.734738 -0.827729 -0.920589 -0.971651 
26.271534 9439.845703 50 148 94 0.621225 0.408158 0.626652 0.972126 0.958613 0.863620 0.768104 0.717036 0.656543 0.572695 0.228278 0.035149 -0.176441 -0.342422 -0.539249 -0.699400 -0.816989 -0.931581 -0.969168 0.969988 0.960203 0.879480 0.777305 0.739583 0.663021 0.571647 0.311113 0.037381 -0.154863 -0.372164 -0.533905 -0.724663 -0.810524 -0.924142 -0.979595 
22.413452 7191.577637 150 148 148 0.626880 0.574597 0.764502 0.982071 0.971119 0.876327 0.779054 0.703360 0.635808 0.518786 0.231941 0.038281 -0.175737 -0.377156 -0.526483 -0.715095 -0.834890 -0.929686 -0.980275 0.979244 0.960949 0.876183 0.769777 0.712245 0.638528 0.572962 0.248483 0.054856 -0.193718 -0.362342 -0.518683 -0.673760 -0.826179 -0.934273 -0.969928 
41.161049 19107.189453 148 148 110 0.814220 0.642272 0.760915 0.986707 0.982672 0.955934 0.934582 0.757827 0.669566 0.512075 0.240649 0.022642 -0.164196 -0.323894 -0.536694 -0.683733 -0.814081 -0.916512 -0.977684 0.984986 0.980442 0.932415 0.817256 0.726646 0.652424 0.508168 0.250824 0.002156 -0.170443 -0.356367 -0.556410 -0.705069 -0.821382 -0.923241 -0.986018 
47.634319 25747.843750 110 108 108 0.827821 0.820900 0.586126 0.987998 0.981050 0.958292 0.944450 0.856253 0.658459 0.512597 0.187437 0.030474 -0.178257 -0.306399 -0.528047 -0.686298 -0.842687 -0.914340 -0.975027 0.986172 0.982321 0.955657 0.945722 0.809788 0.666225 0.528709 0.188975 0.029167 -0.172441 -0.311375 -0.517655 -0.683109 -0.835790 -0.917532 -0.976823 
48.944809 82572.835938 54 54 50 0.876290 0.970333 0.850631 0.988039 0.974977 0.953951 0.930087 0.900220 0.666496 0.241124 0.168523 0.060203 -0.109281 -0.211793 -0.515412 -0.627993 -0.780925 -0.908698 -0.974155 0.988123 0.977355 0.952791 0.937520 0.904287 0.673121 0.436821 0.186470 0.038630 -0.163891 -0.274231 -0.526430 -0.674829 -0.824376 -0.914745 -0.976319 
54.847069 2483330.250000 52 52 54 0.874935 0.946631 0.958559 0.983264 0.964641 0.939454 0.894300 0.823996 0.639909 0.238217 0.192179 0.011172 -0.064299 -0.263435 -0.520277 -0.621448 -0.672063 -0.785815 -0.962762 0.986336 0.970914 0.949437 0.918047 0.879232 0.610217 0.237958 0.181958 0.022161 -0.089037 -0.201632 -0.508007 -0.617985 -0.674547 -0.875032 -0.970491 
57.838192 14749064.000000 54 54 56 0.978400 0.960846 0.943107 0.981739 0.959795 0.937255 0.840439 0.705976 0.645148 0.292374 0.211263 0.016298 -0.104574 -0.265182 -0.514884 -0.647073 -0.721905 -0.768665 -0.857473 0.981424 0.961359 0.935542 0.868132 0.771306 0.611816 0.287145 0.216489 0.018333 -0.098714 -0.237150 -0.507949 -0.630045 -0.685715 -0.741732 -0.906067 
58.787086 26352436.000000 54 54 54 0.929103 0.960831 0.982394 0.984243 0.964422 0.938812 0.794932 0.672707 0.611478 0.284210 0.156880 0.038127 -0.122337 -0.349041 -0.498399 -0.609637 -0.686258 -0.757230 -0.847793 0.982404 0.960851 0.937351 0.803869 0.685897 0.642134 0.269919 0.193537 0.019246 -0.131237 -0.286507 -0.530821 -0.615932 -0.694024 -0.770470 -0.853185 
56.941414 22196234.000000 54 54 58 0.993002 0.961195 0.788731 0.987231 0.975626 0.953580 0.750034 0.645147 0.556219 0.181714 0.071884 -0.077580 -0.370389 -0.516547 -0.610039 -0.712385 -0.834758 -0.911034 -0.966849 0.986578 0.970401 0.946011 0.804201 0.660010 0.587570 0.283519 0.099185 0.026674 -0.157409 -0.404168 -0.496191 -0.634433 -0.699737 -0.784315 -0.927706 
49.111031 11624759.000000 58 66 54 0.883488 0.308026 0.764222 0.979699 0.967428 0.888083 0.706506 0.623854 0.365519 0.120984 -0.065694 -0.355343 -0.487279 -0.644166 -0.775467 -0.858501 -0.912238 -0.954959 -0.987379 0.985496 0.975816 0.932656 0.699447 0.639848 0.520607 0.135437 0.014224 -0.252293 -0.468459 -0.579608 -0.722101 -0.824585 -0.881095 -0.939551 -0.976637 
46.118168 3435957.250000 54 54 54 0.779508 0.901796 0.830098 0.975418 0.966270 0.910496 0.754904 0.643110 0.380713 0.153175 -0.023516 -0.353578 -0.463008 -0.646751 -0.744029 -0.845852 -0.922118 -0.966828 -0.990008 0.974330 0.961383 0.900679 0.745475 0.622819 0.339669 0.153046 -0.076896 -0.359509 -0.476492 -0.651934 -0.761669 -0.870588 -0.924849 -0.969226 -0.992199 
34.964806 1012443.875000 56 54 56 0.861314 0.443895 0.691309 0.986327 0.966617 0.883496 0.739383 0.652263 0.438381 0.172480 0.030380 -0.169129 -0.408704 -0.526038 -0.680115 -0.796807 -0.892190 -0.956328 -0.984719 0.977722 0.968605 0.892695 0.751554 0.652088 0.438977 0.161583 0.022231 -0.249711 -0.436419 -0.573706 -0.715481 -0.807622 -0.896029 -0.947933 -0.987319 
30.671768 471465.218750 56 54 56 0.712580 0.598846 0.846306 0.984211 0.950846 0.912160 0.746722 0.662473 0.366070 0.154647 -0.000090 -0.194537 -0.422209 -0.542770 -0.673833 -0.803608 -0.876936 -0.954043 -0.984630 0.986434 0.954836 0.890210 0.734210 0.657527 0.402330 0.154852 0.010018 -0.198802 -0.415478 -0.538321 -0.665524 -0.806025 -0.875829 -0.944231 -0.986333 
28.158680 379969.562500 54 56 56 0.782352 0.756430 0.713936 0.977168 0.949668 0.890121 0.713708 0.598703 0.285253 0.093424 -0.020225 -0.237878 -0.446382 -0.553247 -0.695818 -0.788622 -0.880925 -0.956517 -0.985351 0.985116 0.957751 0.900447 0.735159 0.628610 0.312026 0.136143 -0.010216 -0.193088 -0.433297 -0.546040 -0.656584 -0.789022 -0.884068 -0.958258 -0.984757 
43.091003 2440143.000000 54 48 50 0.672980 0.635632 0.895615 0.991210 0.983408 0.934602 0.712001 0.652597 0.568911 0.203696 0.140738 -0.052511 -0.379404 -0.493625 -0.557743 -0.746544 -0.861224 -0.939710 -0.974174 0.987872 0.967343 0.858296 0.678173 0.612829 0.330798 0.128852 -0.039183 -0.277460 -0.434293 -0.530502 -0.681350 -0.788720 -0.887165 -0.945841 -0.982146 
51.040749 4956828.500000 50 52 56 0.895854 0.956116 0.951915 0.991684 0.980985 0.947269 0.770295 0.634072 0.594908 0.262668 0.116500 0.045658 -0.317560 -0.511126 -0.551377 -0.723054 -0.870555 -0.945861 -0.971037 0.991245 0.978409 0.941715 0.775945 0.646394 0.591515 0.238147 0.135494 0.042554 -0.276843 -0.488710 -0.533646 -0.666322 -0.837611 -0.936017 -0.976107 
45.960423 4060127.250000 56 62 62 0.897655 0.741576 0.397357 0.988799 0.976051 0.910468 0.644902 0.575207 0.316793 0.124562 -0.032541 -0.391356 -0.506988 -0.573744 -0.714009 -0.855651 -0.923618 -0.970893 -0.986971 0.991753 0.981327 0.960133 0.756306 0.624449 0.567872 0.164889 0.092471 -0.131197 -0.478265 -0.540810 -0.664514 -0.835354 -0.919204 -0.956034 -0.979598 
46.346382 3893398.500000 118 52 54 0.562154 0.676885 0.584003 0.987303 0.966111 0.788188 0.599790 0.571598 0.264299 0.100589 -0.079238 -0.434158 -0.511664 -0.578749 -0.744294 -0.851363 -0.913803 -0.973388 -0.986546 0.987610 0.969212 0.834749 0.601470 0.557972 0.269762 0.093841 -0.111961 -0.432807 -0.510408 -0.569490 -0.720213 -0.848407 -0.916084 -0.978136 -0.988066 
46.739326 2489586.750000 74 148 148 0.538401 0.359554 0.399244 0.984817 0.947259 0.762190 0.631124 0.526781 0.280495 0.108391 -0.197427 -0.436885 -0.506262 -0.601395 -0.804928 -0.876272 -0.929623 -0.956529 -0.988705 0.987646 0.958358 0.797825 0.619986 0.575735 0.262741 0.112143 -0.106126 -0.456991 -0.515454 -0.607288 -0.771950 -0.878561 -0.921057 -0.963969 -0.982989 
45.505508 1715599.000000 40 108 40 0.536846 0.520001 0.530478 0.985842 0.950862 0.789500 0.617403 0.439326 0.207013 0.057151 -0.271592 -0.414965 -0.535431 -0.611718 -0.770638 -0.869264 -0.929249 -0.968532 -0.990988 0.983660 0.936727 0.758106 0.614890 0.440686 0.276165 0.116292 -0.253070 -0.423606 -0.523519 -0.609978 -0.785975 -0.870483 -0.933794 -0.961096 -0.984210 
45.231281 1177806.375000 50 56 52 0.605663 0.342049 0.369972 0.981647 0.940208 0.822930 0.657705 0.468256 0.250257 0.042460 -0.325093 -0.446095 -0.527419 -0.632690 -0.783736 -0.863225 -0.918116 -0.975088 -0.991160 0.981323 0.945434 0.807705 0.648695 0.477347 0.185304 0.038943 -0.286473 -0.431551 -0.526622 -0.638603 -0.793808 -0.863806 -0.927952 -0.975516 -0.991747 
44.882851 1265530.000000 52 230 54 0.684827 0.501706 0.655139 0.988674 0.958883 0.810006 0.653125 0.456428 0.221807 0.078928 -0.184425 -0.430480 -0.516294 -0.639872 -0.774287 -0.873063 -0.925784 -0.979512 -0.992583 0.983519 0.946759 0.819420 0.654017 0.453933 0.246210 0.095773 -0.274279 -0.454145 -0.521511 -0.637295 -0.774888 -0.857812 -0.925102 -0.979024 -0.990255 
42.265171 1645980.125000 94 216 92 0.683957 0.448722 0.601251 0.982183 0.939154 0.793488 0.630567 0.423087 0.290072 0.098232 -0.148273 -0.419724 -0.518868 -0.572444 -0.714526 -0.858241 -0.920823 -0.969701 -0.985484 0.984424 0.951027 0.822400 0.627127 0.456109 0.232053 0.051204 -0.170850 -0.430570 -0.504658 -0.592576 -0.742657 -0.868245 -0.930156 -0.967148 -0.989918 
41.829166 2417924.500000 92 64 40 0.548783 0.449977 0.745554 0.987162 0.974885 0.935449 0.846779 0.581454 0.463798 0.196942 0.078483 -0.135167 -0.370608 -0.526381 -0.564987 -0.732647 -0.902187 -0.950648 -0.981794 0.978363 0.940126 0.814972 0.635027 0.404794 0.291060 0.096447 -0.064183 -0.339223 -0.516611 -0.559209 -0.661715 -0.839959 -0.908526 -0.963387 -0.984164 
58.913811 53504932.000000 38 44 44 0.838808 0.964621 0.986807 0.978796 0.960033 0.946484 0.795497 0.568225 0.515823 0.287964 0.106787 0.004303 -0.138436 -0.456249 -0.533556 -0.603153 -0.679225 -0.878921 -0.979123 0.985511 0.966524 0.937590 0.786206 0.602514 0.521277 0.278652 0.119344 0.017591 -0.172574 -0.475414 -0.530730 -0.602051 -0.719969 -0.920038 -0.978293 
60.630653 49973048.000000 44 42 40 0.990151 0.991526 0.948199 0.977068 0.956026 0.943983 0.786836 0.537898 0.470353 0.333381 0.081768 0.018344 -0.142707 -0.413118 -0.500980 -0.597556 -0.720552 -0.833578 -0.988740 0.975806 0.958097 0.947069 0.801720 0.544120 0.493971 0.268802 0.104712 0.004240 -0.154988 -0.444783 -0.519677 -0.600610 -0.702402 -0.821150 -0.984487 
55.358410 22943982.000000 40 38 36 0.978422 0.991693 0.969713 0.985208 0.968304 0.937172 0.849166 0.498136 0.404003 0.325541 0.113325 -0.026095 -0.158097 -0.359679 -0.443837 -0.598766 -0.701339 -0.885497 -0.988956 0.982945 0.958351 0.938605 0.800430 0.521836 0.445370 0.332481 0.126577 0.019305 -0.136707 -0.387389 -0.479978 -0.617007 -0.719050 -0.861964 -0.987086 
57.121361 13354609.000000 38 36 36 0.942712 0.990036 0.994504 0.985923 0.980934 0.944964 0.860976 0.479051 0.369275 0.235725 0.103400 -0.034068 -0.140099 -0.320490 -0.445781 -0.565821 -0.687204 -0.919181 -0.986678 0.985811 0.978565 0.939344 0.838474 0.477239 0.377763 0.327623 0.119422 -0.021262 -0.121120 -0.351384 -0.448220 -0.560607 -0.690013 -0.907982 -0.982709 
58.558182 8739490.000000 36 36 36 0.993923 0.981046 0.972929 0.985642 0.981272 0.947823 0.899969 0.508921 0.370781 0.183274 0.111622 -0.028059 -0.149354 -0.302793 -0.435273 -0.556770 -0.697367 -0.915892 -0.962447 0.985675 0.980698 0.946370 0.884511 0.489772 0.359508 0.175546 0.124483 -0.031888 -0.163776 -0.317723 -0.389769 -0.558888 -0.685697 -0.925998 -0.973011 
50.454803 494330.250000 36 36 36 0.972006 0.913980 0.691789 0.984965 0.979053 0.947194 0.856314 0.519138 0.415558 0.241704 0.148558 -0.019459 -0.232152 -0.428437 -0.542821 -0.607371 -0.721719 -0.908235 -0.967511 0.985782 0.981572 0.949270 0.892519 0.543962 0.414246 0.205494 0.119645 -0.021343 -0.203003 -0.373587 -0.511920 -0.590700 -0.683177 -0.911791 -0.961620 
39.349266 139159.687500 38 36 38 0.725629 0.596799 0.815808 0.985725 0.976087 0.948811 0.887426 0.487636 0.433863 0.312108 0.180419 0.042747 -0.097107 -0.278463 -0.451464 -0.554152 -0.700958 -0.912777 -0.971919 0.985402 0.977924 0.947672 0.856319 0.496748 0.406205 0.312680 0.197231 0.008033 -0.134813 -0.335956 -0.514895 -0.593687 -0.684693 -0.930937 -0.972626 
37.590099 73272.335938 38 38 36 0.804039 0.725837 0.793810 0.986004 0.975918 0.949528 0.894282 0.503496 0.432844 0.264050 0.161055 0.000356 -0.096363 -0.272108 -0.457836 -0.535776 -0.739664 -0.933925 -0.979331 0.986586 0.978198 0.949892 0.903530 0.482477 0.436560 0.279016 0.160167 0.024962 -0.111377 -0.262812 -0.447439 -0.538524 -0.709987 -0.919123 -0.973910 
31.956944 48837.351562 40 154 36 0.752183 0.682729 0.601610 0.984488 0.974285 0.926503 0.855142 0.543972 0.420022 0.329549 0.183593 0.055978 -0.074344 -0.305671 -0.434660 -0.612278 -0.795215 -0.920072 -0.974744 0.986723 0.976674 0.950323 0.866421 0.479293 0.425585 0.286318 0.175990 -0.002575 -0.103945 -0.300584 -0.452923 -0.565425 -0.768321 -0.917765 -0.975909 
35.617149 157335.671875 78 74 70 0.575649 0.712778 0.360427 0.969670 0.939224 0.883245 0.823368 0.765776 0.625609 0.386929 0.217553 0.036040 -0.111984 -0.292529 -0.464717 -0.641119 -0.775126 -0.912918 -0.970201 0.973140 0.940842 0.894751 0.830139 0.771962 0.594544 0.386002 0.222373 0.079502 -0.039332 -0.247923 -0.389288 -0.609171 -0.776698 -0.924762 -0.967706 
31.687201 278125.468750 146 150 148 0.379424 0.546465 0.484706 0.963618 0.929602 0.841428 0.781778 0.687615 0.588903 0.265130 0.114840 -0.013104 -0.193954 -0.365567 -0.558259 -0.676301 -0.788490 -0.863390 -0.968043 0.968449 0.943049 0.852359 0.794208 0.701238 0.585671 0.304190 0.140524 -0.010557 -0.212957 -0.369949 -0.560844 -0.667383 -0.770523 -0.871999 -0.955029 
48.504833 236593.781250 148 48 36 0.440321 0.365170 0.903139 0.984105 0.975231 0.934391 0.898698 0.774312 0.751821 0.527277 0.405866 0.164916 -0.078222 -0.289156 -0.473138 -0.653251 -0.759900 -0.896295 -0.974745 0.968725 0.937818 0.845559 0.788776 0.705161 0.604070 0.346469 0.162706 0.033484 -0.213950 -0.319687 -0.514256 -0.652464 -0.778791 -0.868928 -0.970506 
54.733963 922512.187500 36 38 38 0.874180 0.957590 0.969882 0.986193 0.979303 0.925023 0.831014 0.710093 0.661576 0.580950 0.455981 0.307495 -0.068426 -0.246043 -0.436281 -0.673963 -0.722748 -0.868617 -0.967327 0.986216 0.977930 0.935574 0.852429 0.763333 0.721558 0.562547 0.468628 0.262610 -0.086154 -0.295616 -0.491603 -0.664808 -0.731361 -0.877341 -0.971776 
54.442047 3797349.250000 38 38 38 0.984531 0.983506 0.960127 0.986149 0.976429 0.917506 0.762720 0.637784 0.569831 0.501660 0.402839 0.175336 -0.134574 -0.222323 -0.408294 -0.618877 -0.697658 -0.768983 -0.940886 0.986031 0.976869 0.925220 0.801019 0.673807 0.646484 0.528890 0.455405 0.254082 -0.102692 -0.240858 -0.408544 -0.659172 -0.724576 -0.849125 -0.966059 
52.299339 2627937.750000 38 40 46 0.972521 0.965141 0.750914 0.987996 0.979910 0.920832 0.698105 0.575998 0.525053 0.434323 0.261302 0.085331 -0.128021 -0.193928 -0.456901 -0.605916 -0.656340 -0.755461 -0.928823 0.986983 0.979320 0.916770 0.699853 0.581073 0.532856 0.435889 0.316369 0.058941 -0.158229 -0.218011 -0.434880 -0.594709 -0.686424 -0.746230 -0.891226 
37.139008 73820.031250 46 48 38 0.621684 0.625812 0.448771 0.986237 0.963833 0.908026 0.766325 0.644208 0.571642 0.457610 0.378426 0.160142 -0.117319 -0.225699 -0.478357 -0.629363 -0.751105 -0.895250 -0.962991 0.989125 0.977810 0.920057 0.788082 0.608754 0.526020 0.444705 0.283142 0.109215 -0.094038 -0.214164 -0.484872 -0.625927 -0.701866 -0.886357 -0.966751 
33.135715 45341.355469 38 38 38 0.566932 0.674552 0.823778 0.985382 0.975150 0.887701 0.756744 0.609618 0.566466 0.454111 0.405922 0.298656 -0.111370 -0.211620 -0.420597 -0.660655 -0.778186 -0.911484 -0.971153 0.983022 0.961785 0.888096 0.780055 0.609899 0.564479 0.468307 0.410760 0.260514 -0.145340 -0.207648 -0.431176 -0.642634 -0.768413 -0.905921 -0.965152 
27.888071 15907.730469 38 38 34 0.877807 0.644235 0.822439 0.985200 0.974376 0.852022 0.705206 0.585275 0.542012 0.426216 0.382470 0.148779 -0.162177 -0.278363 -0.507997 -0.686713 -0.812671 -0.920823 -0.972598 0.987210 0.979137 0.868172 0.732212 0.624680 0.542733 0.432394 0.388487 0.195931 -0.112470 -0.236461 -0.459807 -0.680049 -0.801544 -0.911834 -0.972424 
23.055378 11639.627930 34 34 84 0.664504 0.499278 0.642903 0.986418 0.971924 0.868600 0.708670 0.571719 0.539831 0.419888 0.380655 0.112784 -0.152976 -0.316926 -0.523174 -0.675968 -0.822663 -0.913039 -0.965218 0.984306 0.972752 0.854940 0.674516 0.584375 0.532601 0.426588 0.369850 0.071940 -0.161224 -0.306275 -0.544276 -0.688842 -0.819703 -0.906845 -0.964705 
21.232349 6580.403809 44 92 82 0.539803 0.523402 0.494625 0.989081 0.965376 0.899229 0.705725 0.573661 0.520581 0.438209 0.362093 0.075511 -0.136174 -0.335389 -0.512548 -0.706818 -0.832222 -0.924316 -0.973693 0.984822 0.964823 0.887132 0.698054 0.578560 0.545811 0.430795 0.378145 0.103110 -0.133459 -0.342578 -0.513547 -0.685514 -0.827318 -0.919980 -0.969768 
17.988010 4603.213867 84 40 42 0.546048 0.615753 0.515050 0.984929 0.968730 0.919837 0.766910 0.579250 0.501085 0.426237 0.336203 -0.032549 -0.209805 -0.375513 -0.542851 -0.704395 -0.826751 -0.925109 -0.975840 0.987484 0.970570 0.902115 0.726401 0.573088 0.529703 0.424090 0.347942 0.004198 -0.190769 -0.366772 -0.545587 -0.687248 -0.840916 -0.929671 -0.978607 
17.241787 4378.425293 122 62 28 0.488550 0.422223 0.379449 0.985745 0.969845 0.923224 0.786402 0.624554 0.502047 0.398598 0.233329 -0.017642 -0.241036 -0.404060 -0.556475 -0.702942 -0.826020 -0.915806 -0.983532 0.984622 0.966575 0.934460 0.798780 0.585367 0.503793 0.416144 0.310161 -0.040605 -0.206048 -0.377004 -0.533818 -0.715143 -0.811161 -0.915631 -0.977774 
37.396492 2691066.500000 42 56 92 0.584076 0.441436 0.591961 0.960530 0.882502 0.814027 0.756306 0.657773 0.422915 0.274869 0.149428 -0.064168 -0.234655 -0.455221 -0.533477 -0.659459 -0.746582 -0.958977 -0.989968 0.943577 0.888464 0.805220 0.757970 0.625927 0.379501 0.268619 0.142394 -0.063652 -0.215754 -0.430150 -0.531935 -0.632545 -0.712996 -0.935491 -0.991896 
35.169853 1815055.375000 92 90 90 0.550885 0.528102 0.552996 0.956615 0.826891 0.788624 0.700937 0.619257 0.414478 0.271779 0.114986 -0.104213 -0.280863 -0.425693 -0.576639 -0.719741 -0.798449 -0.929527 -0.992719 0.965724 0.851566 0.785076 0.715105 0.600326 0.431021 0.259989 0.097915 -0.145456 -0.276544 -0.442011 -0.576580 -0.726361 -0.796557 -0.951460 -0.988416 
36.875130 784707.187500 42 42 44 0.598824 0.438434 0.423485 0.949796 0.836678 0.800747 0.751539 0.647460 0.530856 0.267103 0.153272 0.022374 -0.288307 -0.492892 -0.566076 -0.737176 -0.776342 -0.929687 -0.995945 0.935273 0.836313 0.794902 0.721297 0.629554 0.479658 0.251655 0.149687 -0.006158 -0.266719 -0.438984 -0.565576 -0.718100 -0.779176 -0.930481 -0.995561 
46.749229 850214.875000 42 56 42 0.306103 0.581192 0.893690 0.987351 0.982367 0.933451 0.781906 0.673830 0.612075 0.466247 0.310249 0.049475 -0.112662 -0.321165 -0.541071 -0.633185 -0.782747 -0.882544 -0.980161 0.968299 0.848742 0.788593 0.752728 0.667434 0.573847 0.297338 0.155357 -0.024027 -0.266398 -0.479341 -0.571400 -0.748844 -0.797742 -0.919260 -0.990877 
54.932007 5555453.000000 40 44 44 0.873080 0.956610 0.990669 0.989339 0.982154 0.939887 0.740541 0.605941 0.525285 0.323705 0.247809 0.100864 -0.157902 -0.276940 -0.440864 -0.570686 -0.623482 -0.753935 -0.977796 0.988852 0.982044 0.940552 0.765284 0.633422 0.583517 0.413989 0.303552 0.129399 -0.084263 -0.219054 -0.454048 -0.569917 -0.635014 -0.820743 -0.975987 
55.037617 7498401.500000 44 44 46 0.987985 0.980494 0.937518 0.990330 0.984942 0.954008 0.762614 0.445750 0.308498 0.215991 0.139266 0.085015 -0.196963 -0.356046 -0.449199 -0.574629 -0.628032 -0.712116 -0.975720 0.989806 0.982584 0.949853 0.770343 0.541039 0.373585 0.265711 0.191537 0.077552 -0.109281 -0.340605 -0.422384 -0.578387 -0.640176 -0.734543 -0.972481 
55.558949 6594354.500000 46 46 48 0.938526 0.955661 0.900482 0.991244 0.986298 0.963912 0.806355 0.430115 0.248693 0.157433 0.109154 -0.000331 -0.184288 -0.389774 -0.492411 -0.597061 -0.625661 -0.767625 -0.983231 0.990878 0.987330 0.955734 0.674901 0.411095 0.270179 0.176577 0.118782 -0.003159 -0.220994 -0.363442 -0.467966 -0.555357 -0.620329 -0.685901 -0.984961 
47.627563 8422147.000000 48 56 42 0.927557 0.765527 0.478656 0.989722 0.978250 0.828220 0.574076 0.363714 0.253953 0.136616 -0.064941 -0.263260 -0.431447 -0.590227 -0.689001 -0.750331 -0.824165 -0.905678 -0.973632 0.991376 0.984785 0.958457 0.796021 0.473811 0.271012 0.147565 0.103142 -0.088528 -0.299193 -0.482666 -0.600997 -0.685825 -0.783540 -0.880593 -0.970955 
51.021660 26945768.000000 44 48 48 0.572896 0.532977 0.863783 0.989141 0.966047 0.652884 0.500436 0.349406 0.264916 0.025406 -0.127251 -0.343493 -0.471264 -0.602516 -0.744216 -0.803898 -0.880731 -0.934810 -0.991248 0.987459 0.972244 0.748109 0.481966 0.336242 0.255028 0.054148 -0.109540 -0.300570 -0.451112 -0.576988 -0.711170 -0.773363 -0.844917 -0.912694 -0.982122 
51.328484 10037736.000000 46 44 42 0.684837 0.932203 0.748137 0.989231 0.980021 0.741735 0.471705 0.379839 0.196610 0.020146 -0.187977 -0.358699 -0.500584 -0.613132 -0.751906 -0.819814 -0.895606 -0.967270 -0.993759 0.990155 0.980563 0.685036 0.477630 0.386740 0.249547 0.032175 -0.175905 -0.376867 -0.485074 -0.612693 -0.756868 -0.819007 -0.884320 -0.957913 -0.992664 
43.711910 1969131.500000 40 90 52 0.674643 0.849689 0.672220 0.989412 0.979083 0.793115 0.542287 0.369768 0.214836 0.068901 -0.134113 -0.346325 -0.497914 -0.615826 -0.733321 -0.813876 -0.895996 -0.956833 -0.993183 0.988956 0.979091 0.757511 0.505627 0.363222 0.188633 0.031563 -0.160501 -0.344724 -0.498931 -0.628489 -0.733285 -0.804506 -0.900632 -0.967930 -0.993535 
42.749107 1636993.375000 94 52 110 0.741371 0.483785 0.583247 0.974539 0.952450 0.798384 0.547446 0.371328 0.192020 0.024493 -0.218010 -0.351362 -0.483132 -0.648174 -0.751152 -0.826354 -0.925423 -0.966777 -0.995209 0.986811 0.964025 0.796622 0.546275 0.380411 0.206618 0.074827 -0.191693 -0.357567 -0.498167 -0.637894 -0.743347 -0.829434 -0.914650 -0.966681 -0.995547 
40.692535 1262049.375000 110 22 108 0.638609 0.413126 0.293563 0.976464 0.943423 0.812746 0.590799 0.332766 0.169404 0.058930 -0.210946 -0.347241 -0.465023 -0.588433 -0.725500 -0.800704 -0.904580 -0.957569 -0.988967 0.968210 0.946688 0.794997 0.557349 0.338628 0.173671 0.010423 -0.215584 -0.357154 -0.471377 -0.627155 -0.738715 -0.820640 -0.907029 -0.964156 -0.992918 
32.755268 491750.906250 112 36 32 0.405201 0.425187 0.602783 0.982046 0.971078 0.884936 0.606660 0.511939 0.253727 0.122833 -0.002483 -0.221571 -0.436687 -0.517465 -0.659538 -0.774128 -0.901952 -0.951316 -0.987822 0.983615 0.953170 0.834968 0.586831 0.364949 0.170763 0.070042 -0.133465 -0.318953 -0.457184 -0.553845 -0.697755 -0.795892 -0.897395 -0.955457 -0.987751 
52.590538 19373836.000000 32 44 48 0.356230 0.789400 0.965301 0.986598 0.967706 0.947307 0.786707 0.530609 0.489000 0.226705 0.134120 0.030066 -0.256157 -0.453935 -0.503477 -0.620741 -0.766173 -0.896292 -0.984631 0.987657 0.974718 0.948918 0.833482 0.540680 0.489245 0.249555 0.140076 0.002789 -0.276143 -0.460601 -0.516835 -0.664370 -0.816845 -0.932461 -0.979582 
55.114967 23340980.000000 48 48 50 0.959899 0.957618 0.978064 0.983512 0.966243 0.946823 0.795026 0.486529 0.404244 0.241399 0.128367 0.029674 -0.237735 -0.432364 -0.486304 -0.614923 -0.716172 -0.809809 -0.968553 0.983221 0.965815 0.948019 0.785348 0.521201 0.475130 0.209334 0.117637 0.017160 -0.258387 -0.446421 -0.510531 -0.622597 -0.724151 -0.845846 -0.981674 
53.155918 10013595.000000 50 50 48 0.961563 0.966036 0.975121 0.986612 0.968481 0.946489 0.832982 0.443898 0.356536 0.230598 0.164515 0.065847 -0.201156 -0.418892 -0.473147 -0.593172 -0.673887 -0.860392 -0.982613 0.984206 0.966904 0.946758 0.814757 0.444028 0.372322 0.229658 0.154510 0.028115 -0.239957 -0.436486 -0.478842 -0.610973 -0.702761 -0.852946 -0.978580 
50.355087 1455982.750000 48 48 48 0.976370 0.975273 0.993784 0.991035 0.982661 0.940604 0.899643 0.597353 0.418680 0.268243 0.168090 0.110562 -0.111672 -0.436691 -0.506559 -0.619449 -0.712767 -0.846499 -0.987099 0.989848 0.975188 0.943404 0.879110 0.489856 0.334141 0.240706 0.158640 0.104735 -0.160778 -0.427179 -0.480557 -0.567480 -0.674834 -0.837149 -0.982928 
50.144505 446465.156250 48 48 48 0.991364 0.985130 0.976483 0.990998 0.984863 0.946923 0.916623 0.747963 0.428672 0.319304 0.151124 0.079334 -0.093787 -0.391141 -0.469077 -0.628243 -0.749656 -0.886027 -0.974316 0.991093 0.985270 0.940613 0.911702 0.693157 0.468163 0.337763 0.152186 0.092384 -0.093213 -0.412681 -0.494906 -0.649878 -0.749564 -0.859729 -0.979683 
49.403519 139668.250000 48 48 48 0.979668 0.976183 0.888066 0.991464 0.986588 0.959288 0.925218 0.780636 0.441983 0.307223 0.175119 0.102194 -0.147799 -0.422013 -0.501984 -0.600182 -0.737927 -0.886663 -0.979927 0.991072 0.985685 0.950968 0.918027 0.787563 0.435311 0.290663 0.164978 0.087937 -0.084784 -0.405382 -0.495304 -0.613140 -0.726180 -0.884286 -0.976395 
39.757412 39724.152344 48 50 48 0.943694 0.846828 0.685248 0.988781 0.973561 0.940296 0.899678 0.619286 0.399302 0.311413 0.167989 0.096423 -0.263781 -0.433446 -0.490374 -0.625944 -0.825145 -0.913409 -0.977011 0.991475 0.984869 0.957950 0.930463 0.675554 0.431281 0.328490 0.177575 0.108138 -0.228296 -0.432527 -0.502375 -0.590994 -0.769194 -0.904174 -0.982265 
29.164173 26659.105469 48 48 50 0.324211 0.532812 0.733995 0.989106 0.976464 0.914510 0.842678 0.742572 0.496059 0.346606 0.176411 0.116578 -0.190245 -0.412646 -0.501111 -0.660218 -0.815433 -0.910729 -0.980139 0.986077 0.969614 0.922994 0.866250 0.732067 0.460816 0.331204 0.175604 0.112584 -0.258963 -0.434310 -0.496995 -0.642946 -0.828089 -0.917925 -0.979819 
27.527374 7734.890137 50 50 48 0.724374 0.866902 0.619231 0.990933 0.986426 0.943676 0.847980 0.610630 0.490746 0.323600 0.159647 0.039332 -0.233879 -0.390103 -0.526156 -0.684480 -0.832559 -0.912693 -0.982676 0.991497 0.984927 0.925527 0.842520 0.621323 0.485524 0.307106 0.171092 0.066549 -0.209154 -0.401692 -0.504226 -0.700284 -0.829610 -0.918644 -0.975954 
35.003696 3381741.750000 46 46 22 0.688796 0.516288 0.807948 0.962691 0.947431 0.855906 0.701767 0.538391 0.339183 0.138515 -0.040543 -0.254874 -0.402408 -0.539201 -0.633454 -0.745114 -0.827626 -0.906858 -0.974427 0.990076 0.979639 0.921763 0.826784 0.622166 0.465005 0.279542 0.106093 -0.081717 -0.277833 -0.438704 -0.584048 -0.719970 -0.832126 -0.912371 -0.972081 
45.196243 3298129.750000 20 20 44 0.543984 0.416137 0.543375 0.970292 0.943615 0.759459 0.563669 0.485978 0.200564 0.010020 -0.205965 -0.436949 -0.533859 -0.649349 -0.734471 -0.801116 -0.872748 -0.929035 -0.976758 0.959248 0.950004 0.839579 0.677381 0.479179 0.317804 0.084806 -0.115567 -0.363361 -0.485810 -0.620156 -0.711182 -0.779825 -0.864106 -0.923669 -0.971866 
36.544548 185766.562500 132 144 92 0.512643 0.339372 0.710909 0.979184 0.960066 0.790300 0.595894 0.550156 0.390846 0.092455 -0.058327 -0.320413 -0.455038 -0.534579 -0.670662 -0.789471 -0.844241 -0.917491 -0.977393 0.974189 0.942192 0.708759 0.570957 0.527211 0.271240 0.035577 -0.146835 -0.383393 -0.509009 -0.611475 -0.727441 -0.803782 -0.846994 -0.912725 -0.982055 
21.791317 37780.683594 92 86 92 0.579751 0.554566 0.595722 0.986954 0.960715 0.912145 0.761047 0.534730 0.441873 0.183749 -0.057357 -0.327204 -0.447966 -0.589025 -0.737795 -0.811950 -0.851574 -0.918603 -0.963816 0.983188 0.963966 0.885506 0.670763 0.555164 0.448466 0.130253 -0.055834 -0.304848 -0.446581 -0.540079 -0.717906 -0.796314 -0.851025 -0.907549 -0.973303 
22.137411 29798.500000 92 148 48 0.450148 0.521511 0.503368 0.987043 0.971230 0.904195 0.779782 0.570359 0.429383 0.230860 0.003788 -0.312629 -0.428827 -0.606037 -0.731029 -0.815154 -0.840254 -0.911734 -0.972681 0.986093 0.962674 0.904912 0.787698 0.549815 0.414819 0.199251 -0.049537 -0.352311 -0.457225 -0.595836 -0.723129 -0.818036 -0.849154 -0.919185 -0.965315 
18.151703 20855.050781 118 132 98 0.568408 0.649007 0.481962 0.984974 0.966281 0.909198 0.744002 0.599751 0.534774 0.261495 0.040976 -0.233395 -0.360022 -0.612836 -0.704743 -0.792079 -0.862639 -0.927681 -0.958283 0.986432 0.966942 0.918765 0.739135 0.575303 0.507581 0.234520 -0.004417 -0.277402 -0.379313 -0.603881 -0.700996 -0.783392 -0.843230 -0.925729 -0.966463 
17.045107 10365.916992 54 48 86 0.553998 0.698832 0.576082 0.984311 0.969390 0.902563 0.764159 0.610221 0.509243 0.293053 0.112577 -0.092750 -0.269220 -0.560230 -0.685211 -0.787021 -0.839694 -0.906269 -0.962626 0.984706 0.968759 0.898491 0.747653 0.620567 0.521055 0.300417 0.114465 -0.121431 -0.303934 -0.576188 -0.690279 -0.788373 -0.848240 -0.918592 -0.955403 
15.311491 6007.725098 86 46 118 0.524567 0.549679 0.647589 0.983672 0.970231 0.903045 0.760547 0.625495 0.536167 0.323365 0.093976 -0.095916 -0.292026 -0.435053 -0.617677 -0.762086 -0.839023 -0.900558 -0.958437 0.986904 0.973091 0.893125 0.777335 0.608866 0.518331 0.297576 0.090288 -0.086339 -0.297963 -0.501204 -0.663868 -0.772470 -0.843689 -0.892034 -0.963058 
16.021637 4785.389648 48 44 182 0.438811 0.492559 0.534997 0.985289 0.963833 0.905561 0.817172 0.658316 0.539729 0.325599 0.163890 -0.085623 -0.271219 -0.434857 -0.599832 -0.735778 -0.838374 -0.920459 -0.964626 0.984692 0.970114 0.919018 0.771643 0.641077 0.544621 0.307860 0.156516 -0.070046 -0.264831 -0.426547 -0.583590 -0.744463 -0.832825 -0.919301 -0.965366 
16.335608 7821.406250 146 88 86 0.572531 0.649131 0.674662 0.988014 0.971689 0.889823 0.799220 0.674077 0.508759 0.229812 0.048901 -0.061269 -0.275532 -0.374175 -0.548515 -0.677545 -0.819519 -0.897502 -0.972597 0.988438 0.966923 0.894333 0.805568 0.658596 0.508134 0.286679 0.068533 -0.065271 -0.258099 -0.409542 -0.557789 -0.688957 -0.829956 -0.907548 -0.966105 
15.081440 3347.111328 86 84 84 0.666255 0.483118 0.688669 0.986478 0.968834 0.919162 0.838336 0.648359 0.495132 0.329681 0.107687 -0.086371 -0.260981 -0.472802 -0.633618 -0.738746 -0.805285 -0.920011 -0.960002 0.987863 0.971644 0.908014 0.821120 0.675632 0.536998 0.315428 0.106271 -0.086203 -0.272157 -0.433782 -0.597854 -0.728646 -0.828456 -0.911967 -0.978169 
15.480335 3495.498291 86 96 118 0.688988 0.507110 0.525324 0.986582 0.967706 0.907017 0.814923 0.692853 0.477305 0.335518 0.121367 -0.037948 -0.259985 -0.440622 -0.634636 -0.752730 -0.789467 -0.901120 -0.964152 0.986585 0.970709 0.909892 0.828501 0.652962 0.483492 0.299792 0.067517 -0.049413 -0.287476 -0.506189 -0.673147 -0.750286 -0.782659 -0.880013 -0.953975 
13.802885 2124.475342 118 46 92 0.524849 0.495711 0.539573 0.988240 0.973699 0.924716 0.812726 0.659054 0.542152 0.303604 0.120758 -0.085363 -0.254332 -0.413609 -0.569364 -0.735725 -0.830334 -0.928465 -0.976174 0.987560 0.970785 0.916221 0.816019 0.665491 0.518220 0.315515 0.121731 -0.062446 -0.242378 -0.413888 -0.561103 -0.717766 -0.817485 -0.934947 -0.977271 
13.804116 2014.921875 94 84 84 0.444940 0.417661 0.526617 0.985325 0.973233 0.917638 0.828898 0.696898 0.506441 0.321688 0.123104 -0.134690 -0.272506 -0.453510 -0.585914 -0.729551 -0.851230 -0.935734 -0.967245 0.986640 0.971023 0.920003 0.815271 0.692252 0.517360 0.304621 0.119342 -0.121108 -0.272164 -0.451819 -0.589593 -0.740978 -0.861032 -0.933054 -0.969936 
12.473810 1528.161133 132 48 80 0.549206 0.442550 0.597080 0.986102 0.965284 0.925864 0.816994 0.681056 0.528765 0.320952 0.145171 -0.075485 -0.238800 -0.454096 -0.564779 -0.749722 -0.836694 -0.925677 -0.975608 0.983173 0.966759 0.924624 0.844967 0.690007 0.491875 0.329856 0.158418 -0.105110 -0.271130 -0.462806 -0.588661 -0.735629 -0.842949 -0.928043 -0.975826 
42.090000 778533.500000 138 72 54 0.457477 0.703130 0.700343 0.984109 0.953063 0.925389 0.847638 0.754980 0.683770 0.300366 0.103073 -0.018419 -0.147251 -0.275692 -0.372486 -0.578558 -0.782458 -0.869264 -0.905200 0.986231 0.969206 0.900712 0.792649 0.714442 0.526103 0.243809 0.059748 -0.048823 -0.231593 -0.362004 -0.546510 -0.717418 -0.838034 -0.904195 -0.961185 
59.353020 21036760.000000 54 64 64 0.747429 0.860278 0.975315 0.972847 0.956507 0.931265 0.855806 0.748566 0.661230 0.232029 0.095228 0.026651 -0.143280 -0.279017 -0.392661 -0.707963 -0.791448 -0.853519 -0.881409 0.975953 0.953806 0.928091 0.851306 0.746481 0.671735 0.254661 0.107090 -0.005736 -0.160549 -0.285042 -0.357144 -0.656341 -0.779484 -0.864349 -0.898199 
61.035515 13224809.000000 64 64 64 0.972439 0.941048 0.918112 0.977260 0.960874 0.938240 0.845976 0.752200 0.671180 0.248234 0.139528 0.045233 -0.164596 -0.292554 -0.413127 -0.666227 -0.809132 -0.855935 -0.918987 0.973164 0.958573 0.935308 0.853520 0.755274 0.677251 0.266677 0.109878 0.045176 -0.142145 -0.291207 -0.379784 -0.697533 -0.788326 -0.846005 -0.885133 
50.382896 2205931.750000 64 66 66 0.925240 0.923304 0.764311 0.987213 0.970444 0.935389 0.806114 0.754161 0.605328 0.283473 0.157710 -0.009247 -0.248540 -0.374912 -0.561101 -0.708735 -0.814683 -0.868584 -0.987157 0.983972 0.967441 0.939266 0.817338 0.750865 0.655356 0.222105 0.150072 -0.017540 -0.228322 -0.355904 -0.512645 -0.697497 -0.816501 -0.861719 -0.976925 
47.356384 5373525.000000 68 64 64 0.772611 0.596681 0.858279 0.989156 0.970280 0.916427 0.798588 0.668273 0.584993 0.280719 0.202476 -0.013166 -0.237546 -0.364722 -0.570032 -0.709028 -0.819768 -0.892058 -0.979752 0.987421 0.970443 0.923893 0.835330 0.744312 0.593442 0.309815 0.172533 0.042659 -0.241864 -0.364845 -0.559294 -0.715368 -0.803902 -0.897094 -0.982931 
50.639725 7129651.000000 64 66 68 0.881103 0.885034 0.775374 0.989310 0.971643 0.937598 0.793963 0.599186 0.512144 0.332410 0.224349 -0.063544 -0.224620 -0.439354 -0.560578 -0.709345 -0.804931 -0.899049 -0.981497 0.988308 0.972946 0.931416 0.721966 0.631598 0.506865 0.305752 0.184893 -0.108957 -0.236495 -0.436363 -0.564648 -0.698464 -0.800434 -0.883900 -0.972711 
46.397842 380523.937500 72 74 76 0.711694 0.831724 0.719385 0.993200 0.982274 0.948972 0.855856 0.728099 0.541686 0.333794 0.184982 0.055506 -0.086359 -0.360800 -0.547420 -0.697262 -0.809301 -0.903568 -0.967713 0.993012 0.977855 0.937497 0.869521 0.692287 0.510852 0.345446 0.220171 0.061138 -0.147075 -0.399752 -0.560966 -0.714273 -0.802598 -0.903016 -0.974564 
41.325794 107263.046875 80 84 84 0.753232 0.839424 0.615571 0.992676 0.981201 0.947994 0.854350 0.697319 0.527795 0.401419 0.214836 0.033879 -0.101157 -0.374894 -0.511786 -0.622024 -0.755095 -0.849359 -0.955292 0.992594 0.981470 0.949978 0.859592 0.694146 0.547519 0.378658 0.161840 0.039027 -0.060903 -0.363399 -0.516080 -0.657991 -0.797820 -0.892289 -0.968683 
32.945133 34807.300781 86 166 82 0.647458 0.559960 0.441262 0.993177 0.966796 0.912558 0.838453 0.723826 0.521873 0.398931 0.235687 0.050671 -0.143642 -0.371846 -0.496714 -0.673490 -0.771013 -0.886733 -0.972980 0.994230 0.978342 0.916331 0.834526 0.727721 0.504687 0.413236 0.292888 0.055177 -0.110260 -0.359549 -0.493111 -0.637213 -0.752573 -0.866525 -0.963569 
38.175114 4388139.500000 84 76 102 0.591230 0.407245 0.627745 0.983537 0.922409 0.758693 0.671283 0.456427 0.257514 0.122410 -0.013133 -0.100047 -0.237144 -0.446530 -0.588721 -0.684252 -0.822684 -0.920529 -0.985773 0.986425 0.950064 0.830441 0.711372 0.526836 0.300792 0.166568 0.028565 -0.074810 -0.186000 -0.352548 -0.567777 -0.656623 -0.786440 -0.884021 -0.985664 
45.058495 10647014.000000 102 74 88 0.595635 0.771308 0.609152 0.985313 0.927193 0.695253 0.488208 0.228801 0.121304 0.048640 -0.119343 -0.276690 -0.451290 -0.544725 -0.659055 -0.787030 -0.888178 -0.950463 -0.987840 0.986711 0.941846 0.769283 0.625818 0.397195 0.163533 0.068654 -0.057596 -0.181875 -0.374795 -0.520309 -0.612472 -0.769261 -0.862460 -0.948912 -0.991285 
54.792362 41465080.000000 86 130 64 0.492544 0.570769 0.657010 0.966679 0.900405 0.572062 0.416108 0.232344 0.122388 0.070847 -0.119417 -0.321215 -0.487919 -0.558861 -0.662388 -0.819932 -0.868913 -0.937231 -0.979640 0.973402 0.885558 0.606194 0.398439 0.244891 0.123513 0.046261 -0.143938 -0.313840 -0.486670 -0.557821 -0.675454 -0.819623 -0.880681 -0.940536 -0.982758 
49.874191 16117728.000000 62 56 50 0.746230 0.609039 0.934529 0.991000 0.984383 0.806473 0.491557 0.386301 0.213887 0.138280 0.034161 -0.229966 -0.404327 -0.511182 -0.666629 -0.783055 -0.864673 -0.914344 -0.974488 0.968742 0.881478 0.585069 0.463300 0.234554 0.146841 0.077386 -0.074583 -0.305782 -0.440679 -0.554676 -0.651388 -0.803392 -0.877856 -0.936126 -0.985473 
52.331470 14556073.000000 48 54 52 0.868916 0.970167 0.963756 0.992302 0.983360 0.955634 0.744103 0.485896 0.396345 0.268213 0.172585 -0.129574 -0.298312 -0.487882 -0.569219 -0.755859 -0.867002 -0.931083 -0.967620 0.992130 0.983421 0.953082 0.616421 0.426422 0.367289 0.204330 0.103181 -0.153603 -0.380640 -0.481274 -0.625032 -0.771766 -0.855705 -0.917067 -0.964903 
55.776894 21305512.000000 52 50 46 0.971457 0.964380 0.963482 0.990775 0.982506 0.943502 0.695678 0.612662 0.509224 0.258396 0.218200 -0.055617 -0.259819 -0.347418 -0.515596 -0.736941 -0.859713 -0.918632 -0.962989 0.991825 0.983884 0.949117 0.719500 0.565546 0.455686 0.281204 0.211855 -0.100538 -0.247916 -0.443150 -0.541509 -0.751180 -0.870803 -0.921316 -0.967006 
56.529156 11329346.000000 48 46 46 0.967541 0.979222 0.962205 0.990158 0.985149 0.940284 0.736244 0.673828 0.588261 0.209870 0.171194 -0.008070 -0.283418 -0.406636 -0.518835 -0.700968 -0.856466 -0.937883 -0.967579 0.990102 0.983697 0.932238 0.714625 0.647582 0.537018 0.240974 0.204367 -0.019018 -0.285855 -0.364378 -0.507497 -0.681660 -0.844224 -0.927242 -0.967040 
54.816536 2648461.000000 44 46 46 0.963773 0.922053 0.850722 0.990258 0.983748 0.941760 0.849480 0.731904 0.547536 0.236353 0.147421 -0.013837 -0.276182 -0.439120 -0.569213 -0.750248 -0.876568 -0.939310 -0.965508 0.990011 0.984452 0.943578 0.813645 0.692596 0.590842 0.212195 0.153330 0.003211 -0.267735 -0.431189 -0.537905 -0.706788 -0.857850 -0.938045 -0.975822 
38.680050 393262.500000 46 44 46 0.868329 0.413520 0.856176 0.990242 0.984163 0.910842 0.746859 0.631049 0.493013 0.266072 0.169248 -0.048194 -0.293117 -0.474758 -0.562972 -0.768739 -0.876061 -0.924558 -0.962379 0.990570 0.984830 0.914028 0.800184 0.634536 0.477422 0.250892 0.151705 -0.059785 -0.325050 -0.483919 -0.586707 -0.782097 -0.881028 -0.930534 -0.965014 
40.078049 177560.578125 46 46 48 0.880411 0.862015 0.862977 0.990963 0.987200 0.938001 0.766847 0.646831 0.496230 0.256477 0.148698 -0.005538 -0.247834 -0.432216 -0.532262 -0.780685 -0.879641 -0.931470 -0.958142 0.990720 0.986895 0.933990 0.754785 0.658544 0.519516 0.281805 0.167817 -0.001131 -0.249610 -0.450979 -0.553866 -0.794192 -0.885151 -0.931597 -0.959293 
36.219780 1431288.875000 46 50 50 0.833079 0.668878 0.540624 0.989372 0.977896 0.874389 0.704507 0.595370 0.418072 0.234977 0.111111 -0.043089 -0.243721 -0.411021 -0.551535 -0.785831 -0.852560 -0.947407 -0.992862 0.991202 0.985617 0.941040 0.796955 0.643446 0.514598 0.277836 0.167983 -0.013427 -0.247806 -0.424775 -0.538139 -0.738362 -0.868889 -0.922294 -0.969527 
36.263481 560683.312500 54 48 34 0.719942 0.824727 0.886267 0.986271 0.976518 0.833844 0.744628 0.663679 0.524566 0.267380 0.127878 -0.038201 -0.256986 -0.413959 -0.568225 -0.740218 -0.802550 -0.947889 -0.986443 0.987837 0.974326 0.829607 0.710812 0.613488 0.486821 0.244179 0.114379 -0.036172 -0.205223 -0.423180 -0.532585 -0.766667 -0.820873 -0.956814 -0.993499 
54.241138 8234496.500000 40 40 42 0.278886 0.842310 0.968869 0.987020 0.975888 0.924254 0.760821 0.708359 0.632936 0.324875 0.213700 0.040389 -0.216457 -0.273488 -0.520724 -0.636001 -0.716284 -0.766880 -0.907818 0.986246 0.979021 0.941430 0.827909 0.717252 0.660654 0.300621 0.206261 0.029346 -0.214129 -0.312270 -0.497050 -0.668580 -0.735882 -0.846941 -0.978274 
53.391422 6964006.000000 42 44 48 0.972655 0.960088 0.838879 0.988402 0.977033 0.933389 0.740747 0.638120 0.576224 0.297588 0.252789 0.001331 -0.119693 -0.284646 -0.558497 -0.635025 -0.683126 -0.752134 -0.968412 0.986952 0.974209 0.912691 0.745046 0.663117 0.600371 0.321357 0.247421 0.093428 -0.159972 -0.263709 -0.511806 -0.630556 -0.694042 -0.743376 -0.875916 
41.075096 206353.968750 46 46 56 0.818149 0.646345 0.432409 0.990640 0.977832 0.877985 0.739294 0.653195 0.582728 0.362916 0.241268 0.015083 -0.181405 -0.353499 -0.519415 -0.640602 -0.733222 -0.882088 -0.976629 0.989430 0.977769 0.931921 0.734776 0.616601 0.525541 0.323013 0.256408 -0.020348 -0.113409 -0.393124 -0.567737 -0.643626 -0.703476 -0.890049 -0.987407 
34.973339 2800923.000000 50 52 56 0.709847 0.658159 0.591878 0.975864 0.946869 0.817177 0.702864 0.550804 0.378184 0.238444 0.142520 -0.016050 -0.194718 -0.413832 -0.605192 -0.694694 -0.864523 -0.934379 -0.991445 0.987547 0.976367 0.870747 0.727536 0.665350 0.586296 0.392543 0.223331 0.076344 -0.188742 -0.357063 -0.495848 -0.627922 -0.753183 -0.883877 -0.967004 
51.250618 58867380.000000 38 46 44 0.381837 0.499944 0.477075 0.967554 0.941819 0.682904 0.542231 0.320222 0.230362 0.132716 -0.062003 -0.226055 -0.392113 -0.560421 -0.646811 -0.786119 -0.881114 -0.938515 -0.985554 0.960586 0.935784 0.759646 0.622588 0.433684 0.249299 0.185427 0.052499 -0.145366 -0.322776 -0.533131 -0.641863 -0.773321 -0.869715 -0.945763 -0.989425 
50.572342 26529770.000000 44 120 44 0.466548 0.689053 0.394026 0.969477 0.891253 0.654899 0.579474 0.322136 0.259693 0.111582 0.015665 -0.204586 -0.426007 -0.559021 -0.682104 -0.785835 -0.878243 -0.917847 -0.992913 0.975443 0.898330 0.629049 0.543592 0.304453 0.235012 0.095769 -0.018406 -0.231273 -0.424026 -0.569549 -0.661921 -0.807365 -0.878961 -0.932935 -0.992287 
40.808987 4923388.000000 134 118 44 0.509714 0.593424 0.507911 0.967379 0.903012 0.672348 0.629543 0.468043 0.329868 0.231081 0.059755 -0.163554 -0.413299 -0.535668 -0.682656 -0.785615 -0.867256 -0.936970 -0.977164 0.966265 0.901030 0.676169 0.631790 0.383028 0.305377 0.195648 0.043473 -0.138568 -0.426198 -0.553813 -0.676912 -0.778567 -0.866588 -0.926368 -0.978579 
50.189728 11782200.000000 42 44 44 0.670384 0.674896 0.890860 0.987203 0.971721 0.914005 0.751939 0.666274 0.634084 0.473541 0.195781 0.016535 -0.189212 -0.474155 -0.632669 -0.720683 -0.853541 -0.912203 -0.982890 0.987019 0.971286 0.816782 0.656673 0.587254 0.418824 0.260726 0.083288 -0.091737 -0.365072 -0.528497 -0.656989 -0.782469 -0.867518 -0.939190 -0.974384 
57.442635 13728496.000000 44 46 46 0.906633 0.967944 0.990834 0.982802 0.964340 0.933771 0.754705 0.685243 0.656472 0.571432 0.300127 -0.024114 -0.135619 -0.415962 -0.621347 -0.690626 -0.783569 -0.895059 -0.970775 0.985020 0.966224 0.920713 0.745550 0.674789 0.649830 0.530221 0.249314 0.028293 -0.110930 -0.378960 -0.649758 -0.693863 -0.820548 -0.884169 -0.966304 
57.937607 9147534.000000 46 46 46 0.987619 0.989595 0.957425 0.983963 0.966353 0.934565 0.783221 0.699890 0.667890 0.577231 0.361181 0.067523 -0.160638 -0.363929 -0.625451 -0.668899 -0.797367 -0.917449 -0.980545 0.982689 0.965400 0.934734 0.769388 0.690201 0.663626 0.583340 0.372433 -0.024314 -0.152062 -0.361570 -0.611335 -0.683965 -0.789259 -0.905422 -0.974284 
54.402992 1478165.750000 46 48 54 0.950981 0.924448 0.878493 0.990240 0.976344 0.934622 0.829828 0.711285 0.658470 0.536880 0.306131 0.037647 -0.145141 -0.380814 -0.619799 -0.712389 -0.832600 -0.911312 -0.969123 0.986307 0.968743 0.938749 0.823550 0.707813 0.668766 0.565943 0.387854 0.036117 -0.141696 -0.358132 -0.621860 -0.685926 -0.799631 -0.917245 -0.974071 
47.062740 279747.437500 52 54 46 0.798502 0.825948 0.661662 0.992582 0.985965 0.941137 0.791360 0.699270 0.664010 0.548002 0.244805 0.023795 -0.102501 -0.347414 -0.624109 -0.707672 -0.850874 -0.930877 -0.975078 0.992462 0.985609 0.928366 0.808116 0.714879 0.650422 0.498675 0.252616 0.025586 -0.141076 -0.394350 -0.628795 -0.724985 -0.849936 -0.923166 -0.970164 
38.148384 74277.585938 54 72 46 0.781218 0.455966 0.796780 0.988403 0.969554 0.921760 0.798194 0.704465 0.646614 0.549284 0.362390 0.022538 -0.152754 -0.353302 -0.577883 -0.730986 -0.849513 -0.927175 -0.973275 0.991790 0.977518 0.926493 0.798185 0.707927 0.652617 0.576361 0.336056 0.022495 -0.075794 -0.357313 -0.619892 -0.705881 -0.847864 -0.932537 -0.975490 
32.383289 43835.968750 46 46 46 0.663635 0.801552 0.814814 0.987741 0.968638 0.903721 0.796786 0.703423 0.670496 0.538504 0.356870 0.014569 -0.143544 -0.335949 -0.557771 -0.733850 -0.853143 -0.917707 -0.971571 0.988819 0.972535 0.912879 0.789997 0.691378 0.647984 0.521914 0.365654 0.034288 -0.155228 -0.309343 -0.554045 -0.729685 -0.832960 -0.922033 -0.969924 
28.631615 24007.695312 46 46 46 0.795948 0.890516 0.764102 0.985158 0.947840 0.896628 0.780129 0.692652 0.604724 0.520541 0.326091 -0.019412 -0.191419 -0.343330 -0.558846 -0.700398 -0.852052 -0.917259 -0.972908 0.988105 0.970348 0.899243 0.785180 0.699360 0.652727 0.548841 0.336248 0.017125 -0.139339 -0.379901 -0.568316 -0.708994 -0.869363 -0.915817 -0.975332 
24.302523 12696.221680 46 46 46 0.711990 0.586035 0.613521 0.981468 0.955447 0.872906 0.748306 0.681538 0.639802 0.536792 0.281339 0.033517 -0.135989 -0.390027 -0.568367 -0.747226 -0.852195 -0.912223 -0.967870 0.984394 0.948533 0.882904 0.730294 0.683033 0.619982 0.533869 0.348926 0.013348 -0.180024 -0.349595 -0.555236 -0.715476 -0.844746 -0.912817 -0.967165 
34.066803 683838.125000 118 128 104 0.690739 0.456164 0.579790 0.985775 0.971837 0.918879 0.667983 0.614857 0.478208 0.226419 0.149341 -0.057935 -0.261858 -0.456777 -0.554701 -0.666694 -0.764987 -0.825003 -0.867251 0.985577 0.961467 0.899524 0.743756 0.676604 0.626708 0.469778 0.233299 0.029832 -0.196492 -0.406830 -0.566455 -0.721749 -0.840498 -0.924016 -0.973829 
54.564796 18295736.000000 102 60 62 0.647806 0.812257 0.911150 0.977022 0.959088 0.937948 0.781064 0.609958 0.570263 0.292546 0.166140 0.074276 -0.161705 -0.305613 -0.418237 -0.609435 -0.723078 -0.774685 -0.835425 0.984557 0.970741 0.942925 0.758507 0.600665 0.569318 0.278512 0.157456 0.004516 -0.221943 -0.364387 -0.509887 -0.634135 -0.722891 -0.817221 -0.838026 
58.383286 22053784.000000 62 64 66 0.932014 0.933221 0.963535 0.971134 0.953319 0.929314 0.819983 0.623869 0.585143 0.319780 0.119063 0.051862 -0.141323 -0.343472 -0.434580 -0.597511 -0.731086 -0.792422 -0.843646 0.969874 0.954584 0.934716 0.798751 0.609918 0.570845 0.293751 0.141557 0.070854 -0.139257 -0.325904 -0.408281 -0.605930 -0.725618 -0.791729 -0.840672 
56.571053 17592096.000000 66 66 66 0.972931 0.972840 0.906319 0.970882 0.946075 0.920598 0.807240 0.675893 0.639188 0.368746 0.092865 0.040874 -0.137631 -0.323538 -0.418561 -0.552209 -0.704779 -0.775808 -0.855366 0.972786 0.949816 0.923013 0.805201 0.651148 0.611246 0.361790 0.126465 0.049366 -0.139648 -0.339878 -0.426977 -0.579863 -0.709445 -0.781760 -0.846024 
57.450695 9454062.000000 66 66 68 0.897398 0.942531 0.965250 0.970425 0.944712 0.925636 0.855120 0.730640 0.692522 0.318078 0.084981 -0.023875 -0.123555 -0.304876 -0.421848 -0.507599 -0.685469 -0.777591 -0.923760 0.968704 0.942097 0.922026 0.812222 0.712261 0.666582 0.349832 0.082912 0.015798 -0.136639 -0.299259 -0.431022 -0.540524 -0.702357 -0.771911 -0.898844 
57.131226 2061986.750000 66 68 70 0.926106 0.881334 0.948228 0.972505 0.961009 0.935544 0.899415 0.770254 0.715477 0.380949 0.071632 -0.012378 -0.133380 -0.277584 -0.364302 -0.560390 -0.751401 -0.827983 -0.966213 0.971925 0.952090 0.929496 0.886460 0.754828 0.711035 0.325220 0.077077 -0.031686 -0.154710 -0.290690 -0.410952 -0.513496 -0.712165 -0.790961 -0.945702 
57.577179 940616.500000 70 70 72 0.910775 0.949108 0.949234 0.977665 0.967726 0.950737 0.915994 0.776910 0.658511 0.491403 0.147253 -0.038570 -0.137188 -0.279356 -0.358864 -0.514831 -0.760217 -0.882030 -0.973339 0.975052 0.965385 0.946420 0.908170 0.770362 0.660935 0.455893 0.111962 -0.058283 -0.140317 -0.275819 -0.368324 -0.558070 -0.751300 -0.879564 -0.973176 
56.836018 1194628.625000 72 74 76 0.961012 0.883924 0.901153 0.978040 0.970112 0.948049 0.903107 0.791974 0.672815 0.489686 0.040264 -0.071970 -0.182126 -0.258671 -0.364595 -0.726374 -0.827862 -0.859075 -0.936818 0.979096 0.969053 0.952269 0.911843 0.791929 0.673944 0.489308 0.142070 -0.046511 -0.129586 -0.262882 -0.352408 -0.612717 -0.799394 -0.863853 -0.970352 
54.907539 2912834.500000 78 84 66 0.936452 0.386668 0.659201 0.972212 0.957572 0.933370 0.870687 0.814201 0.694819 0.293225 0.002130 -0.055643 -0.210968 -0.288322 -0.356389 -0.642514 -0.813948 -0.840455 -0.904114 0.976671 0.968743 0.927874 0.884234 0.803293 0.645525 0.422569 -0.007776 -0.069711 -0.178080 -0.250843 -0.356550 -0.750551 -0.832383 -0.858418 -0.914583 
54.865299 2149347.750000 88 90 94 0.787815 0.733006 0.908453 0.973729 0.954632 0.936851 0.878053 0.766949 0.710030 0.223975 0.050283 -0.022561 -0.150390 -0.286114 -0.372072 -0.677215 -0.798678 -0.844054 -0.904635 0.969798 0.956207 0.932144 0.868539 0.798245 0.714182 0.216557 0.025716 -0.032877 -0.168639 -0.284645 -0.343539 -0.636424 -0.807863 -0.834123 -0.888468 
52.514668 1576937.750000 94 92 90 0.808316 0.318053 0.723819 0.976311 0.957787 0.944215 0.888907 0.725618 0.695405 0.223527 0.077073 0.027508 -0.176837 -0.289990 -0.353357 -0.767303 -0.818460 -0.863966 -0.900223 0.976499 0.955750 0.940936 0.880690 0.740737 0.701299 0.215226 0.074618 0.017446 -0.163603 -0.269715 -0.347752 -0.740296 -0.805713 -0.849897 -0.892706 
46.493015 140987.953125 88 104 102 0.631265 0.606361 0.531329 0.987842 0.964505 0.945144 0.899739 0.739768 0.675105 0.469321 0.133769 0.074333 -0.153602 -0.298244 -0.362328 -0.644497 -0.810012 -0.849181 -0.957052 0.984169 0.960641 0.948780 0.909261 0.741039 0.691732 0.383303 0.096102 0.058746 -0.165488 -0.289233 -0.359945 -0.746110 -0.817619 -0.863424 -0.927936 
44.307217 285968.125000 102 92 90 0.514449 0.544410 0.374830 0.988979 0.966685 0.950959 0.863044 0.691400 0.654965 0.261133 0.113970 0.040434 -0.162255 -0.312255 -0.372159 -0.660648 -0.832896 -0.929420 -0.952067 0.986866 0.966850 0.951023 0.895516 0.709043 0.662493 0.454269 0.141235 0.070363 -0.144844 -0.304753 -0.362071 -0.601028 -0.806119 -0.858601 -0.955734 
38.419006 279376.343750 68 152 154 0.382691 0.330046 0.545862 0.981703 0.956846 0.930122 0.801931 0.664379 0.609867 0.214284 0.121707 0.039951 -0.157763 -0.304591 -0.368029 -0.708609 -0.808283 -0.921189 -0.948578 0.990646 0.967936 0.936279 0.790286 0.691005 0.626707 0.166530 0.104423 -0.005445 -0.157303 -0.319860 -0.375863 -0.667088 -0.852040 -0.929246 -0.945424 
34.829781 1224107.500000 146 72 70 0.506474 0.667433 0.468571 0.974231 0.948067 0.910076 0.692465 0.584674 0.291503 0.117903 0.061353 -0.194502 -0.337714 -0.484929 -0.711562 -0.804897 -0.862244 -0.935728 -0.982512 0.979711 0.958278 0.937027 0.821072 0.648601 0.581885 0.190019 0.088899 0.011397 -0.238067 -0.353343 -0.498463 -0.758632 -0.826149 -0.890843 -0.970170 
38.921043 2976598.500000 72 66 80 0.422480 0.381970 0.494848 0.961682 0.933902 0.774758 0.608050 0.565237 0.179475 0.095141 -0.153573 -0.302156 -0.374729 -0.533958 -0.726423 -0.794003 -0.864038 -0.924226 -0.974883 0.964651 0.938076 0.849173 0.612010 0.566329 0.203321 0.118259 -0.042753 -0.293350 -0.371543 -0.525976 -0.740444 -0.814228 -0.890978 -0.937845 -0.980536 
39.924271 1584549.125000 144 46 150 0.385854 0.425675 0.495145 0.975993 0.941567 0.779073 0.623851 0.514709 0.144924 0.021976 -0.167008 -0.336581 -0.480693 -0.608030 -0.746857 -0.824429 -0.893535 -0.945207 -0.980994 0.962683 0.939467 0.742453 0.605153 0.525883 0.160392 0.047124 -0.174492 -0.323099 -0.429959 -0.586436 -0.737456 -0.797556 -0.876095 -0.930913 -0.978394 
43.185776 2600403.750000 46 46 24 0.662078 0.613656 0.499885 0.981082 0.945203 0.790069 0.639845 0.411490 0.147688 -0.015460 -0.246146 -0.376967 -0.510825 -0.615242 -0.759339 -0.844700 -0.910304 -0.948028 -0.987297 0.981276 0.943016 0.800079 0.644298 0.492211 0.140213 0.011843 -0.214404 -0.347223 -0.491367 -0.590683 -0.752777 -0.834179 -0.902219 -0.948304 -0.986320 
49.548283 2880577.000000 120 132 40 0.408861 0.669414 0.585990 0.976828 0.941374 0.795722 0.652533 0.401572 0.157232 -0.084729 -0.242762 -0.382699 -0.548147 -0.667101 -0.781788 -0.890386 -0.933270 -0.973126 -0.991099 0.975942 0.945384 0.789296 0.628354 0.392133 0.155660 -0.036134 -0.248796 -0.375197 -0.532906 -0.653917 -0.766111 -0.876936 -0.925666 -0.959924 -0.988658 
53.477879 3325967.000000 84 80 148 0.568628 0.549968 0.725955 0.976892 0.938464 0.805146 0.665834 0.424716 0.177618 -0.095436 -0.220777 -0.350635 -0.532545 -0.663436 -0.779053 -0.855849 -0.945106 -0.985911 -0.992444 0.974019 0.939029 0.799327 0.661549 0.421472 0.166320 -0.080246 -0.219876 -0.365200 -0.533373 -0.646005 -0.778103 -0.880691 -0.937720 -0.983924 -0.994451 
56.165771 4217430.000000 148 126 88 0.695935 0.593824 0.550146 0.978897 0.925845 0.810063 0.669044 0.482408 0.241320 -0.020799 -0.157934 -0.374474 -0.534489 -0.679734 -0.789520 -0.882518 -0.941708 -0.987781 -0.994149 0.978181 0.932993 0.813352 0.671029 0.471724 0.215726 -0.058655 -0.216440 -0.373252 -0.512941 -0.668765 -0.785218 -0.875192 -0.951010 -0.987853 -0.993401 
54.011768 2976735.500000 120 132 62 0.544784 0.657276 0.666694 0.975377 0.935694 0.813335 0.674444 0.476110 0.246352 -0.012630 -0.228225 -0.389574 -0.527989 -0.682525 -0.769912 -0.842332 -0.945413 -0.986376 -0.996218 0.977571 0.925338 0.811121 0.668989 0.484558 0.235115 0.001325 -0.179262 -0.399487 -0.554925 -0.667190 -0.786592 -0.876074 -0.943179 -0.988083 -0.994934 
53.023071 2867039.000000 60 56 122 0.421813 0.543938 0.448637 0.978088 0.941882 0.808775 0.665484 0.474790 0.182075 -0.070892 -0.231399 -0.371499 -0.521607 -0.703046 -0.799776 -0.901577 -0.945387 -0.972922 -0.987571 0.974852 0.941386 0.808646 0.665473 0.460604 0.200244 -0.060621 -0.253880 -0.390624 -0.530515 -0.717282 -0.775754 -0.871078 -0.951745 -0.979085 -0.993476 
49.024769 2714921.500000 122 86 132 0.586675 0.414625 0.473901 0.978511 0.942332 0.796918 0.648467 0.311909 0.095214 -0.062764 -0.225523 -0.359423 -0.539553 -0.698929 -0.788666 -0.831750 -0.903314 -0.942050 -0.986404 0.974561 0.942258 0.808216 0.655526 0.416472 0.100902 -0.099571 -0.231853 -0.364272 -0.523901 -0.696257 -0.802516 -0.879714 -0.926108 -0.958606 -0.979726 
42.359715 832711.875000 44 44 42 0.509810 0.415970 0.531583 0.982332 0.951385 0.814085 0.655218 0.355987 0.114865 -0.008443 -0.161686 -0.356663 -0.526252 -0.642891 -0.731826 -0.806982 -0.916173 -0.951589 -0.986742 0.978356 0.947508 0.789760 0.630085 0.245653 0.111783 -0.024176 -0.189497 -0.339970 -0.533575 -0.669922 -0.768882 -0.810634 -0.893615 -0.942895 -0.986861 
32.949570 94921.539062 38 84 86 0.670901 0.571698 0.570444 0.986654 0.965389 0.890364 0.773636 0.554761 0.303323 0.081356 -0.120857 -0.347199 -0.485020 -0.665556 -0.794146 -0.874236 -0.939329 -0.969961 -0.988723 0.982304 0.956845 0.854260 0.720299 0.498567 0.224169 0.044913 -0.126718 -0.371199 -0.509157 -0.634628 -0.737973 -0.830209 -0.933235 -0.974748 -0.988211 
30.114609 54003.464844 132 146 148 0.536166 0.384889 0.801557 0.985137 0.962532 0.910938 0.809875 0.571398 0.377062 0.164599 -0.164425 -0.363454 -0.564725 -0.677940 -0.783909 -0.854608 -0.934021 -0.976717 -0.990206 0.987286 0.964884 0.916646 0.798526 0.597775 0.359983 0.137920 -0.147250 -0.366133 -0.515088 -0.688514 -0.784337 -0.866597 -0.942108 -0.971602 -0.992507 
26.837883 43392.992188 148 148 84 0.760947 0.343712 0.572044 0.987370 0.964314 0.906967 0.776356 0.598011 0.428907 0.197107 -0.055498 -0.319240 -0.537983 -0.661122 -0.787209 -0.875424 -0.922519 -0.970368 -0.986821 0.985356 0.961434 0.900427 0.787381 0.570446 0.385831 0.164884 -0.103957 -0.319316 -0.570541 -0.663332 -0.786174 -0.864974 -0.920048 -0.973379 -0.988027 
23.572243 23623.287109 84 44 90 0.547333 0.516116 0.430688 0.983085 0.964364 0.911110 0.771118 0.624771 0.465050 0.169289 -0.039251 -0.202818 -0.355888 -0.638294 -0.758647 -0.864138 -0.934648 -0.974465 -0.993424 0.987027 0.966127 0.908259 0.772100 0.593351 0.466942 0.196411 -0.039092 -0.250445 -0.457384 -0.661217 -0.776985 -0.876738 -0.930754 -0.972829 -0.989648 
23.667255 16529.236328 72 94 130 0.544183 0.543131 0.585055 0.985904 0.964913 0.914210 0.821094 0.612678 0.455189 0.256937 0.081392 -0.191501 -0.390894 -0.583082 -0.791149 -0.915788 -0.953166 -0.974822 -0.990000 0.986857 0.962960 0.906445 0.796944 0.634019 0.448808 0.239435 0.022653 -0.195636 -0.359905 -0.621452 -0.779362 -0.887782 -0.945289 -0.976522 -0.992391 
20.360239 11440.006836 88 84 130 0.501716 0.621772 0.630312 0.985743 0.971384 0.911877 0.776564 0.651560 0.542664 0.294019 0.069692 -0.201019 -0.354664 -0.539279 -0.758482 -0.890656 -0.943533 -0.976016 -0.994062 0.986073 0.968839 0.916483 0.793334 0.639233 0.499332 0.302109 0.071529 -0.170852 -0.377463 -0.555959 -0.744107 -0.912835 -0.944822 -0.975287 -0.993337 
14.840450 2044.756470 50 62 72 0.538230 0.405427 0.867871 0.989328 0.962873 0.881196 0.775649 0.616180 0.525621 0.329304 0.062583 -0.130396 -0.292673 -0.445004 -0.675896 -0.801926 -0.912871 -0.961759 -0.988027 0.985258 0.967852 0.901608 0.776949 0.644725 0.552804 0.285258 0.089753 -0.171565 -0.339613 -0.524814 -0.730279 -0.877986 -0.941099 -0.975543 -0.992427 
