52.369003 5926861.000000 20 66 76 0.000000 0.750442 0.848320 0.981056 0.968322 0.944886 0.827566 0.624651 0.586893 0.398299 0.322460 0.102464 -0.259425 -0.315777 -0.472283 -0.588563 -0.838542 -0.863240 -0.943739 0.991384 0.978983 0.902859 0.638677 0.510026 0.449342 0.295360 0.116037 -0.183068 -0.270869 -0.364209 -0.540496 -0.655943 -0.848755 -0.866626 -0.976859 
62.850334 56120744.000000 76 78 76 0.788793 0.928108 0.924126 0.975227 0.954170 0.936515 0.846468 0.595751 0.552296 0.370719 0.271192 0.098058 -0.183009 -0.338590 -0.386089 -0.581161 -0.753371 -0.855989 -0.889139 0.978224 0.964528 0.943273 0.841992 0.612701 0.572780 0.391465 0.311663 0.146964 -0.168387 -0.314285 -0.382233 -0.572953 -0.766178 -0.855245 -0.899589 
64.188126 161672976.000000 78 78 80 0.954378 0.934520 0.955029 0.967703 0.944099 0.923719 0.832837 0.577335 0.519329 0.328084 0.226243 0.061259 -0.212351 -0.366915 -0.449374 -0.675136 -0.776909 -0.878807 -0.900628 0.968709 0.947902 0.930239 0.839598 0.588431 0.536909 0.339961 0.235670 0.079631 -0.193050 -0.352535 -0.420532 -0.646795 -0.768758 -0.867537 -0.891996 
63.150101 163045728.000000 80 80 82 0.965388 0.979447 0.925009 0.968496 0.935276 0.917835 0.818394 0.591169 0.532679 0.331111 0.217721 0.050733 -0.234090 -0.360643 -0.485068 -0.684256 -0.789636 -0.887294 -0.907136 0.968720 0.939552 0.921614 0.835341 0.582862 0.527769 0.337541 0.227884 0.061753 -0.209578 -0.361979 -0.465187 -0.676543 -0.774130 -0.883481 -0.902690 
62.221458 172267264.000000 82 82 82 0.948206 0.956305 0.939282 0.967402 0.926078 0.907949 0.806962 0.598928 0.529970 0.336980 0.224598 0.081545 -0.197066 -0.356401 -0.502416 -0.683282 -0.794882 -0.891498 -0.911640 0.967776 0.929879 0.910425 0.805150 0.593251 0.524964 0.328670 0.213267 0.064062 -0.223950 -0.361763 -0.505276 -0.676121 -0.788807 -0.889566 -0.908789 
61.840729 137200384.000000 82 84 86 0.909065 0.968078 0.898494 0.963746 0.919768 0.898774 0.813543 0.613247 0.531932 0.354851 0.248771 0.075823 -0.186413 -0.354961 -0.529065 -0.688647 -0.798548 -0.898674 -0.915181 0.964688 0.921360 0.901293 0.816024 0.610953 0.536555 0.342447 0.234391 0.075355 -0.200316 -0.356054 -0.522971 -0.686773 -0.805834 -0.893269 -0.914044 
60.203110 132842184.000000 86 86 86 0.930183 0.965004 0.911200 0.970288 0.917889 0.894526 0.807451 0.612016 0.526349 0.326691 0.228198 0.067540 -0.185089 -0.346061 -0.523267 -0.676998 -0.801648 -0.896627 -0.915874 0.965535 0.918002 0.895863 0.804267 0.610224 0.529832 0.344213 0.237805 0.070873 -0.189322 -0.348297 -0.524524 -0.666850 -0.793517 -0.895291 -0.915775 
58.292389 87151536.000000 86 86 86 0.887880 0.936476 0.947814 0.972328 0.919349 0.886301 0.792900 0.617957 0.532492 0.348619 0.246767 0.069286 -0.189416 -0.323592 -0.513695 -0.651847 -0.781734 -0.890957 -0.905910 0.972796 0.917106 0.890942 0.794615 0.622674 0.526758 0.337976 0.236940 0.086187 -0.162323 -0.347823 -0.525003 -0.667135 -0.808453 -0.890277 -0.911766 
56.038483 48165104.000000 86 86 84 0.949921 0.928793 0.938163 0.975833 0.924849 0.886883 0.798529 0.621783 0.536442 0.366060 0.280605 0.065070 -0.172626 -0.334510 -0.523838 -0.650409 -0.799614 -0.888827 -0.911008 0.971614 0.919010 0.886876 0.783189 0.626594 0.530657 0.363043 0.257921 0.045680 -0.190211 -0.339589 -0.520869 -0.655124 -0.797472 -0.885549 -0.904528 
55.303604 40007624.000000 84 82 80 0.940582 0.899258 0.903060 0.975496 0.930739 0.890227 0.803276 0.621769 0.539916 0.374014 0.289473 0.058057 -0.167646 -0.328168 -0.523356 -0.683921 -0.798808 -0.884201 -0.899917 0.978235 0.922833 0.886496 0.798656 0.632304 0.551486 0.362203 0.286717 0.075085 -0.174122 -0.316423 -0.513406 -0.669669 -0.797552 -0.882052 -0.901480 
53.333248 14145245.000000 78 76 72 0.949621 0.913009 0.912871 0.979909 0.940508 0.897517 0.814182 0.621880 0.563069 0.395619 0.339682 0.033167 -0.193651 -0.331295 -0.522666 -0.654723 -0.770963 -0.858552 -0.879981 0.976107 0.931338 0.896366 0.814879 0.633149 0.543577 0.382131 0.318042 0.071739 -0.165752 -0.332899 -0.522431 -0.662578 -0.796577 -0.873310 -0.891815 
48.763374 5201469.000000 72 68 70 0.888525 0.850293 0.660654 0.988059 0.947995 0.894484 0.799183 0.607545 0.539094 0.411083 0.350911 0.045269 -0.193762 -0.321504 -0.456198 -0.658696 -0.724658 -0.855261 -0.897289 0.984098 0.949043 0.903673 0.803876 0.615767 0.555442 0.406912 0.339518 0.051025 -0.194254 -0.314163 -0.511656 -0.665129 -0.763279 -0.865668 -0.888624 
40.305595 1069377.500000 70 60 72 0.515578 0.315027 0.418439 0.980957 0.915349 0.889097 0.763268 0.631722 0.528570 0.347124 0.274642 0.051673 -0.168685 -0.428451 -0.542227 -0.634982 -0.722679 -0.847754 -0.881523 0.984554 0.936925 0.888436 0.794477 0.620465 0.508660 0.365796 0.288032 -0.000740 -0.254279 -0.435768 -0.524471 -0.648308 -0.701024 -0.824324 -0.881306 
36.553207 273785.781250 70 134 86 0.379463 0.429792 0.463401 0.980811 0.912879 0.886197 0.770952 0.674236 0.566726 0.421569 0.306883 0.167885 0.015834 -0.355931 -0.524875 -0.643834 -0.791054 -0.873444 -0.929815 0.980416 0.930725 0.884473 0.766515 0.672521 0.560642 0.418847 0.290993 0.171027 -0.066146 -0.336685 -0.513427 -0.636657 -0.776362 -0.869860 -0.911080 
34.051563 97168.898438 86 86 86 0.417223 0.562574 0.499651 0.979972 0.910293 0.873265 0.816257 0.675734 0.568136 0.443192 0.361953 0.206385 -0.038851 -0.309226 -0.524803 -0.634634 -0.805133 -0.903860 -0.948326 0.981541 0.909078 0.881327 0.818505 0.656170 0.559725 0.434860 0.272523 0.157178 -0.047358 -0.300365 -0.492944 -0.635374 -0.735037 -0.889649 -0.959241 
31.485249 65827.125000 48 86 80 0.566354 0.397007 0.510489 0.969931 0.928884 0.881176 0.790178 0.662359 0.585946 0.463061 0.335608 0.243083 -0.132902 -0.361640 -0.514393 -0.700655 -0.809830 -0.914815 -0.955540 0.972024 0.921948 0.880872 0.807434 0.679384 0.610610 0.492843 0.333585 0.242772 -0.038336 -0.347329 -0.497374 -0.666429 -0.798617 -0.902292 -0.942126 
26.581997 29680.603516 80 50 42 0.459598 0.555523 0.557103 0.958841 0.919018 0.893552 0.742081 0.664058 0.577935 0.429834 0.256675 0.166165 -0.150380 -0.304586 -0.519869 -0.641331 -0.807913 -0.907204 -0.977698 0.971637 0.919618 0.874066 0.755808 0.656392 0.557477 0.434098 0.320567 0.222683 -0.064770 -0.319267 -0.522176 -0.674456 -0.810912 -0.911159 -0.964825 
24.984882 21009.224609 82 112 52 0.534333 0.304357 0.548950 0.977112 0.914652 0.876865 0.779168 0.656928 0.602578 0.439242 0.326475 0.103627 -0.163984 -0.331807 -0.505646 -0.695966 -0.824169 -0.909274 -0.979453 0.955405 0.911029 0.891950 0.794969 0.641642 0.589509 0.445469 0.265905 0.113412 -0.138939 -0.315137 -0.523686 -0.666972 -0.813776 -0.918918 -0.978583 
46.099167 26430074.000000 56 52 98 0.523204 0.342006 0.326103 0.941181 0.913546 0.803994 0.565962 0.511657 0.329532 0.096732 -0.101756 -0.309826 -0.412179 -0.525386 -0.634193 -0.731149 -0.845244 -0.891684 -0.977093 0.930514 0.899603 0.830086 0.595322 0.524006 0.402102 0.161092 0.013201 -0.111852 -0.359329 -0.471732 -0.577243 -0.663167 -0.790270 -0.904651 -0.972312 
47.794041 12961815.000000 48 90 76 0.459072 0.497535 0.524400 0.983561 0.895081 0.667868 0.596292 0.500276 0.312983 0.145312 -0.115184 -0.242154 -0.337545 -0.504789 -0.624482 -0.732591 -0.828950 -0.911861 -0.985865 0.962214 0.888890 0.693582 0.556635 0.452693 0.283239 0.052161 -0.166098 -0.297786 -0.438656 -0.523500 -0.650328 -0.771438 -0.847610 -0.886701 -0.986767 
32.146450 325092.875000 76 130 138 0.574030 0.397526 0.519635 0.982411 0.927860 0.839058 0.660139 0.541833 0.417204 0.254654 0.006409 -0.233412 -0.338949 -0.533702 -0.678145 -0.784072 -0.851345 -0.902626 -0.979335 0.993163 0.934214 0.721848 0.614720 0.507878 0.382087 0.168191 -0.018628 -0.225608 -0.343707 -0.504635 -0.604595 -0.776767 -0.838664 -0.898012 -0.977319 
23.963764 133277.375000 138 104 56 0.534279 0.415621 0.439537 0.972464 0.929054 0.826612 0.621454 0.571647 0.406584 0.233095 -0.009074 -0.246191 -0.380405 -0.464057 -0.591501 -0.747257 -0.844915 -0.888006 -0.980541 0.974180 0.929390 0.835442 0.653219 0.553069 0.404231 0.291435 -0.022656 -0.248569 -0.374985 -0.468084 -0.614701 -0.756797 -0.846636 -0.886220 -0.971611 
21.399033 82989.585938 54 100 100 0.464284 0.577357 0.466690 0.975947 0.941444 0.840952 0.677134 0.588032 0.453658 0.251487 0.020205 -0.192320 -0.345102 -0.475629 -0.615407 -0.738517 -0.838136 -0.893323 -0.956610 0.971004 0.929526 0.785372 0.647294 0.571571 0.409921 0.271859 0.046217 -0.169042 -0.371377 -0.465204 -0.626791 -0.771105 -0.850082 -0.893438 -0.979392 
32.816959 1205643.000000 100 48 220 0.501902 0.449223 0.194624 0.971596 0.963870 0.891438 0.672118 0.598431 0.472129 0.317827 -0.132352 -0.288597 -0.424517 -0.529208 -0.641649 -0.726711 -0.845664 -0.931334 -0.989621 0.984327 0.953968 0.862772 0.704609 0.613497 0.499936 0.268751 0.005539 -0.249321 -0.360805 -0.494268 -0.608643 -0.693295 -0.834733 -0.875134 -0.937634 
35.923149 1473559.750000 24 196 54 0.442062 0.396460 0.457904 0.946939 0.928674 0.836823 0.760531 0.617076 0.508938 0.256149 0.040723 -0.141989 -0.195961 -0.347843 -0.528366 -0.664299 -0.740391 -0.827369 -0.982111 0.972192 0.964059 0.872986 0.697489 0.593390 0.438824 0.278632 -0.101960 -0.188803 -0.340495 -0.482212 -0.612039 -0.708741 -0.827181 -0.924218 -0.988294 
37.891769 1065060.000000 38 52 78 0.543749 0.725559 0.457692 0.932355 0.895673 0.858435 0.761234 0.643906 0.437617 0.215607 0.062429 -0.117952 -0.203451 -0.312436 -0.482032 -0.619459 -0.731934 -0.775328 -0.951313 0.942344 0.914672 0.876630 0.791465 0.627827 0.450510 0.204477 0.045943 -0.146009 -0.198345 -0.344141 -0.524187 -0.655012 -0.729136 -0.801192 -0.977028 
51.855286 9185615.000000 26 60 80 0.354705 0.777194 0.948540 0.973952 0.935793 0.897374 0.849837 0.775525 0.585122 0.358358 0.275132 0.005746 -0.174188 -0.248589 -0.505579 -0.711250 -0.767339 -0.823524 -0.848658 0.983362 0.947894 0.896991 0.853594 0.756203 0.546643 0.319151 0.103895 -0.094963 -0.171640 -0.279192 -0.481251 -0.626030 -0.777852 -0.812513 -0.940430 
56.684952 23899028.000000 82 84 84 0.842533 0.915580 0.769743 0.970994 0.925217 0.896179 0.828576 0.763414 0.585477 0.326838 0.257637 -0.026846 -0.170898 -0.273401 -0.534387 -0.691456 -0.766039 -0.827527 -0.851485 0.971198 0.929871 0.896296 0.833686 0.759461 0.574670 0.335714 0.256530 0.006915 -0.171955 -0.256662 -0.518127 -0.697472 -0.759501 -0.826430 -0.845441 
57.007812 19771728.000000 86 88 88 0.877322 0.987797 0.959662 0.969575 0.924647 0.893754 0.831217 0.772480 0.597861 0.333565 0.270453 -0.040216 -0.193668 -0.280881 -0.533782 -0.684535 -0.762609 -0.830348 -0.850716 0.969163 0.925773 0.893328 0.829901 0.773180 0.593225 0.330894 0.264806 -0.030082 -0.189656 -0.275366 -0.527861 -0.691666 -0.766737 -0.826993 -0.851706 
56.252117 13162326.000000 90 90 90 0.910094 0.960206 0.966552 0.967307 0.924784 0.897319 0.837828 0.770392 0.577938 0.345019 0.289397 -0.006655 -0.192578 -0.267873 -0.543203 -0.671280 -0.763950 -0.831623 -0.860180 0.968968 0.923742 0.893657 0.833210 0.776854 0.592042 0.343024 0.275818 -0.041591 -0.190707 -0.278745 -0.534881 -0.678574 -0.757472 -0.830259 -0.857841 
54.459652 7577921.000000 90 90 90 0.954500 0.960819 0.969405 0.968822 0.930073 0.897162 0.847780 0.769350 0.593708 0.369616 0.301565 0.057622 -0.206580 -0.266894 -0.555648 -0.687233 -0.780885 -0.849526 -0.890348 0.966076 0.927233 0.897184 0.841586 0.770794 0.590568 0.347195 0.278501 0.026035 -0.199762 -0.266759 -0.533643 -0.669653 -0.766045 -0.839906 -0.862747 
51.014809 2746780.000000 90 88 88 0.961570 0.904738 0.915438 0.981066 0.937877 0.906631 0.839574 0.781931 0.646862 0.341127 0.270938 0.085163 -0.174660 -0.285213 -0.473512 -0.732697 -0.784728 -0.870358 -0.887774 0.972034 0.934767 0.901452 0.851844 0.772406 0.604451 0.366063 0.281787 0.090517 -0.202977 -0.267037 -0.471357 -0.692777 -0.774566 -0.858800 -0.879520 
46.655968 914384.750000 86 82 82 0.841292 0.784987 0.636294 0.990057 0.964398 0.914697 0.872755 0.781728 0.595943 0.330495 0.219435 -0.008749 -0.232626 -0.317273 -0.452848 -0.659335 -0.838544 -0.880530 -0.973768 0.987790 0.954571 0.908151 0.867343 0.800863 0.648542 0.343878 0.251629 -0.021494 -0.225540 -0.329155 -0.443781 -0.698258 -0.790034 -0.871396 -0.901640 
41.348724 5202052.000000 80 90 90 0.662820 0.797324 0.474697 0.989948 0.928650 0.865774 0.808913 0.709964 0.445287 0.155042 -0.028547 -0.237749 -0.373689 -0.589040 -0.693375 -0.831440 -0.888337 -0.936865 -0.989836 0.993094 0.955544 0.871161 0.815368 0.748758 0.526526 0.237647 0.055232 -0.170821 -0.336003 -0.432782 -0.582138 -0.794941 -0.867955 -0.923641 -0.985514 
40.125980 2907463.750000 102 72 66 0.475619 0.274492 0.374819 0.971618 0.899313 0.861710 0.777275 0.702141 0.384783 0.211898 -0.121717 -0.349792 -0.467672 -0.630180 -0.705750 -0.832449 -0.894119 -0.967102 -0.987185 0.976620 0.928034 0.876175 0.796557 0.675811 0.341106 0.202523 -0.094613 -0.315261 -0.453238 -0.606099 -0.695143 -0.834064 -0.900834 -0.960347 -0.991051 
39.981033 1918380.375000 206 90 68 0.341858 0.453105 0.459226 0.974340 0.908363 0.847910 0.800156 0.649120 0.351011 -0.002272 -0.220358 -0.367871 -0.556421 -0.634492 -0.752151 -0.822232 -0.894016 -0.955044 -0.991107 0.962772 0.911151 0.856789 0.797023 0.691146 0.413069 0.017080 -0.215663 -0.292210 -0.508713 -0.581442 -0.690259 -0.822833 -0.897299 -0.951900 -0.987909 
44.654346 2682223.500000 80 90 90 0.498000 0.651625 0.487654 0.961567 0.896738 0.847250 0.779753 0.610000 0.298193 -0.079862 -0.183642 -0.399710 -0.531878 -0.627356 -0.727634 -0.815926 -0.910607 -0.980503 -0.993982 0.961863 0.897124 0.848724 0.807304 0.635445 0.311499 -0.042695 -0.245097 -0.363750 -0.543379 -0.660091 -0.761521 -0.825042 -0.895027 -0.968921 -0.992312 
39.276859 1160760.000000 52 78 90 0.555182 0.384606 0.472181 0.952615 0.894711 0.817452 0.781173 0.633742 0.266727 0.124135 -0.173420 -0.317996 -0.406942 -0.563797 -0.721328 -0.840637 -0.898420 -0.942532 -0.996181 0.960505 0.896749 0.842770 0.788914 0.628743 0.309916 0.021979 -0.192113 -0.338220 -0.491949 -0.616169 -0.715322 -0.834320 -0.892706 -0.961331 -0.998269 
50.600952 7615686.000000 100 60 76 0.482365 0.741826 0.902994 0.980585 0.967905 0.930490 0.808417 0.709329 0.601383 0.356295 0.264754 -0.022371 -0.247133 -0.322495 -0.548101 -0.774548 -0.831198 -0.909555 -0.988536 0.987065 0.971620 0.922783 0.805549 0.708193 0.514863 0.283854 0.125600 -0.236701 -0.338767 -0.497955 -0.690271 -0.829147 -0.895252 -0.937676 -0.992028 
55.268784 6308422.000000 76 78 80 0.900221 0.965287 0.640869 0.981841 0.970557 0.934079 0.855016 0.736243 0.566953 0.353129 0.242347 -0.043915 -0.232484 -0.347095 -0.540661 -0.691020 -0.793210 -0.899016 -0.988612 0.981244 0.969300 0.934644 0.814548 0.712290 0.587221 0.357274 0.258496 -0.038825 -0.248465 -0.331232 -0.535252 -0.729852 -0.818262 -0.879100 -0.990715 
46.506645 225695.187500 80 80 88 0.647109 0.712562 0.787463 0.991151 0.982043 0.944481 0.827422 0.744691 0.625987 0.393230 0.243401 -0.076166 -0.255212 -0.358597 -0.623115 -0.766337 -0.838912 -0.949866 -0.988735 0.984821 0.975322 0.938461 0.866012 0.764793 0.576421 0.370444 0.247725 -0.046986 -0.225449 -0.373649 -0.575672 -0.712519 -0.820713 -0.923375 -0.995000 
37.674042 68076.281250 88 92 92 0.827820 0.549198 0.564449 0.991340 0.979856 0.925109 0.807970 0.735947 0.655839 0.372297 0.303302 0.134555 -0.192169 -0.358854 -0.586517 -0.773457 -0.861331 -0.951130 -0.990965 0.989942 0.980317 0.925719 0.834272 0.751933 0.646072 0.362340 0.285588 0.026188 -0.239710 -0.333057 -0.555932 -0.773762 -0.840857 -0.953824 -0.988573 
34.706886 1185960.000000 90 90 70 0.669598 0.636453 0.388807 0.982107 0.964410 0.901337 0.776429 0.710828 0.294003 0.074232 -0.036923 -0.197542 -0.346894 -0.517787 -0.627579 -0.738478 -0.846512 -0.919296 -0.987560 0.991195 0.973589 0.929274 0.849849 0.733885 0.655061 0.358286 0.282789 0.123855 -0.242413 -0.366092 -0.628970 -0.729026 -0.864947 -0.973719 -0.991927 
42.396206 352513.843750 70 226 228 0.457076 0.511930 0.501678 0.987510 0.978952 0.957216 0.893071 0.772136 0.600193 0.181924 -0.026164 -0.200749 -0.368378 -0.569400 -0.665651 -0.730008 -0.834142 -0.921815 -0.986351 0.978177 0.965977 0.921544 0.782889 0.713835 0.252312 0.057206 -0.040229 -0.203370 -0.341440 -0.524342 -0.625461 -0.732268 -0.845777 -0.917270 -0.986616 
48.462532 124427.320312 150 78 76 0.607789 0.963517 0.961858 0.987055 0.979686 0.959400 0.915152 0.874170 0.685623 0.377260 0.124369 -0.063199 -0.301725 -0.503545 -0.642761 -0.708571 -0.784370 -0.908546 -0.988318 0.987225 0.979120 0.959159 0.919768 0.831858 0.618229 0.286684 0.058117 -0.147476 -0.364748 -0.528951 -0.660669 -0.724848 -0.824539 -0.917454 -0.989045 
51.885468 838234.500000 76 74 72 0.961411 0.873627 0.944490 0.984953 0.975027 0.949837 0.889836 0.821557 0.722324 0.407225 0.137043 -0.082982 -0.298424 -0.413254 -0.481626 -0.689993 -0.813275 -0.910807 -0.989157 0.987984 0.980693 0.954435 0.905929 0.867555 0.660228 0.424966 0.196406 -0.117408 -0.358291 -0.448447 -0.547191 -0.710914 -0.811255 -0.931945 -0.992259 
55.881371 1628434.875000 72 72 70 0.952363 0.947713 0.959303 0.983823 0.972632 0.951134 0.890596 0.716516 0.653178 0.434134 0.132802 0.059645 -0.144308 -0.289370 -0.356524 -0.483115 -0.706442 -0.861538 -0.970735 0.983799 0.972899 0.952134 0.896545 0.790507 0.742794 0.422571 0.082621 0.010274 -0.187302 -0.313730 -0.384284 -0.562539 -0.770943 -0.889798 -0.975569 
55.185318 1932615.875000 70 68 68 0.967770 0.963621 0.929395 0.984327 0.973155 0.952310 0.877051 0.599092 0.553979 0.435293 0.208429 0.086642 -0.015943 -0.315659 -0.366698 -0.449737 -0.631146 -0.854015 -0.966012 0.983779 0.972093 0.951540 0.879799 0.648805 0.598883 0.441417 0.178591 0.082899 -0.073918 -0.294743 -0.344866 -0.434140 -0.655306 -0.872514 -0.970083 
54.860924 2537176.000000 68 66 64 0.933283 0.940444 0.960007 0.985104 0.978269 0.956569 0.873069 0.507005 0.448429 0.355726 0.208446 0.043606 -0.077219 -0.305921 -0.376091 -0.518267 -0.596951 -0.801648 -0.964291 0.985462 0.977419 0.953736 0.873680 0.547353 0.486866 0.417646 0.218769 0.062255 -0.033312 -0.296304 -0.386327 -0.480253 -0.595086 -0.835733 -0.967993 
54.483677 2215842.000000 64 62 60 0.957225 0.960728 0.932192 0.984976 0.977072 0.964811 0.861634 0.484790 0.406716 0.303051 0.155987 0.009359 -0.104788 -0.336745 -0.388068 -0.520716 -0.594666 -0.761444 -0.964811 0.984701 0.977890 0.961985 0.875984 0.475416 0.418829 0.316924 0.170183 0.020060 -0.104597 -0.339072 -0.384722 -0.526672 -0.597848 -0.768956 -0.960369 
52.806553 1953041.375000 60 58 56 0.973162 0.944746 0.961476 0.988159 0.975544 0.967132 0.878401 0.449085 0.387451 0.248263 0.145480 -0.015582 -0.168934 -0.341698 -0.392219 -0.517832 -0.589207 -0.808453 -0.959451 0.986813 0.976008 0.966588 0.877760 0.450516 0.387696 0.264441 0.140903 -0.023048 -0.140557 -0.339090 -0.378726 -0.526938 -0.594253 -0.773016 -0.961407 
51.688496 1769049.625000 56 54 54 0.961214 0.981765 0.941779 0.989277 0.974403 0.964110 0.895455 0.406767 0.366274 0.225570 0.160076 0.015002 -0.147798 -0.342297 -0.392742 -0.524283 -0.604307 -0.821171 -0.963800 0.987444 0.974161 0.964475 0.884740 0.427519 0.366365 0.231067 0.144998 -0.010801 -0.157951 -0.347462 -0.387147 -0.534119 -0.594655 -0.818661 -0.971044 
51.005783 1631735.250000 54 52 50 0.977184 0.978128 0.978656 0.990056 0.975352 0.957940 0.900910 0.494521 0.422859 0.306800 0.201194 0.041898 -0.143023 -0.343151 -0.393356 -0.540824 -0.631355 -0.840253 -0.968527 0.989370 0.974737 0.960752 0.901612 0.407437 0.376016 0.254817 0.159632 0.069119 -0.162726 -0.331150 -0.383331 -0.543187 -0.607687 -0.861745 -0.962758 
50.599274 687818.750000 50 50 50 0.973720 0.979828 0.973555 0.990173 0.976988 0.952264 0.893786 0.709587 0.577079 0.330709 0.231629 0.063596 -0.210637 -0.330589 -0.414679 -0.541320 -0.678236 -0.883868 -0.964942 0.990124 0.976414 0.956310 0.901983 0.592244 0.525921 0.307275 0.204324 0.050599 -0.182150 -0.315670 -0.425856 -0.534529 -0.656398 -0.858603 -0.968532 
47.697830 99086.101562 50 50 52 0.937962 0.960100 0.900641 0.991698 0.981444 0.954125 0.918602 0.761948 0.480617 0.341707 0.253843 0.100203 -0.092172 -0.331732 -0.399342 -0.539859 -0.788671 -0.910788 -0.971170 0.990951 0.979652 0.953088 0.916560 0.777375 0.576619 0.350410 0.229796 0.065500 -0.167655 -0.339292 -0.414155 -0.531607 -0.715996 -0.894938 -0.962880 
42.069469 37219.296875 52 52 54 0.904409 0.877080 0.929825 0.993091 0.987438 0.959293 0.913371 0.688068 0.448332 0.352760 0.173551 0.095160 -0.118915 -0.368247 -0.412215 -0.658184 -0.829267 -0.909316 -0.970591 0.992946 0.987412 0.957334 0.911464 0.696906 0.471958 0.340125 0.220757 0.101473 -0.114039 -0.349957 -0.392025 -0.609571 -0.798153 -0.924624 -0.972969 
44.313377 73978.328125 54 54 50 0.939433 0.932544 0.947331 0.991640 0.981477 0.956334 0.923210 0.841810 0.605471 0.378288 0.228850 0.027111 -0.251129 -0.370132 -0.491979 -0.628286 -0.816176 -0.906264 -0.971515 0.992812 0.984588 0.960061 0.932491 0.759795 0.486210 0.373441 0.165775 0.070752 -0.188093 -0.368290 -0.467429 -0.672812 -0.820605 -0.898438 -0.968576 
54.119717 1482536.000000 52 50 50 0.968828 0.969895 0.948047 0.985924 0.970953 0.953313 0.891911 0.783991 0.756647 0.274439 0.185462 -0.031149 -0.316918 -0.404685 -0.497036 -0.621798 -0.657988 -0.755066 -0.974067 0.989351 0.976500 0.953564 0.918516 0.831643 0.765414 0.344894 0.179996 -0.032446 -0.353837 -0.414749 -0.498847 -0.588679 -0.663315 -0.865022 -0.972342 
58.561634 9068798.000000 50 50 50 0.964116 0.966635 0.983456 0.983374 0.968247 0.952754 0.857267 0.695730 0.628720 0.307190 0.196763 0.048575 -0.266203 -0.374558 -0.476813 -0.613134 -0.731421 -0.787917 -0.985697 0.984039 0.969131 0.953018 0.878154 0.721511 0.691948 0.278977 0.183945 -0.041505 -0.291755 -0.385419 -0.498293 -0.631883 -0.685412 -0.805239 -0.980330 
58.434799 5541799.000000 50 50 54 0.986271 0.992943 0.563518 0.983545 0.969060 0.955131 0.837226 0.663505 0.602109 0.360013 0.217848 0.053909 -0.208035 -0.372650 -0.465557 -0.596110 -0.726357 -0.805260 -0.992621 0.982632 0.968157 0.953212 0.853031 0.658786 0.592998 0.339493 0.201723 0.074462 -0.219489 -0.365253 -0.472194 -0.586308 -0.725239 -0.778652 -0.991936 
42.643108 108214.953125 52 50 48 0.687428 0.846093 0.593077 0.982387 0.966116 0.937561 0.791467 0.694027 0.640862 0.394778 0.212261 0.017932 -0.218734 -0.381646 -0.486872 -0.653694 -0.762265 -0.869184 -0.985302 0.987708 0.972548 0.959091 0.850573 0.676878 0.606715 0.352642 0.216588 0.054975 -0.223127 -0.380757 -0.443588 -0.659814 -0.748650 -0.825744 -0.994010 
33.888947 49163.371094 50 50 50 0.598290 0.854138 0.899697 0.982461 0.969378 0.951245 0.763942 0.676957 0.620273 0.456278 0.211464 0.161891 -0.212218 -0.362408 -0.457381 -0.642880 -0.774053 -0.902866 -0.972914 0.986754 0.970263 0.917783 0.764779 0.699103 0.617043 0.386488 0.197507 0.139521 -0.258122 -0.351777 -0.492763 -0.655657 -0.751436 -0.896695 -0.977700 
36.194096 101100.132812 50 50 50 0.921684 0.935489 0.878004 0.977947 0.967472 0.952408 0.818521 0.696394 0.638209 0.385033 0.122235 -0.133684 -0.388035 -0.557729 -0.654925 -0.784160 -0.853353 -0.916319 -0.982482 0.976990 0.966429 0.948131 0.808193 0.678531 0.639613 0.497464 0.258058 0.102153 -0.231234 -0.369912 -0.499057 -0.639891 -0.787705 -0.910907 -0.962257 
34.761551 401249.125000 26 24 26 0.832620 0.802525 0.588393 0.972727 0.964730 0.925279 0.723914 0.613433 0.476050 0.325160 -0.063473 -0.153284 -0.360768 -0.546720 -0.653880 -0.730752 -0.860151 -0.926804 -0.986752 0.971604 0.966194 0.937011 0.733123 0.691388 0.566460 0.325695 0.054347 -0.198296 -0.464371 -0.574278 -0.683247 -0.792973 -0.863678 -0.924431 -0.986572 
49.616631 8194028.500000 50 54 50 0.800914 0.381651 0.705292 0.983820 0.963462 0.933554 0.826415 0.695463 0.601386 0.314753 0.144354 0.014458 -0.255922 -0.403878 -0.496021 -0.626523 -0.768885 -0.933179 -0.972424 0.968620 0.944809 0.892662 0.703403 0.597380 0.466981 0.397557 -0.012054 -0.168508 -0.347154 -0.484292 -0.631949 -0.697057 -0.863723 -0.943779 -0.973860 
61.074390 34914632.000000 50 50 52 0.675931 0.981622 0.981172 0.977742 0.958479 0.928354 0.869323 0.708504 0.612745 0.307723 0.169485 -0.028465 -0.271699 -0.394019 -0.450554 -0.593679 -0.711930 -0.789161 -0.941533 0.977114 0.960689 0.931109 0.852010 0.699809 0.617834 0.311557 0.165988 0.017717 -0.241595 -0.403863 -0.449156 -0.599027 -0.696703 -0.810514 -0.954139 
58.249973 16070286.000000 52 52 54 0.966642 0.985729 0.959237 0.985985 0.957551 0.925345 0.879076 0.689146 0.619139 0.288741 0.158543 0.003192 -0.259520 -0.330777 -0.426363 -0.579841 -0.730806 -0.825798 -0.879857 0.981607 0.959303 0.928453 0.886615 0.717829 0.601654 0.295837 0.137591 0.000900 -0.290115 -0.360356 -0.443495 -0.616203 -0.710556 -0.786686 -0.931186 
52.907024 7082311.500000 54 56 58 0.949460 0.963361 0.712760 0.989952 0.958734 0.916584 0.863138 0.664070 0.585169 0.341988 0.201832 0.028090 -0.215957 -0.348359 -0.522912 -0.696536 -0.812053 -0.845883 -0.876578 0.989269 0.960362 0.918926 0.861420 0.678635 0.614235 0.338665 0.181120 0.039253 -0.220038 -0.368252 -0.485810 -0.652894 -0.748193 -0.835379 -0.863191 
46.286987 6749857.000000 58 62 66 0.820684 0.592456 0.490659 0.976944 0.917630 0.884324 0.788258 0.667951 0.576406 0.352986 0.188947 -0.092000 -0.250883 -0.331398 -0.487798 -0.692032 -0.780633 -0.863688 -0.918522 0.987709 0.952091 0.899784 0.774533 0.662137 0.532606 0.329650 0.205994 -0.031810 -0.256835 -0.330372 -0.479575 -0.677458 -0.800224 -0.842288 -0.878275 
44.032597 4317925.500000 66 72 48 0.571124 0.377126 0.623881 0.961797 0.913835 0.872852 0.806623 0.670943 0.481243 0.333454 0.147528 -0.112863 -0.317901 -0.401567 -0.506934 -0.663869 -0.776071 -0.887602 -0.914177 0.977252 0.906083 0.879160 0.806601 0.669371 0.505982 0.347229 0.163699 -0.112290 -0.294051 -0.341459 -0.500862 -0.688141 -0.774547 -0.868975 -0.899883 
41.740040 2604569.750000 54 52 42 0.524767 0.576256 0.497107 0.961806 0.910950 0.869573 0.797049 0.649954 0.486550 0.352425 0.124079 -0.217284 -0.316995 -0.383320 -0.504379 -0.639858 -0.817457 -0.862777 -0.895797 0.954609 0.918086 0.867775 0.802099 0.689800 0.548601 0.316039 0.146233 -0.197196 -0.303702 -0.413531 -0.475622 -0.694000 -0.825948 -0.878592 -0.908439 
42.759064 1282808.000000 50 60 58 0.432882 0.441830 0.604706 0.985019 0.920246 0.891683 0.830539 0.736941 0.542782 0.320625 0.157910 -0.142087 -0.291023 -0.400736 -0.473628 -0.717792 -0.812269 -0.833663 -0.876330 0.958232 0.911577 0.896426 0.836678 0.710150 0.510186 0.345167 0.098006 -0.161560 -0.313677 -0.390327 -0.470805 -0.694359 -0.833146 -0.856729 -0.906774 
53.816261 2277886.000000 54 56 54 0.470120 0.890430 0.936091 0.985257 0.962832 0.923238 0.899747 0.859470 0.698681 0.393544 0.172908 -0.105997 -0.305185 -0.358875 -0.474026 -0.587553 -0.787356 -0.820023 -0.915949 0.988170 0.963421 0.919134 0.892718 0.782147 0.587219 0.298107 0.149954 -0.136740 -0.266366 -0.353134 -0.477267 -0.675698 -0.793104 -0.832296 -0.860346 
59.148117 7246580.000000 54 56 62 0.925953 0.970127 0.915614 0.980455 0.958591 0.921968 0.891465 0.848591 0.651957 0.340028 0.199893 -0.043458 -0.276124 -0.329725 -0.450695 -0.529892 -0.696924 -0.803797 -0.954220 0.983705 0.961326 0.923860 0.889614 0.853065 0.680118 0.339809 0.212827 -0.017021 -0.292486 -0.346206 -0.466175 -0.532266 -0.703430 -0.825278 -0.948627 
62.297329 5574882.000000 62 66 70 0.835245 0.943892 0.972208 0.976676 0.964874 0.936738 0.893988 0.868207 0.669449 0.314220 0.189228 -0.091406 -0.255099 -0.315710 -0.441894 -0.522773 -0.639039 -0.841205 -0.967011 0.975789 0.960792 0.929060 0.889882 0.850568 0.634279 0.320006 0.193579 -0.084306 -0.251141 -0.320729 -0.438890 -0.514742 -0.642892 -0.793329 -0.964881 
62.733742 2836291.500000 70 70 70 0.917659 0.988031 0.979398 0.978635 0.967397 0.944545 0.901420 0.882999 0.714864 0.308874 0.179317 -0.086913 -0.244259 -0.311703 -0.420918 -0.497214 -0.664489 -0.892404 -0.972618 0.977164 0.966438 0.939786 0.898752 0.877073 0.689165 0.318703 0.191509 -0.086804 -0.243235 -0.309163 -0.430523 -0.503431 -0.631705 -0.885563 -0.969804 
62.243423 2317766.500000 70 70 72 0.982165 0.948023 0.977368 0.979823 0.968488 0.943220 0.903285 0.887591 0.738559 0.319927 0.149278 -0.123057 -0.251948 -0.317981 -0.413488 -0.499291 -0.699694 -0.898135 -0.972883 0.979051 0.967874 0.945646 0.903868 0.886788 0.726064 0.301299 0.159191 -0.123771 -0.254707 -0.313850 -0.416396 -0.503483 -0.670673 -0.892306 -0.972199 
60.306740 1170919.875000 72 72 72 0.968374 0.982299 0.966994 0.983176 0.971987 0.947318 0.911243 0.887668 0.737587 0.363873 0.139522 -0.141719 -0.248041 -0.325949 -0.413177 -0.521914 -0.746480 -0.902977 -0.973662 0.981982 0.970137 0.944542 0.905556 0.892520 0.774886 0.321153 0.117545 -0.149381 -0.252984 -0.324090 -0.420605 -0.515107 -0.715636 -0.907498 -0.973050 
53.164513 99515.789062 72 74 72 0.970860 0.697066 0.683811 0.986346 0.976196 0.947165 0.913978 0.877867 0.702524 0.374799 0.180411 -0.119796 -0.242365 -0.343277 -0.441740 -0.574138 -0.800630 -0.906349 -0.979874 0.985544 0.975615 0.954067 0.927483 0.881029 0.760888 0.290739 0.133823 -0.148576 -0.242336 -0.322924 -0.413610 -0.506858 -0.740543 -0.903934 -0.973206 
41.410313 23809.960938 72 72 70 0.666065 0.678380 0.563626 0.984712 0.969994 0.950574 0.902462 0.860867 0.736844 0.355097 0.177672 -0.109505 -0.253188 -0.324404 -0.468982 -0.681810 -0.836273 -0.914697 -0.969791 0.985153 0.967236 0.950723 0.907578 0.867161 0.735970 0.332501 0.177381 -0.135594 -0.254316 -0.348967 -0.432055 -0.627560 -0.836923 -0.919322 -0.977945 
35.764145 16924.861328 70 72 74 0.568453 0.595117 0.532147 0.980694 0.966664 0.930236 0.888369 0.829580 0.660993 0.373945 0.207687 0.021247 -0.198531 -0.370518 -0.543871 -0.665558 -0.801265 -0.900459 -0.967183 0.983740 0.966534 0.943865 0.893778 0.859361 0.700317 0.382097 0.190975 -0.020817 -0.239823 -0.324444 -0.482693 -0.714383 -0.833756 -0.916344 -0.964898 
36.721725 13308.001953 74 70 72 0.566626 0.828037 0.590923 0.973055 0.965514 0.930141 0.903538 0.866526 0.614308 0.445919 0.209864 -0.049534 -0.272496 -0.352690 -0.549466 -0.720887 -0.824124 -0.917985 -0.967851 0.971592 0.962706 0.932964 0.894284 0.865670 0.670652 0.384492 0.224377 -0.039406 -0.243875 -0.394241 -0.555916 -0.709630 -0.848928 -0.915871 -0.965630 
27.843351 8413.155273 72 72 68 0.594082 0.324525 0.561480 0.979153 0.952341 0.905223 0.889297 0.827933 0.599163 0.321614 0.136719 -0.072109 -0.236901 -0.368695 -0.553066 -0.709805 -0.806060 -0.938577 -0.981075 0.978863 0.963002 0.917313 0.890810 0.835235 0.613524 0.371733 0.164381 -0.040749 -0.269126 -0.397563 -0.561829 -0.683307 -0.840878 -0.918070 -0.976990 
28.521221 222820.437500 68 68 54 0.608987 0.429991 0.616293 0.981402 0.958833 0.897259 0.806737 0.632459 0.489517 0.164601 -0.008388 -0.237099 -0.498411 -0.650924 -0.745379 -0.813871 -0.893445 -0.969157 -0.992862 0.968586 0.959665 0.900506 0.872508 0.683595 0.474151 0.240063 0.013984 -0.199442 -0.417164 -0.629569 -0.727615 -0.806287 -0.884609 -0.965516 -0.992063 
22.390236 18862.998047 142 142 144 0.501995 0.692150 0.749124 0.976706 0.962918 0.913175 0.874232 0.693162 0.471323 0.319248 0.004512 -0.165254 -0.353820 -0.522630 -0.730269 -0.793631 -0.891658 -0.963363 -0.987055 0.981697 0.961766 0.906882 0.873316 0.717205 0.480667 0.279975 0.009307 -0.174791 -0.371404 -0.570573 -0.712322 -0.783167 -0.876420 -0.962917 -0.990943 
22.987158 10549.569336 72 140 140 0.548346 0.639579 0.593008 0.980054 0.966537 0.934076 0.864671 0.687020 0.474985 0.360305 0.149580 -0.088809 -0.293604 -0.422927 -0.635790 -0.739598 -0.855923 -0.950217 -0.982286 0.976677 0.963572 0.925142 0.862206 0.689064 0.509828 0.359243 0.097275 -0.085582 -0.304873 -0.442021 -0.646950 -0.775420 -0.866059 -0.957346 -0.985729 
30.917425 1354533.250000 72 110 72 0.824778 0.449965 0.208109 0.956885 0.921791 0.852645 0.640761 0.549892 0.425335 0.267766 0.034931 -0.153597 -0.341930 -0.495129 -0.580716 -0.709366 -0.830707 -0.935552 -0.989847 0.968335 0.944689 0.821205 0.610615 0.531770 0.419965 0.248836 0.027838 -0.129909 -0.373661 -0.485782 -0.606361 -0.709817 -0.829414 -0.923184 -0.986140 
56.189262 5944723.500000 72 66 78 0.512611 0.888649 0.764943 0.981003 0.969965 0.956428 0.850412 0.605671 0.566428 0.422314 0.213179 0.109960 -0.090246 -0.357712 -0.418535 -0.615484 -0.726067 -0.838093 -0.977664 0.984948 0.974884 0.950996 0.793654 0.590520 0.544570 0.355951 0.197785 0.028596 -0.240349 -0.410536 -0.546236 -0.647996 -0.801220 -0.911035 -0.982869 
59.518631 38392344.000000 78 82 82 0.855363 0.898078 0.910438 0.975513 0.955550 0.935612 0.790006 0.597683 0.544634 0.354962 0.186034 0.084782 -0.180811 -0.360541 -0.428796 -0.567306 -0.706907 -0.786528 -0.838206 0.978647 0.965487 0.943120 0.803957 0.602280 0.553131 0.390698 0.202766 0.091076 -0.153156 -0.349631 -0.426242 -0.553809 -0.707987 -0.774274 -0.901536 
60.018311 49886476.000000 84 84 86 0.891032 0.939703 0.964248 0.971232 0.947120 0.925268 0.788350 0.605331 0.550731 0.348436 0.203673 0.075097 -0.184287 -0.356690 -0.432444 -0.604218 -0.720992 -0.797723 -0.835731 0.971675 0.951672 0.933970 0.788520 0.603613 0.547471 0.347077 0.193285 0.081250 -0.187292 -0.363668 -0.428064 -0.590825 -0.716563 -0.791035 -0.831800 
59.176048 59886196.000000 86 86 86 0.971065 0.975297 0.959994 0.972492 0.933481 0.913859 0.818660 0.621599 0.564334 0.346494 0.199975 0.064158 -0.210459 -0.349562 -0.451453 -0.617573 -0.758428 -0.809658 -0.877802 0.971580 0.940892 0.919202 0.799532 0.613573 0.560063 0.354417 0.200819 0.065747 -0.199965 -0.349555 -0.443170 -0.596736 -0.742076 -0.803413 -0.862357 
59.550102 52431452.000000 86 86 86 0.949566 0.965342 0.959382 0.973320 0.925872 0.907657 0.823857 0.641408 0.566074 0.371986 0.213682 0.081567 -0.181807 -0.334946 -0.446516 -0.595727 -0.749907 -0.802404 -0.890061 0.973378 0.930488 0.910531 0.830326 0.635558 0.564494 0.378376 0.212203 0.082465 -0.185863 -0.340434 -0.441561 -0.609287 -0.753202 -0.808515 -0.876701 
59.592495 49063744.000000 86 86 84 0.956299 0.910518 0.940914 0.972664 0.923398 0.904871 0.817409 0.641542 0.577117 0.379467 0.213564 0.099025 -0.140568 -0.335773 -0.415615 -0.595806 -0.739800 -0.809108 -0.858040 0.973413 0.923360 0.905633 0.821116 0.640907 0.571416 0.373947 0.224253 0.073540 -0.168986 -0.336742 -0.429658 -0.602629 -0.739927 -0.804930 -0.866779 
59.018631 40694012.000000 84 84 82 0.951614 0.963209 0.968940 0.974687 0.930261 0.903880 0.824041 0.642762 0.580745 0.387530 0.226349 0.085781 -0.115467 -0.321079 -0.402326 -0.579972 -0.734319 -0.816316 -0.870262 0.973301 0.924110 0.903870 0.815519 0.640469 0.581541 0.381074 0.219492 0.093797 -0.148507 -0.337561 -0.409071 -0.587053 -0.752808 -0.808439 -0.885403 
57.793236 34014664.000000 82 80 80 0.976448 0.954701 0.935779 0.972548 0.937361 0.908387 0.831885 0.631902 0.570604 0.384154 0.218565 0.082549 -0.130735 -0.334199 -0.429124 -0.602720 -0.759535 -0.812980 -0.874788 0.973483 0.933849 0.905663 0.814653 0.637805 0.577705 0.393416 0.225212 0.087599 -0.114722 -0.324535 -0.415450 -0.587449 -0.744081 -0.810144 -0.869442 
57.449066 24470866.000000 80 78 76 0.922460 0.947012 0.961513 0.974244 0.943363 0.920672 0.831772 0.640428 0.592447 0.415372 0.209070 0.081571 -0.107645 -0.341125 -0.427276 -0.592043 -0.755474 -0.825770 -0.861302 0.973669 0.941993 0.916894 0.810506 0.641879 0.580576 0.406832 0.218206 0.077822 -0.152656 -0.339047 -0.436328 -0.601463 -0.755810 -0.812617 -0.864399 
56.008030 15524620.000000 76 74 72 0.968436 0.904047 0.961274 0.980275 0.949933 0.918312 0.856544 0.623007 0.555519 0.393862 0.155882 0.056517 -0.133183 -0.364984 -0.458068 -0.593994 -0.749631 -0.840054 -0.868197 0.976111 0.945185 0.920728 0.851536 0.647818 0.582044 0.425503 0.202060 0.075278 -0.081846 -0.347855 -0.438069 -0.594659 -0.747401 -0.842146 -0.871183 
50.716358 7474062.500000 72 70 70 0.938591 0.927281 0.432553 0.985604 0.961059 0.919483 0.785439 0.614861 0.571308 0.309357 0.102680 0.015381 -0.265383 -0.440983 -0.534644 -0.624174 -0.785880 -0.902909 -0.962171 0.984174 0.956517 0.928136 0.859768 0.621270 0.553101 0.350527 0.128663 0.035718 -0.173438 -0.378643 -0.483697 -0.607089 -0.714790 -0.821335 -0.864542 
39.052521 6300425.500000 72 62 76 0.480411 0.457518 0.594155 0.977623 0.943377 0.868527 0.676264 0.602140 0.469143 0.215801 0.016607 -0.228565 -0.417539 -0.534361 -0.649872 -0.720843 -0.820091 -0.905613 -0.987981 0.980670 0.946210 0.891274 0.710326 0.621969 0.562380 0.321826 0.082449 -0.120994 -0.290179 -0.490461 -0.606199 -0.688626 -0.777148 -0.902532 -0.968314 
47.641376 18454024.000000 74 42 80 0.630745 0.460652 0.435666 0.962250 0.927990 0.821573 0.646053 0.586466 0.257191 0.071007 -0.140471 -0.378069 -0.471353 -0.584123 -0.692364 -0.773708 -0.822820 -0.928565 -0.969130 0.978906 0.933814 0.887007 0.658941 0.572300 0.378883 0.139175 -0.063922 -0.304760 -0.441616 -0.561894 -0.671141 -0.746523 -0.810693 -0.916334 -0.971403 
52.998920 16025132.000000 82 100 144 0.540720 0.436559 0.338368 0.944653 0.914401 0.839023 0.624430 0.545463 0.296986 0.026657 -0.199634 -0.384437 -0.495866 -0.575376 -0.712388 -0.767456 -0.827139 -0.921980 -0.984901 0.958698 0.924455 0.778627 0.644665 0.537213 0.194469 -0.003757 -0.232983 -0.373347 -0.494006 -0.588810 -0.725848 -0.775326 -0.812248 -0.912831 -0.982441 
43.234924 3571126.750000 142 82 96 0.421121 0.352163 0.549130 0.957699 0.926414 0.859809 0.609936 0.540887 0.289417 0.066124 -0.087935 -0.301979 -0.396464 -0.494211 -0.580050 -0.745357 -0.821660 -0.912435 -0.981743 0.948035 0.912430 0.803578 0.628498 0.571702 0.259588 0.011748 -0.191388 -0.307451 -0.452290 -0.538020 -0.629929 -0.771949 -0.827236 -0.914041 -0.985692 
31.577629 349007.500000 82 38 76 0.562541 0.543648 0.332714 0.967492 0.930291 0.872860 0.682511 0.597129 0.518700 0.221786 0.004147 -0.276838 -0.421460 -0.526806 -0.715449 -0.760513 -0.781642 -0.915913 -0.977441 0.952970 0.930387 0.866829 0.662974 0.594973 0.439906 0.131469 -0.029606 -0.277481 -0.406672 -0.492260 -0.642868 -0.764122 -0.825190 -0.913340 -0.971973 
27.900826 134621.546875 26 76 110 0.455835 0.404172 0.390152 0.964169 0.937218 0.844098 0.662261 0.629702 0.554844 0.209868 0.020718 -0.283020 -0.454739 -0.543230 -0.667866 -0.755158 -0.809875 -0.913202 -0.971407 0.973439 0.928855 0.869523 0.679398 0.606074 0.523425 0.151909 0.008569 -0.269654 -0.435780 -0.563847 -0.710654 -0.761307 -0.782168 -0.927108 -0.973848 
25.859499 109125.820312 210 122 80 0.483925 0.473113 0.641220 0.976804 0.954997 0.891178 0.686437 0.629953 0.560073 0.264429 -0.025282 -0.243300 -0.401490 -0.489329 -0.667370 -0.752954 -0.786989 -0.861822 -0.944195 0.974610 0.946770 0.868801 0.656824 0.627516 0.536599 0.254159 -0.015710 -0.267413 -0.425106 -0.523600 -0.686636 -0.762031 -0.787826 -0.881920 -0.968651 
22.334835 61012.972656 82 100 90 0.581182 0.407379 0.389626 0.977758 0.947121 0.898264 0.697179 0.598288 0.485078 0.265162 0.011795 -0.136555 -0.230673 -0.440586 -0.632539 -0.740343 -0.773347 -0.848069 -0.947655 0.977033 0.952034 0.899443 0.696231 0.627806 0.504207 0.262421 0.064914 -0.191781 -0.370125 -0.496886 -0.650523 -0.747209 -0.782949 -0.860726 -0.924280 
22.688026 80538.828125 48 210 44 0.398743 0.529247 0.705606 0.976173 0.947495 0.895516 0.732325 0.531895 0.421455 0.201428 0.060433 -0.140491 -0.204166 -0.489754 -0.656326 -0.726798 -0.767063 -0.817950 -0.978181 0.979107 0.957183 0.894818 0.701514 0.552575 0.417506 0.202542 0.038303 -0.120261 -0.246355 -0.465901 -0.657200 -0.746228 -0.768885 -0.834108 -0.969536 
22.226133 66512.453125 48 44 86 0.689042 0.662295 0.482930 0.982688 0.931989 0.882359 0.690450 0.526811 0.478095 0.224651 0.061931 -0.040133 -0.187841 -0.346241 -0.606017 -0.731380 -0.755290 -0.856754 -0.970392 0.985083 0.960346 0.882193 0.725508 0.544210 0.443714 0.295173 0.052077 -0.074379 -0.211667 -0.352265 -0.618012 -0.722525 -0.764566 -0.871582 -0.956605 
20.622700 47016.253906 86 96 210 0.474032 0.574835 0.454079 0.976733 0.950915 0.873149 0.710480 0.472834 0.384354 0.318104 0.072651 -0.020919 -0.189420 -0.376635 -0.589396 -0.724874 -0.775367 -0.882708 -0.960535 0.974930 0.942869 0.896819 0.692716 0.528401 0.440982 0.236335 0.083485 -0.052093 -0.208399 -0.359992 -0.616441 -0.728195 -0.751451 -0.853425 -0.970901 
18.298557 17699.089844 44 54 54 0.387889 0.546108 0.425527 0.977269 0.959824 0.903523 0.690649 0.530875 0.466392 0.346313 0.077421 -0.060449 -0.209221 -0.439597 -0.554730 -0.706968 -0.777807 -0.894881 -0.965254 0.973629 0.949309 0.867267 0.658706 0.517518 0.441921 0.321640 0.084086 -0.023638 -0.151876 -0.349878 -0.571816 -0.734216 -0.786404 -0.904519 -0.964137 
19.191774 16837.968750 90 50 102 0.507571 0.495269 0.447878 0.976808 0.953662 0.906861 0.740816 0.536392 0.430794 0.366531 0.223048 -0.061448 -0.192540 -0.367769 -0.549548 -0.726131 -0.768999 -0.906666 -0.970838 0.985546 0.954586 0.924109 0.734251 0.589764 0.486063 0.340618 0.102465 -0.054135 -0.207648 -0.371174 -0.498526 -0.733154 -0.761238 -0.886632 -0.972336 
19.824184 23006.804688 102 44 46 0.467747 0.314127 0.632032 0.979611 0.948264 0.879546 0.649201 0.533065 0.468943 0.370410 0.233001 -0.031728 -0.176086 -0.337533 -0.508768 -0.707611 -0.801029 -0.898345 -0.965590 0.972100 0.947212 0.905619 0.675566 0.532657 0.498349 0.378380 0.137871 -0.024307 -0.180653 -0.355397 -0.551299 -0.699444 -0.811413 -0.901228 -0.962107 
20.809246 18903.478516 48 48 28 0.507921 0.824569 0.460498 0.984201 0.966226 0.915534 0.646749 0.540941 0.479415 0.359218 0.263016 -0.026920 -0.189054 -0.347795 -0.531823 -0.726712 -0.788835 -0.923239 -0.963545 0.985817 0.959392 0.905790 0.712881 0.527141 0.447263 0.371066 0.272517 -0.023804 -0.193181 -0.338909 -0.528109 -0.728239 -0.793157 -0.888870 -0.966874 
17.484995 10651.277344 94 56 38 0.414143 0.505512 0.629303 0.983857 0.960517 0.902845 0.736119 0.564205 0.421492 0.336346 0.165941 -0.015041 -0.188611 -0.356858 -0.490308 -0.708124 -0.788220 -0.903559 -0.976200 0.978419 0.966330 0.884583 0.690650 0.558827 0.441114 0.349044 0.216289 -0.060069 -0.186782 -0.328384 -0.577112 -0.734895 -0.784235 -0.915719 -0.965384 
17.041363 9202.877930 38 50 40 0.472106 0.496922 0.689124 0.977123 0.956986 0.918851 0.735737 0.564584 0.484420 0.369790 0.181195 -0.014627 -0.181095 -0.358546 -0.509283 -0.719099 -0.812265 -0.921198 -0.968693 0.985530 0.953083 0.912872 0.739875 0.541345 0.476089 0.383735 0.173300 -0.017330 -0.231441 -0.363422 -0.520709 -0.713745 -0.792307 -0.910886 -0.975461 
15.121860 8532.558594 168 82 92 0.426974 0.531949 0.379846 0.985291 0.952196 0.904122 0.756809 0.551796 0.458677 0.338175 0.193652 -0.024255 -0.192685 -0.404239 -0.552585 -0.720234 -0.820283 -0.908294 -0.974727 0.982935 0.959466 0.911298 0.719488 0.557182 0.514689 0.364099 0.175319 -0.036290 -0.212879 -0.394591 -0.539259 -0.696323 -0.804160 -0.912968 -0.973168 
16.218716 7570.541992 92 54 46 0.373300 0.540460 0.683876 0.988165 0.972435 0.903772 0.776327 0.564641 0.492496 0.336208 0.157877 -0.106239 -0.240916 -0.363641 -0.550493 -0.731749 -0.820651 -0.886121 -0.961840 0.984969 0.960556 0.901475 0.759747 0.588305 0.475663 0.355633 0.154055 -0.022285 -0.209330 -0.343096 -0.554327 -0.710346 -0.816825 -0.914485 -0.969702 
17.532206 8277.733398 46 54 44 0.667694 0.513165 0.537027 0.978753 0.961770 0.909773 0.817115 0.581385 0.435599 0.353815 0.158326 0.003452 -0.184536 -0.321167 -0.549775 -0.708458 -0.817376 -0.921507 -0.971200 0.986960 0.968031 0.895621 0.832731 0.584646 0.469962 0.320602 0.164440 -0.023966 -0.219286 -0.376024 -0.509820 -0.692888 -0.792524 -0.891096 -0.968054 
15.959501 3398.258545 42 50 56 0.773380 0.854695 0.511600 0.986871 0.958928 0.899372 0.834671 0.630664 0.433583 0.332350 0.195867 -0.029633 -0.246944 -0.368564 -0.526262 -0.713114 -0.842208 -0.913312 -0.982050 0.986523 0.965046 0.896537 0.844331 0.613507 0.447388 0.371147 0.273730 0.006909 -0.205642 -0.330448 -0.571785 -0.717299 -0.827084 -0.920497 -0.964354 
12.949518 2813.732910 56 78 130 0.369282 0.513879 0.556435 0.982633 0.969207 0.886988 0.791546 0.652920 0.499767 0.336762 0.106924 -0.045423 -0.225124 -0.436084 -0.627919 -0.760494 -0.834100 -0.916630 -0.982106 0.979626 0.965691 0.921445 0.808405 0.648307 0.460462 0.328057 0.106484 -0.114391 -0.266063 -0.452597 -0.609733 -0.725897 -0.820204 -0.923796 -0.980952 
11.811787 2312.602539 204 52 54 0.405265 0.637660 0.459846 0.983520 0.967018 0.910717 0.808983 0.641552 0.482139 0.307244 0.080148 -0.101704 -0.286384 -0.423901 -0.610577 -0.723714 -0.855086 -0.942226 -0.970951 0.987212 0.968672 0.908684 0.811691 0.635311 0.480024 0.311204 0.105116 -0.062886 -0.240339 -0.408726 -0.610671 -0.734067 -0.827029 -0.933582 -0.981162 
17.356514 5879.933105 154 80 44 0.638998 0.351397 0.680638 0.982463 0.960601 0.915441 0.881044 0.612885 0.473107 0.349139 0.236992 -0.021521 -0.193025 -0.401510 -0.546276 -0.727511 -0.828085 -0.911730 -0.972257 0.980753 0.952983 0.914276 0.840734 0.627878 0.460281 0.336777 0.174598 -0.035238 -0.220516 -0.437855 -0.564439 -0.738597 -0.846160 -0.930164 -0.972104 
38.350540 167531.843750 152 128 128 0.462347 0.723442 0.707998 0.964016 0.938220 0.910195 0.882148 0.625202 0.541787 0.428795 0.324346 0.217426 0.007960 -0.214257 -0.292530 -0.560992 -0.793964 -0.887573 -0.967372 0.979903 0.952564 0.913424 0.870035 0.612537 0.524468 0.388803 0.301370 0.124607 -0.149012 -0.291323 -0.493535 -0.699220 -0.833817 -0.897599 -0.969025 
51.154221 4516483.000000 128 144 144 0.808360 0.878861 0.760930 0.976525 0.939615 0.913455 0.864941 0.626800 0.542301 0.424422 0.313024 0.195806 -0.030391 -0.213667 -0.323100 -0.482888 -0.775986 -0.844939 -0.909783 0.979685 0.946330 0.914876 0.885592 0.661089 0.544101 0.451517 0.312534 0.214950 0.030101 -0.222687 -0.286828 -0.567273 -0.785568 -0.861747 -0.952957 
58.510353 64866712.000000 78 74 72 0.900389 0.857831 0.989728 0.974274 0.937294 0.912182 0.820352 0.593508 0.525136 0.357530 0.274409 0.071613 -0.108132 -0.279611 -0.407556 -0.642801 -0.756439 -0.844627 -0.872669 0.975718 0.940008 0.912578 0.843343 0.609622 0.538331 0.392879 0.299320 0.123851 -0.089328 -0.266655 -0.385617 -0.606629 -0.738838 -0.840969 -0.878565 
60.210415 54296876.000000 72 72 72 0.990333 0.969918 0.951691 0.977295 0.945098 0.918787 0.829920 0.592619 0.535137 0.392801 0.250854 0.087243 -0.080371 -0.292709 -0.421207 -0.593236 -0.734933 -0.845153 -0.882184 0.975903 0.940521 0.913815 0.831067 0.594388 0.528762 0.377401 0.272088 0.068305 -0.095621 -0.291917 -0.422634 -0.625671 -0.748986 -0.845601 -0.872445 
59.808479 50093468.000000 72 72 72 0.942955 0.954610 0.947876 0.981330 0.958563 0.925129 0.827520 0.594670 0.522133 0.402079 0.218818 0.056105 -0.078446 -0.374558 -0.499264 -0.586447 -0.719284 -0.828073 -0.881851 0.979194 0.949554 0.921158 0.834289 0.589401 0.526027 0.374112 0.219648 0.080493 -0.085209 -0.320686 -0.454225 -0.587630 -0.723059 -0.837672 -0.884239 
58.186539 16185685.000000 72 72 78 0.922442 0.916486 0.869643 0.985350 0.973232 0.942215 0.830926 0.597492 0.533553 0.377970 0.153688 0.074501 -0.160686 -0.491282 -0.535379 -0.644580 -0.770984 -0.878604 -0.984134 0.983040 0.966385 0.931724 0.827476 0.594392 0.521761 0.402511 0.162401 0.061556 -0.089711 -0.420934 -0.520641 -0.585418 -0.716252 -0.829120 -0.913682 
51.115757 8474376.000000 76 78 86 0.810293 0.819981 0.585905 0.988364 0.973399 0.930789 0.707892 0.607148 0.513708 0.340908 0.176441 -0.196139 -0.364761 -0.555136 -0.669863 -0.793536 -0.889282 -0.952093 -0.990668 0.985307 0.974493 0.951021 0.742785 0.597106 0.548802 0.334601 0.164333 -0.098936 -0.344978 -0.474226 -0.611220 -0.741365 -0.851744 -0.934666 -0.989060 
44.373631 6148183.000000 86 84 86 0.706036 0.726312 0.582313 0.990522 0.973851 0.908589 0.692499 0.577718 0.430864 0.284782 0.108780 -0.193027 -0.385578 -0.548652 -0.646075 -0.787655 -0.897262 -0.948531 -0.985064 0.991299 0.973711 0.922036 0.752310 0.612053 0.484901 0.319532 0.211151 -0.196282 -0.328841 -0.567837 -0.676284 -0.798489 -0.874989 -0.958702 -0.987431 
47.159592 9391813.000000 86 80 78 0.645878 0.827434 0.883031 0.987752 0.973354 0.949930 0.719714 0.572789 0.491417 0.248467 0.126116 -0.107454 -0.428540 -0.525466 -0.679660 -0.797002 -0.880941 -0.960128 -0.983516 0.988035 0.976113 0.930203 0.680432 0.578898 0.455013 0.262702 0.064437 -0.209453 -0.403257 -0.530254 -0.647420 -0.816725 -0.902216 -0.960253 -0.989199 
54.234337 11197477.000000 78 78 76 0.881605 0.930721 0.983458 0.986202 0.973520 0.957093 0.820821 0.560528 0.526567 0.307617 0.211841 0.027753 -0.311982 -0.476191 -0.521840 -0.669309 -0.824982 -0.916964 -0.974735 0.986611 0.974255 0.952478 0.753474 0.575197 0.523645 0.316334 0.181045 -0.010260 -0.312947 -0.490051 -0.538040 -0.755968 -0.865264 -0.950220 -0.985930 
57.396523 15895730.000000 76 76 76 0.985330 0.981408 0.978370 0.985120 0.972699 0.953119 0.801113 0.571079 0.518419 0.343284 0.210539 0.062877 -0.255437 -0.441708 -0.511751 -0.608251 -0.788887 -0.833569 -0.953498 0.985649 0.973094 0.957486 0.789286 0.568496 0.513227 0.344758 0.212581 0.072434 -0.253266 -0.452233 -0.504143 -0.627630 -0.786864 -0.862237 -0.971872 
53.230034 4216559.000000 76 80 84 0.957624 0.895513 0.827175 0.988692 0.975588 0.952043 0.804570 0.603767 0.546991 0.313722 0.187196 -0.052254 -0.342658 -0.451532 -0.534358 -0.667530 -0.780110 -0.903700 -0.977111 0.985655 0.973734 0.951789 0.767742 0.589031 0.518575 0.336148 0.193102 0.022838 -0.278171 -0.451895 -0.514014 -0.659208 -0.795571 -0.837155 -0.952560 
49.544338 447234.500000 82 80 80 0.774784 0.924907 0.939516 0.990309 0.982843 0.957136 0.878828 0.664950 0.579363 0.445435 0.178387 0.145552 -0.183613 -0.428550 -0.506793 -0.675828 -0.769690 -0.895816 -0.968611 0.990748 0.982363 0.961509 0.895737 0.612282 0.572297 0.422621 0.201205 0.078838 -0.273994 -0.430759 -0.510735 -0.679031 -0.809792 -0.897199 -0.976560 
51.408852 4499049.500000 80 78 78 0.945988 0.759177 0.795536 0.985920 0.974715 0.927325 0.789187 0.640963 0.591279 0.317998 0.185294 0.072134 0.006249 -0.208483 -0.425410 -0.556730 -0.606144 -0.778802 -0.955064 0.989331 0.982948 0.953784 0.874871 0.642639 0.590088 0.406840 0.183797 0.113387 -0.083557 -0.393986 -0.486800 -0.624793 -0.763638 -0.872982 -0.963444 
55.832573 7660750.000000 78 78 78 0.834693 0.968515 0.943104 0.981989 0.965934 0.923658 0.816457 0.679181 0.623270 0.380709 0.262587 0.095014 -0.029056 -0.138135 -0.448647 -0.604015 -0.652468 -0.727584 -0.945158 0.983215 0.968055 0.927262 0.786981 0.649952 0.608779 0.359639 0.238399 0.082099 -0.012751 -0.160080 -0.458758 -0.575111 -0.631311 -0.719367 -0.948593 
52.973816 820006.625000 78 80 78 0.963576 0.707700 0.921028 0.987370 0.976029 0.932643 0.849759 0.773719 0.627324 0.393660 0.254893 -0.009193 -0.084669 -0.191336 -0.442273 -0.624829 -0.670194 -0.808035 -0.961419 0.983026 0.967655 0.924150 0.843543 0.740145 0.635024 0.381852 0.276812 0.079616 -0.042385 -0.165757 -0.470823 -0.629727 -0.673704 -0.748762 -0.954752 
50.266212 530074.750000 78 80 80 0.887193 0.948545 0.962667 0.989917 0.984236 0.925130 0.845188 0.731826 0.620383 0.473870 0.224478 0.051542 -0.130181 -0.160926 -0.428801 -0.575748 -0.672969 -0.867860 -0.972584 0.989710 0.983832 0.933238 0.848884 0.778289 0.634442 0.407108 0.169129 -0.038213 -0.114550 -0.191984 -0.424162 -0.599700 -0.682737 -0.863790 -0.967745 
49.588203 468190.656250 80 82 82 0.949256 0.967829 0.968557 0.989614 0.984780 0.912817 0.851833 0.748275 0.627268 0.419945 0.225562 0.076096 -0.125293 -0.160002 -0.394127 -0.575944 -0.701705 -0.896262 -0.973529 0.989673 0.985299 0.907583 0.845123 0.712924 0.631706 0.443577 0.242836 0.083823 -0.130907 -0.163450 -0.445308 -0.585317 -0.661444 -0.870345 -0.976873 
49.153847 333616.625000 82 82 82 0.971427 0.962853 0.951602 0.990420 0.984563 0.914479 0.859495 0.771622 0.672015 0.414738 0.200045 0.082141 -0.128690 -0.175485 -0.354420 -0.566272 -0.728939 -0.870510 -0.969986 0.989979 0.984651 0.916702 0.852340 0.743994 0.644212 0.389753 0.216713 0.099451 -0.130400 -0.173607 -0.382884 -0.546081 -0.717265 -0.878673 -0.972555 
48.538891 474431.437500 82 84 74 0.949275 0.944478 0.632554 0.990046 0.983447 0.903671 0.862710 0.770733 0.676947 0.418357 0.156599 0.063486 -0.140533 -0.188756 -0.484137 -0.611463 -0.777034 -0.867008 -0.968300 0.990715 0.985652 0.906391 0.861798 0.760117 0.661351 0.469169 0.175328 0.076289 -0.128882 -0.166629 -0.388287 -0.547942 -0.736873 -0.888138 -0.974875 
56.072945 5625604.500000 82 84 84 0.473165 0.925953 0.979985 0.977365 0.957070 0.916643 0.854699 0.811573 0.703709 0.355242 0.163967 0.055191 -0.139046 -0.222021 -0.520484 -0.644260 -0.754209 -0.790100 -0.887771 0.980793 0.967874 0.924571 0.866356 0.813605 0.717332 0.388765 0.149004 0.053678 -0.131424 -0.223576 -0.534849 -0.652322 -0.759308 -0.806435 -0.947781 
56.179501 9773362.000000 84 84 84 0.979216 0.983623 0.939013 0.978954 0.954826 0.920084 0.853995 0.765542 0.642746 0.321685 0.178384 0.013307 -0.169989 -0.265139 -0.500535 -0.649196 -0.756187 -0.800236 -0.833708 0.977680 0.955591 0.913568 0.857015 0.797810 0.663150 0.340527 0.172889 0.044848 -0.154885 -0.237188 -0.501292 -0.632749 -0.756594 -0.788044 -0.865337 
54.073315 5783918.000000 84 84 84 0.904941 0.903960 0.908557 0.984421 0.961221 0.929881 0.846230 0.717345 0.606547 0.322037 0.207738 -0.013417 -0.165129 -0.246614 -0.506813 -0.659330 -0.725000 -0.799325 -0.849455 0.981796 0.955944 0.925991 0.843330 0.751636 0.629598 0.324536 0.190740 -0.012247 -0.179171 -0.275087 -0.506293 -0.662971 -0.754430 -0.804144 -0.840917 
47.481621 2325548.250000 84 84 84 0.922502 0.779734 0.581439 0.990525 0.967597 0.920863 0.806534 0.652040 0.489144 0.356610 0.144884 -0.054049 -0.182688 -0.410731 -0.524229 -0.738192 -0.822371 -0.921880 -0.988437 0.988321 0.963879 0.937923 0.821949 0.698463 0.576128 0.321830 0.192237 -0.072351 -0.154508 -0.300493 -0.570590 -0.628970 -0.713451 -0.825003 -0.925822 
33.610073 141534.984375 84 84 84 0.426704 0.563384 0.438811 0.982000 0.953822 0.898068 0.813438 0.738169 0.622840 0.345807 0.184300 -0.032769 -0.205239 -0.291412 -0.543917 -0.711255 -0.794767 -0.896707 -0.986829 0.986466 0.956050 0.898289 0.813686 0.693673 0.494196 0.411092 0.251047 -0.062379 -0.219136 -0.382604 -0.551701 -0.735071 -0.828026 -0.947714 -0.985761 
31.249912 35556.886719 84 84 82 0.557353 0.641310 0.491509 0.983151 0.957870 0.886513 0.826668 0.773281 0.650974 0.427242 0.197035 0.004901 -0.166837 -0.277992 -0.539325 -0.685138 -0.802990 -0.914180 -0.967948 0.983963 0.968296 0.887012 0.828617 0.756799 0.629166 0.394533 0.180952 0.022639 -0.154662 -0.269636 -0.557605 -0.684935 -0.785333 -0.876074 -0.977805 
38.521622 10060064.000000 72 82 82 0.687490 0.467702 0.510395 0.950872 0.900673 0.808226 0.634013 0.491224 0.376741 0.202898 0.012273 -0.179573 -0.364982 -0.497371 -0.595195 -0.765162 -0.869299 -0.944864 -0.984549 0.962909 0.917260 0.843854 0.739673 0.590309 0.456444 0.314297 0.114902 -0.016856 -0.191195 -0.433742 -0.545472 -0.664022 -0.821513 -0.920700 -0.959062 
53.608242 43089396.000000 84 84 84 0.607752 0.554177 0.401910 0.957165 0.896021 0.643883 0.496530 0.345864 0.162702 0.058194 -0.165339 -0.348546 -0.440149 -0.574424 -0.692591 -0.792896 -0.919996 -0.967927 -0.983000 0.946817 0.889435 0.687015 0.523202 0.369912 0.181542 0.075920 -0.122256 -0.290318 -0.457397 -0.537378 -0.656073 -0.801385 -0.878982 -0.967065 -0.984983 
49.634205 22968810.000000 84 230 230 0.584431 0.475701 0.472045 0.959278 0.810748 0.645439 0.615059 0.427687 0.376061 0.160439 -0.073782 -0.207725 -0.373812 -0.497062 -0.647102 -0.768934 -0.864669 -0.968301 -0.992285 0.954567 0.816900 0.624798 0.554160 0.410633 0.337747 0.067863 -0.111555 -0.295669 -0.420326 -0.559271 -0.695787 -0.779154 -0.865675 -0.968178 -0.986335 
36.215054 843952.562500 144 146 42 0.493778 0.517203 0.540451 0.983506 0.938493 0.770274 0.619085 0.539492 0.398177 0.258515 -0.010388 -0.173315 -0.386791 -0.498177 -0.663792 -0.796292 -0.893516 -0.959155 -0.989582 0.964831 0.898634 0.679842 0.633073 0.493610 0.412001 0.238776 -0.007511 -0.152505 -0.323403 -0.496948 -0.645689 -0.787864 -0.881205 -0.961053 -0.990221 
27.830254 470078.937500 44 82 210 0.556364 0.528641 0.445726 0.977942 0.951919 0.805753 0.616685 0.495781 0.347245 0.271406 0.038353 -0.166459 -0.321650 -0.453309 -0.668995 -0.778396 -0.885002 -0.961182 -0.985709 0.980403 0.930765 0.798751 0.651644 0.507863 0.381798 0.231414 0.032560 -0.158806 -0.356198 -0.538097 -0.638556 -0.783112 -0.903713 -0.952145 -0.987046 
34.522301 429432.625000 208 80 64 0.515770 0.412953 0.661934 0.993069 0.987244 0.916719 0.676295 0.592981 0.410256 0.322060 0.079622 -0.133037 -0.315065 -0.467582 -0.616774 -0.781584 -0.845340 -0.959896 -0.988109 0.979707 0.945395 0.751287 0.650942 0.509635 0.389617 0.300996 0.090889 -0.143560 -0.317941 -0.450756 -0.627736 -0.756928 -0.885264 -0.952201 -0.984394 
47.637402 737783.875000 64 72 76 0.514075 0.701627 0.943236 0.993033 0.980928 0.945386 0.914942 0.778396 0.510454 0.329493 0.006269 -0.106304 -0.229041 -0.417977 -0.572079 -0.700047 -0.865462 -0.957999 -0.971076 0.993870 0.983404 0.946302 0.886333 0.686136 0.488290 0.341627 0.065059 -0.126810 -0.245322 -0.422301 -0.552808 -0.746207 -0.838764 -0.956520 -0.987290 
48.491226 409333.375000 78 80 82 0.918236 0.970833 0.932087 0.992588 0.984084 0.941735 0.915329 0.830960 0.563849 0.264059 -0.036734 -0.082071 -0.211383 -0.372979 -0.504491 -0.692238 -0.909971 -0.963538 -0.978437 0.992471 0.983195 0.942733 0.909475 0.819715 0.512912 0.297689 -0.029731 -0.102046 -0.231396 -0.375508 -0.539181 -0.679357 -0.884243 -0.966344 -0.981427 
53.941555 576149.250000 82 84 84 0.904463 0.684488 0.932324 0.984994 0.976941 0.947005 0.927383 0.871081 0.656056 0.345278 0.016244 -0.042070 -0.121295 -0.316564 -0.509426 -0.645415 -0.871787 -0.961559 -0.975934 0.988945 0.978119 0.942729 0.918445 0.802846 0.556577 0.394338 0.007904 -0.065975 -0.165520 -0.372419 -0.520804 -0.597666 -0.873230 -0.969310 -0.983137 
55.640293 397821.187500 86 86 86 0.974020 0.983342 0.983728 0.983262 0.974074 0.941232 0.923997 0.893169 0.724446 0.301424 0.094116 -0.012000 -0.055099 -0.237930 -0.443520 -0.664490 -0.819647 -0.949069 -0.979768 0.983376 0.974815 0.942225 0.925920 0.884136 0.693505 0.357757 0.063786 -0.015309 -0.073625 -0.269142 -0.473062 -0.648938 -0.834561 -0.950305 -0.978712 
55.732418 548874.437500 86 88 88 0.976422 0.963858 0.968060 0.984122 0.972235 0.940150 0.908146 0.882812 0.624249 0.441242 0.269520 0.020687 -0.015294 -0.152302 -0.404634 -0.648400 -0.788846 -0.931698 -0.975410 0.983758 0.972877 0.941668 0.916670 0.884646 0.687633 0.385163 0.145568 0.006509 -0.034654 -0.165928 -0.447862 -0.657026 -0.793929 -0.930544 -0.975371 
55.446171 536577.250000 88 88 88 0.987070 0.982558 0.972894 0.982394 0.971172 0.933854 0.895010 0.857032 0.629387 0.554815 0.357464 0.050953 0.018619 -0.128278 -0.398665 -0.640064 -0.780735 -0.915043 -0.974485 0.983562 0.971188 0.935539 0.901080 0.870561 0.615290 0.495646 0.360056 0.039265 0.004919 -0.137193 -0.393894 -0.655864 -0.789104 -0.928424 -0.973268 
54.943447 415629.843750 88 88 88 0.975133 0.952437 0.945043 0.982875 0.972818 0.931595 0.893563 0.852213 0.696414 0.635432 0.269430 0.062183 0.021375 -0.206662 -0.462799 -0.666457 -0.799228 -0.925877 -0.980121 0.982000 0.971441 0.929873 0.892010 0.845432 0.659408 0.608761 0.306566 0.060091 0.033531 -0.178483 -0.434330 -0.649472 -0.790920 -0.921507 -0.973111 
53.736057 206755.531250 90 90 90 0.937889 0.989493 0.969028 0.984167 0.976775 0.937343 0.900847 0.859671 0.722458 0.625658 0.211919 0.057621 0.004629 -0.244838 -0.504042 -0.672136 -0.822994 -0.912939 -0.979149 0.983510 0.975017 0.932029 0.894619 0.855429 0.714726 0.631282 0.199714 0.060015 0.001995 -0.253639 -0.493349 -0.665058 -0.811788 -0.920254 -0.981105 
51.337658 88657.109375 90 92 92 0.973085 0.976054 0.952768 0.985948 0.978662 0.943714 0.907996 0.864088 0.737799 0.629073 0.166961 0.070555 -0.056867 -0.311371 -0.514277 -0.700794 -0.832731 -0.915229 -0.975291 0.984942 0.978091 0.938699 0.906879 0.859129 0.715508 0.591615 0.183236 0.066511 -0.033025 -0.309502 -0.509013 -0.686867 -0.818683 -0.915313 -0.976424 
48.871872 53837.960938 92 94 94 0.947385 0.946558 0.946600 0.988874 0.980161 0.953164 0.917503 0.881314 0.738922 0.490824 0.173425 0.054688 -0.091116 -0.345689 -0.536785 -0.699202 -0.812351 -0.920021 -0.972388 0.987619 0.978705 0.951106 0.914701 0.866641 0.744586 0.567085 0.195823 0.061239 -0.091859 -0.358122 -0.536821 -0.678372 -0.828388 -0.919712 -0.976441 
48.305191 36129.785156 94 92 92 0.895545 0.951786 0.948972 0.990754 0.982464 0.957215 0.928877 0.888659 0.718624 0.485569 0.155622 0.005590 -0.101016 -0.351781 -0.531420 -0.678860 -0.819967 -0.927965 -0.976710 0.990028 0.981549 0.956731 0.926199 0.865041 0.720569 0.487226 0.182713 0.039448 -0.084985 -0.353716 -0.514721 -0.710776 -0.833709 -0.920908 -0.981697 
47.812523 39270.425781 90 90 86 0.949828 0.953535 0.913214 0.990468 0.983136 0.959439 0.916709 0.893451 0.692544 0.476709 0.224143 0.024884 -0.106165 -0.322784 -0.543071 -0.714972 -0.826435 -0.922185 -0.974068 0.991126 0.983433 0.954307 0.922992 0.888944 0.674540 0.440850 0.205883 0.013455 -0.152141 -0.336992 -0.497254 -0.688644 -0.810431 -0.930408 -0.974635 
52.319340 211073.203125 86 82 78 0.928694 0.902677 0.878256 0.987346 0.980188 0.955362 0.868555 0.826655 0.737134 0.480988 0.446992 0.092400 -0.052726 -0.211323 -0.517424 -0.660635 -0.811058 -0.912955 -0.977372 0.989422 0.981794 0.960673 0.900407 0.870323 0.754298 0.504293 0.306920 0.019780 -0.073831 -0.325539 -0.507930 -0.688751 -0.830067 -0.919075 -0.979802 
58.355858 6013099.000000 78 74 70 0.904076 0.897919 0.891312 0.986053 0.980083 0.950381 0.759460 0.646358 0.596843 0.417023 0.371204 0.091172 -0.126948 -0.196397 -0.467237 -0.557214 -0.610701 -0.851621 -0.971340 0.987221 0.979554 0.954041 0.844949 0.718367 0.656298 0.447338 0.408302 0.186516 -0.081632 -0.161584 -0.512220 -0.571025 -0.685347 -0.899572 -0.972736 
60.935432 14346150.000000 70 66 64 0.931354 0.948058 0.922668 0.984778 0.978958 0.962211 0.740493 0.501441 0.444524 0.353657 0.283265 0.030755 -0.174535 -0.263202 -0.388614 -0.556827 -0.583791 -0.789301 -0.980749 0.985062 0.979945 0.953396 0.731879 0.570948 0.519079 0.379960 0.333512 0.045782 -0.155859 -0.236518 -0.411844 -0.555051 -0.592056 -0.796215 -0.971238 
59.463417 19831834.000000 62 60 58 0.981669 0.983370 0.971315 0.986039 0.976552 0.964722 0.758091 0.418492 0.359258 0.243256 0.133967 -0.009811 -0.193896 -0.330997 -0.412595 -0.559639 -0.674418 -0.837867 -0.973351 0.985982 0.977901 0.967479 0.735146 0.448856 0.398324 0.294650 0.207477 0.007392 -0.204441 -0.304780 -0.417096 -0.549775 -0.624600 -0.817984 -0.974503 
56.535767 23755454.000000 58 56 56 0.977877 0.966804 0.965033 0.989984 0.976845 0.964380 0.738049 0.452120 0.323254 0.171026 0.067841 -0.038383 -0.224761 -0.356766 -0.518903 -0.600511 -0.737919 -0.825789 -0.962713 0.988830 0.976427 0.964445 0.750407 0.422582 0.340055 0.186315 0.071718 -0.033440 -0.236989 -0.332144 -0.477714 -0.625345 -0.732745 -0.833960 -0.975550 
55.093048 13435016.000000 56 54 54 0.970331 0.954002 0.968991 0.992284 0.981416 0.964208 0.775806 0.452036 0.352765 0.169125 0.070988 -0.052511 -0.163606 -0.426496 -0.528811 -0.615905 -0.750574 -0.824456 -0.964036 0.991323 0.978546 0.962837 0.782691 0.450569 0.318225 0.168600 0.072480 -0.040491 -0.163767 -0.417126 -0.531142 -0.600018 -0.739645 -0.829435 -0.968459 
53.851822 10807808.000000 54 54 54 0.970813 0.959552 0.882707 0.992524 0.982201 0.965160 0.769044 0.458537 0.368311 0.208685 0.013734 -0.123948 -0.295425 -0.541919 -0.596614 -0.714370 -0.804593 -0.923412 -0.974405 0.992343 0.981054 0.966822 0.857274 0.468144 0.350100 0.180448 0.072498 -0.070907 -0.199391 -0.448875 -0.531261 -0.654657 -0.777963 -0.834809 -0.971992 
54.190453 70692656.000000 54 56 56 0.894510 0.730495 0.743797 0.987993 0.966692 0.643274 0.442745 0.399590 0.264764 0.013641 -0.123895 -0.345330 -0.485255 -0.597647 -0.712177 -0.795069 -0.874353 -0.935478 -0.983190 0.990599 0.982787 0.861285 0.465123 0.418503 0.316662 0.089452 -0.046677 -0.194309 -0.477961 -0.557562 -0.645742 -0.757750 -0.869328 -0.937493 -0.978858 
52.401958 13139887.000000 56 62 76 0.657371 0.532969 0.610058 0.983293 0.959651 0.784509 0.495233 0.378805 0.224674 0.002078 -0.163902 -0.325023 -0.489457 -0.618805 -0.761840 -0.853252 -0.900305 -0.963921 -0.985760 0.984598 0.966982 0.738477 0.486019 0.388033 0.248338 0.017526 -0.170014 -0.376950 -0.513124 -0.612281 -0.724248 -0.817093 -0.885465 -0.951187 -0.989443 
50.412086 9163630.000000 28 32 70 0.339672 0.574311 0.694807 0.982461 0.972828 0.766645 0.506273 0.403903 0.223462 0.008275 -0.188309 -0.380897 -0.502399 -0.617182 -0.765191 -0.835653 -0.907917 -0.961285 -0.992805 0.980900 0.969143 0.813326 0.466607 0.381809 0.212163 -0.007408 -0.155845 -0.353048 -0.514380 -0.631567 -0.771278 -0.846007 -0.909743 -0.970250 -0.993685 
51.278271 7598660.500000 68 56 56 0.694071 0.816777 0.594498 0.989126 0.953605 0.739148 0.518112 0.381805 0.253358 0.034651 -0.217121 -0.411305 -0.511484 -0.635326 -0.766279 -0.829697 -0.926857 -0.971604 -0.994242 0.987972 0.961569 0.789419 0.499869 0.399225 0.283666 0.027218 -0.210351 -0.392668 -0.487522 -0.632559 -0.775308 -0.852314 -0.922366 -0.974841 -0.991703 
52.694969 15844841.000000 166 166 106 0.745437 0.632541 0.643834 0.980243 0.929529 0.664951 0.508947 0.449962 0.335729 0.044254 -0.066997 -0.354193 -0.480274 -0.614861 -0.747711 -0.839385 -0.903999 -0.969761 -0.998533 0.984955 0.934384 0.740552 0.505346 0.427530 0.256402 0.012659 -0.141008 -0.401753 -0.483750 -0.643831 -0.754390 -0.836244 -0.918119 -0.970408 -0.998129 
47.555519 5288932.000000 106 108 106 0.603040 0.612884 0.602548 0.986769 0.950365 0.627217 0.494273 0.456660 0.347803 0.096828 -0.151450 -0.368556 -0.503670 -0.553355 -0.748378 -0.835893 -0.917843 -0.945381 -0.990071 0.984996 0.936327 0.726048 0.500035 0.437740 0.305231 0.025373 -0.116199 -0.357486 -0.505318 -0.593246 -0.726030 -0.869678 -0.917365 -0.962445 -0.994550 
47.219154 7959207.500000 44 56 72 0.454960 0.594456 0.706329 0.988818 0.976700 0.955440 0.719204 0.533454 0.489990 0.287219 0.141166 -0.001801 -0.425323 -0.524386 -0.629210 -0.745601 -0.888212 -0.935079 -0.990471 0.990332 0.976203 0.856282 0.524275 0.469610 0.346911 0.165851 -0.092436 -0.315486 -0.497804 -0.551176 -0.685177 -0.809649 -0.903255 -0.943796 -0.988857 
52.437077 9552607.000000 70 80 84 0.748339 0.914341 0.833308 0.988122 0.978024 0.956143 0.739585 0.540229 0.504312 0.250099 0.144671 -0.068207 -0.370586 -0.496952 -0.576973 -0.725050 -0.848193 -0.925860 -0.982389 0.987204 0.976376 0.953611 0.709378 0.532900 0.497074 0.255460 0.141573 -0.053092 -0.366562 -0.498406 -0.582795 -0.732460 -0.831732 -0.917016 -0.972452 
48.254986 606758.250000 84 84 88 0.835342 0.955050 0.921419 0.990427 0.984037 0.962699 0.920620 0.576001 0.510586 0.274749 0.182992 -0.110129 -0.358018 -0.488317 -0.693330 -0.785287 -0.858479 -0.954801 -0.990475 0.990276 0.981491 0.958276 0.830953 0.570447 0.513033 0.283057 0.180361 -0.113064 -0.374427 -0.500710 -0.607994 -0.758176 -0.859655 -0.942683 -0.992112 
46.322781 260640.625000 88 92 100 0.929493 0.926395 0.848272 0.990223 0.982858 0.967298 0.919298 0.546396 0.473036 0.338509 0.169700 -0.048012 -0.408156 -0.507672 -0.652832 -0.781245 -0.890306 -0.955718 -0.987704 0.990177 0.984242 0.966258 0.930158 0.589607 0.480613 0.327768 0.169584 -0.064617 -0.380899 -0.518787 -0.657378 -0.811699 -0.902588 -0.956764 -0.993948 
40.991894 93646.695312 100 110 100 0.856360 0.635223 0.491251 0.989995 0.984002 0.964776 0.871672 0.561942 0.507841 0.374775 0.157043 -0.136959 -0.400009 -0.496914 -0.658113 -0.800635 -0.903268 -0.960468 -0.997975 0.989912 0.982290 0.968009 0.907158 0.544955 0.489036 0.354845 0.209742 -0.127238 -0.448528 -0.504153 -0.687492 -0.782570 -0.903224 -0.943075 -0.995573 
33.112377 481029.875000 136 138 138 0.766855 0.502157 0.582783 0.987698 0.977353 0.902497 0.477611 0.422782 0.354060 0.176387 0.023251 -0.169046 -0.358171 -0.507079 -0.592474 -0.674437 -0.742787 -0.861751 -0.989953 0.991271 0.984511 0.962507 0.872970 0.546027 0.512141 0.350834 0.096491 -0.107209 -0.373635 -0.532147 -0.659892 -0.821722 -0.916559 -0.958618 -0.996910 
28.354984 78924.750000 44 98 84 0.526340 0.598825 0.489047 0.983079 0.964410 0.900230 0.686540 0.481260 0.351890 0.181461 0.002994 -0.176090 -0.320855 -0.537452 -0.621975 -0.712042 -0.797903 -0.911080 -0.980854 0.985859 0.975745 0.879355 0.524314 0.415077 0.377767 0.204594 0.063308 -0.160626 -0.343137 -0.508208 -0.593913 -0.672604 -0.739210 -0.888334 -0.984562 
20.579185 35791.492188 86 90 84 0.379533 0.736588 0.466393 0.985923 0.973749 0.904626 0.763196 0.498132 0.407372 0.224060 0.011967 -0.159259 -0.415434 -0.523878 -0.633921 -0.693692 -0.830772 -0.905522 -0.969738 0.987671 0.967223 0.916804 0.743950 0.493088 0.386733 0.240836 0.052646 -0.172823 -0.370263 -0.521644 -0.632131 -0.709555 -0.807995 -0.905912 -0.975518 
18.174698 8417.543945 132 212 212 0.527795 0.548454 0.594593 0.986611 0.970556 0.922916 0.829066 0.652393 0.439742 0.295637 0.118026 -0.108789 -0.278983 -0.448923 -0.624323 -0.701105 -0.849373 -0.920915 -0.979187 0.984916 0.967559 0.918875 0.826937 0.597621 0.412244 0.266020 0.063959 -0.125522 -0.342769 -0.491825 -0.618168 -0.697915 -0.836016 -0.927152 -0.972459 
34.201630 760116.187500 88 120 206 0.487205 0.386819 0.384749 0.976738 0.955827 0.824489 0.541456 0.467800 0.206875 0.032492 -0.053477 -0.195273 -0.348337 -0.498052 -0.625005 -0.739228 -0.806329 -0.898537 -0.972740 0.973952 0.934484 0.722350 0.525662 0.450305 0.189278 0.036725 -0.060349 -0.183624 -0.348022 -0.503792 -0.623549 -0.730432 -0.812239 -0.883330 -0.965675 
39.704205 3353031.000000 34 52 100 0.499142 0.665840 0.475231 0.975864 0.942765 0.705397 0.540049 0.417754 0.184213 -0.025328 -0.122388 -0.232324 -0.387557 -0.531205 -0.667792 -0.786115 -0.849599 -0.909552 -0.970998 0.978297 0.947935 0.837431 0.571747 0.468112 0.136655 -0.081507 -0.142165 -0.318506 -0.420340 -0.559612 -0.690274 -0.781634 -0.830638 -0.923716 -0.978342 
44.064861 5367850.500000 198 42 54 0.418989 0.410394 0.601212 0.966546 0.905146 0.611977 0.520893 0.387804 0.263298 0.006599 -0.038860 -0.193635 -0.355918 -0.487362 -0.573447 -0.784311 -0.845127 -0.919227 -0.972347 0.970772 0.893236 0.639908 0.518892 0.379931 0.215117 0.024896 -0.039893 -0.208706 -0.330564 -0.477009 -0.622770 -0.775812 -0.841144 -0.898166 -0.971182 
39.604412 1408890.500000 52 42 50 0.760181 0.438313 0.510941 0.968486 0.943771 0.718826 0.561575 0.419548 0.308408 0.120469 -0.007313 -0.161611 -0.307146 -0.420006 -0.576030 -0.733774 -0.813038 -0.909091 -0.968405 0.971886 0.910779 0.668252 0.563996 0.419160 0.219308 0.049363 -0.012536 -0.144611 -0.315419 -0.455499 -0.562606 -0.780208 -0.832259 -0.903803 -0.973026 
45.610237 2225551.750000 50 144 74 0.596229 0.648407 0.584900 0.989139 0.972571 0.956194 0.866242 0.489020 0.421505 0.292142 0.114742 -0.037312 -0.204933 -0.329886 -0.434465 -0.687549 -0.800249 -0.835758 -0.927242 0.985653 0.972643 0.924310 0.603784 0.412958 0.322712 0.124306 0.015545 -0.081606 -0.279427 -0.371841 -0.514631 -0.713663 -0.813025 -0.878613 -0.966869 
53.731045 16434762.000000 74 80 90 0.640008 0.945367 0.798936 0.982152 0.967810 0.941075 0.772174 0.485346 0.431830 0.333309 0.140609 -0.019388 -0.173972 -0.325379 -0.414017 -0.639518 -0.757413 -0.823174 -0.843994 0.983497 0.970396 0.948328 0.798275 0.503826 0.431125 0.340235 0.139983 0.002897 -0.158779 -0.318359 -0.409864 -0.652310 -0.770737 -0.831580 -0.861971 
54.087799 3819771.500000 90 94 96 0.807686 0.971141 0.900102 0.980995 0.966942 0.954944 0.844688 0.509223 0.444307 0.386206 0.217259 0.041272 -0.102930 -0.295213 -0.390131 -0.640291 -0.774518 -0.824375 -0.864102 0.980385 0.965878 0.947751 0.794334 0.493112 0.437431 0.360964 0.175178 0.002483 -0.157482 -0.324185 -0.412748 -0.619362 -0.768318 -0.821385 -0.848466 
52.278305 1151282.500000 98 102 102 0.921088 0.863329 0.958401 0.982949 0.971386 0.957746 0.887750 0.554237 0.442744 0.385593 0.284979 0.045999 -0.073406 -0.319415 -0.420411 -0.588517 -0.799970 -0.828749 -0.938522 0.982918 0.969787 0.956791 0.872494 0.572944 0.454571 0.409185 0.264236 0.075959 -0.064835 -0.290029 -0.393240 -0.622404 -0.765517 -0.841741 -0.925412 
52.260059 553800.500000 102 104 104 0.926358 0.970516 0.975357 0.984565 0.973142 0.963763 0.907805 0.575815 0.442255 0.362755 0.262421 0.079143 -0.051702 -0.303446 -0.373153 -0.574207 -0.779848 -0.837498 -0.956807 0.984088 0.971816 0.964026 0.910238 0.573248 0.423835 0.375141 0.276225 0.078185 -0.127329 -0.293119 -0.423002 -0.634811 -0.792950 -0.830729 -0.954467 
50.938946 473841.218750 104 104 104 0.983482 0.973590 0.934125 0.986284 0.975536 0.966345 0.911788 0.496912 0.401937 0.340372 0.258074 0.059631 -0.097205 -0.280119 -0.346559 -0.523849 -0.731376 -0.866007 -0.967920 0.983995 0.973820 0.963595 0.910405 0.550956 0.409199 0.357958 0.233076 0.063628 -0.100046 -0.297037 -0.356425 -0.513449 -0.767332 -0.875839 -0.967461 
49.353333 644714.250000 102 102 100 0.963239 0.933402 0.956525 0.988313 0.979953 0.968404 0.861670 0.470429 0.388876 0.299146 0.182295 0.038008 -0.121783 -0.301338 -0.376368 -0.487731 -0.640607 -0.864922 -0.967948 0.987742 0.977291 0.967300 0.878817 0.500613 0.401363 0.328630 0.231458 0.058785 -0.080168 -0.291708 -0.367234 -0.479952 -0.695453 -0.849761 -0.968045 
48.766266 556398.187500 100 100 98 0.975271 0.937240 0.932653 0.989253 0.980934 0.970457 0.857067 0.454733 0.384641 0.263555 0.174407 0.044088 -0.124727 -0.317247 -0.398986 -0.498000 -0.640146 -0.876179 -0.970764 0.988354 0.980306 0.968523 0.861934 0.473672 0.387036 0.274952 0.185255 0.036130 -0.114595 -0.319219 -0.391191 -0.495270 -0.596457 -0.856929 -0.978647 
48.460815 336497.250000 96 90 86 0.972546 0.923393 0.895975 0.990687 0.981103 0.971724 0.914335 0.438593 0.366022 0.246895 0.160821 0.063103 -0.109674 -0.329568 -0.408574 -0.473583 -0.641467 -0.886205 -0.973538 0.990272 0.980790 0.973337 0.875437 0.457067 0.388427 0.229535 0.158529 0.034745 -0.155949 -0.339979 -0.410310 -0.486015 -0.648656 -0.888168 -0.966733 
49.204212 642606.437500 86 82 82 0.890656 0.905587 0.712297 0.989629 0.981056 0.969422 0.899512 0.425649 0.356978 0.188069 0.130237 0.018180 -0.134754 -0.332979 -0.424996 -0.488659 -0.597162 -0.875413 -0.956602 0.990154 0.981581 0.970334 0.914928 0.436963 0.347699 0.221726 0.147963 0.061838 -0.107039 -0.342549 -0.416958 -0.479894 -0.596790 -0.888855 -0.964097 
49.183228 244233.000000 76 74 70 0.946933 0.932171 0.932538 0.990775 0.984067 0.975619 0.927368 0.453073 0.340419 0.226251 0.080391 0.038048 -0.126887 -0.344309 -0.445440 -0.509098 -0.757607 -0.902087 -0.973845 0.990209 0.982652 0.969684 0.909508 0.444156 0.335037 0.198994 0.116073 0.032406 -0.160114 -0.343369 -0.438605 -0.482700 -0.711150 -0.880916 -0.952212 
43.583885 3619151.000000 70 70 76 0.934237 0.643345 0.550712 0.991033 0.982047 0.930925 0.526417 0.430718 0.358121 0.171845 -0.096627 -0.236270 -0.450960 -0.551437 -0.678876 -0.752645 -0.865612 -0.917623 -0.981269 0.991781 0.982554 0.974339 0.825613 0.476603 0.387399 0.170938 0.078463 -0.081331 -0.333586 -0.443004 -0.590719 -0.790844 -0.850343 -0.895009 -0.977773 
46.765564 8765995.000000 76 134 76 0.479988 0.513076 0.767283 0.991432 0.978622 0.763547 0.478808 0.458022 0.268667 -0.045629 -0.188070 -0.327850 -0.505008 -0.642941 -0.742803 -0.823990 -0.882704 -0.952868 -0.989082 0.988988 0.975193 0.748904 0.463930 0.413769 0.331308 0.049673 -0.146628 -0.301165 -0.443873 -0.535641 -0.700893 -0.808367 -0.862758 -0.934087 -0.987600 
49.235073 3884347.500000 76 34 86 0.774891 0.505880 0.517614 0.985392 0.956122 0.748959 0.508115 0.443254 0.223188 -0.051802 -0.225027 -0.364617 -0.446179 -0.654413 -0.759499 -0.862544 -0.920313 -0.956544 -0.990382 0.988118 0.969485 0.752733 0.509067 0.465843 0.238561 -0.026223 -0.196237 -0.372186 -0.489001 -0.653021 -0.768401 -0.872270 -0.905343 -0.954813 -0.990635 
49.590607 4064515.000000 214 208 208 0.310417 0.454117 0.499933 0.980529 0.941829 0.784792 0.526926 0.465838 0.243191 -0.033230 -0.176075 -0.374798 -0.494103 -0.634638 -0.732840 -0.879396 -0.941675 -0.975315 -0.982803 0.978270 0.929009 0.776142 0.477522 0.445887 0.244051 -0.049972 -0.203386 -0.339065 -0.487486 -0.627868 -0.749679 -0.854029 -0.926469 -0.962424 -0.990586 
50.714832 4032679.000000 124 76 46 0.423771 0.722578 0.433780 0.984654 0.935567 0.770704 0.552697 0.475966 0.232622 -0.096412 -0.252298 -0.431367 -0.519312 -0.601108 -0.726343 -0.846813 -0.937214 -0.978266 -0.985740 0.983894 0.930783 0.747228 0.525889 0.475674 0.189565 -0.051253 -0.231826 -0.388734 -0.525027 -0.602677 -0.715157 -0.859757 -0.935926 -0.974124 -0.986058 
48.321655 2984091.000000 40 208 90 0.580137 0.419788 0.534178 0.980738 0.943075 0.738910 0.541962 0.512211 0.213443 -0.057584 -0.229716 -0.386561 -0.455536 -0.571082 -0.719677 -0.889609 -0.917953 -0.960937 -0.979050 0.975803 0.943626 0.778752 0.539425 0.503311 0.193500 -0.072353 -0.193498 -0.400022 -0.516204 -0.585619 -0.734076 -0.879412 -0.927721 -0.968021 -0.977964 
46.041954 3053403.750000 88 230 230 0.647451 0.529161 0.522995 0.978804 0.940265 0.740364 0.564320 0.505456 0.123901 -0.053933 -0.171844 -0.342097 -0.482851 -0.605543 -0.759491 -0.875645 -0.913970 -0.972053 -0.995180 0.977754 0.950281 0.723138 0.547706 0.515840 0.209648 -0.074282 -0.169213 -0.345523 -0.451364 -0.605771 -0.763429 -0.864902 -0.907953 -0.957502 -0.987993 
45.191322 841003.750000 56 54 42 0.567106 0.595018 0.714255 0.987489 0.969026 0.833619 0.586396 0.517681 0.231817 -0.084183 -0.214685 -0.415469 -0.547903 -0.574027 -0.755632 -0.870908 -0.914367 -0.954082 -0.987793 0.977500 0.945322 0.791945 0.555990 0.520152 0.227706 -0.068287 -0.149323 -0.388416 -0.542290 -0.622082 -0.768046 -0.885725 -0.936893 -0.974265 -0.992297 
30.106800 76443.343750 46 48 50 0.659884 0.525282 0.744253 0.981475 0.960602 0.877475 0.706458 0.521271 0.357471 0.093212 -0.151952 -0.344852 -0.485955 -0.563756 -0.748858 -0.855006 -0.916941 -0.958756 -0.989710 0.987300 0.968163 0.856401 0.624916 0.490708 0.297520 -0.065261 -0.163094 -0.308166 -0.521454 -0.559301 -0.658119 -0.851820 -0.914297 -0.955886 -0.987811 
23.334927 36105.492188 50 20 52 0.632955 0.326085 0.535779 0.978350 0.958345 0.897189 0.753470 0.575208 0.373951 0.171569 -0.086850 -0.289604 -0.520628 -0.612572 -0.745463 -0.864362 -0.917829 -0.959713 -0.987945 0.979727 0.966962 0.912069 0.769574 0.577223 0.375586 0.219140 -0.082143 -0.353046 -0.503942 -0.600618 -0.737933 -0.839515 -0.909448 -0.962745 -0.991416 
22.483582 26260.472656 108 50 122 0.387459 0.562047 0.408096 0.986530 0.963014 0.917704 0.776485 0.560409 0.471318 0.259075 -0.012441 -0.174326 -0.442823 -0.555472 -0.766120 -0.884790 -0.930094 -0.967036 -0.985464 0.985887 0.965986 0.906211 0.770764 0.602997 0.427122 0.224686 -0.065694 -0.256354 -0.521667 -0.580189 -0.750562 -0.879969 -0.926150 -0.963141 -0.987336 
20.585155 16210.425781 38 52 90 0.416408 0.554561 0.407722 0.981373 0.965991 0.906966 0.790678 0.602032 0.437863 0.269421 0.104616 -0.154518 -0.321035 -0.508798 -0.681305 -0.889905 -0.950774 -0.970854 -0.983992 0.979690 0.958122 0.896950 0.774702 0.598313 0.425696 0.244443 0.074047 -0.166727 -0.421158 -0.506490 -0.723951 -0.884831 -0.940680 -0.969650 -0.983168 
18.586666 11409.134766 140 76 98 0.442302 0.466185 0.587222 0.985076 0.962488 0.911361 0.814379 0.649605 0.477124 0.242977 0.066000 -0.120415 -0.312077 -0.533170 -0.676416 -0.862001 -0.945033 -0.969057 -0.980983 0.977815 0.956235 0.903316 0.796723 0.615158 0.437371 0.237733 0.039902 -0.142638 -0.329777 -0.534725 -0.671019 -0.861970 -0.944253 -0.967556 -0.979883 
16.876005 10207.510742 100 100 54 0.582211 0.545027 0.409834 0.984103 0.958596 0.913133 0.806876 0.606258 0.475172 0.326136 0.035839 -0.157965 -0.283903 -0.489121 -0.638344 -0.786898 -0.906339 -0.966227 -0.975697 0.987797 0.961166 0.923726 0.818494 0.617035 0.472023 0.326028 0.109354 -0.105436 -0.239695 -0.485419 -0.625554 -0.846363 -0.926898 -0.968516 -0.978238 
13.949032 487.542786 62 92 104 0.490447 0.214209 0.809028 0.981580 0.965975 0.934886 0.806334 0.582002 0.501451 0.296329 0.081114 -0.134610 -0.266123 -0.449630 -0.647106 -0.707176 -0.899069 -0.953027 -0.981167 0.977728 0.966287 0.925285 0.787018 0.586065 0.511841 0.286046 0.080777 -0.133188 -0.241716 -0.522958 -0.644605 -0.748837 -0.900736 -0.959141 -0.977337 
