55.985458 59517324.000000 20 48 54 0.000000 0.707668 0.934424 0.960945 0.939125 0.899484 0.805072 0.721381 0.667130 0.261462 -0.007288 -0.073435 -0.215173 -0.353851 -0.410699 -0.690089 -0.785151 -0.885387 -0.905526 0.973861 0.936951 0.900184 0.786938 0.713682 0.664276 0.276358 0.010471 -0.086969 -0.214027 -0.311032 -0.478913 -0.708270 -0.801259 -0.882670 -0.923684 
62.815098 167476416.000000 54 56 56 0.924426 0.962549 0.917816 0.961595 0.944631 0.895436 0.799157 0.741317 0.664463 0.190718 -0.014863 -0.098601 -0.238919 -0.348450 -0.446908 -0.672257 -0.791292 -0.873347 -0.899494 0.958752 0.941838 0.896575 0.798854 0.737036 0.661182 0.216803 -0.011780 -0.098677 -0.231057 -0.351389 -0.418663 -0.693913 -0.792759 -0.870872 -0.898650 
61.856686 64229672.000000 56 58 70 0.952323 0.959427 0.663579 0.971961 0.954506 0.903301 0.808156 0.760040 0.668580 0.167183 -0.000148 -0.065317 -0.192069 -0.348578 -0.413389 -0.681917 -0.798237 -0.866493 -0.895920 0.964026 0.948548 0.892805 0.805360 0.751502 0.662396 0.160388 0.016220 -0.086915 -0.210517 -0.366211 -0.448125 -0.679596 -0.803466 -0.870427 -0.898583 
51.971569 2031457.375000 68 60 62 0.759142 0.822796 0.909125 0.992962 0.982881 0.926716 0.840711 0.778712 0.650924 0.363449 0.059391 -0.041483 -0.229948 -0.339081 -0.451827 -0.667121 -0.805174 -0.892751 -0.916169 0.991141 0.977859 0.908384 0.819053 0.771631 0.666107 0.275939 0.012098 -0.053611 -0.214217 -0.341553 -0.450901 -0.679722 -0.816399 -0.888664 -0.921471 
51.936230 1800719.125000 62 64 62 0.916513 0.965528 0.943719 0.993036 0.982991 0.917219 0.822021 0.734746 0.681059 0.445596 0.114769 -0.030608 -0.216015 -0.305177 -0.423347 -0.599501 -0.736148 -0.855015 -0.921785 0.993120 0.983565 0.921712 0.823355 0.756077 0.688405 0.437930 0.125096 -0.039442 -0.222444 -0.302740 -0.428779 -0.649261 -0.776757 -0.890880 -0.921535 
51.906952 1529466.000000 64 64 64 0.906259 0.936001 0.941563 0.993128 0.981618 0.933329 0.830782 0.743429 0.700176 0.406877 0.149061 -0.059989 -0.223923 -0.299856 -0.460375 -0.619638 -0.754707 -0.857881 -0.902356 0.993249 0.983137 0.926019 0.824585 0.724755 0.684487 0.425842 0.130495 -0.034043 -0.242697 -0.336656 -0.431774 -0.606443 -0.727369 -0.850200 -0.912388 
51.714096 1462492.000000 64 64 64 0.927328 0.956322 0.906373 0.993479 0.982838 0.940819 0.820349 0.713759 0.685456 0.403490 0.045359 -0.094287 -0.209352 -0.303308 -0.443664 -0.613121 -0.688444 -0.783351 -0.918457 0.993140 0.981039 0.931489 0.810432 0.722677 0.692498 0.385596 0.091923 -0.086717 -0.194188 -0.283381 -0.433283 -0.619993 -0.690203 -0.828907 -0.902384 
51.080208 1014115.187500 64 62 64 0.887500 0.928403 0.752434 0.993300 0.984253 0.938289 0.805706 0.723998 0.676966 0.429855 0.089377 -0.087290 -0.200902 -0.292764 -0.408538 -0.580666 -0.671497 -0.793982 -0.950879 0.993174 0.983080 0.943786 0.827485 0.716311 0.686867 0.461891 0.128238 -0.090530 -0.212731 -0.289487 -0.451387 -0.603459 -0.661863 -0.787953 -0.940526 
58.418507 80967272.000000 62 58 58 0.857349 0.698963 0.954108 0.976646 0.962158 0.921519 0.760722 0.622549 0.577941 0.291743 0.114583 0.014869 -0.150325 -0.299012 -0.375926 -0.589775 -0.748041 -0.823642 -0.869798 0.992156 0.979878 0.923803 0.775482 0.677662 0.595353 0.409017 0.130364 0.033928 -0.178116 -0.290593 -0.417395 -0.605267 -0.759468 -0.834569 -0.898452 
61.828922 205952016.000000 58 58 54 0.949190 0.940399 0.967073 0.966868 0.947965 0.908511 0.751323 0.603560 0.541423 0.290341 0.073521 -0.023217 -0.172413 -0.335686 -0.415721 -0.595965 -0.718271 -0.829416 -0.872814 0.970097 0.951940 0.911648 0.759920 0.606588 0.555998 0.266343 0.081229 -0.013467 -0.164919 -0.331530 -0.401991 -0.605657 -0.729764 -0.824916 -0.870098 
61.666050 258970752.000000 56 54 52 0.939124 0.956864 0.905181 0.966255 0.942332 0.904445 0.741076 0.596998 0.518596 0.264917 0.077647 -0.038052 -0.184278 -0.347889 -0.450865 -0.618642 -0.715794 -0.814144 -0.864525 0.966479 0.944410 0.908422 0.756212 0.596887 0.533598 0.266987 0.088050 -0.013409 -0.188007 -0.332914 -0.413453 -0.592279 -0.705622 -0.791780 -0.842946 
61.741108 356773920.000000 52 50 48 0.956019 0.987800 0.971458 0.968795 0.943202 0.884368 0.744471 0.611621 0.524217 0.248844 0.068556 -0.024197 -0.187251 -0.355997 -0.451262 -0.609940 -0.737755 -0.828969 -0.864402 0.968814 0.942833 0.891591 0.746101 0.604481 0.527921 0.266364 0.069173 -0.024596 -0.178244 -0.377625 -0.455441 -0.614849 -0.728450 -0.835439 -0.868678 
62.384438 342328064.000000 48 48 46 0.947224 0.949292 0.982259 0.971980 0.943516 0.901760 0.740769 0.601922 0.535251 0.218667 0.066625 -0.051945 -0.183866 -0.355230 -0.427979 -0.630385 -0.728923 -0.836836 -0.868207 0.968305 0.943060 0.889520 0.731044 0.613987 0.526123 0.233682 0.057361 -0.048648 -0.177109 -0.365860 -0.445634 -0.632835 -0.739516 -0.836287 -0.880525 
61.817368 222882768.000000 46 46 46 0.983922 0.986557 0.990268 0.977174 0.952810 0.909285 0.765607 0.599406 0.539452 0.241746 0.098012 -0.047441 -0.163434 -0.346942 -0.437300 -0.679634 -0.760400 -0.839068 -0.864928 0.974572 0.947499 0.906376 0.752755 0.591886 0.532271 0.205162 0.064658 -0.044511 -0.173275 -0.362185 -0.429346 -0.646901 -0.744389 -0.830519 -0.859417 
60.033039 59721320.000000 46 46 48 0.982298 0.974542 0.955612 0.986284 0.970158 0.936374 0.771172 0.617762 0.521685 0.253190 0.044463 -0.041391 -0.209911 -0.301466 -0.430473 -0.662976 -0.724629 -0.805786 -0.861853 0.981755 0.962254 0.919585 0.769766 0.606434 0.548646 0.256674 0.077981 0.007587 -0.158155 -0.311780 -0.462337 -0.667594 -0.738755 -0.816407 -0.856084 
55.095329 69388552.000000 46 50 48 0.940981 0.899344 0.444779 0.989046 0.972665 0.916039 0.681125 0.522570 0.353006 0.119413 -0.015522 -0.199260 -0.253778 -0.448543 -0.594464 -0.710252 -0.819540 -0.918986 -0.981116 0.989416 0.976956 0.941130 0.776550 0.581082 0.486661 0.182199 0.039418 -0.107331 -0.254019 -0.322432 -0.514102 -0.687508 -0.769338 -0.849067 -0.983235 
51.560760 58959260.000000 60 46 48 0.511202 0.546674 0.550736 0.981954 0.941196 0.890877 0.621905 0.471463 0.252508 0.027616 -0.043354 -0.190334 -0.317932 -0.519392 -0.613880 -0.731982 -0.833267 -0.939009 -0.985597 0.986801 0.953338 0.905711 0.642426 0.477607 0.289069 0.063957 -0.058624 -0.207062 -0.295871 -0.519091 -0.612084 -0.707618 -0.812897 -0.930790 -0.979538 
49.274773 41047616.000000 50 52 48 0.578654 0.520915 0.770069 0.966301 0.934198 0.866303 0.597393 0.455289 0.183022 0.092529 -0.050604 -0.195436 -0.374032 -0.543738 -0.668078 -0.761595 -0.862179 -0.940495 -0.980483 0.971136 0.940775 0.867135 0.600623 0.456100 0.203044 0.067740 -0.027882 -0.198441 -0.340887 -0.536981 -0.639377 -0.784533 -0.847760 -0.945858 -0.982181 
46.941948 27930866.000000 48 48 48 0.655370 0.779414 0.360684 0.980260 0.929810 0.805941 0.597179 0.373172 0.247118 0.164869 0.002159 -0.161712 -0.306795 -0.511404 -0.642568 -0.739269 -0.837758 -0.929997 -0.983297 0.980781 0.939842 0.845043 0.606338 0.424819 0.230888 0.129573 -0.020103 -0.171489 -0.318759 -0.529047 -0.656819 -0.755685 -0.844589 -0.924169 -0.980948 
50.847252 27114934.000000 60 50 78 0.361317 0.536351 0.926495 0.980743 0.971606 0.909093 0.693240 0.654182 0.396181 0.294723 0.179490 -0.056777 -0.183005 -0.434941 -0.595691 -0.743462 -0.837965 -0.931572 -0.985655 0.984931 0.968082 0.809564 0.626416 0.458442 0.292950 0.243855 0.014662 -0.114639 -0.264527 -0.463200 -0.617421 -0.732895 -0.839290 -0.930381 -0.981504 
55.662163 10136517.000000 78 82 86 0.856630 0.844923 0.683697 0.977902 0.970209 0.906580 0.747183 0.696813 0.641606 0.564094 0.195896 -0.014857 -0.183309 -0.390423 -0.563518 -0.694134 -0.846144 -0.921736 -0.969162 0.977518 0.970565 0.913964 0.734966 0.681564 0.616586 0.459656 0.205420 -0.023753 -0.121849 -0.423747 -0.561656 -0.719339 -0.860725 -0.928539 -0.967430 
54.607681 8630822.000000 90 92 92 0.648414 0.714002 0.954974 0.978109 0.967409 0.876073 0.734783 0.694668 0.648004 0.572322 0.209973 -0.008083 -0.159979 -0.348849 -0.578219 -0.659633 -0.771250 -0.919171 -0.977100 0.976541 0.969038 0.889344 0.734938 0.688306 0.651551 0.561762 0.204872 0.011146 -0.156435 -0.374605 -0.573598 -0.663420 -0.779101 -0.910929 -0.973470 
53.915947 4109176.000000 92 92 90 0.969848 0.895715 0.660647 0.979479 0.970882 0.876445 0.750353 0.708324 0.664444 0.582257 0.254372 0.003365 -0.151082 -0.380679 -0.529181 -0.711815 -0.809390 -0.908225 -0.979584 0.979867 0.968979 0.868804 0.743038 0.706157 0.660939 0.590126 0.282479 -0.016870 -0.157023 -0.376647 -0.573809 -0.708221 -0.812195 -0.918564 -0.977798 
52.404968 1381173.625000 116 86 70 0.825347 0.677338 0.554437 0.979559 0.970516 0.917445 0.758368 0.708666 0.669872 0.601995 0.340031 0.041127 -0.081673 -0.304690 -0.521970 -0.683638 -0.775293 -0.898392 -0.975709 0.978203 0.970107 0.867172 0.744900 0.704679 0.660804 0.595216 0.305041 0.046850 -0.107875 -0.316343 -0.502033 -0.673289 -0.781130 -0.897290 -0.967405 
51.034477 503509.250000 68 74 92 0.514393 0.877626 0.590425 0.980935 0.971422 0.939272 0.802332 0.737926 0.698163 0.604457 0.424960 0.124189 -0.058352 -0.244845 -0.480974 -0.626795 -0.788034 -0.903543 -0.971108 0.979481 0.970239 0.935966 0.801862 0.729757 0.691985 0.593456 0.373355 0.085525 -0.078132 -0.279529 -0.506741 -0.667188 -0.779345 -0.909163 -0.976504 
51.109886 395898.687500 92 78 82 0.604450 0.524219 0.611311 0.978977 0.971289 0.923530 0.806321 0.755590 0.705249 0.659838 0.443220 0.133624 -0.064415 -0.259713 -0.471487 -0.650808 -0.792194 -0.910535 -0.973554 0.980324 0.971674 0.924225 0.799694 0.749342 0.706554 0.642300 0.438781 0.141134 -0.051551 -0.242403 -0.471533 -0.646430 -0.797227 -0.912191 -0.971430 
49.941360 254063.703125 82 76 76 0.707955 0.619250 0.809341 0.982980 0.971545 0.925565 0.797890 0.761136 0.710001 0.672925 0.501025 0.106097 -0.052763 -0.300688 -0.487108 -0.700276 -0.794644 -0.904436 -0.975812 0.979107 0.970590 0.930971 0.798950 0.767355 0.706061 0.676634 0.488190 0.082749 -0.056536 -0.297205 -0.488262 -0.654844 -0.795955 -0.907002 -0.977034 
50.538483 242320.734375 76 78 78 0.832967 0.805988 0.794166 0.979702 0.971039 0.931654 0.807552 0.762516 0.708496 0.670289 0.587928 0.112606 -0.061102 -0.262473 -0.521941 -0.704421 -0.801919 -0.896477 -0.973940 0.981077 0.970497 0.935450 0.820964 0.770420 0.709731 0.678372 0.514133 0.109652 -0.081819 -0.316368 -0.502342 -0.720863 -0.795579 -0.891625 -0.974958 
48.087112 136157.718750 78 78 74 0.792268 0.766010 0.692581 0.983805 0.970712 0.939857 0.808735 0.757846 0.708522 0.658815 0.549421 0.088108 -0.104984 -0.343578 -0.513028 -0.680529 -0.813022 -0.903985 -0.979688 0.981754 0.971478 0.941838 0.805140 0.766601 0.709965 0.659962 0.528903 0.077602 -0.086655 -0.308527 -0.506927 -0.684391 -0.814018 -0.899221 -0.975858 
42.166767 53408.121094 74 70 80 0.644623 0.383404 0.520381 0.991215 0.975420 0.937744 0.806406 0.742796 0.681948 0.628431 0.436255 0.055886 -0.108006 -0.331116 -0.479959 -0.671248 -0.825996 -0.917969 -0.971266 0.987740 0.971754 0.944677 0.813456 0.750775 0.704426 0.660098 0.506874 0.080223 -0.110407 -0.327212 -0.488163 -0.682976 -0.808732 -0.914277 -0.977106 
34.556030 24712.644531 76 82 80 0.459971 0.617228 0.592404 0.988467 0.972663 0.935399 0.752980 0.722272 0.670794 0.615478 0.345177 -0.005529 -0.157732 -0.365019 -0.523730 -0.678536 -0.822476 -0.918928 -0.967863 0.993027 0.977472 0.924956 0.769015 0.713370 0.654029 0.604359 0.407740 0.018236 -0.146032 -0.350978 -0.501273 -0.682653 -0.832824 -0.919318 -0.961047 
28.402586 12343.831055 80 74 76 0.578242 0.640925 0.569390 0.984508 0.969765 0.898808 0.766183 0.730068 0.668697 0.540350 0.276887 0.045385 -0.174835 -0.357269 -0.537329 -0.690850 -0.836242 -0.890858 -0.969963 0.977922 0.968384 0.899415 0.760994 0.724399 0.673144 0.596988 0.296001 0.054285 -0.162541 -0.365020 -0.535737 -0.665968 -0.815594 -0.905646 -0.975872 
23.276623 12855.632812 78 80 74 0.601636 0.362720 0.373413 0.984528 0.957569 0.847631 0.772021 0.718008 0.631171 0.522309 0.154402 0.019150 -0.171044 -0.345067 -0.555952 -0.701172 -0.825478 -0.911690 -0.967283 0.987944 0.966313 0.889946 0.763425 0.735766 0.648325 0.510747 0.210435 -0.023302 -0.174486 -0.347892 -0.554322 -0.708911 -0.846176 -0.908177 -0.968319 
22.491865 16924.628906 74 50 134 0.433217 0.482622 0.443662 0.976597 0.957041 0.804516 0.743627 0.677237 0.630166 0.469262 0.135219 -0.026521 -0.188871 -0.312765 -0.493961 -0.733137 -0.805120 -0.892325 -0.966865 0.978426 0.953362 0.831425 0.761874 0.690210 0.625486 0.481630 0.161106 0.001560 -0.173360 -0.327218 -0.521300 -0.717827 -0.801666 -0.899411 -0.975010 
22.462051 15012.615234 54 148 148 0.440080 0.586204 0.477638 0.977125 0.945935 0.780865 0.731701 0.650747 0.608629 0.487905 0.138908 0.001112 -0.173881 -0.319084 -0.460489 -0.731954 -0.806308 -0.898837 -0.974193 0.973594 0.952279 0.810547 0.743408 0.682934 0.630638 0.454318 0.167946 -0.014469 -0.197029 -0.337942 -0.476060 -0.718180 -0.809314 -0.907068 -0.967328 
22.054827 18506.642578 140 56 130 0.463831 0.481438 0.608216 0.975562 0.947641 0.785858 0.702870 0.630376 0.599560 0.368819 0.112196 -0.036295 -0.210406 -0.316366 -0.439692 -0.671753 -0.807837 -0.875350 -0.970036 0.978924 0.945910 0.783059 0.710804 0.630764 0.601677 0.436182 0.106664 -0.011142 -0.197900 -0.302923 -0.486855 -0.709063 -0.808045 -0.887397 -0.976296 
20.019360 20510.205078 130 148 108 0.447020 0.435127 0.397533 0.966348 0.934166 0.769609 0.699657 0.626552 0.560584 0.348707 0.105475 -0.108992 -0.253371 -0.337201 -0.385081 -0.696175 -0.810067 -0.868262 -0.968693 0.967273 0.944244 0.781202 0.699210 0.647861 0.572772 0.328603 0.123152 -0.103965 -0.278473 -0.343728 -0.414996 -0.670202 -0.807725 -0.869013 -0.972497 
24.594257 28556.132812 52 96 46 0.467170 0.531415 0.519807 0.974597 0.933148 0.736789 0.694828 0.613050 0.592215 0.346701 0.034795 -0.112767 -0.230180 -0.315948 -0.375960 -0.638363 -0.795951 -0.871310 -0.969846 0.969235 0.932298 0.752055 0.690541 0.618703 0.591387 0.334322 0.057616 -0.083300 -0.208251 -0.305368 -0.368451 -0.673690 -0.814490 -0.884076 -0.964272 
27.304409 59477.175781 62 62 60 0.626035 0.364704 0.344309 0.968884 0.937888 0.724286 0.685637 0.602583 0.565334 0.224833 0.006958 -0.074961 -0.196075 -0.291541 -0.345861 -0.576313 -0.782416 -0.853060 -0.967669 0.970822 0.935388 0.720734 0.695247 0.621575 0.575424 0.314964 -0.003728 -0.110145 -0.221977 -0.299444 -0.354623 -0.595991 -0.781085 -0.864091 -0.973087 
29.403351 119966.429688 74 110 74 0.346401 0.332948 0.457727 0.964765 0.906577 0.722347 0.683172 0.607221 0.492337 0.184055 0.052179 -0.081326 -0.176450 -0.264729 -0.328726 -0.598210 -0.791329 -0.851273 -0.971771 0.966336 0.917045 0.727707 0.683535 0.604108 0.524712 0.191830 0.027421 -0.089351 -0.175170 -0.278631 -0.332353 -0.560352 -0.796480 -0.869750 -0.970265 
31.505184 237068.578125 76 102 74 0.434939 0.502338 0.502875 0.967183 0.914438 0.712652 0.661155 0.565381 0.462614 0.188956 0.049723 -0.109766 -0.189077 -0.279488 -0.363411 -0.604356 -0.823820 -0.857085 -0.976114 0.966075 0.906140 0.723164 0.684031 0.587174 0.478124 0.196970 0.076829 -0.122201 -0.174904 -0.279767 -0.341961 -0.606281 -0.782556 -0.853944 -0.971896 
31.837830 289558.781250 154 148 118 0.557245 0.564783 0.621450 0.966219 0.954382 0.729622 0.672287 0.606964 0.514353 0.210838 0.042178 -0.072117 -0.182710 -0.302605 -0.365360 -0.659207 -0.809280 -0.833347 -0.956172 0.965807 0.936516 0.729163 0.653986 0.582681 0.445220 0.177145 0.026564 -0.073251 -0.186702 -0.321115 -0.384004 -0.666587 -0.827828 -0.856077 -0.972497 
30.672884 144485.437500 48 100 58 0.559424 0.475148 0.609183 0.966277 0.926340 0.728864 0.683527 0.625129 0.553379 0.216438 0.082918 -0.072592 -0.167820 -0.292671 -0.356284 -0.668976 -0.792954 -0.835205 -0.988081 0.964815 0.941230 0.729839 0.679729 0.603031 0.519919 0.220451 0.059136 -0.075549 -0.196659 -0.291142 -0.353973 -0.630933 -0.802589 -0.825678 -0.969554 
29.465334 44920.222656 82 80 132 0.420869 0.512303 0.460512 0.974197 0.918108 0.746846 0.715156 0.657010 0.619582 0.270665 0.142814 -0.018106 -0.166365 -0.280529 -0.351879 -0.688097 -0.774832 -0.882442 -0.980266 0.972639 0.935339 0.733903 0.697470 0.639445 0.594203 0.237044 0.120355 -0.049324 -0.143809 -0.292959 -0.366998 -0.676925 -0.780465 -0.869086 -0.987182 
25.235796 14834.392578 132 148 148 0.450451 0.603661 0.483329 0.975292 0.897923 0.788524 0.755411 0.688315 0.629902 0.356437 0.116341 -0.017487 -0.225853 -0.298731 -0.443200 -0.699322 -0.825761 -0.919523 -0.972815 0.973009 0.900877 0.767310 0.736153 0.680397 0.634978 0.298340 0.120169 -0.023777 -0.191880 -0.293956 -0.364017 -0.691467 -0.788548 -0.909349 -0.977219 
13.928448 3997.601318 116 56 88 0.484377 0.479355 0.354889 0.982427 0.931000 0.836790 0.745879 0.653403 0.586945 0.375991 0.156820 -0.027333 -0.272619 -0.419976 -0.606160 -0.752087 -0.842898 -0.926266 -0.986754 0.980031 0.920156 0.824664 0.768492 0.673046 0.600272 0.428025 0.145987 0.022852 -0.239103 -0.341362 -0.566128 -0.716137 -0.849261 -0.915095 -0.978466 
9.159668 2825.010254 72 106 62 0.415747 0.438965 0.493715 0.978496 0.957589 0.853405 0.750260 0.639728 0.477010 0.352652 0.110176 -0.055783 -0.245148 -0.466966 -0.590044 -0.728889 -0.851528 -0.924920 -0.973345 0.980263 0.959386 0.842184 0.736340 0.648145 0.508826 0.362221 0.168077 -0.069096 -0.243579 -0.478103 -0.592142 -0.747005 -0.835096 -0.926989 -0.983984 
5.444179 1849.056152 64 52 122 0.403796 0.453223 0.538027 0.981707 0.940840 0.879246 0.749243 0.603226 0.486580 0.278129 0.076224 -0.088675 -0.277843 -0.462925 -0.581893 -0.734397 -0.864878 -0.946733 -0.977533 0.980134 0.942131 0.874712 0.760595 0.629900 0.476628 0.323557 0.078166 -0.083857 -0.258871 -0.439436 -0.595418 -0.717214 -0.867904 -0.934079 -0.967177 
23.662443 4444.995605 122 66 44 0.520654 0.456531 0.824149 0.990335 0.983278 0.941027 0.884679 0.783326 0.567086 0.389919 0.204828 -0.045319 -0.250629 -0.402318 -0.569767 -0.703736 -0.823886 -0.937686 -0.977113 0.983747 0.958383 0.875712 0.765266 0.604979 0.470092 0.296889 0.086413 -0.079680 -0.249782 -0.460419 -0.548469 -0.750045 -0.853601 -0.946696 -0.977428 
55.644409 698677.750000 44 58 56 0.584139 0.873500 0.876418 0.982523 0.974514 0.959468 0.874063 0.825138 0.785595 0.480017 0.230399 -0.057695 -0.264547 -0.306716 -0.483896 -0.698737 -0.745915 -0.847690 -0.972163 0.987321 0.977230 0.958701 0.891158 0.843964 0.821884 0.466704 0.227203 -0.051393 -0.283136 -0.321996 -0.444305 -0.694724 -0.757101 -0.885766 -0.972095 
59.940399 5191785.000000 56 56 54 0.971538 0.930120 0.958785 0.983705 0.974200 0.956472 0.792593 0.700106 0.661475 0.499343 0.308423 0.100569 -0.216220 -0.283022 -0.462183 -0.622292 -0.715856 -0.771038 -0.954112 0.982336 0.974579 0.955592 0.841000 0.761708 0.720995 0.547421 0.294521 0.083309 -0.268490 -0.318492 -0.526925 -0.697567 -0.737700 -0.811413 -0.967282 
58.009151 5892331.000000 54 56 68 0.965810 0.903455 0.590387 0.987192 0.977303 0.955047 0.672195 0.621288 0.529047 0.342287 0.250263 0.013295 -0.201414 -0.260177 -0.390635 -0.503472 -0.661251 -0.746532 -0.938105 0.985367 0.974755 0.957031 0.714124 0.655102 0.577043 0.398816 0.292130 0.076972 -0.206789 -0.265865 -0.419813 -0.536380 -0.661430 -0.741984 -0.935575 
37.821598 112448.015625 62 56 74 0.560050 0.661806 0.418888 0.980385 0.973483 0.938709 0.781747 0.628464 0.527562 0.419222 0.320391 0.150905 -0.231711 -0.346864 -0.487487 -0.581483 -0.703321 -0.823532 -0.965709 0.985443 0.973982 0.939181 0.733805 0.625950 0.541800 0.339570 0.269549 -0.026986 -0.184311 -0.267727 -0.402856 -0.521258 -0.710977 -0.783619 -0.972044 
34.528645 116813.789062 56 54 54 0.501798 0.895337 0.640887 0.980422 0.972618 0.926260 0.717101 0.616505 0.545689 0.387031 0.204226 0.029443 -0.089380 -0.261607 -0.444611 -0.577633 -0.764011 -0.885195 -0.972587 0.982670 0.972950 0.930563 0.755499 0.628405 0.560780 0.426425 0.327507 0.197218 -0.225802 -0.351430 -0.484549 -0.584929 -0.706531 -0.874850 -0.966550 
50.681099 92365432.000000 54 66 54 0.853808 0.533669 0.695440 0.976874 0.931239 0.778029 0.647494 0.372603 0.224168 0.045150 -0.070673 -0.186174 -0.302332 -0.496363 -0.652057 -0.792234 -0.858802 -0.952826 -0.985558 0.974790 0.948932 0.800917 0.715611 0.560135 0.294807 0.145988 0.030432 -0.088502 -0.191517 -0.327641 -0.543058 -0.669804 -0.817770 -0.918332 -0.982868 
52.535378 65333284.000000 58 48 58 0.359941 0.547836 0.642208 0.979028 0.933239 0.655061 0.576105 0.378785 0.253078 0.084990 -0.009002 -0.207920 -0.354669 -0.556886 -0.684342 -0.778856 -0.870105 -0.947932 -0.989555 0.978552 0.933896 0.701237 0.546870 0.360478 0.206145 0.068784 -0.074919 -0.240361 -0.358960 -0.542057 -0.667175 -0.794966 -0.865289 -0.954186 -0.987583 
48.675392 28889122.000000 56 56 58 0.777040 0.754940 0.783925 0.983888 0.899579 0.691364 0.664534 0.591566 0.423851 0.193368 0.054544 -0.203893 -0.324613 -0.507723 -0.646825 -0.778223 -0.866997 -0.933210 -0.989894 0.980780 0.912987 0.666261 0.632568 0.455589 0.284874 0.109007 -0.012304 -0.229417 -0.355406 -0.545242 -0.663246 -0.774530 -0.869145 -0.937205 -0.986648 
38.874458 2352035.500000 52 56 56 0.500780 0.700982 0.651615 0.985954 0.961173 0.803736 0.699668 0.568704 0.362257 0.227215 0.017927 -0.150115 -0.322995 -0.504227 -0.637591 -0.764754 -0.878592 -0.936470 -0.990131 0.988591 0.942835 0.718087 0.670031 0.623506 0.446801 0.210444 0.054800 -0.157114 -0.327201 -0.522011 -0.645106 -0.768908 -0.866910 -0.925187 -0.978160 
49.504795 4119102.250000 120 44 54 0.558082 0.579406 0.829895 0.991252 0.983086 0.924670 0.837041 0.774427 0.545446 0.278873 0.048933 -0.079667 -0.171816 -0.374142 -0.593750 -0.749163 -0.843498 -0.922451 -0.983493 0.989385 0.972689 0.854695 0.737306 0.560220 0.385150 0.223386 -0.003266 -0.133083 -0.267960 -0.444854 -0.627519 -0.763959 -0.864883 -0.944404 -0.991948 
54.187656 13563365.000000 54 58 62 0.859066 0.949372 0.941592 0.992497 0.977676 0.887805 0.835274 0.717245 0.557350 0.177616 0.026863 -0.063171 -0.128344 -0.310397 -0.535499 -0.684163 -0.763969 -0.902839 -0.976761 0.992527 0.983094 0.890110 0.835475 0.762736 0.558394 0.227037 0.027049 -0.075033 -0.143930 -0.311392 -0.553458 -0.702185 -0.777163 -0.913255 -0.981373 
52.245056 13464583.000000 62 62 60 0.924579 0.903082 0.384816 0.987326 0.967363 0.896918 0.839835 0.723615 0.588369 0.195533 0.064382 -0.054767 -0.129958 -0.261729 -0.561746 -0.695310 -0.782541 -0.902785 -0.969898 0.991996 0.972489 0.887476 0.844395 0.718931 0.506454 0.154297 0.038647 -0.071753 -0.126787 -0.323280 -0.532870 -0.680947 -0.766419 -0.917411 -0.971645 
59.827515 55237992.000000 60 62 62 0.400494 0.930422 0.925148 0.976876 0.954562 0.875122 0.837422 0.752743 0.666557 0.251112 0.047980 -0.040673 -0.131379 -0.169891 -0.459427 -0.727239 -0.804476 -0.841190 -0.921924 0.977440 0.960711 0.885661 0.849718 0.747769 0.665554 0.264170 0.062951 -0.020266 -0.133345 -0.170168 -0.484204 -0.716152 -0.803745 -0.849862 -0.930705 
60.308205 90573376.000000 64 64 64 0.938087 0.981582 0.965312 0.977297 0.953911 0.877683 0.803993 0.726425 0.656049 0.194943 0.041383 -0.061297 -0.152475 -0.259439 -0.389102 -0.717079 -0.789641 -0.847105 -0.896649 0.976700 0.952381 0.869463 0.823600 0.741297 0.662760 0.216796 0.055223 -0.062698 -0.130917 -0.221870 -0.384104 -0.720131 -0.794808 -0.835795 -0.896821 
57.749134 28497240.000000 64 64 64 0.969418 0.948353 0.899360 0.983247 0.960259 0.909747 0.819631 0.697347 0.659703 0.276309 0.034245 -0.077179 -0.215102 -0.314458 -0.394094 -0.673059 -0.788481 -0.854773 -0.897278 0.978562 0.954726 0.891278 0.794817 0.714509 0.660467 0.171561 0.032929 -0.083684 -0.197676 -0.293295 -0.386109 -0.717762 -0.789040 -0.842934 -0.876964 
49.336914 18814012.000000 64 64 64 0.906593 0.709245 0.429283 0.989732 0.952947 0.873610 0.800877 0.659754 0.564578 0.118614 -0.058578 -0.252775 -0.380416 -0.563579 -0.702910 -0.816331 -0.877896 -0.947394 -0.973078 0.987734 0.969473 0.905438 0.834469 0.680572 0.641269 0.270296 0.024287 -0.050322 -0.305620 -0.385465 -0.605306 -0.762201 -0.840543 -0.908320 -0.955694 
54.964981 27739486.000000 62 64 64 0.532495 0.487611 0.445550 0.971375 0.927888 0.858406 0.751539 0.608917 0.381242 0.031399 -0.077603 -0.319600 -0.476890 -0.659757 -0.780411 -0.874494 -0.937334 -0.971116 -0.984247 0.976056 0.921323 0.864011 0.788433 0.624419 0.364543 0.036401 -0.116222 -0.326420 -0.460093 -0.616940 -0.752533 -0.838623 -0.922506 -0.965240 -0.979555 
55.068909 20187340.000000 66 64 62 0.458886 0.563254 0.646610 0.982957 0.915849 0.843508 0.735388 0.585596 0.208024 -0.009137 -0.156143 -0.362989 -0.537519 -0.723578 -0.787330 -0.849923 -0.912744 -0.966242 -0.992204 0.975213 0.931315 0.851813 0.741188 0.592478 0.306444 0.011901 -0.071353 -0.335560 -0.481271 -0.717379 -0.799643 -0.868243 -0.931818 -0.969838 -0.987683 
53.703346 7213750.000000 62 64 62 0.645762 0.808023 0.712181 0.980543 0.926102 0.851103 0.781792 0.658224 0.204962 -0.012237 -0.212033 -0.325785 -0.542129 -0.688269 -0.740395 -0.793558 -0.848190 -0.944787 -0.983632 0.975380 0.919806 0.854678 0.750141 0.591581 0.178769 -0.046572 -0.243758 -0.380263 -0.602425 -0.712402 -0.761006 -0.822503 -0.888710 -0.955755 -0.988712 
36.299614 2982671.750000 62 50 64 0.663739 0.499821 0.445326 0.957344 0.915649 0.848946 0.715977 0.568042 0.302446 0.151055 0.050576 -0.081779 -0.269659 -0.543930 -0.705765 -0.779891 -0.869139 -0.951814 -0.982574 0.972888 0.921584 0.865806 0.787908 0.671902 0.276845 0.094922 -0.040815 -0.246278 -0.433823 -0.630906 -0.732267 -0.798933 -0.888123 -0.954202 -0.988550 
40.599945 7918880.500000 64 96 64 0.537997 0.505487 0.466367 0.967786 0.937636 0.782416 0.655452 0.594828 0.430009 0.187461 0.081832 -0.047663 -0.235180 -0.407365 -0.637745 -0.755279 -0.834895 -0.945410 -0.979123 0.963955 0.926363 0.821813 0.664210 0.583230 0.372974 0.191261 0.067007 -0.047970 -0.214996 -0.415424 -0.619958 -0.756534 -0.819617 -0.940535 -0.986265 
33.007980 722678.125000 46 64 62 0.336446 0.564540 0.830702 0.959788 0.930253 0.840270 0.760905 0.649119 0.433142 0.099594 0.004536 -0.187381 -0.356743 -0.580204 -0.728327 -0.800030 -0.903253 -0.957649 -0.984238 0.959903 0.924930 0.794603 0.679318 0.607108 0.450491 0.149857 0.063360 -0.093205 -0.286257 -0.437530 -0.698292 -0.764779 -0.867982 -0.951720 -0.980954 
28.704126 344360.125000 62 64 56 0.634654 0.505047 0.504662 0.968461 0.909522 0.834052 0.758692 0.608366 0.467419 0.171686 0.059296 -0.142396 -0.337878 -0.627542 -0.727316 -0.813790 -0.887510 -0.963494 -0.984432 0.966183 0.920017 0.842947 0.764263 0.619995 0.413353 0.141604 0.039186 -0.168856 -0.337189 -0.610128 -0.735049 -0.818998 -0.901735 -0.951513 -0.981886 
30.419054 403479.937500 56 110 24 0.452031 0.398519 0.377499 0.972932 0.928423 0.851987 0.804880 0.664635 0.572501 0.347833 0.162409 0.033432 -0.128514 -0.564275 -0.717737 -0.794874 -0.901018 -0.965960 -0.977599 0.970658 0.931933 0.841732 0.745230 0.604325 0.458228 0.184607 0.063470 -0.103288 -0.308224 -0.651107 -0.723598 -0.816571 -0.910607 -0.968800 -0.984073 
40.977474 774862.937500 122 148 72 0.402414 0.565395 0.357147 0.973348 0.925336 0.853176 0.820662 0.696026 0.616903 0.500184 0.379075 0.057764 -0.102965 -0.431553 -0.665270 -0.792066 -0.857425 -0.954315 -0.976324 0.966224 0.915238 0.849898 0.807684 0.683581 0.605914 0.482357 0.332625 0.084192 -0.051918 -0.438601 -0.699862 -0.789192 -0.875595 -0.960924 -0.977536 
53.360615 776804.687500 70 64 64 0.241942 0.828145 0.984197 0.982762 0.979011 0.932221 0.880222 0.795316 0.634106 0.581536 0.249122 0.108893 -0.074424 -0.325233 -0.571536 -0.747721 -0.844724 -0.960285 -0.975845 0.985638 0.975596 0.916774 0.861129 0.768875 0.620327 0.519991 0.264721 0.073082 -0.121588 -0.394986 -0.622723 -0.785306 -0.850536 -0.949259 -0.980123 
57.831955 720408.875000 64 64 64 0.983805 0.986712 0.947052 0.982724 0.978174 0.933827 0.886382 0.814812 0.664429 0.629509 0.391338 0.120858 -0.036163 -0.305119 -0.510138 -0.699362 -0.823902 -0.942661 -0.980023 0.982583 0.978299 0.937257 0.888177 0.797464 0.649572 0.608663 0.341026 0.119216 -0.045746 -0.294160 -0.524514 -0.723337 -0.851745 -0.955074 -0.975703 
58.007427 946675.000000 64 62 60 0.965940 0.971182 0.913660 0.981591 0.976435 0.900439 0.861200 0.824961 0.689844 0.652606 0.479894 0.140190 0.016648 -0.303913 -0.497694 -0.689199 -0.810108 -0.921453 -0.976124 0.982289 0.977759 0.922279 0.874896 0.831153 0.681559 0.653327 0.477925 0.141550 0.014896 -0.313735 -0.505992 -0.687676 -0.813031 -0.925171 -0.975481 
58.447781 2082475.125000 60 60 58 0.947032 0.923033 0.944443 0.980057 0.975540 0.890444 0.769298 0.733531 0.681120 0.626531 0.507715 0.174709 0.077121 -0.170571 -0.443458 -0.628009 -0.799706 -0.914427 -0.975613 0.980721 0.975252 0.894076 0.824622 0.774579 0.698554 0.654016 0.537707 0.146634 0.042523 -0.276541 -0.474486 -0.677627 -0.813572 -0.918671 -0.976993 
62.121655 28182450.000000 58 56 54 0.935012 0.982395 0.988262 0.976529 0.970077 0.894053 0.710148 0.654105 0.588015 0.495335 0.259127 0.123464 -0.001203 -0.134580 -0.372801 -0.510062 -0.586419 -0.790488 -0.964212 0.978243 0.972820 0.891463 0.736848 0.703867 0.627359 0.565346 0.415646 0.194118 0.042065 -0.061724 -0.406340 -0.502040 -0.731663 -0.899115 -0.971588 
62.724098 101271520.000000 54 54 52 0.979551 0.983974 0.966335 0.976393 0.968141 0.927107 0.694936 0.565494 0.466714 0.345199 0.121385 0.013852 -0.136035 -0.238823 -0.427101 -0.559193 -0.624385 -0.693706 -0.961468 0.976411 0.968134 0.917503 0.695672 0.606459 0.544763 0.372254 0.200233 0.045347 -0.074855 -0.191852 -0.347376 -0.521915 -0.605909 -0.698212 -0.952238 
62.437778 84508352.000000 52 50 48 0.989274 0.978884 0.982380 0.978630 0.967442 0.944425 0.706478 0.545960 0.388443 0.324853 0.076628 -0.031407 -0.205055 -0.289269 -0.412915 -0.555415 -0.652996 -0.704715 -0.968066 0.976708 0.968270 0.936519 0.707298 0.537880 0.431119 0.311047 0.109835 -0.028776 -0.174397 -0.263917 -0.403664 -0.588560 -0.637641 -0.726354 -0.986698 
56.836967 28087156.000000 48 46 44 0.982251 0.960504 0.975567 0.986823 0.971957 0.935512 0.704491 0.554011 0.372517 0.300549 0.132115 -0.023486 -0.175981 -0.320988 -0.436408 -0.530285 -0.650765 -0.730789 -0.985517 0.983732 0.968409 0.942221 0.710517 0.536516 0.363918 0.313195 0.091511 -0.038887 -0.212270 -0.314540 -0.422282 -0.536933 -0.656103 -0.699575 -0.973221 
52.414890 8724112.000000 44 46 46 0.974097 0.954169 0.904121 0.986968 0.970743 0.943111 0.734517 0.560194 0.399402 0.263151 0.188146 0.049830 -0.115838 -0.294881 -0.391626 -0.543417 -0.617446 -0.942853 -0.988503 0.987823 0.973356 0.936431 0.741894 0.581316 0.383448 0.283104 0.182235 -0.013834 -0.128699 -0.336186 -0.418189 -0.538873 -0.641645 -0.815312 -0.989266 
51.011955 3439412.000000 46 46 34 0.958513 0.696568 0.716812 0.984255 0.977108 0.943110 0.716263 0.595631 0.441519 0.285829 0.184924 0.091712 -0.025571 -0.264454 -0.462541 -0.566114 -0.697616 -0.950327 -0.989582 0.986653 0.971637 0.942085 0.715554 0.559354 0.392045 0.246291 0.182020 0.082379 -0.058072 -0.283394 -0.412421 -0.556190 -0.643887 -0.955717 -0.991431 
51.128391 1440469.625000 32 32 30 0.750128 0.926525 0.308404 0.982050 0.977999 0.932249 0.723784 0.669377 0.515426 0.373210 0.270920 0.053591 -0.097026 -0.263688 -0.484651 -0.540775 -0.809770 -0.883838 -0.965635 0.981773 0.977830 0.944231 0.719000 0.650893 0.547656 0.373506 0.225350 0.074346 -0.043954 -0.259267 -0.490314 -0.550790 -0.718958 -0.904069 -0.986464 
46.351028 1740202.125000 154 74 88 0.399390 0.789805 0.640264 0.986308 0.978207 0.941390 0.789080 0.613409 0.455611 0.289681 0.157745 -0.083822 -0.168671 -0.324093 -0.434418 -0.611327 -0.817057 -0.864734 -0.885937 0.982848 0.976162 0.932246 0.737593 0.628081 0.453718 0.310420 0.162310 -0.057500 -0.157768 -0.322420 -0.468198 -0.565723 -0.828215 -0.872024 -0.895967 
48.726307 1700076.750000 90 38 34 0.561227 0.618303 0.729508 0.986890 0.981505 0.936292 0.853568 0.611380 0.458687 0.326200 0.182606 -0.106142 -0.187510 -0.387668 -0.450949 -0.712173 -0.828375 -0.867696 -0.891135 0.986617 0.981339 0.944151 0.833037 0.619528 0.474314 0.307106 0.178484 -0.074278 -0.183913 -0.328379 -0.419181 -0.648565 -0.819383 -0.861178 -0.886132 
52.269817 3047133.750000 74 66 66 0.389349 0.928101 0.929557 0.983677 0.979126 0.933903 0.828936 0.737335 0.516939 0.295882 0.085291 -0.065282 -0.138687 -0.366807 -0.435215 -0.706346 -0.837352 -0.869307 -0.900014 0.984285 0.979584 0.942489 0.854377 0.620802 0.425316 0.299055 0.074630 -0.113007 -0.187356 -0.393648 -0.456663 -0.723446 -0.836560 -0.871027 -0.895278 
55.763378 8139708.500000 66 70 72 0.949201 0.939775 0.970859 0.983903 0.976095 0.941779 0.769665 0.698343 0.612847 0.311617 0.105759 0.019963 -0.133015 -0.363345 -0.426299 -0.551116 -0.826869 -0.873811 -0.916977 0.983421 0.977768 0.927585 0.791485 0.734331 0.618824 0.332092 0.102216 -0.018518 -0.113813 -0.358029 -0.425751 -0.656829 -0.845222 -0.872835 -0.911498 
54.938492 3654487.500000 72 74 76 0.979518 0.979904 0.971445 0.987212 0.979679 0.960650 0.822174 0.547809 0.448406 0.266448 0.157984 0.064045 -0.122485 -0.336409 -0.412575 -0.503768 -0.727925 -0.884796 -0.913703 0.985645 0.976801 0.955269 0.784371 0.628548 0.541480 0.319871 0.139151 0.055062 -0.138528 -0.346993 -0.427758 -0.499479 -0.734468 -0.879721 -0.911867 
51.820290 2045234.875000 76 76 74 0.971213 0.961723 0.980746 0.988307 0.982784 0.964869 0.778832 0.541359 0.337269 0.224929 0.150394 0.027336 -0.196045 -0.363387 -0.438629 -0.490505 -0.736496 -0.881615 -0.909796 0.987777 0.981546 0.962444 0.803573 0.521132 0.371359 0.233247 0.158473 0.051221 -0.166560 -0.366426 -0.428261 -0.502523 -0.756942 -0.884493 -0.912308 
49.177963 1051185.625000 74 76 76 0.982724 0.978030 0.818914 0.990393 0.982833 0.966883 0.799445 0.546382 0.313779 0.249097 0.150592 0.013011 -0.205423 -0.357108 -0.442984 -0.476926 -0.662127 -0.874141 -0.907951 0.989255 0.983445 0.966946 0.775143 0.562836 0.323458 0.233166 0.139345 0.020754 -0.196824 -0.339324 -0.439668 -0.481960 -0.676677 -0.881264 -0.914451 
39.025135 73606.554688 78 88 78 0.818533 0.539709 0.724240 0.995490 0.978417 0.943251 0.792440 0.603382 0.422933 0.277580 0.191720 0.067970 -0.150923 -0.359139 -0.455940 -0.544996 -0.801133 -0.882818 -0.948425 0.992329 0.980902 0.964756 0.790816 0.577764 0.355577 0.272074 0.161913 0.001967 -0.194694 -0.372184 -0.445252 -0.496435 -0.717782 -0.873037 -0.903806 
30.287666 31403.265625 80 188 76 0.663119 0.499182 0.604997 0.991301 0.981479 0.949334 0.787712 0.569960 0.361068 0.259705 0.183339 0.104268 -0.066660 -0.336974 -0.431384 -0.574195 -0.818883 -0.897987 -0.954787 0.992163 0.974338 0.942317 0.777062 0.554505 0.397175 0.268495 0.191476 0.115279 -0.100319 -0.327444 -0.429922 -0.557903 -0.791661 -0.892643 -0.961005 
28.275671 15709.745117 78 74 72 0.701530 0.764604 0.793863 0.990327 0.972948 0.956828 0.800812 0.605845 0.378845 0.263211 0.192863 0.086595 -0.092833 -0.372792 -0.462563 -0.644658 -0.816750 -0.897644 -0.963832 0.988200 0.977933 0.955880 0.819192 0.588386 0.361322 0.268177 0.187360 0.104537 -0.032990 -0.373861 -0.457719 -0.608779 -0.829086 -0.892192 -0.969390 
25.414982 382959.250000 70 72 70 0.824056 0.568123 0.390889 0.980822 0.940927 0.832404 0.736922 0.614766 0.354901 0.199585 0.031986 -0.109493 -0.258776 -0.501586 -0.665702 -0.780609 -0.897580 -0.957020 -0.986789 0.991426 0.977263 0.951973 0.795590 0.608530 0.432286 0.267721 0.192093 0.059976 -0.185596 -0.374261 -0.506242 -0.694509 -0.823503 -0.918684 -0.975892 
48.076546 10799002.000000 74 148 148 0.531936 0.518395 0.548009 0.972301 0.894715 0.736160 0.610808 0.342327 0.195151 0.039111 -0.116961 -0.370300 -0.470240 -0.573050 -0.749341 -0.831694 -0.920577 -0.952806 -0.981204 0.960074 0.893528 0.749746 0.701976 0.486232 0.276306 0.084637 -0.050738 -0.232701 -0.404433 -0.601415 -0.720903 -0.828722 -0.930135 -0.950672 -0.982653 
42.033695 2490917.500000 78 52 74 0.358166 0.455861 0.653790 0.975657 0.938426 0.772949 0.503568 0.398344 0.286705 0.107143 -0.028956 -0.275922 -0.439370 -0.503774 -0.656112 -0.791394 -0.895275 -0.944201 -0.984125 0.973070 0.932273 0.738015 0.472030 0.354648 0.226417 0.061742 -0.097557 -0.322433 -0.463202 -0.522735 -0.675146 -0.812987 -0.901022 -0.947919 -0.974302 
39.601330 2732562.000000 74 116 64 0.771634 0.435753 0.464220 0.992167 0.973199 0.936947 0.798879 0.430476 0.360740 0.118558 0.032048 -0.147876 -0.304699 -0.403642 -0.492898 -0.718688 -0.855065 -0.935552 -0.970366 0.979938 0.930509 0.767429 0.512545 0.393311 0.325756 0.124572 -0.003054 -0.207041 -0.386932 -0.462468 -0.622851 -0.790568 -0.885311 -0.943431 -0.980341 
52.190948 15206903.000000 58 60 60 0.699227 0.962025 0.694202 0.987200 0.961123 0.925332 0.857814 0.609434 0.549528 0.258273 0.108039 -0.031348 -0.221908 -0.350910 -0.428237 -0.661574 -0.818827 -0.870795 -0.938065 0.990112 0.971305 0.934286 0.896365 0.658741 0.472862 0.212982 0.084763 -0.075693 -0.208721 -0.369461 -0.445882 -0.712193 -0.852269 -0.911461 -0.959302 
54.347481 53777216.000000 60 72 74 0.825591 0.927427 0.930234 0.979024 0.955375 0.902796 0.732366 0.594632 0.541888 0.291535 0.137036 0.008597 -0.221823 -0.337829 -0.417894 -0.618716 -0.787182 -0.873946 -0.938864 0.982653 0.956496 0.908006 0.760860 0.604937 0.550635 0.281137 0.138106 0.002058 -0.204109 -0.340168 -0.408312 -0.594509 -0.788695 -0.849986 -0.926687 
54.471687 32743662.000000 74 76 78 0.938932 0.964436 0.975945 0.974688 0.957387 0.895758 0.732531 0.614328 0.567387 0.301275 0.153459 0.025693 -0.189195 -0.320157 -0.404747 -0.590138 -0.775457 -0.861514 -0.911630 0.975626 0.955182 0.900262 0.728329 0.607077 0.556860 0.301301 0.146402 0.024810 -0.192486 -0.324226 -0.411895 -0.596438 -0.779013 -0.858955 -0.939437 
53.352428 24722436.000000 78 78 78 0.972533 0.961910 0.981782 0.977722 0.960905 0.902333 0.728869 0.608096 0.570013 0.321955 0.161635 0.044863 -0.192440 -0.354738 -0.444472 -0.610913 -0.771908 -0.840575 -0.889222 0.975891 0.958710 0.901515 0.727703 0.612562 0.571832 0.311204 0.165412 0.051998 -0.182863 -0.353484 -0.436627 -0.642990 -0.780264 -0.841779 -0.893057 
52.522015 9355051.000000 78 78 78 0.988106 0.983526 0.936790 0.980825 0.967076 0.926607 0.767734 0.632715 0.582627 0.322755 0.168880 0.056119 -0.198870 -0.359608 -0.418003 -0.636020 -0.787353 -0.855069 -0.902979 0.980064 0.963833 0.914923 0.748778 0.614387 0.577757 0.325726 0.149980 0.059556 -0.178784 -0.364655 -0.437276 -0.624798 -0.791118 -0.855865 -0.891190 
47.945488 805538.750000 80 80 78 0.876109 0.583794 0.923041 0.989657 0.979419 0.950515 0.760891 0.617860 0.569475 0.409558 0.204698 0.098502 -0.166824 -0.397843 -0.463182 -0.663603 -0.806718 -0.865444 -0.929692 0.983016 0.971830 0.937400 0.760325 0.624826 0.587855 0.375998 0.191479 0.070143 -0.233873 -0.399220 -0.452290 -0.653797 -0.803265 -0.865074 -0.914743 
47.104660 549208.875000 76 78 76 0.919170 0.945718 0.957825 0.990583 0.978833 0.949792 0.861499 0.614512 0.563276 0.423688 0.179192 0.130030 -0.162756 -0.402338 -0.460309 -0.576562 -0.737393 -0.831158 -0.937606 0.990969 0.980872 0.958166 0.839022 0.602918 0.556721 0.375139 0.217703 0.125417 -0.161389 -0.393116 -0.456452 -0.647272 -0.762963 -0.855593 -0.947785 
47.339294 224665.109375 76 76 76 0.957161 0.952586 0.951504 0.991845 0.980279 0.959302 0.899787 0.669482 0.605793 0.435176 0.179437 0.126177 -0.147471 -0.348156 -0.425701 -0.624552 -0.772646 -0.882383 -0.957081 0.991455 0.978857 0.955312 0.885992 0.658665 0.588269 0.474813 0.186721 0.129351 -0.133016 -0.388211 -0.441455 -0.526471 -0.747718 -0.868074 -0.951391 
45.687767 70140.882812 76 76 76 0.938246 0.920617 0.805525 0.993494 0.982247 0.963958 0.906194 0.655605 0.577298 0.495077 0.209237 0.106980 -0.129952 -0.347060 -0.446779 -0.673212 -0.795954 -0.901292 -0.969444 0.992662 0.982360 0.963389 0.913168 0.670306 0.584193 0.460277 0.178704 0.125636 -0.158758 -0.349495 -0.440510 -0.653472 -0.789275 -0.914433 -0.962926 
36.084946 33354.378906 78 84 86 0.713214 0.748773 0.462047 0.992758 0.976610 0.955262 0.849487 0.606706 0.571620 0.488453 0.231869 0.061187 -0.210283 -0.368761 -0.512040 -0.678504 -0.825256 -0.926387 -0.970092 0.994249 0.980510 0.956461 0.872005 0.657799 0.571451 0.490424 0.240176 0.067466 -0.180157 -0.359387 -0.474763 -0.670700 -0.800046 -0.908170 -0.970339 
30.500021 18582.892578 60 68 68 0.518641 0.555964 0.535452 0.989492 0.975724 0.946533 0.830948 0.614325 0.551664 0.443790 0.206508 -0.002465 -0.221216 -0.377202 -0.510939 -0.686018 -0.823325 -0.916084 -0.973163 0.987722 0.975866 0.948652 0.831498 0.609286 0.568499 0.491306 0.235091 0.068336 -0.195158 -0.360977 -0.496576 -0.690186 -0.820057 -0.924145 -0.974073 
45.817799 24219034.000000 80 72 80 0.625636 0.572142 0.598891 0.970641 0.959435 0.801981 0.634389 0.516619 0.318833 0.042434 -0.061747 -0.248028 -0.393186 -0.480179 -0.655789 -0.730489 -0.816968 -0.906945 -0.987911 0.970246 0.945932 0.802519 0.669296 0.532131 0.376506 0.088422 -0.035466 -0.133043 -0.356703 -0.466299 -0.586065 -0.719832 -0.794554 -0.918051 -0.984910 
41.785789 2861243.250000 80 76 78 0.628317 0.535092 0.379326 0.974824 0.948153 0.765835 0.592800 0.531265 0.197122 0.152146 -0.075745 -0.325957 -0.378796 -0.480770 -0.664689 -0.744510 -0.829271 -0.938790 -0.980271 0.972973 0.952156 0.791196 0.597817 0.521976 0.196282 0.112543 -0.128395 -0.342004 -0.395197 -0.495112 -0.652985 -0.751446 -0.817816 -0.927644 -0.984159 
47.141357 5581366.000000 78 64 64 0.493305 0.687344 0.925729 0.988151 0.978459 0.949407 0.701578 0.632205 0.512181 0.238315 0.154659 -0.100490 -0.303279 -0.390345 -0.544333 -0.644078 -0.757599 -0.894284 -0.973183 0.990984 0.978475 0.877933 0.613770 0.553716 0.246360 0.169369 0.032867 -0.261499 -0.355297 -0.442107 -0.638257 -0.711412 -0.833434 -0.926194 -0.980038 
54.538689 18137460.000000 64 70 74 0.886282 0.900358 0.877225 0.984970 0.975319 0.941091 0.690457 0.618584 0.536559 0.241206 0.182874 -0.014035 -0.266060 -0.375973 -0.509096 -0.605765 -0.706818 -0.901548 -0.973659 0.985100 0.977396 0.935152 0.690231 0.619365 0.537376 0.247445 0.179762 -0.044526 -0.262143 -0.353956 -0.525722 -0.608777 -0.699719 -0.874884 -0.968555 
46.561909 357150.531250 74 82 80 0.870120 0.734390 0.828694 0.993178 0.981396 0.946945 0.786690 0.620251 0.527623 0.273539 0.199444 -0.047119 -0.283413 -0.423944 -0.524460 -0.650232 -0.756545 -0.883520 -0.977748 0.986043 0.975398 0.948836 0.717468 0.614921 0.547756 0.252958 0.205073 -0.020991 -0.282742 -0.411414 -0.484322 -0.589615 -0.765585 -0.901574 -0.975093 
40.161743 142880.515625 82 80 82 0.688329 0.847424 0.805498 0.995202 0.987646 0.959165 0.783977 0.558431 0.513888 0.334277 0.212838 -0.139612 -0.331135 -0.412375 -0.486993 -0.658896 -0.750710 -0.846476 -0.972493 0.993579 0.984569 0.957802 0.831035 0.555378 0.493031 0.320797 0.199055 -0.058664 -0.314353 -0.400231 -0.523621 -0.677889 -0.757677 -0.881911 -0.982459 
33.112751 48092.082031 86 74 108 0.768086 0.672251 0.475089 0.991994 0.981182 0.949684 0.673252 0.593823 0.541328 0.320889 0.184536 -0.058451 -0.348048 -0.409980 -0.508108 -0.605916 -0.731269 -0.882661 -0.962578 0.995726 0.987390 0.941839 0.706395 0.579531 0.529727 0.320327 0.199775 -0.093441 -0.346841 -0.412813 -0.488333 -0.605297 -0.731814 -0.879697 -0.957026 
39.914253 10519118.000000 34 70 48 0.521393 0.543414 0.418220 0.965708 0.938387 0.764333 0.654158 0.528089 0.356190 0.126337 0.019519 -0.224870 -0.392754 -0.520959 -0.600620 -0.748879 -0.788908 -0.930595 -0.988905 0.985875 0.977800 0.921558 0.681630 0.580928 0.506905 0.316471 0.162945 -0.071508 -0.349624 -0.430336 -0.518646 -0.629531 -0.767692 -0.898620 -0.976264 
48.642532 14331016.000000 72 54 68 0.334804 0.548013 0.831690 0.986540 0.979256 0.925870 0.615030 0.564652 0.213992 0.134506 -0.129788 -0.321703 -0.411648 -0.553789 -0.706520 -0.751022 -0.844217 -0.925581 -0.978776 0.976717 0.952187 0.768739 0.603064 0.533296 0.263666 0.090476 -0.036073 -0.335174 -0.449356 -0.557485 -0.693337 -0.750210 -0.815824 -0.938045 -0.989069 
52.246952 11710060.000000 68 70 70 0.829328 0.979891 0.976678 0.985363 0.979851 0.949437 0.690986 0.602511 0.469243 0.205586 0.153639 -0.109342 -0.348278 -0.453934 -0.591492 -0.697747 -0.770830 -0.895044 -0.973561 0.985658 0.979653 0.950288 0.679503 0.601453 0.391060 0.175707 0.106478 -0.242059 -0.383462 -0.492112 -0.663355 -0.728924 -0.824053 -0.915640 -0.974506 
51.733490 8565378.000000 70 72 74 0.985457 0.969086 0.962026 0.985599 0.977352 0.940898 0.704679 0.630896 0.512864 0.201823 0.141691 -0.078275 -0.318509 -0.467685 -0.569764 -0.679809 -0.772814 -0.886715 -0.978967 0.985647 0.979453 0.950123 0.731072 0.613584 0.523018 0.216826 0.143549 -0.066706 -0.301208 -0.462439 -0.584158 -0.668685 -0.736918 -0.876495 -0.973082 
47.853355 11109173.000000 74 76 74 0.964032 0.904813 0.524313 0.985448 0.972000 0.900912 0.645453 0.579514 0.217556 0.121084 -0.185906 -0.381681 -0.504370 -0.650015 -0.707901 -0.771810 -0.846556 -0.933107 -0.985249 0.985783 0.975004 0.933611 0.664104 0.617551 0.354208 0.173890 0.086935 -0.260100 -0.403211 -0.517964 -0.635953 -0.739776 -0.818375 -0.927806 -0.974256 
48.971363 6040011.000000 70 70 74 0.519687 0.577816 0.710060 0.984637 0.966464 0.808996 0.619144 0.562853 0.184661 0.057269 -0.248095 -0.374549 -0.524152 -0.672381 -0.742207 -0.808209 -0.876376 -0.961586 -0.990788 0.987797 0.965742 0.819872 0.623739 0.544277 0.195832 0.077628 -0.236970 -0.391459 -0.548133 -0.678819 -0.721585 -0.791530 -0.871941 -0.953118 -0.987719 
49.153488 3791228.250000 72 72 72 0.711741 0.629545 0.641181 0.983476 0.959794 0.733156 0.635843 0.521955 0.166426 0.002225 -0.268725 -0.452545 -0.571408 -0.695292 -0.785370 -0.834874 -0.908655 -0.961153 -0.992222 0.984888 0.966822 0.778063 0.618843 0.569188 0.154055 0.027327 -0.257856 -0.406636 -0.537393 -0.681402 -0.772890 -0.824056 -0.898075 -0.960232 -0.991084 
50.465282 3509280.500000 72 148 150 0.693951 0.728590 0.527216 0.978416 0.926293 0.781607 0.635763 0.450498 0.067677 -0.155132 -0.313030 -0.467876 -0.553128 -0.712197 -0.768602 -0.832630 -0.908744 -0.956030 -0.992607 0.978308 0.931564 0.752214 0.637431 0.474147 0.142874 -0.063540 -0.309712 -0.475033 -0.570990 -0.696194 -0.777823 -0.833508 -0.916993 -0.956563 -0.989109 
53.980297 4425121.500000 80 72 76 0.397062 0.722268 0.636923 0.978714 0.925601 0.799216 0.658968 0.452393 0.207520 -0.139866 -0.362995 -0.455307 -0.608942 -0.748293 -0.805304 -0.844542 -0.907917 -0.964851 -0.986859 0.979788 0.922777 0.798936 0.657500 0.461384 0.221891 -0.126463 -0.292288 -0.435669 -0.554808 -0.740923 -0.777693 -0.847576 -0.909781 -0.961090 -0.991929 
51.548119 2631245.000000 78 150 80 0.777544 0.558032 0.536004 0.978311 0.922912 0.789076 0.637901 0.421177 0.134563 -0.112897 -0.320230 -0.464853 -0.568082 -0.679069 -0.778789 -0.840093 -0.894809 -0.951424 -0.987389 0.977823 0.923219 0.796095 0.650056 0.437358 0.184472 -0.123966 -0.364064 -0.462239 -0.594799 -0.723910 -0.808375 -0.846943 -0.903868 -0.959453 -0.984802 
47.450188 8799801.000000 84 74 38 0.529685 0.404719 0.432013 0.969203 0.801574 0.674775 0.649821 0.361916 0.191118 0.028655 -0.190145 -0.330868 -0.499598 -0.542250 -0.681502 -0.782596 -0.873275 -0.959334 -0.983638 0.974776 0.898144 0.688285 0.645054 0.345907 0.158976 -0.047854 -0.281899 -0.447011 -0.530800 -0.599215 -0.737555 -0.800149 -0.885232 -0.952413 -0.991672 
37.595200 563875.187500 68 62 148 0.528735 0.577031 0.479921 0.977706 0.898240 0.715700 0.683822 0.588078 0.296801 -0.029039 -0.141826 -0.215548 -0.423173 -0.544446 -0.721952 -0.811759 -0.872804 -0.947695 -0.986046 0.967078 0.829525 0.693563 0.675929 0.490350 0.234080 0.024386 -0.145695 -0.224190 -0.432200 -0.511286 -0.630050 -0.765083 -0.870956 -0.947192 -0.981466 
27.383928 113032.757812 148 148 106 0.658834 0.313205 0.526317 0.975160 0.928576 0.793369 0.686338 0.606862 0.349977 0.037866 -0.163255 -0.333784 -0.483645 -0.590260 -0.738953 -0.829907 -0.881989 -0.942355 -0.983124 0.982095 0.922358 0.775155 0.693792 0.568991 0.316837 0.004867 -0.149836 -0.358353 -0.494704 -0.610545 -0.737438 -0.823388 -0.877777 -0.945200 -0.982914 
28.667410 89966.429688 108 94 66 0.482253 0.415567 0.302720 0.973660 0.948373 0.828661 0.681409 0.588969 0.346279 0.016171 -0.208311 -0.391623 -0.491487 -0.607252 -0.774267 -0.829853 -0.879262 -0.947987 -0.974785 0.973234 0.944701 0.806183 0.676882 0.612470 0.348768 0.017714 -0.188659 -0.348606 -0.492486 -0.589486 -0.776268 -0.832981 -0.883048 -0.947653 -0.980846 
41.194679 2024130.375000 68 46 42 0.384321 0.398353 0.560940 0.955347 0.894954 0.797374 0.774759 0.722884 0.595097 0.240628 0.138133 -0.107010 -0.148836 -0.315552 -0.556258 -0.795681 -0.837278 -0.924762 -0.973055 0.959462 0.872828 0.800585 0.764352 0.705468 0.421826 0.187787 -0.015267 -0.145889 -0.292501 -0.547328 -0.694993 -0.802092 -0.872844 -0.935332 -0.976397 
42.437210 1181096.250000 66 132 154 0.476693 0.510916 0.403827 0.955887 0.928352 0.758539 0.738182 0.694777 0.643411 0.222334 0.108008 -0.101358 -0.178203 -0.368005 -0.617345 -0.778055 -0.835253 -0.914713 -0.987138 0.957388 0.930173 0.783352 0.754445 0.708394 0.664416 0.242544 0.090773 -0.110655 -0.159980 -0.368133 -0.571277 -0.778006 -0.845311 -0.918259 -0.978667 
50.672447 4222694.500000 40 50 52 0.507107 0.781291 0.932414 0.985295 0.967316 0.911247 0.816394 0.735123 0.688529 0.496415 0.289405 0.050326 -0.094313 -0.324759 -0.530498 -0.615693 -0.803206 -0.883060 -0.970298 0.986467 0.963983 0.848256 0.757644 0.711799 0.663774 0.371149 0.125672 -0.045882 -0.196520 -0.370998 -0.594431 -0.747838 -0.823363 -0.917988 -0.977546 
58.860046 9446483.000000 52 52 52 0.962373 0.985456 0.940235 0.977493 0.962891 0.917348 0.806518 0.745358 0.687201 0.532025 0.315645 0.092142 0.003955 -0.244016 -0.510395 -0.585475 -0.653859 -0.849882 -0.966261 0.980854 0.963562 0.915037 0.810679 0.746871 0.679003 0.525050 0.310425 0.088665 -0.036302 -0.226052 -0.535934 -0.568255 -0.703186 -0.878011 -0.958129 
61.632366 7865039.000000 52 50 50 0.944204 0.987603 0.957228 0.972963 0.963695 0.905420 0.816441 0.747197 0.681804 0.614073 0.438166 0.114398 0.045861 -0.175345 -0.511466 -0.591222 -0.737578 -0.894527 -0.972337 0.975191 0.963179 0.915522 0.817218 0.744767 0.686612 0.582292 0.391178 0.108625 0.049755 -0.192840 -0.525624 -0.595136 -0.657202 -0.853539 -0.966536 
62.627800 4913525.000000 50 48 48 0.972616 0.949849 0.995427 0.970394 0.964253 0.889750 0.813518 0.761351 0.696744 0.633708 0.547229 0.166706 0.044546 -0.206014 -0.492610 -0.627658 -0.796458 -0.906223 -0.975744 0.971517 0.964234 0.895467 0.820376 0.760053 0.686882 0.625744 0.544723 0.150518 0.063222 -0.136375 -0.502430 -0.596553 -0.771535 -0.898309 -0.971614 
62.693138 3042409.500000 48 48 48 0.992511 0.994822 0.945838 0.971321 0.964603 0.900883 0.818991 0.776007 0.712410 0.673599 0.544242 0.169317 0.053729 -0.205086 -0.477846 -0.653763 -0.797145 -0.910382 -0.977735 0.970186 0.964029 0.895065 0.817844 0.769537 0.709778 0.660446 0.548014 0.195664 0.062208 -0.189940 -0.495315 -0.634357 -0.793449 -0.906144 -0.976842 
61.931351 3182826.250000 48 50 52 0.977762 0.989832 0.982607 0.973897 0.967500 0.904154 0.815456 0.774633 0.706190 0.657190 0.514431 0.131150 0.059156 -0.206239 -0.469791 -0.654998 -0.797838 -0.909279 -0.976925 0.972958 0.966293 0.907417 0.822510 0.782265 0.719290 0.674204 0.559831 0.158726 0.065438 -0.202875 -0.478595 -0.657464 -0.799944 -0.908710 -0.977512 
61.029472 2581474.500000 52 54 56 0.978920 0.979411 0.888639 0.977148 0.970915 0.912139 0.787802 0.752197 0.681486 0.628278 0.558188 0.134738 0.048449 -0.083588 -0.428787 -0.635771 -0.787322 -0.903782 -0.976814 0.975325 0.969365 0.917681 0.804732 0.762652 0.706187 0.649591 0.543277 0.146736 0.075815 -0.125667 -0.453936 -0.646813 -0.793001 -0.905362 -0.976916 
60.328133 4649531.500000 56 60 64 0.935294 0.936520 0.950027 0.979890 0.972913 0.915518 0.756737 0.713515 0.654009 0.605848 0.477975 0.096355 -0.038325 -0.097229 -0.436863 -0.600546 -0.733872 -0.898855 -0.972332 0.978852 0.972284 0.911363 0.778546 0.733438 0.670535 0.623819 0.523317 0.107064 0.007087 -0.067772 -0.386018 -0.638147 -0.780005 -0.901960 -0.975506 
59.036530 9333434.000000 64 68 70 0.961531 0.936581 0.935629 0.979554 0.969654 0.929663 0.724951 0.662044 0.621407 0.518599 0.305094 0.062135 -0.087651 -0.141389 -0.385413 -0.576286 -0.618333 -0.766369 -0.962276 0.980472 0.972357 0.920340 0.728909 0.681589 0.628413 0.563870 0.360673 0.113159 -0.071071 -0.117984 -0.425749 -0.580721 -0.633694 -0.862542 -0.967592 
59.028591 11643998.000000 70 72 76 0.929293 0.926273 0.965533 0.978628 0.968989 0.949122 0.755959 0.615028 0.575931 0.356263 0.211792 0.071067 -0.137553 -0.184711 -0.382955 -0.584632 -0.658011 -0.723728 -0.934208 0.978620 0.968068 0.944684 0.750560 0.643855 0.616965 0.445258 0.247556 0.051966 -0.121793 -0.176526 -0.370127 -0.567093 -0.630342 -0.770698 -0.958838 
57.035088 8076295.500000 76 78 80 0.970203 0.946915 0.968315 0.980292 0.972916 0.942222 0.758387 0.625278 0.545236 0.309335 0.169772 0.072178 -0.114749 -0.199429 -0.436301 -0.555072 -0.636495 -0.738758 -0.926850 0.979664 0.971647 0.945056 0.750471 0.623149 0.561887 0.339142 0.202328 0.072832 -0.099884 -0.192204 -0.420254 -0.588584 -0.658224 -0.734787 -0.911235 
51.365105 2072822.000000 80 82 88 0.966498 0.795993 0.865835 0.987533 0.980360 0.899846 0.759694 0.646071 0.540836 0.278147 0.130188 0.040630 -0.076927 -0.198990 -0.439780 -0.525374 -0.613437 -0.815305 -0.985033 0.982998 0.976186 0.931417 0.751737 0.633751 0.538189 0.320345 0.140262 0.069181 -0.122549 -0.177203 -0.443708 -0.527589 -0.632011 -0.742441 -0.924528 
39.689785 206699.375000 88 84 82 0.827311 0.605618 0.297069 0.991457 0.965345 0.880647 0.789464 0.666008 0.595413 0.477729 0.298444 0.111998 -0.037924 -0.195758 -0.423343 -0.593348 -0.698160 -0.879682 -0.967457 0.990036 0.978609 0.889928 0.768156 0.654038 0.568632 0.441791 0.152847 0.066670 -0.036394 -0.229762 -0.451311 -0.549953 -0.677036 -0.881846 -0.979773 
34.520718 157442.671875 62 148 148 0.569443 0.560762 0.363444 0.983081 0.959451 0.892296 0.777937 0.631715 0.567425 0.464159 0.319807 0.066162 -0.105574 -0.245075 -0.453270 -0.609195 -0.785330 -0.899987 -0.971377 0.987321 0.965433 0.878419 0.784832 0.652870 0.590560 0.478051 0.335477 0.175610 -0.105217 -0.199920 -0.426087 -0.599196 -0.716316 -0.884925 -0.973454 
47.964096 35001056.000000 96 104 52 0.529396 0.513808 0.517190 0.969371 0.943016 0.776654 0.683545 0.459822 0.165930 0.074995 -0.045172 -0.169167 -0.275729 -0.425499 -0.620589 -0.728591 -0.859244 -0.933051 -0.975987 0.972326 0.938537 0.803150 0.714766 0.593236 0.305251 0.125423 0.030685 -0.096874 -0.187457 -0.308622 -0.544092 -0.666462 -0.841511 -0.917231 -0.982910 
46.852573 8107562.000000 150 76 78 0.508110 0.603402 0.697930 0.985223 0.978229 0.912317 0.652729 0.568575 0.306934 0.208413 -0.005521 -0.170023 -0.229405 -0.358865 -0.531877 -0.703573 -0.820032 -0.923354 -0.984340 0.981557 0.969891 0.806751 0.637934 0.461753 0.193720 0.111477 -0.106000 -0.199259 -0.299794 -0.401829 -0.618888 -0.731782 -0.833005 -0.927038 -0.979210 
49.119293 2767075.250000 80 68 34 0.673201 0.856618 0.551802 0.981526 0.974874 0.947848 0.744022 0.601918 0.517086 0.277829 0.189451 0.007712 -0.174963 -0.279644 -0.565008 -0.641279 -0.777598 -0.898070 -0.975560 0.984335 0.977622 0.937842 0.701783 0.590778 0.486791 0.258432 0.179469 -0.069194 -0.191480 -0.293338 -0.551254 -0.652639 -0.803905 -0.922091 -0.974847 
49.447891 4742561.500000 28 54 66 0.628775 0.851794 0.777133 0.979454 0.973652 0.936090 0.686670 0.592676 0.445638 0.229151 0.163063 -0.026060 -0.171700 -0.246604 -0.494749 -0.628427 -0.696674 -0.846123 -0.936785 0.979599 0.974136 0.953497 0.749150 0.581524 0.487735 0.218987 0.176548 -0.051847 -0.188228 -0.283355 -0.549267 -0.645527 -0.751852 -0.876723 -0.966626 
50.419647 9923609.000000 66 66 66 0.701861 0.926433 0.810983 0.985511 0.977342 0.935754 0.688801 0.586346 0.398743 0.174771 0.108208 -0.130168 -0.242765 -0.369997 -0.537255 -0.685578 -0.827225 -0.942694 -0.988562 0.982549 0.975097 0.931889 0.710567 0.599194 0.473892 0.211904 0.146850 -0.004974 -0.175887 -0.262632 -0.462685 -0.609394 -0.699882 -0.833267 -0.954180 
38.346519 601033.312500 66 80 72 0.821067 0.368834 0.615562 0.984232 0.968760 0.924584 0.673814 0.560573 0.382260 0.156788 -0.071264 -0.220539 -0.303271 -0.431678 -0.636387 -0.768869 -0.835177 -0.946263 -0.988843 0.988756 0.978585 0.895105 0.617861 0.544565 0.258898 0.123921 -0.081196 -0.221509 -0.321840 -0.466051 -0.638610 -0.762485 -0.846215 -0.957137 -0.991736 
30.141094 146555.765625 72 34 34 0.459115 0.615410 0.710125 0.983562 0.974528 0.927201 0.695442 0.564653 0.431253 0.232503 0.103710 -0.144796 -0.258883 -0.371478 -0.543049 -0.737171 -0.824175 -0.930539 -0.984602 0.982382 0.971371 0.932215 0.711148 0.580092 0.436615 0.255232 0.100780 -0.128881 -0.286566 -0.400095 -0.565780 -0.733619 -0.828426 -0.920185 -0.985739 
25.895464 36094.242188 60 58 58 0.635980 0.713226 0.634672 0.981876 0.971466 0.913237 0.732009 0.563094 0.454601 0.216589 0.119254 -0.106139 -0.253290 -0.336587 -0.497296 -0.723075 -0.801137 -0.925191 -0.986364 0.982112 0.974387 0.925578 0.721307 0.562428 0.452101 0.218893 0.117016 -0.123119 -0.240097 -0.331975 -0.495561 -0.728470 -0.799002 -0.931234 -0.981607 
36.756100 5307528.000000 56 54 26 0.535941 0.605179 0.514423 0.965232 0.943993 0.779528 0.729786 0.551572 0.286146 0.156626 -0.084846 -0.223526 -0.401860 -0.505273 -0.630457 -0.739183 -0.841914 -0.918036 -0.974373 0.983391 0.971044 0.913465 0.756208 0.585215 0.470528 0.236057 0.121620 -0.073448 -0.245978 -0.373500 -0.515865 -0.709438 -0.822432 -0.925706 -0.980870 
46.766388 13249985.000000 24 102 24 0.638317 0.699158 0.668326 0.967949 0.942250 0.767789 0.676245 0.382615 0.178652 0.050167 -0.109587 -0.316301 -0.433518 -0.585460 -0.751518 -0.806584 -0.874582 -0.945609 -0.988097 0.969650 0.957501 0.770406 0.723780 0.541486 0.272185 0.113382 -0.126987 -0.272461 -0.425990 -0.525946 -0.690571 -0.759971 -0.846313 -0.936998 -0.974795 
45.290642 4925197.500000 48 88 54 0.536369 0.408796 0.396454 0.964032 0.897275 0.746760 0.625812 0.367855 0.204478 0.066174 -0.044348 -0.260419 -0.411031 -0.482291 -0.667731 -0.789471 -0.838354 -0.918222 -0.983618 0.962295 0.910595 0.741886 0.614973 0.311127 0.177746 0.050633 -0.072055 -0.328026 -0.425443 -0.514886 -0.735128 -0.803868 -0.846864 -0.935081 -0.987360 
36.107071 1835202.250000 54 76 54 0.537739 0.493763 0.734321 0.984601 0.929558 0.781985 0.573663 0.471454 0.268433 0.126813 -0.003127 -0.134185 -0.307005 -0.394300 -0.556416 -0.734194 -0.825265 -0.921551 -0.979869 0.965550 0.893482 0.763788 0.611797 0.430836 0.235317 0.117320 -0.020917 -0.181739 -0.356501 -0.456807 -0.621658 -0.774578 -0.837808 -0.918548 -0.987470 
47.462646 4930937.500000 60 60 60 0.582042 0.884128 0.914327 0.991387 0.969711 0.935453 0.862661 0.640628 0.524727 0.212105 0.117048 -0.047532 -0.201661 -0.325005 -0.450776 -0.752518 -0.829192 -0.895126 -0.958101 0.993072 0.974037 0.939402 0.752679 0.510144 0.378947 0.143278 0.062037 -0.091832 -0.260192 -0.378691 -0.493937 -0.755586 -0.830771 -0.917353 -0.973033 
52.313995 29816734.000000 60 64 72 0.965563 0.736851 0.921082 0.983137 0.956032 0.891444 0.751487 0.613147 0.563669 0.300068 0.146495 -0.001753 -0.174756 -0.280726 -0.362368 -0.650187 -0.791688 -0.855814 -0.905581 0.987300 0.961443 0.916226 0.821163 0.642695 0.567325 0.298686 0.157216 0.007335 -0.157217 -0.294859 -0.388688 -0.694805 -0.794586 -0.883114 -0.947079 
53.164463 22190160.000000 72 74 78 0.920965 0.949191 0.896577 0.976835 0.954789 0.886021 0.738720 0.636756 0.593865 0.331590 0.188933 0.031591 -0.125097 -0.240721 -0.366461 -0.688771 -0.804924 -0.875818 -0.909703 0.979690 0.954469 0.891666 0.736395 0.615430 0.572192 0.292654 0.151532 0.009260 -0.168932 -0.267234 -0.369017 -0.688075 -0.798595 -0.864509 -0.912018 
51.652061 8272173.000000 78 80 82 0.883161 0.934351 0.874468 0.978386 0.957547 0.876281 0.746440 0.671393 0.629131 0.373618 0.202995 0.058761 -0.111175 -0.198339 -0.307389 -0.720131 -0.803155 -0.851523 -0.898966 0.976162 0.953966 0.873582 0.744155 0.658138 0.610826 0.297922 0.172644 0.045289 -0.136222 -0.243749 -0.332843 -0.745476 -0.814551 -0.879783 -0.908618 
42.289501 420064.875000 82 82 82 0.788591 0.705918 0.693282 0.988087 0.975683 0.921084 0.776171 0.697303 0.583148 0.359477 0.241377 0.086600 -0.142732 -0.235424 -0.436854 -0.719573 -0.814131 -0.872511 -0.928780 0.988253 0.968001 0.901013 0.770800 0.668736 0.629419 0.385084 0.247399 0.057078 -0.116253 -0.172967 -0.403782 -0.723815 -0.797196 -0.853545 -0.904178 
40.855656 173097.781250 80 82 82 0.713240 0.773438 0.840143 0.991549 0.977497 0.943117 0.795374 0.674295 0.583106 0.351015 0.231202 0.122864 -0.087798 -0.213219 -0.332809 -0.653513 -0.812551 -0.867664 -0.964784 0.987770 0.976503 0.932318 0.795060 0.690026 0.569012 0.349866 0.229403 0.089599 -0.138291 -0.232889 -0.374087 -0.698031 -0.835799 -0.878311 -0.951480 
36.741226 76733.273438 82 86 84 0.840401 0.704182 0.595345 0.993140 0.976062 0.925971 0.804833 0.639131 0.591617 0.376212 0.272420 0.048640 -0.120804 -0.243575 -0.469399 -0.688984 -0.816217 -0.893948 -0.970617 0.992593 0.976726 0.945143 0.804670 0.648503 0.576764 0.377187 0.262457 0.097461 -0.123554 -0.206849 -0.399416 -0.701655 -0.817538 -0.890097 -0.969092 
30.259216 38996.191406 84 74 52 0.574220 0.431526 0.298486 0.985681 0.966306 0.923060 0.768546 0.667820 0.603273 0.365128 0.248201 0.087679 -0.190207 -0.340425 -0.526468 -0.682131 -0.804162 -0.898286 -0.972261 0.986843 0.967723 0.926935 0.797419 0.668584 0.583250 0.390790 0.262150 0.088080 -0.152081 -0.318360 -0.514163 -0.673656 -0.807731 -0.887583 -0.974699 
22.285841 13942.607422 218 134 82 0.312986 0.409663 0.444343 0.979546 0.948236 0.897098 0.699948 0.644892 0.599380 0.440216 0.212477 0.033706 -0.168516 -0.335621 -0.560450 -0.686061 -0.832246 -0.894208 -0.975703 0.984772 0.960971 0.900453 0.742297 0.636809 0.581099 0.429823 0.222449 0.069061 -0.170544 -0.323484 -0.541040 -0.674743 -0.817144 -0.903514 -0.969169 
17.763956 15043.934570 82 96 56 0.487678 0.378132 0.524341 0.980996 0.932967 0.868637 0.690614 0.628530 0.403934 0.187215 0.097511 -0.052465 -0.119242 -0.217128 -0.466220 -0.705571 -0.823211 -0.929039 -0.974927 0.978153 0.932478 0.887826 0.702141 0.652356 0.602627 0.336629 0.145465 -0.032824 -0.149114 -0.334076 -0.545047 -0.712848 -0.834277 -0.920482 -0.974677 
28.800999 423408.468750 148 74 86 0.475592 0.401590 0.470769 0.973908 0.914536 0.750260 0.679157 0.533446 0.203261 0.090136 -0.055222 -0.150821 -0.409892 -0.582471 -0.695803 -0.764752 -0.835511 -0.947880 -0.981028 0.974137 0.933491 0.767219 0.676317 0.539829 0.236386 0.145636 0.027636 -0.057932 -0.146563 -0.257363 -0.560783 -0.673543 -0.786194 -0.877746 -0.962112 
46.588493 1223502.500000 80 74 124 0.319290 0.534518 0.471596 0.980800 0.920967 0.787441 0.659016 0.492653 0.202767 -0.083797 -0.272156 -0.411354 -0.561421 -0.701843 -0.786686 -0.883167 -0.943153 -0.970563 -0.994319 0.983485 0.922051 0.768599 0.675398 0.555072 0.201845 -0.016614 -0.187476 -0.397774 -0.540072 -0.664638 -0.771745 -0.838554 -0.943526 -0.972541 -0.993359 
51.426071 1701133.625000 82 56 62 0.394369 0.609665 0.336278 0.976993 0.925767 0.805056 0.669962 0.471294 0.282255 -0.086668 -0.253393 -0.420615 -0.551058 -0.723925 -0.795780 -0.888332 -0.956167 -0.977367 -0.992180 0.975710 0.925214 0.801760 0.665714 0.482035 0.259615 -0.063722 -0.294247 -0.435683 -0.570033 -0.689391 -0.790646 -0.889568 -0.948717 -0.973634 -0.994409 
49.992310 1312734.125000 78 80 80 0.357251 0.388467 0.512758 0.977011 0.923859 0.799067 0.655390 0.460881 0.197637 -0.122380 -0.274285 -0.459389 -0.568411 -0.719337 -0.782459 -0.888653 -0.933516 -0.971115 -0.992611 0.977969 0.918092 0.797579 0.658461 0.460953 0.252873 -0.110063 -0.277984 -0.436379 -0.550881 -0.735750 -0.788699 -0.886415 -0.947213 -0.975303 -0.991168 
52.543854 2633434.250000 80 76 84 0.463601 0.492989 0.377137 0.978025 0.915719 0.801674 0.656729 0.464041 0.243918 -0.057899 -0.317040 -0.454645 -0.610154 -0.758423 -0.800196 -0.870003 -0.926479 -0.964896 -0.996642 0.976268 0.919515 0.797813 0.654984 0.450778 0.219810 -0.081650 -0.277126 -0.456239 -0.577624 -0.735589 -0.817218 -0.879723 -0.924685 -0.966855 -0.994042 
56.651306 3529351.750000 42 46 76 0.523272 0.530626 0.584816 0.979849 0.914263 0.805924 0.648800 0.465453 0.166438 -0.111853 -0.298356 -0.429482 -0.604177 -0.724965 -0.768049 -0.789491 -0.845367 -0.965112 -0.997395 0.978903 0.914874 0.805979 0.660655 0.475357 0.246255 -0.053574 -0.319657 -0.451550 -0.621539 -0.746835 -0.773436 -0.813164 -0.902819 -0.983180 -0.997818 
39.632206 178411.500000 76 56 62 0.645009 0.556268 0.438985 0.985488 0.940851 0.794978 0.664115 0.421611 0.200264 -0.075730 -0.204553 -0.348971 -0.511312 -0.678975 -0.767932 -0.801313 -0.904284 -0.961944 -0.995799 0.983791 0.923326 0.801623 0.630198 0.432559 0.141191 -0.114886 -0.243465 -0.421874 -0.539544 -0.688988 -0.761611 -0.786054 -0.847990 -0.947978 -0.992299 
37.788857 1939695.250000 60 130 24 0.434304 0.513912 0.591363 0.966669 0.926163 0.722382 0.673463 0.291170 0.182693 -0.011891 -0.090760 -0.194839 -0.310825 -0.475059 -0.631973 -0.767079 -0.808885 -0.940361 -0.990492 0.975989 0.909986 0.749507 0.657654 0.305872 0.196105 0.017895 -0.109973 -0.214125 -0.346815 -0.534853 -0.736715 -0.783276 -0.857853 -0.957812 -0.996008 
48.147018 12354019.000000 130 46 120 0.655841 0.643212 0.452845 0.964452 0.902137 0.610582 0.560451 0.271179 0.195263 -0.003363 -0.134630 -0.211589 -0.354369 -0.486312 -0.680683 -0.786472 -0.855489 -0.951876 -0.980047 0.965875 0.940955 0.693379 0.619010 0.275029 0.172732 -0.044410 -0.119927 -0.215731 -0.343271 -0.471372 -0.639462 -0.770239 -0.828795 -0.948402 -0.985868 
39.395916 1706266.875000 70 48 52 0.416106 0.495758 0.536549 0.989007 0.941057 0.641299 0.610238 0.538033 0.323006 0.185350 -0.021084 -0.193443 -0.289019 -0.460359 -0.676003 -0.764118 -0.845032 -0.933260 -0.988761 0.964315 0.852444 0.612753 0.584623 0.373802 0.234846 0.125454 -0.120423 -0.199353 -0.334599 -0.470286 -0.668688 -0.768294 -0.866043 -0.945792 -0.982942 
48.648457 2365815.750000 54 56 74 0.379944 0.905496 0.927219 0.985710 0.978390 0.951064 0.744419 0.693389 0.626751 0.409758 0.116497 -0.098197 -0.250432 -0.447282 -0.656424 -0.761581 -0.819503 -0.941471 -0.980743 0.988599 0.977092 0.959339 0.682515 0.637116 0.568949 0.319063 0.098077 -0.137259 -0.268441 -0.456694 -0.686832 -0.762171 -0.843508 -0.928560 -0.989243 
49.787323 1172724.125000 74 78 80 0.931644 0.819540 0.806564 0.986265 0.976442 0.958043 0.816563 0.750889 0.634459 0.363973 0.138375 -0.131172 -0.248165 -0.429073 -0.628711 -0.766561 -0.817437 -0.942713 -0.988710 0.986746 0.977800 0.957129 0.797258 0.714566 0.647393 0.367327 0.163735 -0.116465 -0.252034 -0.446109 -0.636655 -0.764920 -0.816158 -0.944880 -0.982089 
47.747055 541198.437500 80 78 138 0.835986 0.860876 0.605978 0.987029 0.981191 0.955930 0.801411 0.740878 0.680989 0.417976 0.028978 -0.154648 -0.262999 -0.357493 -0.667969 -0.765721 -0.861862 -0.960548 -0.990648 0.987081 0.978561 0.960331 0.810858 0.758948 0.666265 0.374878 0.020662 -0.150853 -0.266409 -0.382175 -0.636054 -0.759796 -0.828384 -0.958283 -0.993426 
48.748455 464804.937500 138 140 74 0.677311 0.776184 0.681315 0.985400 0.979967 0.955579 0.783684 0.704283 0.652477 0.490592 0.306360 -0.080985 -0.191174 -0.323720 -0.536793 -0.688212 -0.861983 -0.929532 -0.985719 0.986550 0.979794 0.959673 0.830161 0.741386 0.712233 0.528347 0.144736 -0.119036 -0.249798 -0.376463 -0.618503 -0.762904 -0.880087 -0.958127 -0.986098 
49.550621 1402002.125000 76 82 82 0.637061 0.834282 0.955693 0.983964 0.975314 0.954650 0.734485 0.637267 0.583827 0.392993 0.260048 0.021394 -0.181521 -0.246259 -0.486336 -0.571586 -0.738181 -0.895543 -0.983449 0.985071 0.977279 0.950265 0.726859 0.646025 0.603559 0.433822 0.274448 -0.044022 -0.187079 -0.238026 -0.490005 -0.581244 -0.797646 -0.903903 -0.982868 
46.009811 842166.937500 82 80 82 0.949766 0.913058 0.745269 0.993348 0.976304 0.967739 0.733870 0.589884 0.506157 0.262358 0.204691 -0.233297 -0.300804 -0.451199 -0.590065 -0.719163 -0.766414 -0.910074 -0.969174 0.987470 0.975671 0.965759 0.773166 0.618576 0.583152 0.331860 0.280524 -0.021908 -0.219261 -0.276756 -0.526202 -0.593110 -0.719508 -0.915902 -0.975712 
44.678082 5868525.500000 84 86 86 0.854804 0.637610 0.632720 0.988928 0.975611 0.823315 0.620262 0.523101 0.234567 0.052982 -0.269726 -0.415938 -0.529513 -0.612545 -0.724977 -0.791081 -0.889209 -0.952910 -0.982274 0.994154 0.983236 0.932895 0.630678 0.563508 0.293749 0.167112 -0.170905 -0.312758 -0.448543 -0.572131 -0.667504 -0.741349 -0.806546 -0.940784 -0.976648 
52.054424 5877268.000000 50 82 58 0.671221 0.459529 0.791316 0.981804 0.966719 0.822776 0.649305 0.518864 0.218767 -0.067038 -0.268605 -0.393026 -0.568458 -0.682793 -0.796636 -0.882485 -0.929919 -0.965100 -0.987827 0.986369 0.971281 0.766289 0.624982 0.489343 0.215971 0.012172 -0.282660 -0.436155 -0.551137 -0.645384 -0.783400 -0.847403 -0.925990 -0.951495 -0.989823 
50.901150 1747074.625000 138 76 150 0.601169 0.803583 0.833456 0.983677 0.964598 0.863197 0.679176 0.527733 0.286263 -0.034202 -0.268189 -0.415267 -0.570778 -0.666394 -0.796412 -0.887901 -0.949138 -0.971255 -0.996730 0.983455 0.968245 0.856657 0.665119 0.531141 0.246732 -0.079351 -0.236209 -0.369337 -0.549638 -0.673011 -0.792223 -0.892765 -0.946104 -0.966599 -0.987115 
47.264576 701465.437500 150 140 104 0.728880 0.560557 0.574738 0.978105 0.957003 0.808939 0.679049 0.493202 0.306285 -0.042075 -0.298385 -0.421207 -0.557432 -0.678959 -0.780755 -0.869924 -0.937142 -0.971586 -0.995209 0.979364 0.960700 0.823435 0.683510 0.513686 0.324621 0.014981 -0.290616 -0.427332 -0.574152 -0.689206 -0.784936 -0.881159 -0.935283 -0.976473 -0.998360 
52.228035 2247783.750000 132 56 50 0.669998 0.649170 0.701940 0.977005 0.923866 0.806193 0.664334 0.483142 0.272225 0.040747 -0.291208 -0.422827 -0.558635 -0.692081 -0.827191 -0.915558 -0.943164 -0.956030 -0.987356 0.977437 0.942939 0.806814 0.674185 0.500363 0.303903 0.024556 -0.288188 -0.431330 -0.531718 -0.685441 -0.781830 -0.880360 -0.939979 -0.970675 -0.990517 
55.601479 6303764.000000 106 82 58 0.694580 0.544322 0.523068 0.972535 0.891172 0.695309 0.592173 0.524634 0.243470 0.036872 -0.188615 -0.345776 -0.495347 -0.654902 -0.760551 -0.808602 -0.911520 -0.942084 -0.963012 0.976123 0.918988 0.783780 0.640277 0.496731 0.262819 0.053501 -0.231799 -0.386307 -0.541620 -0.705028 -0.804215 -0.908689 -0.934483 -0.948888 -0.972171 
39.296291 323607.625000 140 74 116 0.326292 0.504935 0.629424 0.981581 0.931155 0.742955 0.614614 0.552911 0.439089 0.092821 -0.087706 -0.365036 -0.496136 -0.659526 -0.762705 -0.828785 -0.926334 -0.944719 -0.980302 0.976536 0.849656 0.664663 0.585878 0.540242 0.306627 0.044484 -0.155896 -0.319582 -0.487301 -0.619216 -0.752124 -0.791271 -0.884712 -0.939658 -0.970084 
30.257643 81709.007812 150 148 146 0.525408 0.681109 0.494695 0.975676 0.950750 0.819313 0.674700 0.555021 0.353120 0.132806 -0.090582 -0.338560 -0.509746 -0.661656 -0.772165 -0.860915 -0.924305 -0.943342 -0.985530 0.982742 0.953839 0.766709 0.627993 0.547807 0.397605 0.121228 -0.105706 -0.346951 -0.485498 -0.665912 -0.758106 -0.862047 -0.924967 -0.939355 -0.991123 
42.920990 12453251.000000 84 72 56 0.582250 0.343414 0.690772 0.965608 0.944818 0.763699 0.708895 0.495729 0.260707 0.124242 0.011670 -0.107625 -0.250258 -0.493725 -0.590885 -0.747037 -0.826511 -0.895006 -0.964661 0.967858 0.936342 0.759330 0.706018 0.468769 0.261634 0.121456 0.010914 -0.088876 -0.246196 -0.484261 -0.608914 -0.765116 -0.832688 -0.909846 -0.964454 
52.032200 35627560.000000 54 36 40 0.554746 0.773665 0.945147 0.984892 0.970815 0.928350 0.765837 0.572134 0.479801 0.219758 0.113087 -0.001261 -0.176016 -0.388306 -0.493385 -0.642189 -0.829291 -0.913592 -0.962526 0.984295 0.976990 0.871891 0.706432 0.572083 0.334728 0.151710 0.036570 -0.106310 -0.286087 -0.439276 -0.565700 -0.738054 -0.835935 -0.921637 -0.964964 
56.417294 41026628.000000 40 40 40 0.952362 0.974603 0.978303 0.971480 0.951017 0.932846 0.747858 0.602691 0.545299 0.310464 0.132284 0.048830 -0.161444 -0.297524 -0.454999 -0.642427 -0.745530 -0.867606 -0.964726 0.979759 0.955602 0.933355 0.755639 0.598952 0.521382 0.256666 0.137933 0.025418 -0.183758 -0.339427 -0.499288 -0.627768 -0.773229 -0.889800 -0.942079 
58.929024 40817812.000000 40 40 40 0.966217 0.984761 0.931785 0.967482 0.952437 0.931051 0.751461 0.609953 0.504325 0.352421 0.179018 0.100374 -0.090067 -0.261878 -0.417716 -0.582734 -0.719179 -0.851075 -0.943030 0.968949 0.950976 0.931959 0.751409 0.614257 0.539179 0.360383 0.157189 0.059505 -0.134887 -0.277019 -0.430717 -0.605023 -0.715531 -0.872534 -0.950267 
61.257462 57835508.000000 40 42 44 0.944354 0.980778 0.975707 0.965180 0.956992 0.927404 0.761760 0.597558 0.471786 0.341437 0.183591 0.060363 -0.126601 -0.309952 -0.465902 -0.582585 -0.768712 -0.851173 -0.945828 0.966065 0.955117 0.926766 0.733053 0.588517 0.486469 0.359303 0.172459 0.067135 -0.098739 -0.295938 -0.461062 -0.579129 -0.738934 -0.850186 -0.931408 
60.414654 54362836.000000 44 46 52 0.977580 0.960590 0.927841 0.970963 0.964095 0.920928 0.750554 0.572680 0.426739 0.264167 0.167690 0.029132 -0.167161 -0.301521 -0.439441 -0.562493 -0.714600 -0.847415 -0.977057 0.967292 0.960352 0.925429 0.770103 0.589536 0.462636 0.292857 0.170464 0.058113 -0.133948 -0.321151 -0.441628 -0.560733 -0.748930 -0.853839 -0.960670 
56.588242 22311828.000000 52 56 66 0.913997 0.916354 0.819700 0.979085 0.969612 0.932331 0.750831 0.560551 0.374849 0.249862 0.168298 0.034725 -0.090372 -0.328045 -0.450326 -0.535160 -0.675891 -0.901442 -0.992522 0.975676 0.966866 0.924472 0.740196 0.564545 0.394432 0.242092 0.155041 0.007458 -0.158824 -0.342197 -0.431286 -0.556597 -0.687467 -0.855008 -0.991457 
53.627438 14115295.000000 66 72 68 0.783213 0.773639 0.671805 0.977756 0.968039 0.938434 0.738790 0.509113 0.325772 0.179941 0.105193 0.001567 -0.114778 -0.332118 -0.430370 -0.522922 -0.602759 -0.922049 -0.993020 0.979817 0.967945 0.945904 0.754451 0.548270 0.374150 0.221750 0.150789 0.036105 -0.078780 -0.322261 -0.438680 -0.524594 -0.653483 -0.893094 -0.995105 
50.572845 9805204.000000 70 106 64 0.642356 0.662871 0.734593 0.981173 0.976396 0.923045 0.693316 0.510592 0.273097 0.189954 0.085682 0.020224 -0.132465 -0.344787 -0.475660 -0.549471 -0.692757 -0.960586 -0.978493 0.980495 0.971277 0.929684 0.681845 0.493737 0.284806 0.196179 0.097617 0.016269 -0.169651 -0.365559 -0.467059 -0.528816 -0.693923 -0.952358 -0.989322 
44.898506 652397.125000 62 62 194 0.906316 0.632733 0.680163 0.983227 0.974367 0.938912 0.790647 0.516092 0.422854 0.291826 0.137051 0.074514 -0.050462 -0.366991 -0.483388 -0.577955 -0.750173 -0.959539 -0.980518 0.983062 0.977489 0.928330 0.729469 0.526674 0.315579 0.179340 0.087336 0.020750 -0.124482 -0.333576 -0.464346 -0.531355 -0.693757 -0.965434 -0.977944 
40.469521 266834.843750 98 98 42 0.516700 0.527803 0.437644 0.986460 0.973250 0.928942 0.796172 0.554249 0.415522 0.303351 0.182027 0.095361 -0.029866 -0.286261 -0.450308 -0.583249 -0.789172 -0.929685 -0.971053 0.984018 0.978091 0.934630 0.783730 0.525169 0.420901 0.312747 0.173669 0.098879 -0.023991 -0.327012 -0.472384 -0.594621 -0.752267 -0.923318 -0.978437 
35.814743 101234.187500 116 136 118 0.320531 0.433485 0.798737 0.976397 0.962199 0.947829 0.797519 0.518921 0.408797 0.311487 0.212865 0.118944 -0.030468 -0.317249 -0.466151 -0.538055 -0.756980 -0.923402 -0.961961 0.985342 0.963062 0.945130 0.827448 0.563565 0.402782 0.303047 0.219775 0.101761 -0.016294 -0.257048 -0.462442 -0.540395 -0.765307 -0.928848 -0.962217 
31.344576 40243.687500 118 44 40 0.789154 0.696322 0.599276 0.980911 0.955812 0.942465 0.813887 0.466005 0.431991 0.322902 0.209592 0.093648 -0.019325 -0.291919 -0.477150 -0.605416 -0.790685 -0.923501 -0.962968 0.981360 0.961074 0.948399 0.802344 0.497087 0.432302 0.319079 0.208768 0.087609 -0.047190 -0.300524 -0.458918 -0.559521 -0.771169 -0.914779 -0.968469 
28.795002 27842.908203 42 42 44 0.676778 0.754156 0.691646 0.971402 0.954941 0.941423 0.791521 0.483996 0.424549 0.298900 0.163395 0.105694 -0.050390 -0.320614 -0.535970 -0.628061 -0.791492 -0.920711 -0.975028 0.974921 0.956613 0.943847 0.812964 0.475185 0.425100 0.307007 0.183437 0.098619 -0.006876 -0.310883 -0.525941 -0.621373 -0.803926 -0.913069 -0.968024 
23.424999 15380.481445 64 68 70 0.631165 0.676692 0.561809 0.971920 0.958456 0.921886 0.725172 0.466814 0.426712 0.308795 0.183060 0.081951 -0.034115 -0.390359 -0.530538 -0.656971 -0.825906 -0.923319 -0.961188 0.971235 0.955922 0.933299 0.772179 0.472960 0.424016 0.306089 0.176265 0.092487 -0.065813 -0.361650 -0.532629 -0.628804 -0.807310 -0.923983 -0.965570 
20.754223 78229.773438 72 104 56 0.544103 0.328993 0.518182 0.971406 0.943594 0.833271 0.726547 0.666734 0.572514 0.234018 0.062918 -0.095413 -0.278746 -0.403278 -0.573079 -0.763367 -0.803570 -0.926829 -0.983888 0.972044 0.957818 0.926531 0.786679 0.475761 0.411502 0.316250 0.167053 0.088996 -0.134185 -0.390984 -0.517280 -0.694645 -0.823665 -0.923429 -0.969978 
37.855087 368235.187500 58 46 44 0.450552 0.697129 0.457691 0.964076 0.956425 0.843744 0.726047 0.667285 0.618745 0.235256 0.087107 -0.091460 -0.264847 -0.384797 -0.623170 -0.746051 -0.778954 -0.906173 -0.977499 0.963769 0.951836 0.818985 0.714267 0.664011 0.595375 0.177968 0.069058 -0.135090 -0.282400 -0.405744 -0.596374 -0.758662 -0.798900 -0.918156 -0.979752 
27.799335 38903.867188 22 22 24 0.459546 0.704520 0.316963 0.961880 0.951044 0.840951 0.699954 0.657275 0.628184 0.477305 0.131128 0.017160 -0.257173 -0.345920 -0.652856 -0.752098 -0.792929 -0.890269 -0.974547 0.964287 0.953789 0.838879 0.697768 0.654494 0.615691 0.374547 0.098281 -0.045639 -0.265731 -0.344002 -0.661079 -0.741360 -0.781918 -0.895335 -0.970188 
21.433319 9114.023438 68 62 80 0.369173 0.528550 0.633170 0.959946 0.949411 0.852076 0.705257 0.677293 0.609443 0.333442 0.167076 0.002959 -0.213621 -0.359637 -0.585941 -0.737669 -0.804873 -0.894578 -0.968193 0.962725 0.944679 0.829723 0.702641 0.675671 0.623055 0.392258 0.156414 0.024687 -0.233031 -0.329437 -0.624988 -0.749764 -0.797751 -0.857573 -0.976256 
13.975705 4848.404297 40 22 134 0.519400 0.415541 0.518151 0.974393 0.957182 0.859234 0.701031 0.655455 0.450246 0.331281 0.153232 0.000916 -0.258918 -0.397672 -0.601950 -0.717391 -0.819798 -0.910733 -0.978677 0.966532 0.953719 0.877091 0.703208 0.670929 0.522400 0.322539 0.170451 -0.000486 -0.208329 -0.403796 -0.588781 -0.703901 -0.794620 -0.904679 -0.971404 
10.457663 3144.367920 218 24 22 0.309040 0.431973 0.554785 0.969108 0.954682 0.878846 0.707579 0.661782 0.498226 0.302565 0.114701 -0.031463 -0.232802 -0.413843 -0.584993 -0.748342 -0.833692 -0.936114 -0.974001 0.974527 0.956146 0.846181 0.701507 0.663958 0.475626 0.311438 0.133604 0.001812 -0.258011 -0.391927 -0.595564 -0.747905 -0.836158 -0.923832 -0.977197 
8.934229 2079.567871 22 96 120 0.602685 0.414197 0.423670 0.974634 0.953589 0.882953 0.754475 0.629845 0.464862 0.295002 0.112012 -0.101372 -0.273583 -0.419556 -0.569358 -0.719884 -0.849118 -0.935396 -0.973143 0.967368 0.955917 0.884760 0.729931 0.646732 0.473304 0.302281 0.102225 -0.062386 -0.252998 -0.441308 -0.573135 -0.720358 -0.839207 -0.942450 -0.975076 
6.368581 1286.254028 100 102 34 0.371977 0.608116 0.682678 0.985405 0.963404 0.885724 0.771927 0.631554 0.478711 0.299360 0.094889 -0.069847 -0.272572 -0.396667 -0.583649 -0.741419 -0.824586 -0.931325 -0.972696 0.975274 0.953631 0.885806 0.745753 0.633662 0.449517 0.273101 0.116184 -0.073841 -0.288914 -0.429533 -0.597745 -0.726708 -0.837755 -0.920598 -0.963217 
