30.065992 23460.152344 20 120 38 0.000000 0.723360 0.574288 0.989222 0.970863 0.938400 0.905220 0.782908 0.602188 0.281218 0.233109 0.058710 -0.209422 -0.465371 -0.566374 -0.623120 -0.788831 -0.899284 -0.976026 0.990900 0.959135 0.896856 0.799956 0.661807 0.426224 0.285745 0.195892 -0.067916 -0.255651 -0.491247 -0.591435 -0.685452 -0.809520 -0.908001 -0.976514 
56.853859 2860355.000000 48 60 54 0.569940 0.828928 0.970464 0.981855 0.972789 0.948599 0.878327 0.766465 0.672663 0.389912 0.244981 0.148653 -0.085990 -0.389274 -0.522263 -0.625959 -0.675751 -0.843186 -0.969273 0.984464 0.975608 0.953080 0.907308 0.811163 0.699925 0.352857 0.255230 0.186684 -0.020231 -0.490254 -0.553497 -0.606478 -0.694327 -0.864522 -0.971676 
61.607513 25305276.000000 56 54 56 0.941367 0.990149 0.779714 0.978216 0.970633 0.940086 0.808380 0.694233 0.528747 0.298495 0.200471 0.104455 -0.159193 -0.449751 -0.502707 -0.605561 -0.661666 -0.827276 -0.917765 0.979257 0.970382 0.942335 0.848112 0.720397 0.623328 0.343150 0.214423 0.141329 -0.066525 -0.383782 -0.487255 -0.585535 -0.649430 -0.749290 -0.945970 
56.660152 34094636.000000 54 56 60 0.841227 0.927973 0.899195 0.985781 0.976105 0.941285 0.743674 0.668543 0.439774 0.213160 0.116765 -0.362322 -0.470514 -0.553494 -0.647740 -0.784711 -0.890175 -0.930197 -0.969207 0.982042 0.973872 0.945847 0.767150 0.666307 0.473866 0.235449 0.168250 -0.140874 -0.446653 -0.506449 -0.611082 -0.703932 -0.834319 -0.904548 -0.943118 
50.961803 14030054.000000 60 60 56 0.911492 0.909263 0.838191 0.987797 0.976498 0.943072 0.763583 0.664919 0.415505 0.129854 -0.036726 -0.430894 -0.514191 -0.645192 -0.760393 -0.839855 -0.891559 -0.955244 -0.988774 0.989339 0.978189 0.937632 0.751521 0.662656 0.441182 0.170551 0.043063 -0.404402 -0.501743 -0.597465 -0.700770 -0.835937 -0.900029 -0.944382 -0.985795 
50.074219 16075656.000000 56 54 52 0.892830 0.887747 0.778720 0.987180 0.969792 0.933560 0.755571 0.637865 0.346643 0.164132 0.027325 -0.413753 -0.516167 -0.637010 -0.753496 -0.848294 -0.899635 -0.951675 -0.984699 0.986624 0.974622 0.944849 0.741193 0.650501 0.346112 0.150291 -0.085884 -0.441647 -0.511924 -0.648091 -0.772395 -0.860777 -0.900677 -0.962969 -0.991281 
53.395859 31345968.000000 52 50 46 0.908294 0.878785 0.894195 0.987010 0.969635 0.940528 0.837700 0.671528 0.478470 0.231276 0.142132 -0.180802 -0.501138 -0.553267 -0.672616 -0.811719 -0.861602 -0.940644 -0.985548 0.988864 0.970029 0.928248 0.798279 0.645486 0.397843 0.186539 0.108491 -0.406770 -0.538691 -0.633389 -0.732249 -0.840880 -0.885020 -0.957004 -0.987886 
61.818863 72325672.000000 48 46 46 0.863104 0.967530 0.971095 0.983258 0.964449 0.947759 0.835998 0.717769 0.490557 0.246863 0.130359 0.021570 -0.293606 -0.507877 -0.560817 -0.659889 -0.738298 -0.902583 -0.970418 0.984457 0.966445 0.946541 0.830657 0.694923 0.504503 0.219028 0.128191 -0.052546 -0.415847 -0.509996 -0.580893 -0.666327 -0.809600 -0.911159 -0.978485 
60.146622 8655602.000000 46 46 46 0.979458 0.852395 0.708313 0.986505 0.969801 0.943608 0.839420 0.717357 0.495553 0.323281 0.189303 0.040729 -0.172230 -0.476419 -0.584569 -0.687803 -0.811552 -0.959808 -0.980297 0.983433 0.965027 0.945978 0.852526 0.714990 0.500503 0.305227 0.187076 0.026956 -0.206477 -0.487771 -0.550653 -0.665002 -0.731745 -0.920640 -0.972173 
42.940178 943930.562500 48 46 48 0.767506 0.561165 0.316637 0.983270 0.967116 0.935155 0.806962 0.719171 0.587127 0.281296 0.132551 -0.084896 -0.362297 -0.518655 -0.632571 -0.806920 -0.886991 -0.959701 -0.984492 0.989947 0.976172 0.932402 0.799715 0.709266 0.583273 0.296594 0.148974 -0.033270 -0.314706 -0.493515 -0.601799 -0.783821 -0.876563 -0.963923 -0.984635 
39.531090 1125813.000000 48 46 46 0.296301 0.518302 0.678797 0.980769 0.963763 0.929449 0.793569 0.722693 0.505502 0.272547 0.115046 -0.054277 -0.398662 -0.512631 -0.630025 -0.795206 -0.896005 -0.945149 -0.981273 0.977810 0.964361 0.925637 0.799243 0.731700 0.545707 0.287488 0.128581 -0.076695 -0.407843 -0.532948 -0.644621 -0.810790 -0.903388 -0.954293 -0.985468 
38.904140 542039.250000 46 46 114 0.666765 0.721386 0.606679 0.980838 0.964332 0.930439 0.777667 0.708977 0.537613 0.263115 0.145637 -0.018959 -0.322495 -0.514675 -0.630724 -0.782024 -0.884898 -0.943641 -0.979078 0.985098 0.965635 0.937616 0.777695 0.704415 0.515897 0.269517 0.148211 -0.016115 -0.317293 -0.507958 -0.602681 -0.794989 -0.888763 -0.943356 -0.981017 
41.321671 10482857.000000 24 38 24 0.559231 0.401005 0.673825 0.961150 0.942804 0.870375 0.712887 0.567240 0.419961 0.155356 0.004845 -0.244747 -0.429888 -0.544425 -0.654286 -0.717485 -0.831265 -0.919174 -0.981363 0.972767 0.948414 0.890259 0.759331 0.611955 0.511349 0.187217 0.059376 -0.184039 -0.379119 -0.516486 -0.643304 -0.736392 -0.860638 -0.927144 -0.980329 
44.893906 8077533.500000 46 46 138 0.673337 0.734717 0.570223 0.965663 0.957485 0.866391 0.721054 0.528053 0.382427 0.173369 -0.021418 -0.283280 -0.494666 -0.587640 -0.693086 -0.747219 -0.836063 -0.918469 -0.978632 0.966315 0.956398 0.871951 0.733050 0.530020 0.368416 0.152648 -0.038693 -0.267808 -0.486992 -0.578171 -0.678312 -0.732028 -0.812194 -0.909508 -0.976154 
38.457726 1334251.625000 46 72 116 0.457303 0.750854 0.466837 0.967074 0.951472 0.859726 0.698111 0.522884 0.358773 0.214046 0.041481 -0.233655 -0.465048 -0.615436 -0.717847 -0.789302 -0.853702 -0.917146 -0.964489 0.967164 0.956170 0.858681 0.697649 0.514563 0.381634 0.219047 0.051235 -0.265082 -0.502455 -0.613883 -0.707864 -0.775561 -0.843892 -0.909012 -0.967268 
53.789654 3117358.500000 38 38 42 0.306128 0.735776 0.954719 0.988125 0.980095 0.946251 0.922747 0.817902 0.495225 0.221791 0.014092 -0.051147 -0.236263 -0.430233 -0.564425 -0.751195 -0.820644 -0.889969 -0.966720 0.987037 0.979665 0.942636 0.869681 0.636798 0.426096 0.203290 0.043875 -0.169555 -0.389695 -0.578370 -0.696032 -0.791910 -0.861550 -0.912532 -0.963309 
62.663315 45762284.000000 44 44 44 0.925278 0.865932 0.988364 0.966674 0.953286 0.914735 0.883333 0.795138 0.582255 0.217075 0.035961 -0.013155 -0.179780 -0.378127 -0.474640 -0.572840 -0.722971 -0.870310 -0.972568 0.982626 0.961701 0.932372 0.892224 0.824449 0.601098 0.202528 0.017993 -0.041686 -0.230206 -0.404199 -0.485179 -0.631649 -0.781741 -0.888638 -0.976653 
63.211628 46769504.000000 44 44 46 0.987052 0.966531 0.872012 0.968392 0.940290 0.907214 0.875915 0.756850 0.625558 0.246031 0.077689 -0.000825 -0.158916 -0.347309 -0.428878 -0.558718 -0.687846 -0.837554 -0.973231 0.966794 0.948314 0.908706 0.883800 0.775076 0.607073 0.244023 0.051978 -0.000983 -0.151506 -0.363097 -0.459296 -0.561130 -0.692729 -0.865224 -0.964942 
61.910175 33025792.000000 44 44 44 0.947727 0.898308 0.791812 0.967659 0.926499 0.907564 0.863921 0.762675 0.593324 0.233082 0.081490 -0.015459 -0.104381 -0.285151 -0.459794 -0.571360 -0.732911 -0.809589 -0.969737 0.969608 0.933341 0.907442 0.859885 0.759982 0.639331 0.250391 0.082804 0.007032 -0.123629 -0.310788 -0.431976 -0.551499 -0.708865 -0.807475 -0.967471 
61.349586 35462520.000000 44 44 44 0.773600 0.836493 0.948673 0.970398 0.929463 0.905106 0.837117 0.768221 0.670318 0.271646 0.157411 0.026931 -0.067090 -0.268697 -0.392671 -0.583441 -0.717205 -0.872641 -0.984452 0.968587 0.928267 0.904116 0.839674 0.771136 0.632844 0.255259 0.105713 0.019457 -0.075934 -0.293942 -0.414374 -0.559399 -0.709019 -0.825017 -0.963341 
61.857334 51769632.000000 44 44 44 0.944477 0.933502 0.959998 0.969206 0.927481 0.899741 0.822712 0.765409 0.645895 0.263440 0.151607 0.039256 -0.085581 -0.236973 -0.365055 -0.568875 -0.760010 -0.875334 -0.963991 0.969788 0.927240 0.900824 0.827476 0.768114 0.653722 0.277827 0.142567 0.036955 -0.070943 -0.253036 -0.386356 -0.585759 -0.744404 -0.860311 -0.972820 
62.243252 109198024.000000 44 44 44 0.954101 0.975851 0.987660 0.968097 0.925430 0.898309 0.794289 0.738794 0.575654 0.272142 0.175704 0.036584 -0.092897 -0.241623 -0.406815 -0.566807 -0.773710 -0.882751 -0.967219 0.970658 0.928105 0.900891 0.807916 0.756514 0.603382 0.278926 0.174985 0.019592 -0.075895 -0.239386 -0.372161 -0.566173 -0.755403 -0.866865 -0.965237 
62.053085 121039352.000000 44 44 44 0.987531 0.786182 0.979072 0.968080 0.925616 0.900257 0.782370 0.695564 0.567278 0.267863 0.154972 0.044614 -0.071897 -0.282340 -0.435696 -0.592190 -0.757913 -0.842706 -0.961875 0.960271 0.923311 0.896715 0.785587 0.721618 0.564841 0.274827 0.159112 0.048508 -0.073655 -0.249230 -0.405437 -0.601603 -0.743262 -0.878065 -0.973959 
61.944176 136969136.000000 44 44 44 0.983474 0.957850 0.970142 0.967311 0.930437 0.899791 0.797291 0.650955 0.552023 0.272898 0.164895 0.068561 -0.059268 -0.258689 -0.437296 -0.608149 -0.761845 -0.822083 -0.954469 0.967106 0.925891 0.898980 0.776059 0.665948 0.560395 0.264523 0.161909 0.068703 -0.078537 -0.267263 -0.442568 -0.597822 -0.745762 -0.829386 -0.965446 
61.731651 88110288.000000 44 44 44 0.936131 0.882429 0.976617 0.969883 0.953481 0.913864 0.844975 0.561011 0.460641 0.300424 0.185204 0.079828 -0.045263 -0.334536 -0.470817 -0.624695 -0.745368 -0.825932 -0.869060 0.970062 0.943046 0.904625 0.834870 0.619522 0.495245 0.291635 0.153282 0.096011 -0.049024 -0.276552 -0.442185 -0.610340 -0.729685 -0.832069 -0.908617 
61.957722 60220636.000000 44 44 44 0.974929 0.963548 0.934736 0.973799 0.958625 0.932266 0.800123 0.547795 0.410105 0.323531 0.202123 0.094390 -0.091143 -0.275927 -0.472505 -0.595553 -0.698835 -0.788457 -0.833535 0.970252 0.957420 0.923936 0.819237 0.540228 0.454490 0.294759 0.218025 0.062736 -0.083341 -0.308982 -0.447795 -0.630957 -0.724881 -0.807185 -0.858981 
57.099960 22886968.000000 44 44 44 0.938705 0.883644 0.808244 0.988083 0.972976 0.882994 0.744330 0.531550 0.432462 0.370872 0.166827 0.060416 -0.033401 -0.166006 -0.461577 -0.540108 -0.615003 -0.748436 -0.900621 0.980769 0.961413 0.925612 0.771945 0.550940 0.403444 0.344390 0.182723 0.075105 -0.064876 -0.212790 -0.484626 -0.574449 -0.692426 -0.780161 -0.847043 
46.870392 1259328.875000 44 44 44 0.821024 0.530836 0.365489 0.989413 0.969202 0.888029 0.818150 0.681243 0.543178 0.416654 0.242408 0.094274 -0.086534 -0.288122 -0.398075 -0.542907 -0.688468 -0.807724 -0.929144 0.987380 0.968770 0.860607 0.784524 0.615698 0.447216 0.394379 0.171659 0.087838 -0.023610 -0.194983 -0.463819 -0.556470 -0.639155 -0.814856 -0.952560 
48.688549 5648176.000000 44 60 52 0.506121 0.518965 0.729421 0.975078 0.968954 0.895260 0.803298 0.617117 0.473837 0.360784 0.158344 0.048963 -0.092765 -0.290561 -0.510628 -0.601124 -0.661694 -0.803111 -0.900973 0.984428 0.955584 0.887986 0.802503 0.715355 0.520628 0.393628 0.241029 0.048535 -0.113098 -0.298116 -0.402837 -0.564885 -0.681914 -0.820108 -0.936097 
53.036736 1799047.125000 26 22 20 0.691136 0.427591 0.657545 0.971196 0.956455 0.928089 0.853937 0.696998 0.514650 0.396182 0.162444 0.053470 -0.113548 -0.282358 -0.443966 -0.578051 -0.666546 -0.719095 -0.909092 0.974010 0.967752 0.926441 0.836593 0.653564 0.488885 0.379331 0.174702 0.049487 -0.043483 -0.256746 -0.500211 -0.598025 -0.652294 -0.760822 -0.915817 
44.792274 527439.437500 128 22 44 0.716256 0.516047 0.700077 0.963805 0.952225 0.885665 0.810032 0.685619 0.539805 0.364710 0.176281 0.075125 -0.143851 -0.292310 -0.408070 -0.551753 -0.666217 -0.828014 -0.934068 0.963996 0.953936 0.914056 0.841602 0.713998 0.523269 0.397911 0.151890 0.073761 -0.106106 -0.310532 -0.391434 -0.562667 -0.671685 -0.742403 -0.949388 
36.774677 330219.781250 46 44 130 0.649116 0.689365 0.646638 0.967845 0.941561 0.871414 0.763981 0.621644 0.508530 0.378154 0.171488 0.077573 -0.065271 -0.204193 -0.370889 -0.562148 -0.672348 -0.855765 -0.950918 0.963711 0.953975 0.856601 0.779074 0.666493 0.535768 0.366534 0.181827 0.059758 -0.134636 -0.278313 -0.449149 -0.576225 -0.710336 -0.846536 -0.921918 
37.015255 306025.750000 86 88 80 0.460205 0.600991 0.633464 0.951330 0.931097 0.896936 0.813993 0.660871 0.552720 0.399622 0.185461 0.057234 -0.005206 -0.166155 -0.333884 -0.595088 -0.761531 -0.875772 -0.945778 0.964350 0.927950 0.885682 0.755205 0.620627 0.516739 0.373320 0.164003 0.065043 -0.035511 -0.198108 -0.376145 -0.567828 -0.729335 -0.863440 -0.961159 
48.978149 2400277.250000 80 56 50 0.491936 0.567697 0.910923 0.976302 0.956157 0.905654 0.882132 0.788446 0.616109 0.344054 0.065749 0.001850 -0.093606 -0.201491 -0.452383 -0.745162 -0.804698 -0.864459 -0.890742 0.951329 0.928579 0.897207 0.850031 0.699023 0.601413 0.387844 0.132780 0.040244 -0.043882 -0.147582 -0.277271 -0.634654 -0.773856 -0.882082 -0.925872 
60.097942 13334380.000000 50 48 46 0.757780 0.956761 0.947437 0.977027 0.959567 0.913586 0.869279 0.837525 0.703636 0.257180 0.028998 -0.018892 -0.098622 -0.208946 -0.413856 -0.727091 -0.811235 -0.861304 -0.902109 0.975318 0.957753 0.910455 0.874481 0.833437 0.634200 0.223072 0.045546 -0.008310 -0.113957 -0.207798 -0.438622 -0.757348 -0.808203 -0.873356 -0.899525 
61.703266 17909664.000000 46 46 44 0.894258 0.943755 0.950266 0.979989 0.956931 0.917505 0.895690 0.822829 0.671039 0.193575 0.024524 -0.042425 -0.159278 -0.245071 -0.458350 -0.665612 -0.776935 -0.868443 -0.890871 0.977001 0.957496 0.916424 0.871436 0.829718 0.694799 0.232903 0.026285 -0.036327 -0.109788 -0.206224 -0.411534 -0.720815 -0.808797 -0.860432 -0.892774 
60.097942 11366076.000000 44 40 40 0.961119 0.862452 0.984940 0.981373 0.961672 0.917454 0.893606 0.830945 0.643215 0.370349 -0.030347 -0.081486 -0.213582 -0.304770 -0.466474 -0.608412 -0.757012 -0.860493 -0.899838 0.982472 0.959008 0.912783 0.897816 0.822974 0.679713 0.272795 -0.014091 -0.052535 -0.170669 -0.300052 -0.468343 -0.619594 -0.780842 -0.862782 -0.889966 
60.733055 8219521.500000 40 38 38 0.986081 0.972652 0.976593 0.983488 0.965173 0.935273 0.905969 0.823814 0.709076 0.414690 -0.041695 -0.094972 -0.237983 -0.337144 -0.455816 -0.605027 -0.781796 -0.829822 -0.903402 0.981702 0.962274 0.929968 0.894935 0.833371 0.691579 0.443399 -0.021881 -0.086752 -0.245760 -0.335611 -0.472415 -0.626680 -0.770304 -0.849448 -0.892361 
60.693886 3246250.750000 38 36 36 0.977878 0.973579 0.983216 0.985659 0.975940 0.937875 0.919222 0.818129 0.690569 0.509056 -0.044426 -0.119286 -0.198750 -0.318902 -0.394251 -0.572976 -0.763964 -0.848991 -0.956032 0.985185 0.971504 0.937551 0.917288 0.814248 0.707370 0.467290 -0.054512 -0.112707 -0.222525 -0.321203 -0.435867 -0.563667 -0.787219 -0.826292 -0.941202 
58.997997 1680929.000000 36 36 36 0.984133 0.983951 0.954532 0.985293 0.979381 0.937562 0.899253 0.825389 0.722206 0.496873 0.088762 -0.087069 -0.237922 -0.359992 -0.409737 -0.545609 -0.731098 -0.892917 -0.969582 0.985645 0.978435 0.939470 0.913167 0.833368 0.725318 0.479948 0.043174 -0.098938 -0.201491 -0.343586 -0.384558 -0.549053 -0.740171 -0.874130 -0.963870 
58.215096 1152831.500000 36 36 38 0.970755 0.954460 0.899125 0.987254 0.982330 0.935067 0.885280 0.834015 0.735194 0.507163 0.076429 -0.142298 -0.271868 -0.361575 -0.411069 -0.505642 -0.645222 -0.885166 -0.971921 0.985460 0.980122 0.938635 0.895012 0.837933 0.753610 0.477188 0.075062 -0.126413 -0.275954 -0.355941 -0.402372 -0.524846 -0.682674 -0.888659 -0.971455 
57.166615 1075323.625000 38 38 40 0.864053 0.946940 0.898809 0.988207 0.985122 0.927568 0.875130 0.828736 0.679468 0.493257 0.087725 -0.106974 -0.265508 -0.354332 -0.425434 -0.493118 -0.671972 -0.878315 -0.972903 0.987968 0.984093 0.932125 0.871943 0.825613 0.704438 0.494854 0.073228 -0.096436 -0.243236 -0.347649 -0.425306 -0.490859 -0.649824 -0.889858 -0.969733 
54.595253 852832.250000 40 44 48 0.947090 0.920675 0.883048 0.990430 0.983911 0.917634 0.905856 0.796807 0.679232 0.478597 0.135715 -0.159491 -0.253930 -0.375246 -0.420701 -0.580238 -0.728230 -0.823017 -0.974240 0.989117 0.985053 0.919797 0.890355 0.804849 0.690472 0.520031 0.136990 -0.128401 -0.278463 -0.363052 -0.439148 -0.503575 -0.702377 -0.853944 -0.976281 
52.974361 569794.625000 48 50 52 0.862009 0.831064 0.776199 0.992005 0.983672 0.943944 0.911012 0.827644 0.657200 0.393588 0.094675 -0.172069 -0.252224 -0.340119 -0.479010 -0.667814 -0.708236 -0.810916 -0.961979 0.991638 0.982956 0.928424 0.912111 0.820340 0.700078 0.496110 0.111932 -0.148892 -0.241836 -0.355522 -0.418483 -0.668709 -0.716741 -0.804517 -0.966598 
55.297485 2682227.750000 52 58 62 0.782367 0.864601 0.884260 0.984691 0.975859 0.948895 0.880856 0.844529 0.636392 0.299245 -0.010822 -0.187769 -0.248227 -0.369569 -0.552097 -0.642364 -0.697336 -0.754168 -0.923881 0.990232 0.978232 0.955992 0.880637 0.839469 0.598392 0.298497 0.106663 -0.178862 -0.238755 -0.421213 -0.552257 -0.643356 -0.695009 -0.765312 -0.955376 
55.664711 6731059.500000 62 68 72 0.890890 0.936378 0.946763 0.984907 0.973658 0.936018 0.885177 0.699319 0.588900 0.193604 -0.003762 -0.082642 -0.180106 -0.262274 -0.467535 -0.682666 -0.742340 -0.839648 -0.904934 0.984498 0.976331 0.937734 0.891143 0.811407 0.659307 0.241459 -0.047277 -0.127323 -0.224094 -0.312422 -0.518783 -0.677941 -0.718446 -0.786583 -0.906424 
54.834438 4257595.000000 72 74 76 0.957147 0.969303 0.946588 0.986582 0.974445 0.956152 0.883164 0.587734 0.419976 0.250049 0.156592 0.009950 -0.090846 -0.268379 -0.396412 -0.572861 -0.748965 -0.875361 -0.934036 0.984859 0.972318 0.944509 0.861083 0.628388 0.513497 0.221638 0.069060 -0.043430 -0.136292 -0.269190 -0.396449 -0.663532 -0.767045 -0.868478 -0.910270 
52.428432 835495.750000 76 80 80 0.960423 0.973950 0.954359 0.988179 0.978245 0.961190 0.920415 0.520568 0.385168 0.287434 0.170438 0.096132 -0.039300 -0.283724 -0.446675 -0.553022 -0.707438 -0.846157 -0.969059 0.987523 0.977046 0.960025 0.915175 0.538051 0.394836 0.290415 0.165958 0.089920 -0.084289 -0.273799 -0.420191 -0.550552 -0.697815 -0.851198 -0.963187 
49.881035 4578683.000000 82 82 82 0.894238 0.919045 0.819232 0.988694 0.976436 0.965392 0.834128 0.391855 0.352770 0.237238 0.172561 0.001838 -0.320474 -0.507620 -0.681202 -0.847185 -0.900528 -0.950006 -0.987210 0.988308 0.978531 0.963960 0.911703 0.459808 0.339742 0.269496 0.167758 0.067748 -0.126189 -0.408159 -0.555772 -0.778988 -0.886876 -0.938976 -0.987335 
46.267670 304102.750000 82 82 82 0.783377 0.497891 0.903188 0.991702 0.982605 0.966710 0.923862 0.506952 0.338335 0.287650 0.216603 0.115445 -0.087585 -0.372468 -0.511680 -0.641363 -0.864741 -0.914661 -0.981525 0.990155 0.977521 0.965879 0.871295 0.442291 0.340266 0.287069 0.195180 0.069430 -0.251399 -0.457713 -0.605560 -0.812384 -0.883192 -0.936448 -0.980924 
47.600403 231256.562500 82 82 82 0.937960 0.921652 0.924244 0.993244 0.986506 0.973937 0.898641 0.532232 0.349752 0.291373 0.198484 0.116148 -0.088009 -0.414994 -0.501155 -0.600782 -0.845171 -0.928753 -0.978521 0.992127 0.984804 0.970925 0.913959 0.548042 0.335897 0.276048 0.202984 0.121103 -0.078268 -0.374840 -0.504479 -0.594611 -0.854131 -0.927280 -0.978376 
42.209835 62173.621094 82 84 86 0.881040 0.791392 0.535833 0.994298 0.985634 0.961845 0.857294 0.622154 0.396696 0.296900 0.191098 -0.007969 -0.315131 -0.393617 -0.492519 -0.645390 -0.834697 -0.909808 -0.957764 0.993850 0.987326 0.974328 0.879276 0.509761 0.357716 0.274736 0.196635 0.065181 -0.280560 -0.404260 -0.496465 -0.612523 -0.832749 -0.910527 -0.962436 
29.755466 28279.744141 34 104 214 0.522804 0.485836 0.462279 0.994176 0.977716 0.937139 0.848969 0.662539 0.440379 0.313754 0.207207 -0.004240 -0.270930 -0.362888 -0.491022 -0.664194 -0.822596 -0.910811 -0.967997 0.991209 0.974583 0.947047 0.843273 0.692000 0.425664 0.330321 0.222788 0.031798 -0.259413 -0.375743 -0.484771 -0.652563 -0.815691 -0.908194 -0.958178 
26.907040 19995.794922 84 52 96 0.420086 0.578170 0.485195 0.986566 0.971679 0.941826 0.831606 0.683903 0.479966 0.310796 0.167174 -0.111888 -0.284757 -0.388449 -0.518338 -0.666700 -0.810679 -0.897418 -0.972093 0.990162 0.974039 0.943634 0.824748 0.651093 0.431366 0.284656 0.138565 -0.138354 -0.291872 -0.397450 -0.518209 -0.640065 -0.809386 -0.903973 -0.976449 
36.056976 2772389.250000 94 84 94 0.405440 0.534216 0.640055 0.970462 0.938516 0.803249 0.501568 0.420290 0.222160 0.053630 -0.065537 -0.231926 -0.375428 -0.504414 -0.624992 -0.721959 -0.842025 -0.927934 -0.963155 0.990332 0.972337 0.935629 0.834930 0.685668 0.495372 0.315304 0.167966 -0.081364 -0.275161 -0.398329 -0.522622 -0.710916 -0.814890 -0.908937 -0.964236 
51.950775 20005316.000000 94 70 70 0.529400 0.661308 0.313362 0.976341 0.934679 0.731417 0.481644 0.373282 0.133326 0.059645 -0.281015 -0.409012 -0.493782 -0.596171 -0.677921 -0.783529 -0.891190 -0.936607 -0.983048 0.971321 0.941112 0.748968 0.486486 0.401299 0.164738 0.043285 -0.147100 -0.335080 -0.463606 -0.572253 -0.662050 -0.763732 -0.895670 -0.936209 -0.977636 
51.583366 8756975.000000 132 148 148 0.626933 0.535916 0.599865 0.982010 0.944808 0.704573 0.494246 0.424679 0.186752 0.091937 -0.189957 -0.398969 -0.463649 -0.522713 -0.653766 -0.750772 -0.856274 -0.923179 -0.978670 0.982738 0.942888 0.745823 0.479346 0.416179 0.139490 0.086321 -0.289751 -0.420896 -0.486257 -0.551957 -0.656943 -0.771781 -0.865892 -0.937765 -0.982515 
48.711411 5481105.500000 80 100 52 0.581758 0.243340 0.838813 0.990040 0.974951 0.951121 0.878175 0.599241 0.532621 0.211589 0.138118 -0.111720 -0.403116 -0.488400 -0.593571 -0.733496 -0.834000 -0.913809 -0.966435 0.988036 0.959039 0.771924 0.558841 0.492078 0.250542 0.142222 -0.037618 -0.342394 -0.449536 -0.498612 -0.649768 -0.741148 -0.853290 -0.920029 -0.967728 
58.983749 22218346.000000 54 56 60 0.850137 0.939964 0.989929 0.984481 0.975073 0.958808 0.757196 0.648693 0.566672 0.231049 0.164524 -0.020216 -0.328763 -0.455579 -0.527079 -0.621860 -0.743854 -0.881089 -0.962392 0.986764 0.972776 0.957059 0.805161 0.625873 0.572171 0.241933 0.174054 -0.008274 -0.344846 -0.454209 -0.531788 -0.647953 -0.788377 -0.874565 -0.955058 
54.132656 2621428.750000 60 62 64 0.983968 0.865182 0.918085 0.991502 0.980681 0.962846 0.770060 0.672241 0.565663 0.216461 0.130879 -0.143935 -0.409057 -0.492732 -0.600309 -0.702972 -0.816666 -0.919496 -0.972999 0.985079 0.976609 0.959365 0.759355 0.668310 0.567112 0.221020 0.158189 -0.035339 -0.320504 -0.482161 -0.533368 -0.664441 -0.771525 -0.918516 -0.969065 
44.640823 1276273.000000 64 66 64 0.886486 0.650117 0.631133 0.993396 0.982332 0.952442 0.762954 0.646068 0.549302 0.195368 0.115073 -0.289074 -0.418523 -0.540099 -0.666622 -0.793484 -0.895025 -0.934980 -0.970044 0.993914 0.986294 0.961592 0.812029 0.661761 0.584824 0.219842 0.095692 -0.274850 -0.419608 -0.534906 -0.664678 -0.751686 -0.843262 -0.928831 -0.976445 
57.436707 17125486.000000 64 64 64 0.662704 0.918114 0.977045 0.984204 0.977449 0.953593 0.777789 0.671286 0.549111 0.205034 0.142053 0.004471 -0.231523 -0.405072 -0.512004 -0.625398 -0.690950 -0.861374 -0.944444 0.986638 0.976642 0.957509 0.785341 0.652726 0.564100 0.191245 0.132801 -0.040273 -0.334449 -0.452551 -0.557884 -0.728725 -0.872157 -0.915465 -0.961827 
59.373466 11796829.000000 64 64 66 0.979403 0.923221 0.962017 0.984503 0.977499 0.945830 0.797792 0.677362 0.515607 0.327793 0.276392 0.006437 -0.085878 -0.326782 -0.546078 -0.623987 -0.665822 -0.877568 -0.955014 0.983765 0.977804 0.948252 0.757611 0.678908 0.495191 0.263781 0.190403 0.024295 -0.149350 -0.377680 -0.531484 -0.636285 -0.672305 -0.834639 -0.955333 
56.154331 2598104.750000 66 66 68 0.956517 0.975259 0.973202 0.985762 0.977035 0.940449 0.858865 0.719345 0.618637 0.398149 0.285812 0.023252 -0.163423 -0.393587 -0.509482 -0.617247 -0.690537 -0.904804 -0.952946 0.985295 0.976890 0.945201 0.838525 0.692869 0.564460 0.355537 0.302104 0.011792 -0.083232 -0.340759 -0.548493 -0.620454 -0.678548 -0.871352 -0.954511 
51.216389 657897.812500 68 68 68 0.962182 0.939917 0.902483 0.986949 0.977419 0.939905 0.883686 0.761172 0.637602 0.427173 0.254498 0.039114 -0.185884 -0.362719 -0.516844 -0.657996 -0.724856 -0.899007 -0.956557 0.986353 0.977418 0.938703 0.879960 0.742828 0.637690 0.429903 0.282844 0.019294 -0.206391 -0.396453 -0.512722 -0.624662 -0.720855 -0.914901 -0.952048 
49.850616 337067.343750 68 68 68 0.915264 0.932222 0.945524 0.984858 0.977319 0.948799 0.889671 0.749917 0.645839 0.523647 0.283265 0.089001 -0.173511 -0.364366 -0.534784 -0.665191 -0.764158 -0.880095 -0.971053 0.985496 0.978081 0.940295 0.880683 0.754724 0.634800 0.439279 0.247386 0.090313 -0.153939 -0.348053 -0.512897 -0.668207 -0.747097 -0.857216 -0.964496 
55.609131 1031436.812500 68 66 66 0.937739 0.959504 0.960894 0.984136 0.977480 0.949006 0.869813 0.736397 0.644768 0.532401 0.299025 0.136808 -0.040832 -0.213853 -0.496642 -0.591242 -0.722350 -0.891599 -0.968433 0.985144 0.976933 0.953724 0.889082 0.761781 0.655648 0.577806 0.425398 0.045625 -0.132724 -0.312459 -0.524832 -0.651982 -0.747661 -0.900082 -0.970457 
56.770264 4104788.750000 66 66 66 0.977332 0.927276 0.962722 0.982917 0.977505 0.938514 0.833686 0.656832 0.612554 0.287031 0.179132 0.023955 -0.046631 -0.231407 -0.456711 -0.570262 -0.616573 -0.779421 -0.962235 0.983113 0.977669 0.940831 0.847204 0.667325 0.627257 0.383902 0.200498 0.078024 -0.059325 -0.153062 -0.456326 -0.566902 -0.639170 -0.847730 -0.962913 
55.291809 3606578.000000 66 66 66 0.959460 0.984530 0.968876 0.985090 0.975117 0.942758 0.865424 0.692006 0.614737 0.272377 0.131920 0.034954 -0.057072 -0.377581 -0.453062 -0.590960 -0.650271 -0.830613 -0.982502 0.983683 0.975940 0.938214 0.833031 0.669774 0.602989 0.277912 0.145235 0.030052 -0.039211 -0.310094 -0.463011 -0.576666 -0.638617 -0.775861 -0.969055 
53.315231 553625.625000 66 64 64 0.975948 0.895709 0.932002 0.988754 0.978763 0.966229 0.893723 0.722033 0.643162 0.342769 0.106959 0.040928 -0.136945 -0.396397 -0.463684 -0.593364 -0.694178 -0.895194 -0.971650 0.986195 0.977483 0.951110 0.886912 0.712914 0.634092 0.284569 0.104699 0.024165 -0.073978 -0.381187 -0.435064 -0.581012 -0.670398 -0.894127 -0.977921 
53.016991 242730.421875 64 66 64 0.893428 0.919457 0.942116 0.988849 0.980904 0.967831 0.910716 0.775358 0.665088 0.464314 0.145609 0.004977 -0.161145 -0.395909 -0.514100 -0.571420 -0.732125 -0.900303 -0.971449 0.988023 0.980489 0.965911 0.911313 0.754419 0.656427 0.445111 0.118836 0.027331 -0.155279 -0.401445 -0.485202 -0.566285 -0.719268 -0.897906 -0.971523 
52.971237 255328.656250 64 66 64 0.952669 0.904773 0.911985 0.990260 0.982718 0.967651 0.899754 0.787906 0.678983 0.541150 0.134759 -0.055049 -0.224300 -0.407446 -0.519849 -0.560946 -0.728455 -0.901304 -0.964641 0.990281 0.981410 0.968780 0.901570 0.775773 0.657773 0.526570 0.132435 0.001617 -0.204582 -0.415406 -0.519449 -0.570774 -0.723496 -0.899524 -0.969662 
57.476192 4739631.500000 64 62 60 0.912434 0.926116 0.962814 0.987288 0.977803 0.967919 0.872605 0.690345 0.600999 0.227524 0.122096 0.009329 -0.194244 -0.444748 -0.510390 -0.626626 -0.850972 -0.934276 -0.985005 0.989239 0.980189 0.965460 0.874048 0.770961 0.665787 0.375316 0.063817 -0.120891 -0.286791 -0.487944 -0.536511 -0.677985 -0.867217 -0.933834 -0.988184 
60.626102 4461248.000000 60 58 58 0.964077 0.991804 0.972301 0.987209 0.976337 0.968260 0.863660 0.593263 0.477293 0.295003 0.185749 0.093419 0.018037 -0.304180 -0.437052 -0.514250 -0.626587 -0.898328 -0.981078 0.986404 0.976925 0.968374 0.882775 0.643553 0.562919 0.291071 0.170913 0.089515 -0.007388 -0.313423 -0.469218 -0.529762 -0.691927 -0.907270 -0.978761 
56.333824 3083138.000000 58 56 56 0.970659 0.891372 0.949707 0.989870 0.978039 0.966272 0.886173 0.463196 0.337074 0.249659 0.161801 0.043856 -0.037887 -0.340405 -0.434822 -0.515915 -0.566034 -0.822105 -0.976065 0.988337 0.976787 0.967502 0.880237 0.502077 0.379665 0.267981 0.174224 0.068167 -0.002291 -0.313303 -0.443710 -0.520073 -0.587641 -0.863309 -0.983411 
53.414131 2947269.500000 56 56 56 0.977378 0.973558 0.971174 0.992596 0.982495 0.964605 0.887360 0.390131 0.286613 0.210627 0.146063 -0.008836 -0.136784 -0.379970 -0.439936 -0.525244 -0.561590 -0.797097 -0.965557 0.991367 0.979835 0.965483 0.895248 0.420690 0.298551 0.219621 0.154585 0.006974 -0.080171 -0.366640 -0.434715 -0.523303 -0.562761 -0.796749 -0.966978 
55.390850 5387621.000000 54 54 54 0.965387 0.989563 0.971468 0.992914 0.983717 0.965093 0.882739 0.370277 0.295132 0.201886 0.125340 0.016704 -0.155418 -0.353018 -0.439236 -0.526015 -0.577901 -0.892874 -0.961297 0.992947 0.984304 0.963923 0.886670 0.371984 0.296732 0.197961 0.124860 -0.011255 -0.132428 -0.386602 -0.437397 -0.519187 -0.547383 -0.827671 -0.964269 
57.075237 13802775.000000 54 52 52 0.983900 0.987890 0.987773 0.992590 0.983686 0.963602 0.855370 0.317409 0.263065 0.170002 0.102812 -0.019136 -0.150084 -0.370608 -0.451998 -0.574121 -0.782651 -0.894348 -0.950928 0.992893 0.984681 0.963856 0.831007 0.344669 0.277724 0.164077 0.120195 -0.016034 -0.199820 -0.372079 -0.473119 -0.554637 -0.686956 -0.899185 -0.949450 
55.420845 4051934.750000 52 52 52 0.986710 0.987588 0.868185 0.992189 0.979811 0.966375 0.921888 0.367647 0.301332 0.197656 0.083018 -0.050218 -0.194092 -0.434535 -0.516847 -0.674469 -0.804779 -0.926626 -0.969187 0.992314 0.981476 0.966008 0.913128 0.343618 0.287299 0.176637 0.099085 -0.026302 -0.114885 -0.397937 -0.465011 -0.577086 -0.783425 -0.895033 -0.950406 
43.941933 5822658.000000 54 54 52 0.928435 0.751960 0.548276 0.986187 0.974472 0.934922 0.478322 0.390327 0.328605 0.172698 -0.050188 -0.192484 -0.442048 -0.542405 -0.662467 -0.792265 -0.860273 -0.954927 -0.985971 0.991754 0.979977 0.959908 0.715591 0.383878 0.333869 0.224413 0.031714 -0.137784 -0.342984 -0.516323 -0.606302 -0.769604 -0.832590 -0.938853 -0.976844 
46.274559 8551194.000000 58 92 50 0.597667 0.718169 0.719141 0.989576 0.977831 0.842519 0.506567 0.411211 0.271051 0.097549 -0.153301 -0.362802 -0.498187 -0.563444 -0.752097 -0.836772 -0.888822 -0.950294 -0.993482 0.987057 0.977346 0.890746 0.472286 0.393799 0.286288 0.101048 -0.125455 -0.290938 -0.480172 -0.553547 -0.710493 -0.827917 -0.880932 -0.947822 -0.990549 
47.125999 3272167.250000 52 56 52 0.816244 0.757422 0.654074 0.991158 0.973969 0.860397 0.588001 0.374711 0.268293 0.112882 -0.134482 -0.328124 -0.497582 -0.589529 -0.762962 -0.867715 -0.922359 -0.974776 -0.996852 0.991192 0.976609 0.821584 0.560285 0.407786 0.283641 0.130917 -0.114020 -0.391641 -0.505743 -0.590544 -0.758113 -0.847172 -0.906411 -0.962084 -0.998014 
41.203377 1435630.000000 102 194 102 0.699969 0.583247 0.655463 0.989962 0.970614 0.888859 0.628412 0.429559 0.292809 0.170623 -0.075193 -0.405348 -0.521825 -0.612260 -0.767013 -0.886345 -0.920420 -0.953547 -0.985291 0.989743 0.969522 0.882497 0.602499 0.392748 0.264642 0.154332 -0.120968 -0.303053 -0.480243 -0.577192 -0.737354 -0.863911 -0.921771 -0.957517 -0.991102 
43.648819 1523379.250000 102 96 98 0.721565 0.386673 0.610317 0.989508 0.971002 0.870778 0.583901 0.420372 0.316573 0.187288 -0.180633 -0.477790 -0.548817 -0.628403 -0.777080 -0.865329 -0.923160 -0.956088 -0.992749 0.988811 0.969175 0.874476 0.607168 0.450441 0.315414 0.163299 -0.131303 -0.450980 -0.535384 -0.626473 -0.798467 -0.882348 -0.925516 -0.953198 -0.991398 
43.141319 2403258.000000 98 112 104 0.640578 0.727018 0.489383 0.988151 0.960830 0.768528 0.574072 0.462174 0.329991 0.179661 -0.021062 -0.371271 -0.542572 -0.585452 -0.717210 -0.870356 -0.924969 -0.944298 -0.987747 0.991378 0.964500 0.840937 0.547315 0.393147 0.326518 0.207589 -0.010921 -0.457700 -0.550987 -0.618083 -0.737899 -0.866596 -0.926664 -0.954727 -0.990226 
45.378540 4785940.500000 50 54 56 0.334275 0.242470 0.798090 0.985203 0.975436 0.958846 0.672189 0.578599 0.495299 0.195742 0.137329 -0.122362 -0.433746 -0.502307 -0.601768 -0.790237 -0.887885 -0.916810 -0.978491 0.984545 0.950542 0.742311 0.588655 0.553844 0.283490 0.116674 0.013942 -0.311445 -0.508857 -0.537829 -0.715055 -0.862201 -0.909588 -0.933199 -0.980170 
54.920509 8521456.000000 56 62 62 0.841119 0.973373 0.953646 0.983075 0.975509 0.948830 0.794525 0.615797 0.563801 0.273630 0.192626 0.040473 -0.242402 -0.461594 -0.568449 -0.689772 -0.778981 -0.929591 -0.974214 0.982680 0.975586 0.954545 0.744557 0.599761 0.540631 0.253210 0.173938 0.042385 -0.301506 -0.439357 -0.552564 -0.690719 -0.795030 -0.929258 -0.972417 
48.090523 1450378.625000 62 64 64 0.968173 0.773165 0.674840 0.992935 0.978946 0.936630 0.780731 0.632550 0.530643 0.267601 0.200837 -0.016570 -0.313460 -0.495798 -0.616457 -0.761198 -0.861065 -0.932393 -0.980011 0.986714 0.975060 0.950664 0.837109 0.622618 0.540612 0.275630 0.209686 0.049935 -0.242648 -0.461537 -0.589668 -0.703881 -0.812819 -0.941048 -0.976614 
37.759636 3481008.250000 64 64 64 0.706253 0.720861 0.526491 0.985464 0.961144 0.824902 0.642666 0.558258 0.382432 0.292089 0.155918 -0.107496 -0.429612 -0.514815 -0.652452 -0.793844 -0.875011 -0.941370 -0.980753 0.991986 0.975015 0.892831 0.688866 0.607395 0.433570 0.260823 0.150876 -0.071073 -0.408835 -0.527698 -0.642706 -0.788330 -0.875323 -0.936480 -0.983291 
34.700275 1394899.250000 66 60 62 0.617358 0.526175 0.704911 0.981709 0.947329 0.762388 0.651418 0.587562 0.415263 0.271151 0.172726 -0.135166 -0.405064 -0.492295 -0.608041 -0.801558 -0.894667 -0.949560 -0.993154 0.981314 0.946862 0.739969 0.665999 0.551042 0.408474 0.288817 0.191266 -0.099295 -0.415122 -0.490603 -0.635703 -0.793303 -0.882870 -0.936656 -0.988918 
28.899328 160107.562500 108 122 124 0.717942 0.652869 0.515943 0.991695 0.974674 0.900645 0.677927 0.614411 0.397349 0.286163 0.097010 -0.035642 -0.326458 -0.505898 -0.628963 -0.770049 -0.912423 -0.963607 -0.991366 0.985090 0.961607 0.820904 0.668923 0.592586 0.371091 0.266247 0.110432 -0.081048 -0.372882 -0.511646 -0.613773 -0.789795 -0.910272 -0.961176 -0.996484 
25.726919 34476.324219 118 96 102 0.381583 0.783938 0.380312 0.992596 0.977518 0.934761 0.746749 0.616923 0.540178 0.311843 0.154971 -0.007634 -0.315668 -0.451844 -0.606774 -0.801561 -0.923502 -0.951723 -0.987890 0.992282 0.975475 0.929242 0.690249 0.615560 0.501026 0.302801 0.138862 -0.037284 -0.329631 -0.458448 -0.635760 -0.764835 -0.907839 -0.958172 -0.991249 
23.652552 15308.122070 102 98 90 0.389704 0.528008 0.653709 0.990009 0.977504 0.947008 0.755858 0.632322 0.519451 0.309245 0.110906 -0.115168 -0.273994 -0.466601 -0.602254 -0.766563 -0.875666 -0.943638 -0.988792 0.991458 0.975232 0.929160 0.782660 0.640739 0.529482 0.277608 0.143925 -0.069661 -0.272178 -0.450065 -0.611490 -0.796034 -0.903260 -0.946355 -0.986539 
23.352238 68761.976562 90 106 86 0.617903 0.510048 0.575031 0.989223 0.961352 0.900151 0.775010 0.599795 0.448105 0.261121 0.132254 0.000051 -0.190423 -0.490193 -0.565574 -0.862693 -0.930009 -0.951967 -0.972993 0.991769 0.973149 0.937968 0.782908 0.639851 0.538535 0.350986 0.104217 -0.094358 -0.259522 -0.441151 -0.589849 -0.769307 -0.884426 -0.952956 -0.972211 
29.934481 437205.125000 148 148 46 0.626538 0.634965 0.437319 0.975989 0.932106 0.873429 0.693446 0.579910 0.337661 0.269565 0.123103 0.043849 -0.190325 -0.495406 -0.627990 -0.866155 -0.921372 -0.941214 -0.974669 0.984818 0.951065 0.889397 0.716281 0.563135 0.353004 0.245451 0.120861 0.030350 -0.190002 -0.497088 -0.604752 -0.889874 -0.931540 -0.950099 -0.978003 
34.679054 438161.062500 122 130 74 0.437330 0.445453 0.544148 0.961124 0.926075 0.895398 0.852613 0.652111 0.457330 0.301712 0.147207 0.026672 -0.130388 -0.519781 -0.592994 -0.818448 -0.927700 -0.953753 -0.970778 0.963537 0.921100 0.889155 0.814717 0.614355 0.417020 0.266646 0.142128 0.032615 -0.145744 -0.521396 -0.601562 -0.844802 -0.920356 -0.944574 -0.971570 
31.021166 52599.378906 74 80 40 0.569217 0.458804 0.803529 0.989437 0.977506 0.923556 0.890294 0.734542 0.528430 0.354825 0.198598 0.014610 -0.180709 -0.425663 -0.558415 -0.754761 -0.907121 -0.948914 -0.967388 0.970554 0.924092 0.901812 0.852424 0.671616 0.477234 0.338527 0.158302 0.025564 -0.154071 -0.468911 -0.576008 -0.773301 -0.922313 -0.952732 -0.973558 
55.858734 202916.406250 44 44 44 0.480274 0.828328 0.909586 0.990511 0.983002 0.955192 0.920757 0.895948 0.788894 0.405807 0.214366 0.068110 -0.162466 -0.368881 -0.517288 -0.686125 -0.832777 -0.931721 -0.971654 0.990028 0.983974 0.955907 0.937079 0.895000 0.732422 0.422999 0.215303 0.054349 -0.188791 -0.389252 -0.537598 -0.709389 -0.871994 -0.939376 -0.966017 
56.593391 269196.281250 44 46 46 0.958337 0.985642 0.983665 0.990169 0.979432 0.948656 0.918467 0.902153 0.794281 0.402231 0.234655 0.118660 -0.133352 -0.358708 -0.530836 -0.695191 -0.820990 -0.924618 -0.976491 0.990530 0.981215 0.954745 0.923175 0.901995 0.803799 0.370299 0.208518 0.103614 -0.139858 -0.371016 -0.530992 -0.685175 -0.820697 -0.926853 -0.974316 
58.383278 477197.281250 46 44 46 0.986469 0.952367 0.933839 0.989449 0.975251 0.936597 0.911639 0.899826 0.826120 0.350141 0.280659 0.120462 -0.219496 -0.372442 -0.487109 -0.653546 -0.794006 -0.914825 -0.974351 0.989656 0.977451 0.943695 0.914764 0.902330 0.848440 0.374183 0.243060 0.110964 -0.171565 -0.363652 -0.510987 -0.684738 -0.819379 -0.924623 -0.974302 
58.530983 1413515.750000 46 44 44 0.938599 0.959573 0.831167 0.987329 0.970299 0.938938 0.909775 0.883791 0.644659 0.357219 0.303268 0.149655 -0.324992 -0.420119 -0.487463 -0.632979 -0.688031 -0.865206 -0.970945 0.988739 0.972883 0.940178 0.910853 0.898982 0.789247 0.322535 0.292227 0.123541 -0.318662 -0.384914 -0.493614 -0.631834 -0.724520 -0.909874 -0.972609 
56.841854 3190183.500000 44 44 44 0.851719 0.950454 0.883471 0.986306 0.967889 0.941504 0.887593 0.802332 0.647316 0.396872 0.366769 0.019370 -0.325703 -0.407275 -0.535034 -0.602403 -0.694724 -0.762419 -0.939312 0.987116 0.970039 0.937958 0.905073 0.820134 0.576612 0.396566 0.337823 0.083240 -0.301951 -0.410540 -0.512476 -0.608718 -0.679599 -0.745194 -0.956198 
57.635174 5018057.000000 44 42 42 0.906468 0.992240 0.990157 0.986501 0.968736 0.938308 0.869914 0.743601 0.620565 0.475190 0.408713 0.081380 -0.331274 -0.373122 -0.491170 -0.605253 -0.724431 -0.749481 -0.922263 0.985569 0.967058 0.939602 0.879996 0.773855 0.647114 0.430585 0.369751 0.114160 -0.316324 -0.386592 -0.519875 -0.602884 -0.705794 -0.750583 -0.936854 
57.247272 7650090.500000 42 42 42 0.989655 0.984584 0.991024 0.987725 0.974230 0.934331 0.837704 0.657889 0.597857 0.479179 0.370687 0.059979 -0.331533 -0.369913 -0.499112 -0.613693 -0.709354 -0.750823 -0.871998 0.987027 0.971699 0.937638 0.856511 0.709560 0.634675 0.497002 0.438040 0.121030 -0.333529 -0.369019 -0.459610 -0.604915 -0.718545 -0.764900 -0.938000 
56.670269 11642176.000000 44 44 44 0.826868 0.885650 0.681594 0.989161 0.979965 0.921246 0.771169 0.590116 0.530916 0.435247 0.332707 0.096693 -0.284742 -0.382078 -0.516021 -0.606085 -0.685768 -0.723970 -0.830593 0.988556 0.978361 0.932470 0.802431 0.620419 0.569597 0.464031 0.368912 -0.002197 -0.323479 -0.371428 -0.513193 -0.608264 -0.686538 -0.752484 -0.838551 
49.913940 633431.375000 44 48 46 0.762176 0.796614 0.766111 0.990833 0.978457 0.933475 0.849784 0.745472 0.570793 0.470783 0.370457 0.139550 -0.151455 -0.345833 -0.493575 -0.610960 -0.713652 -0.823805 -0.945989 0.990828 0.979396 0.922456 0.797896 0.591399 0.516014 0.431572 0.327171 0.116541 -0.158151 -0.378431 -0.515573 -0.608425 -0.676949 -0.728156 -0.879635 
45.900208 199847.468750 46 48 52 0.812084 0.846042 0.781427 0.991271 0.980709 0.948713 0.840547 0.720542 0.563654 0.482563 0.397983 0.020110 -0.268837 -0.380058 -0.506125 -0.659650 -0.727574 -0.820521 -0.962107 0.990595 0.979564 0.938438 0.839806 0.758230 0.628981 0.496327 0.362219 0.092045 -0.199305 -0.363108 -0.421781 -0.651256 -0.712820 -0.833598 -0.964881 
38.173820 90968.429688 54 48 42 0.876900 0.506636 0.378689 0.989717 0.972234 0.885908 0.800524 0.699570 0.566441 0.483244 0.420750 0.083098 -0.254030 -0.360261 -0.510709 -0.663392 -0.724938 -0.858811 -0.962772 0.991195 0.980716 0.924088 0.819297 0.714675 0.557604 0.480971 0.379696 -0.014872 -0.270483 -0.376569 -0.506756 -0.660893 -0.738987 -0.846617 -0.968510 
30.527422 36885.460938 106 42 86 0.463314 0.774745 0.585404 0.986583 0.964798 0.884200 0.739610 0.710613 0.615375 0.495178 0.451531 0.115668 -0.253982 -0.340434 -0.528697 -0.676624 -0.757997 -0.882468 -0.969028 0.985224 0.955476 0.854020 0.760946 0.702641 0.588086 0.484501 0.428108 0.184025 -0.265694 -0.352269 -0.528044 -0.687772 -0.726983 -0.879673 -0.955496 
31.406687 985238.437500 84 84 96 0.569295 0.526743 0.443172 0.981941 0.945323 0.795777 0.686970 0.486727 0.325204 0.155573 0.036510 -0.064620 -0.350175 -0.452461 -0.576451 -0.664873 -0.777323 -0.877332 -0.971580 0.987851 0.964567 0.891789 0.735557 0.712348 0.582688 0.517947 0.424753 0.083259 -0.196852 -0.349665 -0.530710 -0.661296 -0.783192 -0.897755 -0.974791 
53.673737 28095548.000000 180 54 66 0.404578 0.515722 0.849470 0.984100 0.975993 0.949434 0.714257 0.477216 0.413120 0.277195 0.122141 0.029985 -0.215465 -0.427287 -0.526665 -0.660279 -0.770482 -0.856193 -0.934850 0.986740 0.970660 0.864477 0.618659 0.432629 0.316289 0.109097 0.039230 -0.079450 -0.392857 -0.466343 -0.600112 -0.667198 -0.803451 -0.900596 -0.964593 
60.156292 30597820.000000 66 72 74 0.793132 0.881591 0.846074 0.979484 0.966306 0.951892 0.830640 0.522582 0.470569 0.272426 0.164480 0.085024 -0.110068 -0.405728 -0.472873 -0.673462 -0.745049 -0.806556 -0.845001 0.983231 0.972540 0.947125 0.792875 0.494515 0.440546 0.278916 0.156586 0.047452 -0.155286 -0.422158 -0.478506 -0.665705 -0.753195 -0.803139 -0.842789 
59.735264 22543606.000000 74 80 82 0.867391 0.883535 0.955986 0.973757 0.954953 0.939604 0.859028 0.563176 0.496543 0.314983 0.204736 0.110039 -0.009666 -0.375993 -0.449432 -0.676398 -0.758501 -0.822282 -0.858826 0.977451 0.963723 0.945633 0.871387 0.549045 0.497071 0.313270 0.183130 0.094068 -0.086768 -0.390858 -0.456147 -0.689467 -0.770713 -0.815946 -0.854239 
60.308914 32358468.000000 82 82 82 0.972137 0.979839 0.981080 0.967849 0.952057 0.935320 0.827572 0.573120 0.494901 0.306010 0.222012 0.115921 -0.042936 -0.361462 -0.446217 -0.644858 -0.753052 -0.847173 -0.875363 0.969754 0.952509 0.938710 0.841711 0.573985 0.493635 0.315745 0.216133 0.117139 -0.034605 -0.353117 -0.435767 -0.677426 -0.757452 -0.821830 -0.875277 
59.644894 25237652.000000 82 82 82 0.979133 0.802490 0.901870 0.971094 0.952826 0.937483 0.826002 0.584907 0.526925 0.316756 0.221366 0.106850 -0.040505 -0.369273 -0.472424 -0.683205 -0.781321 -0.843727 -0.887493 0.968692 0.952037 0.935579 0.813859 0.575887 0.501130 0.301440 0.211636 0.109316 -0.067385 -0.382922 -0.453527 -0.670576 -0.785991 -0.837990 -0.867046 
58.092480 11562242.000000 82 82 82 0.930224 0.958218 0.963585 0.980257 0.954107 0.937327 0.862383 0.615992 0.556464 0.331780 0.239408 0.140769 -0.017421 -0.368774 -0.474028 -0.684595 -0.739574 -0.843722 -0.886686 0.976952 0.951665 0.935458 0.826512 0.594715 0.539029 0.319904 0.233518 0.109858 -0.053506 -0.359532 -0.472754 -0.671850 -0.752277 -0.831410 -0.880339 
50.116333 2546238.750000 82 86 78 0.924119 0.544095 0.566283 0.988181 0.966846 0.941577 0.846535 0.589284 0.468511 0.292228 0.167499 0.036259 -0.190178 -0.374800 -0.550774 -0.651616 -0.788316 -0.856370 -0.970447 0.987052 0.959857 0.937025 0.881523 0.644197 0.550516 0.362956 0.230466 0.145337 -0.040704 -0.290399 -0.490568 -0.658818 -0.733360 -0.825179 -0.896233 
39.224915 1770013.250000 80 102 82 0.672386 0.439426 0.241006 0.982717 0.951045 0.919693 0.668861 0.509752 0.398476 0.257477 0.124747 0.045351 -0.189599 -0.415820 -0.537386 -0.632405 -0.778756 -0.895600 -0.950638 0.981858 0.957886 0.922666 0.732106 0.522712 0.432401 0.213933 0.122439 -0.016817 -0.234726 -0.434258 -0.573503 -0.687013 -0.818841 -0.882747 -0.966214 
43.310081 13480038.000000 66 84 82 0.451674 0.550684 0.635175 0.978288 0.941576 0.869629 0.560555 0.385114 0.261674 0.200458 0.025694 -0.123163 -0.410264 -0.509631 -0.635349 -0.705965 -0.858420 -0.902355 -0.983341 0.981918 0.946224 0.900153 0.628294 0.468479 0.333083 0.218137 0.127487 0.012954 -0.212308 -0.491356 -0.580164 -0.692465 -0.839110 -0.903348 -0.979016 
42.047421 3865674.250000 82 96 118 0.545215 0.481598 0.461042 0.963331 0.931667 0.818949 0.606133 0.504865 0.292741 0.238023 0.102205 -0.043437 -0.348952 -0.450889 -0.598273 -0.698562 -0.857062 -0.909685 -0.979586 0.960736 0.930812 0.816007 0.584283 0.404514 0.265126 0.210936 0.032710 -0.138359 -0.404402 -0.496491 -0.614754 -0.708701 -0.858268 -0.903559 -0.977279 
34.542652 866367.500000 118 96 64 0.444016 0.463005 0.493239 0.980373 0.940505 0.864945 0.623257 0.543135 0.398670 0.320585 0.177273 0.019915 -0.204819 -0.423502 -0.580177 -0.697756 -0.827357 -0.892018 -0.964712 0.973443 0.928262 0.848432 0.613070 0.541314 0.368753 0.292231 0.159051 0.003336 -0.258290 -0.430499 -0.602339 -0.692716 -0.844393 -0.913367 -0.977452 
37.975105 518431.718750 66 82 68 0.486160 0.385670 0.570580 0.990981 0.967648 0.938642 0.819859 0.591491 0.516834 0.341600 0.215394 0.007421 -0.140328 -0.367355 -0.513276 -0.635682 -0.779333 -0.884597 -0.958116 0.984309 0.950940 0.895763 0.634092 0.560387 0.413310 0.319644 0.172838 0.023075 -0.181025 -0.388562 -0.527014 -0.697866 -0.807942 -0.886968 -0.961682 
54.102207 1981919.125000 70 72 76 0.804611 0.901977 0.978913 0.982961 0.970022 0.951910 0.845019 0.665382 0.630302 0.489901 0.414919 0.115433 -0.015511 -0.315682 -0.562402 -0.659325 -0.710218 -0.795197 -0.968381 0.985073 0.967235 0.946591 0.852575 0.654887 0.610041 0.452384 0.332659 0.096049 -0.040987 -0.294816 -0.531099 -0.644242 -0.713296 -0.847610 -0.968214 
56.381752 1744953.000000 76 78 78 0.981188 0.965267 0.977987 0.984134 0.971954 0.951690 0.846483 0.685610 0.650064 0.531687 0.437479 0.173143 0.008405 -0.372201 -0.581488 -0.680353 -0.745835 -0.802815 -0.959216 0.983945 0.971465 0.951008 0.840241 0.677511 0.642901 0.500864 0.424658 0.120871 -0.030617 -0.312470 -0.578891 -0.673266 -0.722051 -0.793566 -0.967299 
56.374802 1078166.000000 78 78 78 0.975169 0.978345 0.850231 0.983935 0.973066 0.952481 0.885353 0.680115 0.635925 0.539518 0.448878 0.208100 -0.022248 -0.354299 -0.606312 -0.707459 -0.748647 -0.816259 -0.962801 0.983605 0.971826 0.951452 0.868059 0.679104 0.637659 0.554770 0.457364 0.204998 0.010349 -0.336931 -0.608968 -0.697765 -0.745786 -0.821623 -0.966110 
56.264336 1469368.000000 78 78 76 0.850924 0.964992 0.973341 0.983443 0.972126 0.954559 0.857750 0.682180 0.633660 0.544499 0.480306 0.196307 -0.114262 -0.388216 -0.628498 -0.690041 -0.749652 -0.797301 -0.955192 0.983276 0.972318 0.951959 0.867148 0.679698 0.620083 0.552442 0.465021 0.203952 -0.032831 -0.362700 -0.625827 -0.697650 -0.760381 -0.809684 -0.962053 
57.101044 1538705.250000 76 76 74 0.977076 0.983972 0.957172 0.984349 0.972930 0.956520 0.862067 0.675540 0.644464 0.527333 0.475407 0.182347 -0.089191 -0.392584 -0.594329 -0.682070 -0.732281 -0.813446 -0.966112 0.984243 0.972891 0.956059 0.851561 0.678127 0.646270 0.539798 0.474627 0.189775 -0.088404 -0.368998 -0.613001 -0.693134 -0.741652 -0.799053 -0.958034 
57.616772 2071870.750000 74 74 72 0.961246 0.978309 0.975103 0.983801 0.971469 0.954902 0.858015 0.662938 0.632512 0.511192 0.458910 0.223428 -0.076906 -0.414859 -0.568146 -0.650987 -0.701810 -0.824944 -0.970116 0.984094 0.972308 0.956242 0.871119 0.671769 0.642666 0.523021 0.478267 0.220707 -0.075093 -0.425890 -0.601466 -0.657059 -0.720454 -0.801176 -0.965824 
56.423576 2521995.000000 72 70 68 0.979203 0.965477 0.969688 0.984924 0.973134 0.948591 0.834627 0.636324 0.588414 0.452288 0.421413 0.213768 0.013271 -0.358247 -0.540291 -0.609658 -0.658532 -0.765460 -0.962890 0.984845 0.972720 0.952980 0.840325 0.646629 0.617890 0.484067 0.424413 0.274737 -0.036304 -0.392822 -0.553283 -0.616449 -0.685015 -0.782667 -0.964617 
54.745861 4753969.000000 68 66 64 0.969920 0.944019 0.948156 0.985489 0.973497 0.940946 0.781498 0.632728 0.555348 0.333812 0.286508 0.156350 0.046377 -0.341893 -0.535847 -0.583655 -0.645380 -0.706271 -0.931481 0.984606 0.971728 0.945379 0.822759 0.622830 0.557366 0.406717 0.361626 0.141511 0.020234 -0.260149 -0.534560 -0.589576 -0.640227 -0.741827 -0.956571 
52.744431 5489786.500000 64 62 64 0.948414 0.965160 0.949529 0.988109 0.976923 0.948584 0.742355 0.625343 0.562839 0.237219 0.164815 0.069701 -0.126335 -0.463155 -0.532876 -0.603561 -0.668748 -0.866277 -0.982703 0.986472 0.974816 0.942405 0.753028 0.631527 0.560617 0.306191 0.219179 0.110793 0.010889 -0.356263 -0.506992 -0.565009 -0.611858 -0.715197 -0.939550 
49.692020 14499280.000000 64 64 68 0.948436 0.910081 0.670157 0.992322 0.982500 0.913172 0.653160 0.611026 0.348076 0.129306 -0.199120 -0.369669 -0.456066 -0.589589 -0.660101 -0.744395 -0.806726 -0.879100 -0.985351 0.991034 0.979956 0.948736 0.679756 0.625169 0.485328 0.153596 0.104546 -0.208786 -0.397332 -0.530425 -0.605869 -0.673817 -0.795010 -0.920763 -0.988751 
56.982368 21676998.000000 68 68 62 0.734391 0.593173 0.321653 0.990627 0.966343 0.767712 0.642195 0.553311 0.322710 -0.065101 -0.389641 -0.472802 -0.564360 -0.612227 -0.657358 -0.798204 -0.884264 -0.927120 -0.986388 0.992555 0.978256 0.833012 0.649897 0.572298 0.345739 -0.018766 -0.362638 -0.423979 -0.538914 -0.586776 -0.705334 -0.787536 -0.856267 -0.892601 -0.974348 
56.105827 9498484.000000 104 122 80 0.583086 0.457562 0.434115 0.984967 0.961063 0.763234 0.640267 0.552097 0.277621 -0.030926 -0.387169 -0.465274 -0.600707 -0.659932 -0.707673 -0.816543 -0.885958 -0.950847 -0.992942 0.985011 0.957431 0.762503 0.646351 0.521865 0.308122 0.025388 -0.358566 -0.494532 -0.583916 -0.639410 -0.663739 -0.769385 -0.883706 -0.965347 -0.994572 
54.999332 6705471.500000 106 70 74 0.329481 0.428052 0.592465 0.988815 0.954377 0.791370 0.632903 0.558972 0.321102 -0.143141 -0.391360 -0.457114 -0.537311 -0.630378 -0.779517 -0.844131 -0.873044 -0.912718 -0.975852 0.986783 0.953940 0.771172 0.635179 0.564126 0.296029 -0.128760 -0.402887 -0.459895 -0.572200 -0.663417 -0.774427 -0.846596 -0.881247 -0.923886 -0.984132 
41.671623 789434.875000 148 68 36 0.796322 0.422718 0.578361 0.985239 0.966703 0.855802 0.653118 0.619129 0.387192 0.123860 -0.165707 -0.420288 -0.483888 -0.642567 -0.718438 -0.798339 -0.868172 -0.934700 -0.971271 0.989361 0.964696 0.811554 0.637427 0.596931 0.311799 0.001395 -0.348282 -0.444590 -0.513661 -0.615816 -0.731506 -0.824371 -0.869092 -0.909396 -0.974369 
31.844561 288532.437500 100 122 106 0.597001 0.536224 0.563227 0.989461 0.971984 0.893680 0.693608 0.611943 0.462446 0.202859 -0.195791 -0.411653 -0.518647 -0.642186 -0.702731 -0.833514 -0.891610 -0.948007 -0.981820 0.987135 0.973583 0.853836 0.676158 0.612916 0.451214 0.214389 -0.206215 -0.402940 -0.516111 -0.646025 -0.706320 -0.810969 -0.875022 -0.951795 -0.979983 
30.369068 351242.312500 106 82 112 0.593429 0.436732 0.510211 0.991955 0.969047 0.845969 0.634053 0.567991 0.420420 0.290911 -0.060218 -0.396282 -0.496699 -0.594481 -0.722502 -0.804819 -0.885063 -0.953173 -0.982735 0.992144 0.969518 0.883658 0.682506 0.600879 0.458800 0.212684 -0.144981 -0.415432 -0.511631 -0.623423 -0.722048 -0.826930 -0.891575 -0.944495 -0.982818 
30.804796 390627.093750 110 96 112 0.460419 0.549932 0.558293 0.986644 0.966359 0.849105 0.643030 0.529084 0.393265 0.293835 0.039795 -0.293581 -0.496437 -0.593853 -0.719311 -0.821732 -0.867233 -0.935938 -0.983466 0.990237 0.965102 0.845950 0.627064 0.540661 0.394113 0.295125 0.026175 -0.349592 -0.489386 -0.596191 -0.695543 -0.814837 -0.880081 -0.947170 -0.985909 
28.741310 224075.375000 112 104 78 0.524519 0.627643 0.490776 0.985759 0.967631 0.880338 0.675609 0.550688 0.419021 0.280302 0.124221 -0.292013 -0.549576 -0.625576 -0.707361 -0.808828 -0.869478 -0.924648 -0.978977 0.989117 0.973244 0.870467 0.656792 0.537776 0.395071 0.289739 0.096388 -0.285634 -0.521102 -0.599868 -0.703379 -0.820201 -0.874141 -0.933280 -0.982523 
27.216541 206263.890625 78 78 84 0.561179 0.482759 0.473355 0.987371 0.964097 0.884388 0.662506 0.603296 0.424346 0.234269 0.085326 -0.269048 -0.490867 -0.633177 -0.708062 -0.793023 -0.877321 -0.935184 -0.971983 0.986144 0.962027 0.851667 0.678774 0.575019 0.409365 0.247976 0.081281 -0.307878 -0.523449 -0.630609 -0.709868 -0.801632 -0.880761 -0.933798 -0.974768 
26.292458 111104.031250 84 48 106 0.548133 0.606426 0.598416 0.991703 0.968590 0.894940 0.670240 0.610159 0.490439 0.278880 0.130336 -0.212334 -0.407767 -0.618189 -0.681946 -0.805833 -0.887061 -0.942214 -0.966289 0.989566 0.971073 0.878664 0.660444 0.613747 0.476248 0.259611 0.118822 -0.230870 -0.453619 -0.640084 -0.695176 -0.798096 -0.877902 -0.934998 -0.970342 
24.186525 46151.835938 108 98 88 0.582945 0.612920 0.525239 0.994910 0.976595 0.914804 0.730694 0.613618 0.469766 0.331186 0.120816 -0.199851 -0.380409 -0.596990 -0.694815 -0.815356 -0.872369 -0.943717 -0.963766 0.993051 0.971455 0.912028 0.703106 0.603035 0.483559 0.281346 0.125443 -0.206187 -0.387576 -0.588538 -0.674168 -0.817892 -0.888578 -0.944676 -0.968488 
21.349960 26995.078125 194 106 120 0.605508 0.582058 0.447831 0.991486 0.968177 0.905172 0.728678 0.639203 0.554445 0.333784 0.141158 -0.143831 -0.351052 -0.577242 -0.664627 -0.813455 -0.899174 -0.954924 -0.972861 0.994033 0.964489 0.907070 0.719066 0.638656 0.505458 0.331258 0.152288 -0.193763 -0.356372 -0.587535 -0.685929 -0.832598 -0.903733 -0.953303 -0.968126 
20.384977 16623.789062 120 104 98 0.454183 0.667079 0.586231 0.994660 0.966378 0.915110 0.783515 0.646476 0.545864 0.299422 0.160723 -0.152663 -0.357208 -0.550323 -0.635406 -0.790606 -0.889896 -0.955176 -0.967876 0.994869 0.961846 0.898782 0.755614 0.638708 0.568538 0.305358 0.140232 -0.135514 -0.344228 -0.560932 -0.644695 -0.787960 -0.892550 -0.953273 -0.972973 
19.553082 10379.956055 96 92 96 0.490292 0.357692 0.394513 0.989431 0.965997 0.924820 0.800194 0.650441 0.500417 0.345083 0.137957 -0.097891 -0.315444 -0.527555 -0.626018 -0.800214 -0.857918 -0.941666 -0.974771 0.993967 0.974862 0.921889 0.800386 0.655754 0.510809 0.323561 0.148565 -0.125255 -0.341654 -0.529651 -0.636531 -0.795839 -0.871541 -0.953032 -0.966278 
19.032194 8813.916992 132 66 86 0.627792 0.469585 0.486511 0.990503 0.972840 0.930870 0.835729 0.687781 0.512246 0.322590 0.132618 -0.127380 -0.304420 -0.525891 -0.637761 -0.782725 -0.860632 -0.924375 -0.983869 0.986388 0.957302 0.921010 0.815732 0.649974 0.493758 0.335501 0.114015 -0.099460 -0.311899 -0.530943 -0.634982 -0.802381 -0.855263 -0.929951 -0.973951 
22.233107 9642.809570 84 52 92 0.362531 0.331518 0.567719 0.992389 0.974850 0.930705 0.835923 0.670080 0.563103 0.321688 0.112845 -0.124070 -0.255507 -0.483344 -0.642026 -0.756862 -0.852608 -0.907216 -0.969712 0.989477 0.974979 0.933935 0.841307 0.687064 0.523380 0.350696 0.129666 -0.123530 -0.283515 -0.495444 -0.632164 -0.751326 -0.849769 -0.905970 -0.988628 
21.390663 7095.258789 92 104 84 0.614689 0.670290 0.594808 0.993968 0.972633 0.934153 0.849853 0.659622 0.527815 0.360140 0.127575 -0.097208 -0.304743 -0.505463 -0.610299 -0.738014 -0.857881 -0.930696 -0.980604 0.994211 0.972093 0.934421 0.845032 0.666274 0.546495 0.333888 0.108667 -0.123046 -0.255215 -0.505410 -0.628008 -0.761573 -0.851491 -0.925388 -0.970793 
17.102501 7736.675293 84 150 148 0.506939 0.462464 0.584879 0.990751 0.959216 0.899512 0.816683 0.656265 0.532573 0.380392 0.142970 -0.144868 -0.290260 -0.487857 -0.600300 -0.705334 -0.853382 -0.932832 -0.975756 0.991723 0.970252 0.920865 0.814245 0.662914 0.516330 0.362177 0.099492 -0.108927 -0.280257 -0.495115 -0.595453 -0.708941 -0.850151 -0.934474 -0.977783 
20.965389 28036.626953 146 94 106 0.616463 0.539246 0.508349 0.988255 0.950410 0.892150 0.834774 0.664077 0.446557 0.298513 0.192822 0.063163 -0.266051 -0.420205 -0.581278 -0.661606 -0.820899 -0.916140 -0.980064 0.993173 0.957527 0.898142 0.811511 0.676530 0.496693 0.353551 0.212520 -0.052616 -0.297314 -0.450520 -0.588761 -0.698236 -0.832142 -0.921300 -0.979475 
23.935110 31596.156250 106 122 80 0.523568 0.419361 0.416592 0.978420 0.940033 0.878223 0.847777 0.705067 0.482792 0.336287 0.226415 -0.134028 -0.273802 -0.387090 -0.535329 -0.684762 -0.822823 -0.926360 -0.979264 0.979872 0.942983 0.880781 0.847934 0.670193 0.466101 0.306366 0.204835 -0.022284 -0.269424 -0.381672 -0.544082 -0.651408 -0.792350 -0.927998 -0.977597 
53.361820 243417.406250 138 100 48 0.472634 0.511905 0.950332 0.990820 0.983511 0.948723 0.919303 0.902238 0.760120 0.423468 0.206146 0.055402 -0.171071 -0.386291 -0.561275 -0.622708 -0.804770 -0.913567 -0.977673 0.991924 0.980272 0.891291 0.851036 0.720545 0.559829 0.365062 0.222469 -0.053847 -0.237814 -0.401810 -0.554333 -0.690089 -0.833714 -0.909917 -0.977617 
62.643513 3292188.750000 48 48 48 0.926624 0.978572 0.987948 0.989788 0.978056 0.943387 0.923227 0.891857 0.713525 0.330714 0.165047 -0.018048 -0.242746 -0.400215 -0.590401 -0.617542 -0.698138 -0.914386 -0.990579 0.990769 0.980705 0.947562 0.923040 0.901463 0.769278 0.354621 0.164056 0.058261 -0.210697 -0.351364 -0.578892 -0.612745 -0.726440 -0.904067 -0.980847 
64.541443 3196941.750000 48 48 48 0.984801 0.991645 0.992492 0.989065 0.974626 0.939636 0.921001 0.900485 0.718955 0.481061 0.263977 -0.052603 -0.239557 -0.411874 -0.578374 -0.625191 -0.696038 -0.928010 -0.988179 0.989622 0.977176 0.942649 0.922159 0.899110 0.718274 0.400417 0.193788 -0.063954 -0.262321 -0.446435 -0.582213 -0.615575 -0.696383 -0.943645 -0.991210 
64.181000 2568645.250000 48 48 48 0.993315 0.988788 0.961949 0.989282 0.976512 0.943921 0.921726 0.898270 0.665662 0.458454 0.206143 0.093866 -0.214941 -0.448731 -0.548447 -0.620360 -0.712914 -0.908474 -0.980919 0.988768 0.973705 0.939000 0.920413 0.900627 0.728427 0.469848 0.226089 0.040976 -0.242892 -0.445872 -0.550382 -0.616340 -0.715316 -0.917702 -0.985418 
60.213737 1486883.750000 48 50 50 0.975688 0.934964 0.979455 0.992336 0.986468 0.943049 0.918481 0.805826 0.610662 0.482867 0.197752 0.078397 -0.155925 -0.492063 -0.549353 -0.645425 -0.763067 -0.838310 -0.974483 0.990939 0.981398 0.948064 0.925485 0.880454 0.580547 0.493304 0.220437 0.095743 -0.199819 -0.460057 -0.548607 -0.611032 -0.688169 -0.878831 -0.977881 
59.797634 2239268.000000 50 50 50 0.966011 0.974578 0.962735 0.992565 0.987688 0.935458 0.921511 0.784209 0.585907 0.421931 0.165414 0.107096 -0.196886 -0.443396 -0.595710 -0.738556 -0.790989 -0.826293 -0.964381 0.992556 0.987807 0.936085 0.918947 0.792146 0.631628 0.444545 0.159853 0.094204 -0.139767 -0.484499 -0.574479 -0.711013 -0.785847 -0.811199 -0.963187 
59.814232 2904131.000000 50 52 52 0.960428 0.972653 0.986258 0.992498 0.987458 0.935973 0.919541 0.769786 0.517669 0.413644 0.212568 0.117580 -0.244014 -0.459369 -0.568548 -0.681220 -0.804290 -0.830086 -0.972989 0.992553 0.986975 0.936009 0.919307 0.781645 0.585016 0.425184 0.211871 0.123613 -0.219809 -0.442432 -0.559385 -0.724261 -0.795763 -0.831710 -0.968718 
59.545975 2877659.000000 52 52 52 0.981437 0.975858 0.918201 0.992870 0.988318 0.945409 0.894707 0.740532 0.543376 0.391101 0.176316 0.059936 -0.297158 -0.415576 -0.553680 -0.636241 -0.782347 -0.831622 -0.975716 0.992690 0.988737 0.939213 0.916777 0.768891 0.495352 0.398511 0.151528 0.065012 -0.286713 -0.444892 -0.563280 -0.647773 -0.799057 -0.827531 -0.980288 
53.708958 5614283.000000 54 54 52 0.945265 0.785022 0.633727 0.992873 0.982269 0.927669 0.802175 0.573939 0.463502 0.289329 0.174668 -0.131452 -0.364300 -0.453720 -0.600652 -0.731018 -0.797338 -0.898012 -0.987969 0.992816 0.986096 0.954345 0.873627 0.678060 0.524294 0.336837 0.198508 0.014384 -0.315108 -0.424341 -0.575576 -0.673655 -0.771793 -0.848858 -0.978848 
43.691193 8151548.000000 52 48 50 0.806574 0.767641 0.856122 0.989557 0.972973 0.887787 0.721162 0.579697 0.444903 0.281736 0.142307 -0.138013 -0.379118 -0.480397 -0.572708 -0.687159 -0.818099 -0.919007 -0.987011 0.990679 0.970880 0.889474 0.710656 0.549517 0.451266 0.278673 0.140495 -0.135915 -0.365943 -0.469116 -0.569951 -0.726646 -0.811603 -0.920442 -0.991065 
42.173340 6477054.500000 50 48 50 0.844570 0.632515 0.821007 0.988641 0.966331 0.878939 0.659595 0.573483 0.405128 0.271727 0.136190 -0.087853 -0.359502 -0.470446 -0.609998 -0.707319 -0.843630 -0.927040 -0.990211 0.988747 0.973868 0.872685 0.687130 0.578234 0.404872 0.269644 0.139540 -0.143715 -0.376378 -0.483277 -0.593455 -0.695732 -0.837841 -0.920097 -0.988419 
38.035301 1804860.375000 50 46 50 0.740163 0.869526 0.837904 0.989761 0.970226 0.909513 0.684343 0.538731 0.426074 0.268995 0.162823 -0.164742 -0.382948 -0.502229 -0.641408 -0.736127 -0.826000 -0.926372 -0.990887 0.989014 0.962613 0.903006 0.697762 0.540409 0.438057 0.263121 0.155917 -0.099258 -0.358030 -0.483493 -0.611479 -0.722881 -0.826497 -0.934361 -0.990596 
33.955936 1046658.062500 50 50 54 0.679713 0.797992 0.781405 0.990652 0.957214 0.911831 0.746686 0.502816 0.399462 0.270437 0.084974 -0.165415 -0.375319 -0.499681 -0.612978 -0.771889 -0.852797 -0.912737 -0.987488 0.989546 0.952962 0.913028 0.725363 0.533761 0.424788 0.275021 0.125695 -0.210937 -0.386218 -0.503967 -0.625102 -0.755346 -0.836155 -0.927740 -0.987926 
30.978632 314955.968750 50 50 50 0.671969 0.690072 0.391092 0.992554 0.969789 0.910280 0.779199 0.493730 0.402534 0.193905 0.084820 -0.219242 -0.404475 -0.506161 -0.632020 -0.746836 -0.846524 -0.919595 -0.991592 0.991745 0.968569 0.916588 0.780416 0.482419 0.387351 0.238633 0.088302 -0.153248 -0.397821 -0.510539 -0.619774 -0.767103 -0.850524 -0.907815 -0.992362 
27.408476 235809.484375 102 98 148 0.668264 0.604775 0.727633 0.988717 0.972975 0.899884 0.697752 0.492280 0.364895 0.236726 0.048895 -0.278294 -0.392455 -0.498864 -0.624836 -0.740892 -0.872148 -0.927278 -0.991085 0.991366 0.968398 0.912934 0.752471 0.498163 0.388364 0.227722 0.106858 -0.269512 -0.403699 -0.511386 -0.617560 -0.736154 -0.863738 -0.930273 -0.988736 
33.613480 2156690.250000 42 118 96 0.570223 0.497329 0.429156 0.983547 0.942785 0.832727 0.625205 0.473419 0.360667 0.274824 0.149444 -0.125065 -0.388748 -0.489205 -0.597283 -0.717932 -0.827648 -0.923685 -0.991411 0.990475 0.964433 0.859483 0.642805 0.448313 0.362594 0.266058 0.101497 -0.209170 -0.409216 -0.482264 -0.635627 -0.733921 -0.865552 -0.920988 -0.992934 
50.937939 880337.687500 96 54 44 0.468434 0.518428 0.742471 0.987192 0.981701 0.948011 0.938665 0.721980 0.473607 0.354080 0.189419 0.028078 -0.315614 -0.417216 -0.566383 -0.662125 -0.846692 -0.920849 -0.977686 0.973438 0.952602 0.894022 0.653319 0.519946 0.386111 0.290747 0.175826 -0.098407 -0.366197 -0.479501 -0.589933 -0.701065 -0.837848 -0.932922 -0.990540 
59.184280 481120.031250 44 46 46 0.511451 0.983925 0.965612 0.988846 0.973145 0.959740 0.940119 0.901085 0.665880 0.333969 0.238179 0.069286 -0.201180 -0.417580 -0.489815 -0.613857 -0.804411 -0.914820 -0.978026 0.988709 0.975068 0.956553 0.935115 0.886753 0.585679 0.361108 0.224945 0.072038 -0.228592 -0.391140 -0.502158 -0.612837 -0.810650 -0.914809 -0.975201 
59.596603 373780.000000 46 48 48 0.982105 0.989354 0.986069 0.988284 0.973992 0.960445 0.945812 0.888252 0.664676 0.364043 0.246307 0.125896 -0.156393 -0.373333 -0.525537 -0.672825 -0.821998 -0.916530 -0.978862 0.988867 0.974136 0.960121 0.945494 0.890007 0.655509 0.344237 0.236934 0.106775 -0.183167 -0.404260 -0.501387 -0.644138 -0.811655 -0.914787 -0.978893 
60.260719 333847.500000 48 48 48 0.986468 0.994195 0.978937 0.986328 0.970222 0.960185 0.935039 0.907190 0.743685 0.366951 0.248311 0.097993 -0.156799 -0.364794 -0.531847 -0.687404 -0.825703 -0.918129 -0.979309 0.987988 0.972538 0.961255 0.943225 0.906335 0.717697 0.361190 0.250379 0.088573 -0.145971 -0.366385 -0.532986 -0.683944 -0.827347 -0.918821 -0.979356 
62.324745 751610.312500 48 48 48 0.982329 0.973259 0.954383 0.981624 0.967364 0.955967 0.921893 0.905968 0.727622 0.366503 0.269397 0.135629 -0.171624 -0.331362 -0.511001 -0.676777 -0.812561 -0.918617 -0.978680 0.984802 0.968562 0.958793 0.927749 0.910071 0.779817 0.344872 0.258841 0.133206 -0.155589 -0.364291 -0.520422 -0.688454 -0.821428 -0.919966 -0.979651 
64.750778 2121631.750000 48 48 46 0.967640 0.951233 0.959144 0.973232 0.965412 0.949074 0.918546 0.877075 0.648954 0.419712 0.350199 0.040787 -0.240962 -0.368012 -0.587352 -0.649004 -0.721438 -0.902172 -0.975970 0.979360 0.966832 0.955204 0.922004 0.900785 0.677944 0.396531 0.330466 0.111517 -0.203118 -0.326432 -0.546564 -0.660969 -0.780823 -0.916472 -0.977313 
65.181931 5360122.000000 48 46 46 0.935398 0.952096 0.985805 0.972522 0.963757 0.944196 0.882898 0.833236 0.680260 0.489635 0.424429 -0.036989 -0.266518 -0.408992 -0.559688 -0.650666 -0.686339 -0.831748 -0.974009 0.971959 0.964394 0.945468 0.902730 0.837447 0.647377 0.474992 0.411523 0.070310 -0.222789 -0.450771 -0.577002 -0.647643 -0.690464 -0.875661 -0.974629 
63.102531 3929736.750000 46 46 46 0.987849 0.992425 0.979349 0.978024 0.964258 0.944024 0.899605 0.804856 0.649218 0.530436 0.441922 -0.006571 -0.249577 -0.396812 -0.562633 -0.667369 -0.702380 -0.784375 -0.970612 0.974431 0.963973 0.944935 0.890294 0.812411 0.677238 0.494896 0.399567 -0.027177 -0.268669 -0.401165 -0.563564 -0.654289 -0.689289 -0.778520 -0.971104 
59.458050 2436951.500000 46 46 46 0.974183 0.971248 0.943234 0.986655 0.971336 0.940677 0.897461 0.809395 0.652194 0.516382 0.431867 -0.036479 -0.223315 -0.373399 -0.519027 -0.657879 -0.710368 -0.789694 -0.975030 0.983158 0.966224 0.943075 0.897819 0.801962 0.650504 0.542803 0.452318 -0.036471 -0.257808 -0.398685 -0.552558 -0.658835 -0.710009 -0.768176 -0.967122 
52.841206 152910.687500 46 46 46 0.959932 0.758959 0.916361 0.990376 0.978916 0.935292 0.867136 0.827829 0.687687 0.546219 0.423646 -0.003321 -0.214231 -0.331579 -0.521379 -0.661907 -0.716253 -0.866435 -0.970279 0.988943 0.975590 0.935671 0.894805 0.812559 0.660521 0.545511 0.416203 -0.048814 -0.214839 -0.369225 -0.531046 -0.650843 -0.716389 -0.870891 -0.974841 
42.411087 59557.453125 46 46 46 0.907657 0.847977 0.859557 0.983973 0.965132 0.948255 0.867096 0.826536 0.613822 0.537273 0.417604 0.029448 -0.181523 -0.304151 -0.581444 -0.676462 -0.740613 -0.903638 -0.964789 0.985497 0.967807 0.945691 0.870551 0.816454 0.628208 0.515180 0.385177 -0.036850 -0.196958 -0.282218 -0.562340 -0.672345 -0.730930 -0.885963 -0.964861 
43.409714 33499.019531 46 48 46 0.792580 0.879757 0.904741 0.972372 0.964217 0.947051 0.865197 0.836343 0.652743 0.534434 0.445026 0.053029 -0.198888 -0.323106 -0.540143 -0.681908 -0.814308 -0.916309 -0.974256 0.978381 0.965606 0.951306 0.869711 0.822165 0.611597 0.532932 0.406103 0.080121 -0.179078 -0.315868 -0.578698 -0.680340 -0.778090 -0.911574 -0.967586 
40.113136 625882.187500 24 22 24 0.799784 0.563520 0.586686 0.966277 0.955080 0.893418 0.814650 0.607625 0.409382 0.299735 0.166958 0.028043 -0.290380 -0.460767 -0.598837 -0.680422 -0.846034 -0.898280 -0.971376 0.969141 0.962325 0.937593 0.860157 0.838224 0.715041 0.519874 0.351653 0.029032 -0.188474 -0.360876 -0.548329 -0.688739 -0.811345 -0.915572 -0.969680 
46.088978 4795771.000000 20 24 24 0.672568 0.791129 0.475425 0.964733 0.958266 0.863001 0.733977 0.539971 0.421867 0.319522 0.201867 0.064911 -0.261579 -0.421389 -0.545751 -0.731077 -0.828808 -0.884762 -0.935079 0.966627 0.959436 0.848206 0.689457 0.565243 0.382975 0.304506 0.157023 0.011802 -0.350714 -0.489666 -0.604716 -0.740791 -0.826424 -0.894279 -0.963431 
47.161217 9235308.000000 24 94 230 0.683447 0.496041 0.376625 0.951335 0.916059 0.861496 0.651534 0.458738 0.390392 0.292805 0.204329 0.086942 -0.214752 -0.414279 -0.479528 -0.676325 -0.808142 -0.865022 -0.898187 0.959160 0.931167 0.872566 0.740454 0.480593 0.393413 0.318662 0.226214 0.092212 -0.217711 -0.392825 -0.465455 -0.632202 -0.811481 -0.874761 -0.907238 
43.292408 3314616.750000 146 148 38 0.458090 0.575652 0.520159 0.950131 0.908005 0.855662 0.692830 0.531968 0.416653 0.315140 0.226290 0.043465 -0.134379 -0.375282 -0.468163 -0.665574 -0.780275 -0.875281 -0.891197 0.950327 0.913596 0.852843 0.662970 0.496483 0.404669 0.302028 0.209520 0.084661 -0.155127 -0.436890 -0.498017 -0.684332 -0.788796 -0.871762 -0.894986 
46.644547 2102163.750000 58 58 52 0.294672 0.344386 0.972682 0.989770 0.964327 0.923373 0.892117 0.626222 0.467613 0.328457 0.201734 0.102306 -0.030956 -0.222970 -0.400779 -0.609012 -0.719282 -0.858790 -0.885297 0.973463 0.918449 0.875318 0.760632 0.533273 0.419544 0.296869 0.191040 0.037248 -0.100204 -0.295581 -0.418771 -0.641283 -0.751606 -0.869497 -0.884785 
56.940948 14592437.000000 52 52 54 0.937547 0.969265 0.943325 0.987138 0.950144 0.924646 0.868401 0.618696 0.529453 0.385956 0.269643 0.106552 0.012682 -0.182577 -0.367537 -0.576316 -0.691937 -0.790404 -0.915327 0.988888 0.961974 0.926503 0.901687 0.702025 0.512303 0.369764 0.232802 0.128508 0.017074 -0.186368 -0.398559 -0.580150 -0.738331 -0.846498 -0.918649 
58.527145 55773948.000000 54 56 58 0.964879 0.978831 0.989953 0.980614 0.953935 0.914809 0.736491 0.607542 0.525815 0.335896 0.183440 0.093155 -0.058883 -0.201033 -0.388484 -0.584045 -0.686193 -0.763889 -0.921549 0.982838 0.946843 0.924858 0.780089 0.607129 0.526747 0.370677 0.231037 0.093876 -0.018349 -0.184279 -0.359846 -0.565736 -0.663468 -0.751670 -0.916600 
57.348724 37808288.000000 58 58 60 0.989316 0.975098 0.940064 0.979879 0.960316 0.900901 0.767499 0.621523 0.559066 0.289162 0.174101 0.079976 -0.043564 -0.197445 -0.378789 -0.604785 -0.669861 -0.796419 -0.930816 0.980407 0.959268 0.902586 0.757897 0.606695 0.546391 0.318384 0.191107 0.099907 -0.054365 -0.201009 -0.399574 -0.592935 -0.669926 -0.771426 -0.926853 
57.110573 40181172.000000 58 60 60 0.955358 0.947454 0.984331 0.980995 0.962629 0.890315 0.767651 0.650993 0.582417 0.299844 0.155980 0.054273 -0.038322 -0.215247 -0.421194 -0.597459 -0.650765 -0.838963 -0.976890 0.981252 0.962090 0.897858 0.788846 0.628973 0.548950 0.288243 0.155714 0.057481 -0.029847 -0.215530 -0.385784 -0.608398 -0.657526 -0.828948 -0.964393 
57.341019 29920894.000000 60 60 60 0.980216 0.985704 0.974436 0.982885 0.964666 0.889803 0.792482 0.680001 0.622310 0.336170 0.131181 0.060595 -0.062428 -0.231733 -0.434778 -0.593682 -0.647755 -0.794556 -0.975271 0.982004 0.964349 0.892083 0.780142 0.671408 0.623333 0.334790 0.135053 0.072013 -0.045984 -0.223485 -0.412730 -0.594279 -0.659295 -0.805998 -0.970625 
57.203770 15549128.000000 60 60 60 0.979118 0.983432 0.617036 0.982138 0.967472 0.891007 0.812745 0.715353 0.631895 0.440521 0.141226 0.060595 -0.080557 -0.244347 -0.434757 -0.598198 -0.659639 -0.764691 -0.964967 0.983017 0.964993 0.887157 0.804857 0.695072 0.629142 0.388826 0.134784 0.062611 -0.058603 -0.222182 -0.412675 -0.584771 -0.665026 -0.796229 -0.965134 
56.871967 10836677.000000 60 60 60 0.746201 0.976810 0.985776 0.984142 0.970829 0.903155 0.845532 0.750615 0.634292 0.462383 0.112434 0.018247 -0.107678 -0.280869 -0.483611 -0.599581 -0.682218 -0.768335 -0.949399 0.983030 0.970707 0.901129 0.827533 0.725507 0.627850 0.461387 0.126134 0.052929 -0.096445 -0.256427 -0.465227 -0.585088 -0.663655 -0.737516 -0.952676 
57.745857 8151404.000000 60 60 60 0.979356 0.985731 0.985824 0.984457 0.972301 0.907208 0.857963 0.784363 0.629999 0.446402 0.087702 -0.001193 -0.108162 -0.276211 -0.473949 -0.556865 -0.686133 -0.742516 -0.930165 0.984245 0.971451 0.904910 0.855867 0.780421 0.628565 0.462591 0.088585 0.003094 -0.108505 -0.283905 -0.466722 -0.568769 -0.673220 -0.727030 -0.943276 
57.969452 8073832.500000 60 60 60 0.981084 0.976836 0.971928 0.984430 0.973936 0.924276 0.852840 0.761207 0.619768 0.447499 0.061324 -0.023032 -0.138457 -0.324140 -0.471716 -0.576989 -0.685932 -0.725079 -0.916868 0.984277 0.973208 0.913733 0.858698 0.787131 0.630077 0.458470 0.064534 -0.016764 -0.126953 -0.307136 -0.452957 -0.567542 -0.688027 -0.731869 -0.937026 
57.019421 5376098.500000 60 60 60 0.972862 0.987106 0.981947 0.986578 0.976892 0.946118 0.821762 0.707609 0.602966 0.440909 0.064221 -0.021051 -0.135944 -0.370712 -0.478706 -0.561634 -0.652421 -0.722636 -0.925463 0.984936 0.975176 0.931518 0.841412 0.738883 0.626850 0.446091 0.084359 -0.014319 -0.144483 -0.316090 -0.462426 -0.567224 -0.687056 -0.737318 -0.920729 
55.290680 3709536.000000 60 60 60 0.986530 0.976110 0.970258 0.990513 0.979526 0.948088 0.796802 0.706382 0.608195 0.481926 0.124612 -0.027911 -0.129223 -0.398674 -0.477031 -0.569889 -0.671417 -0.745654 -0.919149 0.988559 0.978278 0.948392 0.799160 0.696566 0.618341 0.453917 0.105789 -0.013041 -0.133915 -0.395074 -0.499868 -0.562972 -0.666817 -0.740427 -0.920949 
54.303902 2072021.625000 60 60 60 0.969832 0.953161 0.950194 0.991376 0.981221 0.938235 0.840253 0.740967 0.637142 0.435351 0.215838 -0.020303 -0.156980 -0.417869 -0.460195 -0.551450 -0.632211 -0.764957 -0.957393 0.990925 0.980064 0.939793 0.814622 0.719585 0.596528 0.444101 0.147493 0.000396 -0.162316 -0.416118 -0.478467 -0.567902 -0.653677 -0.754355 -0.942791 
52.772308 1133197.500000 58 60 60 0.971241 0.945870 0.892017 0.991223 0.981559 0.949192 0.863664 0.742111 0.602035 0.474117 0.206911 -0.057618 -0.195442 -0.432282 -0.499583 -0.638162 -0.802819 -0.907354 -0.965060 0.991258 0.981733 0.939943 0.862470 0.753558 0.607948 0.467583 0.242521 -0.019370 -0.145366 -0.407648 -0.462614 -0.530772 -0.622040 -0.835663 -0.961473 
45.876137 5048327.500000 62 60 60 0.918838 0.520780 0.892222 0.990586 0.978324 0.898568 0.794105 0.690649 0.507000 0.204626 -0.080441 -0.271800 -0.421734 -0.583331 -0.698386 -0.805211 -0.890772 -0.928583 -0.983236 0.988674 0.978005 0.931594 0.792436 0.673628 0.495969 0.301909 0.012192 -0.184766 -0.375000 -0.528052 -0.663642 -0.764005 -0.870810 -0.916853 -0.978581 
47.455463 5650817.500000 60 58 60 0.892840 0.882270 0.908928 0.992585 0.982078 0.860675 0.753117 0.685933 0.492563 0.085160 -0.225099 -0.407257 -0.523589 -0.652805 -0.767380 -0.860369 -0.906412 -0.948256 -0.983684 0.993198 0.981190 0.878624 0.763291 0.692567 0.570465 0.038812 -0.213612 -0.380705 -0.480800 -0.636727 -0.746597 -0.866443 -0.905592 -0.948174 -0.983259 
41.649620 1666898.875000 60 60 60 0.941252 0.759321 0.750550 0.989887 0.974022 0.867369 0.788482 0.674846 0.522135 0.174508 -0.141849 -0.420098 -0.499585 -0.581704 -0.701520 -0.827897 -0.903191 -0.956244 -0.985166 0.991235 0.976183 0.849345 0.751691 0.666916 0.522242 0.147357 -0.210915 -0.450445 -0.514679 -0.642104 -0.745666 -0.842739 -0.901774 -0.947284 -0.987967 
32.342571 151840.453125 58 120 58 0.766474 0.651732 0.514302 0.990636 0.972685 0.893073 0.823700 0.717556 0.582675 0.232763 0.072908 -0.247566 -0.445021 -0.515990 -0.697784 -0.825557 -0.906847 -0.950145 -0.973136 0.987174 0.974547 0.890825 0.812548 0.705759 0.548039 0.244942 0.007421 -0.342343 -0.482004 -0.538745 -0.677370 -0.815873 -0.893677 -0.952793 -0.982603 
27.548990 178152.500000 116 122 116 0.613378 0.350546 0.579942 0.981234 0.970169 0.879722 0.798708 0.601343 0.451289 0.198980 0.060203 -0.189704 -0.469503 -0.522077 -0.708342 -0.831974 -0.900919 -0.948161 -0.974193 0.988652 0.968208 0.880016 0.806196 0.666085 0.494135 0.243212 0.065781 -0.183079 -0.451613 -0.510985 -0.683869 -0.839676 -0.909824 -0.945422 -0.975200 
24.908722 50529.515625 116 36 118 0.583347 0.679106 0.585083 0.990188 0.967260 0.884045 0.846114 0.667782 0.494112 0.245952 0.005652 -0.176231 -0.421398 -0.544742 -0.758635 -0.868137 -0.920273 -0.963769 -0.982412 0.983604 0.963796 0.881888 0.828118 0.629338 0.470943 0.215469 0.050500 -0.198243 -0.462826 -0.531257 -0.742304 -0.849797 -0.908083 -0.956827 -0.981237 
25.548328 33485.714844 60 58 62 0.611703 0.415257 0.537240 0.990702 0.973238 0.893035 0.827132 0.695709 0.520970 0.278855 0.048493 -0.094358 -0.281173 -0.565389 -0.782217 -0.883724 -0.927275 -0.965709 -0.977542 0.992533 0.981123 0.884520 0.838940 0.689601 0.488984 0.260945 0.008161 -0.136884 -0.375868 -0.529723 -0.769646 -0.878839 -0.925106 -0.968062 -0.978920 
22.389351 28025.376953 122 84 106 0.453595 0.551556 0.673838 0.993275 0.967281 0.911989 0.804123 0.670376 0.440435 0.239043 0.078349 -0.128578 -0.344303 -0.490338 -0.623260 -0.871577 -0.917880 -0.941626 -0.980304 0.990211 0.968382 0.912984 0.823496 0.693084 0.529633 0.309505 0.055879 -0.115904 -0.294947 -0.551385 -0.762025 -0.888120 -0.921906 -0.955120 -0.979484 
30.404373 174135.203125 108 94 122 0.649024 0.469402 0.503428 0.988682 0.979712 0.909686 0.775024 0.481169 0.240212 0.188362 0.054977 -0.075195 -0.343237 -0.438573 -0.510118 -0.616011 -0.890026 -0.947176 -0.987294 0.989334 0.979036 0.887053 0.733698 0.362100 0.227202 0.165281 0.036613 -0.104762 -0.315873 -0.436469 -0.515361 -0.635124 -0.898037 -0.942326 -0.984188 
25.109606 48981.019531 36 96 72 0.590473 0.577269 0.425216 0.988630 0.970952 0.910377 0.800131 0.621810 0.285947 0.182105 0.098381 -0.095005 -0.283360 -0.408675 -0.479687 -0.737272 -0.880206 -0.958350 -0.977852 0.990539 0.979166 0.911344 0.797076 0.637025 0.276661 0.199808 0.094049 -0.075500 -0.307428 -0.444463 -0.508929 -0.736721 -0.890096 -0.958229 -0.981565 
50.736023 2219707.500000 52 54 66 0.302939 0.885333 0.972667 0.990289 0.981302 0.974041 0.914839 0.327338 0.251820 0.144134 0.073541 -0.046237 -0.180835 -0.371701 -0.441648 -0.758031 -0.832131 -0.907174 -0.931479 0.992526 0.983142 0.967632 0.912742 0.467191 0.276912 0.199358 0.106771 -0.036082 -0.163323 -0.382355 -0.427583 -0.674992 -0.857762 -0.927262 -0.962924 
54.385204 4903499.000000 66 68 72 0.967082 0.966356 0.960307 0.990077 0.981837 0.970321 0.888017 0.344638 0.240967 0.143196 0.069738 -0.045915 -0.248560 -0.370762 -0.472329 -0.743361 -0.808740 -0.903657 -0.927739 0.989296 0.980975 0.972611 0.886099 0.325023 0.238099 0.126644 0.067194 -0.058978 -0.235820 -0.376859 -0.474225 -0.763515 -0.825415 -0.908643 -0.927436 
54.044270 3560000.000000 74 76 76 0.976655 0.959964 0.988177 0.991088 0.983609 0.972121 0.907251 0.358408 0.241036 0.133392 0.055377 -0.060032 -0.230487 -0.336704 -0.514331 -0.727434 -0.799922 -0.906815 -0.920918 0.990568 0.982858 0.971259 0.909607 0.350421 0.240933 0.130966 0.059581 -0.048679 -0.222575 -0.368763 -0.481898 -0.750941 -0.816455 -0.895555 -0.915739 
53.775616 2448575.000000 76 76 78 0.978541 0.989038 0.961869 0.991258 0.984404 0.974207 0.921672 0.330386 0.236517 0.115788 0.061270 -0.069022 -0.223508 -0.369989 -0.598342 -0.741463 -0.811975 -0.897198 -0.912857 0.991424 0.983866 0.972943 0.904642 0.327132 0.248815 0.110632 0.058244 -0.083958 -0.225330 -0.389032 -0.619534 -0.739425 -0.811273 -0.890696 -0.912002 
53.372620 1441213.000000 76 78 78 0.980159 0.985885 0.978441 0.990186 0.984678 0.972222 0.930598 0.488721 0.256813 0.126862 0.077654 -0.077293 -0.194053 -0.444578 -0.628130 -0.736119 -0.816788 -0.898332 -0.913856 0.990546 0.984597 0.972557 0.928307 0.421439 0.249338 0.135128 0.070673 -0.063373 -0.203077 -0.358932 -0.626649 -0.730015 -0.807230 -0.902507 -0.916448 
51.413414 810386.250000 78 78 78 0.975055 0.985921 0.956169 0.990704 0.985169 0.972976 0.929937 0.490446 0.269945 0.150334 0.070773 -0.018923 -0.171109 -0.445457 -0.657184 -0.765653 -0.835684 -0.900884 -0.917412 0.990387 0.985119 0.972225 0.936377 0.518224 0.261479 0.119239 0.043839 -0.084740 -0.209687 -0.519929 -0.651105 -0.751599 -0.824279 -0.893146 -0.913650 
50.885563 875262.937500 78 78 76 0.927917 0.932032 0.975931 0.990594 0.984408 0.974318 0.933902 0.377241 0.230613 0.119294 0.056374 -0.038471 -0.157747 -0.387981 -0.658486 -0.779515 -0.829296 -0.904033 -0.915490 0.990123 0.984507 0.974286 0.933089 0.419566 0.271539 0.119208 0.061418 -0.033325 -0.160850 -0.338707 -0.635685 -0.786293 -0.849862 -0.903609 -0.920854 
48.189255 268213.968750 76 76 78 0.978354 0.970234 0.904283 0.990680 0.984728 0.976227 0.925170 0.479234 0.285998 0.124210 0.060124 -0.058273 -0.227594 -0.493460 -0.589745 -0.711247 -0.823061 -0.902805 -0.920837 0.990872 0.984594 0.975698 0.939654 0.409840 0.247569 0.112532 0.051925 -0.073163 -0.193875 -0.462832 -0.637019 -0.765754 -0.847761 -0.903974 -0.917886 
34.419785 27632.250000 78 78 76 0.907604 0.739134 0.419345 0.994204 0.982593 0.959547 0.870185 0.621738 0.346641 0.140197 0.037612 -0.060327 -0.162921 -0.353302 -0.562087 -0.699269 -0.864319 -0.893468 -0.952516 0.991673 0.985180 0.969114 0.857534 0.627360 0.349266 0.156046 0.068019 -0.066927 -0.208898 -0.447084 -0.575554 -0.645315 -0.844079 -0.903372 -0.945129 
26.711479 12042.576172 104 114 80 0.539706 0.537901 0.557766 0.994380 0.980804 0.949506 0.839926 0.671103 0.397730 0.141635 0.083313 0.009310 -0.100083 -0.342005 -0.552778 -0.719868 -0.845512 -0.902355 -0.971936 0.990699 0.976493 0.955770 0.851467 0.649918 0.320479 0.141691 0.084640 -0.003098 -0.085864 -0.322610 -0.492126 -0.744271 -0.867712 -0.894984 -0.951536 
33.713726 1989701.250000 84 92 106 0.675211 0.578899 0.469232 0.981098 0.931984 0.726538 0.615794 0.434111 0.323445 0.196802 -0.042045 -0.178062 -0.315441 -0.438453 -0.593431 -0.675852 -0.782854 -0.890634 -0.978448 0.995303 0.982370 0.936115 0.837386 0.646697 0.413553 0.190634 0.079313 0.022941 -0.208956 -0.391845 -0.549825 -0.718414 -0.833602 -0.912087 -0.973507 
47.699963 11705190.000000 56 70 76 0.447906 0.412748 0.653484 0.986428 0.932548 0.656922 0.443838 0.349589 0.221107 -0.056582 -0.245762 -0.352269 -0.426879 -0.540295 -0.682055 -0.782527 -0.872395 -0.931758 -0.986317 0.977486 0.938338 0.701839 0.598126 0.385024 0.306581 0.099481 -0.128699 -0.283414 -0.377818 -0.465594 -0.620015 -0.709282 -0.860136 -0.917031 -0.973931 
50.902908 20356200.000000 76 88 134 0.541064 0.425444 0.678452 0.985597 0.917336 0.584747 0.433352 0.363895 0.237678 -0.007731 -0.194274 -0.347373 -0.449552 -0.525089 -0.675810 -0.774871 -0.854260 -0.943870 -0.990098 0.985867 0.919596 0.610969 0.425947 0.359359 0.236196 -0.029191 -0.222490 -0.354410 -0.445460 -0.542084 -0.692298 -0.780046 -0.862258 -0.928054 -0.979638 
52.183720 21341448.000000 82 76 104 0.620173 0.698197 0.466908 0.987710 0.906186 0.558937 0.453160 0.371318 0.279648 -0.087960 -0.190365 -0.272747 -0.380907 -0.535345 -0.617309 -0.788708 -0.862670 -0.921525 -0.992356 0.987506 0.930385 0.566603 0.439784 0.370673 0.264927 -0.067690 -0.205808 -0.300505 -0.427609 -0.537414 -0.649841 -0.778150 -0.852214 -0.934638 -0.986590 
46.983238 4729735.500000 106 96 98 0.399078 0.424953 0.488459 0.989087 0.944746 0.645200 0.560151 0.423801 0.362837 0.126452 -0.168846 -0.251471 -0.334394 -0.476822 -0.581024 -0.747622 -0.847822 -0.911653 -0.984122 0.989218 0.915978 0.583615 0.513193 0.393474 0.326217 -0.036572 -0.192003 -0.270014 -0.355952 -0.524661 -0.607106 -0.777743 -0.849594 -0.922045 -0.990205 
29.473064 405532.500000 100 122 86 0.544317 0.405163 0.406731 0.992142 0.968201 0.869360 0.599302 0.462024 0.328721 0.071480 -0.119402 -0.219694 -0.390277 -0.491868 -0.660681 -0.759166 -0.860931 -0.937416 -0.986403 0.989825 0.966063 0.784803 0.588682 0.466165 0.381037 0.184906 -0.126001 -0.242654 -0.346478 -0.487398 -0.631658 -0.784619 -0.867553 -0.936593 -0.990590 
29.037926 347936.500000 88 94 88 0.530150 0.575797 0.515216 0.992058 0.968065 0.886719 0.615816 0.457155 0.346126 0.096998 -0.142755 -0.221015 -0.364661 -0.493792 -0.662404 -0.788850 -0.887609 -0.951424 -0.985039 0.992438 0.974559 0.857987 0.590016 0.474279 0.314151 0.084203 -0.114498 -0.204646 -0.371097 -0.501124 -0.651079 -0.763474 -0.868018 -0.947818 -0.988900 
27.066978 211987.328125 88 48 80 0.571718 0.686138 0.505614 0.985862 0.967345 0.867142 0.654215 0.467947 0.378618 0.117458 -0.142935 -0.259919 -0.368294 -0.497806 -0.674002 -0.801038 -0.863175 -0.934539 -0.990101 0.989655 0.965467 0.885337 0.643889 0.433363 0.357583 0.031018 -0.147514 -0.245816 -0.369671 -0.517790 -0.661466 -0.789093 -0.873322 -0.944282 -0.986142 
35.778740 2338971.250000 80 50 212 0.519131 0.446855 0.404013 0.978507 0.935209 0.791531 0.735737 0.637978 0.561459 0.416421 -0.043197 -0.293645 -0.398455 -0.511162 -0.577012 -0.679655 -0.788393 -0.927002 -0.989512 0.988861 0.946636 0.791572 0.705335 0.588449 0.472786 0.297124 -0.134908 -0.292767 -0.401951 -0.488384 -0.573647 -0.751883 -0.844477 -0.949990 -0.989236 
38.114475 2012777.375000 88 88 24 0.398574 0.557634 0.450698 0.980355 0.953235 0.785974 0.682095 0.634596 0.508697 0.385290 0.134453 -0.250113 -0.351564 -0.545034 -0.603468 -0.675124 -0.794089 -0.907096 -0.966397 0.978925 0.957418 0.834152 0.721952 0.664037 0.557634 0.431176 0.023288 -0.268742 -0.394102 -0.543999 -0.605918 -0.664073 -0.769743 -0.902488 -0.984746 
45.224930 1158364.875000 182 46 54 0.465498 0.268746 0.911778 0.991443 0.980422 0.956849 0.789912 0.651823 0.602372 0.346000 0.256113 -0.099423 -0.313319 -0.381220 -0.561281 -0.667570 -0.772017 -0.916673 -0.971754 0.979062 0.943716 0.735406 0.666639 0.622073 0.496078 0.346300 0.168367 -0.248856 -0.327978 -0.486508 -0.597803 -0.689157 -0.817370 -0.916299 -0.967017 
56.646317 6257041.000000 54 58 60 0.848973 0.958482 0.965551 0.987060 0.976868 0.963607 0.747901 0.652990 0.612139 0.323169 0.274861 -0.022463 -0.240696 -0.315479 -0.513288 -0.628112 -0.670753 -0.866038 -0.973703 0.990119 0.976841 0.963104 0.795086 0.659919 0.621636 0.349601 0.276627 0.024224 -0.269662 -0.337005 -0.510580 -0.651435 -0.688852 -0.900493 -0.970951 
53.295551 777409.437500 58 62 64 0.970133 0.902882 0.913235 0.992547 0.982463 0.965635 0.739164 0.637120 0.577804 0.356361 0.287729 0.088207 -0.178820 -0.303775 -0.479689 -0.578151 -0.717317 -0.905554 -0.978618 0.987642 0.978142 0.964810 0.754364 0.650045 0.609404 0.355340 0.264297 0.024886 -0.204753 -0.271641 -0.487318 -0.588148 -0.650042 -0.858872 -0.985347 
42.395096 77874.890625 62 62 52 0.844867 0.711262 0.731191 0.995006 0.987078 0.947472 0.792465 0.676781 0.585898 0.344771 0.222344 -0.056545 -0.268444 -0.361534 -0.522865 -0.625190 -0.774005 -0.925904 -0.978712 0.995000 0.987297 0.963131 0.824227 0.640475 0.570372 0.359585 0.283500 -0.026462 -0.246377 -0.350720 -0.478263 -0.623646 -0.759195 -0.920122 -0.975492 
33.708885 879497.812500 52 56 52 0.624136 0.862834 0.424810 0.989157 0.971393 0.843897 0.679652 0.596686 0.470098 0.385793 0.236855 -0.195809 -0.299471 -0.462981 -0.590600 -0.696285 -0.802625 -0.894005 -0.990250 0.993043 0.983558 0.940957 0.767123 0.651704 0.579925 0.346395 0.254264 0.004878 -0.255630 -0.369497 -0.520459 -0.655661 -0.822479 -0.914817 -0.979973 
35.445240 1035195.250000 52 54 60 0.547126 0.782500 0.422255 0.990713 0.974372 0.799223 0.615944 0.544918 0.384186 0.294425 0.018515 -0.259802 -0.336357 -0.500106 -0.580056 -0.742789 -0.830529 -0.929118 -0.989030 0.984677 0.958936 0.809778 0.643958 0.582018 0.435833 0.351781 0.097497 -0.243955 -0.320284 -0.512977 -0.596954 -0.731048 -0.806677 -0.912090 -0.989427 
32.523544 858760.437500 52 104 96 0.553067 0.657352 0.529859 0.992246 0.961984 0.779891 0.623534 0.565081 0.420906 0.307626 0.156635 -0.194052 -0.306639 -0.479523 -0.571873 -0.695910 -0.830039 -0.941387 -0.993128 0.992863 0.975057 0.748414 0.622458 0.552372 0.409644 0.302573 0.128227 -0.178710 -0.335123 -0.484195 -0.572946 -0.717967 -0.834729 -0.928483 -0.990597 
31.594627 852365.000000 98 108 106 0.500956 0.503280 0.545356 0.986948 0.947823 0.743374 0.664916 0.545543 0.396536 0.302340 0.161561 -0.229351 -0.312274 -0.464706 -0.578662 -0.678263 -0.816267 -0.956023 -0.992947 0.988801 0.955314 0.799222 0.623899 0.561724 0.373975 0.311960 0.105202 -0.222590 -0.303261 -0.466364 -0.570269 -0.672712 -0.831183 -0.955405 -0.993722 
31.132410 912752.312500 128 62 48 0.419214 0.499510 0.635657 0.989370 0.955090 0.734741 0.640336 0.514224 0.363012 0.290676 0.018160 -0.229270 -0.348996 -0.499692 -0.578817 -0.755269 -0.833391 -0.933182 -0.986408 0.990679 0.957051 0.732481 0.675384 0.555703 0.400523 0.295129 0.133817 -0.249346 -0.343317 -0.505015 -0.582876 -0.708802 -0.837902 -0.930216 -0.989110 
31.160660 742944.375000 48 54 52 0.470075 0.446030 0.527053 0.986528 0.941235 0.727088 0.647344 0.574362 0.386182 0.293115 0.077888 -0.271155 -0.399118 -0.508365 -0.604272 -0.753909 -0.836752 -0.923346 -0.984983 0.982329 0.952660 0.754847 0.644080 0.544042 0.362905 0.289714 0.025214 -0.241262 -0.384234 -0.497024 -0.599724 -0.757468 -0.830616 -0.937928 -0.986664 
29.303043 441649.343750 106 76 86 0.526827 0.586325 0.580619 0.983045 0.957866 0.787497 0.646759 0.569314 0.393182 0.294966 0.167617 -0.158243 -0.369639 -0.468024 -0.580707 -0.690068 -0.802456 -0.890423 -0.987568 0.983779 0.960073 0.734747 0.655449 0.561616 0.404819 0.295607 0.159437 -0.223814 -0.379184 -0.489707 -0.588280 -0.708894 -0.813739 -0.903970 -0.978023 
30.459476 720131.500000 86 92 88 0.563877 0.653693 0.404401 0.990940 0.960096 0.747706 0.627187 0.537055 0.390503 0.318618 0.139542 -0.245292 -0.332128 -0.475901 -0.562800 -0.717095 -0.809968 -0.891165 -0.989692 0.986650 0.952376 0.793933 0.620391 0.548626 0.398411 0.311712 0.151303 -0.199495 -0.345382 -0.473387 -0.572226 -0.693614 -0.810293 -0.873264 -0.988037 
33.204121 1146245.875000 90 106 56 0.373417 0.588487 0.490558 0.972804 0.947594 0.772446 0.663965 0.559227 0.440091 0.314316 0.202139 -0.171666 -0.358432 -0.468039 -0.587063 -0.702656 -0.791322 -0.915219 -0.991187 0.985138 0.942343 0.744365 0.648630 0.529352 0.416020 0.311223 0.174328 -0.220573 -0.335122 -0.475735 -0.567349 -0.700409 -0.804726 -0.909728 -0.990250 
54.503578 1259973.125000 80 36 40 0.383722 0.802406 0.910233 0.986946 0.975285 0.937617 0.875300 0.794355 0.692898 0.583198 0.463715 0.179313 -0.160294 -0.396016 -0.501225 -0.631734 -0.787547 -0.899384 -0.976488 0.984851 0.975871 0.932009 0.882374 0.684875 0.597699 0.388468 0.267633 -0.002293 -0.358600 -0.444583 -0.569892 -0.677205 -0.796393 -0.904475 -0.980734 
58.357201 1340322.250000 42 40 40 0.960923 0.936553 0.978554 0.986642 0.971815 0.939038 0.867226 0.752722 0.695394 0.591775 0.559440 0.298200 0.048971 -0.242279 -0.478246 -0.621959 -0.773857 -0.904023 -0.975854 0.987171 0.972331 0.939681 0.868069 0.782800 0.703242 0.595824 0.555831 0.247641 -0.015202 -0.333043 -0.493497 -0.615156 -0.758339 -0.900865 -0.975837 
59.565369 3466794.500000 40 40 38 0.986111 0.959175 0.961075 0.985968 0.968544 0.938778 0.817425 0.692169 0.674676 0.538688 0.449242 0.332888 0.130966 -0.067814 -0.371940 -0.617299 -0.770237 -0.903422 -0.974957 0.986645 0.969915 0.940787 0.860802 0.706350 0.682058 0.579617 0.520635 0.230889 0.060427 -0.101506 -0.403710 -0.635634 -0.770145 -0.903677 -0.975277 
60.977306 18676342.000000 38 40 40 0.942127 0.926624 0.961699 0.984406 0.962662 0.934017 0.756432 0.661849 0.543594 0.428954 0.370873 0.247243 0.043155 -0.099685 -0.316360 -0.605855 -0.656957 -0.806546 -0.959156 0.985259 0.966314 0.935450 0.772481 0.683345 0.654704 0.476523 0.411844 0.339338 0.062901 -0.062437 -0.307912 -0.605823 -0.696137 -0.889085 -0.971109 
61.415409 40966012.000000 40 40 40 0.963146 0.994278 0.896964 0.982506 0.958962 0.933549 0.774506 0.537107 0.472024 0.385917 0.304889 0.225762 -0.063213 -0.205893 -0.462498 -0.603701 -0.673402 -0.731000 -0.927133 0.983194 0.960184 0.933455 0.776155 0.579289 0.488443 0.392242 0.305812 0.228869 -0.017381 -0.186187 -0.432269 -0.609151 -0.670162 -0.805584 -0.959583 
60.047562 40429416.000000 40 42 44 0.929317 0.743705 0.934444 0.981457 0.960314 0.938788 0.761073 0.509711 0.433946 0.335220 0.261478 0.167845 -0.112786 -0.251692 -0.402282 -0.616038 -0.683629 -0.740643 -0.901862 0.984418 0.958026 0.934152 0.762348 0.511667 0.463628 0.362851 0.301514 0.147800 -0.146803 -0.254072 -0.444098 -0.628900 -0.676739 -0.743587 -0.929645 
61.537079 40499932.000000 44 46 52 0.970498 0.944717 0.888100 0.978531 0.967641 0.952325 0.780791 0.481241 0.369429 0.296889 0.218124 0.102454 -0.126385 -0.302361 -0.394161 -0.607466 -0.678366 -0.741985 -0.935379 0.981596 0.964061 0.949007 0.769744 0.473052 0.380612 0.313685 0.226829 0.106273 -0.139773 -0.276355 -0.387507 -0.585362 -0.679441 -0.726374 -0.915563 
60.812813 24045212.000000 52 58 66 0.901213 0.859855 0.808759 0.980491 0.974812 0.942828 0.789654 0.426393 0.342427 0.278444 0.181635 0.086849 -0.096538 -0.301130 -0.413015 -0.607240 -0.676859 -0.787720 -0.966300 0.979134 0.971618 0.952777 0.795909 0.429295 0.374241 0.292931 0.203813 0.118035 -0.104826 -0.316740 -0.407777 -0.619468 -0.677212 -0.774749 -0.950128 
55.050629 7703012.500000 64 68 62 0.769093 0.778791 0.754418 0.983238 0.975219 0.946425 0.762679 0.525681 0.347511 0.272332 0.198958 0.082415 -0.073261 -0.350514 -0.415523 -0.567610 -0.635361 -0.782618 -0.969442 0.982812 0.974023 0.940579 0.793801 0.488890 0.338617 0.274826 0.187432 0.090011 -0.071984 -0.320869 -0.391674 -0.570428 -0.648922 -0.780340 -0.965582 
52.719643 1773922.750000 64 66 56 0.527107 0.387937 0.591306 0.984911 0.974049 0.952520 0.782162 0.557065 0.410677 0.270476 0.206541 0.103056 -0.066867 -0.337802 -0.414453 -0.557453 -0.653281 -0.816660 -0.974444 0.982697 0.976247 0.951679 0.753710 0.556609 0.345608 0.256048 0.185491 0.057770 -0.095249 -0.350261 -0.416369 -0.589869 -0.641045 -0.819086 -0.972107 
46.946102 1029321.625000 58 58 60 0.421903 0.496949 0.749495 0.984195 0.977503 0.942097 0.735273 0.596442 0.429185 0.284818 0.199488 0.097849 -0.016659 -0.258236 -0.413338 -0.540372 -0.654546 -0.846577 -0.959354 0.986832 0.975096 0.956998 0.770285 0.609983 0.463868 0.286577 0.219274 0.108754 -0.034125 -0.303643 -0.412091 -0.548427 -0.651775 -0.839310 -0.961516 
44.969555 513417.781250 62 78 76 0.808743 0.403297 0.782155 0.988214 0.975568 0.956438 0.797061 0.617811 0.527721 0.336062 0.216136 0.113350 0.006531 -0.255122 -0.397386 -0.489854 -0.668949 -0.878095 -0.957887 0.986525 0.975787 0.950936 0.755657 0.622247 0.465809 0.312843 0.199259 0.101151 0.009097 -0.275283 -0.411754 -0.536864 -0.675427 -0.865872 -0.961047 
42.402195 209885.453125 152 150 150 0.858568 0.592853 0.566299 0.988821 0.975251 0.950010 0.761663 0.599401 0.506360 0.325615 0.210261 0.120923 0.001765 -0.202375 -0.406770 -0.525272 -0.740121 -0.899724 -0.962325 0.988390 0.976532 0.954062 0.789067 0.601237 0.528019 0.358210 0.234736 0.120104 -0.014558 -0.250979 -0.388663 -0.492202 -0.680847 -0.887589 -0.954501 
36.668823 117703.593750 148 148 62 0.687752 0.673217 0.626466 0.983611 0.974623 0.896017 0.683636 0.596760 0.435368 0.368066 0.171025 0.083581 0.020395 -0.138061 -0.432752 -0.587274 -0.801676 -0.888105 -0.976895 0.985931 0.974104 0.940757 0.721605 0.605528 0.496681 0.355336 0.207918 0.121570 0.034638 -0.180439 -0.415771 -0.556927 -0.772664 -0.905059 -0.972085 
31.696222 73859.460938 62 50 94 0.523639 0.455424 0.499709 0.988423 0.971614 0.866083 0.689525 0.617921 0.407836 0.305833 0.164919 0.062407 0.007872 -0.087532 -0.373111 -0.602473 -0.784642 -0.892423 -0.979485 0.982992 0.969276 0.894755 0.701575 0.623169 0.410545 0.338138 0.170975 0.073439 0.003323 -0.107465 -0.391233 -0.556869 -0.787393 -0.890312 -0.979436 
27.849825 37523.121094 94 108 92 0.481107 0.732530 0.650909 0.990744 0.968980 0.885489 0.692635 0.574923 0.419490 0.305369 0.178118 0.079733 -0.007240 -0.198662 -0.400972 -0.597378 -0.788708 -0.907941 -0.981845 0.991395 0.968937 0.854260 0.689537 0.584231 0.405078 0.309292 0.174168 0.064333 0.017991 -0.116732 -0.365591 -0.620757 -0.794438 -0.884381 -0.974598 
25.884304 20393.121094 96 102 98 0.526030 0.591953 0.742771 0.994017 0.978610 0.915399 0.718967 0.640094 0.469654 0.320973 0.223482 0.120605 -0.062255 -0.280754 -0.504959 -0.645886 -0.782678 -0.907848 -0.976797 0.992852 0.968552 0.916455 0.714691 0.573123 0.423827 0.304221 0.208825 0.136548 -0.041693 -0.211700 -0.438864 -0.606520 -0.807045 -0.925120 -0.971497 
23.066498 13666.439453 98 104 102 0.741162 0.519314 0.519234 0.991279 0.969761 0.914034 0.768869 0.608298 0.426407 0.377675 0.218786 0.097416 -0.147268 -0.333475 -0.544728 -0.679905 -0.830011 -0.904380 -0.981828 0.993285 0.978282 0.917287 0.729688 0.638557 0.432321 0.374349 0.245109 0.101876 -0.104627 -0.322344 -0.532708 -0.683820 -0.804959 -0.894507 -0.980444 
22.125967 9929.558594 94 94 104 0.495204 0.525403 0.678472 0.992861 0.974697 0.921288 0.800850 0.619891 0.483382 0.346958 0.203608 0.028051 -0.199767 -0.328100 -0.542450 -0.657916 -0.828743 -0.916405 -0.974733 0.991085 0.972700 0.927503 0.815483 0.613265 0.455657 0.339221 0.194871 0.075871 -0.179472 -0.347278 -0.555431 -0.670634 -0.828087 -0.912689 -0.973792 
20.287731 8808.272461 102 98 100 0.637745 0.568601 0.428313 0.988442 0.967623 0.923965 0.792164 0.658303 0.459965 0.354738 0.239012 -0.009400 -0.230131 -0.349860 -0.552383 -0.716322 -0.835156 -0.917108 -0.962686 0.989502 0.972315 0.923113 0.783658 0.644361 0.459169 0.361204 0.236277 0.008718 -0.199034 -0.343053 -0.557274 -0.702053 -0.831223 -0.920779 -0.963975 
