38.949577 291451.562500 20 50 176 0.000000 0.605616 0.350095 0.972857 0.942059 0.911577 0.871593 0.617337 0.538190 0.451293 0.269441 0.135504 0.018713 -0.249624 -0.342158 -0.466961 -0.697209 -0.895207 -0.960637 0.988365 0.961195 0.921876 0.856211 0.640038 0.508340 0.404497 0.247103 -0.031751 -0.250624 -0.406182 -0.649956 -0.741828 -0.829817 -0.937559 -0.980644 
49.361210 4286130.500000 46 50 60 0.302658 0.690391 0.924071 0.974611 0.937213 0.916348 0.862676 0.600547 0.557480 0.407313 0.205827 0.068901 -0.043505 -0.293571 -0.363973 -0.605858 -0.716048 -0.823174 -0.915558 0.969211 0.940126 0.921363 0.867959 0.621210 0.534290 0.472637 0.277833 0.133789 0.043033 -0.265002 -0.342467 -0.455171 -0.703320 -0.888113 -0.954377 
59.670998 74661584.000000 60 62 62 0.815101 0.959554 0.966882 0.965518 0.933442 0.913614 0.806675 0.591697 0.547172 0.374450 0.224987 0.048490 -0.102954 -0.334996 -0.479206 -0.658089 -0.732528 -0.863110 -0.904207 0.968116 0.931280 0.912786 0.807480 0.588294 0.546704 0.389425 0.193773 0.071313 -0.093596 -0.320638 -0.444652 -0.646917 -0.712866 -0.833981 -0.890499 
60.776703 61147636.000000 62 62 64 0.973094 0.968417 0.950553 0.967095 0.946254 0.918721 0.814457 0.607956 0.567039 0.369515 0.203915 0.088027 -0.092167 -0.420376 -0.508728 -0.633095 -0.732966 -0.856869 -0.895760 0.967156 0.938450 0.915261 0.826228 0.591432 0.552552 0.362910 0.195836 0.070647 -0.073496 -0.384264 -0.517735 -0.633280 -0.741160 -0.871742 -0.904492 
58.693089 12107090.000000 64 66 76 0.944449 0.958929 0.628079 0.970111 0.959529 0.927768 0.807254 0.655951 0.622138 0.359030 0.171120 0.065406 -0.112748 -0.397198 -0.516696 -0.581748 -0.697601 -0.894047 -0.926811 0.966983 0.952798 0.921834 0.792553 0.631089 0.593940 0.360466 0.178344 0.081028 -0.090528 -0.423661 -0.530382 -0.618849 -0.726179 -0.867656 -0.912924 
50.041695 1176179.500000 74 80 80 0.615988 0.549501 0.415579 0.979036 0.964399 0.932658 0.805497 0.665221 0.583996 0.485531 0.193563 0.082757 -0.000727 -0.337756 -0.481472 -0.587057 -0.727146 -0.887816 -0.927919 0.976237 0.964617 0.933417 0.815389 0.682385 0.631034 0.398740 0.167633 0.080218 -0.050984 -0.363220 -0.497681 -0.570052 -0.705919 -0.880288 -0.923775 
42.905464 485601.781250 80 64 78 0.468026 0.550574 0.437914 0.983317 0.963847 0.923336 0.793531 0.664951 0.614408 0.485606 0.259661 0.045339 -0.089423 -0.275936 -0.473885 -0.621391 -0.702400 -0.856042 -0.946815 0.981923 0.964445 0.923492 0.790477 0.657214 0.594919 0.499134 0.229190 0.063851 -0.036318 -0.266631 -0.483854 -0.607065 -0.705146 -0.874378 -0.930300 
45.617928 421857.593750 70 72 96 0.396692 0.704665 0.734044 0.983045 0.975946 0.928526 0.877833 0.717269 0.598021 0.521255 0.288670 0.060406 -0.061404 -0.444348 -0.568591 -0.664240 -0.725988 -0.872641 -0.951951 0.985158 0.964333 0.917341 0.814512 0.663028 0.609772 0.492547 0.263468 0.054036 -0.109139 -0.377095 -0.537467 -0.658710 -0.722509 -0.852594 -0.960294 
54.439693 670071.187500 66 60 58 0.568944 0.900077 0.966407 0.981754 0.976757 0.956754 0.897449 0.765591 0.594602 0.505995 0.202276 0.067632 -0.122354 -0.459689 -0.590967 -0.695244 -0.797401 -0.898921 -0.924184 0.982188 0.977641 0.948199 0.897131 0.755297 0.593133 0.528277 0.250904 0.060589 -0.061175 -0.423817 -0.585191 -0.675986 -0.772330 -0.891366 -0.939862 
53.448391 923344.937500 58 56 56 0.966067 0.930257 0.939021 0.987260 0.974411 0.961131 0.886476 0.755813 0.587978 0.410509 0.181885 -0.019392 -0.285643 -0.432803 -0.555670 -0.669539 -0.780431 -0.876893 -0.986378 0.984107 0.975672 0.960803 0.896868 0.782250 0.614960 0.492844 0.199459 0.076492 -0.151315 -0.461442 -0.583533 -0.690857 -0.786131 -0.885444 -0.939260 
59.290871 10966732.000000 56 56 54 0.920961 0.914181 0.974349 0.981008 0.972939 0.959797 0.828719 0.654892 0.591119 0.381556 0.117323 -0.051828 -0.120768 -0.383526 -0.533162 -0.632386 -0.695707 -0.863243 -0.989885 0.982477 0.973078 0.953787 0.830927 0.687792 0.587572 0.367109 0.112046 -0.081309 -0.217326 -0.440534 -0.564740 -0.657927 -0.770443 -0.927832 -0.993868 
60.835258 12857833.000000 54 54 54 0.980570 0.983048 0.981146 0.986009 0.972707 0.964650 0.831971 0.505257 0.433520 0.314985 0.176144 -0.020156 -0.101013 -0.346241 -0.490861 -0.573463 -0.709059 -0.835124 -0.982648 0.982496 0.972427 0.962577 0.831307 0.558954 0.493727 0.391357 0.156890 -0.044951 -0.102136 -0.363555 -0.524263 -0.594172 -0.702434 -0.819115 -0.985109 
56.491196 11137526.000000 54 54 54 0.989955 0.992413 0.984510 0.990309 0.976156 0.963623 0.819631 0.394085 0.299200 0.228380 0.120457 0.015000 -0.168360 -0.352825 -0.423477 -0.523354 -0.642935 -0.782484 -0.976109 0.988694 0.973984 0.964690 0.802516 0.438420 0.360725 0.263890 0.145904 0.005373 -0.110455 -0.350829 -0.449986 -0.541414 -0.676714 -0.807613 -0.981975 
54.964409 9214355.000000 54 54 54 0.983824 0.994899 0.800725 0.991328 0.978350 0.962335 0.784961 0.444898 0.267206 0.199114 0.105135 -0.007666 -0.175424 -0.311894 -0.433399 -0.508618 -0.694826 -0.754722 -0.940154 0.990797 0.977093 0.963153 0.803437 0.422769 0.280916 0.200121 0.118417 -0.009524 -0.178088 -0.329859 -0.453532 -0.514504 -0.648798 -0.747976 -0.963777 
54.851574 19078154.000000 54 54 56 0.836823 0.952659 0.986284 0.990486 0.978019 0.964650 0.765437 0.402854 0.263367 0.185026 0.059209 -0.053506 -0.217202 -0.389114 -0.451568 -0.629955 -0.745843 -0.838994 -0.975609 0.991466 0.979744 0.960130 0.769389 0.434737 0.266777 0.190866 0.089603 -0.050292 -0.193154 -0.368932 -0.444517 -0.549011 -0.707609 -0.784363 -0.974745 
56.132565 13078542.000000 56 56 58 0.989970 0.980694 0.975664 0.990778 0.977876 0.968432 0.836548 0.415913 0.281285 0.193534 0.066774 -0.065322 -0.207661 -0.360011 -0.493329 -0.682398 -0.739728 -0.825899 -0.976428 0.990360 0.977415 0.966013 0.788436 0.406308 0.267029 0.190038 0.068729 -0.049263 -0.226814 -0.374322 -0.485893 -0.672145 -0.736580 -0.805521 -0.967319 
54.039364 5109750.000000 58 60 66 0.982348 0.946458 0.935636 0.991596 0.980883 0.972101 0.824676 0.437782 0.354577 0.208726 0.063619 -0.128011 -0.279596 -0.456181 -0.596556 -0.718166 -0.815151 -0.934411 -0.987962 0.991738 0.979497 0.971230 0.867176 0.450429 0.316932 0.231677 0.125009 -0.048786 -0.190019 -0.385148 -0.485810 -0.688398 -0.768207 -0.857798 -0.981761 
43.402687 6484360.000000 66 72 56 0.956742 0.731372 0.770006 0.987823 0.975400 0.847180 0.501431 0.417071 0.281601 0.099689 -0.086407 -0.230016 -0.394759 -0.567295 -0.702302 -0.801667 -0.861862 -0.959141 -0.994028 0.989516 0.981393 0.951396 0.578150 0.398918 0.335806 0.172990 -0.037598 -0.194713 -0.345197 -0.545638 -0.648279 -0.778812 -0.865404 -0.945616 -0.990611 
46.777695 8119883.500000 56 56 56 0.514032 0.749059 0.444049 0.986750 0.973286 0.838927 0.508137 0.434590 0.275184 0.103286 -0.145233 -0.291393 -0.473179 -0.606179 -0.738169 -0.804021 -0.893058 -0.978100 -0.994340 0.982854 0.970837 0.815876 0.497803 0.425067 0.254087 0.064991 -0.125214 -0.263493 -0.441837 -0.590147 -0.726710 -0.804470 -0.879307 -0.967624 -0.994661 
51.291412 8641530.000000 130 58 54 0.773370 0.858584 0.399126 0.979772 0.972584 0.893900 0.556258 0.453246 0.281560 0.085104 -0.142400 -0.342082 -0.505111 -0.624978 -0.729887 -0.807015 -0.914628 -0.987199 -0.996320 0.984771 0.974223 0.908601 0.536228 0.462249 0.284009 0.066137 -0.152949 -0.314484 -0.495735 -0.628799 -0.742379 -0.793728 -0.897271 -0.982877 -0.996903 
49.174873 4444448.500000 56 58 54 0.769412 0.653113 0.621683 0.982880 0.962999 0.777424 0.531776 0.436619 0.234269 0.070419 -0.183937 -0.333209 -0.497900 -0.602347 -0.760374 -0.832471 -0.900796 -0.981117 -0.996459 0.982099 0.965535 0.832734 0.550574 0.434590 0.267718 0.112664 -0.141116 -0.339531 -0.503784 -0.612478 -0.749464 -0.814200 -0.915291 -0.985016 -0.997696 
46.758842 1893264.500000 56 28 56 0.606397 0.570652 0.704022 0.977558 0.961990 0.784777 0.568747 0.446405 0.136572 -0.042255 -0.174338 -0.376724 -0.492633 -0.618500 -0.755689 -0.834483 -0.932461 -0.970500 -0.992054 0.977298 0.959576 0.777378 0.542012 0.433271 0.176465 -0.033866 -0.211531 -0.361191 -0.487658 -0.615543 -0.766205 -0.823883 -0.917896 -0.974635 -0.996458 
31.906906 245056.031250 30 28 60 0.713775 0.622892 0.809710 0.979706 0.970381 0.860523 0.678121 0.476609 0.253377 0.090846 -0.049413 -0.273102 -0.353795 -0.551609 -0.754424 -0.833098 -0.924437 -0.966460 -0.982397 0.977328 0.963940 0.811647 0.615308 0.459227 0.238497 0.040010 -0.084079 -0.289904 -0.431058 -0.596945 -0.738685 -0.838724 -0.917628 -0.966270 -0.986752 
26.402338 82742.132812 60 148 24 0.785226 0.568560 0.394206 0.983582 0.958939 0.888097 0.730668 0.527184 0.319449 0.132427 -0.028986 -0.273723 -0.409113 -0.528700 -0.702266 -0.829661 -0.903279 -0.973764 -0.994876 0.980372 0.969000 0.871506 0.682841 0.495388 0.266693 0.074917 -0.054529 -0.271530 -0.386418 -0.542241 -0.744445 -0.824472 -0.933211 -0.966586 -0.986392 
46.517139 21219598.000000 62 34 62 0.452264 0.905856 0.546763 0.970070 0.951688 0.903664 0.680384 0.432219 0.359751 0.006100 -0.153005 -0.371368 -0.435902 -0.561257 -0.647268 -0.754927 -0.821718 -0.936700 -0.981955 0.977849 0.956465 0.908977 0.759174 0.481921 0.364078 0.109490 -0.058218 -0.302827 -0.409288 -0.532885 -0.616076 -0.744285 -0.863341 -0.944854 -0.987976 
51.740295 28063694.000000 62 96 56 0.664721 0.575774 0.917818 0.987671 0.975538 0.952681 0.704203 0.504636 0.435846 0.222334 0.098485 -0.103822 -0.396009 -0.487617 -0.597067 -0.715232 -0.818524 -0.894354 -0.970153 0.983716 0.966389 0.913010 0.578116 0.436883 0.335072 -0.000237 -0.217741 -0.368159 -0.436251 -0.547152 -0.658822 -0.748332 -0.831780 -0.916844 -0.982153 
60.697571 72577480.000000 54 58 60 0.868490 0.947196 0.982622 0.981200 0.974104 0.948893 0.737256 0.520404 0.475656 0.292493 0.108167 0.014640 -0.303807 -0.486083 -0.543529 -0.619640 -0.759165 -0.835795 -0.980278 0.982859 0.973319 0.955924 0.717773 0.516536 0.469211 0.268578 0.124804 -0.004840 -0.314025 -0.500498 -0.578833 -0.642040 -0.790618 -0.868695 -0.974969 
59.326492 24319292.000000 60 60 64 0.968943 0.981521 0.960583 0.984017 0.976491 0.950956 0.756491 0.571693 0.521328 0.295727 0.134082 0.015253 -0.272761 -0.491527 -0.556260 -0.611939 -0.770799 -0.852647 -0.981868 0.981915 0.975168 0.946610 0.735574 0.540181 0.493726 0.272881 0.115191 0.022832 -0.296965 -0.476677 -0.549585 -0.626648 -0.747590 -0.818661 -0.986869 
51.715057 1789672.375000 64 64 64 0.947560 0.908797 0.933761 0.993600 0.982171 0.955757 0.860359 0.574214 0.505342 0.378091 0.119282 0.048680 -0.229563 -0.488424 -0.540274 -0.674753 -0.792421 -0.885975 -0.989899 0.989121 0.978385 0.957800 0.800381 0.586562 0.540559 0.332876 0.142690 0.029359 -0.258245 -0.499251 -0.550362 -0.654326 -0.789825 -0.872509 -0.984397 
50.695900 1114033.000000 64 64 64 0.941510 0.968916 0.971130 0.993794 0.983750 0.960349 0.861661 0.615466 0.520560 0.412510 0.147179 0.060830 -0.182281 -0.459680 -0.549108 -0.667408 -0.783012 -0.850319 -0.984818 0.994008 0.984214 0.957594 0.871152 0.565189 0.496427 0.390796 0.128323 0.063981 -0.235588 -0.473120 -0.565573 -0.666424 -0.802205 -0.867625 -0.986686 
50.800575 663549.187500 64 64 64 0.969282 0.972511 0.961545 0.994097 0.985619 0.959660 0.868780 0.653924 0.554379 0.440151 0.179152 0.070402 -0.214029 -0.449298 -0.491047 -0.607990 -0.744233 -0.868376 -0.981479 0.993927 0.984739 0.959240 0.862390 0.654174 0.552449 0.378509 0.153502 0.069786 -0.119512 -0.449400 -0.504574 -0.649345 -0.769420 -0.862090 -0.979701 
51.446938 463270.968750 64 64 64 0.961206 0.972273 0.962035 0.993505 0.983517 0.966906 0.897012 0.668670 0.582549 0.412458 0.170842 0.091998 -0.153152 -0.445466 -0.511142 -0.615739 -0.753476 -0.880033 -0.979072 0.993868 0.984824 0.963621 0.886853 0.647958 0.572467 0.421398 0.175416 0.100504 -0.204363 -0.444772 -0.510928 -0.617724 -0.733181 -0.869962 -0.980276 
52.827831 7006140.500000 64 64 64 0.952601 0.901981 0.914285 0.990028 0.977811 0.961993 0.813790 0.587498 0.549353 0.232480 0.115572 -0.075696 -0.289542 -0.456623 -0.528353 -0.691561 -0.762665 -0.960261 -0.990798 0.993291 0.982657 0.967336 0.908277 0.644002 0.594981 0.330288 0.150135 0.000001 -0.294094 -0.437310 -0.559967 -0.696059 -0.776947 -0.951172 -0.988987 
57.099930 13077515.000000 64 64 64 0.891604 0.971585 0.973710 0.986963 0.978795 0.966574 0.825959 0.475631 0.439159 0.275299 0.022878 -0.058953 -0.210976 -0.443661 -0.507302 -0.611836 -0.750821 -0.953077 -0.983889 0.986031 0.977772 0.960112 0.806923 0.547885 0.498948 0.321408 0.134652 -0.015786 -0.190080 -0.421130 -0.486743 -0.598186 -0.727892 -0.928390 -0.987309 
56.230770 6395181.000000 64 64 64 0.970367 0.938400 0.964830 0.990982 0.980254 0.969662 0.857394 0.432236 0.344617 0.248156 0.054712 -0.109165 -0.208305 -0.445540 -0.502764 -0.657831 -0.759868 -0.894017 -0.983388 0.988705 0.979026 0.969246 0.812981 0.453601 0.386849 0.241325 0.023486 -0.083708 -0.198797 -0.450414 -0.508264 -0.611456 -0.761230 -0.936925 -0.983726 
49.604912 1778919.500000 64 66 68 0.954572 0.946307 0.642840 0.994448 0.984387 0.959822 0.860027 0.471296 0.336090 0.232813 0.099289 -0.152556 -0.224129 -0.401712 -0.509452 -0.702581 -0.776275 -0.854692 -0.976717 0.993488 0.982643 0.967560 0.878500 0.448739 0.341316 0.251750 0.086090 -0.179257 -0.245887 -0.404001 -0.489193 -0.693800 -0.771327 -0.880346 -0.982339 
44.923531 670155.625000 68 66 70 0.620372 0.738427 0.916067 0.995076 0.984489 0.962935 0.901850 0.487963 0.322232 0.215639 0.065414 -0.169133 -0.252438 -0.381901 -0.560423 -0.720493 -0.773631 -0.857966 -0.975443 0.993991 0.982315 0.958166 0.864509 0.481789 0.315015 0.211616 0.053065 -0.167060 -0.254977 -0.396690 -0.535971 -0.696185 -0.762498 -0.853113 -0.979672 
44.718742 511232.531250 70 68 66 0.920359 0.972525 0.951155 0.995542 0.987044 0.958393 0.916462 0.509782 0.300543 0.204947 -0.006983 -0.208845 -0.297549 -0.473785 -0.667669 -0.738676 -0.798233 -0.850098 -0.976966 0.995579 0.986153 0.960659 0.919633 0.485577 0.334948 0.220106 0.046706 -0.191633 -0.275136 -0.424418 -0.627127 -0.749243 -0.794480 -0.852654 -0.961418 
45.463028 756867.937500 66 64 64 0.953700 0.940322 0.854863 0.994675 0.990058 0.959490 0.908687 0.418199 0.264624 0.188898 -0.118075 -0.208194 -0.323581 -0.454725 -0.651188 -0.695965 -0.770934 -0.842377 -0.979338 0.995344 0.988528 0.957555 0.918533 0.477300 0.278994 0.193509 -0.101543 -0.221861 -0.312875 -0.471478 -0.661677 -0.720119 -0.804281 -0.858540 -0.979172 
49.389095 2122095.750000 62 56 54 0.921161 0.941764 0.941769 0.993485 0.989102 0.965795 0.878826 0.320585 0.242484 0.137583 -0.010897 -0.134317 -0.228279 -0.438939 -0.611227 -0.680057 -0.788995 -0.847362 -0.973644 0.993979 0.990188 0.968323 0.865224 0.348220 0.248130 0.128722 -0.103862 -0.191666 -0.308581 -0.434692 -0.633808 -0.682719 -0.778642 -0.837942 -0.976264 
53.209686 5175608.000000 54 50 48 0.979554 0.974184 0.939530 0.991396 0.982357 0.955167 0.897624 0.417978 0.348622 0.224450 0.148100 0.033656 -0.214981 -0.344342 -0.584384 -0.655888 -0.715270 -0.792550 -0.965667 0.992377 0.986082 0.956203 0.898911 0.387619 0.286442 0.182829 0.087404 -0.099021 -0.224481 -0.372306 -0.595455 -0.672783 -0.768214 -0.840410 -0.964086 
55.059963 6359350.500000 48 46 44 0.968491 0.964497 0.974887 0.989474 0.979213 0.944271 0.851009 0.569190 0.521934 0.323707 0.199137 0.112661 -0.197481 -0.319209 -0.519571 -0.650626 -0.703791 -0.770559 -0.939011 0.990231 0.979077 0.951119 0.848946 0.534467 0.433231 0.312586 0.209795 0.092487 -0.141916 -0.339150 -0.583184 -0.658176 -0.708406 -0.780109 -0.947681 
55.767128 3317583.000000 44 44 44 0.988639 0.971784 0.963112 0.989094 0.981433 0.928023 0.873124 0.721018 0.619434 0.347788 0.161758 0.065000 -0.126881 -0.360137 -0.445694 -0.590662 -0.695797 -0.786855 -0.953203 0.988958 0.980371 0.933715 0.876685 0.613033 0.545609 0.364390 0.198501 0.076766 -0.214992 -0.322979 -0.490812 -0.631025 -0.725949 -0.777409 -0.936060 
55.358700 3277720.750000 44 44 46 0.973525 0.982249 0.976478 0.989566 0.979035 0.922550 0.886066 0.734785 0.636535 0.381734 0.128664 0.030321 -0.251253 -0.353984 -0.461486 -0.610680 -0.725058 -0.756592 -0.917223 0.989314 0.982549 0.921791 0.884796 0.735259 0.621179 0.349240 0.126083 0.077203 -0.210379 -0.383755 -0.462374 -0.612299 -0.717204 -0.754436 -0.936321 
54.955997 3721636.250000 46 48 50 0.976236 0.969966 0.961175 0.988880 0.971456 0.940740 0.870973 0.695648 0.654255 0.317266 0.174930 0.078267 -0.169388 -0.228793 -0.372423 -0.621568 -0.691920 -0.747417 -0.934140 0.989164 0.974617 0.932942 0.890808 0.716032 0.646605 0.397325 0.147729 0.055440 -0.215538 -0.304308 -0.395552 -0.624915 -0.721263 -0.747289 -0.934752 
53.845043 943472.500000 50 52 58 0.966552 0.824404 0.948385 0.992331 0.979649 0.957703 0.829891 0.662066 0.614935 0.366749 0.254458 0.098224 -0.051726 -0.223897 -0.430066 -0.607175 -0.655698 -0.819888 -0.965039 0.987952 0.970992 0.946750 0.843686 0.666046 0.633343 0.369840 0.205883 0.070719 -0.132518 -0.191782 -0.389063 -0.605250 -0.648368 -0.758061 -0.953199 
52.095474 414079.375000 58 62 64 0.911759 0.872936 0.976383 0.992657 0.982076 0.965670 0.887349 0.678506 0.625391 0.438643 0.200354 0.124011 -0.104135 -0.269851 -0.468954 -0.581650 -0.708889 -0.884381 -0.969481 0.993302 0.983329 0.957383 0.888032 0.678233 0.617919 0.420600 0.218738 0.117248 -0.095197 -0.261226 -0.450963 -0.617433 -0.714328 -0.879372 -0.972331 
54.969810 14194640.000000 64 66 70 0.965329 0.927586 0.859804 0.986287 0.975509 0.949390 0.770948 0.558577 0.479867 0.283088 0.161853 0.028563 -0.206356 -0.282719 -0.517548 -0.575822 -0.674550 -0.721376 -0.913634 0.992246 0.981637 0.967927 0.858000 0.640206 0.582240 0.337086 0.212924 0.004673 -0.188639 -0.282284 -0.458276 -0.589617 -0.707551 -0.872367 -0.970726 
55.978851 7408348.500000 70 74 80 0.875620 0.941586 0.804705 0.981350 0.970235 0.954856 0.807948 0.517592 0.476730 0.326621 0.176892 0.100330 -0.231006 -0.333036 -0.457421 -0.632315 -0.713839 -0.757388 -0.854769 0.984087 0.969815 0.951197 0.785272 0.536865 0.471288 0.304961 0.183652 0.079252 -0.213637 -0.331480 -0.464984 -0.614573 -0.682967 -0.737106 -0.812151 
47.132458 598812.937500 80 76 88 0.838456 0.693972 0.413507 0.986208 0.972427 0.957615 0.794381 0.513873 0.459913 0.312059 0.168847 0.106285 -0.233376 -0.307614 -0.455287 -0.639644 -0.726262 -0.763980 -0.932749 0.982466 0.971257 0.959434 0.800213 0.530693 0.477160 0.348993 0.170013 0.107087 -0.236952 -0.322202 -0.459759 -0.639985 -0.726751 -0.772475 -0.894846 
46.203125 447938.593750 88 88 98 0.572924 0.739566 0.549611 0.982352 0.978033 0.960390 0.763628 0.522595 0.465930 0.343106 0.180256 0.117560 -0.225034 -0.312467 -0.469754 -0.613896 -0.656760 -0.768145 -0.947010 0.980757 0.975675 0.958526 0.747448 0.499017 0.456661 0.314337 0.170541 0.109272 -0.245616 -0.308537 -0.457949 -0.614628 -0.701070 -0.768044 -0.930339 
32.285847 53987.027344 38 44 194 0.846458 0.549115 0.645379 0.988509 0.978308 0.923859 0.708211 0.541093 0.478963 0.365240 0.168369 0.093633 -0.199036 -0.353233 -0.432087 -0.618534 -0.709441 -0.848366 -0.962436 0.985568 0.980693 0.928482 0.721324 0.535493 0.470327 0.361633 0.190733 0.102281 -0.236701 -0.336470 -0.488285 -0.619622 -0.671349 -0.817893 -0.961231 
26.344963 30870.412109 70 54 24 0.503433 0.404488 0.493814 0.984827 0.971111 0.939180 0.768378 0.542669 0.478915 0.257250 0.155979 -0.045472 -0.279482 -0.345954 -0.424736 -0.629668 -0.754383 -0.892338 -0.965330 0.983911 0.971874 0.940124 0.744435 0.556468 0.501623 0.311653 0.180380 0.073209 -0.214640 -0.367361 -0.460825 -0.646714 -0.745336 -0.878500 -0.969249 
24.320982 15409.946289 148 72 140 0.678714 0.478991 0.538393 0.983353 0.967950 0.928738 0.794573 0.541752 0.469782 0.279920 0.123535 -0.078023 -0.290859 -0.345181 -0.463285 -0.639241 -0.783498 -0.891624 -0.963347 0.981982 0.966992 0.948973 0.786509 0.526642 0.465886 0.242824 0.134346 -0.094587 -0.275679 -0.336317 -0.410418 -0.598235 -0.768151 -0.909554 -0.967584 
39.919991 5740399.000000 50 80 94 0.621468 0.539754 0.421922 0.960592 0.940190 0.835720 0.653277 0.396846 0.286026 0.049668 -0.102786 -0.314409 -0.422908 -0.540570 -0.657145 -0.735738 -0.809023 -0.924223 -0.993013 0.983585 0.967755 0.920794 0.788097 0.568124 0.470450 0.309422 0.123971 -0.088884 -0.268560 -0.399456 -0.549830 -0.689118 -0.789642 -0.919646 -0.967373 
50.275135 11301414.000000 44 150 118 0.424074 0.590082 0.479095 0.964978 0.934747 0.772014 0.514676 0.295169 0.124046 0.015156 -0.271826 -0.403856 -0.473716 -0.552915 -0.701202 -0.762734 -0.866205 -0.942485 -0.983430 0.959977 0.939882 0.852224 0.593544 0.388277 0.250268 -0.033820 -0.196979 -0.391048 -0.456815 -0.550901 -0.677715 -0.743767 -0.837661 -0.942102 -0.987657 
47.389904 4600919.000000 118 56 118 0.466770 0.670545 0.344538 0.970986 0.912886 0.614432 0.521252 0.384202 0.221414 0.085066 -0.216947 -0.314667 -0.422988 -0.492562 -0.657069 -0.748015 -0.822555 -0.921332 -0.985495 0.978055 0.924153 0.679441 0.515963 0.304462 0.133889 0.005094 -0.221044 -0.358031 -0.451983 -0.539653 -0.709032 -0.753341 -0.854795 -0.934034 -0.982052 
38.931965 2107758.000000 76 78 50 0.355783 0.633187 0.778539 0.989487 0.975058 0.788138 0.544192 0.502856 0.312158 0.200737 -0.045390 -0.261419 -0.355816 -0.464773 -0.631007 -0.762320 -0.852966 -0.928246 -0.982130 0.972041 0.920423 0.575594 0.518772 0.422707 0.258615 0.139582 -0.148921 -0.290976 -0.385683 -0.485123 -0.644766 -0.761021 -0.835531 -0.928454 -0.973596 
52.783157 10823640.000000 50 60 66 0.695912 0.787147 0.933966 0.985422 0.974181 0.937954 0.775551 0.679581 0.596622 0.354669 0.225043 -0.158005 -0.264291 -0.359281 -0.550191 -0.665086 -0.784210 -0.903362 -0.954017 0.988272 0.974099 0.949389 0.754855 0.634870 0.537651 0.316850 0.167320 -0.190988 -0.287705 -0.424393 -0.571165 -0.716710 -0.839757 -0.918159 -0.976039 
54.000153 2694557.500000 66 68 70 0.952248 0.972822 0.959084 0.986813 0.975736 0.949897 0.874088 0.752907 0.597277 0.354322 0.207383 -0.200290 -0.287237 -0.427322 -0.607693 -0.675394 -0.787297 -0.878922 -0.969658 0.985647 0.974431 0.943438 0.816867 0.707537 0.576551 0.363170 0.241782 -0.192787 -0.271790 -0.362327 -0.582690 -0.660666 -0.751146 -0.876095 -0.950735 
49.269749 460543.593750 70 72 72 0.957020 0.936394 0.895026 0.988174 0.978570 0.952650 0.892153 0.760663 0.638602 0.410255 0.190648 -0.176564 -0.332735 -0.437233 -0.607037 -0.732472 -0.818633 -0.924888 -0.967672 0.987286 0.977197 0.949328 0.894551 0.769498 0.616826 0.351430 0.194873 -0.205602 -0.295391 -0.430143 -0.592910 -0.710695 -0.798606 -0.906339 -0.975750 
47.121410 185145.062500 74 74 76 0.877148 0.906308 0.927187 0.990477 0.980419 0.960423 0.914260 0.773401 0.657842 0.457653 0.201228 -0.103343 -0.366974 -0.429614 -0.584967 -0.707545 -0.795898 -0.920523 -0.966994 0.990283 0.980002 0.958826 0.894729 0.744512 0.650901 0.441288 0.188278 -0.178836 -0.363278 -0.444888 -0.593934 -0.741731 -0.825388 -0.921407 -0.969156 
52.403446 618300.125000 76 76 76 0.933751 0.969178 0.973784 0.987665 0.977868 0.960164 0.895666 0.801088 0.725219 0.349969 0.230974 -0.196193 -0.330242 -0.405227 -0.531518 -0.648971 -0.701277 -0.806794 -0.958422 0.988921 0.979798 0.961062 0.908543 0.825254 0.712991 0.451828 0.250947 -0.129803 -0.335969 -0.426225 -0.586305 -0.663820 -0.736221 -0.908631 -0.967063 
56.036659 6186820.000000 76 76 78 0.977821 0.960866 0.962037 0.985466 0.974252 0.956211 0.790893 0.682036 0.604837 0.355564 0.275980 -0.119781 -0.281673 -0.370127 -0.528925 -0.614477 -0.696994 -0.741175 -0.878669 0.986554 0.975855 0.957479 0.851097 0.738939 0.630085 0.337550 0.258482 -0.143156 -0.297697 -0.396798 -0.550976 -0.640069 -0.700777 -0.759786 -0.942486 
55.919186 4851600.500000 78 80 80 0.965067 0.946971 0.956839 0.987317 0.974962 0.960849 0.791289 0.596503 0.552143 0.359065 0.277998 -0.047119 -0.231153 -0.283943 -0.473777 -0.611977 -0.667527 -0.724292 -0.923733 0.984746 0.973263 0.955826 0.761143 0.633793 0.569803 0.349511 0.281199 -0.066828 -0.258986 -0.317147 -0.502031 -0.612155 -0.682405 -0.718789 -0.881385 
49.543274 562158.937500 80 84 74 0.959428 0.456506 0.580220 0.992390 0.980115 0.954697 0.738869 0.567450 0.477101 0.306535 0.185806 0.016700 -0.194537 -0.300464 -0.514285 -0.631386 -0.746445 -0.820548 -0.981191 0.990332 0.977135 0.966570 0.769211 0.551095 0.493917 0.304948 0.208921 -0.000214 -0.215437 -0.266552 -0.515204 -0.618856 -0.684768 -0.784698 -0.955246 
33.541695 99811.851562 78 76 78 0.620386 0.485684 0.701077 0.992052 0.977929 0.921094 0.723725 0.653041 0.533566 0.363992 0.258028 0.063828 -0.243788 -0.347624 -0.486016 -0.653281 -0.699718 -0.865208 -0.963660 0.993436 0.976064 0.919783 0.731610 0.657851 0.501947 0.357747 0.218004 0.009233 -0.195434 -0.325309 -0.470386 -0.653822 -0.719159 -0.826796 -0.957894 
34.217068 1973810.000000 78 70 76 0.719756 0.548974 0.433338 0.985852 0.955438 0.813459 0.678327 0.529644 0.329966 0.178939 0.004075 -0.122671 -0.230555 -0.374488 -0.582801 -0.676522 -0.775195 -0.929796 -0.991115 0.988899 0.978351 0.926110 0.727913 0.649826 0.544401 0.382109 0.227460 0.035158 -0.222898 -0.347314 -0.522991 -0.659229 -0.735393 -0.885906 -0.967713 
45.959393 9745934.000000 76 78 76 0.497800 0.678171 0.783572 0.978876 0.953939 0.741760 0.556301 0.318397 0.165385 -0.040210 -0.190504 -0.271216 -0.396224 -0.543734 -0.692599 -0.772864 -0.847000 -0.966343 -0.989959 0.975457 0.951376 0.764296 0.641820 0.447747 0.272575 0.093799 -0.086421 -0.198420 -0.302183 -0.482866 -0.652714 -0.737332 -0.822310 -0.960502 -0.990037 
48.492882 8531509.000000 76 72 74 0.809549 0.343061 0.657316 0.983616 0.941957 0.670662 0.445434 0.270455 0.116538 -0.046133 -0.224195 -0.284588 -0.408271 -0.544409 -0.657420 -0.752454 -0.865851 -0.949247 -0.992969 0.981801 0.941358 0.706430 0.455549 0.273043 0.141183 -0.071780 -0.219459 -0.290476 -0.415887 -0.542269 -0.674593 -0.777349 -0.857656 -0.957947 -0.991285 
47.022739 8264848.500000 130 120 102 0.671000 0.485286 0.780489 0.981578 0.935911 0.632141 0.419231 0.339878 0.201061 0.017387 -0.155995 -0.307818 -0.376340 -0.497788 -0.634125 -0.739739 -0.852688 -0.958099 -0.992814 0.981813 0.933406 0.659977 0.435177 0.318472 0.140501 0.018023 -0.201142 -0.290956 -0.368582 -0.542042 -0.663272 -0.736607 -0.852581 -0.957521 -0.993981 
45.947166 5639611.500000 102 78 78 0.812201 0.693393 0.548083 0.977461 0.929777 0.582649 0.449347 0.345379 0.213118 0.059336 -0.119475 -0.291284 -0.349882 -0.461647 -0.632982 -0.729690 -0.823610 -0.948994 -0.990520 0.982599 0.943530 0.591467 0.422455 0.340154 0.220803 0.033405 -0.128545 -0.298449 -0.354150 -0.480970 -0.641764 -0.740487 -0.837487 -0.957687 -0.993530 
45.370331 2795872.750000 78 66 60 0.649381 0.301558 0.928976 0.992291 0.980904 0.972349 0.807333 0.334307 0.280967 0.141489 0.045118 -0.178796 -0.300616 -0.415018 -0.548688 -0.704148 -0.808315 -0.939177 -0.985966 0.979411 0.936701 0.654096 0.471310 0.347102 0.184455 0.075367 -0.077009 -0.255286 -0.356180 -0.461826 -0.623760 -0.733394 -0.824056 -0.945562 -0.989905 
55.979843 6561557.500000 60 66 70 0.818866 0.957233 0.961384 0.990007 0.981296 0.972234 0.859854 0.368536 0.337414 0.231356 0.171884 -0.072028 -0.260965 -0.366750 -0.428008 -0.597049 -0.780483 -0.922210 -0.975618 0.991771 0.980472 0.973814 0.873536 0.346926 0.314297 0.203041 0.125217 -0.111421 -0.257003 -0.373986 -0.465602 -0.622591 -0.776747 -0.924895 -0.980524 
55.793457 4359841.000000 70 74 78 0.965550 0.977152 0.989101 0.989192 0.982247 0.968345 0.788164 0.497734 0.437551 0.269614 0.208202 0.021738 -0.227874 -0.354880 -0.409201 -0.555300 -0.677450 -0.911528 -0.981528 0.989101 0.981963 0.969463 0.810388 0.431834 0.375123 0.253216 0.189745 -0.013591 -0.243550 -0.351654 -0.429338 -0.571957 -0.734670 -0.917293 -0.981274 
53.079514 1086073.875000 78 80 82 0.977067 0.947663 0.910447 0.991133 0.982384 0.967294 0.841447 0.630925 0.538693 0.301008 0.193352 0.089036 -0.190419 -0.346183 -0.409774 -0.548373 -0.707293 -0.924877 -0.983029 0.989991 0.981904 0.967519 0.804611 0.565124 0.510348 0.285130 0.202856 0.039395 -0.236360 -0.349052 -0.421429 -0.544886 -0.664718 -0.923130 -0.982487 
50.969013 253572.328125 84 86 88 0.954760 0.944300 0.954501 0.990440 0.982871 0.969023 0.917433 0.670418 0.460841 0.326237 0.215063 0.080441 -0.214320 -0.365599 -0.425115 -0.597494 -0.795640 -0.915166 -0.977132 0.990777 0.983654 0.968915 0.884198 0.688447 0.540054 0.327313 0.214555 0.043258 -0.202680 -0.355900 -0.406990 -0.548910 -0.767107 -0.914210 -0.978396 
45.697403 132258.750000 88 92 90 0.921166 0.809605 0.871421 0.990438 0.981133 0.963936 0.926017 0.705289 0.432789 0.328899 0.198641 -0.000047 -0.209993 -0.345116 -0.431446 -0.673415 -0.784421 -0.904148 -0.981703 0.990950 0.982926 0.965840 0.921343 0.645827 0.421111 0.342441 0.209492 0.092602 -0.225435 -0.366668 -0.446521 -0.644902 -0.797389 -0.920193 -0.982703 
47.787048 82632.523438 92 92 90 0.920631 0.937891 0.933663 0.990003 0.981185 0.969360 0.901446 0.807356 0.686245 0.333317 0.236152 0.079130 -0.166812 -0.357730 -0.465111 -0.691545 -0.813644 -0.928023 -0.977459 0.990722 0.982082 0.967814 0.928807 0.773064 0.498955 0.346577 0.236448 -0.022169 -0.206712 -0.343234 -0.439516 -0.685426 -0.802555 -0.916682 -0.980918 
50.423035 164153.093750 88 88 88 0.954450 0.952495 0.947971 0.989833 0.979867 0.969168 0.892188 0.714944 0.688069 0.464591 0.233705 0.141006 -0.118910 -0.289529 -0.452926 -0.615856 -0.793977 -0.909331 -0.978360 0.990462 0.980879 0.970314 0.917135 0.763261 0.726883 0.401091 0.249269 0.094669 -0.166359 -0.335088 -0.490625 -0.663126 -0.811679 -0.917467 -0.981275 
51.044632 551957.875000 88 90 90 0.928821 0.769917 0.842250 0.987701 0.977579 0.965787 0.831247 0.631267 0.602169 0.374553 0.185796 0.134008 -0.116020 -0.196827 -0.368035 -0.567639 -0.695393 -0.885746 -0.973040 0.987686 0.978004 0.968247 0.865246 0.680984 0.667967 0.416379 0.172789 0.100125 -0.110380 -0.213475 -0.406917 -0.561444 -0.746348 -0.899708 -0.977834 
49.741264 1541560.250000 92 92 92 0.912695 0.914928 0.881588 0.988346 0.977991 0.965111 0.753919 0.592450 0.557023 0.235675 0.142494 -0.103744 -0.262483 -0.335590 -0.466451 -0.566409 -0.746965 -0.795408 -0.968698 0.989168 0.978757 0.967138 0.831700 0.603505 0.578987 0.328727 0.182587 0.112428 -0.127685 -0.218191 -0.335603 -0.574448 -0.685859 -0.861617 -0.972117 
44.773460 2009015.000000 92 94 92 0.877746 0.724134 0.610866 0.989956 0.978198 0.956234 0.699027 0.621681 0.495880 0.159898 -0.084339 -0.301048 -0.398293 -0.475987 -0.614192 -0.708572 -0.799459 -0.930103 -0.986651 0.987891 0.977511 0.960777 0.685762 0.602907 0.489678 0.192827 0.028969 -0.259358 -0.331200 -0.434290 -0.487974 -0.673886 -0.768898 -0.855063 -0.991459 
43.701843 1053070.625000 92 88 88 0.697086 0.899155 0.533363 0.989471 0.977645 0.966540 0.772958 0.646862 0.596954 0.179847 -0.139743 -0.323145 -0.434126 -0.575438 -0.668741 -0.715037 -0.805164 -0.942368 -0.985560 0.989816 0.978072 0.966122 0.738730 0.635601 0.577594 0.171397 -0.044252 -0.313170 -0.403220 -0.583633 -0.667288 -0.729836 -0.808085 -0.929861 -0.979583 
43.040947 1713101.000000 86 68 90 0.391789 0.717553 0.453260 0.988014 0.976512 0.960779 0.724229 0.649014 0.539795 0.132820 -0.231032 -0.326246 -0.502278 -0.613721 -0.679010 -0.731262 -0.844417 -0.939745 -0.982792 0.987673 0.976838 0.959355 0.750155 0.644854 0.548345 0.168857 -0.187983 -0.353807 -0.495279 -0.588954 -0.674819 -0.721922 -0.818498 -0.938150 -0.984970 
42.935429 2523679.500000 62 58 122 0.566394 0.708822 0.486044 0.986628 0.975533 0.923908 0.686862 0.648266 0.248088 -0.079444 -0.233985 -0.345485 -0.537483 -0.658550 -0.724835 -0.802842 -0.850734 -0.929590 -0.980024 0.987659 0.977127 0.946521 0.697115 0.661777 0.381104 0.009994 -0.253369 -0.332243 -0.513992 -0.654598 -0.699780 -0.791580 -0.861012 -0.931397 -0.982671 
43.400425 1781720.625000 54 78 146 0.482548 0.434036 0.485670 0.989406 0.978199 0.858545 0.674350 0.571338 0.018901 -0.142691 -0.243566 -0.326788 -0.508321 -0.658304 -0.732732 -0.786633 -0.871275 -0.963712 -0.990248 0.987594 0.974592 0.892159 0.679201 0.600161 0.132013 -0.121790 -0.228738 -0.346808 -0.532817 -0.654839 -0.737285 -0.801062 -0.867749 -0.955626 -0.992059 
43.230167 1869549.750000 66 86 148 0.494293 0.657710 0.564870 0.990483 0.976988 0.871342 0.665782 0.560018 0.059976 -0.133612 -0.242495 -0.352067 -0.498634 -0.658525 -0.715941 -0.792800 -0.860846 -0.928563 -0.988499 0.991123 0.976853 0.857397 0.667177 0.542826 -0.021432 -0.148779 -0.252126 -0.339400 -0.472551 -0.658421 -0.717539 -0.787833 -0.863150 -0.944957 -0.994224 
41.077763 2709359.500000 68 84 76 0.686689 0.602080 0.749992 0.990711 0.974496 0.933571 0.710501 0.679691 0.507282 0.084497 -0.183066 -0.330548 -0.476390 -0.607852 -0.694309 -0.793544 -0.865750 -0.934020 -0.984139 0.991665 0.976502 0.891135 0.689071 0.631513 0.211265 -0.108078 -0.225487 -0.338892 -0.507929 -0.647293 -0.704842 -0.792682 -0.859648 -0.943087 -0.993969 
48.892342 1591602.375000 76 74 74 0.665303 0.930956 0.970816 0.986942 0.972012 0.959354 0.879203 0.680139 0.658102 0.401072 0.082430 -0.279948 -0.414794 -0.524431 -0.610606 -0.784689 -0.861330 -0.910426 -0.972049 0.987802 0.972287 0.953908 0.831028 0.682460 0.644051 0.271982 -0.031850 -0.323687 -0.456754 -0.557600 -0.653725 -0.789016 -0.847076 -0.926634 -0.975865 
53.092800 1728062.875000 74 74 74 0.974517 0.993039 0.965726 0.984590 0.971107 0.958116 0.882802 0.682708 0.656690 0.422500 0.275418 -0.050607 -0.390576 -0.464233 -0.564769 -0.715114 -0.853140 -0.920073 -0.981132 0.985545 0.971371 0.959202 0.889690 0.680030 0.660733 0.432946 0.231813 -0.185487 -0.407892 -0.471570 -0.580370 -0.749536 -0.854395 -0.907791 -0.980134 
52.721375 1926127.000000 74 74 76 0.977121 0.981159 0.958588 0.984591 0.972109 0.951682 0.839237 0.688218 0.663516 0.408665 0.263704 0.010045 -0.360138 -0.439211 -0.549307 -0.668777 -0.774191 -0.896488 -0.966031 0.984241 0.971373 0.955626 0.862199 0.683235 0.657260 0.395186 0.262973 0.006787 -0.377413 -0.456601 -0.564269 -0.696744 -0.810425 -0.909863 -0.970743 
46.830292 5106578.500000 76 78 80 0.939123 0.821532 0.670304 0.992058 0.976806 0.937066 0.704148 0.653085 0.438155 -0.021818 -0.216972 -0.350892 -0.456071 -0.627005 -0.711922 -0.769133 -0.843294 -0.923535 -0.993377 0.987825 0.972943 0.953047 0.786518 0.688754 0.616267 0.346533 0.055515 -0.306710 -0.383862 -0.522014 -0.644675 -0.736509 -0.833471 -0.906739 -0.975086 
48.230392 5722729.500000 76 74 72 0.658956 0.835053 0.712366 0.987233 0.978001 0.854451 0.662960 0.609016 0.124925 -0.097855 -0.271493 -0.426930 -0.522016 -0.647492 -0.711762 -0.811777 -0.889670 -0.953985 -0.987924 0.992325 0.982425 0.870974 0.672060 0.636823 0.188916 -0.116691 -0.263866 -0.378985 -0.503208 -0.642949 -0.734781 -0.783753 -0.854060 -0.924852 -0.993632 
49.135822 4714198.500000 72 72 72 0.708137 0.767159 0.764278 0.981515 0.960531 0.826986 0.669209 0.565864 0.067984 -0.121390 -0.248323 -0.390858 -0.561017 -0.684936 -0.723977 -0.805425 -0.908307 -0.966243 -0.994516 0.984024 0.969879 0.833910 0.664123 0.592992 0.066787 -0.109008 -0.280178 -0.430885 -0.528936 -0.667050 -0.711924 -0.825569 -0.899976 -0.957487 -0.986936 
50.238155 3042453.000000 72 76 72 0.762602 0.591616 0.808540 0.983172 0.939163 0.763605 0.636693 0.456663 0.045678 -0.145185 -0.249229 -0.369540 -0.527711 -0.677745 -0.757724 -0.825409 -0.907906 -0.973561 -0.994357 0.981470 0.950549 0.800006 0.652928 0.514027 0.127949 -0.131233 -0.246166 -0.366363 -0.528698 -0.691435 -0.735271 -0.824788 -0.934123 -0.980366 -0.997269 
48.597713 2648152.750000 74 76 76 0.794127 0.547712 0.705390 0.984176 0.935482 0.779009 0.613237 0.472726 0.019312 -0.194924 -0.262436 -0.413813 -0.561702 -0.678343 -0.770124 -0.837315 -0.888004 -0.953993 -0.987222 0.984024 0.937421 0.769746 0.621451 0.445693 0.028743 -0.183936 -0.252007 -0.404393 -0.550528 -0.673354 -0.770370 -0.835963 -0.889409 -0.958650 -0.983170 
49.492920 3744934.250000 76 148 148 0.773943 0.652771 0.590681 0.976871 0.928154 0.790293 0.621603 0.453850 0.075632 -0.195745 -0.255080 -0.419952 -0.511908 -0.687395 -0.761770 -0.864702 -0.912738 -0.965485 -0.993205 0.980236 0.930411 0.790500 0.614675 0.466746 0.097073 -0.183076 -0.246145 -0.411797 -0.534990 -0.684196 -0.764062 -0.845111 -0.899262 -0.955652 -0.987207 
50.410126 3595685.500000 74 86 74 0.513844 0.297451 0.426976 0.973882 0.919216 0.766750 0.628073 0.489548 0.063954 -0.150041 -0.239592 -0.430418 -0.513685 -0.648239 -0.776122 -0.862117 -0.926855 -0.972752 -0.992847 0.975522 0.927680 0.772388 0.627871 0.477784 0.035121 -0.176327 -0.241485 -0.450208 -0.515214 -0.640521 -0.777774 -0.869193 -0.918490 -0.961089 -0.992142 
49.649639 3272957.250000 74 74 54 0.385320 0.709750 0.467604 0.979037 0.920233 0.756557 0.634541 0.479528 0.079447 -0.123875 -0.247404 -0.389133 -0.514364 -0.683641 -0.771776 -0.868197 -0.918585 -0.961173 -0.986667 0.976555 0.914587 0.761502 0.624559 0.480613 0.061948 -0.125824 -0.231558 -0.392981 -0.513857 -0.686224 -0.773707 -0.855353 -0.928716 -0.970404 -0.990360 
41.358433 1290644.750000 56 76 62 0.623721 0.602903 0.368171 0.986505 0.971982 0.853796 0.704056 0.588370 0.273009 0.047015 -0.089577 -0.344889 -0.446547 -0.586667 -0.743385 -0.849253 -0.895928 -0.953844 -0.983160 0.972740 0.931413 0.781366 0.639386 0.510472 0.111829 -0.031725 -0.220833 -0.366725 -0.483811 -0.628934 -0.762628 -0.866155 -0.911334 -0.952648 -0.980113 
55.968052 54102048.000000 44 48 48 0.311894 0.861127 0.937003 0.980788 0.943363 0.908375 0.808555 0.706534 0.652294 0.296880 0.157797 0.022105 -0.261855 -0.404812 -0.545439 -0.629967 -0.832634 -0.938394 -0.977221 0.985401 0.956640 0.917202 0.863298 0.702201 0.654596 0.250296 0.145884 -0.008234 -0.323972 -0.476955 -0.572664 -0.802537 -0.874060 -0.941641 -0.982431 
57.906384 50802012.000000 48 48 48 0.941798 0.982961 0.972009 0.978764 0.937485 0.895280 0.801561 0.712069 0.659224 0.357278 0.171381 0.008847 -0.201438 -0.311580 -0.477642 -0.630437 -0.829587 -0.920212 -0.967168 0.977873 0.939379 0.904559 0.800348 0.716524 0.667505 0.336943 0.173569 0.036955 -0.211923 -0.348095 -0.536580 -0.640041 -0.804150 -0.935586 -0.969649 
57.117191 30974816.000000 48 48 48 0.974238 0.934737 0.955785 0.983086 0.945527 0.885386 0.818725 0.710733 0.681235 0.388392 0.124733 0.011924 -0.207686 -0.291770 -0.434183 -0.618761 -0.791282 -0.914159 -0.971282 0.980953 0.939135 0.887438 0.807871 0.708678 0.662851 0.353547 0.139871 0.013047 -0.220264 -0.303920 -0.441114 -0.629692 -0.789080 -0.917272 -0.967152 
55.598774 11470440.000000 48 48 48 0.935343 0.900235 0.951385 0.985805 0.951038 0.897214 0.817717 0.724552 0.699080 0.472439 0.155436 0.064494 -0.200402 -0.311641 -0.412372 -0.547430 -0.826474 -0.922165 -0.978307 0.983844 0.947711 0.888911 0.818752 0.718848 0.689582 0.445035 0.150527 -0.009199 -0.234551 -0.334986 -0.441238 -0.562343 -0.823821 -0.914329 -0.976970 
55.579453 9908926.000000 48 50 52 0.962326 0.979278 0.971945 0.984316 0.951679 0.903349 0.822567 0.743203 0.695152 0.456940 0.166609 0.062903 -0.136832 -0.264414 -0.347974 -0.478393 -0.803801 -0.926713 -0.968605 0.985563 0.953234 0.899452 0.828985 0.730925 0.700248 0.491062 0.175882 0.077297 -0.121915 -0.256318 -0.424579 -0.527072 -0.811741 -0.929185 -0.980067 
54.557991 4747944.000000 50 52 54 0.920031 0.988979 0.968487 0.982342 0.950701 0.909386 0.836806 0.750610 0.688498 0.511751 0.189157 0.063462 -0.063437 -0.249934 -0.311185 -0.492548 -0.800774 -0.904475 -0.957614 0.983244 0.949984 0.907626 0.828850 0.748411 0.687982 0.458288 0.166463 0.056435 -0.124388 -0.248147 -0.335702 -0.466995 -0.806972 -0.925015 -0.960739 
53.978432 3885505.000000 54 54 56 0.948118 0.951169 0.830392 0.985122 0.954985 0.910663 0.834071 0.747658 0.692517 0.511602 0.202009 0.105867 -0.097485 -0.229131 -0.316197 -0.413371 -0.722628 -0.899516 -0.967761 0.984384 0.954707 0.910591 0.836178 0.751387 0.693793 0.512441 0.201415 0.084298 -0.076512 -0.237176 -0.335426 -0.431524 -0.745907 -0.905211 -0.965085 
54.148544 4818726.000000 56 58 58 0.967940 0.940210 0.957608 0.982191 0.959028 0.901851 0.804101 0.734123 0.683625 0.507255 0.220684 0.109836 -0.038844 -0.234765 -0.318627 -0.413559 -0.707069 -0.882183 -0.969099 0.984167 0.954596 0.906902 0.817554 0.739350 0.691391 0.530863 0.182818 0.103334 -0.074423 -0.229778 -0.316293 -0.425914 -0.726059 -0.894340 -0.973258 
54.603191 5778517.000000 58 60 60 0.965442 0.949276 0.646530 0.982374 0.961170 0.903775 0.796464 0.709262 0.653574 0.520985 0.248741 0.111318 -0.062494 -0.244135 -0.304591 -0.433093 -0.699051 -0.835235 -0.966254 0.982369 0.960058 0.902318 0.795582 0.728045 0.680300 0.514565 0.221407 0.108167 0.000048 -0.219160 -0.301447 -0.463744 -0.695478 -0.864367 -0.964725 
54.364044 8176424.000000 60 60 62 0.866637 0.901421 0.978341 0.984566 0.963615 0.904141 0.776142 0.654094 0.606409 0.498474 0.250496 0.145523 -0.060098 -0.250470 -0.308421 -0.451172 -0.712727 -0.795367 -0.943928 0.984153 0.961661 0.909509 0.778183 0.678330 0.633588 0.492100 0.234957 0.119781 -0.049296 -0.240335 -0.314740 -0.458193 -0.700742 -0.806665 -0.953210 
55.152687 15489707.000000 62 62 62 0.981228 0.987164 0.978506 0.984493 0.965257 0.909943 0.759000 0.615749 0.562223 0.422951 0.238655 0.111302 -0.103248 -0.252301 -0.327695 -0.553422 -0.719566 -0.767077 -0.878789 0.984641 0.964757 0.905816 0.787261 0.632290 0.590560 0.473013 0.248208 0.114643 -0.087629 -0.225873 -0.297785 -0.528889 -0.709504 -0.770200 -0.924590 
55.359913 18980964.000000 62 62 62 0.984837 0.971863 0.959165 0.984448 0.967387 0.915297 0.794586 0.578882 0.483664 0.367906 0.212176 0.075869 -0.182107 -0.297489 -0.375363 -0.538740 -0.703173 -0.746670 -0.828117 0.984560 0.966526 0.914663 0.765065 0.594155 0.525934 0.386761 0.215568 0.107412 -0.160438 -0.270759 -0.351760 -0.550161 -0.711784 -0.756031 -0.849225 
55.121113 18611540.000000 62 62 62 0.969189 0.826421 0.949057 0.985861 0.971214 0.929928 0.768962 0.557933 0.436490 0.318552 0.177633 0.068763 -0.194934 -0.320581 -0.416578 -0.547868 -0.677329 -0.760049 -0.832175 0.985070 0.970762 0.924892 0.792704 0.561675 0.462870 0.353951 0.197542 0.070566 -0.204145 -0.317668 -0.391679 -0.552361 -0.683747 -0.743951 -0.857380 
55.545563 12290256.000000 62 62 64 0.925954 0.962841 0.939942 0.986264 0.975355 0.938943 0.804729 0.569300 0.444318 0.332118 0.172918 0.053539 -0.180968 -0.331459 -0.451885 -0.536513 -0.650528 -0.728873 -0.902271 0.985665 0.973938 0.938762 0.806334 0.563779 0.420574 0.306874 0.146333 0.056275 -0.185402 -0.315529 -0.439105 -0.562117 -0.671871 -0.754333 -0.911708 
51.797215 877588.187500 64 60 62 0.946388 0.679036 0.959590 0.992590 0.982074 0.955666 0.862699 0.669650 0.530511 0.377857 0.220807 0.106812 -0.113747 -0.359796 -0.483359 -0.554005 -0.683459 -0.820692 -0.967531 0.988732 0.978564 0.938833 0.822581 0.619211 0.500739 0.371558 0.202220 0.062884 -0.179383 -0.349063 -0.488829 -0.538340 -0.630738 -0.727092 -0.930021 
51.207794 440526.906250 62 62 62 0.951098 0.939944 0.909916 0.993522 0.983355 0.962246 0.864791 0.676411 0.557882 0.422124 0.215502 0.085573 0.018183 -0.335679 -0.459885 -0.593273 -0.727163 -0.866842 -0.970674 0.993234 0.983249 0.963048 0.854409 0.665036 0.564669 0.426982 0.227261 0.116418 -0.012291 -0.332534 -0.460474 -0.583612 -0.713233 -0.853911 -0.970829 
46.739193 129703.265625 64 64 62 0.939781 0.932740 0.847647 0.994711 0.989107 0.943760 0.843249 0.665129 0.493509 0.428870 0.268833 0.110291 0.045378 -0.276692 -0.460734 -0.557751 -0.759939 -0.885003 -0.975486 0.994139 0.985333 0.955718 0.858743 0.675489 0.532419 0.412073 0.253908 0.090960 0.048618 -0.260581 -0.454686 -0.568771 -0.727076 -0.884948 -0.971881 
44.710777 15561499.000000 64 68 62 0.822633 0.415230 0.479484 0.978215 0.952290 0.888383 0.686909 0.531032 0.460472 0.025734 -0.136068 -0.356701 -0.454764 -0.534085 -0.665516 -0.745720 -0.827969 -0.954828 -0.985434 0.994583 0.988267 0.929920 0.818814 0.621249 0.494403 0.417034 0.238697 0.032164 -0.159376 -0.422541 -0.529124 -0.621444 -0.828661 -0.928993 -0.967934 
42.511448 1364018.125000 62 72 62 0.492014 0.459541 0.571989 0.986077 0.963696 0.871060 0.665908 0.525962 0.441819 0.112015 -0.140048 -0.258967 -0.447440 -0.523317 -0.617408 -0.746676 -0.818194 -0.937453 -0.979237 0.977379 0.960792 0.886859 0.634920 0.526105 0.431946 -0.013566 -0.176945 -0.369007 -0.467105 -0.548837 -0.647063 -0.752089 -0.839638 -0.954703 -0.985632 
28.410318 146987.156250 62 62 62 0.537049 0.666846 0.746465 0.992235 0.975336 0.882946 0.752584 0.568153 0.451949 0.260224 -0.001880 -0.240263 -0.438466 -0.525328 -0.647541 -0.757402 -0.823110 -0.928012 -0.976405 0.990749 0.969154 0.863470 0.704722 0.529962 0.464820 0.213716 -0.105123 -0.261527 -0.442151 -0.518370 -0.645185 -0.755258 -0.845004 -0.933883 -0.977946 
23.609907 68451.812500 62 62 62 0.737996 0.755071 0.536389 0.990925 0.965594 0.874788 0.778373 0.537727 0.411573 0.228049 0.105001 -0.238236 -0.466976 -0.509560 -0.636159 -0.742065 -0.832037 -0.947078 -0.978399 0.992711 0.971454 0.887853 0.766779 0.576458 0.404785 0.234129 0.060444 -0.299831 -0.461972 -0.524576 -0.620519 -0.745225 -0.802598 -0.951275 -0.981221 
20.075497 35196.996094 62 62 64 0.563372 0.727828 0.567670 0.984783 0.955169 0.884487 0.737908 0.567077 0.455659 0.370592 0.102223 -0.161086 -0.345472 -0.508152 -0.599090 -0.737056 -0.773770 -0.926654 -0.977442 0.986787 0.963143 0.884029 0.782840 0.533078 0.451855 0.334828 0.104694 -0.119243 -0.451544 -0.514115 -0.660658 -0.749614 -0.813059 -0.937094 -0.975847 
17.878681 34020.683594 62 66 60 0.514178 0.453309 0.674667 0.987054 0.948049 0.868601 0.743288 0.571006 0.494413 0.277995 0.101488 -0.147638 -0.234748 -0.432016 -0.545457 -0.680295 -0.790306 -0.914114 -0.979283 0.984594 0.946586 0.868907 0.732962 0.566417 0.454726 0.336124 0.106151 -0.178671 -0.311861 -0.494847 -0.571191 -0.722431 -0.772443 -0.916833 -0.981293 
19.374880 31894.669922 60 62 68 0.462366 0.662076 0.470282 0.975190 0.939083 0.829240 0.703318 0.596206 0.469603 0.280701 0.042335 -0.103119 -0.205737 -0.287885 -0.480731 -0.630356 -0.753744 -0.899804 -0.972905 0.983961 0.945530 0.864064 0.728255 0.562205 0.480771 0.249801 0.064823 -0.116663 -0.202525 -0.314392 -0.509717 -0.653577 -0.812432 -0.914693 -0.974805 
20.029142 38522.410156 66 66 76 0.350629 0.480532 0.438441 0.973365 0.928591 0.842303 0.682763 0.571469 0.464080 0.268385 0.043423 -0.143854 -0.237395 -0.312136 -0.430794 -0.674217 -0.793416 -0.933589 -0.991300 0.972020 0.951219 0.842359 0.696309 0.588617 0.453229 0.268668 0.037451 -0.085736 -0.221575 -0.279799 -0.469814 -0.650177 -0.751244 -0.895930 -0.979423 
24.025286 65520.714844 144 148 148 0.390394 0.504664 0.721206 0.969411 0.929117 0.857934 0.649180 0.552430 0.436920 0.215258 -0.007467 -0.121776 -0.221560 -0.297406 -0.387465 -0.640534 -0.774617 -0.947904 -0.994638 0.965977 0.925600 0.831427 0.656774 0.549499 0.424803 0.237965 -0.000069 -0.139868 -0.242816 -0.329465 -0.388413 -0.659277 -0.785132 -0.967196 -0.992832 
24.799152 84933.179688 148 70 72 0.697298 0.579007 0.403710 0.975800 0.934416 0.804371 0.651022 0.502819 0.416122 0.247001 0.033614 -0.142998 -0.209513 -0.309786 -0.390098 -0.586595 -0.761939 -0.958347 -0.991051 0.978423 0.945766 0.865180 0.659576 0.534041 0.437059 0.223451 -0.010618 -0.095778 -0.218073 -0.297828 -0.406495 -0.608069 -0.756591 -0.930179 -0.989893 
26.420240 85728.125000 72 38 130 0.469664 0.468272 0.269542 0.965921 0.914197 0.830201 0.638456 0.532203 0.451143 0.225732 0.015116 -0.112743 -0.227596 -0.285946 -0.391450 -0.604887 -0.777488 -0.899920 -0.993782 0.967683 0.920525 0.810182 0.621633 0.521052 0.434784 0.288783 0.050411 -0.135138 -0.222072 -0.282668 -0.380861 -0.618108 -0.775113 -0.944723 -0.992355 
26.478579 89941.500000 148 74 148 0.487273 0.509439 0.477639 0.963627 0.919074 0.840154 0.616255 0.538373 0.481533 0.292052 0.041566 -0.099889 -0.210407 -0.261802 -0.369402 -0.629454 -0.824072 -0.900478 -0.993237 0.959759 0.915462 0.838608 0.641384 0.531717 0.469662 0.251686 0.033329 -0.102280 -0.210012 -0.288705 -0.354777 -0.579529 -0.791289 -0.900075 -0.994772 
25.359707 49875.285156 140 132 148 0.302732 0.416158 0.525064 0.977424 0.930770 0.839834 0.655924 0.551094 0.438499 0.351769 0.051519 -0.112513 -0.181758 -0.270475 -0.366780 -0.620073 -0.755738 -0.879703 -0.971792 0.973891 0.916126 0.836931 0.618200 0.541299 0.454009 0.344875 0.036296 -0.113119 -0.192029 -0.262542 -0.378617 -0.618697 -0.809781 -0.894159 -0.987691 
23.976116 43981.976562 44 70 66 0.520760 0.500994 0.444744 0.972499 0.931375 0.858922 0.641000 0.534531 0.453850 0.352544 0.061393 -0.115370 -0.204253 -0.267639 -0.354311 -0.599368 -0.764628 -0.903172 -0.970677 0.971712 0.936480 0.834429 0.656366 0.533604 0.436030 0.344389 0.023094 -0.108632 -0.184506 -0.279880 -0.342419 -0.625737 -0.736127 -0.889096 -0.969808 
20.445656 18964.474609 66 74 104 0.392274 0.503934 0.461771 0.973789 0.931073 0.887845 0.712398 0.546410 0.431343 0.334615 0.097583 -0.139860 -0.213332 -0.295746 -0.388234 -0.587352 -0.803585 -0.903846 -0.968219 0.975085 0.929571 0.872616 0.669346 0.535708 0.437811 0.327470 0.071714 -0.154516 -0.221612 -0.288963 -0.378035 -0.588040 -0.780650 -0.896350 -0.973199 
17.128622 12301.695312 102 74 152 0.441902 0.468289 0.317590 0.970930 0.919270 0.895285 0.760860 0.564988 0.464363 0.331622 0.206414 -0.064855 -0.204321 -0.309583 -0.430663 -0.665934 -0.810072 -0.903982 -0.966188 0.972172 0.915673 0.882350 0.708343 0.545574 0.448261 0.322464 0.159526 -0.101123 -0.207004 -0.310806 -0.395579 -0.608177 -0.802088 -0.903682 -0.959819 
17.633335 7805.555664 152 130 72 0.383295 0.382398 0.384958 0.971660 0.919257 0.904595 0.801717 0.602964 0.498450 0.323943 0.170874 -0.021508 -0.213753 -0.304418 -0.522807 -0.708616 -0.798268 -0.905311 -0.976150 0.972492 0.924023 0.896214 0.819425 0.589216 0.487022 0.335665 0.185517 -0.040437 -0.207889 -0.299640 -0.494501 -0.688289 -0.815861 -0.902396 -0.977107 
11.334735 2807.548340 72 94 60 0.483711 0.510337 0.654507 0.980789 0.929879 0.876460 0.803049 0.592250 0.478858 0.336899 0.158767 -0.086715 -0.257724 -0.431215 -0.565653 -0.759492 -0.850008 -0.900374 -0.976061 0.980078 0.908580 0.890921 0.790183 0.588610 0.505130 0.324903 0.180347 -0.021153 -0.241169 -0.364896 -0.559617 -0.716507 -0.830765 -0.903939 -0.975333 
6.401039 1842.709351 60 56 62 0.636293 0.354325 0.569409 0.983847 0.938822 0.870766 0.794875 0.618866 0.481289 0.284591 0.090015 -0.105154 -0.262533 -0.415805 -0.596129 -0.735556 -0.836656 -0.937121 -0.983147 0.983231 0.945257 0.872480 0.782766 0.636637 0.479363 0.331253 0.104741 -0.102467 -0.251812 -0.435783 -0.598940 -0.737257 -0.850330 -0.919618 -0.976355 
24.159164 9592.543945 196 98 38 0.433020 0.449162 0.476102 0.985177 0.963047 0.930959 0.895821 0.642025 0.596699 0.497070 0.257773 0.089093 -0.140783 -0.356931 -0.528606 -0.693454 -0.820265 -0.933582 -0.977654 0.982718 0.945471 0.874977 0.770239 0.630003 0.491176 0.287982 0.112787 -0.109283 -0.266352 -0.429365 -0.607771 -0.723508 -0.845033 -0.941585 -0.985172 
44.072731 1251074.500000 44 46 44 0.710680 0.562881 0.582337 0.975978 0.936764 0.907302 0.832431 0.604994 0.565411 0.424210 0.290103 0.147502 -0.087155 -0.276245 -0.355096 -0.584420 -0.742891 -0.829876 -0.918108 0.983934 0.954212 0.924783 0.899122 0.641095 0.577242 0.515192 0.359329 0.230593 0.063504 -0.183759 -0.362409 -0.577115 -0.770575 -0.888081 -0.965944 
57.046394 39065292.000000 72 56 54 0.577220 0.557448 0.973524 0.964068 0.923846 0.895800 0.804873 0.618115 0.581960 0.369398 0.279519 0.107827 -0.128680 -0.284716 -0.356369 -0.574192 -0.711476 -0.804784 -0.869218 0.971134 0.928623 0.900961 0.804135 0.607843 0.563817 0.357911 0.261898 0.086626 -0.135047 -0.294559 -0.361775 -0.606086 -0.737341 -0.820309 -0.874239 
63.008957 119494016.000000 54 54 54 0.968250 0.978054 0.994791 0.960477 0.918860 0.890261 0.795667 0.630465 0.581614 0.374416 0.284149 0.143767 -0.143121 -0.264239 -0.346955 -0.578936 -0.718008 -0.792239 -0.862687 0.961240 0.921692 0.892113 0.800160 0.624019 0.583288 0.373885 0.284298 0.119806 -0.140416 -0.276362 -0.379444 -0.577173 -0.718308 -0.789245 -0.867606 
64.641701 113517360.000000 54 54 54 0.994852 0.952976 0.958863 0.965506 0.910794 0.889542 0.806257 0.634401 0.573081 0.397269 0.295767 0.122203 -0.148445 -0.226705 -0.328039 -0.555204 -0.715523 -0.773355 -0.899564 0.960731 0.917224 0.890789 0.802586 0.631259 0.581118 0.372298 0.279168 0.135760 -0.126488 -0.244469 -0.323250 -0.563431 -0.707995 -0.790065 -0.884669 
65.296227 99357232.000000 54 54 52 0.922794 0.924015 0.960613 0.962370 0.925830 0.895147 0.825352 0.653820 0.583515 0.435875 0.300087 0.176362 -0.097893 -0.216608 -0.331208 -0.551136 -0.677727 -0.762684 -0.943834 0.963512 0.920101 0.892470 0.814983 0.644879 0.579643 0.419217 0.298638 0.158597 -0.110271 -0.215623 -0.333426 -0.545078 -0.700516 -0.756028 -0.930833 
65.233986 57325568.000000 52 52 52 0.962042 0.988124 0.959724 0.968537 0.931821 0.896255 0.862790 0.675405 0.582271 0.444581 0.286338 0.200423 -0.074494 -0.189145 -0.306201 -0.520169 -0.671672 -0.794141 -0.959489 0.965748 0.929279 0.897582 0.845054 0.656026 0.574710 0.432557 0.299371 0.193364 -0.070137 -0.202218 -0.315232 -0.519539 -0.667090 -0.764287 -0.955596 
62.771549 13102933.000000 52 50 50 0.976280 0.954277 0.834075 0.980505 0.949082 0.895365 0.871136 0.731636 0.620297 0.477863 0.300815 0.224964 -0.123234 -0.204738 -0.330426 -0.534203 -0.740276 -0.838741 -0.965346 0.972893 0.937667 0.894103 0.870724 0.716081 0.611005 0.470434 0.298418 0.225802 -0.070387 -0.198178 -0.302292 -0.530976 -0.690184 -0.805659 -0.965412 
48.966713 7088354.000000 50 52 52 0.823063 0.612832 0.615190 0.971208 0.918251 0.878718 0.778547 0.657098 0.564482 0.357886 0.235141 -0.032081 -0.237082 -0.398291 -0.546968 -0.723657 -0.812991 -0.942391 -0.986580 0.983144 0.952822 0.888429 0.849949 0.672076 0.599678 0.404541 0.287402 0.053206 -0.175064 -0.290814 -0.472497 -0.658309 -0.812116 -0.926018 -0.980786 
44.794712 12495798.000000 50 52 52 0.539030 0.729690 0.706200 0.967929 0.922277 0.880544 0.730825 0.626621 0.536345 0.336053 0.142649 -0.105998 -0.285951 -0.473797 -0.581553 -0.718934 -0.799968 -0.927092 -0.984001 0.969243 0.918638 0.878986 0.757148 0.652402 0.562221 0.383474 0.228180 -0.048858 -0.254042 -0.417829 -0.593891 -0.697417 -0.800495 -0.924753 -0.985175 
45.544891 15918330.000000 52 52 52 0.779194 0.771667 0.783432 0.960421 0.919903 0.878805 0.707264 0.577081 0.470427 0.310602 0.126082 -0.176851 -0.255841 -0.408822 -0.585137 -0.725238 -0.817689 -0.933438 -0.988158 0.952461 0.930650 0.877475 0.708459 0.606552 0.451518 0.293634 0.075553 -0.181302 -0.286392 -0.467275 -0.586274 -0.738052 -0.808129 -0.927133 -0.981962 
40.601479 1327765.000000 52 52 52 0.625112 0.670920 0.547792 0.984779 0.918207 0.876229 0.798410 0.656746 0.607476 0.410160 0.264740 0.069922 -0.243796 -0.372927 -0.558150 -0.747459 -0.826660 -0.930735 -0.984138 0.974507 0.920181 0.886698 0.765630 0.642668 0.571351 0.377328 0.228185 -0.043400 -0.243513 -0.345329 -0.549496 -0.723648 -0.830584 -0.934330 -0.984929 
43.222446 21099060.000000 50 96 94 0.704928 0.423394 0.548426 0.929242 0.891819 0.837386 0.614404 0.515970 0.373653 0.266193 0.006691 -0.164866 -0.252709 -0.487264 -0.625904 -0.731610 -0.816329 -0.919972 -0.980902 0.969549 0.898100 0.860895 0.733312 0.591937 0.464185 0.363706 0.208995 -0.075797 -0.224620 -0.379046 -0.591790 -0.722024 -0.845968 -0.927832 -0.986402 
47.368164 15268134.000000 54 52 50 0.474341 0.682554 0.758093 0.984042 0.964568 0.912442 0.716553 0.599311 0.522424 0.397318 0.167730 -0.089920 -0.199067 -0.408226 -0.574521 -0.701414 -0.809373 -0.938439 -0.990820 0.942746 0.904330 0.825583 0.653826 0.524714 0.354412 0.235974 -0.040879 -0.167981 -0.292413 -0.480673 -0.631180 -0.744219 -0.827447 -0.943327 -0.989262 
58.798447 19811368.000000 50 52 54 0.722868 0.969648 0.947612 0.978395 0.966826 0.933558 0.760966 0.615374 0.586069 0.474950 0.381500 -0.040991 -0.147640 -0.243273 -0.567208 -0.660436 -0.720561 -0.843927 -0.958526 0.977917 0.965994 0.930167 0.730998 0.614486 0.556103 0.462106 0.343144 -0.055888 -0.143995 -0.255227 -0.577783 -0.655952 -0.741717 -0.890716 -0.972546 
56.884785 6564560.000000 54 56 58 0.977828 0.955199 0.955637 0.984427 0.969401 0.931406 0.806489 0.636674 0.615636 0.519620 0.414757 -0.037958 -0.164315 -0.261214 -0.536674 -0.657230 -0.700523 -0.787028 -0.972915 0.981011 0.967362 0.930380 0.778714 0.624831 0.604936 0.499020 0.405053 -0.059562 -0.153273 -0.269973 -0.543889 -0.639181 -0.703932 -0.807810 -0.967794 
49.916416 1238135.250000 58 60 62 0.940973 0.881916 0.692327 0.990964 0.975840 0.931957 0.779993 0.649880 0.577246 0.456668 0.362668 -0.009196 -0.192500 -0.281351 -0.483247 -0.655043 -0.734293 -0.848517 -0.988403 0.987614 0.973769 0.935998 0.815497 0.648993 0.612545 0.505600 0.414205 0.030031 -0.178402 -0.252172 -0.552531 -0.667130 -0.716255 -0.831315 -0.982217 
43.694096 2114386.750000 64 70 72 0.715658 0.657565 0.689743 0.992770 0.971807 0.902735 0.682937 0.572303 0.511531 0.381397 0.263788 -0.029674 -0.226267 -0.303957 -0.502636 -0.679613 -0.740163 -0.892925 -0.992391 0.992344 0.977301 0.908053 0.737832 0.581688 0.520013 0.418620 0.303741 0.020486 -0.209930 -0.278194 -0.472410 -0.671872 -0.733971 -0.871932 -0.989115 
41.004799 2763390.750000 68 226 68 0.750411 0.709015 0.811561 0.992862 0.969427 0.879203 0.688525 0.564370 0.446873 0.352492 0.223700 -0.097435 -0.266754 -0.374326 -0.529490 -0.670145 -0.734100 -0.843912 -0.988741 0.991626 0.961433 0.890701 0.664201 0.564787 0.477465 0.373606 0.223710 -0.072101 -0.249596 -0.352203 -0.497857 -0.663806 -0.731554 -0.861680 -0.991240 
45.157570 1838526.750000 68 70 58 0.799840 0.823598 0.918608 0.992713 0.980945 0.937321 0.781074 0.588193 0.470032 0.317843 0.218730 0.035768 -0.255013 -0.365759 -0.528884 -0.650851 -0.730954 -0.801493 -0.983397 0.994041 0.981850 0.897700 0.699529 0.569226 0.436292 0.310544 0.223661 -0.039859 -0.286556 -0.397169 -0.529681 -0.669326 -0.736895 -0.847484 -0.990661 
52.957863 6826117.500000 58 58 56 0.866574 0.972103 0.984281 0.988926 0.975677 0.952456 0.839625 0.556269 0.483810 0.332872 0.175813 -0.013972 -0.267835 -0.341471 -0.503771 -0.623766 -0.696288 -0.758718 -0.837991 0.991086 0.978844 0.950125 0.866389 0.592811 0.495179 0.346235 0.212534 0.020597 -0.280136 -0.353927 -0.491529 -0.632771 -0.730588 -0.791178 -0.913765 
57.675735 38178468.000000 56 56 56 0.989034 0.982643 0.994451 0.982337 0.971555 0.946064 0.725562 0.528319 0.477450 0.279301 0.161832 -0.031772 -0.255008 -0.372605 -0.485569 -0.612422 -0.693711 -0.752822 -0.803381 0.985528 0.972511 0.949452 0.783971 0.531811 0.483918 0.291445 0.180849 -0.053447 -0.257699 -0.347840 -0.483414 -0.621756 -0.686113 -0.752601 -0.795525 
58.993896 34283532.000000 56 56 58 0.993072 0.991610 0.986957 0.980996 0.973288 0.944536 0.706967 0.558846 0.524982 0.259631 0.133855 -0.023485 -0.272862 -0.401464 -0.501446 -0.614414 -0.677446 -0.745380 -0.797699 0.980950 0.972309 0.944433 0.697305 0.541503 0.489791 0.272361 0.146339 -0.009470 -0.258040 -0.375489 -0.491655 -0.612960 -0.677255 -0.748881 -0.794846 
57.095646 14164831.000000 58 58 58 0.974850 0.983136 0.900472 0.984983 0.976339 0.953780 0.696158 0.579988 0.536603 0.303616 0.105666 -0.000477 -0.319225 -0.446892 -0.530617 -0.593584 -0.676740 -0.729562 -0.904988 0.981812 0.974605 0.944871 0.700182 0.575694 0.530952 0.252855 0.128041 -0.008037 -0.286472 -0.410772 -0.512099 -0.609578 -0.679969 -0.745294 -0.791961 
50.865273 18290744.000000 58 62 62 0.906593 0.701673 0.844942 0.987096 0.978107 0.938971 0.653559 0.591236 0.455481 0.147670 -0.076193 -0.318779 -0.460633 -0.602341 -0.692447 -0.791262 -0.866576 -0.948979 -0.988402 0.986529 0.978842 0.945307 0.688278 0.590113 0.523508 0.235800 0.085376 -0.173136 -0.434656 -0.525382 -0.619703 -0.718529 -0.787131 -0.865305 -0.960644 
50.339500 14476608.000000 64 58 60 0.837771 0.577281 0.719110 0.984062 0.967290 0.800647 0.593222 0.519723 0.281787 0.008822 -0.292859 -0.419125 -0.501409 -0.625974 -0.730348 -0.809743 -0.868031 -0.942844 -0.991104 0.986207 0.976333 0.892738 0.616972 0.569292 0.314720 0.049454 -0.197016 -0.355972 -0.504570 -0.629229 -0.722110 -0.805586 -0.885963 -0.952389 -0.990650 
58.134125 41409996.000000 60 58 60 0.732496 0.760711 0.727229 0.978391 0.961131 0.721610 0.587277 0.454815 0.011277 -0.169913 -0.253801 -0.353802 -0.424680 -0.487075 -0.629762 -0.749054 -0.829359 -0.948712 -0.984970 0.982374 0.966896 0.764098 0.573830 0.500252 0.232831 -0.081145 -0.343465 -0.412513 -0.471537 -0.600775 -0.707029 -0.782778 -0.856070 -0.931505 -0.986471 
58.770515 14540504.000000 58 60 56 0.811257 0.842042 0.470837 0.980602 0.956956 0.684107 0.577314 0.375298 0.097380 -0.110980 -0.167774 -0.237159 -0.327502 -0.406491 -0.581873 -0.754279 -0.824074 -0.926405 -0.986541 0.980652 0.960226 0.721265 0.601558 0.364738 0.010249 -0.141611 -0.199814 -0.277680 -0.356033 -0.420620 -0.513673 -0.748083 -0.821972 -0.940368 -0.983674 
39.776646 2564487.500000 56 58 56 0.770118 0.670402 0.728410 0.980611 0.940768 0.669013 0.641144 0.456231 0.354904 0.171832 -0.105679 -0.208168 -0.348284 -0.437005 -0.610116 -0.750317 -0.831952 -0.937599 -0.978356 0.979193 0.940572 0.660892 0.613570 0.414866 0.324839 0.059889 -0.132327 -0.189188 -0.317772 -0.456472 -0.620318 -0.753043 -0.822451 -0.929323 -0.984073 
39.545830 1396204.375000 52 50 56 0.621836 0.611054 0.829828 0.991028 0.978635 0.956207 0.777335 0.581859 0.428850 0.115083 -0.135427 -0.234938 -0.356467 -0.412290 -0.549535 -0.743460 -0.836605 -0.924605 -0.966957 0.984194 0.962635 0.733575 0.650982 0.536422 0.346514 0.127751 -0.147467 -0.235951 -0.363798 -0.423681 -0.618733 -0.759080 -0.837294 -0.933223 -0.969674 
48.327728 1934836.875000 54 56 56 0.812068 0.973318 0.990409 0.985879 0.975731 0.960481 0.810174 0.705368 0.553426 0.422795 -0.102920 -0.192339 -0.335810 -0.432077 -0.493509 -0.714836 -0.818914 -0.912987 -0.975968 0.989077 0.976879 0.962557 0.820846 0.604870 0.468688 0.227305 -0.125850 -0.188275 -0.330057 -0.429734 -0.522116 -0.715116 -0.812210 -0.917711 -0.969138 
54.209511 2912257.750000 56 56 54 0.975189 0.990345 0.982988 0.981968 0.972368 0.959129 0.788254 0.710022 0.590900 0.520479 0.276144 -0.179216 -0.244236 -0.389253 -0.455403 -0.716473 -0.825248 -0.910483 -0.963798 0.984239 0.974164 0.961508 0.806961 0.727033 0.566527 0.502219 0.022321 -0.193250 -0.300891 -0.419385 -0.486048 -0.745269 -0.831339 -0.904734 -0.963758 
56.927990 4407899.000000 54 54 52 0.989224 0.964293 0.958257 0.981332 0.971402 0.958298 0.740192 0.659557 0.595197 0.495194 0.418892 -0.099278 -0.193443 -0.327366 -0.428311 -0.566207 -0.745122 -0.892928 -0.953388 0.981333 0.971434 0.959132 0.759603 0.674561 0.598858 0.499215 0.395271 -0.141391 -0.237755 -0.373683 -0.448239 -0.646652 -0.791532 -0.913589 -0.962665 
54.047073 4523147.500000 54 54 56 0.935230 0.960957 0.813966 0.986911 0.975191 0.954805 0.634852 0.597638 0.515995 0.416849 0.270558 -0.067633 -0.214104 -0.353393 -0.511028 -0.640152 -0.729600 -0.917307 -0.987167 0.983885 0.971855 0.960007 0.707936 0.619851 0.560891 0.472872 0.378721 -0.065965 -0.172031 -0.284319 -0.483809 -0.614464 -0.698202 -0.856847 -0.952181 
37.207970 192098.140625 60 62 54 0.821986 0.517304 0.887961 0.986591 0.973913 0.886381 0.674391 0.603776 0.527569 0.413954 0.275878 -0.113652 -0.280511 -0.382528 -0.438516 -0.564412 -0.809557 -0.909396 -0.982099 0.989795 0.978017 0.920553 0.638812 0.599695 0.508158 0.386305 0.234794 -0.084966 -0.241443 -0.388264 -0.507356 -0.649609 -0.768579 -0.951558 -0.989622 
30.260878 83959.171875 54 54 54 0.919460 0.868718 0.846171 0.984639 0.971964 0.847687 0.690253 0.660073 0.497192 0.455009 0.264201 -0.142097 -0.232995 -0.353305 -0.432413 -0.559871 -0.793909 -0.897300 -0.956720 0.982259 0.971398 0.855410 0.694794 0.648769 0.495410 0.457590 0.233775 -0.138417 -0.247594 -0.375286 -0.440711 -0.525362 -0.795469 -0.895561 -0.960094 
27.210243 23191.794922 54 60 58 0.627141 0.593454 0.465877 0.985548 0.973347 0.922354 0.704678 0.629057 0.541485 0.447086 0.258839 -0.021875 -0.252534 -0.371837 -0.489593 -0.659869 -0.811390 -0.901066 -0.974646 0.982685 0.972310 0.905473 0.688134 0.636674 0.520715 0.460285 0.308643 -0.089639 -0.268542 -0.363677 -0.438648 -0.573609 -0.813269 -0.883323 -0.960850 
49.610588 34726596.000000 58 94 52 0.564529 0.579422 0.769918 0.963221 0.926042 0.714506 0.608201 0.364869 0.156045 0.004612 -0.154679 -0.264229 -0.330491 -0.539750 -0.628499 -0.757535 -0.834240 -0.965903 -0.989276 0.966430 0.925184 0.734026 0.651459 0.459251 0.284791 0.081086 -0.038755 -0.178742 -0.276021 -0.429144 -0.604873 -0.715406 -0.789423 -0.935097 -0.983270 
51.536976 14029369.000000 54 58 54 0.757775 0.405738 0.860014 0.971299 0.946339 0.640953 0.557453 0.272350 0.151791 0.079624 -0.128107 -0.255400 -0.319456 -0.501283 -0.645049 -0.759910 -0.846499 -0.957777 -0.986486 0.968720 0.929528 0.650424 0.525074 0.221802 0.123983 -0.004099 -0.222737 -0.273975 -0.368897 -0.553010 -0.652858 -0.765276 -0.874358 -0.967504 -0.989926 
39.371498 1985703.000000 80 78 80 0.796308 0.728304 0.529359 0.971675 0.948156 0.634910 0.589647 0.452521 0.251557 0.140349 -0.037592 -0.225036 -0.318994 -0.486616 -0.627837 -0.745157 -0.839813 -0.937621 -0.983638 0.969777 0.950292 0.640378 0.587135 0.359805 0.178825 0.106244 -0.056526 -0.235903 -0.323399 -0.505117 -0.646888 -0.765767 -0.843998 -0.947884 -0.990956 
41.436516 2137443.750000 80 46 56 0.606747 0.358787 0.884953 0.990588 0.971082 0.926280 0.804335 0.634743 0.570248 0.343395 0.142541 -0.034828 -0.266336 -0.390477 -0.567874 -0.716046 -0.851792 -0.951134 -0.988678 0.980859 0.946049 0.670614 0.598714 0.497889 0.336455 0.162992 0.007266 -0.183484 -0.297791 -0.443538 -0.606861 -0.734993 -0.848672 -0.942249 -0.989670 
52.986378 7244270.000000 56 62 70 0.801559 0.831071 0.783592 0.987278 0.959687 0.924096 0.803715 0.678705 0.618821 0.544178 0.310369 -0.010860 -0.096169 -0.305048 -0.558773 -0.694802 -0.735861 -0.926120 -0.975920 0.989068 0.964204 0.925110 0.816649 0.679942 0.618307 0.517743 0.308997 0.014485 -0.130716 -0.314210 -0.518047 -0.690223 -0.785079 -0.937498 -0.979267 
54.099678 4756875.000000 70 76 78 0.806700 0.926518 0.935482 0.981591 0.960448 0.922659 0.795100 0.702168 0.639940 0.570431 0.435678 -0.011321 -0.061015 -0.318675 -0.544806 -0.696459 -0.721628 -0.890634 -0.975853 0.983559 0.961057 0.925769 0.789559 0.697372 0.622899 0.557171 0.370498 -0.009557 -0.048679 -0.330734 -0.568896 -0.687025 -0.723086 -0.901252 -0.977228 
52.736660 2366660.750000 78 80 82 0.933727 0.966831 0.970971 0.986641 0.962391 0.925348 0.796685 0.711546 0.643408 0.590282 0.407442 0.018363 -0.083534 -0.229033 -0.433359 -0.696646 -0.722940 -0.846900 -0.968058 0.983137 0.960584 0.924308 0.788684 0.709984 0.647924 0.584114 0.376185 -0.019690 -0.076543 -0.269306 -0.469086 -0.696755 -0.720715 -0.875711 -0.970540 
51.883209 1274767.750000 82 82 84 0.975321 0.903091 0.979531 0.987100 0.964848 0.922415 0.818048 0.716288 0.653710 0.607145 0.473729 0.026691 -0.053072 -0.174856 -0.379251 -0.664267 -0.730821 -0.889498 -0.971579 0.987166 0.964860 0.921427 0.813276 0.722344 0.648516 0.602319 0.509608 0.016795 -0.070986 -0.175882 -0.429755 -0.671670 -0.720189 -0.854455 -0.962647 
51.354126 655565.125000 84 86 84 0.983054 0.951687 0.912312 0.986986 0.968865 0.934774 0.822534 0.724763 0.669016 0.613910 0.534436 0.017375 -0.053430 -0.150361 -0.416259 -0.639930 -0.752578 -0.898689 -0.970370 0.987027 0.967790 0.930200 0.826201 0.715831 0.669296 0.604779 0.505938 0.033724 -0.038483 -0.156129 -0.387918 -0.651799 -0.719631 -0.890162 -0.969864 
51.365746 467232.968750 86 86 86 0.928797 0.935770 0.972594 0.987089 0.971069 0.933035 0.835658 0.722046 0.678617 0.614464 0.544621 0.059772 -0.004875 -0.105880 -0.382602 -0.607227 -0.769929 -0.910326 -0.974858 0.986546 0.969425 0.933340 0.828265 0.725373 0.672509 0.613159 0.527203 0.041851 -0.027565 -0.120285 -0.356848 -0.621741 -0.756123 -0.905410 -0.971904 
49.572098 241705.687500 86 86 86 0.963505 0.924445 0.784911 0.988766 0.975993 0.937172 0.837578 0.722675 0.687715 0.639488 0.409504 0.051372 0.001585 -0.220619 -0.390977 -0.663374 -0.783953 -0.911725 -0.972125 0.988544 0.973430 0.934559 0.842580 0.728458 0.689458 0.625733 0.564664 0.072269 -0.009909 -0.169021 -0.417241 -0.610568 -0.784891 -0.913113 -0.974195 
45.215946 97749.523438 86 86 84 0.612736 0.508103 0.946697 0.992376 0.978585 0.955857 0.836345 0.745237 0.692246 0.623033 0.322250 0.104086 -0.059314 -0.326248 -0.444193 -0.706291 -0.812053 -0.923106 -0.976765 0.990720 0.980244 0.946251 0.795531 0.731705 0.682007 0.627008 0.354046 0.070128 -0.009147 -0.289414 -0.426626 -0.702800 -0.793833 -0.923535 -0.978313 
46.504253 87650.273438 84 84 84 0.950216 0.928627 0.936905 0.992335 0.979134 0.961601 0.864491 0.748457 0.681062 0.619009 0.318692 0.095788 -0.097158 -0.335094 -0.423610 -0.679913 -0.808823 -0.906787 -0.972704 0.992075 0.978825 0.960373 0.850366 0.760474 0.687028 0.608032 0.314042 0.095225 -0.072105 -0.323688 -0.443854 -0.683693 -0.808080 -0.915042 -0.973130 
45.736252 79361.273438 84 84 84 0.940697 0.869308 0.758341 0.994527 0.980260 0.961202 0.870345 0.749387 0.664417 0.586759 0.316306 0.044828 -0.148288 -0.338698 -0.453115 -0.643818 -0.806146 -0.916243 -0.979483 0.993691 0.980109 0.962159 0.867752 0.755675 0.685495 0.608056 0.316486 0.073695 -0.129892 -0.341918 -0.419965 -0.668959 -0.808367 -0.907219 -0.978059 
41.682724 51586.324219 84 84 86 0.761751 0.750056 0.669097 0.995687 0.986862 0.932890 0.831995 0.684816 0.647115 0.477126 0.189760 -0.045674 -0.239421 -0.385484 -0.529353 -0.682516 -0.796806 -0.934130 -0.989864 0.994758 0.982927 0.961653 0.848615 0.720017 0.650143 0.581776 0.255277 0.008054 -0.189455 -0.356277 -0.491692 -0.636508 -0.792784 -0.919197 -0.984314 
29.379940 36514.890625 84 212 82 0.696791 0.407285 0.558950 0.986655 0.971897 0.927850 0.748203 0.687805 0.588246 0.358684 0.081040 -0.142144 -0.252292 -0.386635 -0.542349 -0.687516 -0.805713 -0.965204 -0.988023 0.993748 0.975995 0.935309 0.781496 0.685655 0.639284 0.416463 0.135094 -0.113951 -0.254732 -0.377573 -0.563536 -0.695012 -0.803776 -0.955679 -0.986404 
22.931297 86697.273438 82 214 74 0.643962 0.428336 0.587273 0.985993 0.958048 0.839216 0.696798 0.634001 0.465515 0.196877 0.030128 -0.130636 -0.294513 -0.471266 -0.627039 -0.716607 -0.831316 -0.973629 -0.995763 0.989156 0.973982 0.901234 0.724539 0.672287 0.527638 0.284584 0.040476 -0.124474 -0.253763 -0.419629 -0.546256 -0.672435 -0.820066 -0.967459 -0.992183 
32.742958 2357467.500000 76 80 74 0.514840 0.545639 0.502081 0.965512 0.886438 0.752891 0.703907 0.538157 0.355791 0.204483 0.027928 -0.202775 -0.318859 -0.494394 -0.619748 -0.718204 -0.803946 -0.960798 -0.992528 0.979962 0.925512 0.782578 0.685943 0.556165 0.366361 0.196248 0.000860 -0.205584 -0.367886 -0.553624 -0.664309 -0.734434 -0.845921 -0.965898 -0.995044 
45.579475 1263348.625000 74 68 64 0.438641 0.549263 0.728552 0.987592 0.963477 0.927177 0.880196 0.741615 0.605675 0.489033 0.247145 -0.023133 -0.139205 -0.365748 -0.532409 -0.669986 -0.774135 -0.912171 -0.983386 0.980293 0.910903 0.770045 0.713355 0.610127 0.428990 0.241522 0.077906 -0.140414 -0.286074 -0.437792 -0.566001 -0.697527 -0.786129 -0.943377 -0.990133 
56.356544 4761593.000000 64 68 68 0.702683 0.957740 0.953229 0.981442 0.959429 0.919504 0.881529 0.798348 0.601493 0.419200 0.310986 0.018218 -0.088397 -0.153687 -0.493178 -0.678187 -0.720892 -0.791242 -0.961821 0.982696 0.959085 0.923431 0.882608 0.767314 0.647179 0.501735 0.267942 0.003131 -0.093876 -0.190993 -0.515961 -0.675087 -0.716714 -0.831500 -0.973474 
55.226257 1376922.250000 68 70 68 0.971689 0.934669 0.704621 0.983547 0.966780 0.929976 0.882521 0.810959 0.635052 0.363551 0.273884 0.037712 -0.095327 -0.136209 -0.348879 -0.660124 -0.725300 -0.822674 -0.966115 0.981440 0.962395 0.922999 0.884705 0.813059 0.601617 0.368971 0.274356 0.062061 -0.071519 -0.119550 -0.397097 -0.684407 -0.733770 -0.801099 -0.963472 
49.710808 405923.343750 76 68 68 0.397031 0.858072 0.963673 0.990115 0.982044 0.940461 0.845372 0.797247 0.692577 0.461713 0.176712 -0.064920 -0.174447 -0.226869 -0.299346 -0.584289 -0.718933 -0.848920 -0.966097 0.989208 0.979569 0.934235 0.857631 0.799267 0.664096 0.406971 0.204635 -0.022875 -0.133047 -0.198538 -0.312880 -0.619924 -0.717354 -0.843540 -0.965861 
50.628456 483629.187500 68 66 66 0.966196 0.952298 0.970576 0.991069 0.982578 0.944553 0.855173 0.794916 0.717315 0.399201 0.033694 -0.056941 -0.199809 -0.279901 -0.359115 -0.445123 -0.683051 -0.856240 -0.966612 0.990295 0.981721 0.940580 0.851291 0.803126 0.707524 0.394253 0.115171 -0.088695 -0.178578 -0.250152 -0.328603 -0.495101 -0.705851 -0.859976 -0.965806 
50.716457 504959.750000 66 66 66 0.984892 0.803791 0.933343 0.990575 0.981295 0.950965 0.844137 0.789296 0.726480 0.376210 -0.001027 -0.042280 -0.199534 -0.321746 -0.391040 -0.491757 -0.626646 -0.856950 -0.970268 0.990719 0.981824 0.949212 0.856949 0.794765 0.719000 0.422273 0.017488 -0.062589 -0.186490 -0.287385 -0.355508 -0.465188 -0.705273 -0.870640 -0.970492 
51.889252 320902.843750 66 64 64 0.938339 0.953825 0.977150 0.992923 0.983745 0.964246 0.880296 0.777100 0.721241 0.407126 0.025314 -0.047821 -0.212286 -0.328765 -0.402034 -0.476571 -0.727910 -0.896960 -0.973735 0.992472 0.983226 0.959810 0.863219 0.785577 0.732134 0.410459 0.004069 -0.040084 -0.219754 -0.330992 -0.392475 -0.484844 -0.675079 -0.885367 -0.970719 
50.169312 138360.078125 64 64 64 0.972488 0.977292 0.917942 0.994058 0.986054 0.965708 0.870001 0.796269 0.726968 0.423087 0.067423 -0.035373 -0.208545 -0.328155 -0.397207 -0.538328 -0.772264 -0.902639 -0.975578 0.993580 0.984869 0.965776 0.876809 0.790456 0.715824 0.411857 0.031125 -0.051728 -0.200100 -0.321713 -0.397361 -0.492416 -0.750166 -0.896703 -0.973716 
51.133560 2284979.500000 64 62 62 0.932325 0.805046 0.972209 0.987717 0.974320 0.945619 0.868416 0.773808 0.699163 0.201105 0.046609 -0.086608 -0.213862 -0.299759 -0.525265 -0.682207 -0.749528 -0.956354 -0.988019 0.992901 0.982359 0.958312 0.851158 0.773087 0.688889 0.319813 0.071232 -0.052040 -0.215735 -0.297054 -0.457499 -0.648177 -0.766154 -0.964762 -0.987853 
50.391521 505000.250000 62 62 64 0.920445 0.937002 0.911265 0.989625 0.977928 0.942701 0.905895 0.762773 0.666779 0.287571 0.083437 -0.020354 -0.224555 -0.295335 -0.496684 -0.674168 -0.762025 -0.850663 -0.977892 0.987976 0.975761 0.940975 0.904457 0.771446 0.683485 0.240120 0.056275 -0.030689 -0.225898 -0.299317 -0.471116 -0.690671 -0.746925 -0.866622 -0.982423 
40.087807 1050630.250000 64 66 64 0.883329 0.770806 0.468746 0.991649 0.968502 0.903595 0.771636 0.654789 0.423457 0.141221 0.003582 -0.189261 -0.318280 -0.451585 -0.591093 -0.747754 -0.818930 -0.923023 -0.991280 0.991981 0.976087 0.941646 0.873714 0.729284 0.615456 0.215928 0.052557 -0.088213 -0.247029 -0.325627 -0.528717 -0.700578 -0.797870 -0.881241 -0.991466 
33.307156 1034593.750000 64 66 70 0.614558 0.600604 0.674271 0.972793 0.956998 0.873964 0.718022 0.569824 0.370347 0.108105 -0.016287 -0.208394 -0.280753 -0.490040 -0.587567 -0.753562 -0.816937 -0.942089 -0.989478 0.982510 0.952333 0.866880 0.743409 0.583322 0.308332 0.115260 -0.045893 -0.222515 -0.336164 -0.484768 -0.606294 -0.760376 -0.817000 -0.942708 -0.989303 
30.459024 570591.000000 70 64 130 0.632723 0.627289 0.531548 0.981703 0.964948 0.839616 0.630534 0.553989 0.302870 0.124120 -0.005285 -0.190837 -0.281371 -0.480309 -0.631654 -0.744568 -0.827880 -0.914291 -0.991297 0.976505 0.960470 0.882758 0.619131 0.551484 0.349323 0.129124 0.022285 -0.189430 -0.272977 -0.484986 -0.599220 -0.746159 -0.828166 -0.935592 -0.988471 
24.759590 177447.015625 54 46 58 0.672305 0.435552 0.671561 0.990165 0.953757 0.832012 0.679276 0.532693 0.392556 0.123628 0.011338 -0.159585 -0.283485 -0.525967 -0.615496 -0.727926 -0.795068 -0.947314 -0.988568 0.985544 0.951270 0.820781 0.654590 0.549300 0.344813 0.128586 -0.005283 -0.180986 -0.284543 -0.514827 -0.639795 -0.736006 -0.810968 -0.923634 -0.989918 
22.095646 92033.812500 62 60 64 0.572946 0.307986 0.531792 0.987637 0.956849 0.842018 0.686295 0.575113 0.398644 0.169285 -0.001302 -0.201628 -0.323530 -0.539741 -0.604729 -0.734264 -0.787652 -0.928757 -0.993281 0.988011 0.946936 0.839554 0.690608 0.541470 0.375683 0.136864 -0.000482 -0.187018 -0.320870 -0.524474 -0.600362 -0.725167 -0.793266 -0.950353 -0.991480 
19.104185 38185.015625 62 62 104 0.399405 0.565190 0.560032 0.985666 0.960069 0.852745 0.691718 0.562184 0.451102 0.186927 0.025512 -0.191220 -0.268081 -0.490554 -0.562542 -0.683021 -0.799473 -0.956245 -0.988736 0.987148 0.959225 0.861736 0.697219 0.561802 0.448954 0.175184 0.023898 -0.185847 -0.279204 -0.534511 -0.595011 -0.732907 -0.787810 -0.948980 -0.991914 
17.754354 55678.914062 58 122 30 0.693680 0.414196 0.594435 0.973614 0.945572 0.859395 0.714254 0.550370 0.437254 0.212300 -0.008608 -0.156802 -0.309067 -0.452706 -0.577081 -0.696023 -0.799005 -0.927069 -0.990672 0.982746 0.951284 0.836179 0.705998 0.553214 0.422287 0.216608 0.002596 -0.183726 -0.303846 -0.463526 -0.580428 -0.688262 -0.806489 -0.941574 -0.991270 
32.590961 838281.250000 34 124 124 0.396216 0.343665 0.336069 0.960097 0.933022 0.884142 0.758278 0.614983 0.550722 0.126737 -0.078058 -0.198433 -0.254004 -0.433059 -0.585337 -0.671985 -0.774309 -0.940069 -0.994359 0.965331 0.938203 0.883408 0.760655 0.612992 0.528971 0.119723 -0.035013 -0.171661 -0.246029 -0.381602 -0.573424 -0.665042 -0.779221 -0.940435 -0.992922 
54.492676 1339411.875000 42 54 74 0.397253 0.829939 0.923216 0.979790 0.965690 0.937843 0.902298 0.845601 0.620507 0.389766 0.317683 0.045936 -0.079877 -0.178545 -0.480807 -0.624797 -0.701570 -0.909427 -0.977233 0.985752 0.969713 0.939741 0.907700 0.822270 0.586133 0.414816 0.175884 -0.126201 -0.210049 -0.348383 -0.543951 -0.657868 -0.749144 -0.940055 -0.990281 
57.497696 1907413.625000 74 78 80 0.924570 0.957618 0.962814 0.978314 0.956151 0.922854 0.890160 0.829518 0.616080 0.433927 0.371003 0.148478 -0.018588 -0.094952 -0.434838 -0.619474 -0.707439 -0.870708 -0.970951 0.978668 0.962004 0.927979 0.894185 0.832060 0.623282 0.409194 0.345522 0.073216 -0.059917 -0.143963 -0.454798 -0.604539 -0.694532 -0.882372 -0.973320 
56.181583 1363592.250000 80 82 84 0.965172 0.961159 0.977200 0.981061 0.951329 0.920963 0.890890 0.814710 0.633081 0.466400 0.380557 0.173440 0.033573 -0.054660 -0.415207 -0.652066 -0.734286 -0.873805 -0.972109 0.978023 0.951875 0.923692 0.889793 0.821250 0.620067 0.442433 0.378526 0.176438 0.010434 -0.056946 -0.407020 -0.643042 -0.727009 -0.880039 -0.973316 
55.137119 1070082.375000 84 84 86 0.980283 0.938879 0.965283 0.979421 0.950962 0.918581 0.884249 0.805621 0.661986 0.537563 0.429641 0.143933 0.024064 -0.078422 -0.475259 -0.676345 -0.743300 -0.888478 -0.973680 0.980615 0.950923 0.920597 0.887415 0.820056 0.651153 0.504241 0.392301 0.174697 0.046618 -0.078054 -0.445508 -0.668391 -0.741849 -0.880513 -0.971701 
52.441101 673754.812500 86 86 86 0.962524 0.686852 0.777784 0.979766 0.951379 0.912464 0.875450 0.779898 0.656782 0.552483 0.488977 0.159283 -0.028940 -0.221907 -0.530706 -0.685491 -0.756023 -0.900000 -0.975670 0.977026 0.951072 0.916327 0.882695 0.800927 0.678119 0.546781 0.481541 0.169553 -0.001536 -0.088168 -0.526772 -0.688226 -0.726555 -0.870148 -0.972167 
51.878551 484806.312500 86 86 86 0.792340 0.947055 0.759681 0.981992 0.951204 0.914917 0.875376 0.764506 0.689003 0.625751 0.555523 0.137943 -0.039745 -0.124685 -0.516889 -0.693554 -0.739908 -0.878771 -0.975525 0.982922 0.948721 0.913235 0.879432 0.775954 0.690956 0.590490 0.542661 0.199957 -0.019431 -0.093838 -0.492311 -0.682989 -0.738677 -0.878101 -0.974852 
52.613518 523742.531250 86 86 86 0.771041 0.928953 0.926011 0.980282 0.954915 0.924478 0.860318 0.739646 0.704866 0.631404 0.591388 0.232176 -0.016357 -0.141414 -0.520470 -0.691320 -0.753845 -0.886516 -0.975664 0.979765 0.952977 0.921540 0.859770 0.755887 0.690328 0.628676 0.573538 0.168867 -0.044777 -0.170008 -0.540292 -0.702847 -0.738299 -0.861168 -0.973498 
54.931469 804230.375000 84 82 82 0.901274 0.937338 0.909101 0.979349 0.962253 0.930251 0.820854 0.711550 0.683484 0.620938 0.574125 0.333169 -0.042027 -0.137852 -0.442607 -0.660337 -0.788675 -0.903040 -0.975669 0.980222 0.958458 0.927101 0.839661 0.726254 0.697647 0.628951 0.592475 0.300462 -0.023561 -0.159562 -0.474416 -0.675772 -0.774830 -0.901708 -0.975657 
53.321568 356828.906250 82 80 78 0.897293 0.862602 0.575107 0.980276 0.970413 0.943356 0.815856 0.691458 0.657859 0.588408 0.561370 0.302761 -0.068460 -0.122086 -0.455374 -0.658388 -0.795457 -0.898736 -0.974243 0.979689 0.966205 0.931803 0.805734 0.690906 0.662826 0.596951 0.547736 0.333781 -0.073454 -0.121481 -0.419718 -0.646195 -0.783718 -0.896637 -0.973779 
42.130550 39452.187500 80 138 86 0.581006 0.328502 0.336990 0.977022 0.949580 0.898993 0.814309 0.728293 0.669230 0.595907 0.530789 0.150356 -0.105801 -0.329856 -0.525021 -0.693157 -0.813310 -0.910455 -0.968665 0.975147 0.968787 0.933513 0.827311 0.717035 0.636984 0.590528 0.548213 0.146815 -0.089076 -0.223647 -0.511575 -0.667173 -0.810391 -0.912956 -0.974462 
35.591187 35452.281250 138 122 46 0.312389 0.425663 0.475560 0.982080 0.965402 0.891458 0.784346 0.711912 0.674535 0.592664 0.481815 0.183331 -0.116239 -0.250318 -0.439556 -0.664550 -0.802780 -0.923524 -0.973833 0.974013 0.947426 0.882632 0.798700 0.722210 0.674993 0.600600 0.514170 0.179892 -0.109657 -0.259096 -0.495264 -0.681487 -0.811924 -0.902903 -0.974254 
35.652603 57946.128906 46 42 40 0.350991 0.508069 0.727554 0.987046 0.982040 0.888219 0.803155 0.679444 0.636625 0.460016 0.308111 0.196042 -0.182705 -0.347161 -0.400722 -0.597148 -0.777843 -0.913958 -0.973437 0.984328 0.972381 0.909116 0.799100 0.698850 0.648737 0.573994 0.405674 0.142193 -0.150387 -0.312671 -0.414637 -0.642577 -0.788663 -0.924711 -0.973394 
38.230118 122035.078125 38 34 110 0.722659 0.534699 0.629681 0.989634 0.981007 0.918337 0.830984 0.702789 0.626396 0.333988 0.219899 -0.010883 -0.246583 -0.364771 -0.423249 -0.484319 -0.713587 -0.889732 -0.976433 0.987622 0.980924 0.918358 0.831039 0.688834 0.626030 0.427468 0.291994 0.151992 -0.218506 -0.347523 -0.419854 -0.572676 -0.782933 -0.895859 -0.975638 
45.598763 372389.875000 56 58 60 0.392872 0.729520 0.821064 0.990733 0.980992 0.971455 0.787047 0.684129 0.480642 0.209348 0.159274 -0.050757 -0.182593 -0.301312 -0.409189 -0.463920 -0.587956 -0.901196 -0.979503 0.990191 0.981588 0.957735 0.810729 0.691815 0.590844 0.244556 0.180826 -0.083815 -0.238158 -0.342246 -0.417853 -0.465017 -0.639305 -0.889470 -0.973326 
49.855034 661611.312500 60 62 60 0.863244 0.944115 0.961982 0.991474 0.978703 0.971489 0.876008 0.656955 0.426941 0.178150 0.122516 -0.084817 -0.175393 -0.338386 -0.425791 -0.488686 -0.660687 -0.876784 -0.980241 0.989621 0.979066 0.968270 0.811039 0.644199 0.351668 0.195093 0.122955 -0.059868 -0.180687 -0.316791 -0.429299 -0.470772 -0.595699 -0.901683 -0.989897 
51.329559 602752.125000 60 60 58 0.941489 0.962052 0.979963 0.992031 0.979738 0.971366 0.929771 0.634555 0.379699 0.127844 0.061384 -0.040828 -0.147934 -0.270490 -0.354585 -0.693762 -0.756828 -0.837950 -0.972696 0.992265 0.979864 0.971984 0.917469 0.651741 0.457147 0.161575 0.097686 -0.040379 -0.132476 -0.328168 -0.402663 -0.594191 -0.750842 -0.827909 -0.969410 
50.822163 544643.000000 58 58 58 0.976592 0.921991 0.976682 0.991859 0.980521 0.971722 0.933130 0.617058 0.328652 0.083809 0.040729 -0.064482 -0.144914 -0.256893 -0.502166 -0.650005 -0.720208 -0.800650 -0.953879 0.991984 0.980292 0.971391 0.927932 0.651978 0.401210 0.093130 0.053830 -0.046300 -0.168631 -0.268406 -0.380560 -0.680933 -0.737379 -0.812857 -0.970739 
50.798355 838549.812500 58 58 60 0.965812 0.950766 0.980487 0.991779 0.979882 0.972000 0.922038 0.577936 0.265362 0.099037 0.038970 -0.055238 -0.114438 -0.315215 -0.543739 -0.655134 -0.720194 -0.800668 -0.960178 0.992085 0.980589 0.971625 0.934359 0.606011 0.269459 0.092975 0.049025 -0.062036 -0.135895 -0.275128 -0.536689 -0.662683 -0.716385 -0.808359 -0.947262 
50.754951 630904.750000 60 62 64 0.980490 0.974536 0.982590 0.992549 0.981763 0.974826 0.934629 0.518900 0.204420 0.090883 0.026516 -0.065874 -0.155236 -0.297194 -0.524674 -0.660979 -0.707981 -0.779967 -0.925426 0.992181 0.980122 0.972915 0.907657 0.544684 0.241413 0.107021 0.040533 -0.047990 -0.143720 -0.313756 -0.523522 -0.628827 -0.699311 -0.768811 -0.937154 
50.557800 251436.656250 64 66 74 0.986590 0.983292 0.849680 0.992439 0.983652 0.976711 0.943543 0.653119 0.342060 0.105918 0.013952 -0.069312 -0.156414 -0.311371 -0.586196 -0.669664 -0.742022 -0.804408 -0.948092 0.992458 0.982540 0.975718 0.938699 0.591203 0.256646 0.101853 0.023225 -0.070805 -0.143505 -0.282035 -0.540662 -0.634777 -0.720755 -0.792727 -0.945462 
50.200275 756313.125000 74 76 80 0.830701 0.949649 0.950408 0.990699 0.984904 0.974681 0.931277 0.545245 0.210733 0.064076 -0.032277 -0.139271 -0.230844 -0.437962 -0.594258 -0.686043 -0.754978 -0.812313 -0.883141 0.992221 0.985194 0.974747 0.941325 0.664294 0.296744 0.092937 -0.002272 -0.116576 -0.215480 -0.458026 -0.597675 -0.671181 -0.764104 -0.812236 -0.924195 
50.466156 792914.812500 80 84 86 0.951134 0.975421 0.921241 0.990902 0.986201 0.972664 0.940084 0.375442 0.182989 0.066272 -0.018253 -0.101880 -0.207894 -0.403070 -0.592871 -0.684770 -0.783007 -0.841127 -0.898733 0.990091 0.986185 0.973276 0.936383 0.463789 0.208658 0.095588 -0.039527 -0.123774 -0.220993 -0.418024 -0.627425 -0.705723 -0.772861 -0.819446 -0.885564 
46.624435 269900.406250 88 90 90 0.971268 0.894645 0.826326 0.991942 0.982920 0.971613 0.914798 0.566681 0.238578 0.097512 -0.037260 -0.094330 -0.191039 -0.442099 -0.589458 -0.681744 -0.753958 -0.869687 -0.923281 0.991225 0.984643 0.972684 0.932436 0.438515 0.173121 0.076397 -0.029916 -0.092847 -0.190930 -0.435177 -0.580585 -0.671490 -0.773382 -0.867338 -0.913347 
37.154610 780023.125000 90 92 102 0.773541 0.481241 0.507036 0.993413 0.983699 0.947224 0.607047 0.325458 0.278868 0.178284 -0.048817 -0.183640 -0.338220 -0.516227 -0.658403 -0.741789 -0.834491 -0.932394 -0.987933 0.992513 0.983064 0.970990 0.852869 0.406838 0.276344 0.163897 -0.013715 -0.119203 -0.236056 -0.471025 -0.605095 -0.701150 -0.783768 -0.890992 -0.965642 
40.555134 4730391.500000 88 90 80 0.527377 0.596182 0.467131 0.988161 0.977136 0.724445 0.445052 0.379119 0.272372 0.084957 -0.155524 -0.280336 -0.422271 -0.548140 -0.694666 -0.748375 -0.865892 -0.944801 -0.982743 0.991546 0.981744 0.886034 0.467760 0.340670 0.288034 0.154875 -0.107755 -0.259704 -0.387864 -0.522600 -0.685887 -0.773004 -0.849259 -0.934622 -0.991927 
45.552292 5644578.500000 110 130 118 0.424740 0.483655 0.449217 0.986368 0.946913 0.681716 0.505478 0.433403 0.158523 -0.075740 -0.184105 -0.324261 -0.453232 -0.574838 -0.721549 -0.805855 -0.914594 -0.963840 -0.988944 0.988262 0.967778 0.644946 0.467834 0.406966 0.229371 -0.038977 -0.172724 -0.323276 -0.433412 -0.562659 -0.704069 -0.783041 -0.899605 -0.955607 -0.988566 
52.070580 4918984.500000 62 62 62 0.407213 0.533674 0.601933 0.980658 0.925086 0.774500 0.518689 0.432880 0.168400 -0.081223 -0.212212 -0.361408 -0.491349 -0.618224 -0.736129 -0.802138 -0.903751 -0.987733 -0.997109 0.979078 0.923196 0.726723 0.510777 0.411546 0.140861 -0.072113 -0.208361 -0.345182 -0.490277 -0.617674 -0.722057 -0.804556 -0.918789 -0.983934 -0.996184 
51.354134 4151853.750000 62 80 54 0.626626 0.704981 0.357210 0.979189 0.919773 0.778452 0.537302 0.436067 0.227152 -0.087505 -0.231719 -0.424728 -0.509397 -0.665649 -0.746246 -0.838613 -0.905681 -0.977557 -0.997779 0.980371 0.916759 0.772367 0.525330 0.443523 0.238164 -0.110763 -0.244884 -0.421937 -0.495224 -0.638141 -0.735767 -0.837057 -0.915848 -0.982075 -0.996518 
50.893993 2612638.250000 110 80 114 0.467997 0.506525 0.656024 0.979401 0.921356 0.757579 0.542001 0.490640 0.237224 -0.051990 -0.218357 -0.408550 -0.512213 -0.649978 -0.755325 -0.841528 -0.935275 -0.976771 -0.993879 0.978798 0.917599 0.786303 0.556777 0.473339 0.273649 -0.040846 -0.180996 -0.398750 -0.505367 -0.675961 -0.748998 -0.830735 -0.926862 -0.987528 -0.997884 
48.388412 1689089.625000 114 98 180 0.638142 0.388532 0.384632 0.978679 0.914159 0.781035 0.577823 0.461505 0.094652 -0.128112 -0.251080 -0.396692 -0.529819 -0.655276 -0.755099 -0.819547 -0.945179 -0.978493 -0.992642 0.982587 0.919443 0.769546 0.552929 0.477748 0.144763 -0.110100 -0.287371 -0.407813 -0.535260 -0.646981 -0.760041 -0.841635 -0.931767 -0.972652 -0.995327 
49.522213 1975474.000000 148 118 136 0.541991 0.489053 0.326006 0.976388 0.919225 0.787516 0.593526 0.458489 0.119323 -0.095628 -0.212649 -0.397634 -0.530181 -0.650053 -0.741981 -0.827523 -0.928444 -0.981490 -0.997651 0.975392 0.921230 0.789068 0.594146 0.439140 0.092253 -0.099254 -0.212241 -0.367329 -0.530506 -0.650593 -0.742732 -0.805029 -0.949762 -0.983988 -0.995291 
46.256351 1037063.437500 178 80 106 0.394806 0.475318 0.327525 0.983973 0.933665 0.791193 0.612885 0.406130 0.097637 -0.118190 -0.225740 -0.396771 -0.552581 -0.646471 -0.785454 -0.838418 -0.903571 -0.975169 -0.993092 0.980313 0.921403 0.784551 0.597189 0.443628 0.106338 -0.083197 -0.227662 -0.365080 -0.541551 -0.627160 -0.764137 -0.828670 -0.928236 -0.981928 -0.996250 
36.084599 125113.039062 108 76 76 0.493154 0.409566 0.519117 0.989132 0.947874 0.832497 0.678719 0.463125 0.287969 -0.023278 -0.194022 -0.388486 -0.534747 -0.620740 -0.780339 -0.860595 -0.904709 -0.962918 -0.991334 0.982723 0.937657 0.808457 0.652694 0.436752 0.186601 -0.104365 -0.210921 -0.383983 -0.549082 -0.617169 -0.763761 -0.852209 -0.904829 -0.964645 -0.993963 
29.207981 57442.410156 76 66 86 0.625241 0.732345 0.428670 0.982469 0.952747 0.852608 0.699446 0.532146 0.398577 0.133349 -0.131160 -0.352688 -0.511061 -0.664178 -0.779972 -0.874849 -0.912546 -0.975769 -0.991647 0.986302 0.948408 0.853947 0.705104 0.512392 0.369761 0.102912 -0.179001 -0.370909 -0.532503 -0.673426 -0.797699 -0.864637 -0.910090 -0.966351 -0.991721 
39.550632 3605376.500000 86 134 130 0.501306 0.547821 0.403682 0.964445 0.930185 0.748278 0.601297 0.488232 0.229267 -0.034145 -0.149617 -0.326969 -0.397513 -0.550691 -0.630814 -0.718875 -0.834824 -0.955691 -0.988221 0.971927 0.938524 0.773880 0.628126 0.497668 0.309464 0.038216 -0.067383 -0.280334 -0.403787 -0.533869 -0.637046 -0.777817 -0.880259 -0.964093 -0.989161 
46.521782 4570772.000000 148 148 90 0.468817 0.615320 0.583197 0.966251 0.954404 0.771729 0.530974 0.473791 0.193206 -0.004046 -0.158631 -0.299527 -0.412632 -0.517284 -0.629962 -0.726412 -0.810973 -0.946763 -0.983026 0.968705 0.948719 0.727711 0.526604 0.407619 0.101495 -0.100801 -0.229625 -0.332466 -0.443594 -0.561158 -0.658962 -0.736865 -0.820083 -0.958061 -0.985234 
33.890827 493482.218750 68 74 70 0.491375 0.435031 0.518577 0.978968 0.940931 0.736782 0.543005 0.513598 0.260117 0.056810 -0.138466 -0.252565 -0.313108 -0.467717 -0.663354 -0.764618 -0.837505 -0.939088 -0.988331 0.967981 0.951003 0.742803 0.534871 0.499519 0.240275 0.053452 -0.140707 -0.274964 -0.379138 -0.477922 -0.640508 -0.752321 -0.820813 -0.940202 -0.984383 
26.724644 156410.078125 70 130 130 0.495398 0.556854 0.359680 0.969117 0.935506 0.695954 0.599898 0.563224 0.352565 0.109455 -0.074051 -0.262856 -0.372903 -0.517209 -0.645768 -0.753520 -0.852768 -0.949439 -0.986494 0.970288 0.940849 0.749261 0.571165 0.547418 0.298779 0.083555 -0.138871 -0.242584 -0.298895 -0.498671 -0.632712 -0.745153 -0.841962 -0.950605 -0.987451 
22.087181 54558.019531 56 112 90 0.503628 0.468690 0.452655 0.974078 0.946279 0.793439 0.640451 0.599763 0.476619 0.202328 -0.169970 -0.301773 -0.414552 -0.528557 -0.666739 -0.740765 -0.825969 -0.956369 -0.990498 0.974099 0.937222 0.744971 0.624202 0.592198 0.471568 0.179615 -0.116713 -0.287398 -0.407676 -0.522007 -0.653515 -0.733436 -0.857822 -0.959509 -0.990525 
17.156185 16316.400391 90 104 104 0.408869 0.491369 0.358693 0.976855 0.946399 0.847418 0.701509 0.530086 0.415057 0.233372 -0.130626 -0.312966 -0.385684 -0.500237 -0.600474 -0.716100 -0.797087 -0.942041 -0.993731 0.980907 0.949287 0.814181 0.660741 0.580818 0.428603 0.200705 -0.182928 -0.305231 -0.412397 -0.528372 -0.641605 -0.738184 -0.802393 -0.961682 -0.992509 
11.866776 5939.313965 70 70 36 0.379227 0.533915 0.526857 0.986370 0.946845 0.870710 0.765530 0.578463 0.429548 0.237621 0.047996 -0.290279 -0.382629 -0.469948 -0.598312 -0.706513 -0.868859 -0.927203 -0.992539 0.979195 0.934203 0.853529 0.734218 0.534082 0.396087 0.221064 -0.043029 -0.324878 -0.386979 -0.462042 -0.589814 -0.736579 -0.840029 -0.936188 -0.989767 
8.179619 4667.376465 132 58 58 0.460609 0.358411 0.616783 0.987968 0.945928 0.861039 0.748163 0.611634 0.439744 0.281775 0.073684 -0.189247 -0.337689 -0.479758 -0.608820 -0.707265 -0.848168 -0.939903 -0.991021 0.985668 0.947407 0.862421 0.764100 0.593562 0.417065 0.244133 0.084392 -0.194959 -0.365616 -0.510452 -0.616654 -0.706436 -0.861797 -0.937517 -0.994328 
9.073967 3600.574463 114 122 22 0.397000 0.617914 0.514817 0.988416 0.960148 0.868049 0.750584 0.615354 0.456902 0.300210 0.030635 -0.187945 -0.307025 -0.438006 -0.618625 -0.729020 -0.854649 -0.935131 -0.976774 0.990564 0.956634 0.870763 0.749130 0.606690 0.452680 0.314559 0.043307 -0.190948 -0.328942 -0.450757 -0.594908 -0.729603 -0.876155 -0.939126 -0.985343 
