46.659054 5411028.000000 20 66 62 0.000000 0.726441 0.845052 0.986402 0.951194 0.901341 0.844318 0.647893 0.504740 0.380206 0.209663 0.130226 -0.071773 -0.278819 -0.366851 -0.545444 -0.764567 -0.879330 -0.931453 0.990505 0.945926 0.888874 0.822489 0.585865 0.494169 0.368602 0.213400 0.105625 -0.162137 -0.305218 -0.438839 -0.647572 -0.810696 -0.914243 -0.978264 
56.600475 33688212.000000 62 64 66 0.873430 0.946657 0.928598 0.984313 0.941613 0.887319 0.848766 0.623669 0.564640 0.398460 0.243622 0.110700 -0.016600 -0.286267 -0.374618 -0.643154 -0.786651 -0.876556 -0.919048 0.985272 0.950118 0.887906 0.842092 0.629953 0.541610 0.428216 0.252729 0.124727 -0.012215 -0.279405 -0.414772 -0.588693 -0.777949 -0.864372 -0.911347 
58.102348 42721348.000000 66 70 72 0.933089 0.934557 0.947657 0.982566 0.944064 0.896104 0.812237 0.636082 0.561804 0.410949 0.244744 0.145965 -0.017305 -0.285538 -0.369585 -0.564778 -0.769910 -0.889234 -0.920869 0.984310 0.943067 0.893006 0.835433 0.635253 0.566858 0.429692 0.259484 0.135310 0.010229 -0.265670 -0.343043 -0.563972 -0.770976 -0.893985 -0.924293 
58.591957 82586208.000000 72 74 76 0.968836 0.960798 0.948383 0.979690 0.944248 0.890098 0.800845 0.618198 0.544569 0.378264 0.203572 0.109273 -0.085444 -0.311544 -0.409457 -0.614561 -0.789900 -0.891429 -0.916195 0.981658 0.945959 0.892893 0.806886 0.626458 0.557928 0.407498 0.227636 0.128332 -0.043516 -0.283534 -0.384739 -0.584780 -0.758299 -0.887599 -0.921663 
58.349319 77684368.000000 76 76 78 0.935415 0.964239 0.896618 0.979382 0.943283 0.887119 0.794372 0.609592 0.550686 0.362634 0.208097 0.109107 -0.090237 -0.328506 -0.423749 -0.617512 -0.783993 -0.888019 -0.918041 0.979087 0.943915 0.889841 0.806240 0.614604 0.548743 0.382630 0.199030 0.114319 -0.084512 -0.318218 -0.408943 -0.622678 -0.787090 -0.887952 -0.917323 
57.552570 53584224.000000 80 80 82 0.929849 0.917501 0.976538 0.981590 0.943179 0.892897 0.788229 0.614849 0.559137 0.399243 0.220647 0.097869 -0.080275 -0.292747 -0.404484 -0.592299 -0.766348 -0.878907 -0.914301 0.980222 0.942871 0.889661 0.793639 0.608426 0.549730 0.394540 0.218134 0.094985 -0.081215 -0.313884 -0.423177 -0.627158 -0.799421 -0.890018 -0.922031 
56.535130 20320912.000000 82 84 84 0.981263 0.949525 0.973051 0.979501 0.943614 0.896302 0.811979 0.637431 0.583574 0.426162 0.254921 0.150849 -0.025946 -0.265902 -0.367354 -0.518639 -0.722989 -0.869505 -0.932848 0.980384 0.943012 0.894064 0.805811 0.624976 0.563093 0.414212 0.236582 0.139244 -0.045476 -0.286486 -0.378833 -0.558224 -0.715597 -0.864013 -0.926384 
54.975643 13804657.000000 84 84 84 0.944641 0.679474 0.958580 0.977368 0.945914 0.898415 0.829138 0.660531 0.607662 0.461459 0.268598 0.161105 -0.000061 -0.293578 -0.376991 -0.657575 -0.838359 -0.902268 -0.937973 0.978030 0.946087 0.895598 0.827845 0.642669 0.596089 0.449589 0.260621 0.159211 -0.020345 -0.294234 -0.391477 -0.606461 -0.806964 -0.904201 -0.941026 
54.201805 5410814.500000 84 82 80 0.958569 0.672659 0.900367 0.981530 0.955486 0.899741 0.857191 0.685446 0.627601 0.522700 0.263704 0.163086 0.011918 -0.330229 -0.463501 -0.608063 -0.825366 -0.919693 -0.955902 0.980133 0.951180 0.896636 0.840280 0.660197 0.618204 0.469007 0.274750 0.175840 0.026252 -0.274941 -0.409082 -0.609138 -0.850012 -0.905296 -0.943799 
53.640671 4835862.500000 80 78 74 0.962768 0.854994 0.934304 0.980434 0.956468 0.913405 0.857829 0.702686 0.617536 0.540934 0.259865 0.151526 -0.132206 -0.348437 -0.423822 -0.550343 -0.772665 -0.911607 -0.958042 0.980749 0.956752 0.903596 0.855925 0.679842 0.614169 0.506365 0.258070 0.131880 -0.113810 -0.336211 -0.445293 -0.613348 -0.774661 -0.908541 -0.958450 
54.376949 3076479.250000 74 72 70 0.961102 0.981453 0.974265 0.979727 0.960038 0.927364 0.861498 0.708329 0.638495 0.550102 0.253396 0.143243 -0.103162 -0.330153 -0.402122 -0.520126 -0.680567 -0.887945 -0.950452 0.980380 0.958470 0.922257 0.859060 0.703458 0.635170 0.552347 0.261557 0.149666 -0.120974 -0.346208 -0.406974 -0.515861 -0.731662 -0.899129 -0.957878 
52.144123 507193.625000 70 70 68 0.979243 0.927046 0.839107 0.987187 0.970627 0.949146 0.870668 0.727819 0.629319 0.514522 0.293020 0.185852 -0.141766 -0.382647 -0.435768 -0.566560 -0.682290 -0.877113 -0.960876 0.981488 0.964416 0.934425 0.866836 0.710287 0.628068 0.541768 0.271977 0.143955 -0.131202 -0.363126 -0.449395 -0.569614 -0.654061 -0.843971 -0.949455 
50.011887 255684.890625 70 64 64 0.831156 0.896536 0.846134 0.991167 0.980374 0.959102 0.864799 0.730472 0.617102 0.546825 0.331869 0.184704 0.000526 -0.366271 -0.408766 -0.570371 -0.791288 -0.901001 -0.970884 0.990932 0.979489 0.958813 0.866373 0.719016 0.616346 0.512554 0.301570 0.200064 -0.028732 -0.360708 -0.417497 -0.578220 -0.766324 -0.907107 -0.966802 
49.729519 169347.656250 64 64 62 0.867373 0.954120 0.893606 0.991217 0.978549 0.958229 0.890531 0.724347 0.660117 0.585986 0.303848 0.167416 -0.021784 -0.404751 -0.437958 -0.586398 -0.791237 -0.907109 -0.972314 0.990904 0.979652 0.957745 0.880820 0.736557 0.659991 0.562288 0.280203 0.171016 0.001023 -0.386486 -0.425467 -0.565527 -0.783635 -0.906786 -0.973843 
48.564472 88261.156250 64 62 64 0.879246 0.904170 0.873421 0.992427 0.979224 0.962411 0.913819 0.731854 0.641907 0.559617 0.286784 0.183598 -0.078204 -0.374636 -0.455443 -0.645190 -0.804223 -0.902021 -0.972291 0.991003 0.979112 0.962065 0.896319 0.734441 0.639868 0.575858 0.324760 0.183072 -0.059404 -0.396299 -0.438792 -0.620297 -0.802322 -0.900523 -0.971659 
46.089535 46974.871094 64 64 64 0.877365 0.835069 0.842024 0.994849 0.983908 0.953748 0.909961 0.753332 0.638335 0.572490 0.324177 0.126113 -0.128203 -0.347594 -0.493088 -0.666741 -0.809621 -0.909878 -0.971947 0.993979 0.981827 0.958031 0.924135 0.758114 0.645540 0.569180 0.281356 0.152723 -0.103445 -0.352846 -0.478610 -0.669724 -0.816574 -0.904163 -0.974210 
48.079151 11111294.000000 64 72 60 0.820618 0.733563 0.705573 0.984969 0.962370 0.937014 0.790682 0.618058 0.568433 0.285077 0.170264 -0.104487 -0.370803 -0.473224 -0.568600 -0.675659 -0.753971 -0.934820 -0.977137 0.994381 0.983197 0.941197 0.849403 0.636210 0.559557 0.343595 0.192429 -0.096438 -0.343106 -0.467922 -0.565770 -0.679465 -0.760157 -0.918945 -0.977129 
62.159538 46062416.000000 60 60 62 0.607534 0.919160 0.954686 0.964249 0.951845 0.929126 0.856494 0.651141 0.593449 0.339687 0.144212 0.104478 -0.196754 -0.391673 -0.465165 -0.579422 -0.719929 -0.834357 -0.909910 0.973064 0.955055 0.934756 0.866704 0.650868 0.601598 0.422534 0.143827 0.099716 -0.213875 -0.381907 -0.446675 -0.575618 -0.732648 -0.902986 -0.963770 
63.530243 53079176.000000 62 62 62 0.963675 0.995766 0.994556 0.963214 0.951669 0.923203 0.845878 0.632439 0.596005 0.291481 0.160878 0.086175 -0.169567 -0.393528 -0.451437 -0.559234 -0.713521 -0.850199 -0.883220 0.963326 0.952002 0.925788 0.852903 0.630087 0.595971 0.290848 0.153053 0.092487 -0.190750 -0.394760 -0.455046 -0.552028 -0.721595 -0.836166 -0.888428 
63.470261 53453432.000000 62 62 62 0.995709 0.989871 0.971338 0.962391 0.951496 0.922576 0.857676 0.631486 0.595614 0.297670 0.146374 0.070309 -0.209177 -0.373371 -0.443071 -0.570587 -0.735572 -0.831734 -0.867263 0.963051 0.951432 0.921255 0.851209 0.631603 0.592575 0.274096 0.150801 0.072397 -0.204987 -0.382198 -0.451027 -0.590780 -0.731622 -0.846178 -0.875826 
63.487411 52830256.000000 62 62 62 0.967475 0.928765 0.976316 0.964878 0.952888 0.929108 0.849815 0.628183 0.575406 0.278477 0.147965 0.069335 -0.195884 -0.362381 -0.440549 -0.578882 -0.727782 -0.830111 -0.871992 0.963311 0.951972 0.926018 0.853740 0.625230 0.582835 0.310399 0.142353 0.080173 -0.209626 -0.374288 -0.446707 -0.579394 -0.731944 -0.831673 -0.867591 
61.320892 16549417.000000 62 62 64 0.959485 0.972721 0.781419 0.974208 0.957159 0.941084 0.839642 0.644028 0.579290 0.300193 0.177942 0.080300 -0.151417 -0.296973 -0.451216 -0.557104 -0.705547 -0.832209 -0.926763 0.968202 0.954586 0.935180 0.851370 0.635315 0.574143 0.264542 0.149417 0.085104 -0.176694 -0.327762 -0.446719 -0.561032 -0.701331 -0.816839 -0.887683 
43.119778 1215942.250000 64 60 62 0.647786 0.520987 0.709421 0.959887 0.943213 0.905563 0.765594 0.641439 0.506594 0.328545 0.190967 0.053024 -0.193248 -0.377421 -0.478053 -0.634410 -0.756019 -0.863042 -0.934265 0.975329 0.956290 0.930951 0.788383 0.655879 0.545623 0.305480 0.194875 0.019461 -0.217648 -0.357450 -0.503689 -0.620445 -0.754270 -0.864006 -0.948071 
38.679688 4185301.000000 60 66 62 0.673058 0.446936 0.790615 0.968602 0.947128 0.892707 0.680951 0.614753 0.403916 0.217185 0.095599 -0.136112 -0.327681 -0.488048 -0.603356 -0.745398 -0.845273 -0.902409 -0.976537 0.964570 0.946303 0.902181 0.714272 0.616893 0.458254 0.306394 0.174020 0.004731 -0.240839 -0.384264 -0.520023 -0.659541 -0.796351 -0.871015 -0.964936 
38.823174 4554649.500000 62 174 62 0.851999 0.537144 0.871812 0.957003 0.950354 0.841974 0.679751 0.601473 0.359888 0.200503 0.025042 -0.164614 -0.328525 -0.489698 -0.635124 -0.745760 -0.853837 -0.926794 -0.983313 0.960112 0.945702 0.845066 0.660239 0.585871 0.362887 0.187506 0.012608 -0.190999 -0.357008 -0.490612 -0.624560 -0.749102 -0.854454 -0.919993 -0.976222 
40.190315 5107041.000000 62 62 62 0.870669 0.793137 0.608993 0.957913 0.948553 0.821640 0.676004 0.618233 0.358636 0.197828 0.073070 -0.177654 -0.338736 -0.468692 -0.624243 -0.755430 -0.834298 -0.921818 -0.975423 0.956257 0.950939 0.840015 0.674750 0.608741 0.346661 0.187651 0.040198 -0.155661 -0.331277 -0.471540 -0.639963 -0.752274 -0.846426 -0.934209 -0.983529 
37.245831 2571930.000000 20 20 22 0.631529 0.744952 0.594920 0.957050 0.948807 0.829221 0.689109 0.591444 0.364193 0.193829 0.038318 -0.218749 -0.360735 -0.519394 -0.637710 -0.734721 -0.849052 -0.935852 -0.967072 0.956566 0.947827 0.824244 0.672222 0.608659 0.413991 0.196570 0.090628 -0.190907 -0.343518 -0.475487 -0.636826 -0.744705 -0.845415 -0.922202 -0.965224 
32.873863 720993.625000 134 60 50 0.592378 0.842093 0.463994 0.959896 0.946728 0.877501 0.690771 0.618410 0.361827 0.125514 0.002271 -0.232885 -0.345846 -0.516221 -0.622766 -0.774061 -0.841014 -0.913098 -0.966711 0.957694 0.948852 0.840187 0.690471 0.598205 0.348474 0.155653 -0.022039 -0.222889 -0.360627 -0.523181 -0.623261 -0.747223 -0.845609 -0.932871 -0.965859 
28.853037 467953.937500 62 44 146 0.388099 0.570934 0.638178 0.963144 0.945415 0.888454 0.680410 0.587596 0.354051 0.186202 0.030042 -0.234455 -0.366211 -0.501275 -0.616349 -0.744451 -0.845088 -0.919062 -0.978722 0.966004 0.944175 0.887206 0.668010 0.606860 0.408951 0.155107 0.028166 -0.254291 -0.368689 -0.520841 -0.638487 -0.777743 -0.854225 -0.912771 -0.973467 
34.107864 1870536.875000 146 106 66 0.598619 0.634649 0.382006 0.959171 0.940742 0.894066 0.741982 0.634922 0.388816 0.117024 0.017273 -0.227510 -0.355783 -0.503588 -0.601143 -0.762962 -0.837762 -0.892357 -0.962652 0.961560 0.937703 0.858125 0.678695 0.585934 0.340507 0.160261 -0.003360 -0.204683 -0.360394 -0.494456 -0.610852 -0.749247 -0.836085 -0.915937 -0.979455 
56.385025 6568622.000000 66 42 54 0.438102 0.656637 0.940519 0.977135 0.948640 0.927552 0.884762 0.804394 0.686153 0.286708 0.196583 0.073515 -0.103707 -0.212395 -0.391616 -0.603187 -0.802740 -0.847555 -0.943811 0.984805 0.956342 0.924796 0.865174 0.683702 0.523671 0.174949 0.073903 -0.156616 -0.303530 -0.465965 -0.567817 -0.752942 -0.835352 -0.885377 -0.961933 
63.474419 15814509.000000 54 54 54 0.908723 0.973753 0.989135 0.961297 0.941128 0.909564 0.875235 0.799786 0.702828 0.370965 0.184622 0.080691 -0.147229 -0.207010 -0.403883 -0.575288 -0.747832 -0.830871 -0.951644 0.964943 0.942404 0.920274 0.872603 0.805130 0.671445 0.322944 0.173723 0.077192 -0.130648 -0.197626 -0.406134 -0.637875 -0.800476 -0.832552 -0.907540 
64.526817 12847213.000000 54 54 52 0.989522 0.995259 0.946644 0.960540 0.937226 0.901068 0.877326 0.808690 0.723659 0.406163 0.175418 0.084790 -0.171247 -0.217586 -0.384200 -0.516972 -0.644985 -0.866465 -0.969914 0.959907 0.939253 0.903383 0.880319 0.806065 0.714472 0.382938 0.177268 0.099090 -0.146491 -0.212059 -0.394390 -0.517219 -0.660034 -0.859744 -0.968364 
64.134201 15506683.000000 54 52 52 0.914723 0.992720 0.939373 0.964575 0.934646 0.896154 0.867468 0.812644 0.722165 0.443612 0.144957 0.021469 -0.202963 -0.269672 -0.370191 -0.491162 -0.593557 -0.836592 -0.968273 0.962110 0.933627 0.895663 0.869932 0.808707 0.719365 0.428121 0.151446 0.030088 -0.199871 -0.250533 -0.377411 -0.514962 -0.620862 -0.854183 -0.969339 
63.715240 19097948.000000 52 50 50 0.945903 0.992262 0.956001 0.965203 0.937084 0.902575 0.857508 0.804485 0.741571 0.428830 0.116219 -0.050462 -0.235206 -0.314260 -0.379743 -0.504481 -0.617696 -0.782623 -0.964238 0.962442 0.934711 0.897861 0.861835 0.807409 0.723856 0.442894 0.122971 -0.012925 -0.212867 -0.308098 -0.390453 -0.507323 -0.629924 -0.817582 -0.967420 
61.274246 7133153.500000 50 48 48 0.939961 0.978249 0.984582 0.974350 0.948994 0.920653 0.889954 0.797641 0.761610 0.413648 0.064768 -0.123966 -0.233563 -0.303688 -0.394128 -0.530643 -0.615326 -0.773684 -0.966818 0.969248 0.940484 0.911806 0.862511 0.801336 0.753493 0.371447 0.088201 -0.099707 -0.218990 -0.307968 -0.374141 -0.516654 -0.623003 -0.797421 -0.967235 
58.918056 2566232.750000 48 48 46 0.983491 0.958013 0.956712 0.976678 0.962610 0.927877 0.885452 0.832900 0.756492 0.539187 0.042532 -0.126139 -0.226581 -0.339634 -0.409204 -0.475745 -0.622436 -0.852392 -0.968932 0.976794 0.959440 0.923224 0.897184 0.814483 0.762885 0.505834 0.001814 -0.137230 -0.216019 -0.346928 -0.421477 -0.530734 -0.624208 -0.816050 -0.968117 
58.880692 2864343.000000 46 46 46 0.951691 0.976255 0.980915 0.976898 0.961707 0.929211 0.890494 0.840842 0.772352 0.507877 -0.085163 -0.153548 -0.240692 -0.333790 -0.424713 -0.501468 -0.631065 -0.828726 -0.964905 0.977293 0.962709 0.931577 0.885629 0.843176 0.764706 0.577196 -0.005979 -0.138206 -0.242346 -0.309438 -0.403771 -0.476820 -0.631249 -0.867115 -0.968674 
57.933174 3459695.250000 46 46 48 0.970656 0.965583 0.950565 0.979960 0.961705 0.926485 0.886960 0.839737 0.759994 0.413115 -0.070936 -0.139970 -0.252616 -0.351944 -0.439293 -0.545187 -0.664458 -0.803811 -0.942322 0.978177 0.960957 0.926023 0.890473 0.835650 0.752721 0.446337 -0.061789 -0.131284 -0.230324 -0.330961 -0.429652 -0.521703 -0.640483 -0.816996 -0.965301 
57.359882 2454867.000000 46 46 46 0.933572 0.934353 0.925637 0.982346 0.964498 0.931036 0.899600 0.849054 0.782829 0.349764 -0.023259 -0.113626 -0.270857 -0.324118 -0.467382 -0.631457 -0.756062 -0.869113 -0.914761 0.981360 0.962995 0.928231 0.891986 0.845421 0.781540 0.323442 -0.026524 -0.102946 -0.259444 -0.346083 -0.428366 -0.537159 -0.752164 -0.858545 -0.920223 
55.560192 1050836.500000 46 48 48 0.941597 0.892700 0.962657 0.984091 0.966641 0.942809 0.894352 0.845954 0.770891 0.466908 -0.020541 -0.106912 -0.228646 -0.330753 -0.571201 -0.641938 -0.746540 -0.856547 -0.925519 0.982508 0.965216 0.934406 0.899413 0.848782 0.778502 0.401025 -0.018800 -0.103615 -0.264021 -0.314341 -0.543274 -0.658852 -0.736557 -0.856414 -0.919963 
54.897823 949388.500000 48 48 48 0.946315 0.980191 0.921660 0.986788 0.971154 0.941439 0.888730 0.847974 0.802998 0.398942 0.018075 -0.060457 -0.153366 -0.253781 -0.527693 -0.601353 -0.712139 -0.822983 -0.963876 0.986483 0.970262 0.942020 0.894983 0.848776 0.786282 0.500281 0.002186 -0.087805 -0.172329 -0.319429 -0.544370 -0.622945 -0.741300 -0.853605 -0.949344 
56.068939 1843488.125000 48 46 46 0.940090 0.935368 0.899132 0.986192 0.969102 0.942350 0.886921 0.774004 0.741133 0.498298 0.050435 -0.022053 -0.162734 -0.227035 -0.477441 -0.636624 -0.684386 -0.813307 -0.956520 0.985870 0.969581 0.943339 0.895278 0.820243 0.767066 0.416453 0.024030 -0.037364 -0.149491 -0.216615 -0.535164 -0.615950 -0.687227 -0.816931 -0.964839 
55.753178 3502172.000000 46 46 48 0.894153 0.954164 0.960865 0.986305 0.968708 0.946976 0.845089 0.685997 0.649243 0.490178 0.180537 0.001364 -0.146036 -0.299889 -0.332832 -0.524361 -0.690525 -0.841108 -0.939817 0.985596 0.968066 0.944380 0.885109 0.703405 0.678770 0.593562 0.129925 -0.014454 -0.165111 -0.282259 -0.348123 -0.625186 -0.695672 -0.821616 -0.957063 
54.546638 3261011.250000 48 48 48 0.953027 0.972434 0.966658 0.988115 0.974109 0.942210 0.889239 0.661962 0.492287 0.424248 0.121794 0.054244 -0.169582 -0.331987 -0.407799 -0.473767 -0.742161 -0.871379 -0.899420 0.986970 0.971379 0.943313 0.866719 0.676464 0.536322 0.426222 0.141842 0.029669 -0.177904 -0.302493 -0.369838 -0.485790 -0.708998 -0.860828 -0.904304 
52.428627 498848.562500 48 50 50 0.981995 0.900924 0.920829 0.991043 0.980337 0.954019 0.896945 0.760404 0.643794 0.485859 0.203364 0.016527 -0.144146 -0.317680 -0.458888 -0.582324 -0.821914 -0.893351 -0.950097 0.989523 0.976776 0.948433 0.903649 0.740699 0.526507 0.440704 0.146276 0.064404 -0.151466 -0.339243 -0.427840 -0.539218 -0.808208 -0.886728 -0.939604 
52.325760 266266.312500 50 50 50 0.938526 0.874440 0.933998 0.991779 0.982366 0.958573 0.902460 0.799482 0.677193 0.493018 0.224300 0.076259 -0.081904 -0.318816 -0.442791 -0.661826 -0.806455 -0.895117 -0.969655 0.991582 0.981928 0.956634 0.889984 0.786898 0.684463 0.483142 0.204207 0.065852 -0.129987 -0.318018 -0.431328 -0.626509 -0.822789 -0.890820 -0.951549 
52.050900 134272.296875 50 52 52 0.934190 0.921799 0.886624 0.993126 0.984847 0.960171 0.909895 0.794173 0.692606 0.500305 0.294217 0.068940 -0.080812 -0.334687 -0.468492 -0.671038 -0.810657 -0.900535 -0.972805 0.992254 0.982898 0.959265 0.920843 0.806426 0.674311 0.506682 0.269420 0.079113 -0.097539 -0.318421 -0.464937 -0.657263 -0.786819 -0.903125 -0.974519 
51.367092 3000455.500000 52 54 52 0.862127 0.942908 0.905889 0.990198 0.975292 0.949610 0.859676 0.730300 0.684900 0.236909 0.014812 -0.079094 -0.284734 -0.427829 -0.479599 -0.660723 -0.850560 -0.878354 -0.955954 0.993375 0.985364 0.961107 0.908481 0.759373 0.699003 0.477761 0.228702 0.040271 -0.164501 -0.408524 -0.535593 -0.735384 -0.846924 -0.896770 -0.972395 
59.703182 12849299.000000 52 50 52 0.931720 0.974213 0.975232 0.979842 0.967729 0.947026 0.882407 0.742622 0.692230 0.234585 -0.030101 -0.098145 -0.292192 -0.379018 -0.467536 -0.540310 -0.757948 -0.903792 -0.956440 0.982495 0.968182 0.949793 0.866348 0.734324 0.704039 0.245630 -0.014509 -0.070615 -0.292945 -0.376410 -0.467428 -0.557446 -0.790590 -0.888414 -0.954921 
60.083141 7264732.500000 50 52 52 0.936181 0.986424 0.940484 0.980985 0.969323 0.945449 0.893853 0.787858 0.718386 0.226249 -0.079230 -0.148190 -0.280413 -0.359103 -0.480918 -0.616275 -0.718138 -0.858809 -0.967588 0.979824 0.968263 0.945632 0.893754 0.760219 0.699008 0.208982 -0.081834 -0.146957 -0.283442 -0.375759 -0.474904 -0.568476 -0.758051 -0.891999 -0.949259 
54.309654 1788828.625000 52 54 54 0.984588 0.918450 0.968495 0.989866 0.976726 0.950915 0.887908 0.798579 0.697434 0.305625 -0.100095 -0.162384 -0.273345 -0.377593 -0.573087 -0.644448 -0.790999 -0.919828 -0.976058 0.985720 0.972381 0.948834 0.891818 0.799395 0.706815 0.227231 -0.099411 -0.168554 -0.273020 -0.353428 -0.547445 -0.644728 -0.738309 -0.884993 -0.981281 
53.900665 669661.312500 54 54 56 0.948997 0.982819 0.971673 0.991094 0.979107 0.961569 0.914208 0.803061 0.739303 0.390052 -0.065342 -0.163734 -0.221496 -0.345025 -0.561901 -0.669783 -0.715711 -0.876198 -0.973268 0.990775 0.979043 0.955892 0.909470 0.789971 0.722493 0.351914 -0.098519 -0.157196 -0.231751 -0.399880 -0.586547 -0.666059 -0.765289 -0.922023 -0.971677 
53.860672 323674.718750 56 56 58 0.972582 0.954788 0.935855 0.991068 0.978737 0.967720 0.894910 0.843085 0.770037 0.424302 -0.019854 -0.184592 -0.231832 -0.322869 -0.533520 -0.699016 -0.729845 -0.858467 -0.970848 0.991134 0.978805 0.964586 0.896470 0.823547 0.747095 0.416633 -0.001768 -0.171842 -0.228401 -0.326849 -0.547924 -0.663144 -0.709206 -0.867600 -0.972647 
54.905052 452539.531250 58 62 64 0.933944 0.779503 0.941885 0.986539 0.978550 0.965417 0.895974 0.855362 0.711931 0.438387 0.023389 -0.168027 -0.225956 -0.313575 -0.519404 -0.687636 -0.726643 -0.860809 -0.972493 0.989257 0.978377 0.969662 0.904044 0.848121 0.719374 0.378507 -0.033206 -0.183948 -0.235133 -0.341642 -0.560801 -0.690502 -0.724756 -0.831641 -0.970426 
57.974564 10771064.000000 64 66 68 0.945339 0.945860 0.714697 0.982990 0.973094 0.937613 0.883173 0.849691 0.610227 0.145100 -0.101631 -0.225484 -0.310006 -0.407127 -0.521605 -0.697719 -0.816639 -0.879601 -0.961605 0.986106 0.979025 0.959599 0.892426 0.854793 0.663978 0.274451 -0.046647 -0.202598 -0.289115 -0.375030 -0.529012 -0.703675 -0.816283 -0.879221 -0.965009 
59.285145 7400314.000000 68 72 74 0.779544 0.900581 0.926196 0.975201 0.956420 0.926235 0.875549 0.828956 0.760809 0.330684 -0.061674 -0.139465 -0.239557 -0.299136 -0.422370 -0.602577 -0.711203 -0.797745 -0.923336 0.978766 0.962768 0.934298 0.881811 0.841225 0.761768 0.196886 -0.099307 -0.176746 -0.283171 -0.368035 -0.462008 -0.610383 -0.744314 -0.833351 -0.931459 
57.459694 5255630.000000 74 78 80 0.950214 0.896687 0.944952 0.976716 0.954662 0.919466 0.855929 0.795205 0.744983 0.447089 0.060831 -0.046393 -0.186993 -0.261581 -0.400587 -0.611419 -0.761900 -0.804080 -0.931187 0.973776 0.952102 0.920873 0.869061 0.809290 0.746609 0.420043 0.028165 -0.117851 -0.211497 -0.282474 -0.381199 -0.591942 -0.732074 -0.793032 -0.932412 
54.438362 3291145.500000 80 82 84 0.948097 0.952097 0.956071 0.982982 0.961039 0.918047 0.854482 0.770106 0.728089 0.453925 0.110909 -0.007623 -0.190723 -0.261266 -0.354684 -0.560355 -0.743568 -0.795803 -0.920009 0.978410 0.956420 0.919301 0.850794 0.789637 0.736721 0.456523 0.093960 -0.008915 -0.181677 -0.282737 -0.387601 -0.590753 -0.744290 -0.788298 -0.923981 
53.527878 2209354.500000 84 86 88 0.963954 0.936092 0.597488 0.982567 0.964750 0.926399 0.856845 0.735863 0.698117 0.462251 0.179727 0.074640 -0.076583 -0.204194 -0.340288 -0.580157 -0.792075 -0.821512 -0.933447 0.982505 0.963524 0.920233 0.847478 0.753194 0.710453 0.476797 0.141609 0.024211 -0.151946 -0.228965 -0.311695 -0.557503 -0.775254 -0.814563 -0.946509 
51.781776 1107271.375000 88 90 92 0.572438 0.837010 0.863743 0.985870 0.973889 0.942370 0.845263 0.698895 0.653724 0.333751 0.177389 0.123404 -0.006822 -0.167517 -0.363635 -0.491505 -0.749852 -0.857902 -0.958304 0.984052 0.965642 0.931932 0.855608 0.703152 0.668519 0.348793 0.173396 0.115229 -0.025959 -0.234707 -0.386501 -0.544429 -0.782911 -0.833539 -0.950815 
46.544312 108771.843750 92 92 92 0.880144 0.758691 0.403973 0.991653 0.980068 0.955914 0.855211 0.774843 0.713895 0.419182 0.187993 0.097052 -0.059229 -0.238971 -0.389412 -0.653378 -0.808888 -0.882799 -0.971448 0.990011 0.977355 0.954551 0.844665 0.724109 0.660168 0.303841 0.179115 0.117240 0.013234 -0.186915 -0.357455 -0.589012 -0.785315 -0.878554 -0.970807 
41.656563 380722.875000 92 70 92 0.409116 0.550273 0.360068 0.993354 0.971579 0.920810 0.829304 0.755825 0.617489 0.227697 0.134579 -0.041028 -0.278352 -0.429201 -0.562549 -0.689025 -0.792413 -0.920320 -0.983400 0.993498 0.981677 0.944160 0.850257 0.780290 0.716836 0.515692 0.180441 0.082306 -0.120940 -0.236474 -0.444464 -0.669542 -0.806848 -0.897866 -0.974751 
46.267975 21425998.000000 70 64 74 0.574491 0.480005 0.352984 0.976592 0.941201 0.807549 0.673223 0.293795 0.132947 0.021997 -0.101797 -0.244652 -0.403848 -0.561719 -0.709060 -0.795513 -0.885142 -0.946006 -0.977053 0.980154 0.955500 0.866474 0.749900 0.630839 0.253646 0.167324 -0.001282 -0.174109 -0.351768 -0.500877 -0.650722 -0.752743 -0.854969 -0.929121 -0.974902 
56.492508 56495048.000000 150 150 74 0.619275 0.468664 0.473975 0.971681 0.905459 0.667761 0.491706 0.206564 0.095365 -0.056722 -0.165687 -0.298214 -0.465720 -0.572164 -0.703686 -0.792602 -0.864148 -0.950136 -0.971462 0.973805 0.902857 0.720146 0.505391 0.180795 0.084858 -0.053728 -0.155339 -0.279012 -0.457443 -0.576674 -0.712796 -0.813890 -0.892642 -0.948582 -0.981119 
52.432137 20485226.000000 74 148 114 0.567769 0.591782 0.403703 0.973097 0.917651 0.695556 0.424784 0.218790 0.113128 0.033900 -0.159439 -0.283226 -0.422847 -0.570988 -0.704944 -0.794561 -0.873912 -0.924862 -0.974248 0.975291 0.919412 0.694751 0.467980 0.211529 0.109485 -0.006040 -0.170950 -0.301592 -0.444280 -0.585792 -0.711097 -0.782085 -0.863212 -0.937707 -0.973596 
49.895668 14997594.000000 84 66 88 0.407069 0.403879 0.501978 0.975696 0.913402 0.633612 0.483095 0.265852 0.146012 0.074868 -0.121718 -0.279841 -0.415339 -0.558149 -0.659508 -0.786714 -0.860476 -0.929151 -0.968370 0.972493 0.915686 0.661315 0.457187 0.231040 0.123618 0.014421 -0.157581 -0.284162 -0.424545 -0.555524 -0.661776 -0.790568 -0.876810 -0.929473 -0.974996 
49.648670 15377822.000000 88 108 122 0.517161 0.427211 0.409592 0.973318 0.886444 0.578712 0.505354 0.317712 0.175822 0.121071 -0.051701 -0.255191 -0.358242 -0.516025 -0.621423 -0.785499 -0.855390 -0.929475 -0.964827 0.973557 0.886239 0.580550 0.475911 0.250138 0.154622 0.080556 -0.097088 -0.266269 -0.388802 -0.548502 -0.644808 -0.791011 -0.874275 -0.931312 -0.971227 
43.993179 6161303.500000 76 78 72 0.357415 0.399616 0.848006 0.990275 0.974612 0.952151 0.632836 0.514624 0.306853 0.158856 0.085211 -0.132109 -0.274610 -0.460330 -0.587194 -0.765742 -0.830446 -0.931567 -0.967428 0.978748 0.923557 0.623736 0.526805 0.371679 0.171428 0.128160 -0.042367 -0.218616 -0.357409 -0.493818 -0.617777 -0.778725 -0.850373 -0.929353 -0.969540 
54.135380 6791541.000000 70 78 82 0.670924 0.881372 0.953140 0.985251 0.971811 0.957955 0.855198 0.591505 0.516195 0.214433 0.139484 0.026645 -0.140421 -0.345439 -0.590970 -0.739458 -0.833629 -0.924679 -0.964665 0.987880 0.971273 0.959866 0.847961 0.565981 0.454978 0.197960 0.141967 -0.010207 -0.139766 -0.419224 -0.577204 -0.737776 -0.815869 -0.927762 -0.967581 
53.718018 3845764.250000 82 84 86 0.945733 0.956330 0.931387 0.985065 0.974884 0.957550 0.875030 0.604952 0.583162 0.238049 0.127999 -0.100459 -0.229640 -0.344820 -0.588482 -0.659194 -0.841172 -0.926033 -0.974558 0.984565 0.973364 0.956368 0.855716 0.595514 0.564288 0.221820 0.139802 -0.033711 -0.181224 -0.351340 -0.607122 -0.706881 -0.841874 -0.927684 -0.965932 
52.319687 1518700.000000 86 88 90 0.912331 0.967918 0.860062 0.986700 0.977458 0.959926 0.894669 0.611338 0.593501 0.197619 0.130557 -0.089595 -0.235444 -0.352983 -0.511048 -0.728795 -0.868289 -0.918166 -0.954413 0.985888 0.975949 0.959309 0.885012 0.611475 0.584548 0.206565 0.116598 -0.078806 -0.232576 -0.399965 -0.536853 -0.697816 -0.849290 -0.919477 -0.970156 
45.864426 220248.265625 90 92 90 0.849141 0.657601 0.912083 0.990945 0.980569 0.965125 0.923120 0.623553 0.552936 0.249645 0.135589 -0.096532 -0.241576 -0.373272 -0.551693 -0.773668 -0.868649 -0.928666 -0.957104 0.987103 0.979085 0.961425 0.880648 0.609733 0.579359 0.183622 0.109279 -0.136988 -0.231708 -0.385843 -0.492803 -0.742511 -0.870972 -0.924589 -0.953910 
46.530308 94070.945312 90 86 84 0.927370 0.929903 0.970371 0.992196 0.982700 0.967582 0.950105 0.698452 0.540378 0.301476 0.150019 0.043110 -0.233098 -0.368678 -0.568270 -0.695427 -0.821303 -0.927449 -0.968544 0.992202 0.981290 0.965330 0.941447 0.667760 0.530229 0.348280 0.158359 -0.003120 -0.244117 -0.353930 -0.598565 -0.709866 -0.853840 -0.927890 -0.960883 
48.429558 77680.015625 82 82 82 0.953853 0.954489 0.886492 0.992194 0.984870 0.966890 0.949652 0.746160 0.589336 0.383389 0.165872 0.090584 -0.231440 -0.348224 -0.563213 -0.744633 -0.855521 -0.916080 -0.973852 0.992154 0.983736 0.968188 0.951025 0.720079 0.580019 0.323654 0.152714 0.045990 -0.220082 -0.384347 -0.580794 -0.752848 -0.848953 -0.928116 -0.970225 
48.501495 79621.062500 80 78 76 0.937473 0.942945 0.973347 0.993661 0.986242 0.969953 0.945997 0.704647 0.591737 0.360056 0.146501 0.086875 -0.167607 -0.369437 -0.559769 -0.710464 -0.813357 -0.915507 -0.977277 0.993408 0.985773 0.969322 0.950310 0.727634 0.589752 0.361579 0.169490 0.106541 -0.235408 -0.356651 -0.574731 -0.702984 -0.834387 -0.913906 -0.977106 
46.487335 35959.222656 76 74 72 0.973564 0.953536 0.928708 0.994562 0.987322 0.972746 0.949246 0.695646 0.582323 0.335639 0.146597 0.047287 -0.197306 -0.395441 -0.555795 -0.719061 -0.832294 -0.933357 -0.976231 0.994336 0.986156 0.971147 0.945427 0.679216 0.604026 0.322641 0.134978 0.075720 -0.122485 -0.399323 -0.555866 -0.716314 -0.824657 -0.923367 -0.978098 
38.841179 19399.451172 72 72 64 0.897258 0.726514 0.308543 0.994105 0.985277 0.964062 0.845755 0.606320 0.496992 0.270944 0.159715 0.009089 -0.173802 -0.367409 -0.560794 -0.677462 -0.828441 -0.913163 -0.973184 0.994614 0.986763 0.974434 0.939015 0.678991 0.534788 0.352922 0.151939 -0.025136 -0.214094 -0.361043 -0.558354 -0.725991 -0.828907 -0.914324 -0.976028 
26.056423 7586.423340 62 60 64 0.543936 0.574511 0.582638 0.994010 0.982284 0.935558 0.827155 0.658860 0.520420 0.317725 0.118254 -0.072293 -0.237340 -0.415449 -0.581637 -0.738681 -0.838280 -0.928343 -0.967084 0.994221 0.983289 0.952710 0.835531 0.627164 0.506356 0.290257 0.154451 0.000803 -0.194572 -0.429513 -0.570005 -0.690570 -0.835771 -0.929755 -0.970970 
18.712543 5073.579102 76 80 212 0.589155 0.549643 0.332231 0.989324 0.971612 0.916326 0.806208 0.656481 0.498578 0.320734 0.137454 -0.070968 -0.248457 -0.385328 -0.610860 -0.748551 -0.835978 -0.912893 -0.976599 0.994475 0.978831 0.922747 0.815422 0.658713 0.505840 0.303520 0.128363 -0.095942 -0.217557 -0.371719 -0.589248 -0.751529 -0.822460 -0.925618 -0.975252 
17.488201 6435.191406 150 148 70 0.433847 0.503207 0.556668 0.988933 0.967539 0.910640 0.793942 0.667797 0.568821 0.352399 0.099648 -0.097216 -0.196343 -0.435936 -0.577820 -0.716662 -0.837391 -0.920214 -0.981734 0.991452 0.974223 0.914905 0.804408 0.655590 0.533294 0.339233 0.119355 -0.081946 -0.251725 -0.423212 -0.582085 -0.736825 -0.837186 -0.919257 -0.978627 
18.947327 7634.179688 72 90 86 0.462206 0.582288 0.449683 0.987523 0.959331 0.925718 0.787076 0.664688 0.574847 0.346668 0.168430 -0.043900 -0.243284 -0.359760 -0.559251 -0.750267 -0.834154 -0.938592 -0.975538 0.987902 0.966408 0.928976 0.805144 0.679049 0.545972 0.374530 0.183204 -0.095843 -0.219652 -0.401037 -0.574434 -0.718584 -0.806846 -0.927530 -0.981800 
17.171926 6265.870605 178 56 92 0.484979 0.399188 0.681737 0.981755 0.961370 0.921611 0.775865 0.677774 0.580439 0.276229 0.122964 -0.017367 -0.200996 -0.378307 -0.582675 -0.748637 -0.844970 -0.923337 -0.976246 0.987443 0.964047 0.913489 0.773510 0.659917 0.589567 0.310825 0.138073 -0.008567 -0.230898 -0.376243 -0.558458 -0.758742 -0.839347 -0.937452 -0.978087 
16.326212 5295.616699 92 48 96 0.677979 0.468937 0.448092 0.985650 0.963964 0.894198 0.795514 0.659163 0.549232 0.298356 0.115649 -0.068785 -0.245563 -0.374772 -0.549654 -0.714009 -0.838236 -0.909143 -0.976884 0.979940 0.961332 0.912515 0.799064 0.679640 0.568454 0.309387 0.115869 -0.044045 -0.204943 -0.370810 -0.555020 -0.718126 -0.823014 -0.916357 -0.963670 
15.180340 7154.377441 46 88 44 0.524840 0.400073 0.435337 0.989970 0.964769 0.881961 0.743299 0.651492 0.567401 0.311811 0.097366 -0.123194 -0.220276 -0.357152 -0.517642 -0.645631 -0.831963 -0.909486 -0.976378 0.990124 0.964216 0.885458 0.767191 0.650527 0.570361 0.311483 0.127477 -0.129594 -0.234673 -0.368964 -0.522531 -0.688946 -0.839477 -0.907689 -0.979583 
16.521751 6969.469727 50 56 86 0.426226 0.660555 0.346151 0.989580 0.964589 0.881951 0.728385 0.682998 0.576378 0.310164 0.113937 -0.018073 -0.173993 -0.330270 -0.530874 -0.718622 -0.820344 -0.924573 -0.971941 0.989467 0.969862 0.882955 0.730948 0.677906 0.590856 0.311271 0.132827 -0.047736 -0.193527 -0.326868 -0.518216 -0.698268 -0.825795 -0.915694 -0.970054 
15.934542 7425.833008 86 110 94 0.420517 0.491634 0.487430 0.978545 0.956136 0.883300 0.753696 0.675616 0.594136 0.295271 0.080020 -0.059815 -0.177997 -0.325741 -0.532022 -0.710671 -0.831461 -0.924564 -0.982587 0.983350 0.958052 0.885801 0.740052 0.685728 0.573524 0.299817 0.104924 -0.029877 -0.176304 -0.330446 -0.537725 -0.721851 -0.824391 -0.926497 -0.972689 
16.104095 7556.942383 94 102 106 0.467713 0.457928 0.534256 0.979568 0.957705 0.893757 0.760790 0.655541 0.587338 0.303406 0.111529 -0.042614 -0.205037 -0.320969 -0.479150 -0.691025 -0.851494 -0.905694 -0.977842 0.975430 0.955078 0.889691 0.740559 0.655134 0.597310 0.316150 0.093167 -0.068363 -0.196423 -0.327187 -0.492203 -0.681934 -0.842675 -0.920540 -0.974389 
15.687611 10231.745117 106 88 94 0.476106 0.502001 0.291485 0.985629 0.944846 0.864517 0.754975 0.673995 0.600341 0.309528 0.069506 -0.097927 -0.252381 -0.312251 -0.438188 -0.717765 -0.843913 -0.928570 -0.977291 0.984519 0.949676 0.878298 0.748025 0.673145 0.550605 0.288783 0.093013 -0.068134 -0.248067 -0.320377 -0.465399 -0.698841 -0.837171 -0.913815 -0.979577 
17.136028 13358.462891 106 60 106 0.292561 0.481553 0.639452 0.982332 0.949834 0.872118 0.759198 0.685067 0.519330 0.255605 0.018931 -0.083876 -0.222345 -0.332614 -0.387012 -0.653509 -0.829648 -0.931085 -0.976985 0.981378 0.949345 0.869779 0.756060 0.672987 0.582849 0.295982 0.059949 -0.061207 -0.220360 -0.328105 -0.410708 -0.665570 -0.843403 -0.932662 -0.978713 
17.065380 10000.321289 106 214 88 0.656606 0.326892 0.422287 0.982161 0.953385 0.876689 0.792599 0.710536 0.545947 0.239261 0.053652 -0.144941 -0.242754 -0.344822 -0.397877 -0.693762 -0.814041 -0.927463 -0.973044 0.977465 0.952289 0.874957 0.765665 0.700026 0.527307 0.193273 0.013659 -0.145425 -0.267035 -0.332741 -0.400672 -0.681960 -0.817596 -0.922272 -0.972834 
15.559454 5755.458496 88 92 100 0.456544 0.588128 0.380183 0.983802 0.954715 0.894352 0.780045 0.686660 0.515988 0.311526 0.133670 -0.094927 -0.286446 -0.362507 -0.449026 -0.676910 -0.828011 -0.915256 -0.973892 0.983835 0.951049 0.885501 0.801242 0.703148 0.531035 0.282091 0.095133 -0.109051 -0.247415 -0.344197 -0.419432 -0.657917 -0.814825 -0.918123 -0.979081 
13.064846 3257.627197 148 112 108 0.487358 0.470451 0.507616 0.987567 0.961792 0.906467 0.796456 0.699793 0.510529 0.330617 0.126590 -0.095388 -0.229776 -0.378453 -0.546786 -0.708375 -0.844682 -0.934239 -0.968579 0.982649 0.961799 0.885589 0.786113 0.681540 0.520626 0.309443 0.137665 -0.115124 -0.257002 -0.358173 -0.503566 -0.687019 -0.832097 -0.929195 -0.964259 
13.137592 2321.895752 106 118 148 0.491142 0.471995 0.422044 0.986229 0.959614 0.923101 0.793931 0.652553 0.520339 0.319270 0.148818 -0.078948 -0.239965 -0.450966 -0.583943 -0.721313 -0.842068 -0.925682 -0.980130 0.989227 0.962240 0.930471 0.812523 0.667508 0.514050 0.335756 0.114568 -0.063811 -0.227494 -0.413293 -0.560894 -0.736737 -0.836993 -0.932542 -0.972142 
12.822273 1948.465576 92 110 94 0.466047 0.476216 0.654672 0.984461 0.967561 0.918791 0.822274 0.652880 0.490640 0.330597 0.157126 -0.079544 -0.247520 -0.385638 -0.586937 -0.731433 -0.874589 -0.925623 -0.978060 0.985952 0.968497 0.932137 0.788674 0.654650 0.517824 0.304704 0.180291 -0.063236 -0.236323 -0.429757 -0.598309 -0.719254 -0.856921 -0.937517 -0.980019 
10.451323 2111.503418 96 100 104 0.699316 0.354212 0.356537 0.988781 0.957570 0.900683 0.798275 0.644850 0.509187 0.325960 0.119994 -0.100046 -0.247213 -0.385330 -0.578091 -0.704803 -0.830457 -0.908018 -0.974435 0.986647 0.965484 0.904792 0.808303 0.655426 0.505125 0.335930 0.148943 -0.097149 -0.259902 -0.418703 -0.606995 -0.722336 -0.852713 -0.920624 -0.977700 
12.228021 2129.069092 130 86 84 0.517754 0.547372 0.479795 0.984675 0.965787 0.923459 0.800525 0.682788 0.526055 0.309023 0.120796 -0.118830 -0.260281 -0.407814 -0.583165 -0.717676 -0.804483 -0.925015 -0.979963 0.984208 0.966471 0.914625 0.779873 0.682828 0.501712 0.320995 0.104444 -0.123565 -0.257060 -0.378678 -0.553531 -0.721523 -0.800293 -0.908972 -0.975204 
33.629368 1186062.500000 54 56 50 0.280300 0.586084 0.598313 0.974333 0.953380 0.908135 0.831377 0.579141 0.543917 0.125067 0.021109 -0.174975 -0.367765 -0.477292 -0.555747 -0.706100 -0.825572 -0.963651 -0.992454 0.982991 0.956657 0.895943 0.794957 0.600242 0.462024 0.264612 0.086402 -0.166609 -0.314009 -0.449921 -0.564020 -0.703720 -0.795689 -0.940879 -0.984631 
51.927986 1814380.250000 40 64 64 0.375529 0.637683 0.832063 0.984885 0.974496 0.955199 0.877709 0.699899 0.655126 0.221351 0.168367 -0.024114 -0.251658 -0.326387 -0.453512 -0.596376 -0.689144 -0.813299 -0.966465 0.989531 0.977432 0.956106 0.900140 0.643524 0.581820 0.230786 0.095096 -0.056809 -0.282182 -0.427192 -0.528744 -0.689425 -0.798974 -0.952457 -0.990607 
47.186989 58674.593750 64 68 70 0.871456 0.788773 0.804771 0.994523 0.986786 0.965259 0.900661 0.714209 0.651970 0.378321 0.208062 0.016052 -0.234044 -0.345741 -0.507173 -0.627184 -0.750482 -0.898738 -0.975744 0.988717 0.974653 0.957387 0.889873 0.703457 0.662722 0.250740 0.178395 -0.012880 -0.236998 -0.314579 -0.470485 -0.602691 -0.698118 -0.849645 -0.970635 
35.863914 12055.313477 72 80 62 0.787496 0.463274 0.661988 0.991832 0.978194 0.949914 0.861956 0.716949 0.664539 0.307222 0.169383 0.010153 -0.262317 -0.364008 -0.469476 -0.636726 -0.789712 -0.910441 -0.971187 0.993968 0.985871 0.962814 0.881758 0.723436 0.648704 0.346723 0.173936 0.004040 -0.247748 -0.364639 -0.503648 -0.628831 -0.741195 -0.898807 -0.975994 
28.668915 6635.501465 146 148 208 0.569043 0.573226 0.420600 0.990607 0.973710 0.953408 0.847837 0.719304 0.674740 0.372098 0.171333 -0.010588 -0.222716 -0.379997 -0.533173 -0.699963 -0.840442 -0.919696 -0.970748 0.989888 0.975115 0.952077 0.874803 0.718779 0.676482 0.373505 0.181207 0.046525 -0.226211 -0.368892 -0.477879 -0.685827 -0.843965 -0.910032 -0.971448 
39.343979 11661995.000000 60 96 158 0.581446 0.738675 0.515788 0.967394 0.881634 0.781296 0.714570 0.626279 0.425179 0.230512 0.105996 -0.160526 -0.331217 -0.455147 -0.564364 -0.707000 -0.834719 -0.934998 -0.971029 0.987236 0.971324 0.932181 0.800723 0.716872 0.589720 0.345780 0.167334 -0.049848 -0.240153 -0.409014 -0.553175 -0.711771 -0.848911 -0.926874 -0.968159 
39.628159 2440483.000000 72 56 120 0.290205 0.415994 0.441285 0.966178 0.896665 0.762818 0.702162 0.586134 0.391960 0.193363 0.082113 -0.129891 -0.281895 -0.431833 -0.541704 -0.688925 -0.867100 -0.952474 -0.964187 0.973734 0.944236 0.787173 0.720320 0.642231 0.461816 0.213026 0.115937 -0.194041 -0.340072 -0.438075 -0.556202 -0.717057 -0.851496 -0.945078 -0.967832 
34.843567 1036453.812500 90 78 76 0.451763 0.471390 0.282407 0.963349 0.871534 0.795156 0.737827 0.628359 0.511484 0.302604 0.109494 -0.092532 -0.263348 -0.417186 -0.578707 -0.677472 -0.858890 -0.954975 -0.971157 0.956295 0.873845 0.770484 0.711735 0.582281 0.461787 0.218576 0.077222 -0.112087 -0.275688 -0.444699 -0.554408 -0.691756 -0.860040 -0.951931 -0.965417 
49.862823 976024.312500 72 60 62 0.264784 0.764069 0.922942 0.989611 0.970020 0.940918 0.866401 0.740047 0.683161 0.575452 0.396663 0.044374 -0.144777 -0.278112 -0.476670 -0.625392 -0.740151 -0.937138 -0.968298 0.991331 0.976055 0.881455 0.800852 0.726097 0.601881 0.457899 0.236284 -0.021982 -0.231292 -0.340551 -0.544206 -0.658399 -0.805223 -0.945348 -0.972114 
61.178051 9216696.000000 62 66 66 0.923945 0.942081 0.961911 0.978445 0.961721 0.938408 0.850013 0.694644 0.659372 0.574322 0.490160 0.081130 -0.077886 -0.230672 -0.509629 -0.617451 -0.665623 -0.887962 -0.973928 0.984807 0.963006 0.939739 0.844999 0.719782 0.671866 0.608196 0.508484 0.049001 -0.086859 -0.247794 -0.515557 -0.617097 -0.690379 -0.924589 -0.974380 
65.820557 36568980.000000 66 68 68 0.950050 0.968483 0.984015 0.973557 0.960868 0.937975 0.831636 0.667800 0.627689 0.464556 0.356276 0.095097 -0.108651 -0.235236 -0.526392 -0.634376 -0.700119 -0.750925 -0.948220 0.974957 0.961205 0.937333 0.852205 0.676061 0.647680 0.526138 0.436174 0.062578 -0.105128 -0.243097 -0.495672 -0.630925 -0.687337 -0.789737 -0.970777 
66.114151 49894140.000000 68 68 68 0.985527 0.986538 0.946050 0.974599 0.961328 0.940496 0.842371 0.641854 0.607391 0.378441 0.217645 0.100021 -0.088211 -0.255144 -0.491550 -0.601744 -0.708511 -0.775268 -0.917067 0.973771 0.960806 0.939285 0.823879 0.652763 0.611013 0.418858 0.280588 0.125769 -0.102829 -0.201231 -0.525000 -0.634332 -0.714974 -0.765906 -0.918755 
65.835411 55276452.000000 68 70 70 0.947732 0.979955 0.963547 0.976733 0.964175 0.947092 0.837906 0.638868 0.605395 0.344062 0.161941 0.084073 -0.152350 -0.363374 -0.488099 -0.619320 -0.749651 -0.800090 -0.932589 0.975675 0.962435 0.942541 0.839824 0.633725 0.603022 0.360651 0.169965 0.093439 -0.123141 -0.263106 -0.511897 -0.629803 -0.735786 -0.798182 -0.930817 
61.614738 22629070.000000 70 72 76 0.976400 0.927880 0.804325 0.985207 0.970253 0.956785 0.775697 0.628423 0.573186 0.253039 0.142671 -0.027212 -0.340275 -0.469995 -0.534557 -0.714767 -0.860900 -0.958886 -0.979397 0.980579 0.966760 0.954295 0.833377 0.643692 0.615661 0.315478 0.146225 0.042169 -0.225967 -0.436390 -0.502284 -0.622212 -0.761014 -0.842251 -0.971236 
47.936157 5247550.500000 76 80 76 0.793494 0.874991 0.354077 0.986737 0.969150 0.906224 0.733206 0.629642 0.577500 0.385431 0.130581 -0.180772 -0.349319 -0.519959 -0.647115 -0.764518 -0.882709 -0.959698 -0.992462 0.986868 0.976369 0.919966 0.707272 0.620884 0.549574 0.303665 0.143653 -0.112471 -0.396415 -0.500378 -0.613228 -0.765297 -0.902667 -0.957603 -0.988677 
40.027054 4722324.000000 70 70 70 0.424006 0.620534 0.818285 0.984313 0.959992 0.893689 0.700008 0.620898 0.520720 0.260090 0.060342 -0.172671 -0.398495 -0.534100 -0.679854 -0.797327 -0.872953 -0.938055 -0.980436 0.989258 0.959512 0.906706 0.710303 0.628320 0.561225 0.359183 0.080187 -0.203191 -0.366991 -0.511794 -0.659772 -0.781439 -0.885494 -0.950776 -0.988953 
42.443726 6751232.000000 70 68 68 0.763812 0.810761 0.680753 0.970696 0.956103 0.902483 0.687014 0.614945 0.442917 0.207466 -0.009915 -0.320241 -0.434091 -0.561993 -0.717981 -0.833109 -0.900434 -0.951085 -0.991126 0.970771 0.958850 0.891489 0.689254 0.616644 0.520102 0.255718 0.035884 -0.249968 -0.443726 -0.567989 -0.706290 -0.805480 -0.881931 -0.937812 -0.977879 
42.210571 5956485.000000 68 50 54 0.644165 0.720340 0.768309 0.985792 0.967234 0.914977 0.686864 0.612462 0.464744 0.192797 0.050796 -0.218787 -0.387132 -0.499710 -0.681497 -0.817775 -0.905782 -0.943774 -0.977185 0.969254 0.959117 0.876259 0.670600 0.612006 0.390955 0.164350 0.032384 -0.275331 -0.424535 -0.522892 -0.705733 -0.837311 -0.918402 -0.951508 -0.991683 
57.732750 49414232.000000 54 66 72 0.634039 0.745588 0.900127 0.982609 0.968323 0.950038 0.745686 0.614570 0.550034 0.264984 0.200071 -0.015473 -0.368171 -0.445906 -0.563837 -0.676635 -0.793016 -0.898240 -0.951356 0.985954 0.971944 0.948377 0.778624 0.619454 0.562184 0.297233 0.200709 0.026191 -0.304201 -0.423505 -0.542629 -0.737917 -0.861867 -0.933399 -0.968437 
55.853142 17126510.000000 72 80 78 0.915736 0.329371 0.949004 0.985604 0.969953 0.947510 0.711651 0.624472 0.487416 0.240267 0.085753 -0.224199 -0.345278 -0.424900 -0.589036 -0.680730 -0.791225 -0.894332 -0.954520 0.982857 0.968226 0.957482 0.754245 0.616312 0.527375 0.238709 0.153393 -0.224622 -0.385317 -0.445662 -0.603063 -0.702187 -0.806543 -0.897888 -0.970302 
54.524540 28461692.000000 78 78 76 0.949076 0.978350 0.986368 0.984302 0.968872 0.948130 0.707781 0.605449 0.512218 0.254324 0.157347 -0.119011 -0.303406 -0.383831 -0.501717 -0.596021 -0.730016 -0.897271 -0.961813 0.984159 0.968943 0.943351 0.711300 0.620489 0.477008 0.226364 0.134772 -0.197896 -0.328285 -0.407979 -0.529280 -0.624701 -0.744701 -0.901263 -0.965579 
58.602844 31798950.000000 76 76 74 0.985435 0.970764 0.973209 0.982657 0.967475 0.948541 0.765070 0.591917 0.524938 0.252645 0.176134 0.033638 -0.162209 -0.326103 -0.485224 -0.585330 -0.652944 -0.754126 -0.939348 0.983077 0.968078 0.947784 0.718128 0.589314 0.509683 0.231565 0.161682 -0.044520 -0.227414 -0.358556 -0.483734 -0.594017 -0.661339 -0.858354 -0.946362 
58.884308 17930522.000000 76 76 76 0.929150 0.967910 0.987597 0.982565 0.968821 0.945368 0.773045 0.599960 0.546541 0.299944 0.202175 0.075386 -0.084364 -0.273353 -0.463397 -0.538104 -0.626223 -0.729688 -0.923575 0.982332 0.967928 0.946907 0.774452 0.598260 0.532379 0.293686 0.182604 0.072145 -0.121097 -0.274379 -0.475715 -0.565615 -0.638560 -0.729084 -0.921118 
55.801243 3617228.500000 76 76 76 0.990979 0.991432 0.953429 0.985099 0.971619 0.952575 0.761500 0.620510 0.570981 0.367635 0.258898 0.134173 0.020393 -0.269342 -0.438864 -0.525296 -0.613107 -0.804006 -0.961774 0.983630 0.970282 0.948296 0.759816 0.610333 0.560221 0.314150 0.224504 0.108615 -0.024586 -0.261111 -0.446445 -0.528948 -0.609567 -0.740881 -0.944486 
48.670406 368524.156250 76 78 74 0.970662 0.927478 0.690763 0.989509 0.978787 0.950567 0.829179 0.675619 0.619416 0.454276 0.312078 0.123250 -0.118000 -0.283630 -0.472517 -0.587105 -0.686347 -0.870133 -0.968660 0.988408 0.974781 0.952249 0.777463 0.646120 0.601714 0.416462 0.301756 0.170339 0.026211 -0.312437 -0.441347 -0.545888 -0.667527 -0.842493 -0.968343 
46.566334 188228.359375 74 72 76 0.765007 0.695329 0.676135 0.988244 0.979550 0.943779 0.825098 0.631985 0.567517 0.420821 0.282224 0.108726 -0.056841 -0.297050 -0.455882 -0.563170 -0.699091 -0.900221 -0.964246 0.987457 0.977473 0.952027 0.863135 0.699854 0.610696 0.426931 0.291602 0.113166 -0.087111 -0.281557 -0.460541 -0.560859 -0.684550 -0.888753 -0.964531 
41.217693 72083.250000 76 74 44 0.726479 0.665255 0.868101 0.988602 0.983449 0.959009 0.840788 0.632020 0.579851 0.354213 0.267642 0.067733 -0.086102 -0.236219 -0.456831 -0.600942 -0.775925 -0.899124 -0.967973 0.988305 0.982473 0.948505 0.757249 0.619588 0.570696 0.383993 0.264922 0.093363 -0.065198 -0.276629 -0.453163 -0.571138 -0.737545 -0.901611 -0.967766 
39.420094 51819.199219 42 222 42 0.867482 0.436440 0.414422 0.992219 0.978287 0.952327 0.819897 0.619961 0.589642 0.388034 0.255746 0.105354 -0.123844 -0.303048 -0.481094 -0.663893 -0.784415 -0.904169 -0.973158 0.990330 0.982187 0.959199 0.891657 0.622719 0.572162 0.332255 0.258780 0.101959 -0.095847 -0.284485 -0.466371 -0.636814 -0.784281 -0.903345 -0.971911 
38.804451 40456.484375 48 78 76 0.618526 0.797745 0.664921 0.994138 0.986653 0.964009 0.854515 0.665637 0.591459 0.359182 0.204805 -0.021570 -0.193607 -0.393706 -0.524680 -0.679045 -0.785723 -0.943766 -0.989140 0.994025 0.988085 0.970114 0.822826 0.617950 0.590369 0.364750 0.237214 0.074616 -0.168331 -0.321235 -0.493239 -0.679454 -0.795300 -0.908151 -0.968543 
50.276009 243791.890625 78 76 80 0.753022 0.769348 0.978676 0.987094 0.975938 0.961390 0.896988 0.846895 0.713610 0.384728 0.266265 0.017080 -0.197815 -0.369879 -0.522965 -0.628454 -0.778089 -0.927505 -0.985157 0.987008 0.977489 0.936967 0.858244 0.718468 0.554850 0.312844 0.178296 -0.048895 -0.232560 -0.419480 -0.546942 -0.649045 -0.769139 -0.946115 -0.987963 
55.384735 403514.593750 80 82 82 0.963234 0.966220 0.933587 0.985725 0.976703 0.962674 0.881401 0.807588 0.735483 0.426923 0.300432 0.178550 -0.091957 -0.265155 -0.457242 -0.660926 -0.804029 -0.911156 -0.977181 0.986104 0.975909 0.963786 0.893705 0.834306 0.776385 0.420203 0.287564 0.116603 -0.195312 -0.256772 -0.478599 -0.647354 -0.812339 -0.911044 -0.980534 
54.275242 131793.093750 84 86 90 0.958290 0.739203 0.659037 0.987273 0.977847 0.965380 0.855190 0.770595 0.710143 0.425877 0.340973 0.208975 0.013686 -0.308352 -0.488205 -0.674754 -0.820228 -0.915386 -0.979469 0.985620 0.977090 0.964697 0.887977 0.783531 0.736654 0.401691 0.329221 0.209899 0.079562 -0.276700 -0.475942 -0.656862 -0.807833 -0.911865 -0.977492 
37.973892 27619.089844 96 84 80 0.531581 0.606211 0.540414 0.994505 0.984042 0.936560 0.832791 0.751562 0.682010 0.478906 0.296578 0.114851 -0.161195 -0.335463 -0.535835 -0.693179 -0.838154 -0.922798 -0.969506 0.994241 0.979898 0.940892 0.858320 0.745605 0.691967 0.478627 0.325044 0.180661 -0.121128 -0.319287 -0.514798 -0.685326 -0.836926 -0.920099 -0.972588 
37.489265 858019.812500 86 86 162 0.640537 0.544542 0.408075 0.989032 0.967397 0.871883 0.781752 0.715758 0.507319 0.340247 0.076233 -0.028326 -0.232003 -0.353669 -0.490735 -0.739180 -0.852439 -0.959116 -0.992860 0.990730 0.964333 0.891656 0.803602 0.745507 0.619031 0.410118 0.183621 -0.011742 -0.118819 -0.310482 -0.422394 -0.682933 -0.798269 -0.929332 -0.989871 
41.853939 294483.968750 70 86 42 0.413412 0.615671 0.798299 0.989662 0.981939 0.953051 0.819380 0.733184 0.615675 0.397421 0.121186 -0.068807 -0.197635 -0.359448 -0.684333 -0.856404 -0.920773 -0.953039 -0.989267 0.990048 0.979506 0.939567 0.779886 0.708782 0.523620 0.335141 0.090670 -0.016774 -0.244396 -0.355065 -0.559349 -0.826067 -0.911287 -0.954056 -0.993079 
46.305046 119116.156250 86 84 84 0.602418 0.848577 0.929634 0.989279 0.981027 0.965593 0.868203 0.763397 0.689473 0.521203 0.350547 0.013443 -0.154308 -0.427898 -0.599451 -0.789175 -0.900626 -0.949455 -0.984870 0.989134 0.982319 0.959615 0.843637 0.764583 0.654390 0.431973 0.191457 -0.071870 -0.189253 -0.427580 -0.689187 -0.841815 -0.915019 -0.952347 -0.982635 
51.321507 168896.421875 84 84 84 0.941530 0.949946 0.952506 0.988188 0.979749 0.964428 0.867969 0.739527 0.708878 0.563560 0.508696 0.127125 -0.134723 -0.318901 -0.542486 -0.700069 -0.834515 -0.935137 -0.988102 0.988432 0.980854 0.966528 0.853211 0.753396 0.707267 0.568874 0.500065 0.096512 -0.133045 -0.361640 -0.553020 -0.695610 -0.859350 -0.938343 -0.983639 
50.761467 1721628.375000 84 64 86 0.954573 0.540371 0.559436 0.987056 0.978314 0.962348 0.773092 0.640894 0.580127 0.476837 0.297410 -0.102286 -0.364963 -0.487705 -0.612768 -0.763647 -0.842016 -0.927297 -0.982510 0.987542 0.977423 0.965138 0.845991 0.712514 0.679261 0.566033 0.505646 0.137618 -0.141477 -0.372322 -0.565327 -0.734051 -0.845216 -0.929104 -0.987173 
43.888302 6855789.500000 86 28 82 0.683758 0.492626 0.658370 0.984727 0.974564 0.798111 0.595082 0.544849 0.357544 0.233650 0.086979 -0.172751 -0.365279 -0.526856 -0.678957 -0.768535 -0.876304 -0.941891 -0.987100 0.984904 0.978111 0.925338 0.612683 0.579930 0.480679 0.313956 0.109220 -0.176654 -0.400102 -0.508167 -0.648257 -0.772046 -0.885597 -0.937244 -0.983634 
30.208706 134507.406250 82 86 90 0.564316 0.701660 0.576265 0.989827 0.977593 0.882568 0.683747 0.619214 0.466767 0.339965 0.131428 -0.099907 -0.338291 -0.505010 -0.684896 -0.772154 -0.875004 -0.933113 -0.989783 0.989739 0.971288 0.840137 0.634482 0.545370 0.357101 0.247573 0.102511 -0.131715 -0.324795 -0.503327 -0.680020 -0.756627 -0.872840 -0.934655 -0.990787 
27.710720 670660.250000 74 54 130 0.540678 0.688258 0.459550 0.980272 0.945296 0.778970 0.679211 0.542339 0.298088 0.180855 0.023022 -0.115623 -0.268511 -0.423152 -0.561754 -0.667634 -0.839913 -0.909281 -0.979685 0.989065 0.974363 0.891207 0.679457 0.614498 0.506457 0.379450 0.148043 -0.070374 -0.331690 -0.481706 -0.642652 -0.773231 -0.869086 -0.938400 -0.986058 
50.254665 23731610.000000 24 22 106 0.356274 0.446844 0.525188 0.973707 0.912665 0.708849 0.540817 0.253550 0.141484 -0.015622 -0.226660 -0.320098 -0.423452 -0.557232 -0.669388 -0.794562 -0.877644 -0.953208 -0.988304 0.965635 0.905723 0.735828 0.620571 0.354654 0.221832 0.094588 -0.049534 -0.253660 -0.365166 -0.505987 -0.626646 -0.772051 -0.861218 -0.939775 -0.980722 
52.310440 21367364.000000 106 84 108 0.472236 0.576442 0.443414 0.975962 0.904969 0.657499 0.445056 0.188106 0.093037 -0.032217 -0.181988 -0.294382 -0.460465 -0.582343 -0.675110 -0.795068 -0.889051 -0.957106 -0.989114 0.977175 0.900735 0.702049 0.438916 0.185032 0.107824 -0.060968 -0.224798 -0.293500 -0.471327 -0.573832 -0.672487 -0.796934 -0.886375 -0.957593 -0.987351 
50.376137 17039890.000000 58 126 148 0.559628 0.348955 0.630222 0.972081 0.892519 0.620319 0.473790 0.294319 0.205674 0.059827 -0.175411 -0.277842 -0.372882 -0.569468 -0.670587 -0.788069 -0.889048 -0.950383 -0.982023 0.974116 0.900589 0.623874 0.439305 0.248651 0.142066 -0.008071 -0.160753 -0.290731 -0.395813 -0.575241 -0.656600 -0.795103 -0.891882 -0.961525 -0.981327 
46.365196 15622261.000000 148 112 128 0.464599 0.310772 0.506881 0.968065 0.827580 0.636274 0.565870 0.365613 0.289431 0.173123 -0.038988 -0.248088 -0.399995 -0.558088 -0.659660 -0.791635 -0.880779 -0.933581 -0.987373 0.970240 0.853014 0.629700 0.523526 0.348885 0.260832 0.154107 -0.088075 -0.273590 -0.384821 -0.563223 -0.665898 -0.790700 -0.878520 -0.929449 -0.981452 
44.722633 10603277.000000 128 62 52 0.527101 0.634355 0.819026 0.988500 0.968078 0.922946 0.706338 0.606700 0.468699 0.287771 0.118197 -0.145030 -0.306745 -0.456738 -0.599438 -0.747842 -0.890534 -0.933868 -0.983382 0.975080 0.876711 0.637726 0.580207 0.392926 0.311486 0.184777 -0.009776 -0.224775 -0.357635 -0.527731 -0.649846 -0.781398 -0.887654 -0.933259 -0.981314 
56.565529 12636225.000000 52 58 60 0.789288 0.974439 0.931476 0.982204 0.961831 0.927550 0.796540 0.682554 0.643844 0.575617 0.337056 -0.007843 -0.077128 -0.329498 -0.601512 -0.664811 -0.815161 -0.942143 -0.982515 0.985182 0.963691 0.926661 0.783728 0.676149 0.625220 0.519534 0.254869 0.002941 -0.140210 -0.398506 -0.567178 -0.702707 -0.847736 -0.934565 -0.985623 
57.926414 11144580.000000 60 60 60 0.933855 0.969047 0.943431 0.978626 0.961047 0.918601 0.800738 0.710197 0.650702 0.593773 0.367579 0.053496 -0.085334 -0.279757 -0.546673 -0.660947 -0.796566 -0.918233 -0.981016 0.979955 0.961666 0.925687 0.800903 0.695133 0.645711 0.585845 0.350647 0.024455 -0.082108 -0.300947 -0.594493 -0.669167 -0.789489 -0.915997 -0.979046 
58.191929 9901791.000000 60 60 58 0.943191 0.930504 0.991504 0.978614 0.961936 0.918621 0.789988 0.723572 0.664315 0.608950 0.330739 0.023558 -0.044353 -0.228700 -0.525553 -0.646999 -0.792719 -0.932594 -0.974210 0.978489 0.961539 0.916105 0.793677 0.717389 0.655237 0.602162 0.352940 0.026259 -0.062567 -0.274963 -0.531091 -0.658157 -0.789871 -0.927644 -0.977981 
58.435883 5769636.500000 58 58 56 0.988759 0.989706 0.968821 0.980300 0.963897 0.929514 0.779509 0.722312 0.673069 0.617672 0.392138 0.050524 -0.035048 -0.204982 -0.436549 -0.614101 -0.702477 -0.925623 -0.969070 0.979925 0.962876 0.927919 0.789108 0.727707 0.670846 0.616713 0.393773 0.065619 -0.031603 -0.190751 -0.408823 -0.641737 -0.783764 -0.937201 -0.973353 
58.138027 4868801.500000 56 56 54 0.955945 0.995133 0.965756 0.981448 0.963831 0.933350 0.779451 0.707103 0.672573 0.610380 0.397526 0.011910 -0.057538 -0.191246 -0.416753 -0.606194 -0.649699 -0.857535 -0.971648 0.981345 0.963612 0.932163 0.779155 0.716180 0.677542 0.615464 0.388189 0.030362 -0.030788 -0.203085 -0.434694 -0.612111 -0.658897 -0.898102 -0.970773 
58.143341 4583185.000000 54 54 52 0.955287 0.986991 0.948162 0.982274 0.966707 0.940236 0.787074 0.686823 0.656287 0.588960 0.447424 -0.017828 -0.074807 -0.185354 -0.448500 -0.591547 -0.649268 -0.867954 -0.972080 0.981428 0.965870 0.934375 0.775847 0.696299 0.658862 0.593360 0.382206 -0.006235 -0.071662 -0.189250 -0.432608 -0.597680 -0.637725 -0.854609 -0.971609 
57.097122 2853685.000000 54 52 54 0.929613 0.972213 0.918907 0.986669 0.971795 0.948028 0.762035 0.672219 0.635551 0.563220 0.448485 0.038580 -0.069571 -0.313919 -0.356574 -0.510807 -0.691417 -0.877845 -0.974374 0.983971 0.968072 0.943529 0.781537 0.676931 0.653709 0.583562 0.442959 0.010935 -0.060445 -0.228454 -0.418001 -0.533712 -0.636564 -0.872484 -0.971035 
53.514194 721805.812500 52 52 54 0.959855 0.939035 0.893857 0.991648 0.979836 0.962823 0.826575 0.715744 0.631692 0.551426 0.363664 0.038446 -0.206314 -0.334442 -0.381856 -0.524804 -0.750717 -0.899007 -0.974084 0.990038 0.977253 0.955411 0.791222 0.679067 0.610113 0.559225 0.423120 0.076859 -0.061010 -0.337512 -0.366371 -0.484714 -0.709729 -0.882234 -0.979412 
50.247952 149028.875000 54 58 58 0.928195 0.916950 0.632760 0.991445 0.980778 0.957468 0.793018 0.708876 0.650034 0.582286 0.501347 0.081260 -0.115106 -0.325306 -0.414083 -0.634403 -0.805208 -0.923162 -0.979630 0.991988 0.981161 0.964607 0.824014 0.731341 0.653246 0.561989 0.383317 0.052674 -0.127390 -0.337741 -0.396702 -0.571060 -0.784979 -0.905684 -0.975721 
37.172596 2923444.500000 60 56 58 0.578286 0.687825 0.219870 0.971685 0.937883 0.779671 0.685227 0.589572 0.309874 0.169327 0.009730 -0.119599 -0.273507 -0.423633 -0.564743 -0.687305 -0.776419 -0.862350 -0.988298 0.988516 0.970070 0.905512 0.752005 0.688785 0.644289 0.591053 0.481134 0.074856 -0.156645 -0.311524 -0.465968 -0.670211 -0.816809 -0.917814 -0.978731 
50.760368 40445636.000000 92 110 62 0.532571 0.424462 0.450698 0.973165 0.944914 0.721673 0.633158 0.406152 0.176305 0.044142 -0.186566 -0.252898 -0.376904 -0.525215 -0.630474 -0.754730 -0.848059 -0.945707 -0.984887 0.969072 0.934313 0.719051 0.659502 0.429129 0.232394 0.092710 -0.082519 -0.213294 -0.319036 -0.493386 -0.613743 -0.731511 -0.808502 -0.922977 -0.986482 
53.773811 32521736.000000 48 54 50 0.388722 0.514235 0.585809 0.975453 0.902529 0.699792 0.620799 0.440680 0.152325 0.017596 -0.235273 -0.341281 -0.417052 -0.505429 -0.605532 -0.741176 -0.836262 -0.931874 -0.972863 0.973079 0.943355 0.714366 0.627871 0.431895 0.158212 0.022231 -0.198211 -0.302703 -0.427717 -0.511380 -0.630665 -0.760779 -0.852941 -0.944767 -0.987885 
52.515007 15553921.000000 50 50 98 0.537867 0.575445 0.462765 0.980276 0.903261 0.710754 0.600644 0.392459 0.111533 0.039286 -0.230895 -0.350834 -0.448632 -0.564414 -0.661605 -0.770181 -0.856954 -0.927229 -0.981808 0.981605 0.894096 0.689919 0.610960 0.376627 0.127966 -0.019172 -0.262291 -0.339619 -0.421978 -0.508796 -0.646978 -0.746490 -0.860875 -0.928250 -0.976827 
45.427940 4356691.500000 96 54 52 0.466832 0.333044 0.737495 0.986233 0.946898 0.723676 0.688072 0.538019 0.158467 0.072244 -0.094003 -0.374921 -0.478828 -0.564414 -0.668756 -0.798080 -0.895435 -0.927933 -0.971716 0.980439 0.879347 0.711518 0.635398 0.419697 0.106331 0.055057 -0.174076 -0.371931 -0.477803 -0.565832 -0.652883 -0.783280 -0.859630 -0.938704 -0.977359 
42.261650 1047527.000000 48 56 60 0.429870 0.897524 0.867692 0.993586 0.983914 0.964284 0.742904 0.672167 0.464939 0.085709 -0.055572 -0.256257 -0.380664 -0.522006 -0.679533 -0.757969 -0.869607 -0.934249 -0.972951 0.991761 0.983411 0.942270 0.704572 0.665968 0.299063 0.087809 -0.048900 -0.285269 -0.414265 -0.550899 -0.706640 -0.770196 -0.889375 -0.926045 -0.977291 
44.246544 1877263.125000 60 60 56 0.849363 0.704490 0.923385 0.993605 0.982795 0.965431 0.782656 0.523287 0.412319 0.162682 0.041521 -0.173397 -0.375200 -0.486068 -0.575917 -0.710169 -0.870579 -0.925741 -0.956737 0.994353 0.985942 0.963639 0.760920 0.661169 0.493137 0.113270 -0.049303 -0.257172 -0.368509 -0.499168 -0.651777 -0.749978 -0.869363 -0.932851 -0.978591 
56.536163 17324152.000000 58 58 58 0.971523 0.956925 0.993914 0.987237 0.975115 0.967195 0.821189 0.472304 0.395044 0.208806 0.102792 -0.036231 -0.308017 -0.425710 -0.501491 -0.620165 -0.707658 -0.872164 -0.988920 0.990208 0.976543 0.967197 0.795059 0.494829 0.403803 0.180422 0.093986 -0.089429 -0.369108 -0.471558 -0.541332 -0.648643 -0.800796 -0.914308 -0.964610 
58.324169 15538270.000000 58 58 60 0.987681 0.986018 0.993448 0.986537 0.976785 0.968442 0.803389 0.411045 0.340985 0.226139 0.089688 -0.016948 -0.276486 -0.430354 -0.499243 -0.615702 -0.684463 -0.828119 -0.976551 0.986629 0.975981 0.967414 0.801595 0.429784 0.369123 0.221313 0.080496 -0.004663 -0.301164 -0.421659 -0.505971 -0.618173 -0.700266 -0.815855 -0.984294 
54.862026 2004081.250000 60 62 64 0.991979 0.978752 0.958302 0.989468 0.979580 0.972105 0.901600 0.455522 0.322556 0.239240 0.135741 0.014837 -0.279742 -0.430384 -0.489969 -0.659260 -0.719242 -0.854685 -0.984535 0.987471 0.977887 0.969892 0.864003 0.403986 0.320918 0.230812 0.111079 -0.040943 -0.298422 -0.430839 -0.504296 -0.625393 -0.690443 -0.864432 -0.978673 
48.636177 423563.031250 64 66 80 0.967707 0.837856 0.402643 0.990002 0.981709 0.973854 0.893419 0.421399 0.318873 0.212213 0.136242 0.022590 -0.210330 -0.421789 -0.471591 -0.593990 -0.704847 -0.868419 -0.972588 0.989873 0.980890 0.974378 0.894569 0.458475 0.322913 0.242948 0.144752 0.043791 -0.201923 -0.430488 -0.479991 -0.656296 -0.725697 -0.859070 -0.978634 
44.633789 141023.312500 86 72 70 0.524620 0.559994 0.891031 0.987948 0.983866 0.974608 0.872902 0.505372 0.378131 0.259365 0.134707 -0.011697 -0.271616 -0.417957 -0.481562 -0.592812 -0.703715 -0.899847 -0.969450 0.988118 0.981966 0.972379 0.892295 0.451186 0.343713 0.218702 0.153410 0.008020 -0.247127 -0.417025 -0.485890 -0.601902 -0.705934 -0.889310 -0.974258 
44.894100 216844.156250 34 36 34 0.957027 0.752757 0.401092 0.988848 0.981445 0.969651 0.883043 0.422273 0.309699 0.257099 0.134704 0.048318 -0.147278 -0.409059 -0.457821 -0.543931 -0.681354 -0.875665 -0.967378 0.988161 0.982785 0.972885 0.895064 0.505351 0.322141 0.230782 0.086796 0.023916 -0.221852 -0.418671 -0.465366 -0.552473 -0.683045 -0.905238 -0.971802 
42.880394 92662.578125 30 104 62 0.729970 0.748720 0.780583 0.991350 0.981235 0.970929 0.939657 0.455686 0.344699 0.293910 0.195799 0.080889 -0.155151 -0.377828 -0.427812 -0.627061 -0.760398 -0.885667 -0.980989 0.986817 0.979498 0.969613 0.889540 0.441967 0.326689 0.280127 0.186479 0.079748 -0.112955 -0.401198 -0.454376 -0.583863 -0.750325 -0.882197 -0.976621 
50.125332 735203.750000 60 72 72 0.700795 0.825863 0.914077 0.987864 0.975742 0.961564 0.925323 0.544010 0.472886 0.350847 0.270619 0.007998 -0.248989 -0.327486 -0.417497 -0.645447 -0.750880 -0.796271 -0.942418 0.989211 0.980347 0.969023 0.933426 0.514570 0.380074 0.309683 0.206032 0.062932 -0.216603 -0.340632 -0.413374 -0.637846 -0.752651 -0.838117 -0.970060 
57.674313 4151993.000000 72 74 76 0.962951 0.954783 0.926976 0.981639 0.968366 0.955823 0.887981 0.594247 0.545200 0.426883 0.348911 0.087608 -0.178912 -0.256870 -0.350238 -0.623334 -0.763985 -0.797794 -0.942677 0.985296 0.970538 0.957285 0.910540 0.564068 0.502413 0.384266 0.321928 0.091083 -0.192419 -0.295319 -0.385992 -0.629511 -0.766296 -0.793503 -0.928371 
58.851280 6300903.500000 76 78 78 0.957735 0.968237 0.954267 0.980549 0.967807 0.943385 0.807643 0.658096 0.611035 0.512171 0.432454 0.102979 -0.160392 -0.211427 -0.525897 -0.711651 -0.768107 -0.801940 -0.889426 0.979869 0.968151 0.950571 0.836566 0.620979 0.569744 0.453517 0.373359 0.046970 -0.180353 -0.257079 -0.406953 -0.684967 -0.773851 -0.806565 -0.915302 
56.738415 2729415.250000 78 80 80 0.958834 0.968072 0.922785 0.982386 0.966470 0.941335 0.846626 0.702161 0.651940 0.584786 0.471925 0.024157 -0.178829 -0.236642 -0.538352 -0.717081 -0.771986 -0.812836 -0.910268 0.980935 0.966180 0.938565 0.802428 0.683023 0.636271 0.554770 0.451474 0.056389 -0.179460 -0.223792 -0.557847 -0.712087 -0.770689 -0.808770 -0.902787 
56.698952 1367781.500000 80 80 82 0.909458 0.930548 0.941042 0.980271 0.968410 0.938293 0.855600 0.744882 0.701187 0.621038 0.514003 0.113390 -0.169948 -0.218252 -0.519428 -0.733507 -0.792949 -0.828168 -0.954211 0.981033 0.966875 0.939841 0.837758 0.724134 0.674968 0.588274 0.502388 0.090481 -0.176823 -0.235587 -0.569248 -0.730111 -0.789155 -0.815247 -0.931189 
52.336151 194129.906250 82 86 88 0.951938 0.716978 0.564319 0.984942 0.971890 0.929238 0.851627 0.764190 0.664878 0.582404 0.446933 0.166053 -0.153384 -0.260424 -0.519703 -0.744341 -0.796623 -0.881599 -0.970086 0.981658 0.970787 0.937011 0.865224 0.779539 0.702136 0.596181 0.493216 0.182916 -0.180692 -0.228769 -0.526734 -0.734859 -0.786364 -0.839819 -0.960905 
34.682434 37004.277344 88 98 80 0.278946 0.423313 0.430958 0.976526 0.957649 0.894845 0.770019 0.714995 0.673842 0.561213 0.483075 0.199410 -0.108732 -0.289618 -0.521908 -0.704672 -0.825742 -0.909301 -0.967165 0.987175 0.960341 0.901037 0.811095 0.697994 0.658135 0.567042 0.476795 0.225017 -0.119170 -0.272914 -0.521579 -0.737679 -0.797700 -0.890822 -0.960090 
32.896610 24456.912109 50 50 130 0.417240 0.660539 0.617573 0.976392 0.966426 0.919391 0.780837 0.722020 0.655148 0.515795 0.442800 0.126710 -0.152435 -0.335072 -0.478592 -0.678123 -0.849494 -0.920283 -0.975373 0.981586 0.968184 0.909508 0.781605 0.711680 0.659545 0.532036 0.452833 0.169896 -0.125418 -0.305496 -0.506504 -0.683012 -0.846295 -0.913267 -0.967939 
29.352940 15097.730469 24 216 24 0.650686 0.475995 0.302130 0.971312 0.947767 0.887140 0.804327 0.718057 0.653895 0.539764 0.409532 0.059053 -0.160511 -0.338059 -0.519565 -0.684167 -0.806826 -0.921520 -0.981808 0.971030 0.961280 0.892599 0.785942 0.725958 0.667465 0.540395 0.406249 0.108626 -0.162070 -0.338820 -0.495360 -0.675637 -0.823474 -0.921306 -0.979704 
28.141811 573658.062500 48 58 46 0.515826 0.543584 0.426625 0.968604 0.916328 0.834471 0.761472 0.648014 0.393012 0.208655 0.096572 -0.107795 -0.247222 -0.423601 -0.560054 -0.711538 -0.845843 -0.913945 -0.947129 0.978072 0.951461 0.882190 0.776526 0.709446 0.643302 0.538747 0.341048 0.073671 -0.162359 -0.344405 -0.517101 -0.687358 -0.834347 -0.921185 -0.973832 
32.657997 131292.343750 150 80 148 0.428514 0.416502 0.437032 0.978991 0.932952 0.844566 0.769339 0.669820 0.525718 0.217592 0.120031 -0.142319 -0.296747 -0.413804 -0.547570 -0.684747 -0.879022 -0.922045 -0.950255 0.970602 0.920182 0.839421 0.756789 0.655014 0.402108 0.197872 0.101058 -0.126365 -0.270987 -0.406175 -0.555869 -0.700557 -0.863362 -0.916894 -0.951712 
25.043734 40813.621094 92 102 68 0.361994 0.334031 0.395522 0.993100 0.970486 0.908910 0.817325 0.681094 0.580365 0.287386 0.149444 -0.135187 -0.298591 -0.420152 -0.556807 -0.667386 -0.877091 -0.929166 -0.949221 0.979826 0.941401 0.851143 0.750017 0.670433 0.554332 0.228648 0.122387 -0.184845 -0.324375 -0.427142 -0.561484 -0.688001 -0.890090 -0.925980 -0.945698 
56.891590 551567.750000 64 72 74 0.518481 0.752167 0.929885 0.980899 0.969061 0.951614 0.907798 0.887084 0.799002 0.446145 0.278232 -0.129157 -0.230191 -0.315386 -0.518525 -0.593360 -0.767647 -0.906446 -0.974716 0.987116 0.970015 0.951599 0.913873 0.892515 0.773802 0.455084 0.269688 -0.060019 -0.233382 -0.328400 -0.515699 -0.613832 -0.830637 -0.921785 -0.965244 
61.002396 1719871.750000 74 76 78 0.923241 0.969850 0.939111 0.978710 0.969344 0.941061 0.886722 0.853310 0.743805 0.496050 0.382471 -0.031605 -0.198174 -0.271509 -0.536152 -0.613519 -0.688126 -0.883736 -0.973515 0.979414 0.969521 0.947119 0.896701 0.871328 0.788690 0.471930 0.323038 -0.113689 -0.213061 -0.348899 -0.542885 -0.622098 -0.697158 -0.886227 -0.974518 
59.459110 1755250.625000 78 78 80 0.950424 0.960970 0.946438 0.979566 0.968362 0.941805 0.859352 0.789330 0.721311 0.540953 0.449014 0.154401 -0.136131 -0.241453 -0.528738 -0.618756 -0.686034 -0.878148 -0.972779 0.979056 0.968594 0.940921 0.873866 0.814548 0.726183 0.516713 0.393887 0.057873 -0.192696 -0.259085 -0.552102 -0.624917 -0.698449 -0.890749 -0.974011 
57.891582 1555706.750000 78 80 80 0.884919 0.955517 0.832385 0.981612 0.972555 0.947057 0.842441 0.724814 0.675724 0.536178 0.445983 0.132697 -0.023064 -0.193942 -0.447592 -0.575607 -0.747041 -0.895349 -0.972931 0.980237 0.970088 0.942925 0.849919 0.755371 0.705455 0.540821 0.443300 0.187403 -0.078606 -0.164600 -0.489375 -0.602959 -0.710219 -0.889939 -0.973784 
49.796314 92039.218750 80 92 90 0.946409 0.398853 0.419841 0.993217 0.976207 0.914760 0.826588 0.743327 0.671685 0.519757 0.357243 0.074545 -0.061694 -0.317402 -0.497398 -0.656471 -0.802810 -0.914026 -0.974676 0.983260 0.973874 0.946349 0.828133 0.734820 0.663626 0.545899 0.428457 0.097810 -0.009189 -0.173830 -0.428525 -0.536361 -0.745727 -0.901793 -0.969975 
34.081760 26562.691406 92 96 78 0.469301 0.446527 0.618336 0.985517 0.961028 0.927929 0.809149 0.746058 0.692554 0.555045 0.420164 0.094488 -0.131153 -0.337818 -0.508863 -0.700252 -0.817744 -0.925345 -0.978366 0.989990 0.973403 0.907711 0.840909 0.752962 0.697165 0.552564 0.384438 0.089993 -0.098787 -0.312982 -0.515161 -0.686601 -0.809053 -0.911312 -0.979428 
32.821133 23149.785156 78 80 76 0.535436 0.675534 0.712073 0.976471 0.965913 0.911121 0.818901 0.755304 0.691575 0.551170 0.321479 0.074261 -0.127446 -0.349967 -0.526164 -0.684750 -0.806423 -0.911637 -0.970037 0.980156 0.965278 0.915104 0.815292 0.746135 0.690579 0.541434 0.362032 0.095585 -0.164554 -0.347728 -0.521198 -0.684012 -0.820932 -0.924068 -0.973519 
29.336262 12914.377930 78 140 78 0.620397 0.547746 0.649368 0.972469 0.960720 0.893914 0.809449 0.751552 0.685081 0.485857 0.307539 -0.031079 -0.192792 -0.377105 -0.542068 -0.718475 -0.837593 -0.923827 -0.985235 0.972191 0.962909 0.904483 0.821321 0.740574 0.685231 0.537173 0.310850 0.000414 -0.163091 -0.355690 -0.546031 -0.714586 -0.823493 -0.911209 -0.975005 
24.022625 8160.731445 52 78 108 0.726342 0.540883 0.455401 0.978055 0.961212 0.897967 0.825903 0.737544 0.636974 0.447993 0.229982 -0.014204 -0.208390 -0.379272 -0.568527 -0.694556 -0.851095 -0.925409 -0.974201 0.974568 0.962887 0.884840 0.824452 0.738209 0.669268 0.496099 0.280669 -0.024419 -0.202615 -0.388117 -0.556048 -0.690858 -0.823921 -0.927629 -0.984870 
37.386345 1504915.500000 110 224 62 0.443487 0.458535 0.909654 0.978332 0.953319 0.911849 0.840434 0.692779 0.426445 0.293888 0.174893 0.039034 -0.143360 -0.370616 -0.657927 -0.771684 -0.847390 -0.908338 -0.958186 0.971732 0.940452 0.865982 0.784204 0.536932 0.351921 0.255920 0.133688 -0.016673 -0.174413 -0.435996 -0.658128 -0.789567 -0.859105 -0.911524 -0.963324 
58.802887 4724703.000000 60 72 80 0.683143 0.861323 0.950179 0.974268 0.952217 0.931706 0.863499 0.762924 0.675687 0.474094 0.363141 0.242888 -0.073735 -0.209095 -0.334213 -0.560564 -0.728222 -0.871347 -0.969508 0.976265 0.957920 0.928851 0.874904 0.790521 0.688824 0.457150 0.362055 0.206082 -0.041173 -0.213941 -0.474113 -0.665583 -0.797133 -0.899898 -0.974439 
59.595032 6205017.000000 80 82 82 0.944125 0.967466 0.927068 0.974266 0.952641 0.933057 0.844979 0.705779 0.665781 0.480107 0.327279 0.204468 -0.096111 -0.257380 -0.348224 -0.478498 -0.723945 -0.854694 -0.953914 0.971808 0.950567 0.931228 0.846664 0.726491 0.669193 0.470793 0.334402 0.207818 -0.081513 -0.255220 -0.336859 -0.518442 -0.734865 -0.873611 -0.967419 
59.311886 6036282.000000 84 84 84 0.945832 0.952089 0.943086 0.978740 0.959012 0.943304 0.850090 0.678405 0.636297 0.460275 0.282639 0.171658 -0.124873 -0.259128 -0.372133 -0.498349 -0.748174 -0.850562 -0.936306 0.975646 0.954863 0.935496 0.847616 0.686974 0.652194 0.472149 0.300642 0.160765 -0.130186 -0.265914 -0.368703 -0.522115 -0.723695 -0.850450 -0.944080 
53.656914 652020.125000 84 84 90 0.942497 0.855472 0.812984 0.988069 0.975194 0.953035 0.835517 0.712942 0.662589 0.426234 0.298625 0.162144 -0.163330 -0.314461 -0.405480 -0.610662 -0.803865 -0.890123 -0.972856 0.984943 0.965898 0.951287 0.864841 0.687626 0.643868 0.454816 0.301122 0.164746 -0.164462 -0.303991 -0.361191 -0.490639 -0.768513 -0.864007 -0.942658 
43.880505 137857.281250 90 88 84 0.802106 0.711144 0.730905 0.994645 0.977992 0.935514 0.810513 0.736780 0.675023 0.479698 0.259002 0.140201 -0.137414 -0.290357 -0.428588 -0.618587 -0.803707 -0.910744 -0.967004 0.991577 0.978176 0.946077 0.825411 0.724867 0.677183 0.482902 0.309451 0.196559 -0.126999 -0.275552 -0.373500 -0.605173 -0.807340 -0.893817 -0.970649 
49.426781 5188915.500000 82 76 76 0.739092 0.725931 0.900199 0.986566 0.970879 0.951173 0.788795 0.678622 0.602200 0.269975 0.197109 0.002582 -0.307018 -0.407642 -0.543928 -0.683402 -0.856590 -0.917049 -0.941598 0.993496 0.973603 0.912471 0.782676 0.681658 0.487674 0.237830 0.140863 -0.131619 -0.349400 -0.454035 -0.573931 -0.708473 -0.861558 -0.921482 -0.952111 
56.219078 2349777.000000 76 80 82 0.869498 0.960740 0.955188 0.984585 0.972905 0.950531 0.832398 0.699584 0.654373 0.495112 0.270780 0.191357 -0.107668 -0.262749 -0.437463 -0.715015 -0.791554 -0.881953 -0.949025 0.984184 0.971278 0.953492 0.829257 0.676172 0.646454 0.452284 0.264387 0.203283 -0.153038 -0.283981 -0.375801 -0.709476 -0.790837 -0.880001 -0.936321 
51.243317 286221.968750 82 84 100 0.934724 0.767508 0.662512 0.993029 0.979266 0.947356 0.865308 0.785529 0.711766 0.501600 0.261626 0.004201 -0.144381 -0.209898 -0.405093 -0.591593 -0.812242 -0.910283 -0.971611 0.987953 0.976372 0.953067 0.842969 0.749205 0.707219 0.455976 0.287250 0.129606 -0.151792 -0.255685 -0.481218 -0.654311 -0.821346 -0.911760 -0.961306 
51.683792 376040.718750 98 80 80 0.620053 0.943137 0.930220 0.991817 0.982664 0.950266 0.868492 0.793380 0.712260 0.464934 0.181839 -0.046310 -0.143777 -0.227083 -0.309041 -0.516498 -0.765880 -0.894406 -0.972795 0.992296 0.982700 0.949300 0.875664 0.783056 0.707658 0.524699 0.229065 -0.044395 -0.139759 -0.205909 -0.327251 -0.537408 -0.785726 -0.897309 -0.971698 
52.505722 482156.750000 80 78 80 0.937318 0.952825 0.943245 0.991897 0.983985 0.947402 0.868608 0.792222 0.709841 0.409786 0.156426 -0.067060 -0.158065 -0.227463 -0.315839 -0.460150 -0.761436 -0.878257 -0.970793 0.991694 0.983133 0.950550 0.866807 0.763871 0.690761 0.438347 0.209222 -0.030905 -0.167355 -0.223179 -0.313211 -0.472961 -0.752650 -0.886350 -0.971347 
52.348980 427704.781250 78 80 80 0.958246 0.979307 0.955226 0.992101 0.984630 0.954703 0.857325 0.808911 0.692791 0.305796 0.145258 -0.096259 -0.172274 -0.226574 -0.330322 -0.467535 -0.717278 -0.884310 -0.971835 0.992490 0.984728 0.947514 0.869480 0.808498 0.709278 0.343678 0.125633 -0.100496 -0.167072 -0.234745 -0.312834 -0.522986 -0.758409 -0.883927 -0.973659 
52.286991 398776.656250 80 80 80 0.950393 0.958866 0.946310 0.991994 0.986185 0.944119 0.860594 0.818488 0.695098 0.344204 0.159783 -0.070843 -0.184847 -0.232871 -0.325313 -0.500567 -0.760969 -0.868047 -0.972096 0.992040 0.984915 0.949654 0.862109 0.817666 0.704510 0.294315 0.149219 -0.075188 -0.175827 -0.237547 -0.317191 -0.494543 -0.743623 -0.874260 -0.974537 
53.879658 6161754.500000 80 82 80 0.938525 0.912093 0.536860 0.986843 0.976775 0.930958 0.866525 0.782341 0.544117 0.314242 0.138155 -0.105076 -0.221376 -0.357287 -0.565200 -0.711387 -0.805292 -0.884827 -0.945063 0.991790 0.985308 0.946694 0.863910 0.826797 0.680897 0.354767 0.113819 -0.099792 -0.171999 -0.232794 -0.331973 -0.605760 -0.746888 -0.861870 -0.966370 
57.793091 2328050.000000 78 84 84 0.533350 0.723548 0.928991 0.983278 0.966513 0.926333 0.883756 0.831762 0.744681 0.362982 0.129409 0.065599 -0.094963 -0.152419 -0.434547 -0.658760 -0.748609 -0.829989 -0.954015 0.981491 0.969774 0.933868 0.883621 0.830554 0.662549 0.282592 0.134128 0.021716 -0.143951 -0.252720 -0.510382 -0.702056 -0.782151 -0.865334 -0.939412 
56.942810 1004421.562500 84 84 84 0.940729 0.964977 0.945518 0.983456 0.969108 0.928835 0.889973 0.844374 0.782531 0.456172 0.165200 0.100571 -0.046830 -0.144283 -0.407507 -0.617237 -0.776805 -0.899496 -0.973186 0.983196 0.966710 0.926838 0.884252 0.838271 0.765569 0.353704 0.154556 0.083624 -0.082559 -0.144079 -0.369729 -0.634604 -0.734733 -0.848439 -0.965827 
56.132870 500698.750000 84 84 84 0.961025 0.834420 0.747253 0.982401 0.972488 0.942480 0.884251 0.853435 0.778051 0.447419 0.158125 0.101945 -0.078882 -0.152017 -0.368856 -0.617792 -0.792364 -0.907137 -0.974644 0.983079 0.971794 0.933838 0.889544 0.853067 0.793013 0.496633 0.139478 0.094165 -0.067386 -0.154610 -0.372281 -0.624072 -0.780064 -0.902829 -0.974407 
56.647278 1122924.125000 84 84 82 0.866122 0.929636 0.919907 0.984266 0.974719 0.947937 0.880371 0.819450 0.758670 0.361065 0.142851 0.064269 -0.178725 -0.237699 -0.397494 -0.537598 -0.727099 -0.895015 -0.970826 0.984638 0.973616 0.946573 0.884216 0.849716 0.764735 0.351374 0.162910 0.109211 -0.104175 -0.198444 -0.330443 -0.571830 -0.767060 -0.899647 -0.971379 
56.631226 1657034.250000 82 80 78 0.946364 0.941842 0.920763 0.986190 0.973930 0.960045 0.850377 0.776026 0.705987 0.267515 0.156594 0.053241 -0.227557 -0.287471 -0.424638 -0.542628 -0.617154 -0.872606 -0.971265 0.985670 0.974606 0.959092 0.862964 0.798704 0.756346 0.250709 0.176423 0.041646 -0.207457 -0.263788 -0.406971 -0.518091 -0.651277 -0.885106 -0.969693 
53.007626 2156475.750000 78 76 76 0.929008 0.884617 0.755097 0.991971 0.974329 0.961392 0.852542 0.683395 0.616839 0.226887 0.054093 -0.164199 -0.267997 -0.367552 -0.488586 -0.677605 -0.817890 -0.907069 -0.964866 0.989296 0.973945 0.962014 0.886696 0.731046 0.673271 0.321633 0.153324 0.068721 -0.188617 -0.273485 -0.420056 -0.549985 -0.618420 -0.859307 -0.968095 
48.987305 19546460.000000 76 82 82 0.777642 0.621915 0.401078 0.990529 0.961182 0.853585 0.706350 0.571583 0.194015 -0.037103 -0.266523 -0.330395 -0.448978 -0.584242 -0.667699 -0.793090 -0.864839 -0.919837 -0.982668 0.992606 0.973368 0.919238 0.732503 0.613069 0.268756 0.017999 -0.169690 -0.298300 -0.348754 -0.493200 -0.621886 -0.773397 -0.856591 -0.912519 -0.977135 
51.606956 10981884.000000 58 84 78 0.695562 0.606148 0.691273 0.991981 0.960342 0.861284 0.732248 0.526178 0.198533 -0.067759 -0.256875 -0.423086 -0.572863 -0.672177 -0.717556 -0.792360 -0.871731 -0.920274 -0.977428 0.988759 0.957255 0.852819 0.719636 0.578348 0.230952 -0.011906 -0.266443 -0.385278 -0.503376 -0.619117 -0.697643 -0.767090 -0.838062 -0.913320 -0.969334 
53.454784 8734828.000000 80 74 72 0.757630 0.799999 0.487491 0.986352 0.938832 0.844833 0.659884 0.530052 0.201659 -0.179670 -0.329732 -0.495568 -0.569925 -0.656001 -0.731444 -0.816223 -0.890408 -0.926280 -0.993784 0.989928 0.951765 0.860135 0.711628 0.532460 0.192687 -0.126539 -0.273016 -0.456775 -0.586339 -0.677009 -0.733379 -0.824959 -0.882715 -0.920403 -0.986990 
60.141495 18109882.000000 72 82 82 0.541374 0.633685 0.459354 0.980004 0.925588 0.799582 0.645866 0.455078 0.172271 -0.210228 -0.325332 -0.500065 -0.577398 -0.625447 -0.647737 -0.793574 -0.881464 -0.935574 -0.980081 0.981667 0.926298 0.805466 0.642817 0.480023 0.213025 -0.149714 -0.329952 -0.511127 -0.572356 -0.603269 -0.681227 -0.802316 -0.891072 -0.934694 -0.989140 
54.535034 2151565.000000 130 148 148 0.650879 0.526565 0.679726 0.982650 0.933557 0.819586 0.683796 0.489926 0.276687 0.032005 -0.205068 -0.367925 -0.509791 -0.606896 -0.646706 -0.735841 -0.860472 -0.940638 -0.979887 0.982521 0.929043 0.802401 0.650596 0.428872 0.134301 -0.171346 -0.311415 -0.471206 -0.564260 -0.621069 -0.649225 -0.738036 -0.867308 -0.932972 -0.975022 
34.669899 179622.484375 80 102 76 0.548506 0.621046 0.607082 0.986447 0.969969 0.890683 0.782443 0.556657 0.321128 -0.003689 -0.220236 -0.419602 -0.543746 -0.608974 -0.659495 -0.780152 -0.892623 -0.941807 -0.980881 0.986458 0.963283 0.879611 0.759995 0.522178 0.248306 -0.038572 -0.250883 -0.434935 -0.567051 -0.632196 -0.683668 -0.784519 -0.887567 -0.940151 -0.980455 
41.560623 9861385.000000 76 42 42 0.707996 0.467221 0.721030 0.960111 0.913274 0.690563 0.576490 0.416393 0.247715 0.122844 0.023957 -0.132059 -0.264335 -0.460655 -0.593436 -0.705477 -0.824311 -0.899308 -0.974539 0.983632 0.957527 0.832388 0.645098 0.449100 0.263776 0.134620 0.000509 -0.149794 -0.376810 -0.567532 -0.636053 -0.748539 -0.868741 -0.935632 -0.978794 
48.502995 19276870.000000 20 20 62 0.591593 0.531893 0.759947 0.990275 0.952974 0.642869 0.579060 0.366162 0.240709 0.163522 0.031183 -0.215212 -0.307333 -0.518139 -0.619599 -0.734071 -0.827261 -0.918769 -0.981079 0.959481 0.932422 0.639907 0.560909 0.354819 0.205940 0.128714 -0.039343 -0.218874 -0.336297 -0.537845 -0.623377 -0.736173 -0.831339 -0.908524 -0.982176 
52.494030 9360698.000000 74 72 78 0.569886 0.922107 0.968484 0.984139 0.973667 0.948509 0.717370 0.663369 0.561806 0.358084 0.256505 0.031869 -0.166966 -0.408575 -0.586177 -0.690947 -0.813245 -0.913092 -0.981882 0.986651 0.975174 0.912886 0.657605 0.592573 0.355298 0.275004 0.135336 -0.091063 -0.274497 -0.444809 -0.592347 -0.702402 -0.816155 -0.914766 -0.974728 
58.035561 4884038.500000 78 80 82 0.943113 0.974815 0.943833 0.982514 0.973306 0.949409 0.803966 0.733232 0.626315 0.539737 0.302768 0.109279 -0.086827 -0.415135 -0.593378 -0.673996 -0.810969 -0.928168 -0.981308 0.983397 0.973429 0.953714 0.786391 0.695020 0.640326 0.485653 0.332988 0.051264 -0.169738 -0.444812 -0.603146 -0.663830 -0.803100 -0.922491 -0.977782 
56.106033 1506515.250000 82 86 86 0.954287 0.923576 0.856373 0.983309 0.976822 0.938228 0.860972 0.761782 0.660774 0.558596 0.239319 0.106217 -0.158678 -0.378817 -0.570694 -0.683532 -0.799387 -0.915823 -0.974820 0.982932 0.975446 0.943656 0.826625 0.761488 0.656594 0.546828 0.274158 0.148915 -0.077089 -0.395346 -0.569371 -0.677483 -0.812770 -0.925574 -0.979468 
52.376518 787295.187500 88 90 90 0.787462 0.685448 0.883208 0.985173 0.977154 0.941679 0.882426 0.787104 0.654417 0.469190 0.224836 0.099058 -0.136067 -0.401044 -0.592736 -0.655148 -0.736798 -0.866350 -0.969508 0.986430 0.977963 0.930339 0.866185 0.752292 0.650194 0.510993 0.234395 0.086609 -0.188365 -0.416002 -0.560717 -0.654283 -0.772020 -0.878181 -0.970835 
52.570206 369661.687500 90 90 90 0.907707 0.887729 0.795573 0.983914 0.977568 0.962368 0.888054 0.762691 0.660941 0.399216 0.175846 0.073010 -0.198634 -0.385235 -0.584470 -0.624106 -0.712456 -0.900202 -0.968493 0.984994 0.978007 0.950570 0.882601 0.771633 0.684195 0.474067 0.193902 0.090714 -0.134811 -0.386371 -0.590580 -0.640589 -0.711756 -0.882983 -0.970739 
54.305054 333340.593750 90 88 88 0.787726 0.951822 0.936699 0.983160 0.976585 0.949133 0.866301 0.821007 0.722165 0.662150 0.351319 0.089084 -0.148206 -0.357872 -0.566596 -0.643385 -0.776161 -0.910762 -0.971324 0.983371 0.977927 0.952177 0.881317 0.825733 0.711537 0.557534 0.215620 0.064728 -0.215366 -0.371916 -0.588114 -0.626008 -0.761775 -0.906450 -0.971612 
56.978905 1291647.375000 88 90 90 0.964231 0.892260 0.902866 0.980461 0.966963 0.944088 0.823061 0.712130 0.676030 0.579805 0.526812 0.257879 0.086838 -0.107638 -0.506337 -0.625861 -0.768901 -0.902778 -0.973063 0.982088 0.974224 0.946407 0.829266 0.761247 0.689320 0.632511 0.566401 0.158324 -0.016914 -0.272239 -0.538378 -0.645253 -0.773918 -0.910062 -0.972941 
58.720047 2567212.250000 90 94 96 0.931081 0.863284 0.875047 0.975514 0.957198 0.938536 0.858377 0.677682 0.644921 0.526294 0.398593 0.277418 0.050373 -0.032455 -0.453006 -0.601210 -0.716411 -0.899758 -0.970922 0.975713 0.961221 0.942753 0.831464 0.688453 0.646715 0.530110 0.453953 0.247243 0.081537 -0.099722 -0.488309 -0.622956 -0.771419 -0.904148 -0.974459 
57.093830 3079091.750000 96 98 100 0.673912 0.752600 0.948119 0.974967 0.952223 0.939862 0.864811 0.669627 0.623283 0.520918 0.317358 0.154126 0.009028 -0.096948 -0.426770 -0.601181 -0.659996 -0.861776 -0.968918 0.977927 0.956127 0.936666 0.872412 0.674096 0.635793 0.521530 0.341442 0.190983 -0.016483 -0.062703 -0.436231 -0.599779 -0.661472 -0.874975 -0.969094 
57.131657 2748584.500000 100 100 100 0.942709 0.983758 0.964824 0.975482 0.953239 0.940975 0.849308 0.670999 0.603870 0.496057 0.351189 0.202683 -0.009417 -0.113247 -0.324643 -0.602972 -0.692133 -0.888783 -0.970795 0.975017 0.952932 0.941510 0.861867 0.685385 0.620398 0.532187 0.354020 0.163922 -0.041781 -0.125020 -0.363563 -0.599232 -0.686057 -0.882795 -0.969821 
53.847893 2483573.750000 100 100 100 0.962065 0.900889 0.742745 0.983041 0.957868 0.942445 0.811260 0.620665 0.558538 0.423323 0.362311 0.146907 -0.076915 -0.163354 -0.345840 -0.525291 -0.607942 -0.860112 -0.960804 0.979695 0.954937 0.943384 0.852021 0.647256 0.598813 0.457566 0.353624 0.204159 -0.056109 -0.125747 -0.323504 -0.579453 -0.717382 -0.896443 -0.971438 
43.741459 191409.046875 100 104 98 0.572318 0.426728 0.502521 0.991172 0.959091 0.924533 0.759142 0.631770 0.579085 0.449792 0.328373 0.067494 -0.098552 -0.234751 -0.437216 -0.555593 -0.735162 -0.885359 -0.962740 0.987823 0.968458 0.934931 0.803597 0.609976 0.543117 0.402691 0.344766 0.037375 -0.101867 -0.188556 -0.396056 -0.506802 -0.600532 -0.831391 -0.944315 
31.884308 44554.691406 98 110 198 0.484173 0.465357 0.459101 0.976264 0.958317 0.911188 0.782010 0.652821 0.595253 0.457853 0.381457 0.109130 -0.082254 -0.210709 -0.518661 -0.637873 -0.822624 -0.926659 -0.972035 0.985202 0.956740 0.921342 0.760315 0.648410 0.600806 0.494668 0.342944 0.053585 -0.096397 -0.230359 -0.468543 -0.649034 -0.798288 -0.915946 -0.973919 
29.341457 25044.931641 98 66 132 0.404814 0.485788 0.629285 0.962860 0.949414 0.916143 0.756444 0.621569 0.566006 0.453519 0.384939 0.222358 -0.131648 -0.318161 -0.536669 -0.648220 -0.818870 -0.905991 -0.969488 0.967498 0.950943 0.910681 0.755706 0.651461 0.588313 0.428411 0.377458 0.190884 -0.081038 -0.264071 -0.510239 -0.643708 -0.813411 -0.920029 -0.960848 
26.215094 19513.871094 132 120 80 0.485086 0.604864 0.473643 0.962188 0.945015 0.904306 0.719195 0.623135 0.551807 0.443128 0.355360 0.132894 -0.162003 -0.343587 -0.527571 -0.690319 -0.823220 -0.918520 -0.980275 0.965564 0.955336 0.910762 0.732426 0.628998 0.564184 0.446695 0.384348 0.192173 -0.126899 -0.350925 -0.537282 -0.660232 -0.823962 -0.916584 -0.976073 
39.457932 7608598.000000 94 132 134 0.553344 0.488325 0.517547 0.952759 0.915444 0.698001 0.655932 0.488519 0.351963 0.252535 0.028547 -0.188766 -0.304616 -0.483606 -0.612471 -0.755941 -0.833701 -0.902083 -0.983309 0.951884 0.928877 0.713617 0.657955 0.556119 0.437794 0.296431 0.178181 -0.130297 -0.258198 -0.402423 -0.569558 -0.682696 -0.813675 -0.892141 -0.977182 
34.709412 1266986.375000 96 100 98 0.572033 0.610880 0.645495 0.970088 0.915190 0.745674 0.700037 0.544192 0.417055 0.232632 0.091693 -0.084143 -0.291646 -0.437197 -0.618106 -0.756400 -0.843912 -0.912591 -0.983973 0.962213 0.910063 0.718646 0.678487 0.472347 0.366456 0.210854 0.074782 -0.133909 -0.310995 -0.467530 -0.605252 -0.741966 -0.834171 -0.908680 -0.981244 
29.537174 449941.687500 98 88 110 0.584664 0.372536 0.524025 0.968152 0.910399 0.763402 0.718123 0.591558 0.468234 0.303007 0.044510 -0.167242 -0.281786 -0.496593 -0.622851 -0.717060 -0.800031 -0.902633 -0.979881 0.971368 0.905089 0.754330 0.709288 0.602240 0.469272 0.283716 0.081961 -0.155816 -0.272850 -0.466671 -0.638208 -0.750588 -0.834457 -0.907578 -0.977414 
23.537327 60570.152344 112 74 80 0.487100 0.578625 0.707007 0.992522 0.958343 0.816173 0.718523 0.644904 0.487451 0.324044 0.131601 -0.094444 -0.244042 -0.469576 -0.589605 -0.727410 -0.804564 -0.881190 -0.969623 0.975909 0.940039 0.787688 0.719898 0.618958 0.453669 0.316854 0.063901 -0.129933 -0.276049 -0.490230 -0.610479 -0.716037 -0.807774 -0.884116 -0.983111 
30.849810 19812.080078 78 82 82 0.715961 0.640176 0.786212 0.996477 0.990257 0.933939 0.769723 0.685452 0.546723 0.410768 0.230452 -0.079886 -0.239190 -0.387038 -0.583163 -0.701863 -0.819509 -0.906865 -0.975983 0.995113 0.983195 0.888977 0.729375 0.662939 0.550640 0.382975 0.164703 -0.070058 -0.257166 -0.419852 -0.590346 -0.737827 -0.805981 -0.892660 -0.963441 
37.804405 42848.976562 82 76 82 0.733971 0.829641 0.678058 0.992555 0.980150 0.958451 0.917508 0.787398 0.570032 0.388927 0.106163 -0.166432 -0.310650 -0.360269 -0.573950 -0.709157 -0.757167 -0.889365 -0.969890 0.995598 0.990209 0.956717 0.785203 0.695341 0.538900 0.363915 0.186261 -0.099124 -0.283312 -0.368022 -0.559208 -0.696110 -0.786752 -0.908350 -0.974152 
52.415295 161666.265625 86 86 84 0.800744 0.893113 0.842478 0.983661 0.975017 0.950535 0.883022 0.855360 0.765611 0.664128 0.422233 0.104730 -0.124258 -0.333091 -0.510636 -0.692572 -0.819736 -0.918553 -0.977964 0.987228 0.976944 0.953142 0.907719 0.874259 0.749829 0.508923 0.254081 -0.019831 -0.264135 -0.347157 -0.496642 -0.693875 -0.773878 -0.910309 -0.975602 
56.816940 601723.000000 84 86 86 0.795152 0.815640 0.894707 0.980418 0.964991 0.939290 0.861264 0.771206 0.725373 0.636848 0.597243 0.312947 0.006498 -0.252322 -0.474708 -0.662880 -0.806978 -0.911407 -0.978068 0.980519 0.972714 0.939862 0.867287 0.828969 0.740990 0.681524 0.577500 0.167788 -0.110155 -0.307454 -0.508757 -0.677038 -0.815081 -0.913776 -0.978581 
58.778511 3152088.500000 86 88 88 0.933637 0.947628 0.880933 0.973559 0.952286 0.932152 0.840793 0.700209 0.651974 0.537364 0.454022 0.255011 0.070871 -0.023028 -0.388823 -0.620084 -0.763993 -0.903202 -0.973899 0.976651 0.957612 0.938506 0.841461 0.732201 0.687092 0.599154 0.531981 0.271571 0.118371 -0.135678 -0.447891 -0.631875 -0.794614 -0.906527 -0.977219 
57.326744 3834054.000000 88 90 92 0.894330 0.880372 0.978373 0.972085 0.942089 0.919796 0.845541 0.672763 0.626027 0.466898 0.391121 0.276053 0.039023 -0.054505 -0.208043 -0.550979 -0.724061 -0.875470 -0.969871 0.974676 0.945902 0.925577 0.844423 0.680474 0.638945 0.491131 0.404548 0.268016 0.043422 -0.011061 -0.262209 -0.608527 -0.697671 -0.888875 -0.970080 
57.047401 3892109.500000 92 94 96 0.981182 0.959479 0.922785 0.968643 0.941409 0.911732 0.846886 0.688919 0.647013 0.509803 0.392963 0.279827 0.038495 -0.150259 -0.217320 -0.564084 -0.789726 -0.856060 -0.966413 0.968553 0.941124 0.915743 0.850089 0.678298 0.629576 0.467164 0.391244 0.273018 0.032205 -0.127346 -0.209274 -0.518782 -0.774995 -0.868821 -0.970519 
56.232780 3459228.250000 96 98 100 0.933961 0.949153 0.817584 0.973455 0.940929 0.910900 0.850688 0.714163 0.671092 0.581224 0.422070 0.215918 -0.081559 -0.201966 -0.371725 -0.720608 -0.814399 -0.843858 -0.938498 0.970543 0.940816 0.908271 0.853386 0.695764 0.654871 0.520199 0.401830 0.277856 0.021931 -0.131384 -0.288115 -0.645333 -0.800158 -0.846807 -0.952898 
53.743301 1373671.125000 102 104 104 0.888133 0.491309 0.582870 0.974718 0.942742 0.908937 0.862171 0.752190 0.696073 0.548973 0.367670 0.215620 -0.145827 -0.211484 -0.283421 -0.523906 -0.781106 -0.859834 -0.963818 0.972496 0.942254 0.911119 0.864766 0.733387 0.684062 0.577284 0.389821 0.170518 -0.157624 -0.210141 -0.379393 -0.691495 -0.821630 -0.844082 -0.947457 
53.154701 957940.000000 104 106 106 0.749545 0.887564 0.810527 0.976528 0.947017 0.918385 0.869861 0.763952 0.713815 0.551587 0.371513 0.174609 -0.134566 -0.214393 -0.291487 -0.514112 -0.766172 -0.885758 -0.972735 0.974416 0.944520 0.912381 0.871742 0.759663 0.713451 0.528326 0.380143 0.208356 -0.123575 -0.218071 -0.311733 -0.517397 -0.766055 -0.879535 -0.972228 
53.498192 682201.125000 106 106 106 0.746494 0.852274 0.877159 0.972133 0.950707 0.927346 0.869007 0.789774 0.731053 0.608778 0.405495 0.145322 -0.137077 -0.202140 -0.359174 -0.602673 -0.777709 -0.898458 -0.975226 0.978059 0.952545 0.924167 0.867008 0.779274 0.731164 0.559102 0.352294 0.196458 -0.133477 -0.201395 -0.322219 -0.545103 -0.765302 -0.891651 -0.973361 
54.783497 322192.562500 106 104 106 0.847425 0.882308 0.671703 0.974630 0.956585 0.941058 0.896850 0.809472 0.727578 0.609369 0.390284 0.131283 -0.121081 -0.208174 -0.491129 -0.653113 -0.795258 -0.913824 -0.977706 0.971593 0.953296 0.934307 0.883389 0.806275 0.716503 0.604217 0.441404 0.149077 -0.127877 -0.205336 -0.425266 -0.649182 -0.780380 -0.908544 -0.976370 
50.824551 98545.453125 106 108 106 0.584703 0.669334 0.632664 0.981841 0.959254 0.941828 0.859924 0.811017 0.709286 0.582783 0.369754 0.106153 -0.125623 -0.239987 -0.512721 -0.660843 -0.814134 -0.907033 -0.977782 0.970619 0.956947 0.941610 0.874642 0.809543 0.726269 0.607126 0.387292 0.167108 -0.118322 -0.211218 -0.511920 -0.655354 -0.796258 -0.909059 -0.975903 
47.549744 74136.585938 106 94 94 0.584752 0.488818 0.540262 0.983621 0.968584 0.956374 0.902452 0.787704 0.733544 0.631997 0.399622 0.051531 -0.096366 -0.283870 -0.513769 -0.665268 -0.814503 -0.905602 -0.973094 0.987705 0.971516 0.945849 0.876169 0.805840 0.721646 0.588086 0.371200 0.044868 -0.112654 -0.268506 -0.509741 -0.656873 -0.827460 -0.905210 -0.976746 
38.370621 22697.830078 52 74 74 0.448681 0.545767 0.630625 0.986802 0.972655 0.930880 0.874593 0.757057 0.706818 0.557066 0.311823 0.124139 -0.162682 -0.350158 -0.565136 -0.712301 -0.820462 -0.917612 -0.976995 0.982466 0.969958 0.951706 0.877942 0.771097 0.712549 0.590468 0.328389 0.079183 -0.144733 -0.320504 -0.542085 -0.699717 -0.821507 -0.918656 -0.976893 
32.892731 18655.324219 76 106 72 0.532823 0.382347 0.594787 0.988796 0.963263 0.911384 0.856641 0.774454 0.704307 0.567328 0.277195 0.084956 -0.173905 -0.352088 -0.544923 -0.711467 -0.824186 -0.917533 -0.965834 0.987327 0.971257 0.922576 0.870201 0.778257 0.710342 0.558415 0.297314 0.093434 -0.161502 -0.370181 -0.561275 -0.725774 -0.816659 -0.922261 -0.973599 
25.659725 8931.826172 72 68 72 0.586246 0.527072 0.398924 0.981633 0.937440 0.914511 0.831257 0.752082 0.677962 0.431706 0.222601 0.055549 -0.225397 -0.406668 -0.556985 -0.733355 -0.825155 -0.914548 -0.980357 0.986378 0.947404 0.912253 0.840955 0.770213 0.692150 0.517109 0.258588 0.061866 -0.179604 -0.365355 -0.536372 -0.705226 -0.832163 -0.905090 -0.980829 
19.167559 6648.131836 88 96 54 0.464203 0.527853 0.500323 0.984056 0.954721 0.889727 0.819042 0.713675 0.588537 0.387031 0.202008 -0.048618 -0.231359 -0.392383 -0.573560 -0.711720 -0.821532 -0.934940 -0.975410 0.980273 0.945161 0.909723 0.827227 0.741012 0.646570 0.373826 0.194937 0.001528 -0.224087 -0.404853 -0.578067 -0.726998 -0.816362 -0.928333 -0.978639 
16.375912 5114.697754 146 146 104 0.542442 0.427418 0.486157 0.983284 0.952918 0.915628 0.818079 0.707134 0.549222 0.382930 0.189758 -0.091646 -0.235501 -0.449088 -0.583820 -0.711798 -0.851380 -0.938580 -0.971956 0.980521 0.955169 0.897569 0.812069 0.704723 0.558133 0.383780 0.195932 -0.071029 -0.221459 -0.419746 -0.585938 -0.716980 -0.835049 -0.928818 -0.980097 
38.390709 6286751.000000 86 48 50 0.520813 0.834628 0.477972 0.963660 0.905010 0.756548 0.611873 0.465866 0.278375 0.099702 -0.004917 -0.129264 -0.241420 -0.475863 -0.584001 -0.733752 -0.843748 -0.922107 -0.977212 0.984116 0.959460 0.917948 0.813396 0.686799 0.531119 0.362760 0.169893 -0.064311 -0.238698 -0.426232 -0.580146 -0.711897 -0.852498 -0.928773 -0.972320 
54.816212 18785850.000000 24 152 22 0.391591 0.592342 0.351497 0.970582 0.918243 0.657895 0.533723 0.346216 0.024617 -0.108433 -0.152009 -0.204689 -0.375093 -0.520417 -0.604970 -0.741021 -0.858530 -0.903993 -0.979232 0.967787 0.925644 0.706511 0.565093 0.414479 0.146892 -0.051458 -0.135673 -0.180989 -0.327903 -0.506904 -0.617311 -0.758834 -0.850719 -0.906449 -0.976405 
49.976273 5508184.000000 122 84 54 0.396506 0.420836 0.686093 0.965916 0.897607 0.614651 0.572589 0.377199 0.105191 -0.025963 -0.151686 -0.240424 -0.367089 -0.515347 -0.651108 -0.755336 -0.842485 -0.918069 -0.978360 0.966922 0.895361 0.627250 0.541761 0.326969 0.037052 -0.087429 -0.141145 -0.217872 -0.432956 -0.533759 -0.661215 -0.758050 -0.868854 -0.913858 -0.980521 
37.992279 1029079.125000 124 94 108 0.390164 0.564162 0.381256 0.972404 0.945836 0.732416 0.559918 0.484621 0.201776 0.016523 -0.118543 -0.201938 -0.336414 -0.454997 -0.643755 -0.733916 -0.825245 -0.920846 -0.975516 0.968882 0.925419 0.656097 0.568133 0.484830 0.174386 0.021652 -0.140453 -0.243392 -0.338089 -0.449295 -0.659660 -0.745824 -0.828623 -0.921685 -0.978469 
28.534948 163193.531250 104 96 96 0.424793 0.573151 0.421297 0.988458 0.955978 0.839299 0.636500 0.541668 0.299167 0.033572 -0.110482 -0.200839 -0.316734 -0.481030 -0.618374 -0.740869 -0.834749 -0.923763 -0.977174 0.981180 0.950724 0.848418 0.595060 0.509740 0.267043 0.035721 -0.124010 -0.192672 -0.309831 -0.469654 -0.594896 -0.710148 -0.825652 -0.920242 -0.976953 
23.091610 67417.281250 100 104 90 0.533677 0.556574 0.458849 0.990514 0.965665 0.896368 0.710235 0.546118 0.323706 0.038120 -0.088541 -0.172896 -0.263395 -0.440530 -0.590647 -0.727639 -0.835395 -0.922650 -0.979907 0.988832 0.953506 0.885459 0.682183 0.542427 0.281321 0.013630 -0.114758 -0.201064 -0.301569 -0.493802 -0.626711 -0.743452 -0.844912 -0.944740 -0.978132 
22.254559 40253.839844 54 104 92 0.428353 0.584596 0.397710 0.986181 0.957843 0.878836 0.738250 0.603481 0.364803 0.029540 -0.107353 -0.167976 -0.262020 -0.455434 -0.595725 -0.668996 -0.822955 -0.891566 -0.970347 0.988806 0.962130 0.905710 0.748409 0.577190 0.329164 0.022001 -0.083520 -0.172432 -0.247911 -0.445612 -0.579249 -0.675385 -0.828587 -0.902702 -0.967105 
18.643135 18576.806641 92 106 74 0.360240 0.408474 0.460302 0.988296 0.963894 0.905286 0.758354 0.593505 0.394512 0.137034 -0.076312 -0.160520 -0.263953 -0.350859 -0.535554 -0.673956 -0.783294 -0.903279 -0.969700 0.987326 0.961617 0.889427 0.762098 0.591769 0.432229 0.098738 -0.107774 -0.159479 -0.288371 -0.403735 -0.603624 -0.672465 -0.803877 -0.899409 -0.966780 
17.126335 10396.738281 122 148 120 0.485736 0.529521 0.496815 0.980935 0.962627 0.902653 0.773357 0.581199 0.464316 0.187469 -0.070266 -0.127189 -0.232865 -0.333966 -0.527265 -0.678436 -0.821455 -0.907414 -0.978871 0.979289 0.961794 0.912561 0.761152 0.609210 0.449646 0.206208 -0.047250 -0.140818 -0.268990 -0.353085 -0.483454 -0.682573 -0.816367 -0.896973 -0.971164 
17.902258 8979.252930 116 82 46 0.526212 0.484806 0.467429 0.986148 0.963163 0.897598 0.754617 0.591861 0.475049 0.188378 -0.056260 -0.125108 -0.194924 -0.291231 -0.508056 -0.646951 -0.808334 -0.911353 -0.972437 0.982764 0.965631 0.896337 0.751959 0.603660 0.459382 0.165686 -0.056626 -0.130209 -0.183973 -0.301466 -0.534945 -0.634257 -0.820253 -0.914713 -0.972755 
