56.175690 91732968.000000 20 52 56 0.000000 0.373341 0.927019 0.954224 0.917220 0.888580 0.803727 0.731544 0.604559 0.206865 0.001817 -0.095930 -0.254069 -0.361353 -0.501317 -0.691015 -0.772356 -0.892313 -0.928211 0.949476 0.909327 0.862605 0.782248 0.701412 0.594832 0.190464 0.043187 -0.072066 -0.226835 -0.393344 -0.497591 -0.713019 -0.803948 -0.913922 -0.938227 
66.129669 217351920.000000 56 56 52 0.899195 0.937312 0.976053 0.952617 0.920861 0.890799 0.834962 0.748227 0.669747 0.259657 0.025047 -0.076775 -0.217011 -0.347141 -0.465818 -0.661048 -0.744020 -0.880900 -0.925121 0.951128 0.916084 0.890678 0.816586 0.747671 0.622023 0.203520 0.004985 -0.084091 -0.255118 -0.354481 -0.504747 -0.675638 -0.756837 -0.888589 -0.921224 
68.248108 586177536.000000 52 50 48 0.971215 0.937643 0.969398 0.947499 0.928711 0.890010 0.802778 0.726425 0.633157 0.272349 0.021802 -0.064655 -0.231615 -0.341424 -0.463456 -0.652268 -0.753348 -0.879970 -0.940407 0.951400 0.926332 0.886655 0.810662 0.735096 0.655547 0.249774 0.029117 -0.067496 -0.201090 -0.342103 -0.459047 -0.650489 -0.737555 -0.891946 -0.932663 
68.962296 280691328.000000 48 48 46 0.977401 0.937118 0.912846 0.965615 0.937950 0.909584 0.839963 0.739352 0.634736 0.252814 0.013187 -0.049193 -0.177717 -0.357421 -0.438017 -0.620297 -0.727028 -0.855178 -0.955138 0.953197 0.929894 0.907100 0.816840 0.734455 0.606181 0.250031 0.010555 -0.046708 -0.224266 -0.354759 -0.455150 -0.626739 -0.734602 -0.879562 -0.948502 
59.120667 14017068.000000 46 48 52 0.958083 0.597251 0.822704 0.987240 0.942235 0.887159 0.814924 0.736983 0.612854 0.363131 0.057386 -0.040654 -0.180310 -0.385790 -0.465208 -0.666979 -0.769536 -0.886085 -0.960860 0.972048 0.952448 0.896665 0.828160 0.734200 0.643081 0.315573 0.026715 -0.052033 -0.160005 -0.345945 -0.414404 -0.615944 -0.738983 -0.865493 -0.945149 
51.464394 8731528.000000 52 48 50 0.711654 0.717207 0.884769 0.989635 0.957455 0.889895 0.849026 0.741028 0.633412 0.342095 0.079442 -0.096392 -0.186968 -0.356850 -0.526219 -0.678197 -0.830042 -0.923295 -0.966692 0.989040 0.945581 0.892651 0.832206 0.732710 0.645540 0.327349 0.071441 -0.075346 -0.163853 -0.354055 -0.536663 -0.697973 -0.831205 -0.903368 -0.969762 
54.159073 51708416.000000 50 50 48 0.870543 0.778580 0.940285 0.981340 0.966136 0.901033 0.769919 0.694521 0.619915 0.287586 -0.013295 -0.102830 -0.217018 -0.406012 -0.504021 -0.649461 -0.813735 -0.940819 -0.973814 0.989362 0.959497 0.874960 0.817662 0.717394 0.580563 0.306478 0.035492 -0.118228 -0.221467 -0.474038 -0.566859 -0.751300 -0.859398 -0.938958 -0.979185 
65.920341 162902752.000000 48 50 52 0.930935 0.925589 0.957104 0.972647 0.965826 0.922480 0.797901 0.666763 0.629869 0.327760 -0.011794 -0.067888 -0.187210 -0.363110 -0.474487 -0.600497 -0.782186 -0.853613 -0.889634 0.973677 0.965438 0.920176 0.757566 0.690640 0.617525 0.362338 -0.012619 -0.086317 -0.183082 -0.358722 -0.492080 -0.572925 -0.785234 -0.841403 -0.915215 
65.386246 150134256.000000 52 54 58 0.940678 0.952736 0.929744 0.977760 0.968360 0.929405 0.786698 0.657007 0.626825 0.210870 -0.018613 -0.078354 -0.189450 -0.369152 -0.463481 -0.673962 -0.814000 -0.873297 -0.898110 0.975306 0.966715 0.930029 0.791278 0.668399 0.641534 0.206841 -0.021129 -0.079810 -0.200759 -0.375591 -0.474252 -0.660721 -0.804354 -0.866110 -0.899496 
60.955772 45316768.000000 58 62 68 0.934857 0.808006 0.599548 0.982535 0.971011 0.924763 0.806339 0.651873 0.619935 0.250545 -0.011848 -0.063589 -0.212068 -0.384759 -0.489795 -0.736106 -0.848998 -0.898887 -0.920968 0.979303 0.971168 0.923972 0.786350 0.662666 0.641010 0.249319 -0.010919 -0.072118 -0.187333 -0.368211 -0.462972 -0.682880 -0.825569 -0.877968 -0.903240 
50.496094 4992961.000000 68 68 50 0.655862 0.522931 0.459445 0.983248 0.948909 0.909820 0.811349 0.672449 0.618208 0.315309 0.021243 -0.099190 -0.245542 -0.396925 -0.523048 -0.750087 -0.858923 -0.911426 -0.952823 0.987183 0.968249 0.926339 0.840796 0.662462 0.625508 0.378370 0.004821 -0.081579 -0.174157 -0.403833 -0.489503 -0.754798 -0.852986 -0.899806 -0.926835 
43.337013 5275029.000000 50 50 50 0.471614 0.740163 0.538871 0.973401 0.954556 0.884562 0.796630 0.675994 0.596791 0.226119 -0.039791 -0.094019 -0.326069 -0.467180 -0.558473 -0.783441 -0.862406 -0.929244 -0.972066 0.970325 0.949985 0.888293 0.789519 0.672124 0.614957 0.313673 0.009923 -0.130934 -0.299791 -0.472767 -0.585061 -0.706125 -0.844998 -0.943649 -0.982612 
40.274826 3553115.500000 24 22 64 0.547394 0.486926 0.527105 0.966879 0.936711 0.886732 0.764760 0.671590 0.573925 0.144292 -0.000574 -0.110009 -0.275650 -0.477219 -0.610554 -0.723793 -0.858611 -0.950129 -0.974911 0.967178 0.954424 0.870974 0.777447 0.658644 0.536382 0.244134 -0.016133 -0.112034 -0.288922 -0.465951 -0.584458 -0.748310 -0.870999 -0.935994 -0.974885 
40.643288 2246010.250000 64 52 52 0.504544 0.547832 0.593382 0.970244 0.954886 0.873514 0.788239 0.694376 0.574570 0.197360 -0.009128 -0.137981 -0.299701 -0.461263 -0.557428 -0.788557 -0.867374 -0.944663 -0.978305 0.973586 0.956574 0.888028 0.832624 0.673440 0.573311 0.167839 -0.031916 -0.162827 -0.352022 -0.525100 -0.599966 -0.792203 -0.869774 -0.955202 -0.976280 
38.185585 977871.937500 96 24 74 0.421681 0.732296 0.577521 0.968846 0.960930 0.883325 0.802892 0.697608 0.621661 0.199206 -0.012404 -0.125005 -0.279088 -0.452836 -0.578020 -0.753964 -0.879876 -0.947818 -0.968781 0.975081 0.952089 0.892001 0.792581 0.654240 0.604474 0.184336 -0.001527 -0.110688 -0.339476 -0.466527 -0.559513 -0.789792 -0.879355 -0.936184 -0.975927 
37.203232 1391007.000000 24 26 28 0.512314 0.878932 0.543936 0.971932 0.963820 0.861611 0.789888 0.675949 0.461247 0.198611 -0.010894 -0.136939 -0.309824 -0.441293 -0.620519 -0.728402 -0.873025 -0.937027 -0.975448 0.969828 0.961575 0.864710 0.780910 0.682613 0.599324 0.214544 0.013928 -0.130240 -0.323697 -0.442312 -0.605922 -0.745016 -0.889139 -0.948452 -0.977534 
45.597462 10621483.000000 30 24 52 0.556807 0.680895 0.384309 0.985651 0.967336 0.917724 0.756860 0.609568 0.511761 0.250274 0.120813 -0.045437 -0.270037 -0.363396 -0.498080 -0.727714 -0.886164 -0.922935 -0.971815 0.969416 0.959040 0.852336 0.772426 0.571129 0.412987 0.183865 0.038565 -0.144895 -0.332205 -0.439553 -0.580317 -0.730537 -0.896270 -0.940296 -0.970037 
59.144524 94315200.000000 46 60 64 0.737570 0.948412 0.944384 0.979277 0.966192 0.921974 0.734303 0.576535 0.530691 0.271096 0.121626 0.021081 -0.192289 -0.342519 -0.404864 -0.660287 -0.752492 -0.847350 -0.873533 0.981550 0.967196 0.923624 0.732698 0.597088 0.538155 0.276635 0.133990 0.022416 -0.200027 -0.327435 -0.417752 -0.650915 -0.761245 -0.849765 -0.891076 
58.441422 38883332.000000 64 64 66 0.928002 0.970901 0.966822 0.982562 0.967448 0.938746 0.769388 0.526829 0.468808 0.316702 0.143809 0.017594 -0.133927 -0.323793 -0.381818 -0.655797 -0.741667 -0.833243 -0.863457 0.981173 0.967202 0.930699 0.736589 0.549977 0.503627 0.300658 0.128214 0.032333 -0.136514 -0.327080 -0.393177 -0.643387 -0.752693 -0.845375 -0.869654 
56.448971 19639092.000000 66 68 70 0.974065 0.965338 0.956971 0.984139 0.970575 0.944426 0.813793 0.477218 0.386098 0.273810 0.170239 0.045158 -0.137797 -0.313958 -0.381683 -0.616424 -0.734630 -0.806362 -0.854669 0.983906 0.970398 0.937002 0.771571 0.510814 0.434721 0.291791 0.144776 0.026706 -0.128113 -0.315869 -0.374428 -0.627408 -0.732525 -0.814727 -0.851166 
53.634663 5149236.500000 70 72 72 0.955367 0.941838 0.886542 0.988142 0.976287 0.946783 0.829453 0.542080 0.382231 0.286586 0.215445 0.099494 -0.144448 -0.342282 -0.469889 -0.602334 -0.732626 -0.816847 -0.869903 0.985815 0.973600 0.943999 0.830983 0.479889 0.348268 0.268111 0.183934 0.063385 -0.195775 -0.336930 -0.443746 -0.611476 -0.739081 -0.818989 -0.872505 
51.563499 1425291.375000 72 72 72 0.880584 0.936793 0.945391 0.989635 0.977032 0.950929 0.868447 0.640271 0.507109 0.391706 0.191691 0.123880 -0.021345 -0.290938 -0.482889 -0.652081 -0.773608 -0.822132 -0.915054 0.989315 0.976412 0.949064 0.863427 0.601084 0.496055 0.378590 0.223068 0.126948 -0.069454 -0.314415 -0.481007 -0.613461 -0.763147 -0.810038 -0.926284 
50.824280 1037097.937500 72 72 72 0.950856 0.965806 0.971981 0.989533 0.976155 0.952649 0.877617 0.678021 0.480814 0.350639 0.214822 0.103348 0.005655 -0.290848 -0.398725 -0.573742 -0.728188 -0.823517 -0.945409 0.989504 0.977750 0.950476 0.860663 0.629691 0.524899 0.353764 0.178147 0.122271 -0.026008 -0.275422 -0.424073 -0.630761 -0.752869 -0.816667 -0.924355 
50.860703 544667.250000 72 72 72 0.967769 0.965046 0.934211 0.991019 0.979131 0.956558 0.894120 0.692445 0.517879 0.350331 0.223379 0.102945 0.011385 -0.271702 -0.370161 -0.553520 -0.745045 -0.857002 -0.964367 0.990638 0.978607 0.955604 0.878630 0.658994 0.505264 0.359540 0.214630 0.129308 0.000089 -0.256512 -0.370366 -0.540061 -0.745499 -0.836685 -0.966272 
49.371162 1635231.750000 72 72 68 0.933967 0.901486 0.909786 0.991649 0.979919 0.947131 0.796352 0.704876 0.569138 0.393739 0.235189 0.084023 -0.166574 -0.356393 -0.585164 -0.854011 -0.912050 -0.954238 -0.982651 0.992000 0.976913 0.958438 0.859829 0.668448 0.521142 0.336144 0.211663 0.104056 -0.067866 -0.284971 -0.418494 -0.646338 -0.833438 -0.937019 -0.975757 
51.277351 15082528.000000 68 68 66 0.931349 0.914363 0.943433 0.990602 0.979113 0.949599 0.729474 0.687002 0.443219 0.161874 -0.050745 -0.200502 -0.396033 -0.578994 -0.691094 -0.876179 -0.911389 -0.956438 -0.984541 0.991244 0.979581 0.949968 0.741367 0.691916 0.516596 0.281589 0.053452 -0.189924 -0.381109 -0.536958 -0.685088 -0.869402 -0.903841 -0.955838 -0.984269 
49.451385 7483169.000000 66 68 70 0.931029 0.915376 0.950003 0.991240 0.982282 0.944412 0.718396 0.640110 0.389173 0.106772 -0.106043 -0.300770 -0.476420 -0.622438 -0.766548 -0.866595 -0.915771 -0.968475 -0.986735 0.991477 0.979730 0.944756 0.717814 0.663880 0.516509 0.121450 -0.089192 -0.253307 -0.424392 -0.616365 -0.719693 -0.881147 -0.922314 -0.963604 -0.980996 
48.847775 6627354.000000 68 70 68 0.922966 0.869635 0.856333 0.992669 0.983452 0.959350 0.716059 0.535898 0.254391 0.021699 -0.162357 -0.284104 -0.505215 -0.640560 -0.763973 -0.864039 -0.926780 -0.961246 -0.986584 0.992065 0.984220 0.954632 0.720127 0.621586 0.327869 0.057209 -0.158046 -0.298031 -0.443859 -0.623389 -0.793770 -0.870899 -0.919904 -0.972024 -0.989091 
46.633091 2255140.000000 68 68 70 0.881411 0.761933 0.471307 0.994588 0.986456 0.950451 0.703616 0.639017 0.315753 0.058130 -0.146903 -0.290835 -0.473810 -0.616354 -0.725879 -0.823928 -0.888078 -0.938737 -0.978987 0.992532 0.983735 0.953348 0.705741 0.635881 0.259474 0.054373 -0.153586 -0.330896 -0.528983 -0.674760 -0.747987 -0.819885 -0.902359 -0.941559 -0.988567 
36.435783 133154.078125 148 144 146 0.768750 0.817539 0.769884 0.994185 0.986765 0.949136 0.747569 0.588750 0.448385 0.198740 -0.056261 -0.273455 -0.429542 -0.648136 -0.736557 -0.846066 -0.911674 -0.968035 -0.989048 0.993887 0.986916 0.965799 0.779606 0.628490 0.387545 0.174777 0.005867 -0.314611 -0.433331 -0.638299 -0.728152 -0.810200 -0.894136 -0.958569 -0.990073 
27.095867 71243.390625 72 72 146 0.681700 0.487228 0.309475 0.989740 0.967094 0.912193 0.770125 0.564752 0.433316 0.211519 0.044290 -0.266279 -0.541812 -0.669060 -0.747284 -0.844780 -0.920617 -0.955222 -0.986964 0.992299 0.977084 0.939806 0.734561 0.604905 0.449900 0.190944 -0.038527 -0.291541 -0.503775 -0.626143 -0.725063 -0.857769 -0.918063 -0.964063 -0.987664 
39.221779 5814422.000000 124 72 110 0.390315 0.488007 0.572097 0.984992 0.961681 0.685822 0.639038 0.594717 0.467737 0.247192 0.093335 -0.172514 -0.225208 -0.484011 -0.613139 -0.741978 -0.843235 -0.913388 -0.991041 0.993161 0.968970 0.893541 0.758156 0.604140 0.427676 0.213487 0.056128 -0.208239 -0.502287 -0.680280 -0.738222 -0.850590 -0.907903 -0.963654 -0.987152 
47.222046 5139864.000000 116 58 68 0.474700 0.827879 0.817967 0.990596 0.981974 0.954237 0.670927 0.636621 0.481525 0.223185 0.094559 -0.229607 -0.376369 -0.548619 -0.621847 -0.724630 -0.849400 -0.930043 -0.962199 0.989812 0.982134 0.889684 0.636421 0.624652 0.444984 0.265291 0.021727 -0.164534 -0.300919 -0.441560 -0.593396 -0.683190 -0.842769 -0.906452 -0.976353 
46.909233 6683588.000000 70 74 82 0.822072 0.730864 0.619976 0.992914 0.975924 0.860565 0.641568 0.592880 0.315893 0.093188 -0.190993 -0.327769 -0.458079 -0.609879 -0.775914 -0.866314 -0.921885 -0.952254 -0.982473 0.991860 0.982469 0.936443 0.637118 0.604106 0.366921 0.201384 -0.035618 -0.248791 -0.424028 -0.572642 -0.752254 -0.844278 -0.903327 -0.947880 -0.978204 
49.293655 7984270.000000 80 70 68 0.594649 0.707429 0.698625 0.981927 0.955431 0.743966 0.626882 0.549469 0.236436 0.090785 -0.201617 -0.294316 -0.503902 -0.613885 -0.771553 -0.867830 -0.926059 -0.960958 -0.988204 0.988836 0.959780 0.779121 0.615105 0.540306 0.270179 0.064166 -0.181385 -0.325665 -0.456063 -0.606373 -0.738135 -0.883641 -0.926647 -0.953560 -0.981492 
45.752941 3564469.750000 70 50 64 0.723069 0.614823 0.598607 0.988225 0.921671 0.751998 0.637352 0.505528 0.262385 0.095169 -0.164869 -0.326549 -0.448214 -0.616435 -0.720991 -0.869776 -0.915535 -0.960670 -0.983728 0.982608 0.937406 0.733372 0.629846 0.520785 0.304414 0.067271 -0.189326 -0.334710 -0.473483 -0.590474 -0.745456 -0.863105 -0.927735 -0.954307 -0.983835 
41.158264 1417942.375000 64 70 68 0.632162 0.562444 0.526906 0.980628 0.892904 0.679329 0.618816 0.507814 0.275026 0.075285 -0.162324 -0.290413 -0.464725 -0.567889 -0.745037 -0.843075 -0.928974 -0.964420 -0.990743 0.985219 0.904782 0.687441 0.627901 0.551229 0.236531 0.072563 -0.150960 -0.340095 -0.471081 -0.615070 -0.771124 -0.858319 -0.917100 -0.964561 -0.984831 
40.347961 1634449.000000 68 70 210 0.553760 0.552040 0.484514 0.973722 0.932117 0.726268 0.618565 0.443638 0.211456 0.109106 -0.121086 -0.337691 -0.469387 -0.548532 -0.709353 -0.859619 -0.920973 -0.969003 -0.988678 0.979301 0.917325 0.677233 0.608333 0.498463 0.289871 0.010837 -0.159932 -0.309317 -0.449793 -0.585949 -0.721345 -0.846252 -0.929287 -0.956039 -0.986178 
37.437107 1312633.750000 114 122 88 0.521630 0.401391 0.418507 0.956235 0.906184 0.744872 0.626197 0.476642 0.240223 0.118790 -0.063766 -0.293867 -0.417640 -0.505239 -0.667168 -0.822454 -0.898043 -0.951854 -0.988352 0.960484 0.922583 0.788531 0.627336 0.435988 0.213502 0.117885 -0.119924 -0.283123 -0.452880 -0.542484 -0.670087 -0.868403 -0.905119 -0.968712 -0.988675 
56.796421 72398792.000000 54 52 56 0.221665 0.694039 0.928951 0.974664 0.947541 0.917721 0.791544 0.690078 0.628504 0.308165 0.163283 0.027742 -0.202405 -0.363072 -0.538278 -0.643961 -0.819294 -0.880382 -0.964635 0.983896 0.955746 0.919382 0.828011 0.701328 0.645915 0.273414 0.132086 0.000000 -0.234673 -0.401357 -0.542687 -0.710063 -0.876125 -0.949468 -0.983895 
60.739525 85177832.000000 56 58 56 0.916103 0.971589 0.970029 0.964478 0.936727 0.902558 0.818061 0.707553 0.612886 0.318263 0.204974 0.057608 -0.187310 -0.401284 -0.493732 -0.680613 -0.831828 -0.881642 -0.917604 0.966777 0.943269 0.907840 0.800022 0.699871 0.619448 0.321367 0.180172 0.034107 -0.207677 -0.410075 -0.523774 -0.649683 -0.836430 -0.874775 -0.927696 
60.381195 80309080.000000 58 56 54 0.886634 0.941346 0.907677 0.963593 0.931513 0.896272 0.820665 0.718119 0.586751 0.307406 0.213684 0.047568 -0.232593 -0.326793 -0.443672 -0.681694 -0.828044 -0.897344 -0.916931 0.962398 0.931931 0.897693 0.822495 0.710329 0.603330 0.293315 0.210976 0.055589 -0.215380 -0.356098 -0.455893 -0.703246 -0.840733 -0.893620 -0.918965 
60.047981 65734156.000000 54 50 48 0.915240 0.940531 0.910251 0.968249 0.929099 0.889964 0.809478 0.718367 0.616286 0.322672 0.236813 0.053050 -0.206094 -0.284486 -0.348757 -0.633290 -0.805982 -0.890833 -0.914947 0.964513 0.931066 0.896579 0.812097 0.728095 0.623432 0.300777 0.233020 0.025642 -0.232655 -0.296479 -0.407654 -0.645734 -0.792903 -0.897860 -0.918249 
59.676327 61945664.000000 48 46 44 0.955326 0.928339 0.910109 0.972742 0.930605 0.893083 0.791043 0.713090 0.631328 0.342908 0.249128 0.086247 -0.185080 -0.300172 -0.356890 -0.649832 -0.806856 -0.878331 -0.906767 0.968722 0.930709 0.883676 0.799741 0.713341 0.618382 0.321619 0.247905 0.063450 -0.198414 -0.294252 -0.351162 -0.638609 -0.810649 -0.888884 -0.914915 
59.541039 38160256.000000 44 42 40 0.912367 0.919614 0.924337 0.975595 0.939724 0.898315 0.802657 0.701050 0.652452 0.366993 0.250970 0.139950 -0.095053 -0.317932 -0.384447 -0.612579 -0.752221 -0.865793 -0.899528 0.975504 0.934325 0.895970 0.791565 0.710701 0.644110 0.344449 0.251918 0.133182 -0.119036 -0.318793 -0.358509 -0.595403 -0.776450 -0.878475 -0.903129 
58.384514 32303586.000000 40 38 38 0.959564 0.934307 0.985491 0.975776 0.945584 0.900762 0.817007 0.673657 0.617623 0.389483 0.253728 0.118599 -0.043549 -0.276510 -0.368398 -0.625976 -0.727706 -0.859727 -0.881438 0.978403 0.946443 0.901332 0.810861 0.686858 0.644523 0.383470 0.267023 0.133483 -0.067756 -0.309765 -0.379233 -0.614982 -0.748465 -0.862137 -0.903207 
58.427181 41956276.000000 38 38 38 0.978130 0.987174 0.930805 0.976448 0.951469 0.914206 0.804575 0.634263 0.561439 0.408617 0.205264 0.103535 -0.076506 -0.240789 -0.414516 -0.633725 -0.730794 -0.859938 -0.874971 0.977491 0.949119 0.902906 0.813555 0.660333 0.584665 0.404050 0.235907 0.112918 -0.058049 -0.249518 -0.359483 -0.646490 -0.727054 -0.869684 -0.882963 
57.459953 24411420.000000 38 40 42 0.950275 0.977442 0.912216 0.982979 0.962117 0.920303 0.831655 0.618947 0.527582 0.368903 0.186024 0.041817 -0.086927 -0.260096 -0.531737 -0.600779 -0.659455 -0.833229 -0.879582 0.978970 0.955337 0.923308 0.802556 0.607682 0.547808 0.395413 0.193495 0.091667 -0.100290 -0.238475 -0.465632 -0.621437 -0.686037 -0.847045 -0.864231 
52.678486 2612438.250000 40 44 50 0.932843 0.841379 0.744944 0.990694 0.977580 0.903817 0.836913 0.668615 0.569140 0.422662 0.186853 0.066864 -0.053221 -0.355161 -0.559130 -0.613344 -0.716395 -0.844168 -0.918716 0.987828 0.975378 0.908645 0.806554 0.639983 0.540497 0.365589 0.164119 0.035916 -0.049538 -0.374891 -0.536464 -0.608090 -0.687147 -0.824537 -0.871333 
47.253731 739953.562500 50 50 52 0.722625 0.781618 0.791271 0.992301 0.975554 0.893933 0.858949 0.736917 0.597164 0.409320 0.220636 0.131875 -0.026715 -0.277633 -0.487673 -0.601339 -0.690143 -0.862312 -0.952220 0.991844 0.977390 0.894701 0.838059 0.715249 0.602142 0.447811 0.267064 0.103712 -0.056806 -0.287685 -0.476899 -0.603963 -0.724007 -0.855322 -0.936079 
44.167675 511848.031250 52 54 62 0.789404 0.420509 0.475840 0.984512 0.945840 0.899556 0.835511 0.728640 0.607900 0.421029 0.305733 0.141087 -0.035877 -0.258599 -0.523857 -0.624942 -0.770454 -0.891835 -0.976356 0.991631 0.973136 0.894731 0.867064 0.723027 0.610807 0.427188 0.263971 0.108891 -0.061751 -0.263501 -0.508292 -0.606594 -0.699074 -0.864795 -0.958114 
40.632874 4143821.000000 62 42 52 0.530771 0.588360 0.455686 0.981524 0.942193 0.882037 0.796217 0.629686 0.472939 0.295872 0.049047 -0.126866 -0.451451 -0.583019 -0.779949 -0.875745 -0.923631 -0.955605 -0.992550 0.985545 0.949181 0.888186 0.834301 0.685415 0.563567 0.417917 0.247325 0.046419 -0.136390 -0.523924 -0.619299 -0.837775 -0.919456 -0.957872 -0.977200 
50.683079 25641028.000000 46 40 40 0.291311 0.690693 0.606228 0.957915 0.905805 0.835306 0.667972 0.517119 0.156721 -0.000211 -0.209016 -0.298578 -0.471006 -0.618981 -0.673075 -0.794853 -0.861888 -0.922619 -0.972385 0.969739 0.916075 0.867496 0.719612 0.562529 0.339103 0.058465 -0.082948 -0.285840 -0.452945 -0.652546 -0.765400 -0.867758 -0.896775 -0.957195 -0.985830 
47.040459 18644326.000000 142 50 72 0.620125 0.435089 0.679293 0.987073 0.971914 0.861822 0.688851 0.639965 0.387064 0.252255 0.083877 -0.069323 -0.165060 -0.396652 -0.620138 -0.711757 -0.815855 -0.914171 -0.965889 0.984759 0.935188 0.855194 0.692011 0.500985 0.261205 0.099945 -0.083606 -0.225666 -0.304502 -0.512665 -0.604741 -0.702449 -0.836996 -0.920904 -0.969095 
47.818344 4583544.000000 74 76 78 0.653639 0.916085 0.932656 0.986363 0.977663 0.889110 0.791490 0.665644 0.584848 0.371413 0.095760 -0.048193 -0.249270 -0.472653 -0.628167 -0.749558 -0.856523 -0.915624 -0.984237 0.985963 0.974815 0.888387 0.740208 0.672467 0.539926 0.369325 0.156661 -0.002055 -0.181951 -0.421808 -0.600094 -0.691411 -0.797109 -0.921302 -0.978308 
47.704163 1818878.500000 78 78 76 0.939927 0.952526 0.934694 0.986734 0.978784 0.910143 0.858965 0.734780 0.619716 0.364845 0.138777 -0.092350 -0.256822 -0.447764 -0.609968 -0.711280 -0.827890 -0.912901 -0.975962 0.986742 0.977149 0.900473 0.834986 0.684761 0.599070 0.410229 0.107831 -0.122219 -0.253854 -0.554870 -0.658757 -0.751673 -0.844520 -0.912401 -0.983966 
54.687599 1937786.750000 76 76 76 0.946107 0.908867 0.778493 0.981161 0.971295 0.930977 0.863081 0.797913 0.673772 0.628497 0.331285 0.061458 -0.132147 -0.460536 -0.608244 -0.722955 -0.827628 -0.899534 -0.972819 0.985283 0.977196 0.917625 0.867348 0.751588 0.667107 0.548278 0.197829 0.002074 -0.226202 -0.462372 -0.611661 -0.698697 -0.831853 -0.907491 -0.969633 
59.397713 2260118.500000 76 74 76 0.775380 0.908355 0.903123 0.974230 0.963977 0.926479 0.844372 0.778303 0.669643 0.595312 0.481847 0.220815 0.119697 -0.287090 -0.545923 -0.653844 -0.780868 -0.907700 -0.963791 0.976176 0.966897 0.935266 0.853875 0.794527 0.669075 0.624657 0.465590 0.142919 -0.052131 -0.388959 -0.585940 -0.704030 -0.824010 -0.910813 -0.962922 
57.093399 6701344.000000 76 76 78 0.926671 0.945971 0.958383 0.968750 0.947696 0.903134 0.819404 0.760121 0.640562 0.462974 0.364865 0.201270 0.124484 -0.121108 -0.530510 -0.597892 -0.681109 -0.867959 -0.957671 0.973506 0.954188 0.910775 0.821138 0.761609 0.637738 0.528006 0.404704 0.211510 0.116892 -0.203800 -0.528966 -0.605103 -0.739904 -0.906508 -0.973515 
57.901657 17184334.000000 78 78 80 0.968245 0.949802 0.918795 0.965841 0.939326 0.900732 0.793190 0.725153 0.612609 0.369452 0.280687 0.138263 0.028485 -0.109346 -0.463165 -0.595025 -0.626120 -0.795056 -0.952753 0.966241 0.943331 0.900950 0.805983 0.737696 0.627183 0.391901 0.302034 0.155757 0.080487 -0.161029 -0.506981 -0.601364 -0.639708 -0.820951 -0.963452 
58.011433 27805188.000000 78 76 76 0.779266 0.938839 0.961366 0.967076 0.938142 0.902161 0.755719 0.691605 0.609912 0.342240 0.251073 0.123226 -0.060183 -0.127533 -0.444603 -0.601355 -0.655332 -0.708184 -0.921513 0.965266 0.937226 0.901772 0.773562 0.709696 0.612166 0.365114 0.264319 0.134631 -0.010944 -0.097297 -0.445849 -0.589324 -0.632103 -0.719848 -0.948558 
58.423115 34479560.000000 76 76 76 0.961098 0.981527 0.978932 0.968279 0.943978 0.907319 0.727818 0.669060 0.603121 0.353375 0.234814 0.116932 -0.108344 -0.179472 -0.394417 -0.612506 -0.677020 -0.749074 -0.869644 0.967666 0.941185 0.903123 0.737890 0.677949 0.612584 0.336862 0.241718 0.120616 -0.089133 -0.155601 -0.443781 -0.611029 -0.671091 -0.746575 -0.914548 
57.445904 38645048.000000 76 76 76 0.976491 0.970960 0.912122 0.972457 0.949139 0.908112 0.741527 0.617797 0.574789 0.333625 0.231496 0.092218 -0.129749 -0.221399 -0.375627 -0.643877 -0.693430 -0.803455 -0.862176 0.969066 0.946069 0.906063 0.740401 0.644404 0.583060 0.338915 0.230453 0.105855 -0.123796 -0.208715 -0.400293 -0.638705 -0.692451 -0.786177 -0.863519 
56.709309 25036736.000000 74 74 74 0.939745 0.948763 0.941573 0.978846 0.966038 0.922329 0.751180 0.602599 0.527508 0.341480 0.206369 0.078503 -0.114025 -0.273338 -0.387902 -0.635871 -0.698417 -0.829341 -0.881462 0.976360 0.958008 0.910729 0.733501 0.608316 0.555689 0.336097 0.223883 0.086961 -0.124252 -0.246096 -0.382853 -0.647589 -0.692324 -0.816717 -0.863876 
57.815140 9595732.000000 74 76 76 0.957382 0.951765 0.944537 0.981555 0.971002 0.950269 0.789391 0.599290 0.528424 0.366712 0.181748 0.107526 -0.087019 -0.315764 -0.410345 -0.576923 -0.714569 -0.833219 -0.904909 0.979370 0.969404 0.941939 0.777481 0.579295 0.520069 0.359573 0.188779 0.083441 -0.104367 -0.272436 -0.379587 -0.627707 -0.732830 -0.856776 -0.889641 
50.720333 5502048.000000 76 76 76 0.945067 0.954945 0.900651 0.987369 0.974143 0.927696 0.764083 0.671483 0.525001 0.375122 0.134331 -0.014523 -0.347845 -0.450093 -0.649136 -0.824513 -0.903147 -0.956276 -0.976285 0.984861 0.972382 0.945902 0.767507 0.654132 0.535302 0.369418 0.185334 0.083500 -0.162991 -0.366001 -0.467522 -0.594140 -0.759549 -0.882869 -0.941913 
43.550056 6296572.000000 76 76 76 0.913262 0.769507 0.734504 0.979215 0.957995 0.876563 0.703775 0.600594 0.448296 0.250774 0.131988 -0.255103 -0.378210 -0.578220 -0.734665 -0.852497 -0.921341 -0.958354 -0.984888 0.986936 0.966468 0.892443 0.747666 0.653560 0.488934 0.319398 0.148942 -0.143263 -0.346183 -0.527615 -0.702046 -0.844300 -0.924955 -0.960823 -0.983487 
44.440758 5363043.000000 76 76 76 0.755078 0.583136 0.651356 0.991328 0.949541 0.854195 0.728387 0.563755 0.500405 0.205101 0.112763 -0.259496 -0.430520 -0.513338 -0.763169 -0.868797 -0.933537 -0.977043 -0.990153 0.982201 0.941449 0.857256 0.680782 0.570307 0.468471 0.245346 0.131637 -0.287041 -0.382330 -0.544373 -0.758236 -0.872383 -0.928168 -0.970982 -0.991424 
50.435520 14484693.000000 74 68 72 0.558657 0.922224 0.956223 0.986201 0.974711 0.946686 0.711054 0.541526 0.468921 0.281770 0.171899 0.044793 -0.272397 -0.414109 -0.510661 -0.762577 -0.834788 -0.920078 -0.983091 0.989227 0.979139 0.932996 0.723773 0.580713 0.487023 0.272429 0.162819 -0.010320 -0.377563 -0.429091 -0.672837 -0.839540 -0.905688 -0.961604 -0.978490 
54.191986 19552840.000000 72 72 72 0.960814 0.983365 0.970343 0.986112 0.972342 0.952958 0.749690 0.470404 0.398072 0.267003 0.164954 0.022409 -0.272044 -0.394558 -0.513146 -0.678614 -0.782421 -0.860362 -0.977848 0.984526 0.971876 0.945874 0.720118 0.513521 0.436869 0.282496 0.162948 0.030285 -0.255286 -0.395032 -0.504877 -0.680949 -0.812221 -0.864280 -0.946750 
51.852165 4362023.000000 72 74 76 0.968655 0.968428 0.939943 0.989277 0.976625 0.955810 0.830016 0.430715 0.357681 0.269386 0.204774 0.038649 -0.226129 -0.409063 -0.494706 -0.643732 -0.722554 -0.906325 -0.980123 0.987467 0.974452 0.955176 0.775651 0.434886 0.366403 0.256831 0.182388 0.017291 -0.236527 -0.393399 -0.489700 -0.666293 -0.744166 -0.872643 -0.988314 
48.429657 680543.687500 74 74 74 0.927480 0.967683 0.948681 0.991951 0.980333 0.961384 0.903646 0.576563 0.476120 0.336861 0.205742 0.147339 -0.200295 -0.400531 -0.535798 -0.712672 -0.821632 -0.963373 -0.990346 0.991426 0.979492 0.958590 0.871881 0.587110 0.399388 0.297721 0.212031 0.100960 -0.194194 -0.395547 -0.511975 -0.643930 -0.786266 -0.939117 -0.987496 
49.087753 355729.906250 74 74 74 0.958237 0.962386 0.983545 0.992815 0.981502 0.957170 0.923296 0.680974 0.484309 0.358367 0.240037 0.138053 -0.043108 -0.405461 -0.469741 -0.713370 -0.827871 -0.943560 -0.988595 0.991884 0.980237 0.955502 0.905396 0.664495 0.484499 0.388676 0.220465 0.152672 -0.066253 -0.358345 -0.472354 -0.676790 -0.834619 -0.953508 -0.988956 
49.049297 173136.921875 74 74 74 0.977682 0.977614 0.957951 0.993576 0.983307 0.962365 0.923744 0.714461 0.537572 0.388046 0.304399 0.178739 -0.047131 -0.392431 -0.517174 -0.720116 -0.827839 -0.969357 -0.986030 0.993175 0.982554 0.959524 0.929534 0.698370 0.465804 0.361437 0.276139 0.167331 -0.022687 -0.373439 -0.488691 -0.713511 -0.817154 -0.960803 -0.984298 
47.371124 62015.464844 74 74 74 0.953188 0.899872 0.926415 0.994262 0.985399 0.972593 0.923503 0.726450 0.508752 0.353964 0.277175 0.164757 -0.134773 -0.430830 -0.530999 -0.701591 -0.801291 -0.950972 -0.982507 0.994285 0.986027 0.971831 0.924312 0.709317 0.574921 0.362357 0.300260 0.145859 -0.121337 -0.418987 -0.544767 -0.699336 -0.821892 -0.950093 -0.985715 
41.661358 24160.654297 74 84 76 0.911094 0.715816 0.602472 0.994238 0.985214 0.965027 0.862688 0.674279 0.455057 0.353052 0.255087 0.059657 -0.197379 -0.370303 -0.539866 -0.751535 -0.824652 -0.918883 -0.980265 0.994441 0.986899 0.974421 0.928277 0.702121 0.517564 0.359155 0.238228 0.100594 -0.194955 -0.390954 -0.520017 -0.696616 -0.821720 -0.906584 -0.987686 
38.297508 5436274.000000 84 80 178 0.560585 0.771440 0.629790 0.984170 0.962261 0.737179 0.541857 0.481324 0.314047 0.110182 -0.088598 -0.207480 -0.391718 -0.574391 -0.663615 -0.785680 -0.862491 -0.915727 -0.973994 0.992052 0.982748 0.955685 0.849258 0.687204 0.449742 0.360295 0.236323 0.073906 -0.183770 -0.349920 -0.573977 -0.744022 -0.820469 -0.908335 -0.972457 
49.155769 14656211.000000 138 128 34 0.476276 0.428843 0.533090 0.986815 0.979060 0.949598 0.600753 0.536321 0.406231 0.212244 0.091319 -0.209563 -0.378315 -0.567809 -0.722413 -0.818607 -0.850028 -0.909797 -0.966738 0.989500 0.971748 0.708295 0.533801 0.490261 0.306804 0.115983 -0.166968 -0.262727 -0.484217 -0.617245 -0.770731 -0.839197 -0.888052 -0.935423 -0.982882 
56.121983 36001772.000000 70 70 72 0.459853 0.954381 0.966139 0.982426 0.972954 0.942417 0.677594 0.563778 0.480954 0.287535 0.203403 0.004333 -0.284446 -0.358289 -0.570260 -0.697224 -0.781955 -0.835636 -0.926757 0.984040 0.978198 0.939496 0.647285 0.551166 0.461489 0.262534 0.184793 -0.039133 -0.308205 -0.395887 -0.583900 -0.724591 -0.789276 -0.870003 -0.963507 
58.977123 30193968.000000 72 72 72 0.970259 0.947851 0.889133 0.975096 0.964706 0.944696 0.743683 0.607602 0.551036 0.329600 0.229433 0.070960 -0.216696 -0.294144 -0.483198 -0.701953 -0.782465 -0.862198 -0.950205 0.979565 0.966916 0.947425 0.723702 0.586095 0.515155 0.311080 0.218530 0.048508 -0.238053 -0.328511 -0.537879 -0.686461 -0.774967 -0.837007 -0.926740 
57.020317 30066332.000000 72 76 78 0.887196 0.949303 0.953545 0.975204 0.958537 0.907020 0.701974 0.635775 0.584707 0.352643 0.262119 0.050053 -0.190705 -0.252668 -0.477745 -0.678101 -0.752538 -0.836342 -0.878034 0.973902 0.963170 0.929932 0.720344 0.623594 0.574584 0.348623 0.244785 0.102781 -0.200697 -0.265155 -0.512582 -0.684806 -0.765790 -0.842400 -0.934647 
56.377850 27994898.000000 78 80 82 0.966738 0.916051 0.961780 0.970401 0.952643 0.912121 0.744175 0.669390 0.607856 0.371384 0.274643 0.022999 -0.174628 -0.243294 -0.515347 -0.710414 -0.767911 -0.847863 -0.874604 0.971536 0.954386 0.911381 0.720711 0.652695 0.600262 0.360456 0.267373 0.039791 -0.171343 -0.247382 -0.482388 -0.703537 -0.762857 -0.845364 -0.872108 
57.056087 18195350.000000 82 84 86 0.965235 0.947153 0.952074 0.969154 0.954309 0.917354 0.767842 0.711862 0.629852 0.348921 0.265540 0.015917 -0.169818 -0.228421 -0.495729 -0.701629 -0.759621 -0.840357 -0.875817 0.968585 0.952960 0.914621 0.753481 0.687350 0.623453 0.356541 0.266993 0.019511 -0.162715 -0.225456 -0.499225 -0.690594 -0.752042 -0.840154 -0.876085 
57.498230 11352915.000000 86 86 88 0.953213 0.963178 0.872553 0.969752 0.955483 0.920471 0.782761 0.733610 0.634861 0.356921 0.264793 0.091670 -0.146977 -0.192755 -0.382399 -0.685052 -0.749486 -0.818601 -0.890907 0.967693 0.954366 0.920667 0.774618 0.724997 0.627275 0.347571 0.266375 0.041456 -0.165052 -0.208466 -0.457689 -0.699953 -0.748147 -0.837557 -0.870835 
56.127911 6277415.000000 86 86 84 0.798653 0.925364 0.898630 0.974767 0.958716 0.920973 0.811172 0.764763 0.643992 0.332181 0.246905 0.073768 -0.135330 -0.181880 -0.353445 -0.664454 -0.734005 -0.809698 -0.893961 0.971476 0.957392 0.921595 0.796784 0.746127 0.635469 0.347690 0.255266 0.082326 -0.134027 -0.179084 -0.395653 -0.674785 -0.731962 -0.818135 -0.875825 
55.024918 3640545.750000 84 80 78 0.905042 0.923361 0.852973 0.978600 0.968112 0.920156 0.830384 0.785079 0.642359 0.336200 0.235201 0.074373 -0.124746 -0.182864 -0.278063 -0.652061 -0.724724 -0.788563 -0.946111 0.977757 0.964028 0.914967 0.821468 0.764532 0.650667 0.321728 0.242923 0.075372 -0.133628 -0.179178 -0.329124 -0.651960 -0.715917 -0.776191 -0.904335 
57.342636 1914100.875000 78 74 74 0.833947 0.964721 0.903026 0.979382 0.969432 0.944670 0.861400 0.813188 0.663286 0.371190 0.242214 0.109728 -0.098710 -0.184153 -0.254476 -0.625348 -0.724481 -0.869168 -0.970398 0.979894 0.969715 0.935010 0.850472 0.800824 0.663832 0.337236 0.247220 0.103244 -0.094962 -0.186308 -0.233240 -0.626190 -0.734436 -0.835671 -0.966682 
56.837963 1658688.375000 72 70 68 0.933557 0.913510 0.950251 0.983078 0.974254 0.922265 0.863513 0.811864 0.706172 0.402346 0.203339 0.104270 -0.132951 -0.210395 -0.279034 -0.514172 -0.747520 -0.880032 -0.972012 0.980537 0.970004 0.939226 0.868481 0.819996 0.695445 0.342400 0.224125 0.111429 -0.111254 -0.204049 -0.249791 -0.534250 -0.751808 -0.876632 -0.971164 
56.268051 1249873.875000 68 66 64 0.946708 0.967084 0.956054 0.983569 0.977720 0.934453 0.882163 0.831930 0.676814 0.297465 0.182313 0.070481 -0.188634 -0.268013 -0.336615 -0.536649 -0.689427 -0.870279 -0.966667 0.983885 0.976746 0.930529 0.875510 0.807536 0.692410 0.382034 0.195087 0.070474 -0.155231 -0.227013 -0.293240 -0.509856 -0.717874 -0.877861 -0.969213 
53.897064 333811.187500 64 64 64 0.962719 0.957862 0.716284 0.985108 0.979250 0.930012 0.875199 0.847472 0.686719 0.403830 0.178515 0.029461 -0.236082 -0.313871 -0.411097 -0.549255 -0.760251 -0.877419 -0.968115 0.984039 0.978957 0.937107 0.880050 0.851012 0.677458 0.269249 0.171648 0.045326 -0.233941 -0.291434 -0.385417 -0.527300 -0.699584 -0.879208 -0.967000 
42.200455 62895.070312 64 66 68 0.792742 0.777683 0.763899 0.992268 0.974179 0.951677 0.877166 0.780827 0.693770 0.487995 0.243231 -0.005941 -0.209651 -0.281940 -0.458618 -0.694788 -0.806907 -0.900763 -0.973959 0.990447 0.979904 0.927659 0.864794 0.809998 0.691127 0.467030 0.257969 0.049664 -0.204485 -0.298595 -0.430393 -0.612927 -0.805261 -0.889451 -0.972948 
38.015629 254557.000000 68 66 26 0.851091 0.668083 0.497876 0.982913 0.962014 0.912324 0.824848 0.720455 0.559934 0.465021 0.193809 -0.044149 -0.183756 -0.453899 -0.532782 -0.673332 -0.754623 -0.893816 -0.944367 0.990056 0.969888 0.933744 0.867651 0.822160 0.710596 0.524479 0.262201 0.063245 -0.184351 -0.251320 -0.483679 -0.689787 -0.819407 -0.897390 -0.965975 
40.344017 2343328.500000 148 44 36 0.538406 0.637798 0.673134 0.977079 0.946974 0.861316 0.745223 0.600728 0.477239 0.309770 0.174850 -0.019101 -0.207824 -0.506692 -0.594654 -0.695706 -0.778507 -0.886893 -0.944760 0.964943 0.952302 0.801101 0.721083 0.627516 0.534901 0.409284 0.110110 -0.048589 -0.196099 -0.494652 -0.560972 -0.674279 -0.743661 -0.889249 -0.937270 
58.004761 47115908.000000 102 52 54 0.349620 0.760424 0.945621 0.979282 0.969615 0.948984 0.744121 0.525011 0.411706 0.309384 0.193214 0.012164 -0.186090 -0.288011 -0.476814 -0.663733 -0.764608 -0.810293 -0.920771 0.986749 0.974786 0.936607 0.737163 0.529655 0.396176 0.312820 0.198439 0.017804 -0.178998 -0.304414 -0.465395 -0.675048 -0.754058 -0.824376 -0.940720 
60.520638 52505092.000000 54 54 54 0.950663 0.971043 0.991692 0.979040 0.962154 0.932161 0.822043 0.548963 0.476287 0.313940 0.180075 0.026496 -0.144796 -0.299389 -0.433918 -0.656292 -0.769609 -0.835512 -0.884136 0.977028 0.967725 0.939690 0.791949 0.538042 0.455842 0.322467 0.195943 0.022047 -0.157939 -0.289733 -0.453528 -0.642622 -0.769548 -0.820632 -0.882330 
59.205086 44479816.000000 54 54 54 0.991777 0.985509 0.985237 0.980857 0.956815 0.934142 0.829641 0.581888 0.510454 0.365114 0.184916 0.048241 -0.132918 -0.325951 -0.443122 -0.656665 -0.775295 -0.847944 -0.878720 0.978959 0.958327 0.932015 0.826681 0.564194 0.496123 0.344681 0.191227 0.038857 -0.105297 -0.302992 -0.417957 -0.644707 -0.773599 -0.837699 -0.869906 
57.761456 25800484.000000 54 54 54 0.978890 0.943260 0.948248 0.985904 0.961106 0.932930 0.862638 0.620523 0.542240 0.318015 0.162720 0.040330 -0.185023 -0.364745 -0.510313 -0.694625 -0.784310 -0.874714 -0.924993 0.983791 0.957678 0.935326 0.855517 0.577104 0.517301 0.329351 0.157211 0.035525 -0.150146 -0.359396 -0.481006 -0.712697 -0.810090 -0.871795 -0.925772 
52.140434 13825807.000000 54 56 54 0.954776 0.650093 0.817573 0.989579 0.968642 0.915751 0.720403 0.552288 0.453665 0.223168 0.021899 -0.179224 -0.270893 -0.478902 -0.611407 -0.743286 -0.835554 -0.897138 -0.961638 0.988084 0.969139 0.931118 0.820968 0.639034 0.577086 0.269709 0.143528 -0.005234 -0.234701 -0.406784 -0.565047 -0.712827 -0.794493 -0.880818 -0.921327 
47.654350 27420144.000000 36 54 48 0.680251 0.647107 0.873233 0.987975 0.958514 0.917247 0.677812 0.519561 0.382088 0.095920 -0.044910 -0.292620 -0.350844 -0.469125 -0.613656 -0.731667 -0.833060 -0.919774 -0.975233 0.957217 0.937921 0.882746 0.553670 0.488538 0.362953 0.092245 -0.136518 -0.322137 -0.397532 -0.505489 -0.649180 -0.765637 -0.856462 -0.916718 -0.963529 
56.437000 13429834.000000 48 48 48 0.808468 0.964211 0.941372 0.984149 0.960284 0.919885 0.879488 0.707906 0.602260 0.412050 0.169577 0.042694 -0.146741 -0.269750 -0.488529 -0.632886 -0.730424 -0.894934 -0.969377 0.985250 0.962123 0.926238 0.885726 0.650594 0.570716 0.296855 0.097791 -0.068065 -0.248886 -0.354233 -0.546746 -0.664047 -0.798688 -0.902062 -0.956496 
59.114799 12468440.000000 48 46 46 0.973497 0.986236 0.968623 0.982278 0.952824 0.911506 0.879325 0.751633 0.682225 0.434861 0.227956 0.112652 -0.085190 -0.298004 -0.530034 -0.631367 -0.740059 -0.869641 -0.954110 0.982958 0.955257 0.914262 0.879661 0.747913 0.669838 0.438880 0.210754 0.102681 -0.076700 -0.173809 -0.461529 -0.618870 -0.708365 -0.888585 -0.954427 
58.027020 9856506.000000 46 48 50 0.975202 0.883604 0.945882 0.985177 0.946942 0.888291 0.859129 0.780566 0.689595 0.438441 0.194530 0.093989 -0.047647 -0.286099 -0.462159 -0.639340 -0.776065 -0.840182 -0.954487 0.983798 0.949832 0.907244 0.866363 0.761669 0.681019 0.412522 0.241226 0.100168 -0.066109 -0.312009 -0.532714 -0.631479 -0.745342 -0.863628 -0.952896 
58.164501 5929301.500000 50 52 52 0.938736 0.939251 0.985410 0.982434 0.940017 0.904855 0.861862 0.794177 0.712232 0.490719 0.149369 0.088210 -0.081627 -0.141434 -0.370462 -0.622256 -0.787797 -0.833645 -0.928545 0.980023 0.937284 0.895591 0.861133 0.784087 0.697594 0.463105 0.186836 0.097133 -0.035228 -0.116725 -0.380182 -0.659132 -0.757883 -0.835266 -0.940730 
57.228256 3485159.750000 52 52 52 0.988809 0.983787 0.972901 0.984846 0.948760 0.907398 0.871819 0.792683 0.729010 0.547227 0.148528 0.079509 -0.114883 -0.144822 -0.312785 -0.602061 -0.755766 -0.844299 -0.959614 0.985883 0.948663 0.908327 0.871280 0.791034 0.726137 0.465193 0.156859 0.082405 -0.104278 -0.148885 -0.373750 -0.554653 -0.758210 -0.836431 -0.947988 
56.766563 2390621.750000 52 52 50 0.971996 0.916691 0.952493 0.985119 0.948660 0.908460 0.870160 0.801665 0.733458 0.611357 0.145342 0.061479 -0.108698 -0.157986 -0.257794 -0.593584 -0.757366 -0.855056 -0.967686 0.983663 0.947721 0.906040 0.872403 0.797585 0.731771 0.582106 0.145648 0.083143 -0.123287 -0.151950 -0.338506 -0.593387 -0.742859 -0.862518 -0.967270 
56.344147 3592881.750000 50 50 50 0.951495 0.976674 0.986912 0.982257 0.946367 0.901967 0.857820 0.783147 0.715245 0.581652 0.185324 0.073191 -0.033495 -0.127206 -0.282681 -0.672737 -0.798141 -0.841165 -0.967046 0.983765 0.948268 0.910102 0.861797 0.793292 0.722647 0.615017 0.205816 0.056067 -0.039250 -0.155127 -0.236253 -0.625560 -0.779142 -0.852720 -0.966704 
55.870583 5992262.500000 50 50 50 0.986033 0.987936 0.979708 0.982712 0.948477 0.910652 0.841042 0.742250 0.701300 0.487787 0.154178 0.070437 -0.084473 -0.148181 -0.452899 -0.679038 -0.747158 -0.801734 -0.888283 0.980460 0.947408 0.902844 0.854607 0.770152 0.708179 0.568450 0.173650 0.067970 -0.055857 -0.128239 -0.369466 -0.674581 -0.788330 -0.812307 -0.924501 
51.614643 879102.937500 50 50 50 0.985118 0.948656 0.957722 0.989971 0.971436 0.910793 0.858176 0.744034 0.692341 0.439865 0.191163 0.099604 -0.028728 -0.127524 -0.407175 -0.626367 -0.726580 -0.824854 -0.956520 0.985605 0.955264 0.918766 0.831067 0.733966 0.696286 0.441859 0.168335 0.074979 -0.067477 -0.128676 -0.410952 -0.627874 -0.694967 -0.796883 -0.919863 
49.285080 233491.968750 50 50 50 0.948260 0.953316 0.965155 0.989829 0.979787 0.906384 0.877033 0.785626 0.720486 0.630414 0.211436 0.098029 -0.023809 -0.187502 -0.421681 -0.646226 -0.758275 -0.883880 -0.975231 0.990143 0.978486 0.898746 0.876623 0.773942 0.717336 0.580074 0.226681 0.101153 0.020696 -0.171610 -0.460373 -0.625079 -0.734527 -0.861822 -0.971020 
48.149399 382832.687500 50 50 52 0.952225 0.839337 0.866154 0.990443 0.981477 0.925812 0.824348 0.756499 0.600649 0.386899 0.309644 0.200852 -0.006435 -0.113913 -0.374396 -0.619637 -0.748693 -0.890167 -0.963346 0.990943 0.982592 0.925838 0.844032 0.738978 0.652081 0.397136 0.303469 0.178954 -0.012391 -0.132018 -0.376922 -0.629943 -0.760062 -0.865755 -0.973302 
38.658539 41058.023438 50 50 52 0.892891 0.704401 0.489346 0.985536 0.959918 0.903996 0.861700 0.754674 0.684505 0.481150 0.319874 0.047034 -0.124607 -0.322181 -0.487291 -0.689684 -0.812239 -0.926976 -0.973667 0.990479 0.979040 0.913982 0.868210 0.788185 0.712061 0.433478 0.297672 0.113256 -0.088970 -0.264061 -0.487275 -0.670172 -0.781078 -0.906181 -0.976026 
33.519176 31844.527344 50 50 50 0.539299 0.718675 0.851135 0.984110 0.945908 0.884875 0.872698 0.760169 0.705631 0.423614 0.191959 0.005185 -0.236830 -0.435268 -0.547892 -0.716059 -0.819076 -0.895660 -0.971029 0.985805 0.958714 0.888313 0.870094 0.758280 0.700035 0.505672 0.230901 0.039395 -0.148022 -0.372457 -0.539823 -0.703957 -0.783354 -0.912819 -0.970678 
38.764446 311560.406250 50 54 48 0.775915 0.578630 0.639265 0.940859 0.901688 0.871386 0.838863 0.773705 0.681015 0.405941 0.074996 -0.094653 -0.384335 -0.444701 -0.560638 -0.618224 -0.767304 -0.875607 -0.946016 0.982561 0.926099 0.887540 0.833934 0.757491 0.635771 0.394108 0.191176 -0.091849 -0.306839 -0.428376 -0.501244 -0.655096 -0.778834 -0.881399 -0.977163 
39.553848 285043.031250 24 34 102 0.820830 0.582130 0.464824 0.959310 0.917531 0.865823 0.841607 0.779070 0.671503 0.296663 -0.006448 -0.134811 -0.333069 -0.488150 -0.579474 -0.619149 -0.775415 -0.909597 -0.940276 0.945432 0.907723 0.859615 0.837988 0.766512 0.650257 0.262960 -0.095098 -0.176800 -0.342426 -0.522211 -0.587526 -0.642777 -0.817959 -0.903998 -0.935249 
32.173679 58999.503906 102 122 24 0.498374 0.417786 0.539292 0.956460 0.922852 0.879142 0.851533 0.771725 0.629373 0.351417 0.093424 -0.034018 -0.287427 -0.433072 -0.562327 -0.613299 -0.770340 -0.900390 -0.973690 0.964451 0.922243 0.861920 0.830310 0.770347 0.665073 0.295345 0.086101 -0.078884 -0.287130 -0.443066 -0.574372 -0.616778 -0.808511 -0.895787 -0.969078 
26.616386 22629.330078 104 104 52 0.610868 0.480901 0.466302 0.968767 0.915511 0.875926 0.845971 0.753188 0.587905 0.359197 0.150041 -0.063564 -0.201527 -0.397192 -0.592385 -0.665383 -0.800758 -0.927075 -0.962360 0.962955 0.920615 0.876822 0.846894 0.741851 0.592631 0.360764 0.138214 -0.023201 -0.268525 -0.441548 -0.569922 -0.658503 -0.818231 -0.907041 -0.975932 
50.100533 481378.875000 52 48 44 0.532417 0.553366 0.855260 0.984070 0.964272 0.933068 0.898834 0.845245 0.785644 0.339442 0.237818 0.065246 -0.064372 -0.145495 -0.433386 -0.633683 -0.794256 -0.908610 -0.975462 0.987145 0.932940 0.881463 0.864642 0.759890 0.580536 0.287258 0.197658 -0.019114 -0.159792 -0.336928 -0.547937 -0.660388 -0.833687 -0.927599 -0.969842 
60.036358 5990713.500000 44 46 48 0.700311 0.903490 0.972602 0.976068 0.946252 0.919217 0.879523 0.784630 0.680250 0.416213 0.301881 0.159066 -0.082667 -0.141135 -0.412701 -0.536713 -0.707278 -0.863315 -0.969475 0.979293 0.953918 0.922204 0.888836 0.839444 0.729090 0.371148 0.274269 0.092262 -0.064408 -0.114412 -0.324942 -0.591096 -0.755679 -0.898169 -0.973010 
60.713371 27087052.000000 48 48 46 0.964929 0.979812 0.946885 0.969637 0.935805 0.905411 0.802080 0.755726 0.621149 0.412571 0.322128 0.155410 -0.112302 -0.171823 -0.462653 -0.570413 -0.758513 -0.811145 -0.894690 0.972467 0.937471 0.914149 0.818143 0.773377 0.666337 0.420005 0.327664 0.154788 -0.096632 -0.145642 -0.437148 -0.547870 -0.751320 -0.810549 -0.947650 
60.563576 53241496.000000 46 46 44 0.935298 0.951425 0.970127 0.975523 0.939329 0.907647 0.799721 0.663545 0.622370 0.397340 0.321576 0.093239 -0.169489 -0.254216 -0.437936 -0.672327 -0.755492 -0.830571 -0.856010 0.971702 0.935665 0.905578 0.805379 0.702800 0.622011 0.389075 0.319447 0.111787 -0.125414 -0.213417 -0.479020 -0.626771 -0.738951 -0.826980 -0.862385 
59.804359 54772892.000000 44 42 40 0.969348 0.958806 0.958404 0.978404 0.954015 0.915367 0.785315 0.624938 0.564545 0.370024 0.277382 0.051956 -0.161658 -0.275036 -0.432456 -0.673317 -0.737155 -0.839474 -0.866282 0.978404 0.948471 0.910524 0.797769 0.641259 0.602178 0.401194 0.318321 0.053715 -0.141372 -0.271136 -0.421784 -0.664910 -0.746798 -0.831974 -0.860040 
57.001568 20321424.000000 40 38 38 0.955899 0.911147 0.889448 0.986541 0.978765 0.908339 0.781536 0.533770 0.435075 0.366787 0.231724 0.054875 -0.112442 -0.312595 -0.425350 -0.626047 -0.751532 -0.833719 -0.869462 0.983967 0.965084 0.920643 0.793240 0.592744 0.479521 0.383583 0.238853 0.072813 -0.110115 -0.312391 -0.382657 -0.687546 -0.746931 -0.835977 -0.866238 
56.445869 11546506.000000 38 38 44 0.886398 0.895520 0.400715 0.986787 0.981083 0.925648 0.773417 0.605758 0.432932 0.306294 0.177288 0.087240 -0.058958 -0.328058 -0.475807 -0.617596 -0.746840 -0.812902 -0.894987 0.986183 0.977314 0.921382 0.786052 0.573973 0.421228 0.317840 0.204210 0.088127 -0.085813 -0.317099 -0.435183 -0.601529 -0.733850 -0.820085 -0.866264 
43.506874 600389.500000 40 44 44 0.778407 0.604939 0.813152 0.963822 0.951802 0.906265 0.754380 0.639103 0.521621 0.424796 0.308972 0.093755 -0.111917 -0.298318 -0.459877 -0.675856 -0.771272 -0.817844 -0.931321 0.986229 0.974320 0.908618 0.797580 0.620502 0.503611 0.387634 0.223358 0.091832 -0.075467 -0.324740 -0.482270 -0.637788 -0.764761 -0.854576 -0.931507 
43.436970 21042914.000000 42 40 44 0.825700 0.522063 0.652672 0.979949 0.940805 0.867870 0.670850 0.464449 0.393320 0.179345 0.001002 -0.134656 -0.333910 -0.542128 -0.648089 -0.763647 -0.877559 -0.931978 -0.960989 0.965432 0.949731 0.883585 0.741563 0.556545 0.446300 0.284138 0.027350 -0.099556 -0.247461 -0.480979 -0.613439 -0.700310 -0.830328 -0.911925 -0.950987 
50.850048 6741588.000000 44 122 36 0.616958 0.390471 0.951561 0.984689 0.979264 0.944301 0.825869 0.574889 0.481964 0.330898 0.131307 -0.009838 -0.275551 -0.476680 -0.576503 -0.737097 -0.836108 -0.911701 -0.960629 0.977444 0.942911 0.867841 0.722038 0.486887 0.409224 0.214452 0.050472 -0.171490 -0.434978 -0.537671 -0.596657 -0.768166 -0.863421 -0.914646 -0.964801 
57.795223 9290608.000000 34 38 38 0.934947 0.975499 0.976986 0.986900 0.982004 0.942772 0.751936 0.580162 0.514663 0.357389 0.179618 0.060014 -0.035760 -0.305093 -0.478161 -0.621189 -0.765586 -0.819877 -0.936033 0.986118 0.980829 0.946542 0.824297 0.587189 0.515614 0.349911 0.165040 0.058000 -0.019988 -0.405794 -0.517821 -0.675821 -0.775393 -0.851043 -0.950544 
56.087360 5636261.500000 38 38 40 0.991102 0.968902 0.977588 0.987371 0.982280 0.939873 0.781830 0.578533 0.557628 0.390518 0.199709 0.070260 0.003353 -0.359228 -0.525157 -0.651774 -0.810187 -0.860805 -0.919100 0.987013 0.982250 0.939333 0.754202 0.570339 0.541084 0.363486 0.186242 0.065384 -0.013665 -0.286109 -0.507137 -0.615668 -0.765651 -0.850760 -0.925384 
53.932312 6062137.500000 40 40 42 0.962082 0.962424 0.939122 0.988234 0.982679 0.938141 0.754796 0.652477 0.567559 0.401673 0.146690 0.023909 -0.241985 -0.506479 -0.637750 -0.770018 -0.859317 -0.918171 -0.952958 0.987902 0.983525 0.939231 0.772253 0.599983 0.571175 0.412637 0.188742 0.052748 -0.066653 -0.403299 -0.585912 -0.710519 -0.818896 -0.865809 -0.925893 
48.759430 5815069.500000 42 44 42 0.944842 0.920905 0.685454 0.988365 0.980858 0.890420 0.662232 0.576521 0.435153 0.187109 -0.097334 -0.237709 -0.486763 -0.646495 -0.785609 -0.871361 -0.923310 -0.953770 -0.982514 0.988351 0.982976 0.923798 0.718748 0.609851 0.535292 0.237173 0.040452 -0.161274 -0.454776 -0.577439 -0.742982 -0.852438 -0.893350 -0.933871 -0.961271 
45.888374 2875923.750000 44 40 44 0.376746 0.835365 0.754123 0.983989 0.968800 0.874209 0.670873 0.566352 0.432040 0.114096 -0.085127 -0.379641 -0.543256 -0.660386 -0.796459 -0.876353 -0.918816 -0.963326 -0.986042 0.977464 0.963524 0.871197 0.659307 0.581889 0.413783 0.200984 -0.106149 -0.301683 -0.536531 -0.648809 -0.801798 -0.880861 -0.919701 -0.955416 -0.992323 
47.393188 2331874.000000 44 38 40 0.833229 0.841781 0.644271 0.985302 0.975646 0.845588 0.624681 0.572924 0.459375 0.059790 -0.152562 -0.463336 -0.559994 -0.700043 -0.807830 -0.876360 -0.920926 -0.951728 -0.984014 0.985595 0.975582 0.864653 0.643696 0.577107 0.490540 0.122819 -0.185582 -0.425294 -0.544077 -0.648679 -0.811397 -0.881666 -0.919439 -0.961100 -0.981261 
38.360802 1610880.125000 40 40 40 0.789445 0.673704 0.711653 0.984239 0.957460 0.759748 0.703040 0.633986 0.446663 0.116708 -0.110302 -0.286704 -0.436697 -0.563368 -0.673577 -0.798267 -0.882865 -0.941269 -0.976662 0.986927 0.968934 0.763670 0.660650 0.583308 0.437716 0.066342 -0.189887 -0.369148 -0.513284 -0.635145 -0.753298 -0.813610 -0.884285 -0.939502 -0.978935 
29.896408 224170.468750 40 38 44 0.679459 0.687980 0.856523 0.981801 0.957971 0.790258 0.689326 0.625698 0.475032 0.320091 -0.123530 -0.248266 -0.380106 -0.564718 -0.710440 -0.827494 -0.896969 -0.958669 -0.984850 0.982530 0.955743 0.739117 0.692695 0.644427 0.472901 0.150131 -0.098073 -0.228636 -0.331239 -0.512898 -0.656051 -0.794244 -0.884206 -0.937430 -0.977549 
28.126390 110097.476562 38 42 36 0.589852 0.435605 0.934699 0.986986 0.979051 0.915004 0.814774 0.633225 0.518721 0.283360 0.101901 -0.189080 -0.400188 -0.601137 -0.738958 -0.838259 -0.914253 -0.947878 -0.976346 0.984851 0.970698 0.858111 0.744797 0.618425 0.527281 0.322133 -0.027753 -0.255581 -0.398116 -0.602239 -0.749909 -0.846736 -0.919134 -0.954629 -0.986208 
56.306313 1116352.375000 34 36 36 0.703494 0.882723 0.975714 0.986178 0.980317 0.941257 0.899496 0.867301 0.805601 0.230709 0.185008 -0.092598 -0.167588 -0.280804 -0.596115 -0.764948 -0.875364 -0.954562 -0.981447 0.985951 0.981118 0.942884 0.909224 0.860589 0.673907 0.462728 0.212961 -0.022220 -0.219477 -0.469366 -0.709921 -0.819280 -0.908804 -0.950513 -0.973760 
59.326725 15254829.000000 36 36 34 0.958962 0.980126 0.934273 0.982074 0.959539 0.930541 0.905397 0.737252 0.657262 0.243781 0.146017 -0.012989 -0.203708 -0.284824 -0.565933 -0.729737 -0.789704 -0.858862 -0.938576 0.984798 0.974688 0.934986 0.917789 0.829356 0.647903 0.202708 0.159803 -0.105501 -0.192914 -0.306695 -0.595048 -0.709545 -0.794808 -0.915729 -0.969724 
61.419006 53116892.000000 36 34 34 0.953988 0.936130 0.919830 0.967751 0.940090 0.918661 0.801898 0.730258 0.672327 0.384385 0.169859 0.059670 -0.162034 -0.327589 -0.479083 -0.684068 -0.787496 -0.848770 -0.897658 0.976823 0.945136 0.925349 0.843463 0.735758 0.690186 0.337429 0.159288 0.038736 -0.189821 -0.300119 -0.519795 -0.706503 -0.796595 -0.827827 -0.898965 
62.189064 42680640.000000 34 36 36 0.932072 0.972282 0.996809 0.959100 0.940641 0.910048 0.834221 0.694315 0.637120 0.443592 0.171682 0.092818 -0.146857 -0.306330 -0.433489 -0.655306 -0.767843 -0.871433 -0.889940 0.961389 0.939560 0.914287 0.814778 0.710002 0.642673 0.416267 0.167190 0.095052 -0.165296 -0.341581 -0.434886 -0.684690 -0.778009 -0.878922 -0.898016 
60.447243 29205176.000000 36 36 38 0.997178 0.980737 0.959377 0.962394 0.943815 0.913378 0.848702 0.684975 0.645819 0.437655 0.109553 0.037465 -0.102324 -0.306674 -0.569208 -0.615356 -0.763091 -0.853759 -0.947421 0.959930 0.941892 0.910028 0.838646 0.689909 0.638900 0.477878 0.145363 0.049734 -0.121864 -0.259530 -0.552934 -0.628115 -0.759272 -0.856789 -0.904672 
57.405045 15280003.000000 38 38 40 0.926754 0.978716 0.960078 0.972203 0.950289 0.911813 0.848512 0.697327 0.666063 0.359911 0.119629 0.058526 -0.107901 -0.342164 -0.517097 -0.555982 -0.764927 -0.854102 -0.920657 0.966964 0.946109 0.911773 0.848803 0.684032 0.655025 0.393800 0.102939 0.055125 -0.088319 -0.350546 -0.550388 -0.585444 -0.770653 -0.851582 -0.938981 
55.937767 8488208.000000 40 42 48 0.946422 0.856240 0.765592 0.973842 0.950052 0.913938 0.865537 0.742326 0.674070 0.333920 0.119175 0.046640 -0.132261 -0.369918 -0.479700 -0.572689 -0.770780 -0.853574 -0.897516 0.968454 0.950019 0.917415 0.850245 0.717464 0.672853 0.351467 0.107004 0.032751 -0.116017 -0.351227 -0.509063 -0.576442 -0.792821 -0.865360 -0.905506 
59.130215 8485116.000000 46 52 58 0.916948 0.800994 0.779604 0.956636 0.942047 0.914313 0.862905 0.797693 0.690222 0.414261 0.090657 0.027876 -0.161392 -0.289258 -0.474692 -0.572386 -0.799579 -0.845366 -0.910251 0.965922 0.939146 0.916701 0.857931 0.778274 0.691059 0.388031 0.116943 0.029378 -0.127632 -0.305416 -0.476157 -0.565163 -0.783601 -0.839437 -0.909751 
56.736187 907260.812500 58 64 70 0.761730 0.814436 0.704969 0.969465 0.954922 0.926184 0.892094 0.837774 0.753720 0.488290 0.120475 0.048567 -0.117682 -0.289071 -0.414495 -0.605629 -0.800178 -0.866393 -0.959012 0.964072 0.949907 0.914063 0.873370 0.832319 0.738431 0.453234 0.121243 0.011720 -0.152219 -0.286141 -0.443833 -0.588586 -0.796218 -0.857645 -0.942454 
54.231079 306172.125000 70 74 78 0.700237 0.546456 0.829525 0.974314 0.960304 0.938098 0.902666 0.858794 0.778975 0.491056 0.145829 0.014507 -0.111386 -0.283948 -0.447241 -0.618172 -0.808931 -0.903327 -0.971523 0.974608 0.956049 0.934855 0.900972 0.852860 0.769733 0.501724 0.135799 0.048362 -0.111855 -0.288574 -0.458295 -0.606099 -0.794564 -0.905534 -0.965491 
53.146587 331048.000000 80 86 90 0.745955 0.840784 0.861322 0.978563 0.968721 0.935899 0.907667 0.857050 0.724572 0.566473 0.098695 -0.045532 -0.120932 -0.196460 -0.423014 -0.666884 -0.829299 -0.881462 -0.965386 0.978053 0.968010 0.934481 0.905339 0.848129 0.689303 0.586084 0.115724 0.003147 -0.135303 -0.224483 -0.443716 -0.656839 -0.833520 -0.887276 -0.962959 
52.478470 154349.187500 90 94 96 0.869475 0.849058 0.834359 0.983046 0.976024 0.947468 0.913423 0.848943 0.750401 0.468270 0.132790 -0.037945 -0.129948 -0.217691 -0.448685 -0.709237 -0.820360 -0.886274 -0.978460 0.980754 0.972403 0.940966 0.914492 0.854005 0.763177 0.535291 0.028436 -0.052590 -0.123633 -0.205001 -0.444279 -0.707238 -0.833285 -0.865223 -0.963712 
46.944408 53985.773438 96 90 88 0.685568 0.794946 0.746844 0.987269 0.977861 0.950322 0.917258 0.833715 0.736397 0.482024 0.258975 -0.007802 -0.123434 -0.271781 -0.535578 -0.652451 -0.805084 -0.894261 -0.976254 0.985189 0.978707 0.949431 0.887381 0.846605 0.772112 0.495037 0.170048 -0.018572 -0.098393 -0.246781 -0.500311 -0.645182 -0.812544 -0.916701 -0.972926 
45.369881 57767.507812 88 86 82 0.749683 0.752055 0.862280 0.984549 0.970958 0.935108 0.906203 0.867450 0.738569 0.495616 0.175603 0.054245 -0.105130 -0.240490 -0.473729 -0.679387 -0.802001 -0.907524 -0.974299 0.986207 0.976001 0.939772 0.897725 0.843011 0.775447 0.506675 0.200110 0.067945 -0.097740 -0.295929 -0.510852 -0.678774 -0.796268 -0.914628 -0.973307 
50.634125 159455.453125 82 78 76 0.825848 0.922117 0.957761 0.982519 0.973495 0.951572 0.889913 0.864841 0.763035 0.400146 0.204899 0.126947 -0.152805 -0.223680 -0.435051 -0.647731 -0.783421 -0.904481 -0.975744 0.983840 0.974282 0.938342 0.892385 0.868338 0.771128 0.467353 0.186998 0.084150 -0.109170 -0.209257 -0.461270 -0.664360 -0.814514 -0.909032 -0.974713 
56.183437 4716367.000000 76 74 74 0.950381 0.935256 0.953249 0.980368 0.969874 0.945863 0.838733 0.774025 0.652106 0.264540 0.216850 -0.018686 -0.229598 -0.283526 -0.430127 -0.715433 -0.778969 -0.813620 -0.885265 0.982155 0.971687 0.953187 0.872219 0.828537 0.713871 0.260535 0.220076 -0.032919 -0.200371 -0.253017 -0.418855 -0.701405 -0.762850 -0.813159 -0.950231 
57.689152 3635220.500000 74 74 74 0.958615 0.963972 0.832915 0.982897 0.969992 0.954618 0.834780 0.714444 0.687942 0.321527 0.238588 0.048093 -0.226700 -0.303966 -0.369989 -0.713944 -0.811740 -0.848363 -0.887586 0.980598 0.969792 0.949149 0.833743 0.726926 0.676520 0.290651 0.225443 0.012504 -0.243874 -0.302201 -0.390493 -0.736928 -0.790548 -0.832955 -0.862868 
45.393478 132266.765625 74 78 74 0.818252 0.656958 0.760053 0.991827 0.972482 0.953715 0.856558 0.729652 0.654917 0.370408 0.237396 0.095858 -0.254912 -0.314821 -0.510786 -0.761985 -0.807637 -0.886379 -0.950188 0.987887 0.970983 0.956181 0.830953 0.710954 0.671884 0.319701 0.236516 0.034306 -0.247147 -0.312165 -0.422232 -0.750313 -0.813176 -0.868577 -0.938354 
52.806297 16858090.000000 76 68 66 0.846947 0.831539 0.893063 0.979815 0.964592 0.926523 0.764107 0.634164 0.585141 0.348244 0.241764 0.097064 -0.189084 -0.343433 -0.401238 -0.622887 -0.766740 -0.863483 -0.917925 0.988138 0.971522 0.937857 0.848405 0.675119 0.634244 0.389484 0.253688 0.078670 -0.287023 -0.361548 -0.464862 -0.761259 -0.838071 -0.926098 -0.949406 
61.875690 82492504.000000 66 66 66 0.924502 0.941708 0.966095 0.970900 0.955472 0.927923 0.779547 0.599326 0.560223 0.319141 0.218662 0.073284 -0.171684 -0.337035 -0.405198 -0.626589 -0.745842 -0.840295 -0.884993 0.974343 0.959028 0.928435 0.773868 0.609677 0.569295 0.324451 0.231653 0.100615 -0.168139 -0.333348 -0.396618 -0.588860 -0.738918 -0.835998 -0.872283 
60.698265 126282320.000000 66 68 70 0.984545 0.970103 0.948860 0.967772 0.939659 0.911034 0.749548 0.616256 0.560803 0.327627 0.207979 0.072126 -0.190465 -0.313055 -0.464227 -0.623205 -0.735967 -0.861879 -0.887855 0.970793 0.949535 0.916756 0.755475 0.604794 0.552106 0.326848 0.203097 0.067663 -0.194607 -0.328970 -0.436826 -0.630188 -0.738765 -0.860049 -0.891421 
61.868176 138178336.000000 70 70 72 0.961904 0.950848 0.950695 0.961846 0.933472 0.903090 0.767712 0.646089 0.608901 0.333107 0.254807 0.033884 -0.178802 -0.347382 -0.490666 -0.660201 -0.786780 -0.862468 -0.894914 0.962116 0.936696 0.905153 0.761431 0.634023 0.586689 0.328959 0.235538 0.050084 -0.167713 -0.325545 -0.498331 -0.634372 -0.770981 -0.857286 -0.886051 
61.197098 89116248.000000 72 72 70 0.950991 0.938687 0.965533 0.964408 0.935090 0.903154 0.793918 0.675174 0.616836 0.325188 0.258551 0.003817 -0.173069 -0.326308 -0.464055 -0.610190 -0.766725 -0.849031 -0.884115 0.962385 0.932870 0.902331 0.782495 0.654478 0.611663 0.331631 0.248724 0.003102 -0.171908 -0.345680 -0.467323 -0.639823 -0.775331 -0.851128 -0.886860 
58.899567 39048200.000000 70 70 70 0.969959 0.969562 0.953944 0.971492 0.942380 0.901766 0.804225 0.707795 0.611122 0.348377 0.273756 0.040116 -0.165199 -0.243952 -0.450609 -0.607328 -0.760748 -0.820672 -0.857100 0.968548 0.938916 0.901884 0.804570 0.694568 0.609098 0.337266 0.265399 0.001873 -0.168223 -0.282343 -0.456899 -0.617922 -0.764558 -0.833604 -0.865680 
57.984283 19207114.000000 70 70 72 0.965121 0.962239 0.956518 0.976455 0.958556 0.919787 0.805906 0.714771 0.612709 0.396210 0.297575 0.044558 -0.167346 -0.230993 -0.450971 -0.640400 -0.753407 -0.832034 -0.872926 0.974319 0.949568 0.908902 0.810816 0.713133 0.604326 0.360231 0.272789 0.082748 -0.163154 -0.224409 -0.456842 -0.621606 -0.778524 -0.818569 -0.889174 
57.000999 6834892.500000 72 72 70 0.937983 0.942180 0.815087 0.981980 0.966593 0.933415 0.819081 0.705323 0.647960 0.385074 0.285564 0.107692 -0.181429 -0.231682 -0.449549 -0.640748 -0.738789 -0.814990 -0.882760 0.979310 0.964074 0.927281 0.800557 0.716471 0.637544 0.382947 0.296459 0.069558 -0.154090 -0.229975 -0.442138 -0.670359 -0.763806 -0.814215 -0.867300 
51.434372 2263131.250000 72 64 70 0.799780 0.674655 0.679003 0.988840 0.966407 0.929185 0.862091 0.686117 0.577720 0.395289 0.245870 -0.036414 -0.162402 -0.268120 -0.410100 -0.641847 -0.786513 -0.860865 -0.896229 0.987307 0.969944 0.936073 0.862415 0.702414 0.623444 0.425611 0.278342 0.089174 -0.188182 -0.251979 -0.479560 -0.658002 -0.761077 -0.827658 -0.890970 
41.777405 475896.750000 70 72 70 0.691660 0.837750 0.812101 0.964758 0.940380 0.912143 0.793409 0.679915 0.598434 0.379359 0.260484 0.001584 -0.141963 -0.223356 -0.370367 -0.615618 -0.799700 -0.830898 -0.937244 0.978889 0.943028 0.923821 0.809682 0.701837 0.623144 0.356359 0.268653 -0.010097 -0.151396 -0.253471 -0.416021 -0.652713 -0.780388 -0.849273 -0.895351 
38.654491 131311.859375 70 70 70 0.819188 0.840570 0.704567 0.972341 0.955202 0.905916 0.832375 0.691165 0.610576 0.449887 0.298068 0.196866 -0.058327 -0.322616 -0.478092 -0.647257 -0.777477 -0.864491 -0.957403 0.972160 0.951796 0.910761 0.850535 0.687431 0.601282 0.472269 0.311663 0.143163 -0.131979 -0.273467 -0.477497 -0.661273 -0.779918 -0.853156 -0.952347 
41.738152 9227105.000000 72 72 70 0.746664 0.550985 0.690524 0.960195 0.930678 0.788629 0.633482 0.414729 0.259854 0.083536 -0.035741 -0.168122 -0.267229 -0.432911 -0.580039 -0.670145 -0.873336 -0.946846 -0.979366 0.964763 0.944513 0.881361 0.757990 0.612536 0.416214 0.219752 0.061805 -0.014324 -0.154893 -0.227179 -0.413141 -0.560530 -0.721702 -0.909830 -0.974608 
44.324203 6742700.000000 70 70 70 0.753525 0.515136 0.640981 0.949158 0.918771 0.742382 0.504609 0.295115 0.196111 0.133139 0.006794 -0.225785 -0.313526 -0.492914 -0.634406 -0.738091 -0.851413 -0.931224 -0.976245 0.960356 0.927487 0.763494 0.599013 0.347770 0.227195 0.089402 -0.058624 -0.257497 -0.323570 -0.462690 -0.633403 -0.720973 -0.856643 -0.941032 -0.979087 
39.503960 2109390.250000 70 70 42 0.598482 0.686414 0.661698 0.986237 0.945461 0.807037 0.532923 0.431774 0.340950 0.195998 0.036765 -0.143700 -0.264350 -0.389892 -0.586133 -0.758183 -0.858211 -0.932360 -0.962910 0.954027 0.923512 0.747047 0.495205 0.323751 0.234957 0.140548 -0.000045 -0.161783 -0.276425 -0.472401 -0.633226 -0.739994 -0.865206 -0.930607 -0.968097 
53.167519 5693409.000000 124 70 68 0.422269 0.392041 0.915357 0.985970 0.980600 0.958068 0.649312 0.573559 0.486170 0.388471 0.298619 -0.018478 -0.195584 -0.248659 -0.471268 -0.639180 -0.719263 -0.879322 -0.960479 0.989960 0.980206 0.953587 0.616498 0.531478 0.451098 0.369697 0.257243 -0.097469 -0.214865 -0.303222 -0.546932 -0.662932 -0.777908 -0.923878 -0.967862 
55.909569 6596857.000000 68 72 74 0.934503 0.921972 0.947899 0.984707 0.976568 0.942148 0.709217 0.671541 0.577709 0.438548 0.335196 -0.030369 -0.155512 -0.226392 -0.507471 -0.652363 -0.729181 -0.822007 -0.949357 0.985057 0.979756 0.941126 0.683255 0.639207 0.525221 0.418819 0.307274 -0.031548 -0.174411 -0.226903 -0.479138 -0.647771 -0.734303 -0.828749 -0.946239 
55.531940 2666636.250000 74 76 78 0.957130 0.977119 0.955335 0.982643 0.972868 0.945387 0.769109 0.719624 0.634658 0.479669 0.365226 0.080814 -0.119679 -0.172087 -0.504701 -0.652025 -0.698249 -0.818488 -0.944183 0.983501 0.973740 0.943552 0.761071 0.699084 0.613840 0.457870 0.351809 0.034824 -0.134071 -0.193955 -0.490172 -0.649273 -0.713106 -0.829775 -0.951944 
55.225506 1013463.125000 78 78 76 0.952070 0.945980 0.862198 0.985318 0.971752 0.955778 0.831597 0.711055 0.662770 0.493033 0.422212 0.145783 -0.106802 -0.201288 -0.534005 -0.649282 -0.693447 -0.849051 -0.968578 0.982414 0.971710 0.952325 0.798165 0.721853 0.653427 0.488094 0.416140 0.034855 -0.121809 -0.185926 -0.499333 -0.645944 -0.676976 -0.826521 -0.962579 
49.516663 613578.125000 76 70 72 0.863997 0.903113 0.742507 0.991453 0.976645 0.945829 0.839605 0.662448 0.593114 0.398943 0.319402 0.012422 -0.114986 -0.249743 -0.487808 -0.699709 -0.855315 -0.908197 -0.951122 0.989023 0.973195 0.953610 0.890417 0.710075 0.666479 0.490867 0.411664 0.172033 -0.101134 -0.236101 -0.500719 -0.650866 -0.746924 -0.900212 -0.969224 
43.647732 10991277.000000 72 76 70 0.809941 0.743452 0.529286 0.989833 0.957847 0.778068 0.643864 0.393819 0.229570 0.153948 -0.031522 -0.154387 -0.248550 -0.401537 -0.557658 -0.734778 -0.858876 -0.932806 -0.960200 0.991638 0.975931 0.890747 0.697936 0.589837 0.353214 0.242281 0.135705 -0.054139 -0.230444 -0.314103 -0.504242 -0.689525 -0.893342 -0.939339 -0.976914 
50.220226 15922001.000000 74 72 76 0.609799 0.510954 0.613508 0.984982 0.967485 0.739937 0.598031 0.304965 0.125088 0.010452 -0.168878 -0.261608 -0.390995 -0.565170 -0.652508 -0.798952 -0.862750 -0.932401 -0.978795 0.979689 0.952946 0.727889 0.605279 0.321314 0.155547 0.042997 -0.120954 -0.211123 -0.281317 -0.378512 -0.611913 -0.737661 -0.850984 -0.938165 -0.980057 
50.931755 5566247.000000 36 76 38 0.524480 0.430683 0.581336 0.978584 0.929397 0.766443 0.614902 0.382853 0.192928 0.020086 -0.204741 -0.343654 -0.485268 -0.664033 -0.787875 -0.864716 -0.921691 -0.968697 -0.993626 0.983247 0.957748 0.777025 0.607769 0.399749 0.163671 -0.021561 -0.204248 -0.359430 -0.503770 -0.672148 -0.781870 -0.864782 -0.907082 -0.952318 -0.977091 
53.841255 6516990.500000 180 150 50 0.507024 0.491093 0.631842 0.974602 0.932065 0.774544 0.648031 0.374774 0.152352 -0.083027 -0.198616 -0.346553 -0.501654 -0.645074 -0.792774 -0.888800 -0.924474 -0.953931 -0.976378 0.979511 0.932864 0.784866 0.639062 0.343953 0.183744 -0.046717 -0.239663 -0.350343 -0.512305 -0.649146 -0.809670 -0.890570 -0.930974 -0.961446 -0.983311 
50.869194 3933362.000000 78 76 74 0.587532 0.565034 0.706290 0.975953 0.938992 0.793675 0.624684 0.406221 0.179571 -0.115920 -0.255157 -0.355634 -0.499988 -0.695919 -0.812846 -0.859119 -0.920355 -0.960053 -0.983863 0.977630 0.941177 0.789945 0.657863 0.434770 0.189734 -0.059511 -0.170856 -0.376585 -0.484982 -0.668410 -0.797830 -0.887711 -0.930474 -0.961235 -0.981869 
53.141956 3815263.750000 74 70 34 0.638215 0.649586 0.419603 0.974109 0.932399 0.823822 0.664409 0.496669 0.236396 -0.069666 -0.216963 -0.332772 -0.537512 -0.685442 -0.822675 -0.902139 -0.943167 -0.977212 -0.990506 0.974859 0.938990 0.803737 0.639321 0.445156 0.136319 -0.084648 -0.207251 -0.363707 -0.490420 -0.709700 -0.834870 -0.873363 -0.921375 -0.965044 -0.987809 
43.719372 612641.312500 154 150 148 0.556639 0.455227 0.577092 0.976758 0.951308 0.841460 0.713693 0.571964 0.323935 0.118884 -0.167791 -0.279306 -0.445666 -0.592854 -0.762440 -0.884091 -0.937890 -0.973919 -0.990804 0.977545 0.945936 0.816757 0.698909 0.505920 0.252345 -0.015311 -0.208355 -0.351007 -0.510462 -0.665561 -0.802035 -0.894220 -0.923750 -0.971519 -0.984619 
37.098000 996242.625000 44 52 50 0.464645 0.421089 0.690757 0.969999 0.954673 0.799277 0.668582 0.476783 0.268438 0.049488 -0.092752 -0.396788 -0.504579 -0.620886 -0.734015 -0.868373 -0.906923 -0.948758 -0.981432 0.978851 0.959869 0.863751 0.705059 0.572766 0.331640 0.134624 -0.117568 -0.338895 -0.469065 -0.594624 -0.781988 -0.866710 -0.913398 -0.972555 -0.988510 
51.529701 50092160.000000 50 52 60 0.596741 0.345498 0.880939 0.983601 0.969982 0.927201 0.699193 0.555235 0.470484 0.252464 0.157384 -0.038099 -0.262295 -0.452299 -0.567816 -0.699886 -0.806064 -0.899118 -0.978349 0.985101 0.968625 0.901732 0.742718 0.575790 0.377037 0.184703 -0.081290 -0.342807 -0.443502 -0.588452 -0.691899 -0.831673 -0.907348 -0.942637 -0.987282 
56.779144 89364832.000000 60 62 64 0.617355 0.954202 0.959271 0.978580 0.962123 0.918444 0.703573 0.559758 0.499750 0.270397 0.153125 -0.010187 -0.226397 -0.446167 -0.544588 -0.671226 -0.817428 -0.873350 -0.973801 0.979603 0.965687 0.912277 0.699984 0.556837 0.478361 0.253583 0.150461 -0.010220 -0.255753 -0.436470 -0.567084 -0.664883 -0.815383 -0.863695 -0.964011 
55.840679 53916608.000000 64 64 66 0.949230 0.945136 0.965085 0.977623 0.956644 0.921035 0.721170 0.590742 0.526956 0.328025 0.197477 0.043839 -0.178442 -0.403238 -0.487707 -0.672700 -0.838288 -0.895406 -0.961640 0.978808 0.959621 0.921623 0.710922 0.578771 0.521164 0.317507 0.186870 0.024657 -0.201088 -0.410270 -0.507109 -0.645412 -0.811210 -0.876771 -0.971452 
55.489269 63572260.000000 66 68 68 0.979437 0.971090 0.983656 0.978283 0.949658 0.904473 0.731839 0.593801 0.527471 0.324586 0.227439 0.077799 -0.156148 -0.376828 -0.519517 -0.672965 -0.837173 -0.877874 -0.948309 0.977623 0.952731 0.908141 0.728111 0.592625 0.535695 0.339447 0.216959 0.069799 -0.165565 -0.392221 -0.491568 -0.696495 -0.851748 -0.887762 -0.969445 
56.765671 74992056.000000 68 68 70 0.985196 0.927796 0.981357 0.977646 0.943729 0.900495 0.758348 0.603154 0.552513 0.355207 0.246004 0.061461 -0.128789 -0.386629 -0.507537 -0.666844 -0.835114 -0.879705 -0.938986 0.976830 0.947357 0.906183 0.763045 0.597383 0.529818 0.335201 0.239952 0.052927 -0.150226 -0.391562 -0.504516 -0.674385 -0.839705 -0.877326 -0.946925 
56.544708 48713484.000000 70 70 70 0.977496 0.977310 0.984084 0.981866 0.945050 0.903159 0.777499 0.615287 0.567085 0.356208 0.245432 0.111964 -0.121723 -0.329477 -0.508275 -0.656383 -0.814877 -0.873307 -0.909133 0.979331 0.945825 0.904318 0.776281 0.606908 0.554821 0.358138 0.247745 0.073028 -0.125786 -0.349279 -0.504100 -0.655130 -0.828633 -0.874393 -0.926752 
55.831741 27017812.000000 70 70 70 0.987501 0.992812 0.994766 0.984267 0.951428 0.914889 0.791975 0.629407 0.589532 0.390695 0.242982 0.155034 -0.139653 -0.348351 -0.520608 -0.633749 -0.799308 -0.866407 -0.900031 0.983849 0.947975 0.907905 0.784348 0.624255 0.572759 0.374656 0.251001 0.143730 -0.114107 -0.313887 -0.515207 -0.650121 -0.806180 -0.876036 -0.909595 
54.410141 7037819.500000 70 70 72 0.991757 0.976531 0.801207 0.988505 0.964324 0.930875 0.802866 0.631077 0.605812 0.424172 0.255461 0.147736 -0.106445 -0.344956 -0.536412 -0.594153 -0.730636 -0.864981 -0.923109 0.985342 0.956466 0.923623 0.796041 0.628872 0.598851 0.393516 0.250035 0.153146 -0.100391 -0.370618 -0.529278 -0.605245 -0.769433 -0.882562 -0.907489 
51.367382 787858.125000 72 66 66 0.823546 0.933988 0.895010 0.992648 0.982841 0.962792 0.827377 0.640123 0.588658 0.446299 0.286715 0.168301 0.004096 -0.390984 -0.546048 -0.625852 -0.835539 -0.890682 -0.954286 0.991806 0.979626 0.946177 0.779245 0.629268 0.577743 0.439968 0.274468 0.145262 -0.086039 -0.360361 -0.536655 -0.616337 -0.779530 -0.887844 -0.937965 
50.472866 295306.343750 66 68 70 0.886045 0.874266 0.923102 0.992545 0.983029 0.958480 0.873042 0.677326 0.594902 0.479141 0.308609 0.192838 -0.033133 -0.353418 -0.515165 -0.640865 -0.801077 -0.900005 -0.975104 0.992218 0.983228 0.957217 0.873271 0.684727 0.594500 0.450782 0.278528 0.209497 0.039138 -0.405400 -0.537355 -0.623945 -0.826446 -0.906133 -0.969732 
46.136250 480923.000000 70 70 72 0.931676 0.797687 0.676938 0.993160 0.980286 0.926162 0.875317 0.664571 0.575314 0.457868 0.252716 0.061394 -0.215821 -0.405933 -0.559686 -0.664012 -0.784611 -0.877544 -0.963868 0.993036 0.983688 0.943747 0.875926 0.705864 0.564837 0.507331 0.272245 0.207724 0.002257 -0.369222 -0.525757 -0.642597 -0.787870 -0.918587 -0.978355 
49.666504 27821322.000000 76 70 74 0.694723 0.724551 0.897429 0.984890 0.974084 0.934641 0.667779 0.535559 0.420460 0.212127 0.126262 -0.068680 -0.357938 -0.471857 -0.616425 -0.746193 -0.826810 -0.883710 -0.960765 0.988954 0.969344 0.892694 0.765074 0.574560 0.428540 0.158252 -0.035468 -0.227687 -0.388756 -0.564649 -0.643996 -0.761692 -0.822178 -0.900544 -0.954402 
55.854076 19670032.000000 76 76 80 0.899224 0.935587 0.940192 0.983525 0.972143 0.955316 0.746621 0.502977 0.413393 0.256219 0.142303 0.033506 -0.193239 -0.345431 -0.468652 -0.693041 -0.747382 -0.847639 -0.884054 0.983114 0.972161 0.947172 0.695729 0.536909 0.432929 0.242698 0.133929 0.023718 -0.233608 -0.374167 -0.544966 -0.692981 -0.767817 -0.853218 -0.896349 
53.813023 5488914.000000 78 82 82 0.930151 0.948331 0.927669 0.985958 0.976312 0.963947 0.738801 0.444075 0.358206 0.271066 0.183025 0.053430 -0.167650 -0.348386 -0.452194 -0.658476 -0.730044 -0.816108 -0.891303 0.983604 0.974240 0.960449 0.729696 0.467987 0.383407 0.276755 0.156052 0.047816 -0.167615 -0.337208 -0.439393 -0.683806 -0.745722 -0.842273 -0.884188 
48.691212 500017.812500 82 86 86 0.943778 0.869430 0.946056 0.990503 0.981059 0.962426 0.890336 0.534230 0.455830 0.300327 0.223871 0.106248 -0.139164 -0.376603 -0.537109 -0.682486 -0.762301 -0.851188 -0.909926 0.988786 0.978090 0.967612 0.784559 0.464371 0.356983 0.277159 0.208569 0.098740 -0.159987 -0.359182 -0.446580 -0.673471 -0.740665 -0.832124 -0.905466 
48.397041 292280.968750 86 82 82 0.958667 0.970154 0.979298 0.991221 0.981595 0.968194 0.914522 0.572650 0.442082 0.367437 0.235722 0.113527 -0.141940 -0.374293 -0.468901 -0.676718 -0.788827 -0.865132 -0.952612 0.990073 0.981364 0.965675 0.913011 0.543856 0.452590 0.340546 0.213698 0.151183 -0.212484 -0.350157 -0.520781 -0.691958 -0.758138 -0.856148 -0.920800 
47.525879 94298.000000 82 82 84 0.978950 0.965621 0.966728 0.992887 0.982033 0.971039 0.936010 0.610408 0.463429 0.374122 0.271056 0.170893 -0.102548 -0.351090 -0.508748 -0.709765 -0.810339 -0.875966 -0.971121 0.992285 0.982752 0.970111 0.929575 0.601229 0.442490 0.385082 0.214266 0.135376 -0.136504 -0.380276 -0.506154 -0.699115 -0.775827 -0.870219 -0.958851 
44.196857 45047.480469 84 84 84 0.945559 0.913623 0.918434 0.994555 0.984395 0.971743 0.923330 0.624990 0.502984 0.346473 0.266187 0.116259 -0.198130 -0.371862 -0.463001 -0.712982 -0.798362 -0.887684 -0.973694 0.993510 0.981897 0.971289 0.929510 0.658681 0.437569 0.354644 0.276452 0.163139 -0.194839 -0.381016 -0.478192 -0.686457 -0.789671 -0.868601 -0.973443 
40.723286 24739.683594 84 84 84 0.902823 0.833733 0.929391 0.994783 0.987119 0.972104 0.879856 0.673581 0.478734 0.371708 0.221480 0.080714 -0.193408 -0.407931 -0.548529 -0.680463 -0.816854 -0.901548 -0.964177 0.994221 0.983803 0.971617 0.932142 0.653476 0.487172 0.377310 0.257273 0.099723 -0.201261 -0.402050 -0.512352 -0.702640 -0.795701 -0.918765 -0.966648 
38.624233 26002.294922 84 84 82 0.912836 0.882068 0.617435 0.995411 0.989152 0.966289 0.849810 0.717209 0.539807 0.358779 0.170383 0.061636 -0.222264 -0.388929 -0.565998 -0.712537 -0.810011 -0.906133 -0.979510 0.995471 0.988526 0.969527 0.883237 0.683798 0.510750 0.351793 0.156831 0.063663 -0.250018 -0.417700 -0.527789 -0.707160 -0.810335 -0.903816 -0.964884 
55.800838 16484072.000000 80 74 74 0.759474 0.655277 0.917346 0.973654 0.956136 0.918752 0.831643 0.761194 0.645465 0.295259 0.218474 -0.010083 -0.166488 -0.223170 -0.404290 -0.775491 -0.821955 -0.861760 -0.880088 0.981644 0.964216 0.935448 0.838416 0.785383 0.656827 0.338446 0.183577 -0.082238 -0.176172 -0.236192 -0.514257 -0.774720 -0.808818 -0.854003 -0.884884 
58.610531 40470948.000000 74 72 70 0.933684 0.960808 0.965263 0.967088 0.938927 0.904032 0.823592 0.740368 0.632444 0.297553 0.229841 0.002319 -0.178636 -0.244801 -0.539242 -0.650783 -0.731629 -0.872473 -0.907269 0.969887 0.942865 0.906287 0.822079 0.746205 0.623593 0.298201 0.207056 -0.011700 -0.173824 -0.235908 -0.511783 -0.664052 -0.778981 -0.878334 -0.898138 
59.204288 44296768.000000 72 70 70 0.896915 0.965308 0.915668 0.968386 0.932435 0.898043 0.824627 0.737890 0.623183 0.285948 0.204405 0.018107 -0.186179 -0.265918 -0.514254 -0.635519 -0.746550 -0.824249 -0.877937 0.966554 0.935980 0.899956 0.821813 0.737131 0.633381 0.289492 0.218440 0.008017 -0.188432 -0.260866 -0.520832 -0.653281 -0.740671 -0.845302 -0.900678 
59.044212 38678876.000000 70 70 70 0.912589 0.975332 0.952546 0.966599 0.930013 0.898902 0.831370 0.747363 0.627643 0.283782 0.219157 0.005816 -0.174593 -0.265558 -0.505090 -0.677587 -0.786097 -0.850713 -0.869756 0.968673 0.931861 0.899716 0.828375 0.745431 0.621790 0.280719 0.206215 0.015586 -0.182493 -0.265328 -0.508977 -0.641090 -0.762702 -0.835774 -0.871387 
57.904549 33841884.000000 70 72 74 0.951412 0.942337 0.930885 0.968343 0.931254 0.895794 0.825388 0.744484 0.624700 0.299840 0.238070 0.002442 -0.163146 -0.310635 -0.575667 -0.688493 -0.792066 -0.855187 -0.871056 0.967867 0.930216 0.897818 0.831749 0.746739 0.614959 0.299736 0.231406 0.016556 -0.162809 -0.266833 -0.532410 -0.708280 -0.789513 -0.853023 -0.869680 
56.801064 33228772.000000 74 74 78 0.933479 0.898874 0.948968 0.967702 0.928983 0.888927 0.823266 0.737795 0.606980 0.294354 0.236866 -0.006597 -0.156416 -0.326779 -0.584853 -0.692249 -0.795906 -0.863495 -0.880403 0.967155 0.931994 0.891275 0.821379 0.744494 0.629583 0.293578 0.240229 -0.005578 -0.155605 -0.321396 -0.582161 -0.692276 -0.804914 -0.858213 -0.878309 
56.567780 34692316.000000 78 84 88 0.946651 0.863408 0.822605 0.964365 0.930770 0.897633 0.805576 0.725588 0.616977 0.305395 0.243248 0.021960 -0.168561 -0.263182 -0.562944 -0.726843 -0.807677 -0.868375 -0.886736 0.968287 0.929635 0.891450 0.815952 0.727827 0.622520 0.313247 0.240904 0.031265 -0.155844 -0.263355 -0.558232 -0.693206 -0.798218 -0.869111 -0.885564 
55.328976 9857646.000000 88 94 96 0.859917 0.902481 0.758864 0.973036 0.939145 0.915207 0.827135 0.708775 0.664603 0.352780 0.262404 0.145100 -0.188060 -0.239457 -0.522846 -0.733705 -0.795395 -0.869659 -0.894661 0.967758 0.933184 0.907734 0.789303 0.717168 0.634274 0.297199 0.238169 0.040211 -0.178345 -0.243637 -0.556026 -0.720234 -0.797841 -0.866844 -0.882051 
53.216156 1618237.000000 98 102 102 0.756336 0.860710 0.875649 0.975848 0.954942 0.931475 0.868432 0.701343 0.641571 0.542691 0.278580 0.204113 -0.092744 -0.192623 -0.474341 -0.718574 -0.817605 -0.866367 -0.914891 0.975430 0.946907 0.927199 0.844725 0.705595 0.671980 0.436557 0.255350 0.189274 -0.156227 -0.217238 -0.445578 -0.715597 -0.788977 -0.877717 -0.915821 
53.635651 973790.687500 102 102 102 0.873433 0.776108 0.796960 0.981470 0.967555 0.946917 0.867474 0.696423 0.610150 0.555080 0.328093 0.221746 -0.121348 -0.223419 -0.378472 -0.681766 -0.828923 -0.865125 -0.952200 0.976754 0.957778 0.938583 0.872502 0.712787 0.619893 0.545497 0.294952 0.214067 -0.128060 -0.192472 -0.432986 -0.707669 -0.831317 -0.862356 -0.910323 
52.983826 925990.000000 102 98 94 0.755557 0.798663 0.856236 0.984609 0.976947 0.935208 0.870588 0.727620 0.553912 0.438543 0.314534 0.188626 -0.106950 -0.204052 -0.309278 -0.590131 -0.819154 -0.864186 -0.959959 0.982056 0.972994 0.945414 0.877532 0.712929 0.590071 0.505059 0.308862 0.237322 -0.094544 -0.201653 -0.311411 -0.653288 -0.823322 -0.875228 -0.953802 
49.780357 628088.000000 94 100 102 0.887670 0.561965 0.525311 0.987323 0.978745 0.924387 0.828097 0.735385 0.572137 0.355554 0.198451 -0.018230 -0.201064 -0.254895 -0.453420 -0.679610 -0.841043 -0.889086 -0.954379 0.986718 0.981561 0.947956 0.843798 0.681098 0.512648 0.391769 0.224660 0.105827 -0.113993 -0.234996 -0.340642 -0.578541 -0.811469 -0.877683 -0.958173 
36.624073 99108.367188 102 82 104 0.566399 0.443619 0.394881 0.987548 0.960291 0.911241 0.837175 0.750209 0.675605 0.477214 0.247597 0.011814 -0.213013 -0.358226 -0.550244 -0.701822 -0.786827 -0.891856 -0.948602 0.989574 0.964409 0.909225 0.859706 0.742646 0.627598 0.463158 0.278723 0.025078 -0.177711 -0.298466 -0.531322 -0.683124 -0.795563 -0.882512 -0.947797 
32.122391 725701.812500 42 82 84 0.627182 0.564342 0.389849 0.990776 0.928150 0.878260 0.793670 0.716071 0.463591 0.123453 -0.045124 -0.185261 -0.272239 -0.471211 -0.578773 -0.753546 -0.821210 -0.910325 -0.979882 0.988834 0.960485 0.893370 0.826724 0.750885 0.690700 0.463370 0.300440 0.068544 -0.168439 -0.326573 -0.507502 -0.713777 -0.791931 -0.905093 -0.961336 
47.382603 9937344.000000 60 58 226 0.299651 0.529302 0.336301 0.959053 0.919992 0.793922 0.672068 0.362096 0.163942 0.011000 -0.191538 -0.326160 -0.472415 -0.621666 -0.694535 -0.802019 -0.876816 -0.927009 -0.971937 0.969331 0.923161 0.795921 0.707859 0.399324 0.126977 -0.029005 -0.170773 -0.274357 -0.408155 -0.565706 -0.651121 -0.796962 -0.869949 -0.936986 -0.978993 
40.949890 2959203.000000 226 122 54 0.309107 0.404802 0.404384 0.967618 0.922153 0.757539 0.588534 0.518939 0.234134 0.123017 -0.197416 -0.245553 -0.307448 -0.525836 -0.666679 -0.763731 -0.857086 -0.906807 -0.967739 0.970053 0.908418 0.822449 0.632532 0.436210 0.226616 0.102059 -0.176021 -0.301228 -0.401293 -0.552466 -0.659266 -0.754436 -0.874036 -0.922462 -0.963544 
50.730141 3917695.500000 110 58 62 0.447550 0.685510 0.904813 0.988153 0.978943 0.954455 0.761899 0.679519 0.648670 0.369784 0.203452 -0.100430 -0.197726 -0.375265 -0.613799 -0.656428 -0.810815 -0.900515 -0.964920 0.991739 0.983072 0.901197 0.626457 0.600157 0.449615 0.210746 -0.034493 -0.216669 -0.261764 -0.465576 -0.614862 -0.731041 -0.838391 -0.909164 -0.969254 
58.096649 11572420.000000 62 64 66 0.932681 0.961966 0.930110 0.983939 0.976508 0.934420 0.814678 0.740963 0.602546 0.311102 0.246331 -0.095099 -0.189668 -0.285442 -0.557806 -0.618262 -0.701909 -0.894772 -0.963287 0.984878 0.976680 0.938902 0.763861 0.707717 0.627948 0.309097 0.237021 -0.091464 -0.176494 -0.297475 -0.570928 -0.634445 -0.719096 -0.915051 -0.967671 
57.425694 2578793.250000 66 70 72 0.950001 0.959032 0.953366 0.985196 0.977271 0.939658 0.890134 0.822960 0.650312 0.307385 0.207890 -0.138558 -0.218163 -0.366988 -0.563883 -0.608865 -0.706082 -0.898133 -0.965814 0.984470 0.977410 0.932519 0.865357 0.793730 0.597147 0.291650 0.221052 -0.121271 -0.207916 -0.345006 -0.573096 -0.623365 -0.751057 -0.891522 -0.957524 
53.242294 439579.312500 72 72 72 0.947413 0.935706 0.937683 0.988321 0.979344 0.946876 0.902899 0.814646 0.715323 0.467766 0.179239 -0.126409 -0.233373 -0.338971 -0.545391 -0.624128 -0.781545 -0.909866 -0.961097 0.986943 0.977958 0.946198 0.904601 0.813067 0.671241 0.340050 0.195810 -0.118152 -0.238018 -0.324405 -0.551729 -0.596046 -0.744685 -0.901715 -0.962945 
46.665668 104945.226562 72 74 76 0.963582 0.961256 0.902425 0.992908 0.982614 0.950328 0.896380 0.750933 0.688351 0.521745 0.179675 -0.120015 -0.199846 -0.326886 -0.559365 -0.640425 -0.783080 -0.882764 -0.962535 0.990937 0.978891 0.945773 0.902711 0.792585 0.718375 0.508461 0.192804 -0.094181 -0.241917 -0.342570 -0.552440 -0.631187 -0.754634 -0.901372 -0.955429 
44.852253 73027.007812 76 76 76 0.907728 0.909774 0.912125 0.993169 0.980418 0.951568 0.906328 0.824828 0.726025 0.508406 0.226742 0.010954 -0.198846 -0.363910 -0.572490 -0.673817 -0.810047 -0.911838 -0.970382 0.993757 0.984239 0.947035 0.881845 0.795842 0.700037 0.502434 0.225937 -0.017759 -0.219221 -0.366649 -0.583480 -0.662941 -0.810808 -0.900266 -0.963822 
52.059940 209851.515625 76 76 76 0.931751 0.923638 0.944854 0.987401 0.976243 0.957537 0.928053 0.879113 0.720311 0.298114 0.113451 -0.077702 -0.152004 -0.210225 -0.397746 -0.667348 -0.799185 -0.911226 -0.974403 0.989664 0.980333 0.957510 0.923793 0.856974 0.708866 0.419019 0.175919 -0.045023 -0.192817 -0.317331 -0.529510 -0.671507 -0.809163 -0.904045 -0.975480 
57.200047 867725.062500 76 76 74 0.964935 0.946662 0.798652 0.977817 0.966620 0.947216 0.902557 0.874113 0.691740 0.246317 0.182192 0.014673 -0.075710 -0.161868 -0.315286 -0.604237 -0.777741 -0.902846 -0.974351 0.984147 0.971432 0.955540 0.918210 0.882601 0.678475 0.227228 0.158979 -0.015602 -0.101920 -0.187181 -0.327756 -0.641678 -0.780291 -0.911858 -0.974694 
55.745522 3395296.250000 76 76 76 0.878934 0.945289 0.953441 0.974233 0.944145 0.913250 0.869817 0.827337 0.636247 0.318590 0.253444 0.045770 -0.066140 -0.134984 -0.398401 -0.588603 -0.631072 -0.861039 -0.969015 0.977137 0.956538 0.926629 0.885734 0.854836 0.672439 0.285189 0.225892 0.043563 -0.057301 -0.133524 -0.274324 -0.525901 -0.720791 -0.880742 -0.970974 
56.735275 8442569.000000 76 78 78 0.943663 0.943316 0.965290 0.970354 0.938024 0.911114 0.845066 0.780124 0.627302 0.341483 0.263770 0.061607 -0.106502 -0.177044 -0.504092 -0.604710 -0.650889 -0.719585 -0.931125 0.971713 0.940918 0.909290 0.863500 0.796550 0.623167 0.335190 0.261908 0.040620 -0.078556 -0.163306 -0.506764 -0.601782 -0.637275 -0.831088 -0.965654 
55.940300 8684569.000000 78 78 80 0.969648 0.958181 0.962801 0.969800 0.935901 0.906545 0.830588 0.749445 0.643273 0.365023 0.281178 0.115234 -0.137819 -0.180461 -0.466287 -0.629579 -0.679080 -0.746355 -0.911841 0.969362 0.936680 0.906697 0.827576 0.768346 0.622704 0.348263 0.274854 0.074950 -0.120899 -0.170801 -0.490840 -0.622915 -0.662752 -0.734745 -0.921319 
54.466942 6162655.000000 78 80 80 0.843669 0.970596 0.944972 0.975996 0.944743 0.914568 0.823741 0.719302 0.665142 0.387450 0.275538 0.110490 -0.149387 -0.193654 -0.427916 -0.664143 -0.697703 -0.820581 -0.878745 0.971985 0.939416 0.912876 0.825580 0.727079 0.659904 0.374879 0.278228 0.118312 -0.151836 -0.193000 -0.441478 -0.654264 -0.691175 -0.780063 -0.895258 
52.107018 1854315.500000 80 78 78 0.953800 0.920224 0.861320 0.984527 0.954484 0.921516 0.845196 0.718664 0.647820 0.432956 0.270605 0.135430 -0.098484 -0.161196 -0.360930 -0.642282 -0.709818 -0.839442 -0.925444 0.977340 0.950486 0.920564 0.836690 0.719570 0.666660 0.420621 0.291043 0.180813 -0.142097 -0.198735 -0.403883 -0.675572 -0.728103 -0.834640 -0.897112 
43.751381 522712.031250 78 78 78 0.844296 0.503760 0.477985 0.983235 0.952555 0.904547 0.821148 0.735328 0.523305 0.335511 0.267353 0.069774 -0.093390 -0.204130 -0.452161 -0.639785 -0.801613 -0.923595 -0.978961 0.989678 0.967669 0.924558 0.849287 0.718405 0.630569 0.383595 0.271775 0.140588 -0.047523 -0.137665 -0.364577 -0.621866 -0.692834 -0.885928 -0.964709 
35.618137 79063.882812 80 78 80 0.525255 0.659160 0.774027 0.960609 0.943412 0.869024 0.838307 0.761607 0.636599 0.378671 0.256210 0.106608 -0.094629 -0.216713 -0.539859 -0.724672 -0.846109 -0.917373 -0.954834 0.958082 0.944796 0.885131 0.843362 0.729723 0.607538 0.351462 0.232726 0.098696 -0.057641 -0.186719 -0.458572 -0.651201 -0.809566 -0.912886 -0.974562 
30.803833 24687.712891 80 78 78 0.730721 0.371329 0.642377 0.966382 0.929279 0.874962 0.851087 0.744709 0.674729 0.456712 0.317474 0.028831 -0.152124 -0.337813 -0.555559 -0.667627 -0.818044 -0.906164 -0.976539 0.964300 0.940757 0.883430 0.831967 0.751059 0.671041 0.396211 0.291966 0.099420 -0.134062 -0.255050 -0.535355 -0.689000 -0.819837 -0.911036 -0.961231 
43.976749 22883260.000000 82 80 62 0.474877 0.542178 0.482798 0.941063 0.887533 0.763752 0.596044 0.394934 0.285230 0.147675 0.033211 -0.126716 -0.272469 -0.489883 -0.604205 -0.746288 -0.865671 -0.923602 -0.984653 0.939020 0.905122 0.850308 0.745899 0.499296 0.367345 0.242097 0.109484 0.016111 -0.155748 -0.276095 -0.526283 -0.660006 -0.832436 -0.896661 -0.976974 
46.991135 11155019.000000 64 54 82 0.310643 0.504978 0.304451 0.954833 0.887857 0.778609 0.475243 0.295528 0.151325 0.009270 -0.083540 -0.260324 -0.406407 -0.583815 -0.693627 -0.821368 -0.893048 -0.940753 -0.984502 0.953413 0.887106 0.790472 0.544436 0.311700 0.207665 0.080431 -0.079215 -0.205425 -0.376158 -0.543101 -0.623073 -0.793164 -0.870388 -0.947292 -0.983918 
48.056587 10014477.000000 22 40 50 0.334124 0.422350 0.441890 0.961530 0.920699 0.768057 0.459303 0.249791 0.102319 -0.016749 -0.113940 -0.230104 -0.441521 -0.606382 -0.714401 -0.825205 -0.885480 -0.952913 -0.988993 0.965631 0.886888 0.725041 0.464294 0.297722 0.136751 -0.006802 -0.090109 -0.262308 -0.470211 -0.584688 -0.675104 -0.816495 -0.876723 -0.944055 -0.983757 
48.211487 5633616.500000 50 90 144 0.436913 0.487485 0.525746 0.974698 0.919351 0.825901 0.562740 0.256524 0.065163 -0.091965 -0.260264 -0.343120 -0.452387 -0.578217 -0.674216 -0.816469 -0.883976 -0.935639 -0.984671 0.966905 0.917568 0.792347 0.577199 0.253611 0.038225 -0.083252 -0.181769 -0.295746 -0.485779 -0.605856 -0.739999 -0.822731 -0.883770 -0.940988 -0.990865 
37.538033 793105.750000 50 156 78 0.474081 0.387733 0.383149 0.975882 0.937814 0.849569 0.732840 0.456042 0.229868 0.026620 -0.175782 -0.320585 -0.472429 -0.613781 -0.698397 -0.812108 -0.875792 -0.927120 -0.983123 0.966832 0.919514 0.825645 0.666306 0.342513 0.165192 -0.010144 -0.215077 -0.329614 -0.449374 -0.619210 -0.674604 -0.793288 -0.879593 -0.938913 -0.977972 
27.594557 192527.781250 58 80 48 0.695243 0.593705 0.374674 0.977925 0.937795 0.861268 0.716901 0.509803 0.268368 0.019345 -0.095314 -0.251098 -0.405585 -0.594535 -0.694044 -0.808457 -0.877075 -0.935801 -0.983061 0.975531 0.954778 0.873814 0.745448 0.513745 0.175391 0.037142 -0.097736 -0.262090 -0.437679 -0.594669 -0.675884 -0.798358 -0.872851 -0.932220 -0.988259 
49.689045 9909941.000000 106 74 68 0.310675 0.418628 0.631713 0.980447 0.966706 0.939972 0.746997 0.653487 0.598923 0.327000 0.240364 -0.022648 -0.281944 -0.342206 -0.612584 -0.798851 -0.871647 -0.904263 -0.944935 0.983681 0.961142 0.881135 0.712286 0.620215 0.433119 0.151371 -0.015252 -0.192947 -0.313770 -0.539077 -0.693310 -0.815729 -0.892064 -0.937424 -0.978734 
57.092152 13453721.000000 68 90 92 0.911170 0.904785 0.550864 0.972297 0.954740 0.933888 0.810879 0.661647 0.633452 0.387372 0.273355 0.122063 -0.225235 -0.291919 -0.487743 -0.798320 -0.865244 -0.914315 -0.943072 0.975856 0.960226 0.939260 0.799939 0.663600 0.625833 0.382491 0.274833 0.126050 -0.245796 -0.311687 -0.471400 -0.781324 -0.868148 -0.900678 -0.947037 
53.089291 2868921.500000 94 104 104 0.721332 0.862379 0.357269 0.979144 0.944906 0.928102 0.858930 0.682361 0.648623 0.385376 0.303254 0.019946 -0.211403 -0.265326 -0.461550 -0.726402 -0.841205 -0.901326 -0.974014 0.973994 0.949147 0.932040 0.865473 0.673336 0.646863 0.438946 0.275500 0.003797 -0.219818 -0.275078 -0.524162 -0.762480 -0.855444 -0.914361 -0.952873 
49.976768 1278078.750000 54 34 72 0.519891 0.516377 0.433507 0.979783 0.940699 0.928277 0.816282 0.685613 0.648836 0.353988 0.320761 0.086724 -0.181764 -0.297176 -0.591087 -0.766432 -0.853093 -0.907865 -0.947966 0.972030 0.941999 0.922603 0.816098 0.684054 0.602913 0.362325 0.318923 0.110762 -0.152129 -0.292270 -0.583033 -0.772745 -0.839131 -0.903062 -0.932598 
49.260056 382475.062500 72 50 60 0.347409 0.585245 0.500441 0.971315 0.942324 0.924649 0.798514 0.714634 0.694312 0.448161 0.319133 0.263629 -0.132045 -0.309461 -0.569983 -0.769596 -0.833119 -0.889648 -0.949743 0.975774 0.940629 0.914388 0.801614 0.710444 0.681873 0.499135 0.318393 0.276069 -0.096300 -0.253433 -0.588898 -0.784087 -0.825724 -0.891180 -0.930259 
40.951988 175271.281250 102 68 46 0.474816 0.350729 0.479952 0.983216 0.956061 0.919989 0.840342 0.733470 0.668836 0.450922 0.322293 0.234559 -0.106415 -0.248774 -0.525971 -0.700071 -0.823055 -0.902497 -0.968302 0.986337 0.959937 0.917229 0.854770 0.716148 0.661419 0.474755 0.333000 0.229509 -0.061694 -0.254376 -0.554289 -0.725521 -0.830676 -0.904057 -0.965067 
39.309891 42650.160156 62 42 52 0.502905 0.278165 0.688152 0.990411 0.973622 0.934941 0.880022 0.719418 0.682629 0.447833 0.297122 0.116806 -0.195153 -0.330614 -0.539249 -0.675536 -0.795023 -0.915366 -0.976109 0.989164 0.977486 0.940748 0.871135 0.722338 0.660011 0.459842 0.331742 0.215294 -0.174330 -0.311856 -0.547271 -0.688555 -0.801587 -0.892094 -0.979362 
42.109512 50102.273438 54 70 46 0.643059 0.599047 0.549456 0.991323 0.982884 0.936584 0.838074 0.789081 0.708158 0.576428 0.305668 0.163494 -0.214906 -0.380499 -0.603751 -0.705757 -0.764213 -0.902013 -0.968814 0.992378 0.983550 0.935711 0.842306 0.773656 0.711431 0.600234 0.347284 0.143130 -0.200237 -0.360731 -0.606937 -0.696459 -0.782125 -0.926531 -0.971969 
41.037689 31617.921875 230 230 60 0.666405 0.657512 0.631995 0.991889 0.986552 0.934478 0.834538 0.749498 0.679376 0.529428 0.237600 0.025798 -0.150814 -0.349203 -0.556351 -0.679065 -0.793535 -0.908427 -0.983875 0.991668 0.985432 0.944643 0.839341 0.760768 0.684253 0.581908 0.272951 0.028570 -0.141421 -0.350385 -0.517696 -0.673585 -0.773669 -0.918609 -0.982935 
38.156319 30343.972656 50 192 52 0.657219 0.459596 0.946442 0.992392 0.984711 0.924722 0.805666 0.731121 0.659689 0.344442 0.213275 0.001600 -0.102056 -0.273847 -0.572640 -0.700229 -0.766494 -0.895573 -0.969980 0.992186 0.985374 0.919047 0.806826 0.732352 0.665794 0.388810 0.226034 0.035063 -0.113351 -0.196206 -0.551138 -0.694003 -0.760649 -0.868576 -0.969201 
37.947845 26549.564453 50 128 54 0.732285 0.670316 0.778287 0.993266 0.987353 0.949867 0.826440 0.736483 0.639175 0.323761 0.207855 0.051283 -0.187053 -0.291152 -0.582551 -0.733000 -0.808276 -0.905109 -0.974138 0.993524 0.988620 0.963773 0.848952 0.723442 0.660481 0.421714 0.246811 0.033192 -0.196784 -0.353464 -0.531194 -0.694751 -0.831174 -0.908177 -0.978502 
35.182587 10201.525391 136 64 134 0.655799 0.667784 0.752862 0.995161 0.989918 0.954465 0.842737 0.708156 0.583447 0.362898 0.192503 -0.070071 -0.238074 -0.371661 -0.590482 -0.734133 -0.820965 -0.925882 -0.984433 0.994563 0.990197 0.967227 0.870786 0.712091 0.598990 0.356719 0.212245 -0.033803 -0.182558 -0.346922 -0.532748 -0.742520 -0.840869 -0.914030 -0.977447 
22.598066 5813.790039 66 80 54 0.755680 0.576215 0.418235 0.993904 0.974725 0.917535 0.754721 0.672967 0.525844 0.311368 0.199935 -0.025786 -0.214895 -0.383096 -0.580624 -0.735013 -0.813690 -0.935526 -0.977204 0.995051 0.986335 0.923935 0.802695 0.694525 0.542949 0.365611 0.227967 -0.037765 -0.211734 -0.356747 -0.583180 -0.721083 -0.814535 -0.922504 -0.977147 
15.234329 3599.977295 64 38 66 0.355624 0.468564 0.521690 0.987258 0.962694 0.924956 0.790677 0.682298 0.512146 0.354611 0.193698 -0.114345 -0.257108 -0.435877 -0.611574 -0.724908 -0.802396 -0.925862 -0.970051 0.989874 0.967549 0.920330 0.762838 0.664110 0.555509 0.332768 0.219148 -0.113241 -0.234272 -0.431889 -0.587045 -0.706395 -0.814971 -0.921610 -0.978027 
13.600883 2956.522217 66 38 48 0.526566 0.485355 0.686402 0.984064 0.963203 0.917983 0.776244 0.676982 0.545184 0.368506 0.127962 -0.083718 -0.273175 -0.390920 -0.587108 -0.721584 -0.837351 -0.929782 -0.971018 0.986096 0.961528 0.917660 0.769524 0.689471 0.550862 0.333295 0.172057 -0.066063 -0.231174 -0.422926 -0.605616 -0.708179 -0.829441 -0.919176 -0.982432 
14.435322 2722.148438 48 108 106 0.627002 0.607289 0.584933 0.986371 0.963135 0.923446 0.796624 0.682234 0.502752 0.350254 0.199810 -0.063095 -0.241275 -0.437666 -0.573808 -0.722230 -0.852043 -0.923411 -0.976223 0.983021 0.961307 0.927707 0.802513 0.666824 0.560473 0.379852 0.187256 -0.082941 -0.221369 -0.420196 -0.578279 -0.709518 -0.866665 -0.932118 -0.975554 
11.216849 2505.746826 106 90 86 0.519442 0.477642 0.531171 0.983396 0.958930 0.918815 0.803174 0.657651 0.518586 0.306533 0.128819 -0.076957 -0.265974 -0.426221 -0.616822 -0.741884 -0.856463 -0.926039 -0.974116 0.983866 0.954751 0.909036 0.783701 0.666870 0.488776 0.383392 0.120345 -0.078487 -0.254663 -0.435368 -0.602999 -0.735388 -0.842908 -0.920182 -0.982533 
10.207378 961.800476 88 44 56 0.610988 0.362967 0.980714 0.986309 0.970613 0.900983 0.808438 0.646097 0.542582 0.351996 0.170248 -0.086180 -0.249048 -0.443738 -0.594479 -0.726362 -0.866071 -0.937642 -0.969357 0.984212 0.957633 0.916311 0.794668 0.652027 0.492669 0.328067 0.134018 -0.051041 -0.272391 -0.465918 -0.582639 -0.752523 -0.831904 -0.929769 -0.971081 
