43.520645 7641065.500000 20 168 26 0.000000 0.572521 0.643665 0.964421 0.917863 0.691098 0.653738 0.495602 0.268969 0.141159 -0.143211 -0.310897 -0.495730 -0.598800 -0.718874 -0.846933 -0.877762 -0.929526 -0.976623 0.974256 0.930843 0.740511 0.660449 0.569654 0.312128 0.181510 -0.022348 -0.240639 -0.385175 -0.512127 -0.672923 -0.775699 -0.866268 -0.916954 -0.965498 
54.557411 11622861.000000 62 118 46 0.346226 0.627714 0.477941 0.971834 0.914118 0.747289 0.596442 0.370905 0.217890 -0.018036 -0.288146 -0.427336 -0.578705 -0.647195 -0.783890 -0.879359 -0.915498 -0.950044 -0.980898 0.967143 0.939826 0.719033 0.637361 0.437989 0.272282 0.021824 -0.245592 -0.382213 -0.545420 -0.612247 -0.746423 -0.854028 -0.909172 -0.949959 -0.981459 
53.545094 8310933.000000 48 92 118 0.567301 0.521687 0.480599 0.972938 0.856596 0.728098 0.556992 0.356077 0.162898 -0.031177 -0.162484 -0.398860 -0.555167 -0.623659 -0.679005 -0.850235 -0.897728 -0.955231 -0.976342 0.973429 0.899680 0.742348 0.562545 0.310948 0.153982 -0.064785 -0.207114 -0.411712 -0.570322 -0.626501 -0.705683 -0.882124 -0.924962 -0.960889 -0.984228 
43.660202 4149785.250000 120 62 176 0.526994 0.597890 0.352423 0.942059 0.907663 0.782188 0.554072 0.436630 0.311439 0.157469 -0.124918 -0.201824 -0.427015 -0.596206 -0.646612 -0.726718 -0.894306 -0.945713 -0.973966 0.962806 0.889737 0.665081 0.516967 0.386935 0.293603 0.040730 -0.159871 -0.297918 -0.477566 -0.590854 -0.652366 -0.823678 -0.891924 -0.947034 -0.973665 
39.335167 6137597.000000 44 30 48 0.568878 0.546623 0.501738 0.922442 0.897714 0.817576 0.655703 0.451979 0.343346 0.193195 0.020409 -0.112985 -0.328832 -0.531470 -0.611760 -0.739224 -0.860316 -0.936269 -0.968036 0.922938 0.912165 0.798635 0.637948 0.443849 0.351896 0.186646 -0.037077 -0.176512 -0.295820 -0.531897 -0.599402 -0.724183 -0.870166 -0.939920 -0.961203 
46.531395 7451479.500000 64 64 52 0.554481 0.436796 0.934207 0.989907 0.964293 0.932922 0.887120 0.540675 0.398212 0.282637 0.169965 -0.025324 -0.271191 -0.485566 -0.588132 -0.707695 -0.842644 -0.931334 -0.974624 0.966307 0.902678 0.851415 0.598349 0.481871 0.384828 0.261840 0.062655 -0.129283 -0.333688 -0.454733 -0.595854 -0.673854 -0.838783 -0.929925 -0.969439 
56.707794 53102864.000000 52 54 56 0.942672 0.952394 0.847604 0.982565 0.948359 0.923954 0.845675 0.627818 0.501488 0.331286 0.122724 0.005625 -0.199316 -0.437241 -0.523355 -0.615336 -0.748685 -0.869708 -0.948649 0.987810 0.960639 0.929225 0.896371 0.594667 0.437911 0.340800 0.155454 0.039486 -0.184339 -0.396939 -0.531545 -0.652263 -0.777618 -0.919241 -0.958084 
58.468700 67809248.000000 56 60 64 0.954709 0.927772 0.901838 0.976752 0.949401 0.913168 0.760923 0.585344 0.496315 0.416840 0.272804 0.114455 -0.101703 -0.465788 -0.530994 -0.677638 -0.783229 -0.854182 -0.913569 0.975019 0.945492 0.922282 0.787661 0.601657 0.496734 0.418550 0.254087 0.067273 -0.202716 -0.466011 -0.523954 -0.660395 -0.772715 -0.851822 -0.930635 
57.672897 34641008.000000 64 68 72 0.953243 0.966614 0.964627 0.975935 0.948950 0.919478 0.804679 0.584903 0.500748 0.417567 0.268697 0.119099 -0.001194 -0.344136 -0.493345 -0.637614 -0.782678 -0.860624 -0.928676 0.980235 0.949679 0.913535 0.787069 0.583661 0.500566 0.425969 0.291808 0.129716 -0.047759 -0.408312 -0.535652 -0.661608 -0.779873 -0.843668 -0.903587 
56.080162 22321502.000000 72 74 78 0.914123 0.860534 0.910184 0.977628 0.955156 0.911783 0.786118 0.594953 0.513193 0.422247 0.260446 0.111868 -0.000455 -0.345122 -0.511475 -0.634059 -0.785098 -0.862490 -0.905572 0.975319 0.951659 0.919371 0.792233 0.590321 0.512220 0.422009 0.270586 0.120678 0.018156 -0.304128 -0.474572 -0.619355 -0.776681 -0.871892 -0.924500 
53.586384 15674261.000000 80 86 90 0.828078 0.862203 0.926078 0.981320 0.951661 0.914379 0.785301 0.594173 0.531331 0.416266 0.258418 0.113861 0.035069 -0.375591 -0.529055 -0.661987 -0.807273 -0.869220 -0.910494 0.981519 0.953710 0.908270 0.785956 0.598139 0.523533 0.441404 0.308916 0.117060 0.035651 -0.392336 -0.525903 -0.659261 -0.794387 -0.868796 -0.907804 
53.246380 21251904.000000 90 94 96 0.917473 0.947871 0.815862 0.973094 0.956063 0.906454 0.714521 0.572835 0.509525 0.397512 0.182593 0.081094 -0.071838 -0.379788 -0.492137 -0.597836 -0.746967 -0.881466 -0.905493 0.977070 0.955477 0.913105 0.757206 0.594513 0.523530 0.401837 0.214082 0.103853 -0.001439 -0.312988 -0.481356 -0.572936 -0.742950 -0.872253 -0.910805 
48.015335 2169719.250000 98 100 94 0.862841 0.837632 0.542673 0.982477 0.961877 0.919780 0.823393 0.578074 0.501564 0.431468 0.233256 0.086927 -0.038261 -0.390170 -0.513863 -0.591823 -0.753417 -0.873008 -0.929984 0.980390 0.958749 0.915291 0.748003 0.568842 0.517792 0.397272 0.207328 0.091002 -0.034415 -0.363354 -0.498332 -0.584814 -0.725681 -0.890189 -0.920087 
42.962967 1049086.625000 94 60 74 0.572630 0.600514 0.498673 0.984844 0.964883 0.928815 0.822449 0.596895 0.542503 0.402625 0.220819 0.076662 -0.069339 -0.415898 -0.504648 -0.573261 -0.659150 -0.872660 -0.930299 0.984899 0.966944 0.914570 0.818086 0.596379 0.508001 0.440054 0.217831 0.076085 -0.002436 -0.390322 -0.492615 -0.607955 -0.730490 -0.861379 -0.929864 
37.394123 150401.734375 74 72 90 0.483372 0.519870 0.550566 0.991326 0.979290 0.916745 0.819432 0.605291 0.533000 0.440466 0.290702 0.111566 -0.025760 -0.251636 -0.472600 -0.574254 -0.771045 -0.897789 -0.946167 0.987409 0.963940 0.914051 0.784453 0.591081 0.533240 0.418430 0.265650 0.092705 -0.052398 -0.374660 -0.508311 -0.548615 -0.705351 -0.891221 -0.952663 
39.333286 76400.992188 230 142 154 0.529699 0.750248 0.573647 0.990804 0.981506 0.944432 0.826895 0.633315 0.553675 0.427776 0.324607 0.115019 0.040337 -0.215863 -0.518534 -0.612821 -0.801074 -0.913913 -0.965030 0.991747 0.981386 0.928447 0.833409 0.620748 0.532569 0.454859 0.267278 0.109228 0.013990 -0.296006 -0.482287 -0.569021 -0.792907 -0.887633 -0.957908 
39.590340 38277.046875 156 156 154 0.676537 0.749162 0.778772 0.993411 0.985395 0.954791 0.831050 0.620934 0.581635 0.469272 0.339572 0.121698 0.052930 -0.315895 -0.523196 -0.667698 -0.787397 -0.913766 -0.975656 0.990940 0.981834 0.958436 0.836539 0.607227 0.567894 0.461646 0.301299 0.125156 0.064861 -0.296996 -0.463348 -0.643493 -0.800055 -0.915651 -0.970702 
39.113937 27226.003906 80 76 78 0.827374 0.524171 0.634605 0.992829 0.983685 0.962500 0.838608 0.626353 0.544001 0.459300 0.274031 0.132029 -0.018425 -0.373621 -0.501234 -0.692971 -0.813838 -0.919126 -0.963980 0.993697 0.986753 0.962703 0.840806 0.624110 0.550884 0.466069 0.307872 0.145389 -0.006112 -0.319840 -0.476923 -0.683021 -0.794025 -0.909560 -0.964827 
37.716923 19516.572266 78 80 78 0.608756 0.634202 0.839901 0.995971 0.989603 0.967942 0.820639 0.591097 0.522275 0.431950 0.273110 0.065375 -0.072076 -0.384366 -0.501576 -0.677267 -0.825956 -0.937634 -0.973067 0.995564 0.987278 0.968828 0.851016 0.602318 0.508234 0.455303 0.336964 0.141637 -0.072097 -0.370775 -0.504521 -0.687453 -0.830540 -0.915530 -0.966319 
33.864502 11679.330078 74 74 78 0.792696 0.739560 0.689245 0.995944 0.987945 0.933784 0.821314 0.622347 0.533040 0.430041 0.288764 0.047407 -0.120895 -0.400712 -0.560010 -0.681742 -0.812565 -0.918338 -0.974781 0.995916 0.990710 0.959481 0.802626 0.615364 0.524023 0.450305 0.324118 0.095125 -0.084136 -0.356913 -0.552475 -0.714997 -0.820759 -0.916822 -0.968551 
24.858667 7269.333008 80 80 84 0.637405 0.761099 0.534861 0.994492 0.976548 0.924179 0.828421 0.640261 0.531507 0.414792 0.217757 -0.017907 -0.189686 -0.395598 -0.519268 -0.698405 -0.859964 -0.918587 -0.977161 0.995754 0.981455 0.932792 0.838457 0.634414 0.526235 0.405569 0.218871 0.003292 -0.185981 -0.433280 -0.517271 -0.693651 -0.818049 -0.931504 -0.968320 
19.639637 8091.315918 228 230 230 0.612005 0.503483 0.431744 0.987374 0.972425 0.907978 0.813086 0.624916 0.488570 0.350517 0.147042 -0.150472 -0.293808 -0.466036 -0.579240 -0.635304 -0.769732 -0.894587 -0.979375 0.993395 0.976118 0.917896 0.810107 0.645464 0.513967 0.413851 0.221011 -0.037181 -0.249512 -0.367518 -0.533365 -0.678956 -0.862415 -0.908569 -0.976487 
16.729671 7078.967773 150 52 54 0.433121 0.445600 0.548455 0.988836 0.972820 0.893515 0.799509 0.617118 0.488557 0.375927 0.133564 -0.043064 -0.294394 -0.513271 -0.601726 -0.673706 -0.772592 -0.899513 -0.963839 0.989851 0.960057 0.897051 0.769217 0.577442 0.482822 0.313302 0.099757 -0.147141 -0.361351 -0.541422 -0.597946 -0.647372 -0.719268 -0.894928 -0.972484 
16.344370 4276.595215 52 62 86 0.574441 0.494532 0.561588 0.980175 0.965071 0.921262 0.818871 0.665009 0.485274 0.324401 0.141301 0.007408 -0.231839 -0.410404 -0.573503 -0.739459 -0.835782 -0.911392 -0.976151 0.986024 0.968738 0.915982 0.814048 0.615461 0.477988 0.404591 0.150667 -0.047385 -0.233302 -0.460680 -0.573873 -0.706918 -0.851666 -0.924839 -0.967533 
15.086411 4069.866211 86 90 78 0.511573 0.288327 0.347325 0.983205 0.962907 0.887812 0.787519 0.653772 0.497990 0.389396 0.150751 -0.082756 -0.208059 -0.429618 -0.552758 -0.724610 -0.836176 -0.929181 -0.978543 0.985935 0.963605 0.925226 0.818537 0.645595 0.500294 0.362345 0.166262 -0.002826 -0.193991 -0.430487 -0.578444 -0.731874 -0.830487 -0.915783 -0.979726 
11.585279 3509.445312 78 88 86 0.463603 0.372855 0.543927 0.978727 0.955334 0.908397 0.799545 0.598845 0.499374 0.369362 0.185268 -0.081191 -0.244568 -0.407391 -0.552133 -0.703394 -0.841438 -0.923840 -0.971601 0.981775 0.951140 0.870408 0.780372 0.631611 0.492359 0.376358 0.154547 -0.055136 -0.231385 -0.437640 -0.567782 -0.761242 -0.842679 -0.928619 -0.978140 
14.582729 3375.050537 88 80 224 0.429887 0.479160 0.437488 0.987185 0.971578 0.915471 0.755839 0.627225 0.512435 0.348216 0.144451 -0.057350 -0.245191 -0.431610 -0.563639 -0.723624 -0.829682 -0.927260 -0.972713 0.981410 0.967689 0.913321 0.787168 0.615990 0.510375 0.366764 0.176174 -0.108680 -0.237162 -0.398841 -0.544189 -0.730896 -0.830837 -0.927929 -0.978843 
14.260245 3145.004639 92 114 86 0.442889 0.503672 0.386681 0.982506 0.963624 0.909716 0.822514 0.637892 0.503522 0.355352 0.169840 -0.044644 -0.254885 -0.389773 -0.546772 -0.707540 -0.829648 -0.916016 -0.962117 0.980617 0.968074 0.902963 0.793744 0.616564 0.503451 0.369974 0.181206 -0.018574 -0.228848 -0.393248 -0.538625 -0.711150 -0.803509 -0.925092 -0.963284 
13.630343 2845.168457 86 50 114 0.475304 0.330544 0.356179 0.987713 0.971160 0.902605 0.812157 0.673336 0.523563 0.357503 0.192841 -0.067586 -0.235413 -0.424493 -0.569649 -0.724666 -0.830953 -0.926536 -0.977984 0.984335 0.961153 0.899956 0.808321 0.676161 0.511607 0.382232 0.185563 -0.034591 -0.247415 -0.425560 -0.595217 -0.735460 -0.855642 -0.928680 -0.973782 
12.060676 2625.488770 202 30 114 0.280767 0.556364 0.441044 0.982910 0.969079 0.894475 0.820706 0.629948 0.543506 0.332931 0.160503 -0.043369 -0.244225 -0.400866 -0.561990 -0.727906 -0.854220 -0.934370 -0.969264 0.983355 0.965123 0.889970 0.774061 0.601634 0.491454 0.331156 0.163407 -0.048309 -0.266603 -0.446500 -0.550413 -0.736623 -0.829419 -0.929163 -0.974662 
13.869973 3017.019043 80 134 134 0.486546 0.593085 0.489460 0.981934 0.970569 0.902923 0.757241 0.624810 0.541526 0.355864 0.170430 -0.056479 -0.256163 -0.386608 -0.512085 -0.720617 -0.822117 -0.924757 -0.980191 0.985857 0.972073 0.889364 0.795237 0.655393 0.533487 0.290377 0.133719 -0.064532 -0.233464 -0.407142 -0.579591 -0.728501 -0.844554 -0.923532 -0.981676 
13.191708 11358.977539 54 56 150 0.614072 0.496404 0.519466 0.981356 0.959565 0.891213 0.699396 0.603148 0.518358 0.268384 0.058512 -0.160373 -0.332621 -0.430882 -0.574568 -0.694499 -0.872565 -0.926793 -0.983842 0.986155 0.966703 0.896313 0.744134 0.639229 0.520712 0.352693 0.178270 -0.078191 -0.266350 -0.421762 -0.555647 -0.690258 -0.841310 -0.926029 -0.971373 
15.707116 8484.231445 48 86 48 0.339594 0.358833 0.581096 0.979354 0.955993 0.889715 0.672999 0.624470 0.571704 0.291398 0.124736 -0.064121 -0.330256 -0.395861 -0.461947 -0.583184 -0.815324 -0.906655 -0.960760 0.978088 0.963570 0.896803 0.746054 0.618809 0.531123 0.354431 0.124620 -0.059801 -0.257388 -0.383015 -0.510941 -0.701858 -0.837831 -0.928797 -0.975161 
21.375393 19335.998047 50 112 114 0.669926 0.485324 0.403116 0.979736 0.923397 0.838196 0.728559 0.647492 0.576912 0.417634 0.221055 -0.061170 -0.317354 -0.384763 -0.457701 -0.610239 -0.799466 -0.881866 -0.966021 0.975610 0.950976 0.814354 0.666375 0.626555 0.585578 0.380162 0.125158 -0.117975 -0.331489 -0.368706 -0.442606 -0.522105 -0.784495 -0.894636 -0.959254 
17.374763 5719.299805 116 88 88 0.404819 0.439712 0.612556 0.981965 0.965544 0.868509 0.814744 0.691347 0.616650 0.383149 0.150649 -0.090008 -0.199433 -0.403766 -0.536418 -0.746670 -0.831898 -0.927118 -0.977254 0.980850 0.963888 0.869069 0.774958 0.679128 0.601549 0.375784 0.165088 -0.060567 -0.221251 -0.387464 -0.534683 -0.690650 -0.824386 -0.914408 -0.979988 
45.821571 430922.562500 56 50 54 0.433773 0.583358 0.504806 0.969061 0.916432 0.883482 0.852396 0.749037 0.684850 0.598252 0.274998 0.085015 -0.204889 -0.275072 -0.366229 -0.630498 -0.828558 -0.862223 -0.922462 0.972805 0.921994 0.887966 0.847212 0.758430 0.682914 0.604852 0.308842 0.060169 -0.200381 -0.278555 -0.381264 -0.645135 -0.818875 -0.863072 -0.933940 
53.023064 6422350.500000 62 68 62 0.413355 0.655841 0.949269 0.969090 0.924604 0.889836 0.839907 0.700028 0.656513 0.509955 0.270952 0.170938 -0.077572 -0.286490 -0.344764 -0.625584 -0.811630 -0.864822 -0.902800 0.974032 0.931832 0.884695 0.832828 0.703901 0.658520 0.475248 0.243289 0.155654 -0.157723 -0.266153 -0.349254 -0.489174 -0.719314 -0.857377 -0.925911 
60.889950 63292560.000000 62 60 62 0.951371 0.964444 0.901659 0.967230 0.928967 0.896794 0.800023 0.669758 0.627216 0.521945 0.250680 0.124870 -0.076702 -0.356025 -0.425804 -0.697741 -0.796784 -0.876338 -0.896571 0.968851 0.923843 0.887275 0.823722 0.681588 0.638822 0.495572 0.274023 0.164960 -0.040519 -0.316957 -0.408485 -0.733086 -0.813792 -0.879917 -0.902368 
64.008324 88522800.000000 62 64 62 0.930596 0.919070 0.933441 0.971378 0.938259 0.909354 0.766273 0.638267 0.611543 0.527532 0.208659 0.073236 -0.040390 -0.342117 -0.416604 -0.522640 -0.709707 -0.876375 -0.902679 0.968504 0.933310 0.904012 0.776445 0.647476 0.616220 0.531238 0.230205 0.088254 -0.068722 -0.350146 -0.409739 -0.655645 -0.800693 -0.878757 -0.901329 
63.892273 93247896.000000 62 62 62 0.951488 0.986428 0.988724 0.971871 0.952174 0.923307 0.738346 0.625187 0.599715 0.490970 0.177795 0.037316 -0.102840 -0.366216 -0.441325 -0.547327 -0.652024 -0.859017 -0.905222 0.972178 0.945055 0.913666 0.765420 0.629471 0.605064 0.501315 0.187247 0.055624 -0.065614 -0.346193 -0.423417 -0.526221 -0.641977 -0.866506 -0.914429 
64.540581 55772748.000000 62 62 62 0.990817 0.975272 0.939696 0.975106 0.957942 0.939646 0.768503 0.642000 0.607600 0.544212 0.158645 0.018485 -0.110009 -0.350338 -0.477556 -0.547964 -0.726006 -0.869143 -0.939391 0.971873 0.955019 0.932499 0.739736 0.627045 0.601394 0.507133 0.171304 0.025395 -0.091664 -0.350863 -0.452251 -0.547519 -0.658690 -0.864925 -0.911748 
60.147861 8662212.000000 62 64 62 0.960839 0.910844 0.958985 0.984333 0.976214 0.951793 0.777225 0.685957 0.635638 0.528973 0.200261 0.035794 -0.060752 -0.414710 -0.541585 -0.700301 -0.760057 -0.892149 -0.988562 0.981224 0.966090 0.942345 0.775223 0.666135 0.619634 0.534518 0.207685 0.025736 -0.104250 -0.376114 -0.488916 -0.604481 -0.770896 -0.875234 -0.980053 
59.509010 5512518.500000 64 64 64 0.952484 0.943062 0.943888 0.984487 0.977159 0.955002 0.828911 0.697233 0.622662 0.537338 0.187401 -0.004133 -0.092932 -0.407765 -0.533944 -0.667065 -0.735716 -0.929925 -0.995409 0.984452 0.976850 0.954371 0.819187 0.685251 0.627439 0.531792 0.239997 0.002044 -0.081945 -0.439092 -0.570345 -0.695601 -0.757711 -0.919103 -0.994241 
59.466557 3671877.000000 62 62 62 0.979319 0.987572 0.992468 0.984500 0.977531 0.957176 0.856083 0.712589 0.627954 0.580290 0.164127 -0.031656 -0.170436 -0.444358 -0.508168 -0.651707 -0.710284 -0.895149 -0.993985 0.984684 0.977424 0.958118 0.842963 0.694553 0.621913 0.557972 0.202960 0.000999 -0.100099 -0.446361 -0.532314 -0.660629 -0.714283 -0.930138 -0.995919 
60.698147 7805035.000000 62 62 60 0.990811 0.963166 0.957644 0.982302 0.976992 0.949554 0.837287 0.765352 0.626709 0.575577 -0.014069 -0.076921 -0.247908 -0.463981 -0.504518 -0.693127 -0.738759 -0.847394 -0.992298 0.983608 0.977488 0.952334 0.849535 0.753076 0.630697 0.525807 0.044772 -0.048957 -0.255578 -0.450542 -0.518024 -0.672347 -0.723967 -0.862284 -0.990443 
63.220024 91744976.000000 62 58 58 0.934765 0.922715 0.984865 0.970512 0.951780 0.929459 0.818832 0.722955 0.669591 0.410509 -0.023921 -0.120673 -0.209467 -0.401041 -0.485939 -0.596649 -0.776546 -0.849131 -0.967517 0.979327 0.971800 0.930800 0.842838 0.739751 0.645955 0.429768 0.005115 -0.095997 -0.246444 -0.435538 -0.543147 -0.720297 -0.770776 -0.925233 -0.983601 
66.282822 150051504.000000 58 58 56 0.975152 0.970192 0.986642 0.960597 0.945317 0.922725 0.792363 0.701650 0.664956 0.435693 0.025292 -0.094182 -0.209277 -0.394872 -0.467640 -0.583149 -0.701143 -0.829377 -0.881306 0.963640 0.947709 0.927736 0.806496 0.716650 0.676957 0.389413 -0.002921 -0.125556 -0.224426 -0.411384 -0.480090 -0.576969 -0.759297 -0.844816 -0.921088 
66.969818 173288208.000000 56 54 54 0.989103 0.956193 0.890445 0.959169 0.940277 0.920044 0.786071 0.680955 0.654443 0.428556 0.093269 -0.048229 -0.190785 -0.379579 -0.427725 -0.576405 -0.723278 -0.817475 -0.873116 0.961182 0.943094 0.921376 0.789934 0.691477 0.657439 0.424857 0.062109 -0.068961 -0.195722 -0.385236 -0.442611 -0.566969 -0.701155 -0.819411 -0.868756 
65.513626 70379688.000000 54 52 50 0.935979 0.986029 0.969480 0.976986 0.940667 0.919411 0.823840 0.665670 0.645242 0.569057 0.151753 0.005654 -0.144216 -0.377258 -0.436782 -0.587108 -0.736502 -0.841556 -0.888756 0.964426 0.938279 0.919544 0.798484 0.669935 0.651935 0.475955 0.112829 -0.014133 -0.165906 -0.366743 -0.421811 -0.561359 -0.716016 -0.839303 -0.882024 
60.573227 27151804.000000 50 48 48 0.947172 0.883674 0.871062 0.986714 0.960801 0.923725 0.866624 0.678448 0.642533 0.405573 0.100726 0.011597 -0.158447 -0.384290 -0.440610 -0.656690 -0.791028 -0.882050 -0.890970 0.983808 0.949742 0.922056 0.854711 0.655076 0.634563 0.523353 0.099257 -0.011467 -0.212728 -0.367484 -0.420803 -0.569584 -0.729834 -0.863152 -0.888353 
53.628563 15734067.000000 48 52 46 0.874985 0.791277 0.308246 0.987315 0.958561 0.910470 0.770184 0.655472 0.619276 0.236806 0.057748 -0.088734 -0.309926 -0.463194 -0.581171 -0.752051 -0.859927 -0.934682 -0.977926 0.988200 0.962935 0.923508 0.866396 0.659286 0.633059 0.419470 0.099830 0.009028 -0.246145 -0.374794 -0.464519 -0.659787 -0.854712 -0.884251 -0.913784 
45.127583 28159626.000000 46 52 52 0.418683 0.535019 0.450608 0.979822 0.936989 0.866734 0.694899 0.593092 0.486645 0.141357 0.060247 -0.182531 -0.383166 -0.482940 -0.608445 -0.789499 -0.875978 -0.925658 -0.978525 0.977101 0.940851 0.886157 0.734039 0.641746 0.529038 0.195425 0.090725 -0.186750 -0.330917 -0.483966 -0.593099 -0.779229 -0.876369 -0.932594 -0.971026 
46.284203 26873754.000000 52 54 56 0.691577 0.666863 0.385512 0.955478 0.942150 0.877749 0.649145 0.574156 0.508250 0.201306 -0.000031 -0.185293 -0.355743 -0.489558 -0.676436 -0.784758 -0.852819 -0.927976 -0.974235 0.964981 0.943872 0.828871 0.663377 0.608263 0.445579 0.151713 0.024769 -0.155041 -0.320048 -0.494142 -0.637978 -0.780248 -0.876516 -0.931368 -0.978072 
48.089863 55625576.000000 56 54 52 0.676760 0.627757 0.681480 0.954724 0.934234 0.823977 0.634563 0.563190 0.328600 0.113348 -0.009223 -0.206395 -0.340997 -0.460257 -0.629752 -0.761577 -0.857367 -0.912942 -0.976355 0.954951 0.937573 0.845199 0.623190 0.586480 0.441269 0.113258 0.014804 -0.157229 -0.383656 -0.479981 -0.634133 -0.742521 -0.846761 -0.931561 -0.974761 
43.281860 3357479.500000 50 52 58 0.672226 0.665158 0.451097 0.979317 0.938188 0.874897 0.706488 0.642247 0.479824 0.193390 0.061653 -0.084700 -0.268312 -0.438186 -0.605923 -0.742166 -0.839619 -0.943114 -0.978477 0.977165 0.936937 0.850692 0.629325 0.500125 0.316331 0.136377 0.013507 -0.185991 -0.313726 -0.408335 -0.661803 -0.760058 -0.853640 -0.924176 -0.966554 
34.444660 810205.375000 56 52 52 0.659564 0.700983 0.596195 0.958571 0.924153 0.873545 0.725733 0.655104 0.548465 0.340012 0.119705 -0.055732 -0.252424 -0.391197 -0.547791 -0.724640 -0.830512 -0.911231 -0.988328 0.954132 0.934394 0.860528 0.711458 0.638359 0.442916 0.343403 0.114856 -0.110154 -0.247630 -0.420713 -0.614322 -0.729144 -0.860402 -0.939168 -0.985893 
45.426407 16209945.000000 52 36 74 0.497832 0.586511 0.421653 0.946655 0.934162 0.822267 0.689275 0.464805 0.144021 0.004894 -0.143140 -0.300754 -0.396526 -0.551681 -0.707479 -0.760601 -0.862869 -0.927990 -0.987759 0.946254 0.933526 0.837531 0.713038 0.575872 0.276630 0.095197 -0.028230 -0.176380 -0.362072 -0.494174 -0.608626 -0.750249 -0.838328 -0.927616 -0.959301 
48.376141 18158316.000000 48 90 54 0.325613 0.590037 0.382655 0.950464 0.927632 0.762522 0.651225 0.352004 0.129351 0.039744 -0.087761 -0.300139 -0.403742 -0.514596 -0.678239 -0.766477 -0.853701 -0.932372 -0.986945 0.958230 0.927772 0.757732 0.679435 0.378765 0.164399 -0.006651 -0.098532 -0.334345 -0.379461 -0.583726 -0.696013 -0.788380 -0.858710 -0.927507 -0.984900 
46.915581 9374090.000000 56 98 96 0.528267 0.441048 0.622431 0.964681 0.926165 0.714507 0.604016 0.357616 0.152808 0.089156 -0.050978 -0.267198 -0.386173 -0.526144 -0.686891 -0.762726 -0.862351 -0.937943 -0.985604 0.965397 0.901014 0.742838 0.577969 0.337351 0.117063 0.011944 -0.069766 -0.312602 -0.407254 -0.543648 -0.678374 -0.780563 -0.854933 -0.932663 -0.984760 
52.203846 16425349.000000 74 54 64 0.523699 0.708446 0.952361 0.988459 0.980393 0.961736 0.671881 0.516171 0.380608 0.271061 0.156493 -0.046637 -0.313999 -0.384081 -0.609492 -0.685383 -0.796217 -0.923480 -0.980267 0.991177 0.984111 0.929090 0.674632 0.476719 0.290248 0.141328 0.063775 -0.172988 -0.366020 -0.493417 -0.665993 -0.745199 -0.868166 -0.938145 -0.977188 
59.363056 13195280.000000 32 34 36 0.669204 0.845576 0.765272 0.986372 0.981998 0.961815 0.702643 0.610390 0.555844 0.305741 0.220223 0.025648 -0.292905 -0.358425 -0.534624 -0.647899 -0.702829 -0.897367 -0.973181 0.985933 0.980636 0.962822 0.689798 0.565018 0.444673 0.292286 0.200835 0.005579 -0.299833 -0.362022 -0.563646 -0.660370 -0.726285 -0.922938 -0.976043 
58.430634 8714839.000000 74 78 80 0.954167 0.960782 0.934750 0.986957 0.981358 0.944723 0.743729 0.682484 0.601615 0.343061 0.236451 0.010350 -0.296050 -0.351808 -0.531188 -0.659306 -0.701057 -0.856628 -0.971352 0.986679 0.981977 0.946488 0.695277 0.644708 0.586506 0.338800 0.229552 0.023113 -0.270755 -0.357598 -0.513482 -0.650337 -0.694530 -0.833005 -0.956998 
54.914452 1994744.250000 82 82 82 0.925322 0.956827 0.944660 0.987706 0.982394 0.942440 0.841374 0.768449 0.608998 0.361207 0.253859 0.019278 -0.286079 -0.336115 -0.516146 -0.660158 -0.695106 -0.889783 -0.971142 0.987302 0.980788 0.948082 0.812254 0.723075 0.599897 0.363040 0.254276 -0.041478 -0.286098 -0.345189 -0.598245 -0.657922 -0.724321 -0.894667 -0.965086 
55.213387 1225673.250000 82 82 82 0.958155 0.922118 0.926873 0.985031 0.977056 0.951365 0.838496 0.777710 0.697744 0.459911 0.282551 0.154239 -0.295315 -0.331311 -0.451805 -0.660372 -0.689661 -0.865083 -0.971272 0.987216 0.981095 0.950520 0.846007 0.794664 0.656195 0.414327 0.258400 0.040965 -0.286129 -0.334024 -0.421157 -0.651203 -0.677932 -0.895221 -0.970722 
58.168240 2309966.250000 82 80 80 0.910437 0.934566 0.920017 0.980617 0.972581 0.958163 0.822003 0.707918 0.679373 0.449247 0.297425 0.170331 -0.244971 -0.298214 -0.406066 -0.676159 -0.719710 -0.806898 -0.966452 0.983603 0.974720 0.961125 0.840316 0.742419 0.696559 0.466160 0.304225 0.219505 -0.244250 -0.329234 -0.414758 -0.661123 -0.696800 -0.865466 -0.971931 
57.477287 8584393.000000 82 82 80 0.937796 0.954351 0.950089 0.979736 0.969350 0.942095 0.749778 0.647475 0.625663 0.419706 0.281946 0.114907 -0.203323 -0.306107 -0.414796 -0.684953 -0.740745 -0.786387 -0.889142 0.978972 0.970870 0.946887 0.776116 0.675816 0.651033 0.439059 0.296610 0.141821 -0.228852 -0.291892 -0.408014 -0.675569 -0.728743 -0.766818 -0.934022 
56.885071 11956682.000000 80 80 78 0.955853 0.967219 0.956684 0.978824 0.969335 0.940624 0.725741 0.608594 0.574207 0.411426 0.250642 0.103830 -0.148486 -0.340694 -0.432763 -0.614486 -0.725933 -0.805222 -0.857435 0.979481 0.967950 0.939972 0.741265 0.623671 0.594202 0.440360 0.268478 0.119906 -0.174750 -0.319690 -0.410294 -0.652326 -0.748565 -0.796234 -0.869790 
58.378891 11566099.000000 78 76 78 0.947369 0.970196 0.943489 0.982040 0.971136 0.952787 0.757453 0.612428 0.570962 0.404581 0.210675 0.091393 -0.107723 -0.351027 -0.452979 -0.587362 -0.761772 -0.844780 -0.888769 0.979525 0.969894 0.946005 0.736069 0.607430 0.561164 0.369826 0.238927 0.082362 -0.135018 -0.352226 -0.440707 -0.605497 -0.723395 -0.830677 -0.864333 
51.961216 5300929.500000 76 78 78 0.955597 0.817642 0.786973 0.991554 0.978086 0.946104 0.670313 0.593226 0.519562 0.322650 0.178887 -0.144253 -0.339599 -0.535891 -0.699346 -0.788647 -0.871501 -0.927535 -0.975795 0.985788 0.973744 0.956850 0.755112 0.608476 0.571724 0.419903 0.190564 0.080663 -0.168743 -0.444728 -0.513345 -0.682828 -0.831440 -0.901918 -0.983002 
44.467819 4917899.000000 78 78 80 0.787984 0.849821 0.731508 0.991884 0.978088 0.920546 0.661856 0.589037 0.434074 0.231639 0.008862 -0.326810 -0.442701 -0.579700 -0.714927 -0.827997 -0.901940 -0.966973 -0.990392 0.991322 0.981082 0.933217 0.658148 0.579577 0.436935 0.256741 -0.042399 -0.246050 -0.428204 -0.550858 -0.736001 -0.833548 -0.878320 -0.971286 -0.988127 
42.364735 3478619.250000 80 78 76 0.718351 0.488997 0.811742 0.983227 0.967601 0.897948 0.623025 0.567500 0.448354 0.233551 -0.097690 -0.376555 -0.450800 -0.651147 -0.766091 -0.839715 -0.910835 -0.964057 -0.990184 0.989174 0.974490 0.915453 0.621478 0.573550 0.417424 0.239648 -0.045102 -0.346750 -0.491955 -0.596441 -0.732089 -0.836606 -0.911868 -0.959993 -0.987856 
44.631721 2273987.250000 76 80 78 0.750971 0.766417 0.604505 0.980271 0.969296 0.928446 0.622681 0.578106 0.495581 0.224547 -0.247839 -0.386502 -0.466061 -0.597544 -0.741286 -0.836917 -0.906877 -0.958341 -0.991644 0.978644 0.969779 0.912177 0.620489 0.568142 0.467703 0.218086 -0.209684 -0.392155 -0.510937 -0.692980 -0.773167 -0.882032 -0.915893 -0.955078 -0.987986 
32.649479 283665.625000 80 54 122 0.509715 0.647535 0.522529 0.982544 0.964730 0.943588 0.795563 0.637518 0.549572 0.335312 0.094393 -0.271513 -0.430454 -0.580843 -0.688871 -0.832809 -0.926469 -0.961910 -0.994894 0.981883 0.968429 0.923856 0.689417 0.591851 0.498547 0.308163 -0.051526 -0.355316 -0.440622 -0.554415 -0.721401 -0.840151 -0.903735 -0.958436 -0.983481 
52.027344 1197452.750000 20 64 68 0.746640 0.941676 0.945599 0.992862 0.981932 0.960226 0.829299 0.771809 0.660438 0.513224 0.158424 -0.123934 -0.213748 -0.276600 -0.507268 -0.756373 -0.877985 -0.959178 -0.981251 0.992985 0.983937 0.971597 0.900223 0.686787 0.603581 0.436810 0.162404 -0.141110 -0.273594 -0.489049 -0.669902 -0.787791 -0.917423 -0.958589 -0.983004 
54.902092 3024727.500000 68 70 72 0.945778 0.970330 0.980704 0.989780 0.982783 0.922746 0.824711 0.754969 0.637341 0.449999 0.158147 0.009711 -0.161550 -0.202727 -0.391245 -0.681318 -0.859658 -0.926729 -0.984782 0.991046 0.981952 0.942797 0.824270 0.762793 0.649217 0.464061 0.161260 -0.046286 -0.189425 -0.245677 -0.394052 -0.730123 -0.879291 -0.945704 -0.981096 
56.142357 13144105.000000 72 74 74 0.982731 0.973534 0.680742 0.983642 0.970886 0.915837 0.836251 0.760038 0.641643 0.399881 0.100538 0.015050 -0.166747 -0.208614 -0.556206 -0.720901 -0.804094 -0.862631 -0.935488 0.989400 0.982961 0.916487 0.830410 0.751739 0.647333 0.409888 0.135412 0.016049 -0.149156 -0.186389 -0.381582 -0.677010 -0.869602 -0.939565 -0.983327 
60.317329 47854716.000000 74 74 72 0.713483 0.955529 0.982732 0.975382 0.954975 0.902586 0.809000 0.743679 0.667723 0.325469 0.096568 0.011384 -0.183421 -0.242851 -0.368911 -0.709168 -0.764120 -0.837388 -0.869519 0.977407 0.960473 0.910266 0.826474 0.758336 0.679672 0.363794 0.071234 -0.002490 -0.190185 -0.222664 -0.463510 -0.717308 -0.776821 -0.849313 -0.884609 
60.029800 51789720.000000 72 70 70 0.987594 0.972137 0.966184 0.975747 0.955288 0.905517 0.795854 0.704699 0.662336 0.356184 0.082975 0.004745 -0.183767 -0.280480 -0.399590 -0.682963 -0.753691 -0.820853 -0.852727 0.975103 0.954056 0.901374 0.801947 0.728281 0.664261 0.324654 0.092878 0.031320 -0.175718 -0.263608 -0.385178 -0.699982 -0.766455 -0.838970 -0.865841 
58.937321 38957440.000000 70 68 66 0.972727 0.961938 0.961751 0.981804 0.961415 0.912668 0.764348 0.672269 0.644272 0.375557 0.130369 0.039403 -0.182170 -0.279960 -0.387046 -0.707310 -0.753506 -0.809418 -0.840795 0.977879 0.957731 0.905884 0.772309 0.684975 0.646743 0.358431 0.128183 0.035572 -0.175151 -0.273872 -0.366333 -0.682234 -0.756786 -0.825188 -0.844734 
55.554691 7726966.000000 66 66 68 0.976485 0.736797 0.662172 0.987899 0.969061 0.931999 0.748680 0.638358 0.613986 0.336040 0.105415 0.006587 -0.163692 -0.272631 -0.555988 -0.668614 -0.757369 -0.866218 -0.969986 0.984786 0.965565 0.929956 0.764036 0.655521 0.633104 0.370741 0.122695 0.037403 -0.165880 -0.255385 -0.533106 -0.666108 -0.736179 -0.793571 -0.887819 
39.037830 470937.468750 70 72 72 0.743436 0.780521 0.644424 0.985441 0.956074 0.868837 0.794869 0.735680 0.613064 0.368171 0.195761 0.046065 -0.176644 -0.274072 -0.501600 -0.678103 -0.795754 -0.845329 -0.935864 0.984550 0.964605 0.899098 0.791970 0.721201 0.589512 0.364010 0.183508 -0.005374 -0.154947 -0.278736 -0.582829 -0.690575 -0.787589 -0.859400 -0.954902 
44.481049 30695572.000000 72 72 72 0.652550 0.787306 0.840919 0.981482 0.949471 0.811130 0.685134 0.561216 0.238689 0.119294 -0.028446 -0.137765 -0.362243 -0.538853 -0.660208 -0.788225 -0.843873 -0.916184 -0.979404 0.986796 0.956032 0.844526 0.730272 0.657759 0.432013 0.226346 0.108592 -0.000455 -0.120824 -0.279772 -0.515914 -0.670496 -0.759837 -0.858537 -0.929046 
52.612118 67764320.000000 70 72 70 0.861591 0.697556 0.720437 0.964036 0.926102 0.750464 0.613960 0.389756 0.148504 0.061268 -0.086171 -0.181682 -0.385694 -0.560242 -0.681540 -0.764415 -0.885714 -0.935001 -0.978713 0.979760 0.941755 0.797363 0.665224 0.387245 0.164401 0.051017 -0.114913 -0.230472 -0.378555 -0.584081 -0.689497 -0.792734 -0.864330 -0.928200 -0.988601 
49.201084 27243406.000000 72 34 70 0.741528 0.453771 0.573897 0.955822 0.863679 0.672390 0.628372 0.470072 0.279008 0.142307 -0.032270 -0.145421 -0.318010 -0.502243 -0.672846 -0.787209 -0.863876 -0.934467 -0.981376 0.952724 0.922102 0.700996 0.589692 0.343611 0.200368 0.055308 -0.089605 -0.231363 -0.371293 -0.571645 -0.687303 -0.785600 -0.876233 -0.927991 -0.986381 
39.940678 1614069.000000 34 146 24 0.545633 0.485198 0.463211 0.966969 0.905897 0.718923 0.670544 0.555916 0.318181 0.226091 -0.027207 -0.116035 -0.342356 -0.470848 -0.621711 -0.747662 -0.889633 -0.941408 -0.984603 0.963158 0.871152 0.696275 0.663202 0.511315 0.325228 0.207726 -0.000567 -0.108243 -0.233252 -0.445523 -0.666325 -0.759938 -0.882350 -0.942504 -0.985481 
31.363085 686817.937500 72 70 54 0.394916 0.516272 0.755105 0.991267 0.974263 0.855013 0.709105 0.623044 0.348223 0.257623 0.061831 -0.118943 -0.277858 -0.445674 -0.655451 -0.780924 -0.869425 -0.944460 -0.992066 0.970193 0.947722 0.759087 0.721030 0.555494 0.331353 0.284574 -0.001473 -0.130348 -0.265332 -0.475048 -0.665330 -0.758770 -0.895941 -0.941147 -0.989650 
51.342674 3132445.750000 60 60 66 0.449693 0.879320 0.943763 0.992299 0.982288 0.922565 0.834168 0.782513 0.637167 0.311300 0.122614 -0.089670 -0.191744 -0.286036 -0.540813 -0.726870 -0.841358 -0.949375 -0.988031 0.993205 0.986864 0.947341 0.823299 0.746978 0.505432 0.271533 0.155944 -0.072015 -0.256914 -0.379968 -0.615166 -0.776603 -0.878470 -0.927316 -0.984086 
53.644085 3023870.500000 66 68 70 0.922473 0.977499 0.988255 0.990282 0.982514 0.923126 0.839480 0.766283 0.637496 0.299427 0.112437 -0.037936 -0.161376 -0.211151 -0.449288 -0.661112 -0.825133 -0.934694 -0.990900 0.990876 0.981779 0.923798 0.833164 0.758825 0.632316 0.309098 0.111322 -0.045587 -0.160080 -0.231381 -0.510098 -0.718770 -0.866181 -0.934447 -0.984948 
55.638763 6777955.000000 70 72 72 0.986516 0.894471 0.924182 0.984443 0.969423 0.922017 0.866143 0.789006 0.685230 0.396397 0.041703 -0.012733 -0.164543 -0.206249 -0.376416 -0.700809 -0.786482 -0.879595 -0.980543 0.990166 0.982678 0.912111 0.844815 0.769985 0.634367 0.339089 0.091619 -0.052700 -0.158653 -0.226184 -0.402037 -0.629619 -0.805722 -0.929269 -0.992456 
59.190315 27314346.000000 72 72 72 0.887027 0.959487 0.946963 0.976261 0.958420 0.888368 0.828888 0.767444 0.682477 0.371003 0.021030 -0.039769 -0.177492 -0.237957 -0.349672 -0.651767 -0.752480 -0.802743 -0.877583 0.977945 0.960955 0.906993 0.849122 0.781388 0.684051 0.432962 0.018739 -0.020117 -0.176014 -0.210505 -0.421093 -0.684704 -0.774596 -0.811961 -0.937120 
59.169178 42385908.000000 72 74 74 0.939828 0.984081 0.981262 0.975707 0.955562 0.881457 0.799530 0.737306 0.673507 0.364364 0.038840 -0.037071 -0.177942 -0.265404 -0.361282 -0.633521 -0.744077 -0.816977 -0.874410 0.976410 0.956716 0.882799 0.815314 0.753978 0.677507 0.375020 0.017707 -0.050682 -0.185137 -0.251208 -0.360223 -0.637489 -0.748746 -0.802831 -0.888954 
58.697670 46943352.000000 74 74 74 0.979754 0.985779 0.979525 0.979181 0.956412 0.881256 0.772660 0.704074 0.658540 0.372142 0.076881 0.000053 -0.154596 -0.265160 -0.354405 -0.612863 -0.739228 -0.804815 -0.854292 0.977036 0.955531 0.883255 0.790258 0.719301 0.673422 0.353374 0.053764 -0.020033 -0.160968 -0.263235 -0.357361 -0.635053 -0.752959 -0.813722 -0.860292 
58.529926 51470060.000000 74 74 74 0.982514 0.976821 0.935722 0.979508 0.955918 0.880039 0.750403 0.658208 0.630352 0.383551 0.095154 0.028706 -0.157815 -0.270081 -0.371828 -0.600487 -0.708600 -0.760450 -0.826471 0.979541 0.956352 0.878724 0.762462 0.674852 0.640025 0.394620 0.082941 0.019637 -0.164565 -0.272930 -0.357560 -0.571835 -0.711782 -0.796425 -0.855852 
56.665043 16669653.000000 74 76 78 0.925857 0.969907 0.622166 0.980972 0.964100 0.911288 0.736126 0.631165 0.606711 0.429315 0.125260 0.051539 -0.072976 -0.300300 -0.463896 -0.553801 -0.661421 -0.725007 -0.888431 0.980343 0.960515 0.888420 0.734565 0.639272 0.604310 0.401538 0.112540 0.034305 -0.124453 -0.273243 -0.444379 -0.600947 -0.693904 -0.756801 -0.833331 
50.780602 2303568.500000 78 74 76 0.638806 0.806798 0.868717 0.989169 0.979507 0.924959 0.800750 0.688431 0.623206 0.467355 0.175942 0.064074 -0.161028 -0.307346 -0.456911 -0.569857 -0.703574 -0.801116 -0.951051 0.989335 0.972890 0.899956 0.786182 0.665711 0.618903 0.440439 0.169761 0.065521 -0.094217 -0.307634 -0.445943 -0.556680 -0.691747 -0.756810 -0.893783 
55.029900 15171548.000000 76 76 78 0.883709 0.900400 0.956914 0.985230 0.971381 0.940541 0.752746 0.592906 0.503947 0.360289 0.136113 0.035679 -0.144155 -0.352893 -0.460805 -0.527624 -0.664140 -0.761940 -0.823700 0.986659 0.974567 0.942674 0.743244 0.622439 0.577696 0.421518 0.166353 0.058686 -0.172692 -0.361040 -0.483469 -0.529945 -0.679888 -0.753333 -0.908869 
55.532089 18010436.000000 78 78 78 0.945144 0.959089 0.938622 0.985825 0.972261 0.944969 0.759396 0.523924 0.405507 0.325466 0.121039 0.013290 -0.130548 -0.367882 -0.450294 -0.542242 -0.676357 -0.776531 -0.815229 0.985525 0.971597 0.941291 0.744286 0.548962 0.429388 0.342341 0.117282 0.022294 -0.165982 -0.367243 -0.463173 -0.546068 -0.699915 -0.777174 -0.842982 
54.961857 14928491.000000 78 78 78 0.936938 0.946090 0.951168 0.987542 0.974768 0.946550 0.776731 0.547594 0.363656 0.286599 0.108179 0.001846 -0.152125 -0.362728 -0.464271 -0.545025 -0.694640 -0.781950 -0.847008 0.987258 0.974107 0.949739 0.790103 0.503657 0.368588 0.297085 0.107307 -0.000055 -0.140261 -0.364259 -0.449882 -0.542976 -0.671349 -0.779747 -0.818525 
53.693642 8233730.000000 78 78 78 0.949580 0.934235 0.941876 0.988783 0.975767 0.955512 0.801319 0.505556 0.344050 0.259419 0.111802 -0.000288 -0.165668 -0.380646 -0.466831 -0.536247 -0.676304 -0.767488 -0.824557 0.988238 0.975476 0.952528 0.756083 0.560819 0.356172 0.271771 0.128389 -0.003695 -0.147292 -0.359851 -0.460531 -0.534211 -0.664168 -0.778490 -0.823380 
53.237633 5505015.000000 78 78 78 0.944940 0.965233 0.970956 0.988701 0.975263 0.961108 0.811894 0.491443 0.352865 0.265748 0.139734 0.027380 -0.122696 -0.328253 -0.463698 -0.519093 -0.646975 -0.758253 -0.901898 0.988912 0.976053 0.954259 0.807048 0.511670 0.347093 0.262679 0.131109 0.016618 -0.148650 -0.354414 -0.471020 -0.526294 -0.691678 -0.772595 -0.859628 
54.402317 7381276.500000 78 78 78 0.972572 0.982615 0.933632 0.986709 0.971472 0.956716 0.803907 0.493242 0.387245 0.320786 0.161907 0.045000 -0.107820 -0.307129 -0.438203 -0.511766 -0.632189 -0.759237 -0.899826 0.987684 0.973222 0.958608 0.829196 0.470398 0.370212 0.283739 0.149697 0.038888 -0.110879 -0.315634 -0.438361 -0.519325 -0.619943 -0.735179 -0.920262 
54.891071 12442782.000000 78 78 78 0.970126 0.985303 0.986787 0.984440 0.966755 0.944413 0.785763 0.553159 0.460140 0.346160 0.181040 0.048269 -0.077941 -0.317886 -0.439907 -0.533133 -0.685540 -0.781612 -0.850062 0.985388 0.969260 0.951644 0.791298 0.524690 0.419704 0.335571 0.178917 0.048710 -0.074238 -0.304212 -0.440356 -0.518440 -0.657673 -0.775217 -0.879653 
54.585476 12819454.000000 78 78 78 0.990507 0.971934 0.972044 0.983800 0.962976 0.938949 0.782535 0.583728 0.528795 0.373785 0.200063 0.057711 -0.055275 -0.365551 -0.451777 -0.559096 -0.716633 -0.805696 -0.841801 0.983838 0.963883 0.939489 0.772368 0.572285 0.492185 0.341986 0.186195 0.048602 -0.069757 -0.359822 -0.451137 -0.561538 -0.700953 -0.796838 -0.834861 
54.410851 5337361.000000 78 78 80 0.978352 0.978895 0.932921 0.984830 0.966509 0.943858 0.806581 0.621103 0.585776 0.451065 0.210582 0.112775 -0.039888 -0.390451 -0.476147 -0.553679 -0.732721 -0.806030 -0.875452 0.983855 0.962984 0.939548 0.788979 0.605702 0.559033 0.421738 0.201315 0.083298 -0.058165 -0.386549 -0.468625 -0.556609 -0.741293 -0.803617 -0.876417 
50.748970 1625104.375000 78 80 82 0.967804 0.926325 0.799851 0.991123 0.976108 0.957282 0.785217 0.624087 0.587499 0.409898 0.199309 0.086716 -0.192374 -0.463223 -0.495681 -0.666989 -0.889133 -0.958879 -0.989515 0.987839 0.971792 0.950140 0.822381 0.632309 0.602853 0.492917 0.236505 0.138951 -0.027362 -0.414714 -0.474283 -0.520977 -0.733706 -0.827454 -0.946276 
43.672829 2920572.000000 82 80 80 0.814312 0.870080 0.818899 0.994711 0.974835 0.941417 0.749443 0.550683 0.496597 0.177730 0.078879 -0.262883 -0.425068 -0.659383 -0.752689 -0.836304 -0.919371 -0.967018 -0.989986 0.993861 0.977760 0.949007 0.779714 0.570834 0.504753 0.285211 0.158081 -0.069294 -0.389216 -0.507051 -0.714407 -0.768776 -0.889721 -0.962631 -0.981232 
44.057854 3831173.250000 80 80 80 0.762727 0.814715 0.528694 0.988040 0.964668 0.895832 0.596194 0.538119 0.422872 0.074998 -0.238551 -0.339467 -0.431787 -0.581922 -0.740591 -0.848381 -0.915361 -0.967090 -0.985789 0.994113 0.973601 0.935868 0.656346 0.536758 0.484071 0.149613 0.003573 -0.279516 -0.410356 -0.682225 -0.756670 -0.843103 -0.938297 -0.975897 -0.987504 
37.733311 1135499.875000 60 80 62 0.578924 0.384070 0.689606 0.985806 0.961150 0.912521 0.642556 0.575342 0.428966 0.047690 -0.182181 -0.263995 -0.379615 -0.529621 -0.675867 -0.774739 -0.875671 -0.952796 -0.986010 0.986951 0.953690 0.875108 0.591140 0.560644 0.424029 0.063163 -0.248413 -0.344044 -0.429231 -0.601783 -0.702544 -0.829203 -0.904450 -0.966207 -0.977907 
52.899326 5377078.500000 64 72 76 0.552696 0.789837 0.894285 0.980704 0.961540 0.930663 0.832156 0.700354 0.658867 0.567331 0.297033 0.123727 -0.252414 -0.392673 -0.456783 -0.743005 -0.826942 -0.943022 -0.982660 0.983176 0.966302 0.937223 0.825086 0.703005 0.670244 0.481998 0.163818 -0.131613 -0.387150 -0.434041 -0.589297 -0.767062 -0.870844 -0.949166 -0.980907 
57.066978 18788790.000000 76 78 80 0.953920 0.945398 0.921175 0.973127 0.947800 0.919055 0.781068 0.661312 0.627876 0.497054 0.257898 0.151396 -0.092028 -0.342983 -0.392263 -0.602585 -0.806485 -0.910140 -0.976368 0.976241 0.951144 0.920231 0.804176 0.677418 0.645144 0.503991 0.272121 0.151311 -0.137111 -0.368179 -0.406850 -0.612563 -0.813868 -0.924475 -0.976253 
57.922318 22402736.000000 80 80 82 0.939390 0.957873 0.940954 0.973794 0.949571 0.920755 0.756714 0.622615 0.594758 0.444811 0.262016 0.152553 -0.088199 -0.295667 -0.390096 -0.474609 -0.774712 -0.863803 -0.945443 0.971391 0.947883 0.918660 0.757884 0.643432 0.613040 0.455977 0.257753 0.151342 -0.104737 -0.318303 -0.389923 -0.506516 -0.792220 -0.875847 -0.958969 
56.612034 13494501.000000 82 82 82 0.942596 0.977510 0.924368 0.978847 0.955923 0.938394 0.752988 0.603436 0.523199 0.385633 0.261477 0.121334 -0.082321 -0.279356 -0.393813 -0.459329 -0.704661 -0.858598 -0.944863 0.975475 0.951602 0.929699 0.746689 0.610513 0.578619 0.409392 0.260496 0.138331 -0.085960 -0.281010 -0.377857 -0.458142 -0.758672 -0.874103 -0.947349 
52.119450 2673925.000000 82 82 84 0.911951 0.910927 0.799598 0.985508 0.976636 0.941481 0.763773 0.579997 0.438947 0.369169 0.280763 0.148834 -0.123414 -0.315256 -0.432218 -0.497013 -0.657883 -0.843244 -0.951744 0.983263 0.964597 0.938694 0.758057 0.588210 0.478704 0.376916 0.286437 0.123481 -0.087675 -0.298155 -0.395844 -0.469781 -0.632014 -0.853406 -0.943472 
42.072136 214769.843750 86 82 82 0.729354 0.302347 0.675233 0.986226 0.963194 0.927364 0.767073 0.622367 0.531621 0.375305 0.313222 0.230622 -0.036343 -0.340828 -0.401792 -0.588570 -0.781682 -0.892340 -0.972787 0.986374 0.977521 0.937579 0.766573 0.628239 0.475902 0.367479 0.280884 0.156805 -0.096102 -0.347895 -0.434001 -0.501964 -0.687811 -0.877838 -0.976914 
34.966145 65246.148438 84 84 82 0.655514 0.605165 0.583971 0.970893 0.953735 0.921053 0.753361 0.647844 0.511584 0.433069 0.318203 0.222376 0.120871 -0.323601 -0.434118 -0.600195 -0.838216 -0.928221 -0.976029 0.976854 0.962056 0.922961 0.761880 0.644256 0.533094 0.405484 0.334048 0.247474 0.042783 -0.342049 -0.422918 -0.583059 -0.831798 -0.912044 -0.975017 
29.296244 33180.667969 42 150 44 0.597559 0.489472 0.609532 0.967740 0.951546 0.886306 0.698808 0.638547 0.565618 0.431425 0.293970 0.238099 -0.032046 -0.317277 -0.472186 -0.671780 -0.820886 -0.904272 -0.978162 0.969815 0.951933 0.908199 0.702429 0.634043 0.548293 0.428150 0.277533 0.217871 0.064638 -0.298297 -0.465091 -0.656283 -0.813377 -0.912429 -0.972847 
24.626007 17850.951172 42 42 58 0.478075 0.621042 0.557344 0.967688 0.950926 0.908379 0.708943 0.638473 0.539376 0.401954 0.285197 0.156516 -0.129635 -0.359392 -0.518659 -0.700188 -0.824959 -0.922867 -0.980209 0.974726 0.953077 0.899184 0.701702 0.639843 0.585289 0.420547 0.297672 0.233264 -0.098569 -0.322559 -0.483068 -0.695832 -0.767922 -0.919350 -0.983884 
43.373470 5902531.500000 42 118 20 0.485719 0.414107 0.555810 0.959862 0.906144 0.675268 0.647456 0.606979 0.541053 0.295845 0.091492 -0.224876 -0.363515 -0.580659 -0.656044 -0.751597 -0.832423 -0.892337 -0.964511 0.972386 0.935283 0.748011 0.643226 0.609222 0.504123 0.312759 0.092233 -0.188576 -0.327427 -0.547942 -0.653171 -0.756552 -0.831065 -0.910033 -0.976263 
39.771591 2472184.000000 80 140 140 0.545773 0.558983 0.406310 0.958027 0.951967 0.725745 0.664460 0.629163 0.561498 0.235425 -0.015200 -0.198055 -0.367457 -0.502269 -0.710876 -0.757513 -0.825608 -0.916371 -0.982963 0.955747 0.945432 0.771321 0.661510 0.634272 0.560088 0.326974 -0.049700 -0.238558 -0.427343 -0.614132 -0.675747 -0.758272 -0.821587 -0.905085 -0.952272 
46.160789 7657822.500000 44 44 228 0.539299 0.378123 0.310558 0.963606 0.818857 0.685516 0.656746 0.614120 0.524804 0.235543 -0.029102 -0.181759 -0.315365 -0.487648 -0.678127 -0.768633 -0.837300 -0.906953 -0.963087 0.958275 0.909538 0.680530 0.657061 0.600762 0.581153 0.182192 -0.058553 -0.219034 -0.397017 -0.551268 -0.706360 -0.764958 -0.844192 -0.911150 -0.968158 
47.229649 12893469.000000 122 24 22 0.477647 0.643168 0.653407 0.956959 0.813162 0.681146 0.654554 0.596191 0.507161 0.147875 0.014850 -0.183454 -0.357348 -0.507204 -0.657505 -0.797556 -0.865571 -0.925193 -0.973375 0.958420 0.827361 0.693290 0.663800 0.585420 0.479190 0.246394 -0.000159 -0.159623 -0.316487 -0.507924 -0.672236 -0.766310 -0.838759 -0.915688 -0.968980 
46.390945 10688614.000000 216 22 98 0.553167 0.559971 0.542381 0.954129 0.816295 0.697781 0.654655 0.611585 0.466001 0.169123 0.005106 -0.152868 -0.286792 -0.529956 -0.634952 -0.772889 -0.846418 -0.931365 -0.976119 0.957019 0.818839 0.698546 0.677583 0.615130 0.525925 0.125277 -0.009854 -0.150537 -0.314183 -0.536149 -0.641116 -0.774381 -0.857730 -0.923403 -0.972977 
41.536903 4098184.000000 22 30 26 0.479973 0.451825 0.480636 0.954214 0.834914 0.721767 0.674138 0.629198 0.532371 0.169140 -0.001127 -0.143107 -0.365236 -0.514722 -0.602171 -0.776374 -0.843922 -0.926478 -0.970291 0.959837 0.827498 0.714717 0.678944 0.611763 0.462364 0.193951 0.012237 -0.174936 -0.357423 -0.527114 -0.628207 -0.770285 -0.851204 -0.929441 -0.969436 
37.757175 963434.062500 62 80 86 0.419532 0.488171 0.545516 0.971569 0.874073 0.753138 0.697748 0.636245 0.552044 0.146344 0.021067 -0.121117 -0.395638 -0.475070 -0.597911 -0.738175 -0.816957 -0.914172 -0.958105 0.944624 0.837512 0.728765 0.694399 0.635763 0.550801 0.163992 0.003916 -0.150280 -0.325764 -0.493497 -0.642591 -0.758504 -0.819488 -0.924797 -0.970378 
52.765739 6063602.500000 62 52 54 0.372720 0.786273 0.914520 0.988046 0.968717 0.931884 0.874168 0.754611 0.725240 0.396498 0.036876 -0.062780 -0.355034 -0.448120 -0.523803 -0.664370 -0.749948 -0.840937 -0.938118 0.989150 0.967606 0.928196 0.805998 0.721552 0.674707 0.408596 0.028272 -0.077346 -0.347574 -0.454768 -0.552089 -0.727033 -0.794179 -0.863521 -0.959407 
57.136063 14253285.000000 54 56 58 0.945376 0.916911 0.947081 0.982065 0.960267 0.926305 0.836341 0.753012 0.708439 0.396528 0.113041 0.049265 -0.344794 -0.434272 -0.527254 -0.674358 -0.739518 -0.793599 -0.868564 0.985358 0.963394 0.927101 0.841117 0.749172 0.703312 0.536416 0.092834 -0.133068 -0.361256 -0.440404 -0.535249 -0.658286 -0.742103 -0.781595 -0.863434 
58.204578 17132548.000000 58 58 60 0.940496 0.965638 0.975628 0.975974 0.959162 0.928392 0.839662 0.739894 0.678764 0.346768 0.115825 0.053403 -0.290373 -0.356788 -0.483332 -0.648589 -0.733487 -0.774162 -0.865290 0.978364 0.959061 0.927246 0.838640 0.748041 0.695502 0.337647 0.111193 0.018536 -0.310745 -0.384544 -0.515834 -0.668899 -0.732477 -0.780205 -0.850047 
59.639549 25616512.000000 60 62 66 0.973059 0.971819 0.918228 0.975864 0.960470 0.930894 0.817514 0.748586 0.675761 0.245492 0.116820 -0.007670 -0.290012 -0.347009 -0.467772 -0.658773 -0.729711 -0.780008 -0.852855 0.976366 0.958697 0.929960 0.830527 0.738375 0.669572 0.240922 0.126610 0.012531 -0.298823 -0.358303 -0.451466 -0.654210 -0.718424 -0.783614 -0.843879 
60.627438 21955770.000000 64 68 72 0.920880 0.947543 0.850681 0.973849 0.962571 0.933651 0.803253 0.738959 0.660192 0.263645 0.156274 0.004231 -0.279835 -0.324217 -0.443597 -0.649830 -0.736572 -0.774621 -0.854932 0.974139 0.961299 0.932970 0.812493 0.741852 0.664281 0.236915 0.131257 -0.023073 -0.292120 -0.343108 -0.457206 -0.664449 -0.727974 -0.781478 -0.845074 
57.140396 13825847.000000 72 78 82 0.932291 0.873283 0.861108 0.976942 0.960873 0.930521 0.785377 0.714361 0.666291 0.290978 0.204111 -0.016521 -0.245007 -0.305238 -0.423197 -0.685110 -0.738425 -0.799633 -0.846400 0.975902 0.963316 0.930139 0.796023 0.723450 0.659144 0.275520 0.179065 -0.003942 -0.269486 -0.326347 -0.429765 -0.672056 -0.738707 -0.786386 -0.846028 
57.229073 10665773.000000 82 88 90 0.862586 0.824317 0.817221 0.973990 0.961213 0.941140 0.764699 0.680188 0.650392 0.326696 0.239203 0.037833 -0.257853 -0.294506 -0.422823 -0.667488 -0.762028 -0.799947 -0.856090 0.974739 0.959022 0.938182 0.770032 0.702352 0.655191 0.307138 0.223498 0.035659 -0.247614 -0.294102 -0.419492 -0.686210 -0.751344 -0.801650 -0.844901 
55.292477 8665992.000000 92 96 100 0.844243 0.721775 0.922521 0.979127 0.965374 0.939242 0.741508 0.644053 0.615055 0.346407 0.252158 0.043682 -0.229558 -0.316074 -0.410647 -0.679616 -0.771317 -0.822745 -0.864444 0.975076 0.963699 0.938489 0.753608 0.664327 0.633324 0.332944 0.240731 0.043845 -0.249430 -0.303888 -0.403171 -0.672040 -0.761906 -0.811720 -0.856528 
53.898548 7668530.500000 100 102 102 0.942618 0.958353 0.846261 0.979381 0.967996 0.941577 0.729431 0.610317 0.587672 0.351661 0.252918 0.089780 -0.219183 -0.360513 -0.424477 -0.637954 -0.755579 -0.848653 -0.869170 0.979483 0.966267 0.937275 0.727864 0.624438 0.599773 0.353324 0.263613 0.088717 -0.218112 -0.330790 -0.410048 -0.670110 -0.764346 -0.832805 -0.860758 
54.587349 4330914.500000 104 104 106 0.817665 0.871999 0.817301 0.980327 0.972547 0.953272 0.732968 0.592193 0.565471 0.354284 0.246594 0.102468 -0.204674 -0.370812 -0.427801 -0.591114 -0.755869 -0.850485 -0.876963 0.977868 0.969319 0.950008 0.749939 0.607262 0.582272 0.347070 0.243402 0.069973 -0.206451 -0.367492 -0.425244 -0.618400 -0.763332 -0.857104 -0.875875 
46.589493 233020.093750 106 122 104 0.774858 0.504860 0.624888 0.989296 0.972804 0.944198 0.788154 0.631351 0.573107 0.401462 0.261486 0.141380 -0.241763 -0.369982 -0.454308 -0.657010 -0.792964 -0.854440 -0.946392 0.985979 0.975884 0.956838 0.760012 0.600353 0.576393 0.343270 0.247158 0.130663 -0.264426 -0.405311 -0.463486 -0.605453 -0.753631 -0.834859 -0.904115 
37.260101 60686.132812 106 118 102 0.629014 0.677627 0.290174 0.988896 0.972939 0.952921 0.780008 0.657545 0.596106 0.468875 0.294105 0.208768 -0.256801 -0.369015 -0.445676 -0.592336 -0.790996 -0.888738 -0.960213 0.990200 0.974374 0.946274 0.776155 0.671286 0.589094 0.422996 0.281285 0.176701 -0.197192 -0.352189 -0.459131 -0.607471 -0.795673 -0.865472 -0.960825 
32.429543 22027.046875 102 104 80 0.333326 0.468513 0.565601 0.992657 0.974712 0.932177 0.766050 0.607583 0.566068 0.441534 0.260183 0.088662 -0.253547 -0.388777 -0.469716 -0.701205 -0.845249 -0.905388 -0.973103 0.990222 0.977156 0.948381 0.794937 0.652701 0.580914 0.522776 0.314214 0.163942 -0.198310 -0.397433 -0.467789 -0.668475 -0.831526 -0.894783 -0.970686 
26.218307 10321.231445 82 82 154 0.610638 0.515371 0.699987 0.991667 0.973348 0.946034 0.785595 0.650631 0.587832 0.441451 0.272339 0.061287 -0.230034 -0.356116 -0.542441 -0.697500 -0.801475 -0.921720 -0.971467 0.993029 0.967559 0.944123 0.785104 0.642057 0.585785 0.483270 0.267951 0.073357 -0.255099 -0.372489 -0.494100 -0.734100 -0.816581 -0.917009 -0.975008 
25.273399 11822.017578 76 82 86 0.539953 0.695761 0.596124 0.988343 0.965097 0.939467 0.806301 0.683044 0.583646 0.388056 0.230710 0.098449 -0.249600 -0.363206 -0.535096 -0.678358 -0.794200 -0.902452 -0.977844 0.994901 0.976081 0.936814 0.808465 0.672861 0.589768 0.385401 0.222610 0.000298 -0.191168 -0.380327 -0.507620 -0.660964 -0.849889 -0.917163 -0.975489 
28.684265 8799.316406 86 68 68 0.517813 0.733122 0.625527 0.995635 0.984638 0.948508 0.853572 0.674841 0.596119 0.302828 0.219208 -0.016922 -0.186293 -0.389583 -0.545548 -0.696012 -0.822889 -0.915960 -0.973279 0.994392 0.981969 0.945713 0.841193 0.688660 0.547387 0.332270 0.225390 -0.070934 -0.235265 -0.379322 -0.535453 -0.712696 -0.822529 -0.912578 -0.973650 
25.362652 7290.000977 78 76 80 0.601680 0.735659 0.408847 0.991956 0.973351 0.919387 0.792854 0.685801 0.548528 0.370230 0.211759 0.028446 -0.226223 -0.369431 -0.581206 -0.743019 -0.848295 -0.930681 -0.976183 0.994523 0.981887 0.942059 0.843084 0.702952 0.591897 0.346510 0.221666 0.034044 -0.173795 -0.424803 -0.543454 -0.727162 -0.840689 -0.902126 -0.976281 
19.716854 5231.607910 80 62 56 0.591413 0.582352 0.538247 0.988741 0.969152 0.908746 0.801100 0.654970 0.551884 0.365511 0.170020 -0.029256 -0.265870 -0.402977 -0.579657 -0.714201 -0.834727 -0.926870 -0.974820 0.989589 0.971435 0.929352 0.820359 0.665654 0.576810 0.401346 0.156293 -0.047466 -0.196939 -0.358498 -0.549684 -0.704181 -0.843156 -0.923044 -0.980588 
15.222736 6153.319336 56 80 32 0.558116 0.395066 0.997896 0.971179 0.948815 0.890596 0.792919 0.624585 0.479970 0.126191 -0.034481 -0.219448 -0.337035 -0.461724 -0.593950 -0.718662 -0.819402 -0.901757 -0.961189 0.984526 0.962358 0.900809 0.790212 0.650654 0.510752 0.288972 0.049442 -0.171744 -0.319159 -0.430728 -0.579543 -0.711864 -0.820189 -0.905085 -0.969308 
