38.168091 4555.746582 20 64 64 0.000000 0.875436 0.814100 0.994850 0.990821 0.978252 0.950195 0.730949 0.582323 0.383668 0.190631 -0.013796 -0.208788 -0.401379 -0.535811 -0.702773 -0.841052 -0.920659 -0.980355 0.995210 0.986983 0.919409 0.819686 0.680456 0.532620 0.353869 0.146061 -0.005985 -0.211352 -0.416853 -0.580374 -0.720259 -0.839854 -0.934259 -0.976974 
52.499615 8824420.000000 64 64 70 0.893309 0.817578 0.788714 0.986054 0.969920 0.946673 0.822440 0.559920 0.512795 0.333780 0.167326 0.063739 -0.095213 -0.380812 -0.471264 -0.570568 -0.664743 -0.849305 -0.985924 0.994108 0.983988 0.972716 0.902685 0.565892 0.539167 0.236569 0.130216 -0.027752 -0.204471 -0.447960 -0.513163 -0.609104 -0.703772 -0.939383 -0.988302 
57.685249 20068550.000000 70 70 70 0.634455 0.953090 0.982390 0.978303 0.955260 0.933893 0.842291 0.569878 0.493876 0.379963 0.223208 0.061244 -0.029937 -0.270525 -0.418875 -0.579009 -0.664341 -0.729197 -0.901465 0.980448 0.959922 0.940413 0.847587 0.569119 0.499344 0.378944 0.205175 0.064616 -0.039706 -0.298216 -0.432882 -0.550824 -0.675259 -0.744348 -0.936132 
58.503994 36450868.000000 70 70 70 0.992600 0.993538 0.967654 0.977843 0.943851 0.925764 0.819994 0.566986 0.481015 0.378239 0.230463 0.057760 -0.062269 -0.256871 -0.421295 -0.598473 -0.676362 -0.756821 -0.880460 0.978467 0.949315 0.929358 0.834789 0.565678 0.487242 0.376804 0.226728 0.062926 -0.032818 -0.231799 -0.415264 -0.583418 -0.659739 -0.733526 -0.888307 
58.075523 45362528.000000 70 70 72 0.975294 0.945149 0.969512 0.976010 0.940961 0.916953 0.811349 0.564100 0.485941 0.360619 0.222320 0.070986 -0.064543 -0.287203 -0.413454 -0.628470 -0.706639 -0.797696 -0.862805 0.976981 0.941016 0.921369 0.814734 0.559734 0.481257 0.366335 0.219799 0.052975 -0.069932 -0.284438 -0.399835 -0.628795 -0.697419 -0.785163 -0.845062 
56.281933 37483896.000000 72 72 70 0.961446 0.959697 0.924868 0.977193 0.941352 0.910065 0.780582 0.567702 0.502360 0.364505 0.237739 0.077562 -0.082700 -0.294173 -0.396906 -0.611837 -0.710074 -0.824427 -0.867179 0.976897 0.942483 0.914571 0.812087 0.571598 0.500002 0.371333 0.246883 0.081401 -0.065999 -0.299408 -0.392861 -0.615136 -0.711316 -0.821644 -0.865598 
56.189575 46321552.000000 72 72 72 0.950908 0.955023 0.926137 0.974649 0.941155 0.894539 0.755806 0.573202 0.513475 0.372379 0.232079 0.111578 -0.103200 -0.289630 -0.414398 -0.605689 -0.670330 -0.862113 -0.889089 0.975913 0.940883 0.903136 0.763028 0.567339 0.505328 0.360494 0.224998 0.100666 -0.096500 -0.290837 -0.410580 -0.600496 -0.676146 -0.844145 -0.874702 
55.530819 43241160.000000 72 72 72 0.938471 0.943870 0.940613 0.976425 0.934391 0.874981 0.758771 0.596111 0.549077 0.365721 0.225676 0.120623 -0.130016 -0.299674 -0.423879 -0.610189 -0.701601 -0.872936 -0.892995 0.975038 0.938474 0.882518 0.750242 0.580292 0.523566 0.360340 0.229209 0.104466 -0.118346 -0.299572 -0.421089 -0.606645 -0.679644 -0.867136 -0.892087 
55.102669 35644268.000000 72 72 72 0.943247 0.922437 0.961152 0.978062 0.931131 0.864649 0.755313 0.640063 0.588608 0.364722 0.230790 0.136717 -0.143056 -0.276900 -0.427873 -0.613045 -0.688465 -0.873869 -0.896781 0.977569 0.932026 0.867175 0.758392 0.614429 0.564691 0.361175 0.221924 0.125744 -0.149197 -0.297031 -0.429758 -0.621183 -0.718559 -0.878837 -0.898361 
54.932846 22474394.000000 72 72 72 0.958878 0.968841 0.973169 0.976524 0.937768 0.866363 0.782099 0.694515 0.635685 0.384199 0.228816 0.131325 -0.141370 -0.242133 -0.440047 -0.620597 -0.750300 -0.876259 -0.893782 0.977717 0.934181 0.863687 0.771255 0.663175 0.618814 0.369753 0.226081 0.139015 -0.150189 -0.255886 -0.448978 -0.618154 -0.709775 -0.881060 -0.899920 
55.491505 19075504.000000 72 72 72 0.970483 0.967466 0.967506 0.969885 0.941444 0.887988 0.809943 0.753653 0.637168 0.339671 0.189775 0.078299 -0.152845 -0.211383 -0.498885 -0.635804 -0.784035 -0.874551 -0.893468 0.973399 0.939576 0.874398 0.796242 0.724531 0.641800 0.352167 0.209030 0.086839 -0.146222 -0.227404 -0.491660 -0.633958 -0.775985 -0.876555 -0.894893 
56.485580 6205190.500000 72 72 74 0.980766 0.950866 0.940116 0.969612 0.947426 0.916915 0.851550 0.777098 0.636366 0.475677 0.221832 0.065037 -0.087313 -0.187992 -0.375373 -0.627581 -0.820526 -0.865124 -0.901806 0.967874 0.943568 0.902777 0.832405 0.766702 0.632425 0.428979 0.208979 0.070219 -0.122414 -0.197581 -0.421920 -0.625309 -0.799217 -0.871287 -0.891876 
55.909061 2022349.000000 74 72 74 0.942683 0.896416 0.934460 0.979007 0.963442 0.937096 0.890823 0.747650 0.634389 0.457372 0.284466 0.046436 -0.102292 -0.211702 -0.334948 -0.599566 -0.804616 -0.864390 -0.950891 0.974322 0.952840 0.927798 0.872752 0.770879 0.627245 0.449418 0.244267 0.073017 -0.077790 -0.181149 -0.375147 -0.611632 -0.812346 -0.850660 -0.919798 
54.289757 572701.500000 72 76 76 0.917200 0.902446 0.775902 0.983749 0.971964 0.946093 0.887759 0.763826 0.628383 0.504549 0.315898 0.170289 -0.058879 -0.218776 -0.317816 -0.630225 -0.797820 -0.891893 -0.968930 0.981733 0.969247 0.947009 0.902996 0.744209 0.645566 0.449416 0.294084 0.085531 -0.087319 -0.222875 -0.309983 -0.587394 -0.822838 -0.867712 -0.961767 
48.419987 219963.156250 76 76 80 0.744473 0.746110 0.633575 0.986572 0.971862 0.928734 0.859083 0.768395 0.636849 0.538558 0.329585 0.192395 -0.049332 -0.158928 -0.316527 -0.612670 -0.777089 -0.897273 -0.964659 0.984693 0.972240 0.928161 0.870578 0.811451 0.611946 0.506308 0.339876 0.199242 -0.015828 -0.206068 -0.373192 -0.652342 -0.784296 -0.895727 -0.974647 
43.535786 116627.625000 80 80 82 0.574741 0.683039 0.684181 0.988112 0.976582 0.932472 0.871129 0.715596 0.640767 0.548416 0.258511 0.179131 0.047674 -0.229828 -0.468918 -0.611799 -0.786243 -0.886392 -0.967559 0.989015 0.973570 0.928902 0.852430 0.734348 0.646822 0.573937 0.312595 0.199028 -0.042528 -0.171563 -0.389637 -0.625065 -0.784269 -0.899470 -0.961614 
52.640156 316303.281250 80 78 76 0.745853 0.819878 0.865347 0.984336 0.975950 0.950638 0.909521 0.830039 0.650263 0.538835 0.272878 0.162247 -0.038499 -0.316257 -0.431276 -0.645901 -0.802789 -0.911916 -0.976179 0.986033 0.975407 0.941395 0.907647 0.810733 0.625237 0.531794 0.333531 0.178254 0.033005 -0.308998 -0.456580 -0.651635 -0.814533 -0.894885 -0.962819 
58.385830 1623373.375000 78 76 76 0.883316 0.919760 0.945723 0.982182 0.971404 0.955754 0.849741 0.768360 0.716678 0.483635 0.288531 0.195320 -0.117948 -0.284278 -0.344225 -0.565520 -0.748853 -0.900355 -0.973299 0.983810 0.973660 0.954660 0.867304 0.818686 0.716552 0.506127 0.250453 0.180035 -0.088140 -0.294158 -0.342399 -0.601812 -0.772200 -0.905600 -0.971866 
60.097626 3327060.000000 76 76 76 0.963476 0.987785 0.979028 0.981633 0.970513 0.959122 0.841883 0.645861 0.615722 0.437072 0.287158 0.200299 -0.025220 -0.281250 -0.330010 -0.520346 -0.711300 -0.859189 -0.971220 0.981626 0.970532 0.959149 0.849369 0.688116 0.651891 0.465738 0.292906 0.216827 -0.025608 -0.282402 -0.342997 -0.580386 -0.758366 -0.897295 -0.974233 
56.533188 724083.250000 76 76 96 0.983703 0.842717 0.498126 0.983976 0.971939 0.956551 0.851314 0.680121 0.621215 0.437023 0.271622 0.178201 -0.137998 -0.291878 -0.348021 -0.603856 -0.745441 -0.864076 -0.970062 0.982094 0.971511 0.957470 0.834514 0.647942 0.615096 0.429607 0.277020 0.189987 -0.088059 -0.279639 -0.336455 -0.553674 -0.719830 -0.844283 -0.969705 
36.964279 65999.335938 96 76 76 0.636465 0.760698 0.703943 0.978887 0.968382 0.904522 0.810125 0.699177 0.627392 0.564547 0.299844 0.184664 -0.148870 -0.313940 -0.383016 -0.650813 -0.798171 -0.896084 -0.968160 0.985978 0.972197 0.924352 0.817812 0.671004 0.612503 0.552676 0.294255 0.164400 -0.140251 -0.314942 -0.412678 -0.635655 -0.780458 -0.905161 -0.974185 
32.892555 40299.367188 76 74 150 0.679755 0.678112 0.520349 0.981126 0.959678 0.894700 0.813948 0.708213 0.619741 0.523682 0.304774 0.219615 -0.143417 -0.368020 -0.462604 -0.689773 -0.793688 -0.909735 -0.971949 0.978926 0.961549 0.912835 0.829118 0.700245 0.630791 0.548703 0.360505 0.239032 -0.147866 -0.311758 -0.393158 -0.664051 -0.781655 -0.908971 -0.965339 
28.878347 20475.861328 40 74 74 0.541218 0.534660 0.423537 0.982501 0.969919 0.898541 0.798461 0.692298 0.636233 0.501981 0.319107 0.232088 -0.148384 -0.323250 -0.530993 -0.675884 -0.812009 -0.912998 -0.973631 0.984527 0.968327 0.880119 0.810074 0.677230 0.621626 0.473899 0.281401 0.198596 -0.136639 -0.380012 -0.484685 -0.662511 -0.815317 -0.911809 -0.974867 
51.794300 11163800.000000 76 108 66 0.425304 0.552169 0.501276 0.977612 0.954324 0.930462 0.826119 0.739742 0.622026 0.302369 0.169000 -0.029945 -0.207556 -0.304272 -0.542777 -0.735410 -0.835173 -0.888596 -0.955741 0.970445 0.960961 0.870422 0.715703 0.638184 0.500020 0.250543 0.061292 -0.100196 -0.273961 -0.444515 -0.604766 -0.746645 -0.854967 -0.911047 -0.969094 
60.844990 53422164.000000 60 70 70 0.928091 0.951896 0.914935 0.963875 0.939401 0.912826 0.789883 0.741333 0.633287 0.296543 0.196395 0.043278 -0.171154 -0.235192 -0.388188 -0.718596 -0.806835 -0.878853 -0.899819 0.967912 0.947680 0.919138 0.813880 0.746772 0.640567 0.289598 0.193667 0.049270 -0.176635 -0.240559 -0.417371 -0.736342 -0.810846 -0.868951 -0.891772 
59.964699 49847364.000000 70 70 70 0.919958 0.974585 0.930349 0.961850 0.936962 0.905120 0.794588 0.742547 0.620534 0.280268 0.158455 0.033922 -0.150386 -0.244642 -0.387899 -0.706716 -0.797031 -0.885460 -0.905765 0.962450 0.938208 0.904818 0.788066 0.735456 0.608592 0.286864 0.179615 0.041980 -0.169721 -0.245354 -0.417530 -0.721115 -0.802212 -0.881917 -0.901851 
58.335781 30273370.000000 70 68 66 0.919494 0.985995 0.909641 0.969420 0.942983 0.903389 0.819284 0.766633 0.635869 0.257461 0.128727 0.000583 -0.171517 -0.248499 -0.396018 -0.712868 -0.798299 -0.884793 -0.901075 0.964889 0.937757 0.903038 0.815858 0.752370 0.628222 0.254186 0.133608 0.009463 -0.167850 -0.248667 -0.395905 -0.699789 -0.788494 -0.883576 -0.903761 
52.661057 977282.812500 66 60 70 0.940642 0.416749 0.327085 0.976813 0.953374 0.916613 0.805081 0.740398 0.672870 0.331779 0.154331 0.046373 -0.157142 -0.229406 -0.454211 -0.693865 -0.798998 -0.883553 -0.905666 0.973205 0.951187 0.922610 0.834263 0.767375 0.647520 0.264865 0.126715 0.013185 -0.162589 -0.234331 -0.371704 -0.686779 -0.797383 -0.884741 -0.900408 
39.508644 348940.531250 52 68 70 0.490664 0.515573 0.677950 0.960057 0.931425 0.883363 0.828141 0.773753 0.626574 0.311287 0.195098 0.096366 -0.143331 -0.233028 -0.487737 -0.712984 -0.811187 -0.878779 -0.921398 0.966025 0.937848 0.883777 0.793288 0.747060 0.649514 0.337214 0.180819 0.045150 -0.165103 -0.253431 -0.453844 -0.708543 -0.809470 -0.870777 -0.911031 
39.309181 154405.343750 70 70 68 0.684973 0.619858 0.678832 0.955448 0.934135 0.893733 0.835686 0.750972 0.714057 0.352724 0.152970 0.098261 -0.040736 -0.248747 -0.383452 -0.696246 -0.830994 -0.879831 -0.948213 0.953503 0.934434 0.895673 0.806890 0.750832 0.674022 0.424920 0.186625 0.086833 -0.110036 -0.247736 -0.406352 -0.727024 -0.836154 -0.875231 -0.934283 
37.973343 73360.671875 68 68 68 0.668478 0.642027 0.781986 0.963025 0.954437 0.901611 0.836163 0.765735 0.708824 0.354846 0.185343 0.105517 -0.127411 -0.191006 -0.409683 -0.678138 -0.831874 -0.881617 -0.961007 0.957259 0.940682 0.891791 0.830167 0.755119 0.718667 0.360213 0.185071 0.099401 -0.105165 -0.195462 -0.352473 -0.704186 -0.845069 -0.884338 -0.966527 
31.992779 32477.488281 68 22 52 0.757701 0.566130 0.635794 0.960750 0.939994 0.881701 0.831004 0.752570 0.720912 0.322360 0.175842 0.016663 -0.135331 -0.240876 -0.500234 -0.704369 -0.818689 -0.902001 -0.968909 0.959811 0.950381 0.869599 0.836336 0.775440 0.665926 0.301952 0.159249 0.084473 -0.121935 -0.205918 -0.494147 -0.663458 -0.813161 -0.900123 -0.954086 
29.825171 20177.470703 26 158 68 0.491748 0.471665 0.678910 0.958140 0.938230 0.882967 0.838172 0.762635 0.725763 0.471733 0.215650 0.040563 -0.150135 -0.337725 -0.530913 -0.689218 -0.843093 -0.907351 -0.965667 0.962524 0.939268 0.892273 0.822926 0.750726 0.711594 0.370242 0.178272 0.056349 -0.169698 -0.288761 -0.551459 -0.739722 -0.848516 -0.901686 -0.969197 
27.974407 16576.378906 68 68 106 0.605457 0.609261 0.428788 0.961093 0.922560 0.866944 0.830352 0.749042 0.709260 0.342082 0.165631 0.010177 -0.182176 -0.345872 -0.569328 -0.710380 -0.813487 -0.912613 -0.974261 0.960569 0.925784 0.873991 0.836316 0.762746 0.714748 0.419326 0.203971 -0.010829 -0.221268 -0.353506 -0.554747 -0.712071 -0.817459 -0.902966 -0.974009 
36.285519 5117428.000000 36 138 34 0.545977 0.491410 0.763171 0.976630 0.921414 0.807004 0.693125 0.561856 0.453035 0.220826 0.048275 -0.081673 -0.265987 -0.479201 -0.589600 -0.707269 -0.830762 -0.934024 -0.967801 0.947701 0.880224 0.782454 0.689526 0.564236 0.336314 0.172605 -0.005932 -0.146224 -0.302900 -0.489919 -0.621789 -0.738467 -0.834897 -0.928342 -0.977996 
59.640518 46113640.000000 54 48 50 0.251652 0.861497 0.935921 0.975151 0.965797 0.939723 0.733425 0.628378 0.600508 0.360691 0.114631 0.031768 -0.146685 -0.353803 -0.490721 -0.549195 -0.727132 -0.777184 -0.954888 0.983335 0.969599 0.930686 0.756336 0.629424 0.578285 0.292656 0.103442 0.013247 -0.198870 -0.419323 -0.516418 -0.625716 -0.769442 -0.920601 -0.959275 
60.065865 3290954.750000 48 50 54 0.956436 0.511077 0.956729 0.988399 0.973252 0.945109 0.762003 0.655392 0.627556 0.399873 0.159803 0.084485 -0.176805 -0.325926 -0.432998 -0.541569 -0.722621 -0.794356 -0.921191 0.975070 0.967584 0.936078 0.736510 0.643596 0.618981 0.410657 0.132854 0.061087 -0.141039 -0.336680 -0.453305 -0.524614 -0.704328 -0.772685 -0.907971 
49.773468 502524.468750 54 56 56 0.923794 0.886339 0.935869 0.993586 0.984425 0.948508 0.835388 0.654037 0.620437 0.501946 0.194316 0.081171 -0.155890 -0.394290 -0.467106 -0.558841 -0.712297 -0.816055 -0.955587 0.993464 0.987684 0.945152 0.788379 0.637544 0.614533 0.445075 0.189745 0.081137 -0.174561 -0.394653 -0.454289 -0.579276 -0.715969 -0.804111 -0.962727 
47.213867 248295.625000 56 60 60 0.884593 0.799406 0.686920 0.993864 0.985022 0.944674 0.845669 0.658280 0.622228 0.489581 0.208447 0.072115 -0.112293 -0.424351 -0.473611 -0.561511 -0.725207 -0.843754 -0.968604 0.993793 0.986981 0.943684 0.846453 0.637181 0.609179 0.486703 0.213866 0.077261 -0.084253 -0.405757 -0.459518 -0.563393 -0.713208 -0.855348 -0.963723 
42.575306 105666.765625 60 70 120 0.824030 0.594455 0.792835 0.991921 0.974727 0.949802 0.831504 0.649018 0.620643 0.495545 0.178208 0.095759 -0.120773 -0.360738 -0.437094 -0.544298 -0.733996 -0.887989 -0.961015 0.993418 0.980690 0.954650 0.849241 0.648940 0.608870 0.473734 0.204032 0.073093 -0.134204 -0.366142 -0.463732 -0.527716 -0.686636 -0.865196 -0.965130 
31.630590 35399.664062 72 122 70 0.705275 0.638164 0.587198 0.985872 0.967245 0.947753 0.764698 0.650937 0.604836 0.514094 0.117633 0.038466 -0.157386 -0.398527 -0.434135 -0.595985 -0.768782 -0.899008 -0.971425 0.990147 0.971935 0.933425 0.789266 0.649526 0.605561 0.474066 0.147850 0.046877 -0.169534 -0.374553 -0.435364 -0.581509 -0.750866 -0.892839 -0.961941 
29.973440 276350.375000 118 114 38 0.751817 0.706817 0.610627 0.981048 0.964061 0.931895 0.726225 0.633029 0.563279 0.213991 0.030950 -0.097470 -0.336269 -0.484755 -0.633077 -0.759789 -0.864488 -0.919384 -0.975318 0.987869 0.968507 0.944171 0.749694 0.651265 0.613312 0.540855 0.136123 0.052441 -0.186474 -0.404162 -0.451145 -0.602123 -0.801376 -0.910713 -0.980718 
60.317234 125623608.000000 48 48 50 0.919145 0.740399 0.839127 0.968132 0.955625 0.910596 0.732816 0.621568 0.583849 0.316566 0.177790 0.077031 -0.167922 -0.355446 -0.439247 -0.605436 -0.740242 -0.830494 -0.903682 0.976136 0.961834 0.919024 0.708782 0.638144 0.553577 0.299585 0.162234 -0.023813 -0.268065 -0.403195 -0.572214 -0.732130 -0.854660 -0.905182 -0.964872 
63.933357 278699776.000000 50 52 52 0.811640 0.896355 0.915492 0.948836 0.933464 0.904115 0.731961 0.601351 0.547853 0.312179 0.138904 0.035393 -0.165910 -0.360278 -0.468829 -0.616747 -0.745645 -0.819194 -0.891857 0.959390 0.934864 0.911146 0.722607 0.609645 0.544125 0.328534 0.153681 0.044861 -0.185898 -0.359052 -0.453485 -0.599128 -0.750956 -0.803949 -0.908100 
62.513496 247371824.000000 52 54 54 0.968311 0.972523 0.938577 0.955972 0.927862 0.890889 0.738740 0.609877 0.559865 0.305112 0.171607 0.038666 -0.163378 -0.352888 -0.480811 -0.628077 -0.741039 -0.821796 -0.869798 0.951878 0.932628 0.895193 0.745332 0.602483 0.557527 0.292983 0.161917 0.044258 -0.152966 -0.353094 -0.458553 -0.632718 -0.719742 -0.833166 -0.867977 
62.689682 252198128.000000 54 54 56 0.945060 0.903717 0.913986 0.956719 0.926923 0.883032 0.727072 0.620885 0.581036 0.336352 0.193778 0.028832 -0.160942 -0.330420 -0.486272 -0.629532 -0.731758 -0.828368 -0.873578 0.955903 0.926268 0.889171 0.747152 0.616697 0.573570 0.304470 0.180047 0.025322 -0.155918 -0.335554 -0.490314 -0.632351 -0.739410 -0.825520 -0.880933 
62.797668 277195808.000000 54 56 56 0.964046 0.966473 0.966245 0.955347 0.923204 0.870758 0.729899 0.629629 0.571910 0.340193 0.177031 0.014624 -0.153470 -0.329921 -0.479370 -0.619162 -0.726659 -0.843556 -0.871270 0.955017 0.924906 0.872559 0.719447 0.623720 0.572853 0.335682 0.179798 0.017061 -0.157302 -0.337099 -0.479324 -0.618654 -0.725367 -0.837098 -0.867307 
62.270435 229317712.000000 56 56 54 0.979576 0.908756 0.964719 0.956849 0.928845 0.878616 0.743200 0.631145 0.578365 0.344328 0.187122 0.024932 -0.148243 -0.308204 -0.458707 -0.625752 -0.751111 -0.861131 -0.883953 0.958013 0.922137 0.873239 0.738026 0.631288 0.580102 0.339283 0.173616 0.014653 -0.152852 -0.326878 -0.481681 -0.624886 -0.734004 -0.849737 -0.874168 
61.829948 167064608.000000 54 54 52 0.965256 0.980009 0.953519 0.958231 0.937233 0.903287 0.749869 0.634939 0.571360 0.327067 0.157556 0.063785 -0.175605 -0.333532 -0.463847 -0.639877 -0.752114 -0.864607 -0.888597 0.956950 0.935223 0.888178 0.734799 0.626285 0.571653 0.315658 0.172106 0.043356 -0.162184 -0.318380 -0.470212 -0.631249 -0.740335 -0.858424 -0.884528 
62.501450 113759624.000000 52 52 52 0.945579 0.981208 0.970404 0.966889 0.935302 0.912999 0.788226 0.656078 0.584294 0.379724 0.163300 0.083590 -0.110913 -0.323842 -0.433300 -0.654078 -0.757755 -0.862153 -0.895554 0.961062 0.934902 0.906671 0.787206 0.637119 0.578506 0.369475 0.159328 0.057006 -0.163208 -0.341891 -0.460132 -0.664067 -0.760281 -0.868003 -0.890916 
59.869568 18319500.000000 52 50 52 0.941955 0.916026 0.834699 0.986595 0.946493 0.925915 0.863568 0.669268 0.621757 0.382819 0.215130 0.051920 -0.123756 -0.267573 -0.376540 -0.644022 -0.719456 -0.811383 -0.929007 0.978212 0.938215 0.918407 0.818269 0.671694 0.619571 0.435677 0.168366 0.082370 -0.107387 -0.302643 -0.405038 -0.666184 -0.738957 -0.839371 -0.924458 
48.435524 8129655.000000 50 56 54 0.923588 0.494960 0.775485 0.977261 0.906355 0.881915 0.757363 0.627268 0.501401 0.244959 0.099233 -0.038086 -0.209087 -0.319972 -0.537639 -0.673599 -0.823833 -0.870600 -0.969477 0.988600 0.949654 0.921712 0.827242 0.656642 0.601742 0.328526 0.164164 0.031200 -0.110369 -0.295004 -0.442960 -0.618499 -0.749691 -0.853807 -0.911580 
50.531631 6243541.000000 54 52 48 0.860391 0.840606 0.920148 0.988733 0.968477 0.926909 0.840468 0.647460 0.578667 0.380570 0.261394 0.051564 -0.098880 -0.281911 -0.503249 -0.616436 -0.771376 -0.863371 -0.965395 0.988375 0.940420 0.880878 0.768549 0.635061 0.537164 0.256181 0.149162 -0.057176 -0.191381 -0.337117 -0.514530 -0.675713 -0.810070 -0.872158 -0.976409 
58.313324 9084931.000000 48 46 46 0.887848 0.889319 0.962164 0.983864 0.964922 0.935521 0.781194 0.680514 0.629754 0.498864 0.378589 0.123889 -0.043128 -0.111815 -0.342594 -0.602543 -0.716641 -0.804864 -0.953345 0.987174 0.967068 0.936076 0.846843 0.682224 0.628870 0.419320 0.348893 0.119915 -0.036537 -0.163248 -0.404913 -0.612243 -0.748907 -0.825863 -0.948826 
60.298683 9609747.000000 46 48 48 0.965964 0.909910 0.927566 0.976989 0.962835 0.926237 0.759655 0.702691 0.632779 0.583285 0.431310 0.043869 -0.045789 -0.128302 -0.428244 -0.618510 -0.647367 -0.869582 -0.968988 0.980568 0.964003 0.933846 0.753725 0.688445 0.636389 0.547181 0.391860 0.094625 -0.046425 -0.096877 -0.326730 -0.627373 -0.703443 -0.837153 -0.965967 
60.492878 6931003.000000 48 50 50 0.939477 0.975055 0.965881 0.972863 0.963840 0.912756 0.756383 0.723216 0.646875 0.610033 0.428066 0.055087 -0.060927 -0.120078 -0.404100 -0.635110 -0.658937 -0.868984 -0.968615 0.974931 0.964415 0.919739 0.751069 0.710425 0.634823 0.601311 0.416961 0.070310 -0.061292 -0.126143 -0.408704 -0.624262 -0.663407 -0.868690 -0.970113 
59.350853 4493331.500000 50 50 50 0.975340 0.976180 0.969940 0.979449 0.966122 0.930908 0.804406 0.741198 0.681531 0.603370 0.430974 0.063837 -0.079498 -0.159792 -0.506026 -0.632123 -0.659986 -0.838565 -0.968479 0.975181 0.964671 0.917540 0.766318 0.733863 0.673156 0.607116 0.409626 0.051577 -0.065499 -0.140296 -0.489287 -0.635367 -0.667321 -0.845546 -0.966418 
57.230965 1552490.125000 50 50 52 0.972457 0.956963 0.944249 0.984938 0.969730 0.940351 0.853899 0.770480 0.654696 0.571968 0.439545 0.090509 -0.130223 -0.186143 -0.475518 -0.633529 -0.675082 -0.858795 -0.967525 0.981616 0.967260 0.933117 0.830628 0.774863 0.665260 0.608542 0.412330 0.099762 -0.118137 -0.190607 -0.503641 -0.635838 -0.663657 -0.838148 -0.965126 
52.241001 320508.187500 52 52 54 0.946658 0.829494 0.812149 0.989423 0.976423 0.948261 0.867167 0.741469 0.692108 0.570394 0.467489 0.074459 -0.058488 -0.222522 -0.506891 -0.645043 -0.745137 -0.884307 -0.969852 0.988581 0.973280 0.944965 0.880508 0.743498 0.654306 0.574518 0.438410 0.071290 -0.080817 -0.241889 -0.468236 -0.641337 -0.715273 -0.867241 -0.971825 
49.911469 178156.562500 54 58 60 0.846574 0.861510 0.832275 0.990344 0.979610 0.944283 0.857558 0.762385 0.693181 0.568140 0.492621 0.217745 -0.073298 -0.224013 -0.464490 -0.649592 -0.789618 -0.907702 -0.976476 0.989982 0.977393 0.952097 0.858732 0.754429 0.678917 0.588950 0.490439 0.115769 -0.055227 -0.237504 -0.475492 -0.657355 -0.758250 -0.906805 -0.968913 
50.004025 147522.859375 60 58 60 0.823540 0.841269 0.941661 0.989506 0.977335 0.957727 0.878294 0.763028 0.705261 0.615611 0.487133 0.108984 -0.067230 -0.304637 -0.505354 -0.660537 -0.803438 -0.922315 -0.973224 0.989038 0.975721 0.954163 0.870893 0.784763 0.700500 0.577801 0.452728 0.166622 -0.087522 -0.281069 -0.462979 -0.663680 -0.788881 -0.915693 -0.972453 
53.427536 310602.718750 58 58 52 0.887032 0.955469 0.870290 0.987939 0.975572 0.959055 0.892512 0.784523 0.717373 0.628872 0.411268 0.104559 -0.155319 -0.321815 -0.509254 -0.655665 -0.803584 -0.907933 -0.975292 0.990063 0.978404 0.963366 0.905808 0.757568 0.709409 0.602266 0.436458 0.123597 -0.099852 -0.297633 -0.515973 -0.665498 -0.804562 -0.915312 -0.976505 
58.014683 12710488.000000 54 52 52 0.887611 0.959442 0.935862 0.984638 0.971297 0.947944 0.756948 0.685438 0.634415 0.363710 0.255800 0.049977 -0.177060 -0.234772 -0.512242 -0.618555 -0.683575 -0.797136 -0.936656 0.986867 0.971996 0.952345 0.842655 0.742394 0.697277 0.397258 0.279924 0.065858 -0.198218 -0.269685 -0.530704 -0.598363 -0.736061 -0.842870 -0.957754 
59.166359 39576312.000000 52 54 58 0.942059 0.984854 0.964745 0.982536 0.972438 0.941819 0.695252 0.606441 0.529501 0.270061 0.177833 0.020481 -0.209385 -0.307558 -0.448550 -0.668938 -0.743123 -0.791160 -0.832507 0.983439 0.971386 0.946216 0.703290 0.640416 0.549556 0.327701 0.224583 0.034461 -0.190784 -0.261924 -0.485284 -0.623784 -0.721529 -0.771446 -0.868327 
58.080181 17675774.000000 58 60 64 0.957583 0.936650 0.789653 0.982330 0.976336 0.932862 0.700992 0.620505 0.581805 0.266262 0.155968 0.044515 -0.220767 -0.363413 -0.439145 -0.648546 -0.761159 -0.811396 -0.855868 0.981227 0.974293 0.933414 0.687754 0.607728 0.537780 0.256514 0.157527 0.025323 -0.225575 -0.349868 -0.444702 -0.669355 -0.759545 -0.800795 -0.839386 
46.035648 599385.000000 64 68 62 0.819376 0.800146 0.490274 0.993076 0.983313 0.903127 0.700613 0.626048 0.555647 0.372769 0.177437 0.115667 -0.275589 -0.360221 -0.463161 -0.666830 -0.759984 -0.801815 -0.917901 0.986737 0.977573 0.938125 0.728102 0.642537 0.595792 0.357109 0.176474 0.065157 -0.211751 -0.351783 -0.446665 -0.624439 -0.765330 -0.801819 -0.883277 
36.195309 839828.125000 62 74 60 0.504428 0.683581 0.542777 0.977644 0.966211 0.874825 0.689811 0.627823 0.508684 0.278045 0.178085 0.017002 -0.240897 -0.377061 -0.522613 -0.738301 -0.821341 -0.901903 -0.947377 0.987766 0.970424 0.918637 0.702920 0.635525 0.541697 0.343360 0.196517 0.141753 -0.225447 -0.339722 -0.503067 -0.688092 -0.761271 -0.820297 -0.916533 
53.828506 13930340.000000 58 44 56 0.553858 0.661138 0.952149 0.981183 0.970849 0.932992 0.753329 0.688859 0.618464 0.284917 0.180553 0.057943 -0.227220 -0.298662 -0.447909 -0.643023 -0.738434 -0.772874 -0.858972 0.984588 0.972789 0.925779 0.747984 0.632340 0.510908 0.287762 0.162588 -0.011990 -0.231452 -0.373140 -0.512308 -0.746165 -0.837531 -0.896098 -0.954888 
60.339676 18395372.000000 56 56 54 0.949430 0.985483 0.968813 0.977932 0.970269 0.930819 0.806411 0.745760 0.622324 0.274634 0.198080 0.012617 -0.200656 -0.267525 -0.505064 -0.658507 -0.724071 -0.754883 -0.871458 0.978298 0.969003 0.929536 0.765662 0.708468 0.634001 0.276178 0.206108 0.023211 -0.208941 -0.275147 -0.462649 -0.655869 -0.722325 -0.761856 -0.834966 
59.697586 3660984.500000 54 52 50 0.950480 0.954490 0.950604 0.982063 0.970510 0.947420 0.880571 0.805936 0.606017 0.329600 0.215169 -0.010177 -0.185259 -0.263717 -0.538650 -0.628147 -0.704579 -0.754522 -0.947786 0.978119 0.970523 0.940486 0.851092 0.782655 0.609800 0.318457 0.188979 0.010112 -0.188438 -0.257221 -0.507898 -0.638049 -0.708602 -0.758125 -0.911995 
54.224808 1116759.500000 50 50 50 0.934362 0.961086 0.893517 0.987787 0.972788 0.940238 0.915191 0.745849 0.665337 0.404665 0.192953 0.070300 -0.205501 -0.366395 -0.538616 -0.608752 -0.717309 -0.795565 -0.963138 0.986834 0.971967 0.943730 0.911198 0.774152 0.628698 0.383132 0.183428 0.011545 -0.197107 -0.279830 -0.531662 -0.587148 -0.698061 -0.762173 -0.954356 
49.419380 239531.234375 50 50 52 0.929059 0.909064 0.952767 0.992701 0.986183 0.941819 0.892856 0.759825 0.683826 0.370960 0.219832 0.107063 -0.192838 -0.328430 -0.517926 -0.665640 -0.731288 -0.847170 -0.967299 0.991286 0.978356 0.938309 0.902319 0.763319 0.694753 0.402419 0.207524 0.058472 -0.197277 -0.322488 -0.512148 -0.643681 -0.719572 -0.803930 -0.952705 
49.422905 81171.789062 52 52 54 0.950068 0.935168 0.943235 0.993255 0.989093 0.950184 0.893617 0.797783 0.694281 0.494628 0.261364 0.065929 -0.211516 -0.313507 -0.528683 -0.678065 -0.771425 -0.909829 -0.975682 0.992871 0.987587 0.950980 0.903710 0.738065 0.672902 0.463272 0.243035 0.109592 -0.194017 -0.317248 -0.531540 -0.679067 -0.742774 -0.880116 -0.975214 
51.384377 1122131.000000 54 54 54 0.933045 0.868537 0.969267 0.990449 0.973576 0.939402 0.900965 0.768631 0.669060 0.497580 0.268883 0.020587 -0.150862 -0.435068 -0.554829 -0.706668 -0.814212 -0.918549 -0.966271 0.992945 0.985876 0.942442 0.891778 0.765191 0.668949 0.480683 0.247256 0.046662 -0.158967 -0.417229 -0.571344 -0.710093 -0.812994 -0.921641 -0.969414 
56.866104 798236.062500 54 54 54 0.972755 0.952248 0.957334 0.985823 0.975294 0.953700 0.932155 0.869479 0.693234 0.225756 0.092401 -0.028508 -0.256191 -0.333625 -0.463328 -0.537594 -0.650569 -0.881288 -0.972107 0.987720 0.973352 0.946016 0.924239 0.847232 0.755347 0.460275 0.175477 -0.036573 -0.225491 -0.345761 -0.476981 -0.571104 -0.777969 -0.896895 -0.968707 
60.852909 3637534.500000 54 54 56 0.963241 0.957771 0.980365 0.983657 0.973924 0.961315 0.895234 0.841112 0.651928 0.183660 0.102661 -0.080117 -0.264292 -0.344718 -0.497071 -0.552805 -0.666441 -0.875951 -0.961572 0.985513 0.975008 0.961916 0.929008 0.853918 0.644048 0.143778 0.087547 -0.062992 -0.250846 -0.342008 -0.463139 -0.540945 -0.621815 -0.876555 -0.970353 
64.182144 14764405.000000 56 56 60 0.977895 0.935731 0.952076 0.980039 0.975460 0.946982 0.827885 0.786295 0.644030 0.235510 0.183633 -0.014530 -0.236395 -0.326501 -0.469123 -0.576919 -0.618499 -0.809235 -0.966899 0.981399 0.974483 0.958069 0.851690 0.827249 0.659212 0.181550 0.130590 -0.104167 -0.275782 -0.351014 -0.525977 -0.579936 -0.757539 -0.879458 -0.928070 
65.084778 44940764.000000 60 62 62 0.956815 0.966039 0.943200 0.981694 0.977815 0.941706 0.726834 0.680242 0.567049 0.286150 0.192286 -0.009417 -0.208776 -0.294481 -0.493025 -0.584574 -0.625427 -0.745168 -0.971378 0.980876 0.976755 0.945036 0.767661 0.731163 0.604046 0.268497 0.187695 -0.018558 -0.232170 -0.306498 -0.484191 -0.577485 -0.637632 -0.748175 -0.970630 
62.008591 8605097.000000 62 64 66 0.961604 0.898141 0.719774 0.984956 0.978719 0.956922 0.714498 0.603679 0.534586 0.261179 0.187971 0.022301 -0.119344 -0.260714 -0.443358 -0.555198 -0.602536 -0.742656 -0.969493 0.982977 0.978590 0.952823 0.681693 0.615603 0.540200 0.280761 0.190067 -0.008415 -0.176492 -0.264258 -0.462372 -0.570700 -0.606420 -0.715653 -0.967329 
45.866722 529309.625000 66 60 68 0.735400 0.528777 0.640327 0.991362 0.976564 0.940850 0.824241 0.647158 0.587751 0.361337 0.202084 0.085648 -0.130700 -0.273024 -0.461191 -0.567028 -0.613279 -0.824969 -0.960909 0.991138 0.978100 0.933412 0.768314 0.649724 0.578996 0.344927 0.177212 0.072960 -0.158251 -0.300182 -0.464786 -0.569248 -0.621507 -0.809910 -0.969872 
48.957066 922476.500000 68 64 66 0.714861 0.828114 0.889778 0.993432 0.983616 0.954359 0.826416 0.681089 0.592646 0.393720 0.194553 -0.021400 -0.232917 -0.347795 -0.510055 -0.582403 -0.680484 -0.803593 -0.962094 0.992427 0.981591 0.943347 0.788004 0.667447 0.603950 0.412745 0.226893 0.046876 -0.243668 -0.333311 -0.487337 -0.558359 -0.670149 -0.818704 -0.967185 
53.525921 804735.312500 64 64 64 0.874093 0.939772 0.870350 0.992885 0.982413 0.968867 0.879701 0.678334 0.556919 0.349354 0.199715 0.140618 -0.064374 -0.406926 -0.512239 -0.571645 -0.623955 -0.837676 -0.965335 0.993251 0.983216 0.967591 0.874529 0.674335 0.557364 0.345549 0.187223 0.067271 -0.185299 -0.349273 -0.490783 -0.564893 -0.635796 -0.821276 -0.961666 
54.874474 865406.562500 62 62 58 0.964808 0.953405 0.971239 0.992860 0.982521 0.966721 0.898817 0.684993 0.532864 0.338553 0.226220 0.110596 0.020012 -0.394123 -0.526568 -0.570795 -0.648310 -0.851805 -0.971768 0.992778 0.982098 0.968631 0.903476 0.678374 0.554522 0.326011 0.215198 0.127968 -0.021656 -0.399681 -0.529665 -0.574303 -0.664801 -0.864695 -0.969752 
55.156433 749239.562500 58 58 58 0.966943 0.976053 0.981656 0.992530 0.983002 0.963684 0.921391 0.703853 0.509506 0.331582 0.210105 0.125483 0.017523 -0.422359 -0.553333 -0.580853 -0.651643 -0.870912 -0.969088 0.992824 0.982834 0.965206 0.921671 0.662040 0.509640 0.342741 0.231816 0.110305 -0.011185 -0.422849 -0.538225 -0.565834 -0.671113 -0.861696 -0.970163 
52.777107 241955.578125 58 56 56 0.974824 0.955550 0.520861 0.993451 0.986764 0.970108 0.939586 0.671016 0.527716 0.316640 0.172898 -0.016954 -0.258543 -0.455034 -0.573879 -0.707784 -0.822830 -0.921385 -0.975372 0.992869 0.983893 0.968722 0.934462 0.710678 0.547381 0.347827 0.204149 0.118815 -0.054300 -0.381015 -0.548972 -0.590753 -0.710110 -0.897150 -0.973229 
42.671219 3731122.000000 56 46 60 0.815664 0.521527 0.861090 0.987828 0.974187 0.919835 0.738630 0.602418 0.236084 -0.008218 -0.138042 -0.356608 -0.497870 -0.624246 -0.731603 -0.838864 -0.898662 -0.962134 -0.992670 0.992089 0.981782 0.939253 0.762147 0.595032 0.432848 0.121567 -0.047658 -0.244467 -0.434170 -0.625836 -0.716902 -0.817716 -0.910770 -0.957818 -0.985194 
47.298679 3532595.000000 60 60 60 0.810482 0.785200 0.792870 0.989271 0.979486 0.938890 0.721559 0.522653 0.225221 -0.048422 -0.183421 -0.383900 -0.521981 -0.615103 -0.754038 -0.849460 -0.899603 -0.964599 -0.996548 0.988616 0.974411 0.940905 0.736065 0.505360 0.250222 -0.028114 -0.198176 -0.370873 -0.550177 -0.626266 -0.743567 -0.841712 -0.887664 -0.957305 -0.991457 
42.579861 1281906.625000 60 40 32 0.800633 0.565848 0.792050 0.983029 0.970269 0.834132 0.671948 0.497219 0.220730 -0.058395 -0.183560 -0.395125 -0.516837 -0.675370 -0.770685 -0.853574 -0.923195 -0.967914 -0.989190 0.987445 0.975679 0.903095 0.690338 0.507326 0.218785 -0.049275 -0.211429 -0.356379 -0.512263 -0.593360 -0.735027 -0.848041 -0.915212 -0.966309 -0.992236 
40.125809 432931.281250 120 56 64 0.704947 0.376874 0.578122 0.985956 0.965574 0.881931 0.703244 0.546502 0.276757 -0.018793 -0.128966 -0.412490 -0.551871 -0.648261 -0.710012 -0.826724 -0.892297 -0.940927 -0.980939 0.981331 0.970289 0.851748 0.687282 0.487648 0.248566 -0.042682 -0.245478 -0.440376 -0.564554 -0.670126 -0.753315 -0.865193 -0.922240 -0.952509 -0.985849 
25.072023 54625.078125 62 58 52 0.553221 0.541250 0.650596 0.991167 0.971835 0.870604 0.775840 0.588959 0.422466 0.201497 -0.075938 -0.305208 -0.530408 -0.595224 -0.733961 -0.845628 -0.916246 -0.952138 -0.991916 0.988493 0.961638 0.903491 0.729971 0.619392 0.407622 0.088362 -0.106320 -0.273870 -0.496967 -0.593706 -0.740982 -0.847934 -0.904331 -0.953109 -0.987544 
22.373493 33479.992188 120 58 114 0.670941 0.673776 0.513308 0.984212 0.970332 0.906356 0.733636 0.628463 0.465730 0.271483 0.016038 -0.270254 -0.491516 -0.639278 -0.745718 -0.849994 -0.915585 -0.949770 -0.985180 0.983786 0.972830 0.893897 0.763159 0.595914 0.414646 0.257911 0.022438 -0.311856 -0.486473 -0.615537 -0.749107 -0.855697 -0.920071 -0.951486 -0.988307 
21.393707 79069.593750 204 208 116 0.570667 0.627013 0.385263 0.977988 0.959451 0.874208 0.717440 0.612413 0.422222 0.232804 0.053350 -0.121255 -0.310158 -0.495085 -0.724917 -0.847739 -0.910535 -0.940400 -0.984329 0.981674 0.966355 0.908430 0.754074 0.636115 0.399141 0.254127 0.078155 -0.249439 -0.428031 -0.640883 -0.762806 -0.857891 -0.917863 -0.951485 -0.991420 
35.950779 1363060.000000 116 184 58 0.667549 0.304197 0.713597 0.987734 0.962478 0.804476 0.737534 0.655213 0.512364 0.276421 0.079698 -0.044241 -0.212235 -0.338672 -0.608202 -0.751444 -0.849358 -0.915783 -0.970801 0.958991 0.930822 0.768714 0.706421 0.582875 0.468401 0.218851 0.083398 -0.092542 -0.243876 -0.426680 -0.607805 -0.750064 -0.844805 -0.921841 -0.979921 
52.846146 2651797.750000 64 66 72 0.542479 0.840592 0.957825 0.985265 0.975076 0.947315 0.843078 0.755227 0.627128 0.342495 0.237739 0.035887 -0.192960 -0.248467 -0.488062 -0.649894 -0.755391 -0.901602 -0.961160 0.987369 0.975336 0.950544 0.818536 0.728538 0.617512 0.373689 0.189591 -0.010819 -0.189851 -0.284993 -0.506358 -0.688313 -0.826827 -0.913065 -0.974485 
55.838791 1917127.875000 70 74 76 0.964007 0.968794 0.982187 0.986101 0.977152 0.950795 0.856983 0.778231 0.645570 0.325417 0.242683 0.040662 -0.201746 -0.272083 -0.448221 -0.594833 -0.655597 -0.881502 -0.960138 0.985575 0.975988 0.948190 0.856306 0.763259 0.643161 0.333679 0.253007 0.059197 -0.190599 -0.249555 -0.438250 -0.616058 -0.681357 -0.876832 -0.962171 
55.150547 1366883.750000 76 76 76 0.981040 0.970228 0.983351 0.986220 0.978094 0.950123 0.857942 0.803712 0.651080 0.326140 0.238067 -0.027631 -0.219941 -0.324664 -0.453866 -0.568654 -0.631128 -0.877318 -0.965381 0.986254 0.977730 0.952599 0.858779 0.785840 0.641737 0.324215 0.239357 -0.000623 -0.217971 -0.302605 -0.459703 -0.590295 -0.645628 -0.842130 -0.966688 
53.640892 487522.906250 76 76 74 0.987245 0.972223 0.992396 0.987501 0.978905 0.958119 0.889513 0.815830 0.709382 0.304649 0.222449 -0.028148 -0.240644 -0.319338 -0.505987 -0.580474 -0.692727 -0.894448 -0.969668 0.986904 0.978510 0.954994 0.864651 0.818743 0.672699 0.310224 0.229218 -0.039083 -0.250326 -0.328339 -0.461140 -0.569220 -0.663464 -0.871283 -0.970021 
52.456951 240630.171875 74 74 72 0.992831 0.958061 0.961431 0.987510 0.979186 0.955787 0.907417 0.839577 0.732969 0.425797 0.265496 -0.045783 -0.267770 -0.418120 -0.548528 -0.586179 -0.692138 -0.896113 -0.971871 0.987727 0.978990 0.958169 0.905423 0.824910 0.727000 0.363441 0.217491 -0.067062 -0.253444 -0.377343 -0.542118 -0.584611 -0.702222 -0.894275 -0.968256 
53.603577 418041.312500 72 68 66 0.972461 0.974093 0.987212 0.987461 0.978039 0.951284 0.903590 0.812600 0.702705 0.458760 0.342873 0.157860 -0.242428 -0.385902 -0.538812 -0.585255 -0.706034 -0.894642 -0.974829 0.987432 0.978409 0.952981 0.905362 0.830518 0.735598 0.450720 0.307140 0.038703 -0.241157 -0.401524 -0.549707 -0.599407 -0.734152 -0.876850 -0.974047 
54.942947 867734.375000 66 64 62 0.984406 0.969665 0.973511 0.986481 0.978278 0.947702 0.882799 0.780972 0.654975 0.435244 0.349343 0.209629 -0.209519 -0.404926 -0.540300 -0.589263 -0.653552 -0.869501 -0.969085 0.987160 0.977910 0.949848 0.895336 0.787135 0.659208 0.436736 0.346973 0.213087 -0.208387 -0.409935 -0.531007 -0.592151 -0.651203 -0.871621 -0.975425 
55.141827 2087497.500000 62 60 58 0.968498 0.981849 0.969832 0.986861 0.976146 0.943593 0.840156 0.763189 0.621390 0.411940 0.250289 0.035638 -0.125652 -0.203621 -0.413045 -0.566216 -0.608721 -0.829226 -0.965491 0.986009 0.976938 0.945665 0.869320 0.779988 0.663516 0.443161 0.364252 0.008996 -0.195234 -0.286689 -0.516365 -0.579333 -0.632394 -0.847713 -0.970899 
53.768410 759770.000000 58 56 54 0.981905 0.828398 0.985971 0.991716 0.981360 0.951156 0.832581 0.750180 0.608519 0.393553 0.260685 0.170178 0.054616 -0.264744 -0.457773 -0.565929 -0.691850 -0.878973 -0.969782 0.988310 0.976149 0.945565 0.825555 0.751337 0.600284 0.393856 0.235516 0.132033 -0.018655 -0.156168 -0.405414 -0.567114 -0.622753 -0.847340 -0.968008 
53.634377 416946.468750 54 52 52 0.972134 0.938391 0.944896 0.992674 0.986778 0.961097 0.876551 0.728653 0.620226 0.389391 0.237148 0.143642 0.048561 -0.280792 -0.460399 -0.601109 -0.760945 -0.895416 -0.976474 0.992404 0.984220 0.955408 0.866576 0.733611 0.575740 0.376768 0.250437 0.153872 0.061525 -0.269394 -0.458596 -0.567082 -0.707837 -0.889477 -0.971884 
51.160675 1411795.750000 52 52 56 0.941042 0.867562 0.488088 0.991876 0.985967 0.917722 0.751747 0.676106 0.579037 0.322056 0.130724 -0.012420 -0.110695 -0.407479 -0.570763 -0.677323 -0.825931 -0.910250 -0.970684 0.992506 0.987692 0.963828 0.891935 0.753663 0.675089 0.436121 0.224422 0.128141 -0.053375 -0.297130 -0.501975 -0.651470 -0.801644 -0.913758 -0.970469 
36.325516 3332403.250000 56 52 60 0.559522 0.233279 0.493094 0.980146 0.944635 0.803751 0.714631 0.560798 0.427321 0.209998 0.087473 -0.081909 -0.252650 -0.402855 -0.590563 -0.719801 -0.796060 -0.905774 -0.973007 0.988371 0.957135 0.832083 0.714152 0.589536 0.454736 0.206448 0.121225 -0.084328 -0.180158 -0.423746 -0.608849 -0.739891 -0.822314 -0.916602 -0.972803 
38.238312 4576227.000000 56 52 56 0.329537 0.613392 0.676491 0.989191 0.925865 0.751064 0.699147 0.542063 0.374656 0.195087 0.057265 -0.085110 -0.204383 -0.486612 -0.594629 -0.694389 -0.812706 -0.899153 -0.973678 0.989281 0.961859 0.772870 0.667021 0.570119 0.362056 0.215720 0.037784 -0.114379 -0.240034 -0.447801 -0.616823 -0.712864 -0.803241 -0.905089 -0.978292 
39.471928 5207286.000000 50 52 48 0.536431 0.773554 0.677467 0.985444 0.865099 0.740133 0.654963 0.569433 0.416802 0.219151 0.062355 -0.092604 -0.203395 -0.424470 -0.597485 -0.698160 -0.812392 -0.888844 -0.976380 0.990746 0.914392 0.740826 0.681248 0.578924 0.427180 0.207192 0.073832 -0.093932 -0.210705 -0.408872 -0.573452 -0.728625 -0.802466 -0.893028 -0.957204 
38.509460 4292787.500000 48 52 54 0.521856 0.586174 0.644053 0.969705 0.843515 0.746837 0.677247 0.582412 0.365424 0.224715 0.051208 -0.054907 -0.268219 -0.397319 -0.581533 -0.686710 -0.807474 -0.899945 -0.977870 0.979625 0.836746 0.751374 0.680533 0.562309 0.337313 0.198417 0.031646 -0.070515 -0.239957 -0.410768 -0.592530 -0.715103 -0.806582 -0.897955 -0.986568 
37.935234 1599865.250000 54 60 46 0.405184 0.502888 0.340100 0.974336 0.893875 0.768075 0.699234 0.606529 0.474213 0.253449 0.115416 -0.071718 -0.197538 -0.373399 -0.553965 -0.734530 -0.815966 -0.930127 -0.982115 0.967265 0.819821 0.739242 0.692345 0.594721 0.415330 0.211853 0.093879 -0.063935 -0.234304 -0.430027 -0.558108 -0.709203 -0.821467 -0.924887 -0.983171 
53.047287 1157991.250000 44 64 66 0.418680 0.387363 0.856858 0.981770 0.970915 0.935636 0.882072 0.780584 0.642953 0.579318 0.262008 0.032500 -0.038350 -0.226933 -0.398156 -0.645591 -0.802244 -0.889561 -0.963067 0.983550 0.969040 0.925433 0.867686 0.725018 0.627900 0.468522 0.193084 0.035744 -0.160428 -0.320540 -0.501534 -0.710813 -0.815652 -0.897438 -0.963580 
57.483055 943944.000000 66 70 76 0.857521 0.927885 0.918678 0.976470 0.966671 0.937439 0.874180 0.829412 0.667866 0.622019 0.409622 0.041675 -0.007521 -0.171161 -0.419945 -0.655602 -0.794804 -0.900955 -0.973596 0.980177 0.968197 0.937227 0.876452 0.809011 0.651264 0.607640 0.375616 0.053573 -0.007757 -0.135700 -0.387051 -0.651744 -0.780331 -0.888209 -0.973571 
55.877983 571306.562500 76 80 86 0.891302 0.904767 0.904544 0.976944 0.965370 0.928455 0.853141 0.809604 0.692147 0.644515 0.538612 0.053980 0.014758 -0.126636 -0.432967 -0.662098 -0.791615 -0.903939 -0.974339 0.976936 0.967418 0.933447 0.861572 0.811878 0.672501 0.634956 0.485793 0.039631 -0.005248 -0.189538 -0.434758 -0.662900 -0.788308 -0.905814 -0.975217 
54.621758 388271.093750 86 88 90 0.908408 0.800832 0.906313 0.977437 0.966279 0.938654 0.828782 0.782093 0.713762 0.647736 0.586065 0.060259 0.013226 -0.177768 -0.463139 -0.657156 -0.802115 -0.918082 -0.974950 0.976769 0.965176 0.933469 0.840915 0.797597 0.699234 0.649787 0.578085 0.056057 0.025009 -0.142504 -0.423193 -0.662576 -0.804351 -0.905501 -0.973826 
52.886360 371691.218750 90 90 90 0.867569 0.806417 0.475211 0.981152 0.969167 0.942066 0.866735 0.705349 0.676710 0.599755 0.572971 0.118271 0.001085 -0.085552 -0.447808 -0.631598 -0.798323 -0.913402 -0.972805 0.980148 0.968128 0.946229 0.861167 0.766012 0.718811 0.636135 0.582945 0.050436 0.004873 -0.193114 -0.483560 -0.654419 -0.816010 -0.913944 -0.973005 
49.779854 129464.375000 94 92 98 0.666858 0.893335 0.635078 0.986199 0.978272 0.945246 0.867985 0.725751 0.648221 0.591502 0.536529 0.155113 -0.019876 -0.139609 -0.503968 -0.644064 -0.807316 -0.918370 -0.970290 0.983830 0.974236 0.948443 0.870448 0.705505 0.663127 0.589951 0.564446 0.097925 -0.015562 -0.145131 -0.482068 -0.629397 -0.808202 -0.913760 -0.973513 
48.570904 87395.843750 96 94 92 0.578803 0.837346 0.822387 0.989686 0.982423 0.952284 0.881267 0.822224 0.636731 0.597125 0.365887 0.103214 -0.028784 -0.336773 -0.455183 -0.675803 -0.802608 -0.915935 -0.967222 0.989667 0.983735 0.951150 0.872125 0.755554 0.653383 0.591441 0.379451 0.115863 -0.020279 -0.307559 -0.473601 -0.676686 -0.800679 -0.911473 -0.972577 
48.676582 100810.718750 90 88 86 0.902029 0.900020 0.877804 0.990022 0.983654 0.961197 0.898612 0.726313 0.658386 0.571867 0.164268 0.112633 -0.003720 -0.350777 -0.478006 -0.668700 -0.796479 -0.913054 -0.974941 0.989975 0.981882 0.957740 0.899184 0.769324 0.665119 0.593082 0.299154 0.126225 0.032183 -0.321276 -0.477727 -0.668672 -0.818493 -0.923907 -0.971897 
49.665375 2542086.750000 86 86 80 0.910425 0.916202 0.682667 0.985687 0.976085 0.940042 0.784865 0.662988 0.607945 0.258846 0.118434 -0.007781 -0.145711 -0.208272 -0.419719 -0.507097 -0.630688 -0.797628 -0.954203 0.990219 0.982398 0.961485 0.893734 0.720311 0.659861 0.564080 0.159972 0.089643 -0.020448 -0.391797 -0.422594 -0.630841 -0.785697 -0.903858 -0.970341 
55.243896 14743686.000000 80 80 80 0.773322 0.753510 0.879061 0.968393 0.948803 0.920195 0.773672 0.671683 0.641342 0.440483 0.110490 0.038803 -0.148128 -0.287160 -0.469544 -0.679871 -0.758720 -0.825589 -0.854460 0.977296 0.961548 0.935208 0.803215 0.661874 0.640863 0.284668 0.101413 0.017528 -0.165278 -0.269267 -0.464834 -0.578830 -0.699586 -0.796613 -0.869177 
55.841942 32272204.000000 80 78 78 0.921880 0.973414 0.972674 0.960414 0.939023 0.895196 0.761298 0.707344 0.628417 0.255434 0.134293 0.028864 -0.159022 -0.284507 -0.385540 -0.694255 -0.781166 -0.840889 -0.861470 0.963257 0.942708 0.901384 0.752448 0.686302 0.633705 0.310957 0.123471 0.036343 -0.147005 -0.269830 -0.372673 -0.672347 -0.769397 -0.830805 -0.853920 
56.852650 32800226.000000 78 76 74 0.965809 0.965773 0.950918 0.959441 0.943000 0.898771 0.779069 0.726374 0.642723 0.273744 0.148630 0.032498 -0.167973 -0.310140 -0.395680 -0.698559 -0.787653 -0.858064 -0.884306 0.959302 0.939216 0.889770 0.771204 0.720796 0.617732 0.257633 0.138579 0.019316 -0.173140 -0.297179 -0.402331 -0.710313 -0.780368 -0.854132 -0.875604 
58.046837 9959154.000000 74 74 74 0.961323 0.949426 0.816531 0.973020 0.954953 0.928882 0.828224 0.742665 0.696521 0.415200 0.153601 0.079667 -0.205799 -0.338849 -0.421201 -0.706673 -0.797968 -0.887698 -0.919733 0.960793 0.946800 0.913606 0.800484 0.737133 0.670973 0.343003 0.148649 0.068477 -0.143867 -0.308244 -0.381990 -0.673111 -0.797324 -0.858758 -0.902795 
48.667355 579937.250000 74 78 74 0.875995 0.570608 0.848112 0.988952 0.974681 0.928137 0.808454 0.731615 0.672841 0.386252 0.170266 0.073564 -0.174310 -0.333846 -0.427933 -0.740876 -0.807598 -0.864595 -0.913137 0.982803 0.967656 0.931251 0.816703 0.740901 0.675192 0.456660 0.158816 0.092212 -0.135925 -0.331495 -0.388765 -0.693779 -0.788925 -0.881482 -0.924815 
49.814568 7049792.000000 74 74 66 0.869574 0.660332 0.944745 0.981840 0.971610 0.918920 0.786785 0.712407 0.648720 0.256687 0.108237 0.027045 -0.207427 -0.367191 -0.442579 -0.736498 -0.798699 -0.905004 -0.936836 0.987329 0.969437 0.911754 0.816647 0.732337 0.681104 0.312680 0.114351 0.049112 -0.213525 -0.359842 -0.466074 -0.739085 -0.845040 -0.932175 -0.950017 
55.572414 12693120.000000 66 66 66 0.923838 0.907315 0.909120 0.982465 0.971903 0.930491 0.742885 0.677701 0.583807 0.266667 0.154603 0.012813 -0.110512 -0.217364 -0.428447 -0.685597 -0.736916 -0.789871 -0.868174 0.981815 0.970503 0.934128 0.784814 0.692946 0.628503 0.210571 0.097980 -0.000533 -0.189737 -0.299044 -0.446614 -0.694708 -0.770479 -0.816366 -0.861122 
55.984131 5830159.000000 64 64 62 0.950320 0.975271 0.981896 0.982809 0.975982 0.927153 0.728578 0.660687 0.596256 0.486671 0.294037 0.086998 -0.084999 -0.147420 -0.414084 -0.700745 -0.730837 -0.793089 -0.902781 0.982953 0.974364 0.926059 0.727817 0.662666 0.584626 0.370062 0.238244 0.037002 -0.080438 -0.153598 -0.427030 -0.677685 -0.729308 -0.790574 -0.870469 
56.057564 2332845.250000 62 62 64 0.980824 0.953941 0.839106 0.983924 0.976521 0.937562 0.745622 0.700167 0.624720 0.574576 0.382092 0.012801 -0.081383 -0.163706 -0.430941 -0.692686 -0.735110 -0.802192 -0.952066 0.982751 0.975323 0.934705 0.728515 0.676677 0.606419 0.553601 0.354314 0.042261 -0.075858 -0.154421 -0.406400 -0.685180 -0.726793 -0.797596 -0.936884 
51.892200 786927.500000 62 60 60 0.864038 0.880948 0.948813 0.991721 0.980809 0.955768 0.817475 0.721914 0.625965 0.546079 0.254383 -0.021242 -0.124888 -0.222976 -0.325956 -0.665458 -0.753574 -0.810042 -0.966849 0.990762 0.980627 0.953513 0.792294 0.696037 0.622947 0.560200 0.264426 0.036106 -0.101300 -0.184270 -0.379444 -0.675764 -0.750316 -0.823985 -0.964296 
52.119606 685163.687500 60 60 60 0.923448 0.918266 0.921925 0.991900 0.979658 0.960201 0.847286 0.726074 0.656250 0.492247 0.195863 -0.074958 -0.154926 -0.251561 -0.333767 -0.680709 -0.759516 -0.830615 -0.966630 0.991423 0.979714 0.957572 0.851321 0.718270 0.619729 0.523611 0.247043 -0.057147 -0.138223 -0.241512 -0.318020 -0.655777 -0.759223 -0.803173 -0.960755 
51.993099 668340.562500 60 60 58 0.926934 0.920005 0.965330 0.992669 0.981284 0.962122 0.836472 0.704630 0.650046 0.503263 0.200840 -0.073225 -0.144757 -0.267521 -0.329509 -0.682813 -0.748402 -0.806727 -0.961612 0.992267 0.980212 0.962379 0.827631 0.701771 0.638200 0.524750 0.309377 -0.067634 -0.148051 -0.258835 -0.311254 -0.655756 -0.757242 -0.812891 -0.969596 
52.509499 547767.750000 58 56 56 0.975322 0.959199 0.964125 0.992920 0.982682 0.957508 0.897295 0.696648 0.640741 0.471321 0.260670 -0.111807 -0.173607 -0.254483 -0.304133 -0.676773 -0.766308 -0.824670 -0.965720 0.992946 0.982415 0.960425 0.901461 0.680221 0.622402 0.480431 0.148647 -0.109892 -0.169706 -0.252403 -0.349083 -0.706871 -0.752187 -0.797732 -0.957535 
52.629944 1866080.625000 56 54 48 0.976265 0.974745 0.567548 0.992289 0.982574 0.954242 0.822688 0.645108 0.564358 0.350937 0.272592 0.020184 -0.174016 -0.255388 -0.355389 -0.624685 -0.756163 -0.821704 -0.935777 0.992760 0.982653 0.955619 0.874831 0.687456 0.653332 0.449512 0.349792 -0.100876 -0.165203 -0.264380 -0.333527 -0.657597 -0.758986 -0.827096 -0.966157 
59.920036 79545088.000000 50 52 50 0.804972 0.958920 0.963894 0.980376 0.964861 0.941207 0.760698 0.549225 0.491873 0.258935 0.085621 0.018639 -0.206961 -0.356515 -0.445891 -0.549068 -0.744114 -0.791193 -0.895654 0.985458 0.967582 0.946427 0.759565 0.563516 0.493799 0.280815 0.176240 0.035338 -0.186100 -0.305674 -0.368349 -0.586673 -0.727963 -0.788998 -0.857891 
61.323456 113419344.000000 50 48 46 0.977469 0.989897 0.978988 0.976382 0.962479 0.938131 0.748535 0.543014 0.477276 0.292856 0.076328 -0.004233 -0.181432 -0.400873 -0.485609 -0.574951 -0.711839 -0.800936 -0.975039 0.978351 0.962670 0.936065 0.750633 0.547320 0.479633 0.280850 0.075781 0.004892 -0.170896 -0.384583 -0.476659 -0.553639 -0.732361 -0.803379 -0.944854 
61.197910 74620592.000000 46 44 44 0.990573 0.982717 0.849108 0.979995 0.961267 0.939423 0.746661 0.556975 0.519619 0.323583 0.130089 0.031333 -0.164996 -0.402630 -0.482073 -0.576469 -0.721522 -0.791047 -0.979470 0.975480 0.961063 0.940061 0.749097 0.562863 0.506646 0.283455 0.081044 0.012737 -0.151866 -0.405800 -0.492850 -0.575888 -0.716491 -0.793628 -0.968759 
55.471947 3358002.250000 44 42 42 0.861792 0.925773 0.895365 0.989527 0.986091 0.950317 0.781399 0.597837 0.529285 0.391607 0.168074 0.030285 -0.171306 -0.371076 -0.476404 -0.655735 -0.729635 -0.840766 -0.977813 0.988455 0.975366 0.943432 0.794315 0.570270 0.527538 0.385121 0.151423 0.050474 -0.178996 -0.417801 -0.470015 -0.555037 -0.734499 -0.795178 -0.975634 
57.180237 22455374.000000 42 42 36 0.918063 0.930985 0.954963 0.986185 0.979371 0.933025 0.783885 0.593132 0.514991 0.305716 0.110289 0.038344 -0.179244 -0.404128 -0.507405 -0.577911 -0.713369 -0.811328 -0.987643 0.988881 0.984781 0.958905 0.839334 0.608537 0.534663 0.347791 0.157402 0.055230 -0.192667 -0.389234 -0.464755 -0.630314 -0.737828 -0.844221 -0.981489 
59.033920 51475620.000000 38 36 36 0.918189 0.979065 0.935251 0.983259 0.965379 0.925191 0.833352 0.563510 0.500913 0.368472 0.136068 -0.007365 -0.146942 -0.295052 -0.474322 -0.583782 -0.688798 -0.756230 -0.952220 0.984141 0.967575 0.928598 0.814431 0.568273 0.507190 0.344211 0.117672 0.003732 -0.118661 -0.359995 -0.484085 -0.579103 -0.699997 -0.789228 -0.974400 
58.556625 47181880.000000 34 34 34 0.930231 0.975212 0.982647 0.982434 0.963065 0.923533 0.840338 0.572659 0.492644 0.328300 0.163897 -0.022289 -0.153581 -0.334631 -0.476098 -0.632042 -0.743793 -0.817075 -0.911851 0.982967 0.965494 0.923614 0.829040 0.562639 0.492860 0.366941 0.152430 0.018877 -0.170011 -0.294913 -0.472131 -0.612568 -0.712321 -0.769106 -0.937369 
57.375832 22793764.000000 34 34 34 0.982376 0.972322 0.919318 0.980347 0.950322 0.930224 0.886817 0.535977 0.480371 0.365604 0.148079 -0.040233 -0.133593 -0.345781 -0.453433 -0.637796 -0.734813 -0.819932 -0.872974 0.982026 0.957087 0.928496 0.880659 0.563982 0.494318 0.305227 0.163719 -0.028045 -0.104556 -0.363691 -0.454845 -0.631916 -0.756873 -0.830740 -0.880891 
55.561710 13974625.000000 34 34 26 0.930438 0.583262 0.677322 0.971264 0.961509 0.942872 0.796891 0.539382 0.463891 0.332337 0.104764 -0.017649 -0.100162 -0.333400 -0.465239 -0.620686 -0.765496 -0.842825 -0.890705 0.979249 0.950229 0.928945 0.846279 0.551489 0.475982 0.364389 0.155566 -0.005434 -0.089051 -0.334231 -0.440342 -0.575740 -0.741569 -0.833367 -0.869710 
53.816536 2864338.250000 24 24 28 0.902538 0.848513 0.747121 0.974217 0.967700 0.950430 0.862603 0.544161 0.481156 0.369879 0.106357 -0.000447 -0.081585 -0.314312 -0.483025 -0.621830 -0.754889 -0.834002 -0.901614 0.971918 0.964393 0.942700 0.782699 0.525254 0.467695 0.303326 0.082952 -0.020495 -0.108470 -0.325474 -0.469712 -0.642108 -0.772260 -0.838563 -0.886986 
44.540489 259498.203125 28 36 42 0.854746 0.353081 0.680157 0.977342 0.964230 0.926117 0.760546 0.540694 0.481830 0.359258 0.125017 0.001178 -0.166178 -0.411297 -0.457635 -0.637752 -0.746127 -0.836016 -0.904598 0.976326 0.970857 0.942026 0.849554 0.553745 0.506881 0.365026 0.084409 0.006405 -0.106476 -0.368499 -0.477893 -0.625798 -0.747732 -0.824973 -0.920654 
32.372757 99272.234375 68 152 72 0.689621 0.469802 0.681212 0.971086 0.952699 0.924262 0.775083 0.570024 0.507000 0.275999 0.116543 0.016973 -0.110309 -0.395005 -0.455579 -0.547953 -0.726702 -0.884537 -0.954533 0.978516 0.964206 0.933153 0.775537 0.538803 0.481100 0.348605 0.116014 0.006283 -0.125021 -0.403209 -0.458965 -0.569522 -0.730906 -0.840350 -0.931525 
30.891598 41983.171875 70 72 122 0.766325 0.694799 0.682147 0.972413 0.959791 0.931862 0.829368 0.547013 0.470314 0.424404 0.173121 0.000683 -0.048292 -0.396784 -0.458780 -0.606578 -0.745581 -0.853501 -0.960753 0.970528 0.956047 0.929309 0.798192 0.570143 0.494150 0.394172 0.145417 0.008061 -0.092211 -0.409474 -0.446910 -0.598445 -0.733658 -0.864343 -0.961986 
30.723907 886887.125000 72 48 90 0.756372 0.720956 0.332551 0.966168 0.950148 0.846855 0.557173 0.455776 0.396832 0.110071 -0.071911 -0.154121 -0.387785 -0.516921 -0.695509 -0.795145 -0.855853 -0.902002 -0.965165 0.970354 0.960893 0.928843 0.798568 0.508886 0.461417 0.413339 0.117966 0.005697 -0.032843 -0.414618 -0.462189 -0.627897 -0.749925 -0.871797 -0.954345 
50.128784 6482390.000000 90 106 24 0.454826 0.568337 0.504352 0.967622 0.937974 0.735103 0.527603 0.389194 0.179707 0.053342 -0.130689 -0.288055 -0.465554 -0.600341 -0.758542 -0.839953 -0.863910 -0.895700 -0.953876 0.969383 0.933262 0.727661 0.554410 0.413507 0.249834 -0.004569 -0.130638 -0.259865 -0.410994 -0.581306 -0.768949 -0.820897 -0.864632 -0.908160 -0.964541 
42.865829 728279.250000 92 106 108 0.628875 0.506050 0.595085 0.972093 0.942994 0.828076 0.570898 0.449651 0.389161 0.113108 -0.084059 -0.286475 -0.473367 -0.546395 -0.693476 -0.824729 -0.863347 -0.907948 -0.949191 0.967440 0.946013 0.778369 0.484659 0.395046 0.256902 0.033601 -0.104006 -0.359850 -0.477273 -0.594566 -0.734558 -0.840488 -0.861841 -0.912087 -0.953687 
29.617083 120486.039062 108 46 90 0.608299 0.472068 0.547135 0.973246 0.960353 0.909962 0.694097 0.490595 0.408761 0.142799 -0.093397 -0.265225 -0.408024 -0.568038 -0.715693 -0.831458 -0.856857 -0.898185 -0.954537 0.979419 0.960286 0.894820 0.635212 0.462235 0.433943 0.130632 -0.065422 -0.262420 -0.451693 -0.571023 -0.713857 -0.823516 -0.855051 -0.907558 -0.950771 
27.561539 54515.398438 22 24 174 0.660052 0.465881 0.486928 0.975151 0.954651 0.894071 0.700606 0.507804 0.415431 0.230656 0.002618 -0.339624 -0.426638 -0.598959 -0.764541 -0.839038 -0.863294 -0.916209 -0.967421 0.968542 0.958203 0.874022 0.699035 0.515956 0.357665 0.149279 -0.086099 -0.304479 -0.420613 -0.611937 -0.765824 -0.843910 -0.868007 -0.903272 -0.960106 
21.726265 33228.832031 72 52 44 0.519609 0.539829 0.437774 0.982214 0.965428 0.883217 0.734646 0.533041 0.441551 0.260660 0.040869 -0.167443 -0.376034 -0.544011 -0.755321 -0.823762 -0.851223 -0.909047 -0.976811 0.984653 0.965491 0.893915 0.725396 0.547070 0.452657 0.155449 0.035390 -0.210221 -0.446762 -0.607997 -0.744235 -0.840477 -0.859090 -0.925963 -0.979216 
20.365192 24164.626953 44 132 140 0.478066 0.582952 0.408532 0.982160 0.957057 0.899349 0.741934 0.536056 0.470998 0.286292 0.033762 -0.168960 -0.320373 -0.441700 -0.719702 -0.832361 -0.851119 -0.896970 -0.927747 0.978186 0.961662 0.915331 0.777607 0.561596 0.453249 0.269031 0.015345 -0.135796 -0.313954 -0.489643 -0.744627 -0.825349 -0.869166 -0.902478 -0.948144 
16.930347 14025.583984 140 128 38 0.522840 0.445634 0.514198 0.981857 0.963848 0.875631 0.726508 0.548084 0.457576 0.279992 0.055502 -0.147649 -0.239116 -0.391356 -0.682429 -0.813296 -0.853207 -0.881835 -0.929771 0.984590 0.960268 0.872527 0.737537 0.558353 0.438295 0.295128 0.074318 -0.146424 -0.295894 -0.447422 -0.666128 -0.824912 -0.850747 -0.886104 -0.926834 
16.935486 11744.819336 60 72 152 0.480719 0.534201 0.358337 0.973493 0.957993 0.875826 0.709429 0.605407 0.513302 0.341092 0.091564 -0.149191 -0.282278 -0.371166 -0.581446 -0.810101 -0.858197 -0.879726 -0.955640 0.979596 0.962137 0.910647 0.694638 0.570350 0.497028 0.268437 0.056696 -0.128964 -0.239789 -0.356215 -0.641070 -0.809523 -0.856522 -0.879777 -0.938478 
12.180825 7469.298828 60 94 104 0.442725 0.336353 0.468703 0.985995 0.951418 0.874162 0.736264 0.602363 0.485640 0.290420 0.033728 -0.140168 -0.263524 -0.402669 -0.588290 -0.774192 -0.846969 -0.879855 -0.965612 0.984165 0.958552 0.869408 0.741194 0.616672 0.470394 0.326496 0.061012 -0.158003 -0.277099 -0.369907 -0.582614 -0.774596 -0.850127 -0.880631 -0.957541 
14.004556 8113.485352 104 96 44 0.540171 0.257568 0.603579 0.979289 0.955909 0.903270 0.704497 0.565856 0.508666 0.333843 0.043676 -0.139538 -0.230462 -0.383697 -0.541675 -0.775803 -0.820719 -0.919398 -0.968684 0.980395 0.965847 0.900325 0.710914 0.557693 0.497240 0.340293 0.076829 -0.086974 -0.257649 -0.399825 -0.564635 -0.768135 -0.849509 -0.897129 -0.966917 
14.530524 7727.623047 192 48 48 0.460581 0.619344 0.611015 0.986554 0.965950 0.912381 0.732588 0.562907 0.487893 0.296218 0.095459 -0.114202 -0.237883 -0.354099 -0.575576 -0.750748 -0.845277 -0.910802 -0.971103 0.983995 0.964219 0.891528 0.682680 0.577262 0.510369 0.325002 0.056124 -0.144454 -0.217254 -0.388623 -0.565978 -0.762104 -0.844264 -0.925115 -0.970363 
14.273697 6451.548340 48 212 116 0.617414 0.329060 0.433641 0.980052 0.953540 0.899195 0.745184 0.574487 0.513536 0.347883 0.111423 -0.093230 -0.227249 -0.346805 -0.516777 -0.695044 -0.799540 -0.909703 -0.978985 0.981059 0.963480 0.913813 0.718400 0.568676 0.491073 0.350289 0.144097 -0.111971 -0.235218 -0.324020 -0.509791 -0.703484 -0.857807 -0.907502 -0.984839 
13.015448 5217.328613 56 106 80 0.403315 0.450074 0.499136 0.982843 0.965108 0.901401 0.746275 0.590956 0.516320 0.339009 0.057416 -0.100664 -0.257498 -0.393465 -0.540484 -0.748358 -0.846787 -0.897548 -0.977554 0.979322 0.959615 0.873515 0.745195 0.597555 0.514507 0.379468 0.072911 -0.116059 -0.273848 -0.326967 -0.536735 -0.703686 -0.843264 -0.900152 -0.981759 
11.810323 4192.092773 120 122 122 0.443603 0.418033 0.501856 0.982537 0.963965 0.894669 0.763355 0.591022 0.503759 0.310558 0.115091 -0.079324 -0.258657 -0.367012 -0.528833 -0.787538 -0.854740 -0.914090 -0.971825 0.983950 0.957622 0.890631 0.768647 0.579476 0.529594 0.324771 0.079867 -0.086357 -0.233075 -0.375436 -0.521419 -0.724270 -0.835247 -0.911001 -0.976216 
12.302274 4319.383301 50 204 204 0.496118 0.571111 0.586141 0.977901 0.965265 0.901777 0.734250 0.564754 0.494901 0.333179 0.066476 -0.085445 -0.226617 -0.382100 -0.569172 -0.729047 -0.815614 -0.906756 -0.974921 0.977755 0.958510 0.900247 0.743903 0.566069 0.508393 0.323277 0.105248 -0.136891 -0.218706 -0.345146 -0.561621 -0.741221 -0.831311 -0.905720 -0.968878 
12.187692 2777.359863 94 50 44 0.396228 0.604548 0.524202 0.989460 0.971451 0.874538 0.789057 0.591794 0.522421 0.320356 0.148179 -0.086531 -0.250735 -0.352729 -0.545486 -0.754161 -0.847214 -0.916025 -0.964035 0.987907 0.964432 0.907835 0.762960 0.608415 0.519088 0.321773 0.131694 -0.123376 -0.232429 -0.321804 -0.526711 -0.727769 -0.829803 -0.901935 -0.972719 
11.033234 2464.565430 98 52 108 0.586996 0.653380 0.564475 0.979933 0.961983 0.903526 0.792200 0.591864 0.443929 0.316049 0.100800 -0.086054 -0.220209 -0.390916 -0.627692 -0.748227 -0.826146 -0.917568 -0.972300 0.978171 0.961368 0.924361 0.739349 0.602067 0.499388 0.308508 0.086782 -0.110057 -0.236534 -0.383490 -0.560826 -0.731767 -0.845581 -0.904196 -0.975826 
9.169268 2524.992188 108 94 52 0.572291 0.378601 0.464819 0.977486 0.951834 0.887278 0.764274 0.617150 0.474729 0.310533 0.150097 -0.088877 -0.227282 -0.322074 -0.594828 -0.741590 -0.839401 -0.895701 -0.970861 0.986976 0.966314 0.887508 0.784969 0.600572 0.467304 0.310971 0.075269 -0.083640 -0.194100 -0.378360 -0.602355 -0.732216 -0.839440 -0.914711 -0.981651 
7.484675 1354.068359 50 90 82 0.408315 0.467939 0.361842 0.984821 0.955467 0.897483 0.792297 0.629828 0.489351 0.312660 0.093066 -0.093802 -0.295701 -0.469167 -0.602449 -0.731613 -0.866978 -0.914626 -0.978434 0.983253 0.961035 0.909288 0.804191 0.607698 0.474686 0.301431 0.131955 -0.058655 -0.225505 -0.460702 -0.575760 -0.730942 -0.842731 -0.903470 -0.970702 
10.178493 1284.403687 28 190 24 0.416924 0.361789 0.542193 0.986106 0.971905 0.912450 0.779998 0.671520 0.515412 0.296621 0.102367 -0.077518 -0.201905 -0.478281 -0.604346 -0.754113 -0.844822 -0.903603 -0.966665 0.984385 0.961396 0.928881 0.809068 0.673498 0.512770 0.293825 0.136073 -0.090448 -0.214228 -0.439616 -0.580186 -0.759976 -0.830055 -0.927483 -0.980070 
7.152972 819.880676 26 118 26 0.492139 0.509516 0.679076 0.980964 0.963451 0.895908 0.784582 0.622486 0.478766 0.343529 0.103200 -0.120212 -0.264045 -0.447670 -0.585145 -0.732598 -0.847915 -0.926257 -0.984386 0.979257 0.963498 0.922977 0.759259 0.639276 0.488593 0.312316 0.101702 -0.118410 -0.264423 -0.464109 -0.581895 -0.730830 -0.850750 -0.924808 -0.975781 
42.073673 418284.000000 106 70 74 0.562436 0.554026 0.617852 0.965749 0.953723 0.902464 0.854796 0.607115 0.556176 0.435402 0.281440 0.150687 0.058313 -0.160836 -0.277303 -0.438428 -0.750523 -0.871574 -0.955252 0.968344 0.960166 0.899719 0.853845 0.578893 0.518791 0.385231 0.256991 0.122716 -0.014810 -0.203552 -0.311177 -0.536547 -0.783808 -0.885923 -0.968331 
50.299141 7926648.500000 74 54 66 0.550040 0.760740 0.811813 0.964647 0.934459 0.912546 0.796696 0.606811 0.568976 0.398711 0.204778 0.090096 -0.077513 -0.275081 -0.399936 -0.573209 -0.659902 -0.793537 -0.913720 0.967641 0.940268 0.902098 0.828666 0.608258 0.572825 0.401403 0.245998 0.097578 -0.040303 -0.231593 -0.364194 -0.570060 -0.650967 -0.823887 -0.954221 
61.180603 70613720.000000 34 34 34 0.802273 0.984356 0.958430 0.952020 0.932392 0.916348 0.780509 0.618427 0.584502 0.417088 0.119057 0.048932 -0.083642 -0.353029 -0.498444 -0.609599 -0.712837 -0.899904 -0.977379 0.954138 0.932426 0.915513 0.773774 0.615138 0.582849 0.424628 0.134928 0.061743 -0.089813 -0.288744 -0.460916 -0.605509 -0.687247 -0.859638 -0.936123 
58.946907 9964717.000000 34 32 34 0.928453 0.963718 0.939995 0.980247 0.950687 0.920608 0.853193 0.683660 0.636243 0.414931 0.238497 0.069618 -0.113249 -0.386437 -0.527438 -0.589666 -0.712883 -0.868073 -0.983297 0.964774 0.933174 0.921760 0.822815 0.648336 0.585621 0.403242 0.153404 0.034047 -0.092874 -0.418847 -0.513483 -0.583539 -0.720505 -0.909975 -0.986134 
55.644032 1034564.562500 34 34 34 0.849493 0.983039 0.953394 0.985517 0.981864 0.962878 0.853929 0.660838 0.591468 0.467364 0.227700 0.083354 -0.137504 -0.341761 -0.488546 -0.614976 -0.722262 -0.864820 -0.972158 0.984513 0.980108 0.937899 0.822423 0.679265 0.605890 0.462019 0.294364 0.105897 -0.093914 -0.347365 -0.499469 -0.655364 -0.747483 -0.854301 -0.976012 
58.027031 986190.500000 34 36 36 0.956526 0.962583 0.963228 0.985939 0.982322 0.963572 0.862629 0.674343 0.626997 0.488405 0.170017 0.069873 -0.021230 -0.224113 -0.428810 -0.594415 -0.734047 -0.896443 -0.975128 0.985537 0.982030 0.956395 0.886213 0.664328 0.612124 0.469929 0.223821 0.114599 -0.093234 -0.256816 -0.460543 -0.622203 -0.728812 -0.885006 -0.971558 
57.897224 711034.125000 36 36 36 0.948412 0.956450 0.953456 0.985941 0.982578 0.958539 0.911883 0.671452 0.608248 0.481919 0.250510 0.053129 -0.132159 -0.246190 -0.487845 -0.598554 -0.746775 -0.898676 -0.976219 0.986299 0.982538 0.967305 0.883403 0.648587 0.608992 0.491060 0.182058 0.082307 -0.059334 -0.250737 -0.446723 -0.592900 -0.725793 -0.898750 -0.973559 
57.301613 9271521.000000 36 34 34 0.955141 0.901090 0.952354 0.982624 0.978987 0.939058 0.780504 0.642048 0.589626 0.383400 0.104665 -0.033561 -0.177793 -0.417988 -0.530197 -0.652632 -0.747320 -0.950526 -0.992278 0.985015 0.981372 0.952890 0.798618 0.640993 0.587020 0.371345 0.155817 -0.040186 -0.172593 -0.401894 -0.506959 -0.692580 -0.785205 -0.953861 -0.992349 
58.622684 14625156.000000 34 34 36 0.954271 0.971434 0.954397 0.983200 0.977813 0.927401 0.817908 0.642189 0.606764 0.423132 0.080240 -0.055739 -0.124707 -0.369790 -0.555459 -0.644931 -0.748964 -0.842476 -0.982588 0.982747 0.978444 0.938020 0.856738 0.618675 0.583116 0.327858 0.075112 -0.033415 -0.164269 -0.386348 -0.540250 -0.645874 -0.738617 -0.876654 -0.990501 
55.360123 7100886.000000 36 36 34 0.896571 0.875640 0.556334 0.986316 0.975711 0.932712 0.848700 0.613530 0.570829 0.248178 0.022273 -0.095932 -0.253185 -0.569271 -0.621162 -0.752251 -0.902026 -0.948067 -0.981056 0.984680 0.974014 0.932400 0.880910 0.638888 0.617781 0.414175 0.095002 -0.045285 -0.093406 -0.429213 -0.574289 -0.681240 -0.801867 -0.932236 -0.982629 
42.545628 8298185.500000 36 40 36 0.713639 0.676126 0.356457 0.974068 0.956588 0.855924 0.703602 0.596804 0.398520 0.189319 -0.099343 -0.229561 -0.384912 -0.558957 -0.689246 -0.816983 -0.905216 -0.960326 -0.995287 0.981171 0.964978 0.890273 0.702551 0.613208 0.461699 0.164310 -0.043086 -0.181510 -0.358609 -0.577094 -0.664152 -0.815891 -0.909338 -0.963923 -0.994653 
41.313301 5520842.500000 148 40 40 0.613130 0.740174 0.445971 0.983528 0.948925 0.814813 0.674028 0.581778 0.340918 0.101065 -0.038269 -0.191827 -0.391787 -0.604621 -0.680976 -0.853520 -0.909614 -0.950428 -0.994735 0.980426 0.961039 0.848728 0.695127 0.586400 0.429408 0.189571 -0.079738 -0.236528 -0.392244 -0.535810 -0.686897 -0.843242 -0.899684 -0.946726 -0.989020 
43.393856 7641608.500000 44 34 112 0.475759 0.647473 0.541339 0.973499 0.941267 0.836843 0.649123 0.588741 0.408324 0.118055 -0.060326 -0.285900 -0.414657 -0.626911 -0.743352 -0.849349 -0.901972 -0.950519 -0.993530 0.968672 0.939948 0.835537 0.695863 0.535481 0.369942 0.125638 -0.020029 -0.218073 -0.390228 -0.548912 -0.769208 -0.821626 -0.905312 -0.960294 -0.992983 
44.674690 4562437.500000 36 34 36 0.662400 0.279327 0.764797 0.968148 0.934192 0.819428 0.639921 0.546915 0.265514 0.082890 -0.080648 -0.312084 -0.471439 -0.633113 -0.732603 -0.845065 -0.915476 -0.960869 -0.994866 0.966911 0.936098 0.809668 0.618518 0.564520 0.318771 0.087187 -0.112220 -0.324301 -0.414476 -0.619844 -0.774287 -0.833590 -0.911763 -0.956855 -0.994540 
43.613564 3567325.750000 34 34 36 0.659782 0.448579 0.762938 0.982519 0.971182 0.792667 0.626752 0.550607 0.291872 0.140023 -0.093957 -0.260120 -0.389023 -0.567073 -0.717515 -0.820897 -0.873845 -0.954969 -0.981500 0.974465 0.953203 0.782715 0.647475 0.555302 0.290140 0.139508 -0.091272 -0.297441 -0.506498 -0.613384 -0.765600 -0.846456 -0.923352 -0.965989 -0.984125 
27.600597 161043.140625 34 36 34 0.873808 0.263189 0.526643 0.979349 0.956635 0.808353 0.658106 0.586233 0.452932 0.188183 -0.013543 -0.301945 -0.487281 -0.586684 -0.652509 -0.822410 -0.897206 -0.965360 -0.989972 0.978682 0.956481 0.869226 0.680069 0.570050 0.411739 0.197283 -0.023657 -0.238777 -0.449927 -0.605638 -0.661318 -0.809888 -0.898667 -0.950009 -0.988689 
22.034700 53931.738281 74 66 88 0.577359 0.613719 0.576407 0.981411 0.965176 0.888040 0.703461 0.591797 0.452619 0.175248 -0.008506 -0.295968 -0.430135 -0.614327 -0.708961 -0.809929 -0.905397 -0.952594 -0.987932 0.981536 0.971036 0.854859 0.670974 0.591711 0.485748 0.144842 -0.018134 -0.250151 -0.424854 -0.581298 -0.689191 -0.793911 -0.910484 -0.957902 -0.991965 
20.883141 154175.640625 228 48 50 0.612211 0.735045 0.430123 0.976333 0.954499 0.795596 0.689466 0.581243 0.471220 0.279995 -0.012554 -0.166631 -0.319648 -0.490003 -0.634353 -0.790254 -0.906220 -0.945271 -0.987143 0.983896 0.964337 0.870533 0.723834 0.576452 0.429752 0.249535 0.000915 -0.268494 -0.455542 -0.614908 -0.696431 -0.832227 -0.899429 -0.967060 -0.990596 
57.162979 28778488.000000 50 54 60 0.836565 0.328962 0.892847 0.971335 0.952444 0.924201 0.828207 0.773847 0.617141 0.282770 0.169612 0.001768 -0.172282 -0.238611 -0.412888 -0.731164 -0.840341 -0.875235 -0.943423 0.977071 0.953540 0.861727 0.746522 0.671131 0.546163 0.344504 0.115739 -0.097620 -0.229809 -0.364953 -0.485279 -0.631093 -0.884225 -0.927819 -0.977782 
62.873230 55781740.000000 58 62 66 0.759105 0.889265 0.893195 0.965291 0.949462 0.913723 0.814991 0.751466 0.639535 0.297287 0.182428 0.030495 -0.164866 -0.223798 -0.432902 -0.696234 -0.831446 -0.883625 -0.912595 0.964871 0.951674 0.918623 0.825201 0.774294 0.610819 0.279979 0.168004 -0.007374 -0.161475 -0.227779 -0.447563 -0.721525 -0.837822 -0.878556 -0.919891 
61.999054 51951308.000000 66 70 72 0.955502 0.903642 0.845319 0.961138 0.941362 0.915101 0.801451 0.737517 0.665880 0.304902 0.170671 0.059497 -0.153911 -0.236956 -0.362849 -0.708046 -0.838681 -0.898568 -0.918819 0.965465 0.943269 0.912654 0.813427 0.748097 0.650746 0.301573 0.170032 0.025008 -0.158793 -0.241926 -0.367490 -0.711880 -0.819804 -0.885570 -0.905184 
60.537319 36448808.000000 72 74 76 0.831433 0.979240 0.935827 0.966927 0.944387 0.924764 0.799248 0.709395 0.659885 0.335738 0.207634 0.039246 -0.171979 -0.242913 -0.453248 -0.771219 -0.830573 -0.896917 -0.915219 0.964034 0.943165 0.919451 0.817073 0.724214 0.668884 0.342874 0.194908 0.051413 -0.146288 -0.238025 -0.360507 -0.755639 -0.848596 -0.897410 -0.917961 
57.088287 26821796.000000 76 76 76 0.943852 0.946606 0.817827 0.974923 0.951245 0.923967 0.773400 0.677021 0.615803 0.319162 0.182493 0.063272 -0.179303 -0.252068 -0.564126 -0.762345 -0.818391 -0.889893 -0.910891 0.969047 0.947926 0.920902 0.778481 0.693716 0.625748 0.338989 0.191366 0.066835 -0.171193 -0.246530 -0.535403 -0.763209 -0.819397 -0.894038 -0.913848 
54.246170 22471998.000000 76 76 78 0.836478 0.946003 0.842214 0.982415 0.965562 0.915482 0.761253 0.643767 0.603410 0.275519 0.167391 0.003526 -0.170907 -0.369602 -0.575915 -0.693408 -0.762059 -0.848492 -0.901653 0.978361 0.956406 0.919266 0.773932 0.668969 0.615563 0.308241 0.176283 0.004301 -0.162402 -0.309154 -0.565300 -0.711573 -0.790808 -0.862990 -0.902136 
49.703220 1933314.000000 78 80 82 0.817643 0.669025 0.640852 0.988567 0.970823 0.926369 0.834573 0.703538 0.639842 0.341588 0.162634 0.042119 -0.142690 -0.353253 -0.571814 -0.680566 -0.775508 -0.876673 -0.906372 0.985087 0.972173 0.909673 0.778960 0.645340 0.616474 0.298219 0.167387 0.035575 -0.165699 -0.364456 -0.569806 -0.656088 -0.752390 -0.856455 -0.903974 
48.875637 1018332.125000 80 76 76 0.631624 0.793368 0.860015 0.989146 0.979917 0.938124 0.830438 0.703447 0.626196 0.388641 0.189570 0.116939 -0.081041 -0.401253 -0.556386 -0.677298 -0.768457 -0.842030 -0.922538 0.989148 0.979751 0.930417 0.845061 0.721704 0.647370 0.392946 0.207511 0.084983 -0.139309 -0.403178 -0.586753 -0.645818 -0.747360 -0.868738 -0.918603 
50.028107 509065.093750 76 76 78 0.850066 0.872749 0.887475 0.989857 0.981456 0.955176 0.848231 0.692037 0.649851 0.433063 0.200372 0.119839 -0.032288 -0.355896 -0.542246 -0.617506 -0.784326 -0.837962 -0.947697 0.988961 0.980893 0.943810 0.852813 0.698854 0.644897 0.429786 0.177372 0.116320 -0.092356 -0.398001 -0.553745 -0.658138 -0.789112 -0.831384 -0.925965 
49.788128 402227.125000 76 76 78 0.849635 0.862027 0.835543 0.990164 0.982737 0.952244 0.879921 0.712144 0.616840 0.361167 0.216792 0.119100 -0.002597 -0.369691 -0.565782 -0.625474 -0.819502 -0.916997 -0.989321 0.989662 0.980816 0.949707 0.877913 0.726337 0.635852 0.427339 0.260051 0.118509 0.055920 -0.299133 -0.549637 -0.622788 -0.787198 -0.859488 -0.970022 
45.550079 121866.007812 78 78 80 0.843534 0.837063 0.572148 0.992462 0.979617 0.945159 0.886174 0.747387 0.657763 0.380192 0.191736 0.130094 -0.053407 -0.321787 -0.545671 -0.639092 -0.789425 -0.881996 -0.973703 0.991495 0.982224 0.947654 0.875697 0.746357 0.667295 0.400617 0.212689 0.112001 -0.004722 -0.282715 -0.555111 -0.603064 -0.784842 -0.900107 -0.984366 
40.161507 4777978.000000 84 86 92 0.715734 0.680544 0.287089 0.982803 0.942837 0.848149 0.715426 0.586128 0.296268 0.199228 0.046414 -0.069697 -0.143771 -0.374563 -0.547157 -0.713013 -0.816117 -0.920730 -0.979915 0.991765 0.974147 0.935269 0.874401 0.734313 0.676410 0.535154 0.182169 0.143050 -0.045385 -0.308441 -0.497864 -0.668924 -0.806626 -0.912574 -0.968222 
48.853127 24738538.000000 152 38 40 0.488852 0.415320 0.689120 0.975997 0.948666 0.822018 0.603640 0.357257 0.115479 0.058041 -0.125065 -0.191390 -0.354238 -0.463771 -0.614156 -0.756237 -0.833836 -0.903710 -0.987135 0.963087 0.931345 0.791808 0.683284 0.417173 0.207136 0.097659 -0.082453 -0.141963 -0.296723 -0.426278 -0.620284 -0.774307 -0.820761 -0.940015 -0.989182 
50.523663 26011624.000000 40 72 62 0.675653 0.472944 0.832473 0.988072 0.977043 0.861583 0.622916 0.442844 0.221791 0.075964 -0.122197 -0.218047 -0.285466 -0.447963 -0.617481 -0.733621 -0.835001 -0.914382 -0.971636 0.978715 0.938509 0.760482 0.536011 0.233706 0.148188 0.006734 -0.117384 -0.200694 -0.327334 -0.476406 -0.649093 -0.758066 -0.846804 -0.924412 -0.981837 
53.751549 12358085.000000 64 72 72 0.605662 0.950474 0.972571 0.986152 0.980449 0.956448 0.714397 0.528153 0.455685 0.208764 0.129570 -0.059338 -0.254263 -0.382477 -0.524391 -0.642112 -0.767855 -0.898499 -0.955191 0.986238 0.980141 0.952330 0.659347 0.539997 0.402744 0.192364 0.010195 -0.180828 -0.272738 -0.403986 -0.552645 -0.703050 -0.812306 -0.908817 -0.971572 
55.482784 7481422.000000 72 72 72 0.982123 0.986196 0.985157 0.986254 0.980460 0.956729 0.817496 0.555366 0.499272 0.234372 0.141154 -0.008962 -0.226050 -0.426592 -0.543520 -0.647727 -0.774869 -0.873187 -0.949119 0.986348 0.980657 0.958009 0.763951 0.541529 0.470172 0.216654 0.134403 -0.018695 -0.241507 -0.386901 -0.507619 -0.633808 -0.754501 -0.876191 -0.972797 
54.920345 12042811.000000 72 72 72 0.985255 0.962361 0.984225 0.986015 0.979521 0.952149 0.762465 0.580399 0.521417 0.207675 0.136082 -0.087156 -0.273038 -0.469229 -0.582718 -0.715524 -0.794401 -0.890578 -0.953076 0.986261 0.980577 0.954786 0.783331 0.574378 0.526485 0.244216 0.158570 -0.013814 -0.252622 -0.421370 -0.555950 -0.654624 -0.791716 -0.866203 -0.941857 
52.544079 12530720.000000 72 72 72 0.987097 0.976478 0.953172 0.988354 0.978404 0.956589 0.692397 0.593519 0.519228 0.178968 0.108987 -0.187479 -0.425435 -0.594288 -0.706991 -0.795256 -0.854842 -0.916652 -0.975555 0.986306 0.978051 0.954069 0.720317 0.585816 0.522325 0.198380 0.118290 -0.082818 -0.361710 -0.551020 -0.652454 -0.771760 -0.822803 -0.884474 -0.933045 
48.922901 6660619.000000 72 72 72 0.959442 0.969988 0.910847 0.991020 0.982567 0.962637 0.695086 0.563647 0.392561 0.122985 -0.122893 -0.297337 -0.414631 -0.630776 -0.747138 -0.837734 -0.898578 -0.940832 -0.982395 0.990468 0.981380 0.959943 0.689069 0.597171 0.388804 0.161330 -0.001765 -0.259180 -0.420847 -0.567857 -0.725443 -0.843836 -0.891232 -0.930670 -0.983526 
45.707783 5792776.000000 72 78 94 0.901220 0.666275 0.457297 0.985173 0.971198 0.920426 0.635331 0.537943 0.243290 0.024330 -0.184835 -0.388844 -0.475908 -0.622612 -0.717794 -0.802909 -0.860807 -0.910787 -0.985193 0.990600 0.983297 0.943708 0.621992 0.531970 0.284678 0.061181 -0.163947 -0.322705 -0.483986 -0.635676 -0.749693 -0.815329 -0.900850 -0.945393 -0.984280 
37.493416 465217.968750 94 120 74 0.434795 0.406787 0.666536 0.989674 0.975961 0.935478 0.704511 0.554188 0.408360 0.141153 -0.026560 -0.306020 -0.418411 -0.562194 -0.679210 -0.760766 -0.867082 -0.915724 -0.971367 0.982774 0.970907 0.947825 0.695446 0.582230 0.393695 0.069843 -0.136894 -0.332798 -0.454078 -0.554701 -0.678614 -0.766252 -0.859421 -0.913619 -0.984095 
31.940556 149738.578125 74 68 62 0.571344 0.669089 0.786196 0.992967 0.985691 0.950847 0.744199 0.555598 0.447649 0.254843 -0.002624 -0.272281 -0.391179 -0.537045 -0.700639 -0.798248 -0.867686 -0.943110 -0.981224 0.989849 0.978044 0.947393 0.742236 0.555122 0.417737 0.163865 0.002498 -0.282217 -0.403599 -0.531015 -0.641674 -0.774547 -0.861081 -0.938275 -0.973444 
50.590416 410761.031250 64 62 62 0.650220 0.934562 0.967462 0.994083 0.983956 0.972932 0.913677 0.697016 0.677034 0.409321 0.214361 -0.132806 -0.342496 -0.526374 -0.672595 -0.765227 -0.849315 -0.925341 -0.972816 0.994344 0.985424 0.973787 0.934756 0.662151 0.576293 0.338412 0.106865 -0.270722 -0.386145 -0.584873 -0.682432 -0.798848 -0.866949 -0.924250 -0.978121 
53.715256 491321.906250 64 64 64 0.950376 0.952638 0.987746 0.993376 0.982435 0.972426 0.885924 0.704389 0.666625 0.414721 0.300028 -0.103527 -0.144308 -0.272255 -0.554760 -0.717149 -0.811219 -0.921516 -0.961395 0.993711 0.982839 0.973109 0.903912 0.698180 0.676667 0.424645 0.290355 -0.092336 -0.161389 -0.460572 -0.639995 -0.752358 -0.850607 -0.919338 -0.970320 
57.349571 56487744.000000 64 58 68 0.983335 0.637906 0.979409 0.982310 0.966349 0.941593 0.730291 0.542322 0.476851 0.279336 0.186561 0.010871 -0.202958 -0.312573 -0.405089 -0.700167 -0.753153 -0.826546 -0.870360 0.990329 0.978026 0.957142 0.786571 0.607622 0.525412 0.353629 0.233060 0.085257 -0.180448 -0.248389 -0.393113 -0.693542 -0.748924 -0.823121 -0.920581 
59.974892 96889728.000000 68 70 70 0.973662 0.980719 0.986146 0.980092 0.965295 0.943038 0.766989 0.466688 0.401656 0.266685 0.098444 -0.015764 -0.180082 -0.388844 -0.455888 -0.662469 -0.762917 -0.854989 -0.877420 0.980147 0.965135 0.938489 0.741354 0.504753 0.421503 0.264413 0.134021 -0.014478 -0.181140 -0.370395 -0.431582 -0.697268 -0.775819 -0.848644 -0.876438 
59.517597 66288024.000000 70 72 72 0.988526 0.977119 0.990259 0.982709 0.968133 0.946967 0.780793 0.448225 0.370221 0.265173 0.095521 -0.033733 -0.149697 -0.374528 -0.448804 -0.643945 -0.753656 -0.842063 -0.882571 0.980935 0.966617 0.941963 0.755688 0.461966 0.396715 0.271765 0.095679 -0.016603 -0.155096 -0.381516 -0.456722 -0.637604 -0.751793 -0.852459 -0.880657 
59.295769 61364216.000000 72 72 72 0.993218 0.991104 0.959971 0.982544 0.968539 0.947992 0.781345 0.428727 0.357056 0.258017 0.084608 -0.036881 -0.155281 -0.354404 -0.446922 -0.612859 -0.743641 -0.831946 -0.880280 0.983103 0.968128 0.949296 0.789128 0.441831 0.361748 0.276364 0.097489 -0.038412 -0.146397 -0.362107 -0.443851 -0.621054 -0.738945 -0.838323 -0.880063 
58.424797 46038616.000000 72 74 74 0.962924 0.986589 0.976555 0.984613 0.971364 0.950446 0.788562 0.396612 0.328165 0.233994 0.091330 -0.048946 -0.154926 -0.368432 -0.447158 -0.603529 -0.728633 -0.844810 -0.916366 0.982952 0.969916 0.947802 0.777406 0.419996 0.338212 0.240397 0.079927 -0.045526 -0.158271 -0.360122 -0.457696 -0.612739 -0.738633 -0.832223 -0.908126 
57.331242 30471310.000000 74 74 76 0.979763 0.969308 0.986456 0.985772 0.973642 0.954653 0.808678 0.383774 0.314160 0.202883 0.091892 -0.055914 -0.184886 -0.369357 -0.450808 -0.603727 -0.764444 -0.892042 -0.920985 0.984987 0.972767 0.951360 0.793289 0.383399 0.321975 0.216785 0.088407 -0.048764 -0.161500 -0.368459 -0.443373 -0.626374 -0.743790 -0.869004 -0.918778 
55.700817 22375168.000000 76 78 78 0.986547 0.969993 0.974814 0.986506 0.974025 0.955849 0.812532 0.391957 0.290357 0.185761 0.097601 -0.042722 -0.169034 -0.384795 -0.461635 -0.622574 -0.821763 -0.893228 -0.914132 0.986816 0.974194 0.956710 0.796221 0.383099 0.308212 0.185960 0.089449 -0.055003 -0.186119 -0.381054 -0.460568 -0.643885 -0.777501 -0.895513 -0.915394 
54.504322 12347224.000000 78 80 80 0.959983 0.910139 0.939474 0.987318 0.975550 0.957924 0.845905 0.380941 0.258485 0.158808 0.084483 -0.052065 -0.179056 -0.385993 -0.461344 -0.660924 -0.840239 -0.887020 -0.913170 0.986912 0.973902 0.959561 0.836105 0.377725 0.273558 0.176698 0.101143 -0.052993 -0.183650 -0.380268 -0.463144 -0.618313 -0.834043 -0.890036 -0.912368 
53.815338 8065035.000000 82 82 84 0.938645 0.949463 0.961895 0.987188 0.977334 0.964662 0.832892 0.398371 0.292186 0.155277 0.079976 -0.057435 -0.172503 -0.384696 -0.440096 -0.695821 -0.848076 -0.880345 -0.909892 0.987281 0.976852 0.962330 0.835877 0.376929 0.267505 0.158206 0.090357 -0.053606 -0.171302 -0.392147 -0.446867 -0.675388 -0.848604 -0.884386 -0.909672 
51.922905 3473037.750000 86 86 88 0.952551 0.926112 0.964565 0.988063 0.978796 0.966678 0.868831 0.384628 0.307741 0.142104 0.076029 -0.058494 -0.166899 -0.384740 -0.453858 -0.717902 -0.829463 -0.869004 -0.900514 0.987851 0.977569 0.964237 0.876170 0.374871 0.294574 0.139965 0.074906 -0.047271 -0.168173 -0.395703 -0.449923 -0.716369 -0.838064 -0.875678 -0.909033 
50.636574 1024955.125000 88 90 90 0.940060 0.954736 0.942423 0.988529 0.979611 0.969064 0.922482 0.380295 0.269142 0.165146 0.092242 -0.015214 -0.111587 -0.330914 -0.421266 -0.652707 -0.815805 -0.860800 -0.897590 0.988075 0.978838 0.965922 0.890812 0.386811 0.298440 0.153600 0.082163 -0.023627 -0.117188 -0.347725 -0.434776 -0.680602 -0.821840 -0.862529 -0.899815 
51.259682 1648293.000000 92 92 96 0.949268 0.941636 0.933641 0.988016 0.979391 0.967492 0.927630 0.344213 0.258800 0.143716 0.063450 -0.036447 -0.157219 -0.355661 -0.425742 -0.780525 -0.827806 -0.872054 -0.894347 0.988198 0.979924 0.968910 0.932321 0.377157 0.264362 0.158221 0.092502 -0.031500 -0.125093 -0.373807 -0.421680 -0.745914 -0.829402 -0.868259 -0.897353 
50.842228 827121.187500 96 100 100 0.935957 0.959030 0.918564 0.987590 0.979865 0.966757 0.934745 0.379055 0.311400 0.213284 0.070843 0.000858 -0.099903 -0.381691 -0.432720 -0.784665 -0.827430 -0.878143 -0.895844 0.988256 0.980577 0.968133 0.934405 0.389085 0.294447 0.192382 0.074235 -0.015771 -0.128372 -0.345224 -0.442360 -0.778406 -0.824851 -0.873944 -0.893741 
49.346992 384736.125000 102 104 106 0.966146 0.919454 0.909481 0.989538 0.982702 0.966654 0.919960 0.458458 0.381869 0.318226 0.171092 0.047833 -0.006678 -0.359436 -0.430316 -0.754071 -0.849603 -0.869975 -0.920861 0.988250 0.980552 0.967192 0.919517 0.404340 0.355020 0.255202 0.146022 0.017532 -0.022319 -0.318369 -0.455471 -0.793134 -0.842445 -0.878251 -0.901355 
41.085976 40212.457031 106 120 92 0.818762 0.451518 0.788660 0.992321 0.986415 0.965826 0.918682 0.500659 0.363244 0.287638 0.135008 0.050167 -0.043121 -0.313175 -0.474065 -0.682298 -0.862518 -0.890849 -0.956928 0.991976 0.984458 0.966243 0.925532 0.531838 0.393547 0.307679 0.163521 0.055405 -0.050295 -0.356317 -0.454062 -0.694006 -0.860879 -0.877239 -0.953970 
38.082302 21369.689453 90 106 70 0.847538 0.675601 0.501793 0.994833 0.985059 0.969750 0.939164 0.595317 0.402472 0.255265 0.176474 0.060417 -0.047249 -0.332874 -0.499813 -0.700321 -0.806152 -0.898250 -0.958833 0.992558 0.986497 0.964676 0.918168 0.543261 0.360088 0.294362 0.160431 0.066821 -0.087579 -0.361520 -0.465183 -0.686931 -0.835444 -0.884464 -0.957952 
31.024372 15396.432617 122 72 90 0.701899 0.663350 0.492591 0.995242 0.987488 0.954839 0.828757 0.562529 0.407188 0.255681 0.126220 0.003606 -0.192025 -0.393741 -0.559180 -0.680462 -0.838681 -0.911288 -0.966607 0.994483 0.984756 0.965326 0.889335 0.589292 0.395695 0.250757 0.149107 0.025682 -0.076032 -0.357430 -0.506062 -0.684267 -0.829284 -0.902409 -0.974214 
41.630589 1673211.125000 104 124 84 0.282913 0.641760 0.864651 0.987833 0.979646 0.961396 0.717050 0.488224 0.411008 0.192449 0.084153 -0.084288 -0.289950 -0.445153 -0.602162 -0.695300 -0.800437 -0.861676 -0.954306 0.984450 0.969300 0.924216 0.729020 0.446172 0.341400 0.107990 -0.011792 -0.133339 -0.279546 -0.417392 -0.617652 -0.669736 -0.766819 -0.841068 -0.946530 
49.517052 688001.625000 84 170 170 0.826507 0.768798 0.771887 0.986038 0.974545 0.963363 0.838017 0.580819 0.502227 0.377181 0.218499 0.124545 0.012821 -0.301226 -0.436393 -0.638990 -0.774315 -0.828466 -0.940482 0.986566 0.977659 0.965939 0.822477 0.536832 0.466900 0.347564 0.187230 0.096524 -0.042852 -0.360019 -0.481459 -0.663783 -0.778510 -0.862100 -0.953981 
39.986092 67870.382812 168 72 90 0.594566 0.845172 0.673395 0.994770 0.976457 0.960058 0.806625 0.547576 0.473265 0.249960 0.163244 0.098259 -0.155905 -0.308974 -0.440422 -0.655543 -0.720507 -0.905009 -0.966978 0.990642 0.973517 0.964952 0.863585 0.552509 0.476424 0.327834 0.163524 0.101510 -0.081626 -0.318859 -0.383769 -0.670195 -0.755403 -0.864579 -0.962084 
28.329916 12544.890625 90 92 90 0.636072 0.816860 0.628197 0.987062 0.973941 0.948872 0.863311 0.546487 0.468322 0.363255 0.165609 0.095613 -0.157968 -0.395846 -0.543498 -0.681775 -0.807188 -0.915434 -0.969028 0.992414 0.978812 0.955912 0.821944 0.555328 0.452768 0.323544 0.161277 0.106702 -0.106022 -0.370436 -0.502823 -0.692814 -0.737649 -0.910432 -0.969273 
17.157547 4619.370605 88 126 88 0.638009 0.637828 0.626286 0.987763 0.974201 0.921394 0.795817 0.565376 0.461493 0.296166 0.144981 0.029245 -0.280321 -0.402319 -0.542043 -0.734815 -0.845778 -0.923862 -0.976984 0.987214 0.971940 0.938733 0.792204 0.559696 0.466013 0.298524 0.136872 0.053795 -0.266737 -0.447957 -0.552331 -0.712444 -0.828549 -0.897349 -0.981023 
16.466331 3965.732666 44 56 40 0.689765 0.368664 0.458739 0.984583 0.968940 0.911524 0.781836 0.585821 0.454277 0.325545 0.140022 -0.037166 -0.261402 -0.401162 -0.574239 -0.700431 -0.839881 -0.917665 -0.969724 0.989582 0.974854 0.925636 0.834694 0.594666 0.474837 0.382171 0.117891 -0.014625 -0.258129 -0.403102 -0.601791 -0.673459 -0.836951 -0.925544 -0.976095 
15.119710 3825.281006 90 48 46 0.569400 0.734727 0.482504 0.986475 0.960386 0.924148 0.785255 0.617229 0.471478 0.295258 0.143935 -0.060958 -0.234988 -0.434317 -0.589764 -0.746968 -0.826301 -0.933922 -0.975967 0.988579 0.974400 0.932901 0.796282 0.579311 0.438865 0.286623 0.128410 -0.067246 -0.242125 -0.372348 -0.604946 -0.711696 -0.852262 -0.906777 -0.974998 
13.234627 3297.133301 20 46 28 0.385032 0.418900 0.490279 0.986255 0.963833 0.911558 0.804996 0.560072 0.469616 0.320493 0.100906 -0.102639 -0.222632 -0.425124 -0.568910 -0.718235 -0.831255 -0.922492 -0.977108 0.987217 0.971416 0.924229 0.791672 0.609460 0.454165 0.302812 0.122447 -0.037122 -0.215863 -0.427480 -0.582769 -0.719272 -0.847885 -0.935498 -0.976981 
13.899376 3301.540039 60 26 26 0.415192 0.505629 0.986233 0.983790 0.967781 0.926672 0.801230 0.606365 0.489970 0.329175 0.180036 -0.072211 -0.248649 -0.438257 -0.585380 -0.727883 -0.842560 -0.906113 -0.974504 0.979467 0.969611 0.901614 0.773863 0.604943 0.418456 0.333330 0.156191 -0.088158 -0.246335 -0.425045 -0.584845 -0.695457 -0.840380 -0.917005 -0.982926 
