35.249561 1297048.625000 20 30 60 0.000000 0.332802 0.502845 0.903790 0.853436 0.741525 0.657218 0.565217 0.426559 0.315070 0.131811 -0.077087 -0.194966 -0.366751 -0.476715 -0.611471 -0.851990 -0.933983 -0.956101 0.921680 0.819699 0.687930 0.634219 0.555937 0.414174 0.277000 0.106181 -0.121619 -0.210648 -0.392854 -0.543976 -0.683939 -0.791624 -0.952259 -0.974508 
41.867756 1901158.250000 44 32 48 0.329653 0.523809 0.460122 0.929399 0.858261 0.791332 0.668887 0.612595 0.548624 0.304241 0.161180 0.056461 -0.184846 -0.290881 -0.437521 -0.576675 -0.783909 -0.939105 -0.961963 0.904114 0.864126 0.748474 0.659913 0.599635 0.484230 0.292971 0.184694 -0.052112 -0.171266 -0.322085 -0.415256 -0.561682 -0.862243 -0.944751 -0.954474 
57.458073 37656708.000000 46 40 44 0.283466 0.879724 0.855367 0.978083 0.937832 0.856554 0.809871 0.672771 0.636562 0.465166 0.304089 0.136517 -0.094070 -0.250493 -0.383538 -0.570011 -0.699985 -0.858807 -0.934712 0.982527 0.955650 0.874288 0.814891 0.697837 0.612319 0.527626 0.295995 0.150349 -0.088728 -0.221616 -0.353156 -0.518136 -0.765240 -0.930241 -0.954486 
64.265854 157641456.000000 44 46 46 0.842947 0.989674 0.980800 0.964209 0.921908 0.854523 0.783355 0.694631 0.649735 0.424328 0.271006 0.064874 -0.155680 -0.282899 -0.429659 -0.586288 -0.735910 -0.861759 -0.955664 0.970625 0.917134 0.855212 0.788458 0.679562 0.644178 0.426636 0.281475 0.082852 -0.141782 -0.279473 -0.416057 -0.583943 -0.723835 -0.852891 -0.945368 
64.598991 88907608.000000 46 46 48 0.988928 0.972895 0.958758 0.964611 0.936548 0.870085 0.799904 0.763741 0.648303 0.422622 0.231829 0.097802 -0.174647 -0.273305 -0.407295 -0.587030 -0.754108 -0.818837 -0.912299 0.962507 0.930637 0.857183 0.788647 0.722825 0.630878 0.460108 0.256559 0.084964 -0.160462 -0.279783 -0.423184 -0.583170 -0.736246 -0.823909 -0.938379 
62.579338 30885676.000000 48 48 48 0.922683 0.936331 0.972169 0.974540 0.947685 0.918157 0.862939 0.759721 0.640700 0.354485 0.176527 0.018297 -0.169069 -0.266642 -0.365386 -0.615602 -0.741970 -0.788884 -0.923914 0.968888 0.942061 0.895221 0.813003 0.773887 0.652380 0.364197 0.216541 0.065406 -0.167351 -0.260383 -0.380064 -0.589694 -0.769275 -0.811326 -0.906601 
62.863625 13937767.000000 48 48 48 0.951327 0.953588 0.947770 0.975636 0.959504 0.928070 0.893795 0.776989 0.642433 0.384744 0.204196 0.054758 -0.140714 -0.288551 -0.374312 -0.616462 -0.711574 -0.776485 -0.949437 0.975673 0.956402 0.923498 0.895081 0.765860 0.615144 0.350647 0.173413 0.047966 -0.158773 -0.272266 -0.371726 -0.628061 -0.724572 -0.762497 -0.931609 
62.026752 5699535.000000 48 48 48 0.946015 0.946179 0.922067 0.977147 0.965134 0.940243 0.892206 0.736060 0.668473 0.473394 0.194915 0.088423 -0.175691 -0.329758 -0.415215 -0.566060 -0.657695 -0.827107 -0.968425 0.976003 0.963868 0.936506 0.895130 0.743334 0.655662 0.416019 0.201435 0.064333 -0.150315 -0.299548 -0.381521 -0.580007 -0.679664 -0.817708 -0.962409 
61.726227 6600520.500000 48 48 48 0.948703 0.934756 0.924595 0.976783 0.964532 0.940138 0.894040 0.825526 0.652373 0.370565 0.133497 0.087213 -0.187673 -0.381765 -0.457701 -0.596238 -0.661882 -0.781150 -0.963059 0.977688 0.965321 0.936970 0.903185 0.751990 0.677174 0.486178 0.139100 0.087976 -0.169920 -0.349032 -0.440385 -0.578667 -0.647003 -0.799859 -0.967004 
65.874870 37398980.000000 48 48 48 0.960168 0.921421 0.966791 0.969265 0.961582 0.910046 0.857800 0.802408 0.681670 0.387033 0.135896 0.074963 -0.258771 -0.370822 -0.505983 -0.611330 -0.730278 -0.780138 -0.905500 0.972079 0.962898 0.929852 0.866513 0.825672 0.696917 0.358051 0.138945 0.074213 -0.245686 -0.372692 -0.476402 -0.604765 -0.703267 -0.766321 -0.949068 
63.942451 92944528.000000 48 48 48 0.972371 0.949291 0.928697 0.970119 0.952938 0.901964 0.809510 0.709525 0.649578 0.381915 0.178562 0.058595 -0.205535 -0.375354 -0.511592 -0.628913 -0.739959 -0.813959 -0.834154 0.970571 0.958667 0.911503 0.827555 0.763468 0.679589 0.370873 0.164368 0.061644 -0.224230 -0.376011 -0.515566 -0.620689 -0.750855 -0.802516 -0.860779 
63.579483 173354640.000000 48 48 48 0.972090 0.932465 0.917112 0.968247 0.941773 0.897911 0.763957 0.653703 0.604488 0.410944 0.200926 0.073329 -0.175331 -0.346912 -0.460089 -0.616470 -0.696739 -0.814449 -0.838348 0.968812 0.945154 0.901763 0.766983 0.679039 0.635537 0.394279 0.197501 0.069080 -0.173190 -0.360790 -0.489639 -0.618371 -0.714544 -0.817157 -0.835151 
63.555061 192028112.000000 48 48 48 0.925772 0.930608 0.943876 0.969377 0.937184 0.901231 0.766029 0.619847 0.588679 0.407943 0.206320 0.062654 -0.191121 -0.346170 -0.453734 -0.604615 -0.708699 -0.817289 -0.854942 0.969749 0.939617 0.900492 0.772736 0.626936 0.590777 0.398189 0.209023 0.067281 -0.193530 -0.354665 -0.456859 -0.611731 -0.712324 -0.816558 -0.848687 
63.956345 172793520.000000 48 48 48 0.945304 0.958867 0.996013 0.969849 0.937674 0.906372 0.783262 0.619337 0.596595 0.407507 0.197992 0.054343 -0.184773 -0.344549 -0.454224 -0.621590 -0.715407 -0.816636 -0.864450 0.969060 0.936778 0.902958 0.771020 0.618250 0.592599 0.420351 0.202370 0.057739 -0.195433 -0.339811 -0.455302 -0.606137 -0.707813 -0.817949 -0.863946 
63.454624 95697000.000000 48 48 50 0.985321 0.993779 0.976597 0.971629 0.942983 0.912499 0.807091 0.651400 0.613595 0.452726 0.248959 0.048499 -0.189538 -0.304469 -0.429943 -0.625189 -0.726398 -0.819547 -0.859006 0.970626 0.939007 0.909508 0.794106 0.630269 0.603391 0.411855 0.205335 0.038594 -0.192503 -0.323569 -0.451841 -0.616296 -0.712947 -0.820562 -0.861008 
58.478691 9109546.000000 48 50 54 0.927224 0.878115 0.804027 0.984292 0.960860 0.911080 0.796999 0.701878 0.621594 0.489120 0.256612 0.003955 -0.209704 -0.314521 -0.417000 -0.606604 -0.737290 -0.811507 -0.880030 0.975579 0.948820 0.917010 0.818845 0.690721 0.631614 0.476038 0.261505 0.056055 -0.198780 -0.293821 -0.397828 -0.614296 -0.736953 -0.818581 -0.863849 
48.466068 2441826.250000 54 54 48 0.851939 0.647999 0.557494 0.989866 0.973593 0.893584 0.796375 0.671934 0.593678 0.397944 0.262726 0.148338 -0.194083 -0.306117 -0.484337 -0.603373 -0.740357 -0.840304 -0.952815 0.989691 0.971812 0.894679 0.807329 0.687943 0.609601 0.484092 0.250680 0.080825 -0.182609 -0.338922 -0.451235 -0.610967 -0.742355 -0.800854 -0.910407 
45.583679 3091347.500000 56 48 62 0.537585 0.469904 0.599237 0.989270 0.958304 0.879010 0.806997 0.660108 0.607828 0.468918 0.252621 0.088373 -0.250225 -0.402278 -0.493577 -0.673899 -0.793032 -0.927882 -0.959373 0.986633 0.964684 0.873658 0.788196 0.653338 0.589923 0.435608 0.282844 0.014349 -0.192493 -0.381931 -0.483041 -0.660028 -0.802616 -0.938772 -0.958705 
47.019176 4616356.000000 48 60 60 0.595725 0.841328 0.890051 0.986582 0.970580 0.889030 0.792706 0.682990 0.583946 0.465047 0.241977 -0.038171 -0.177696 -0.436079 -0.549783 -0.697706 -0.800406 -0.931991 -0.981244 0.987890 0.951192 0.905032 0.820981 0.647800 0.593234 0.445079 0.262277 0.011188 -0.245705 -0.362702 -0.532223 -0.688113 -0.782955 -0.889038 -0.967523 
54.359024 3579488.250000 60 60 60 0.918441 0.974122 0.953056 0.979380 0.964708 0.923522 0.813388 0.745617 0.643103 0.549389 0.410864 0.101604 -0.090726 -0.195833 -0.414114 -0.647726 -0.750017 -0.853295 -0.970428 0.979866 0.966172 0.904056 0.799201 0.725147 0.602692 0.529019 0.365045 0.029470 -0.131491 -0.258060 -0.452434 -0.655853 -0.728882 -0.907434 -0.977706 
56.140640 2388781.500000 60 62 62 0.975676 0.924180 0.983880 0.979285 0.964465 0.929988 0.818397 0.747782 0.652628 0.598999 0.517217 0.075914 -0.093305 -0.235716 -0.537180 -0.696814 -0.721464 -0.815636 -0.955415 0.978335 0.963429 0.927744 0.823028 0.744263 0.659450 0.585756 0.491062 0.109895 -0.098301 -0.180141 -0.415809 -0.675630 -0.735787 -0.845662 -0.968120 
55.039001 1936576.125000 62 62 62 0.985449 0.988051 0.971750 0.980411 0.966592 0.927426 0.799880 0.736044 0.651427 0.604654 0.521175 0.126878 -0.056810 -0.258448 -0.654064 -0.694538 -0.722125 -0.798124 -0.947643 0.979472 0.964951 0.926932 0.814595 0.742635 0.657786 0.605625 0.534943 0.046013 -0.078100 -0.258954 -0.621930 -0.694615 -0.720262 -0.812552 -0.955856 
53.123024 1264827.375000 62 62 60 0.968934 0.918464 0.984458 0.981145 0.966855 0.928602 0.802682 0.737639 0.668026 0.600651 0.541478 0.163107 -0.091388 -0.483446 -0.682948 -0.713147 -0.759693 -0.818443 -0.921315 0.981181 0.966705 0.924157 0.802206 0.737985 0.654193 0.601533 0.510394 0.173347 -0.038132 -0.394862 -0.676868 -0.701707 -0.739839 -0.806537 -0.954254 
50.590874 708511.937500 60 60 58 0.978799 0.970170 0.929993 0.982906 0.969558 0.931856 0.796098 0.728831 0.677755 0.596481 0.535730 0.198427 -0.172080 -0.507044 -0.676080 -0.698889 -0.792576 -0.836418 -0.922295 0.981020 0.966528 0.931494 0.801802 0.728361 0.672437 0.600494 0.529378 0.187389 -0.149873 -0.525660 -0.667642 -0.708499 -0.782928 -0.829310 -0.903223 
46.719284 244466.640625 58 58 56 0.928913 0.946157 0.726579 0.984182 0.967239 0.932995 0.827997 0.725185 0.659766 0.599776 0.538385 0.142330 -0.172936 -0.380200 -0.650518 -0.693101 -0.785487 -0.867879 -0.950615 0.983712 0.971188 0.927429 0.806737 0.731914 0.666479 0.607728 0.519534 0.181495 -0.147236 -0.436706 -0.682792 -0.709934 -0.776199 -0.845327 -0.926393 
41.001095 77395.859375 56 58 62 0.701392 0.703648 0.701315 0.990172 0.975326 0.926502 0.825054 0.729976 0.632111 0.582971 0.493694 0.115049 -0.241571 -0.382610 -0.615994 -0.699056 -0.813789 -0.903014 -0.957631 0.986172 0.971174 0.935228 0.841864 0.727494 0.644182 0.588304 0.518722 0.182297 -0.232904 -0.389711 -0.635984 -0.695404 -0.782995 -0.890941 -0.945678 
34.812286 36638.285156 62 62 62 0.753128 0.666291 0.580237 0.981279 0.951742 0.888290 0.794473 0.730990 0.661926 0.596663 0.456391 0.080652 -0.137941 -0.294327 -0.502696 -0.663867 -0.834471 -0.920300 -0.972188 0.988759 0.961450 0.925846 0.809964 0.717601 0.664715 0.602048 0.507900 0.116863 -0.158045 -0.366969 -0.537201 -0.691738 -0.830615 -0.912989 -0.974962 
28.539637 23669.554688 62 62 62 0.525293 0.727350 0.532313 0.975044 0.945475 0.866578 0.781611 0.721780 0.638177 0.536197 0.275997 0.115277 -0.205444 -0.356510 -0.522032 -0.681886 -0.820717 -0.920294 -0.968603 0.976890 0.946286 0.884575 0.768330 0.723264 0.647368 0.575749 0.341556 0.140995 -0.162887 -0.344113 -0.515053 -0.628771 -0.821112 -0.921998 -0.961182 
22.998333 11290.181641 62 60 60 0.644598 0.344655 0.530706 0.982549 0.952530 0.838470 0.759313 0.709868 0.634313 0.524185 0.207293 0.017005 -0.233481 -0.424193 -0.539782 -0.672412 -0.822663 -0.901228 -0.971007 0.978571 0.949181 0.865767 0.765760 0.709624 0.644513 0.488783 0.260745 0.056473 -0.236816 -0.354660 -0.533953 -0.695317 -0.833663 -0.918042 -0.979975 
21.935997 10538.629883 62 62 60 0.728364 0.736983 0.692647 0.981520 0.971593 0.868089 0.749851 0.689258 0.626869 0.402126 0.177135 -0.058862 -0.219654 -0.399921 -0.548362 -0.718464 -0.826210 -0.931202 -0.982748 0.978097 0.966821 0.836560 0.747689 0.696344 0.628293 0.480464 0.180376 -0.003827 -0.248262 -0.426225 -0.587173 -0.702433 -0.803325 -0.907813 -0.982406 
18.830938 6697.230957 116 58 56 0.702206 0.452257 0.539407 0.980491 0.965302 0.902619 0.741881 0.694013 0.615090 0.398782 0.181674 -0.024661 -0.256042 -0.397344 -0.516019 -0.753277 -0.868342 -0.930067 -0.970501 0.981024 0.962896 0.872339 0.778193 0.696470 0.618037 0.423512 0.226304 -0.039394 -0.238801 -0.387931 -0.552534 -0.706592 -0.864954 -0.933415 -0.963990 
17.982559 6786.230469 56 28 62 0.728796 0.448822 0.478933 0.982651 0.966449 0.868565 0.794394 0.688829 0.573616 0.372940 0.161046 -0.100216 -0.290126 -0.420843 -0.571642 -0.710911 -0.843667 -0.926006 -0.978953 0.982529 0.968599 0.910295 0.767738 0.669128 0.597369 0.364054 0.211393 -0.020602 -0.222679 -0.357158 -0.542778 -0.732737 -0.814833 -0.897051 -0.977278 
14.413725 5163.042969 144 118 116 0.559610 0.602864 0.372806 0.986118 0.967702 0.879955 0.774555 0.668810 0.554335 0.356329 0.137836 -0.060930 -0.252872 -0.410997 -0.562665 -0.732788 -0.856910 -0.922479 -0.965494 0.979626 0.960074 0.886434 0.774350 0.690878 0.568422 0.314632 0.148028 -0.048613 -0.223713 -0.445786 -0.582190 -0.735539 -0.841183 -0.934784 -0.967208 
15.051565 3571.846191 116 118 116 0.436016 0.495879 0.592851 0.980182 0.967740 0.910124 0.773001 0.681875 0.559947 0.351836 0.118340 -0.038333 -0.251563 -0.406321 -0.565488 -0.728128 -0.818409 -0.933598 -0.981119 0.984037 0.963496 0.901759 0.790277 0.667344 0.537218 0.307376 0.127501 -0.057527 -0.285832 -0.425842 -0.591584 -0.725148 -0.837718 -0.938578 -0.981877 
15.276989 4170.531250 116 146 146 0.620935 0.677970 0.645232 0.980644 0.966521 0.902548 0.803927 0.669500 0.520120 0.344601 0.185266 -0.061597 -0.202140 -0.430375 -0.583383 -0.752909 -0.876013 -0.920238 -0.979546 0.980839 0.966450 0.890368 0.768962 0.672407 0.585680 0.343197 0.173488 -0.057941 -0.232567 -0.421835 -0.561027 -0.711311 -0.853203 -0.921689 -0.979007 
14.190958 3320.463379 60 60 84 0.516193 0.608017 0.494852 0.981196 0.969263 0.918373 0.769448 0.647222 0.548482 0.386598 0.136630 -0.087418 -0.271710 -0.420476 -0.582703 -0.761977 -0.848665 -0.914700 -0.969164 0.977731 0.964396 0.878834 0.789153 0.688540 0.512857 0.262270 0.095920 -0.093765 -0.258224 -0.384816 -0.607704 -0.754812 -0.858194 -0.912394 -0.977820 
15.745501 3978.239746 84 88 88 0.495557 0.695089 0.479121 0.981729 0.971934 0.907641 0.804231 0.680621 0.472507 0.308996 0.134190 -0.101274 -0.265229 -0.450870 -0.568351 -0.722743 -0.849499 -0.919423 -0.968250 0.984316 0.969763 0.902480 0.812882 0.692991 0.561080 0.346065 0.141119 -0.027946 -0.248944 -0.436660 -0.548509 -0.712918 -0.842700 -0.924869 -0.972340 
16.151773 2647.273193 58 204 204 0.685999 0.664569 0.602132 0.980671 0.975054 0.922583 0.780047 0.666847 0.562458 0.290536 0.105053 -0.047652 -0.272943 -0.405534 -0.611951 -0.755822 -0.859352 -0.915547 -0.983449 0.979200 0.966495 0.906478 0.804385 0.695601 0.527552 0.294818 0.141183 -0.080711 -0.280021 -0.443650 -0.571313 -0.743210 -0.857753 -0.922128 -0.978912 
15.071506 3185.215332 90 176 86 0.625127 0.577831 0.503050 0.977416 0.971834 0.899922 0.783832 0.640280 0.502997 0.378493 0.076269 -0.091562 -0.291769 -0.456087 -0.594739 -0.743700 -0.821353 -0.915144 -0.974351 0.980464 0.972160 0.892520 0.786800 0.673255 0.472428 0.296924 0.145869 -0.076261 -0.253736 -0.441817 -0.635684 -0.741340 -0.836265 -0.912983 -0.977049 
14.323418 2636.771484 230 54 142 0.619934 0.745437 0.632084 0.977645 0.970051 0.898935 0.803724 0.660054 0.472382 0.310178 0.140429 -0.066633 -0.224520 -0.445125 -0.580588 -0.713611 -0.860687 -0.928563 -0.979643 0.979005 0.971394 0.912813 0.777504 0.634942 0.489079 0.322608 0.093043 -0.097371 -0.219282 -0.432133 -0.560651 -0.712846 -0.836605 -0.923297 -0.986490 
13.561937 2100.136719 56 58 52 0.447793 0.787263 0.576772 0.982605 0.971825 0.913736 0.837520 0.666641 0.459835 0.329295 0.146486 -0.058136 -0.256608 -0.445731 -0.608536 -0.745504 -0.864678 -0.914465 -0.978589 0.981050 0.970556 0.901409 0.797535 0.676719 0.483055 0.315136 0.155940 -0.140443 -0.279110 -0.417943 -0.598576 -0.712295 -0.845413 -0.909813 -0.988993 
38.411667 7374.190430 118 54 54 0.454883 0.477163 0.843924 0.993815 0.991014 0.978056 0.921734 0.740274 0.552818 0.376485 0.192255 -0.031624 -0.235380 -0.387464 -0.591410 -0.734601 -0.857593 -0.918079 -0.979884 0.988106 0.975212 0.931171 0.829404 0.667727 0.492884 0.355545 0.116069 -0.104806 -0.260633 -0.426728 -0.621327 -0.702311 -0.862442 -0.913968 -0.973877 
48.716167 34857.628906 54 58 58 0.828870 0.950764 0.985538 0.994134 0.988946 0.965352 0.947902 0.850684 0.549457 0.447466 0.163640 0.070548 -0.114768 -0.380583 -0.516005 -0.681056 -0.815632 -0.916342 -0.977168 0.994520 0.990688 0.973509 0.945850 0.787121 0.592691 0.398073 0.195378 0.028680 -0.183904 -0.377131 -0.538989 -0.695816 -0.823620 -0.920167 -0.979256 
50.984314 62939.976562 58 58 58 0.984753 0.987485 0.948798 0.993522 0.987827 0.961037 0.944472 0.856255 0.561688 0.471042 0.186292 0.073185 -0.056714 -0.405319 -0.514877 -0.642599 -0.816336 -0.914879 -0.979055 0.993760 0.987797 0.962476 0.944427 0.859547 0.550038 0.459753 0.210215 0.068477 -0.076894 -0.357449 -0.517366 -0.690705 -0.827043 -0.920311 -0.978037 
51.790947 125946.046875 58 56 56 0.972465 0.995498 0.981797 0.992940 0.986912 0.960011 0.943721 0.759540 0.526397 0.487598 0.186450 0.137247 -0.012390 -0.403078 -0.542492 -0.575136 -0.786493 -0.903899 -0.975722 0.993287 0.987215 0.960272 0.943073 0.791106 0.547498 0.499203 0.161394 0.105594 -0.080178 -0.459203 -0.520904 -0.585532 -0.796296 -0.903527 -0.977650 
51.511269 131218.812500 56 54 54 0.989004 0.992823 0.974216 0.993039 0.988111 0.960778 0.939661 0.713529 0.526573 0.482447 0.182491 0.148479 -0.090857 -0.436650 -0.500477 -0.550687 -0.773469 -0.897689 -0.972959 0.992969 0.987339 0.958737 0.941299 0.724473 0.522235 0.480297 0.180094 0.134854 -0.031461 -0.388396 -0.513361 -0.577635 -0.787518 -0.900271 -0.972574 
57.382450 60527716.000000 54 50 50 0.952406 0.855375 0.962803 0.979738 0.965854 0.942961 0.739436 0.552420 0.506639 0.293579 0.096267 0.004110 -0.157384 -0.368279 -0.531302 -0.618667 -0.737437 -0.823680 -0.940723 0.991424 0.978816 0.953499 0.775332 0.554209 0.521350 0.281218 0.095005 0.026749 -0.196884 -0.446754 -0.520721 -0.656409 -0.747105 -0.917005 -0.959188 
59.782700 100310432.000000 50 50 48 0.983846 0.939499 0.985040 0.971355 0.955203 0.901957 0.729233 0.553401 0.514803 0.387729 0.122196 0.028129 -0.119866 -0.341837 -0.514758 -0.630366 -0.727067 -0.827146 -0.898275 0.974159 0.962117 0.919442 0.728254 0.554516 0.514284 0.352233 0.101965 0.023752 -0.129742 -0.332801 -0.534605 -0.624362 -0.744526 -0.827535 -0.910929 
58.742676 91000592.000000 48 48 46 0.985205 0.941375 0.986759 0.971274 0.952517 0.901656 0.727193 0.582124 0.528980 0.350739 0.143067 0.035954 -0.123852 -0.286098 -0.481676 -0.643002 -0.727039 -0.860887 -0.896611 0.969990 0.950592 0.895907 0.720367 0.560915 0.509162 0.375863 0.148161 0.036725 -0.120347 -0.320796 -0.499110 -0.622723 -0.743275 -0.841200 -0.898016 
57.833042 58765764.000000 46 44 44 0.986446 0.952905 0.982198 0.979927 0.951262 0.894335 0.760146 0.603832 0.536389 0.378652 0.164491 0.050152 -0.097442 -0.252497 -0.396426 -0.632279 -0.751971 -0.881696 -0.912055 0.974382 0.953409 0.902190 0.754645 0.579976 0.536130 0.367524 0.159079 0.034498 -0.113454 -0.270133 -0.445057 -0.634939 -0.745466 -0.875174 -0.908931 
54.221817 21640724.000000 44 44 44 0.984349 0.919685 0.928549 0.987134 0.970922 0.891075 0.786751 0.606023 0.497344 0.359263 0.155036 0.025499 -0.125499 -0.292603 -0.445437 -0.646250 -0.783197 -0.901541 -0.933802 0.984534 0.962395 0.890375 0.777596 0.598033 0.534832 0.402767 0.164538 0.021540 -0.122190 -0.247190 -0.451400 -0.652504 -0.770190 -0.889107 -0.919502 
49.828781 9906443.000000 44 44 46 0.927746 0.877157 0.431763 0.987378 0.972829 0.899894 0.732917 0.533591 0.418338 0.254679 0.064923 -0.145565 -0.257136 -0.385581 -0.594881 -0.689653 -0.817400 -0.927942 -0.979612 0.987139 0.973673 0.924125 0.784068 0.576994 0.497841 0.371022 0.145409 0.045729 -0.117386 -0.246413 -0.442422 -0.636021 -0.750308 -0.909448 -0.961260 
39.705643 902042.875000 48 46 46 0.297223 0.831372 0.669792 0.984195 0.956450 0.910170 0.765595 0.579500 0.500392 0.417521 0.256411 0.061483 -0.076328 -0.372958 -0.535500 -0.667215 -0.777375 -0.908923 -0.976844 0.984838 0.957016 0.898564 0.727630 0.562573 0.507255 0.383686 0.147175 -0.046463 -0.206802 -0.361523 -0.585051 -0.682317 -0.796405 -0.907815 -0.975118 
34.475990 260453.093750 46 52 46 0.750801 0.586330 0.578346 0.981734 0.958417 0.873386 0.745774 0.598882 0.495464 0.397273 0.255444 0.054316 -0.091755 -0.298035 -0.467349 -0.595265 -0.723388 -0.863201 -0.955798 0.982995 0.953205 0.896415 0.769830 0.578923 0.497552 0.378589 0.188287 0.043625 -0.097254 -0.327091 -0.470525 -0.600221 -0.735056 -0.878510 -0.976262 
41.840557 11343670.000000 46 46 46 0.605430 0.494956 0.642765 0.975033 0.927214 0.798757 0.662927 0.537213 0.235754 0.085252 -0.120063 -0.232595 -0.318684 -0.495883 -0.632381 -0.734096 -0.847203 -0.898833 -0.976684 0.981425 0.949580 0.843722 0.680301 0.566871 0.426330 0.176755 0.012119 -0.164839 -0.243742 -0.382169 -0.526051 -0.664552 -0.760971 -0.877867 -0.928595 
52.493317 34698508.000000 46 44 50 0.638584 0.580073 0.494291 0.975581 0.909945 0.695085 0.584514 0.306808 0.075734 0.023557 -0.185368 -0.241724 -0.383838 -0.526811 -0.673156 -0.811418 -0.887184 -0.937170 -0.971268 0.979597 0.905839 0.719353 0.586151 0.366889 0.169232 0.018506 -0.171138 -0.269252 -0.380591 -0.559478 -0.657655 -0.797371 -0.860912 -0.938250 -0.985234 
48.170395 12725061.000000 48 46 90 0.505004 0.701509 0.547093 0.975610 0.927190 0.697260 0.551192 0.407315 0.219046 0.031075 -0.034193 -0.240731 -0.365675 -0.558710 -0.673102 -0.805947 -0.869518 -0.931155 -0.977566 0.980511 0.932112 0.663781 0.528195 0.366348 0.125273 0.047337 -0.140353 -0.269592 -0.389643 -0.567276 -0.679040 -0.788016 -0.876288 -0.929337 -0.970565 
45.188438 7470377.000000 62 46 46 0.517690 0.615925 0.849352 0.989003 0.983736 0.919151 0.674863 0.516742 0.421961 0.126510 0.036026 -0.122280 -0.288905 -0.412120 -0.618391 -0.738908 -0.854014 -0.921974 -0.976797 0.972812 0.921573 0.685692 0.567438 0.415270 0.203884 0.058290 -0.009571 -0.216312 -0.340231 -0.490747 -0.621347 -0.795847 -0.870011 -0.932442 -0.968281 
56.422619 43556512.000000 44 48 52 0.776124 0.890466 0.990616 0.979932 0.969182 0.950511 0.700599 0.543243 0.464089 0.174353 0.100986 -0.040700 -0.230237 -0.329631 -0.539647 -0.657798 -0.706980 -0.844339 -0.934926 0.987597 0.973720 0.941830 0.688343 0.532708 0.439217 0.196099 0.110100 -0.027649 -0.230836 -0.330515 -0.565059 -0.668018 -0.736599 -0.882164 -0.955037 
58.471901 24532884.000000 52 52 54 0.981767 0.967682 0.949908 0.980628 0.971025 0.954480 0.753097 0.543782 0.497141 0.210028 0.090927 -0.002153 -0.209983 -0.361916 -0.548574 -0.661686 -0.723325 -0.887506 -0.943714 0.978330 0.970191 0.953511 0.737953 0.534261 0.471665 0.197301 0.110573 -0.028000 -0.219970 -0.341007 -0.521259 -0.655107 -0.701449 -0.849343 -0.928533 
51.456589 5909233.500000 54 56 58 0.966734 0.943972 0.892370 0.990550 0.979134 0.942602 0.769443 0.541873 0.489988 0.210134 0.062397 -0.046403 -0.242943 -0.424910 -0.573021 -0.685774 -0.759992 -0.892720 -0.958765 0.986494 0.973202 0.950887 0.779349 0.547665 0.503808 0.230579 0.094232 -0.001128 -0.203046 -0.368447 -0.516710 -0.648630 -0.716726 -0.886588 -0.956709 
46.968746 16996546.000000 58 64 58 0.942497 0.587904 0.750284 0.989749 0.970355 0.831755 0.554662 0.463653 0.263158 0.053225 -0.212207 -0.322972 -0.455672 -0.591035 -0.720201 -0.815791 -0.891374 -0.948283 -0.985059 0.989614 0.976176 0.938168 0.644648 0.534689 0.391549 0.136175 0.004276 -0.270724 -0.376133 -0.521361 -0.667863 -0.746639 -0.850588 -0.937605 -0.975543 
51.223511 11478850.000000 58 50 54 0.747681 0.620481 0.820795 0.980777 0.968830 0.829021 0.553598 0.463698 0.288150 0.032717 -0.198086 -0.363391 -0.501049 -0.627643 -0.766887 -0.862163 -0.912706 -0.951766 -0.987857 0.987512 0.968794 0.829590 0.579283 0.476170 0.273743 0.072237 -0.215450 -0.359503 -0.477953 -0.642237 -0.751684 -0.868866 -0.908365 -0.957104 -0.985400 
46.406345 4809491.500000 28 30 26 0.680891 0.623535 0.678772 0.978306 0.967231 0.821521 0.543276 0.495422 0.237067 0.008635 -0.175083 -0.332108 -0.509379 -0.673204 -0.710333 -0.827946 -0.908944 -0.964714 -0.989621 0.978921 0.971267 0.834822 0.560776 0.477734 0.292677 0.042681 -0.170196 -0.340241 -0.503415 -0.651908 -0.736282 -0.845483 -0.913675 -0.954235 -0.985048 
44.963264 3342524.750000 50 80 54 0.600196 0.624160 0.656065 0.983546 0.957422 0.706657 0.574728 0.515951 0.186294 -0.071710 -0.166345 -0.333936 -0.503891 -0.667860 -0.745847 -0.838008 -0.918393 -0.955734 -0.985186 0.975907 0.968698 0.763060 0.579306 0.529001 0.240498 0.028803 -0.175827 -0.371532 -0.542010 -0.654583 -0.742671 -0.824179 -0.907119 -0.953279 -0.991032 
46.573593 2167473.500000 60 52 52 0.586524 0.735798 0.556174 0.976215 0.962382 0.817690 0.601237 0.493912 0.297486 -0.123730 -0.215995 -0.359145 -0.534899 -0.648831 -0.726833 -0.865027 -0.921852 -0.981328 -0.995790 0.983870 0.954459 0.755530 0.539976 0.464529 0.313242 -0.076813 -0.191455 -0.350341 -0.513825 -0.651337 -0.739070 -0.829663 -0.925722 -0.970490 -0.990838 
46.085094 4555477.000000 54 52 208 0.803665 0.605006 0.454622 0.971217 0.948047 0.787948 0.583925 0.528489 0.298786 -0.011201 -0.161225 -0.396221 -0.492693 -0.631978 -0.737659 -0.855674 -0.914292 -0.962104 -0.990657 0.975895 0.949193 0.764657 0.572167 0.482748 0.193480 -0.097906 -0.215466 -0.387982 -0.517756 -0.657970 -0.742352 -0.855090 -0.919760 -0.966696 -0.993041 
41.712376 559278.562500 84 36 30 0.400162 0.558293 0.616164 0.981229 0.973364 0.789606 0.637820 0.580601 0.446036 0.103695 -0.065178 -0.291231 -0.473677 -0.634910 -0.735360 -0.854020 -0.911904 -0.950095 -0.983507 0.979187 0.959738 0.739970 0.599983 0.559118 0.284908 0.047548 -0.104368 -0.356964 -0.486048 -0.626820 -0.761645 -0.880061 -0.918709 -0.961753 -0.983696 
29.612881 99935.312500 122 56 28 0.670264 0.844932 0.563353 0.980653 0.969371 0.907861 0.720104 0.567273 0.435260 0.159658 -0.079158 -0.302120 -0.445953 -0.574153 -0.728433 -0.830099 -0.912626 -0.964837 -0.992430 0.979169 0.972794 0.915353 0.712146 0.572079 0.419185 0.129393 -0.050831 -0.272226 -0.434032 -0.625022 -0.709357 -0.863282 -0.921870 -0.972390 -0.990524 
23.213671 40933.218750 206 56 28 0.499519 0.547456 0.700228 0.979160 0.965990 0.874778 0.765126 0.586333 0.429357 0.200447 -0.039827 -0.269894 -0.447404 -0.595981 -0.726614 -0.850349 -0.928231 -0.959266 -0.991214 0.977635 0.969060 0.881001 0.752344 0.556058 0.434121 0.183501 -0.044906 -0.340792 -0.437487 -0.572495 -0.723749 -0.815160 -0.916086 -0.968708 -0.994051 
20.374422 20462.445312 28 148 22 0.680020 0.461354 0.674553 0.976395 0.965796 0.908285 0.776096 0.583793 0.457026 0.229017 0.059858 -0.134613 -0.372975 -0.528146 -0.744650 -0.854526 -0.924154 -0.972738 -0.991017 0.978414 0.968261 0.896709 0.779843 0.601690 0.452507 0.204085 0.012847 -0.185919 -0.388722 -0.567001 -0.748053 -0.849104 -0.924332 -0.965945 -0.994756 
26.394299 22251.708984 92 58 62 0.634741 0.749868 0.558928 0.968081 0.950216 0.935479 0.863737 0.543685 0.497529 0.239995 0.108361 -0.076088 -0.319909 -0.510344 -0.662539 -0.810681 -0.928670 -0.972005 -0.992774 0.965078 0.950866 0.934757 0.810230 0.551677 0.521727 0.207046 0.107028 0.012161 -0.245093 -0.478046 -0.638154 -0.861001 -0.924591 -0.965049 -0.988644 
17.526176 9068.791992 32 28 116 0.604342 0.464489 0.514044 0.978987 0.969598 0.916615 0.793575 0.613187 0.465114 0.317218 0.048822 -0.148110 -0.321456 -0.461559 -0.654099 -0.798969 -0.914971 -0.967715 -0.995321 0.979397 0.964823 0.905274 0.825912 0.598484 0.425742 0.290127 0.037384 -0.126256 -0.288899 -0.466655 -0.714430 -0.805992 -0.930969 -0.972341 -0.995361 
17.257702 16541.640625 86 84 86 0.440177 0.678557 0.534331 0.978118 0.961770 0.854800 0.669371 0.570256 0.526789 0.410938 0.203850 0.006706 -0.252015 -0.437267 -0.579147 -0.747745 -0.871659 -0.958775 -0.990124 0.980787 0.965759 0.902954 0.795686 0.649305 0.455326 0.252878 0.068190 -0.195857 -0.324701 -0.449406 -0.586645 -0.795922 -0.874795 -0.963841 -0.995082 
51.181374 8924515.000000 36 162 58 0.603837 0.444196 0.641385 0.972018 0.945588 0.912618 0.772714 0.597968 0.551566 0.440785 0.305114 0.166874 -0.007792 -0.257127 -0.344261 -0.481826 -0.712012 -0.890241 -0.937213 0.957866 0.931286 0.771368 0.621107 0.574863 0.481631 0.355554 0.243084 0.111695 -0.071479 -0.230699 -0.337928 -0.487749 -0.769650 -0.899511 -0.965498 
57.671471 27503590.000000 52 62 62 0.574903 0.918899 0.954054 0.977663 0.954937 0.920882 0.778347 0.601508 0.553700 0.436263 0.282956 0.152941 -0.059804 -0.264341 -0.326246 -0.644965 -0.725243 -0.876794 -0.927486 0.976569 0.952338 0.917690 0.751356 0.595419 0.549247 0.416418 0.267846 0.143043 -0.072845 -0.280129 -0.352304 -0.663964 -0.751794 -0.899042 -0.925262 
58.021908 15984154.000000 62 60 62 0.936940 0.960782 0.959079 0.983682 0.959233 0.930179 0.808357 0.619986 0.582972 0.448686 0.268688 0.170149 -0.082844 -0.259762 -0.338405 -0.617450 -0.739118 -0.844963 -0.907712 0.980109 0.956460 0.925444 0.796101 0.616608 0.568897 0.459152 0.288154 0.162314 -0.048679 -0.268442 -0.325396 -0.603740 -0.748172 -0.837476 -0.899506 
53.539776 2864922.500000 62 68 62 0.961522 0.435662 0.941318 0.991762 0.978200 0.939329 0.792102 0.617064 0.578936 0.421985 0.260864 0.032445 -0.191102 -0.316002 -0.451204 -0.594527 -0.661230 -0.834471 -0.949274 0.987405 0.967139 0.931476 0.797115 0.620722 0.596586 0.436834 0.254391 0.096683 -0.146798 -0.241088 -0.387070 -0.562532 -0.700541 -0.841647 -0.931547 
53.409328 1166860.625000 64 64 64 0.895611 0.936121 0.933135 0.992465 0.981342 0.958954 0.837070 0.638114 0.596637 0.422460 0.312435 0.190374 -0.160034 -0.371132 -0.410568 -0.509479 -0.698853 -0.833068 -0.960057 0.992224 0.980822 0.957556 0.816298 0.633679 0.585928 0.438384 0.311687 0.140432 -0.196027 -0.359960 -0.410511 -0.568508 -0.677180 -0.811510 -0.965790 
53.305241 872400.937500 64 64 64 0.921080 0.923029 0.892059 0.992286 0.981044 0.958087 0.883578 0.645626 0.587270 0.460054 0.261639 0.163600 -0.157808 -0.386603 -0.436068 -0.521578 -0.724777 -0.842553 -0.967752 0.992873 0.983436 0.964569 0.828258 0.644303 0.596909 0.427317 0.288157 0.173465 -0.176011 -0.361032 -0.409579 -0.521055 -0.693933 -0.857787 -0.959235 
51.744503 378383.406250 64 66 68 0.911655 0.895354 0.885588 0.992839 0.983667 0.959290 0.865366 0.686161 0.583457 0.483038 0.311764 0.194171 -0.096618 -0.396395 -0.424891 -0.559741 -0.755208 -0.894787 -0.965778 0.992127 0.981639 0.956847 0.891870 0.653315 0.584370 0.516408 0.288974 0.173007 -0.183356 -0.397462 -0.429511 -0.525020 -0.743772 -0.859593 -0.963655 
47.212902 114691.914062 68 70 68 0.882131 0.819998 0.700896 0.994483 0.982987 0.955330 0.891223 0.688951 0.584423 0.521530 0.294792 0.198555 -0.097354 -0.376410 -0.440945 -0.599743 -0.790519 -0.907174 -0.964897 0.994011 0.985095 0.961298 0.858778 0.668997 0.589219 0.504756 0.289970 0.206760 -0.040907 -0.394335 -0.428159 -0.566705 -0.786152 -0.896883 -0.964144 
42.714409 43147.011719 70 70 70 0.682397 0.815286 0.817203 0.994449 0.987139 0.959748 0.854997 0.663148 0.562949 0.460330 0.322008 0.192661 -0.128764 -0.366262 -0.487449 -0.674208 -0.814515 -0.922387 -0.971133 0.994301 0.985815 0.959881 0.863332 0.682999 0.582117 0.520937 0.302558 0.185413 -0.100448 -0.368918 -0.439831 -0.666599 -0.819926 -0.905237 -0.965204 
35.604649 36439.140625 72 70 74 0.714567 0.611618 0.761575 0.991720 0.982908 0.956291 0.759187 0.630368 0.526705 0.406143 0.265109 -0.130608 -0.280585 -0.367724 -0.456393 -0.638664 -0.802671 -0.892369 -0.969280 0.994213 0.986809 0.956772 0.829889 0.629793 0.557711 0.390364 0.254708 0.024655 -0.249895 -0.361526 -0.500968 -0.674612 -0.814803 -0.892777 -0.967548 
52.276909 26957272.000000 76 48 60 0.881173 0.525527 0.694488 0.978727 0.960303 0.925635 0.718305 0.587721 0.542474 0.365395 0.207680 0.074870 -0.185815 -0.283693 -0.445610 -0.628232 -0.755722 -0.847271 -0.971386 0.988493 0.966731 0.905311 0.713023 0.612859 0.564985 0.393113 0.179227 0.006231 -0.189223 -0.278082 -0.505808 -0.595470 -0.750945 -0.966090 -0.987164 
58.927189 46166712.000000 64 66 66 0.638512 0.941466 0.973061 0.973064 0.953426 0.920575 0.745625 0.585616 0.536806 0.372443 0.191878 0.101572 -0.130545 -0.321384 -0.397972 -0.577208 -0.685639 -0.817867 -0.879885 0.973328 0.955980 0.930146 0.736758 0.583250 0.539777 0.362888 0.203499 0.097358 -0.158402 -0.299347 -0.396491 -0.598592 -0.715099 -0.822097 -0.881566 
57.956711 43785912.000000 66 66 66 0.978875 0.971769 0.987779 0.973720 0.945619 0.913475 0.745854 0.588089 0.531222 0.401723 0.203061 0.106896 -0.101642 -0.311529 -0.398073 -0.551554 -0.668415 -0.788673 -0.866082 0.973022 0.948996 0.916488 0.743057 0.586633 0.529615 0.393738 0.193890 0.103464 -0.120856 -0.311605 -0.398100 -0.546287 -0.695313 -0.785487 -0.864237 
56.954910 35448992.000000 66 66 66 0.986849 0.991880 0.944240 0.975020 0.946812 0.905918 0.739978 0.593768 0.527661 0.404214 0.215023 0.121418 -0.144185 -0.307844 -0.390784 -0.549028 -0.697064 -0.761970 -0.862425 0.972906 0.943154 0.909386 0.729707 0.588762 0.527566 0.395098 0.198071 0.112005 -0.145799 -0.307872 -0.413632 -0.556067 -0.701908 -0.783674 -0.909050 
55.876213 18851546.000000 64 64 64 0.922480 0.978874 0.954343 0.978175 0.953565 0.924409 0.779764 0.590183 0.523834 0.402811 0.246471 0.126611 -0.085926 -0.311744 -0.382092 -0.527873 -0.667565 -0.780990 -0.924169 0.977648 0.950841 0.908297 0.736775 0.586255 0.530547 0.392131 0.225719 0.128192 -0.132150 -0.310148 -0.388429 -0.533613 -0.685282 -0.755156 -0.891841 
53.624336 4479478.000000 64 62 64 0.943178 0.942553 0.823371 0.986467 0.959647 0.932945 0.844312 0.602963 0.518694 0.414875 0.290795 0.113226 -0.128379 -0.316625 -0.445256 -0.599587 -0.699762 -0.858686 -0.961475 0.980125 0.953366 0.929658 0.814301 0.601483 0.534757 0.409303 0.273758 0.137995 -0.076186 -0.284400 -0.362283 -0.538484 -0.652209 -0.818766 -0.925625 
40.516953 346091.562500 64 66 64 0.823141 0.498725 0.517523 0.978820 0.944923 0.911814 0.752752 0.583733 0.522666 0.428451 0.311449 0.153886 -0.124198 -0.330809 -0.417935 -0.596087 -0.703186 -0.826389 -0.945054 0.989622 0.964166 0.930834 0.814652 0.599497 0.517594 0.412754 0.328827 0.121152 -0.141779 -0.343519 -0.427475 -0.629878 -0.728230 -0.846655 -0.974259 
34.606030 162854.234375 150 152 152 0.445872 0.620289 0.628810 0.969664 0.946034 0.908397 0.774903 0.577159 0.525557 0.407054 0.256633 0.087799 -0.116269 -0.288245 -0.399571 -0.541101 -0.739683 -0.875178 -0.969214 0.970377 0.944287 0.898922 0.730474 0.601684 0.537654 0.473975 0.237544 0.121347 -0.109992 -0.273205 -0.410676 -0.580034 -0.732881 -0.865819 -0.964314 
33.902813 78348.195312 86 84 82 0.656086 0.680070 0.241454 0.960110 0.945932 0.906896 0.770202 0.618656 0.512431 0.420221 0.300529 0.125908 -0.033770 -0.322459 -0.386927 -0.602315 -0.793259 -0.918830 -0.963876 0.961033 0.948853 0.912590 0.787611 0.563004 0.484203 0.418821 0.247392 0.135992 -0.060038 -0.296011 -0.389386 -0.540393 -0.722193 -0.909504 -0.972064 
36.675335 237500.531250 212 48 36 0.395413 0.675572 0.363527 0.948692 0.927053 0.837289 0.788861 0.674292 0.573977 0.450896 0.270295 0.124682 -0.169026 -0.449979 -0.569090 -0.824918 -0.911592 -0.935718 -0.958687 0.947092 0.921854 0.821069 0.786382 0.703504 0.597872 0.505882 0.314675 0.169801 -0.049464 -0.375324 -0.558216 -0.788293 -0.907678 -0.946263 -0.964000 
30.792770 249194.515625 148 22 64 0.375248 0.372270 0.570880 0.957229 0.918435 0.847066 0.773332 0.619692 0.522843 0.369302 0.242597 0.026043 -0.237107 -0.390313 -0.628429 -0.828907 -0.913274 -0.932910 -0.987143 0.960501 0.933448 0.851149 0.804898 0.639187 0.536398 0.376319 0.205698 0.020536 -0.265417 -0.374214 -0.615403 -0.862809 -0.904346 -0.922531 -0.976006 
26.655560 67576.664062 62 64 64 0.582611 0.437601 0.348449 0.969801 0.952431 0.869237 0.761494 0.613946 0.525926 0.420081 0.278889 0.127071 -0.226861 -0.367065 -0.596830 -0.770446 -0.911612 -0.934128 -0.984626 0.963000 0.935607 0.856628 0.770426 0.622779 0.529086 0.411668 0.282683 0.026547 -0.218988 -0.412929 -0.606001 -0.771366 -0.907449 -0.943474 -0.990621 
47.501621 777712.687500 62 56 68 0.516014 0.764560 0.786618 0.986657 0.977708 0.947739 0.866852 0.757682 0.613101 0.465010 0.122260 -0.088977 -0.300367 -0.339546 -0.503756 -0.691938 -0.885339 -0.939380 -0.972761 0.988907 0.976483 0.955854 0.897348 0.741349 0.576221 0.460030 0.276878 0.052777 -0.283008 -0.321973 -0.492166 -0.662796 -0.845280 -0.924828 -0.970372 
52.802052 1798807.750000 68 76 80 0.827685 0.812019 0.846832 0.982178 0.971835 0.949760 0.822281 0.713811 0.681899 0.437220 0.125736 0.070010 -0.114301 -0.305934 -0.359307 -0.490959 -0.862444 -0.910732 -0.949042 0.984741 0.973314 0.942773 0.836187 0.739655 0.669412 0.289888 0.091598 0.013501 -0.255753 -0.343242 -0.445114 -0.681536 -0.894982 -0.934497 -0.973659 
52.549438 1981081.375000 82 84 84 0.932146 0.936313 0.956005 0.982653 0.974606 0.951810 0.738331 0.606556 0.573554 0.462663 0.185187 0.119897 -0.052220 -0.293236 -0.365339 -0.422974 -0.767331 -0.907112 -0.932484 0.981827 0.972878 0.942901 0.760674 0.657311 0.613257 0.470348 0.169743 0.089789 -0.095787 -0.299659 -0.366754 -0.436559 -0.817771 -0.912477 -0.936102 
52.027954 1379189.375000 84 86 84 0.966474 0.930208 0.949461 0.984659 0.977061 0.961164 0.800674 0.544892 0.446656 0.339407 0.185067 0.123238 -0.025861 -0.294538 -0.364940 -0.424937 -0.706638 -0.903084 -0.955155 0.983822 0.975828 0.959093 0.790372 0.567070 0.530759 0.414794 0.189558 0.124176 -0.026275 -0.312787 -0.361827 -0.423188 -0.719127 -0.895193 -0.931898 
49.523998 680317.562500 84 84 84 0.950719 0.936212 0.953007 0.988161 0.980441 0.966086 0.831959 0.531661 0.385468 0.289396 0.186068 0.116175 -0.085949 -0.296958 -0.368128 -0.427248 -0.650722 -0.911877 -0.946715 0.986545 0.977929 0.965352 0.778748 0.554725 0.405362 0.307693 0.192403 0.125533 -0.064408 -0.273380 -0.357773 -0.402941 -0.599057 -0.916452 -0.948714 
47.671398 483980.750000 84 82 82 0.920638 0.930601 0.765501 0.989414 0.983635 0.965161 0.769077 0.550071 0.403169 0.256534 0.192232 0.116116 -0.059273 -0.324706 -0.374158 -0.433144 -0.692984 -0.925553 -0.940512 0.988751 0.982527 0.963742 0.812221 0.545911 0.388771 0.267562 0.185586 0.109250 -0.070943 -0.312009 -0.366941 -0.425309 -0.637464 -0.921582 -0.942202 
45.781776 134562.171875 78 66 86 0.813417 0.613140 0.776121 0.990638 0.984486 0.972944 0.852088 0.577652 0.489000 0.280785 0.187770 0.107333 -0.120244 -0.337597 -0.392138 -0.469579 -0.782305 -0.894507 -0.967861 0.990427 0.983772 0.971710 0.805904 0.576415 0.457324 0.279794 0.199925 0.132014 -0.078530 -0.320476 -0.377451 -0.467858 -0.798304 -0.919438 -0.954477 
44.504147 73271.023438 86 78 82 0.764233 0.758205 0.570148 0.989504 0.985940 0.977483 0.833512 0.556465 0.355949 0.282564 0.170654 0.113750 -0.054338 -0.379801 -0.412164 -0.561449 -0.775976 -0.904796 -0.968906 0.990105 0.986361 0.970360 0.804578 0.571317 0.386136 0.265489 0.170265 0.105306 -0.087022 -0.346753 -0.404962 -0.458384 -0.713517 -0.898094 -0.965120 
38.262733 17948.855469 80 152 60 0.666053 0.704545 0.860856 0.991967 0.988015 0.961489 0.847210 0.644339 0.395094 0.277771 0.188277 0.125784 -0.118813 -0.369588 -0.474637 -0.649158 -0.841377 -0.916825 -0.973259 0.991612 0.984200 0.970730 0.866851 0.591123 0.375171 0.269692 0.185998 0.116784 -0.027891 -0.371248 -0.421441 -0.612271 -0.788722 -0.915528 -0.981256 
36.518333 8652.439453 56 68 56 0.818475 0.799754 0.819667 0.995169 0.990731 0.970964 0.865432 0.692563 0.473004 0.300452 0.193437 0.119488 -0.188211 -0.379359 -0.572315 -0.732185 -0.838867 -0.922054 -0.969863 0.995069 0.990558 0.972717 0.870139 0.697319 0.440322 0.278094 0.192670 0.111594 -0.185219 -0.370566 -0.537952 -0.720732 -0.846717 -0.921432 -0.986241 
34.677120 10747.115234 200 142 142 0.732140 0.617848 0.751725 0.994797 0.990233 0.965338 0.878903 0.662247 0.498648 0.326468 0.217062 0.003337 -0.191533 -0.424085 -0.584455 -0.730674 -0.846849 -0.915331 -0.984317 0.994426 0.990351 0.971098 0.838988 0.639287 0.506537 0.296631 0.207129 0.022230 -0.185518 -0.384558 -0.573935 -0.691740 -0.842701 -0.922627 -0.976711 
36.230453 8235.238281 142 144 148 0.820985 0.814122 0.829433 0.995497 0.992061 0.967893 0.872597 0.673585 0.521267 0.355363 0.188885 -0.009445 -0.211003 -0.391016 -0.555872 -0.708246 -0.828296 -0.923373 -0.968497 0.995238 0.992465 0.966936 0.862638 0.711434 0.489162 0.328797 0.217991 -0.024293 -0.217524 -0.388494 -0.573478 -0.745013 -0.857406 -0.912964 -0.969146 
31.305635 7148.559082 74 76 76 0.744478 0.689990 0.766648 0.995679 0.988088 0.954123 0.872390 0.664777 0.460582 0.320313 0.188847 0.008912 -0.226235 -0.390452 -0.523440 -0.722706 -0.845633 -0.944081 -0.983030 0.996307 0.991807 0.955726 0.850174 0.693231 0.530603 0.303432 0.206560 -0.019170 -0.272365 -0.372589 -0.562391 -0.677374 -0.818269 -0.934969 -0.975535 
35.027145 1581515.125000 78 80 64 0.646038 0.586121 0.352907 0.989714 0.943778 0.850045 0.658572 0.467299 0.332081 0.012577 -0.098968 -0.223210 -0.345209 -0.490250 -0.589926 -0.663470 -0.804502 -0.903010 -0.951145 0.994970 0.986470 0.954913 0.856257 0.681867 0.458728 0.333913 0.159568 -0.010164 -0.246904 -0.389221 -0.547704 -0.726985 -0.840938 -0.924625 -0.963381 
47.425785 8188627.000000 60 80 64 0.428569 0.371950 0.795587 0.993321 0.986893 0.860576 0.542907 0.502394 0.281857 0.076912 -0.235239 -0.339142 -0.414000 -0.568662 -0.648592 -0.735229 -0.837534 -0.926384 -0.986419 0.972752 0.919520 0.798272 0.540542 0.443108 0.228937 -0.020532 -0.150707 -0.325076 -0.409807 -0.546894 -0.640965 -0.706894 -0.839742 -0.919677 -0.976631 
50.917702 7342421.500000 64 66 66 0.774774 0.971357 0.985088 0.990723 0.981890 0.967884 0.632909 0.537287 0.456854 0.219165 0.146150 -0.157940 -0.269872 -0.366648 -0.563508 -0.656374 -0.833740 -0.910921 -0.964762 0.992251 0.982163 0.968076 0.618192 0.526402 0.393549 0.208361 0.060472 -0.273849 -0.332246 -0.482513 -0.599725 -0.701492 -0.847284 -0.910406 -0.961982 
54.351067 2745055.500000 66 64 66 0.981357 0.960840 0.992631 0.991988 0.981734 0.973987 0.768611 0.586580 0.562876 0.251133 0.202392 -0.090017 -0.243315 -0.317331 -0.491098 -0.602017 -0.795961 -0.890569 -0.976311 0.991243 0.981237 0.972766 0.734737 0.562195 0.509104 0.242973 0.180369 -0.088907 -0.251838 -0.322711 -0.485406 -0.625404 -0.750355 -0.893390 -0.965198 
53.838902 1462510.625000 66 66 68 0.992503 0.986037 0.977621 0.992261 0.982663 0.973653 0.772655 0.655405 0.606518 0.266101 0.188989 -0.074088 -0.254548 -0.322606 -0.517075 -0.601215 -0.734973 -0.886719 -0.965374 0.992153 0.982033 0.973704 0.787067 0.615696 0.578260 0.278023 0.209702 -0.056224 -0.245207 -0.319989 -0.496206 -0.599835 -0.750721 -0.904304 -0.977842 
52.265701 663650.875000 68 68 68 0.983394 0.979293 0.977869 0.992414 0.982934 0.973010 0.810241 0.663768 0.628400 0.289850 0.199837 0.047303 -0.182357 -0.321186 -0.484876 -0.617721 -0.684181 -0.845587 -0.961537 0.992312 0.982950 0.973236 0.797726 0.662374 0.628739 0.277535 0.174944 -0.097792 -0.239887 -0.322769 -0.515403 -0.589783 -0.711435 -0.873784 -0.961912 
50.765320 412650.968750 68 70 70 0.982950 0.929561 0.970979 0.993858 0.983967 0.966937 0.830522 0.660518 0.623485 0.344952 0.209337 0.097181 -0.198559 -0.362284 -0.461731 -0.568233 -0.663099 -0.860044 -0.967516 0.992327 0.982521 0.969442 0.777867 0.675995 0.641124 0.336149 0.206897 0.131849 -0.112455 -0.360144 -0.475404 -0.605534 -0.666932 -0.868429 -0.960720 
51.062664 282993.656250 70 70 68 0.969666 0.973123 0.964060 0.993372 0.984348 0.966613 0.917723 0.657801 0.604421 0.500639 0.195052 0.118725 -0.263070 -0.390904 -0.463352 -0.568214 -0.793740 -0.869115 -0.969347 0.993910 0.984760 0.967129 0.919254 0.662216 0.596082 0.375490 0.197513 0.091177 -0.237659 -0.411536 -0.485182 -0.571624 -0.757007 -0.872028 -0.972067 
51.576744 355526.468750 70 70 70 0.949084 0.972604 0.985774 0.993086 0.983233 0.965267 0.897798 0.648546 0.593206 0.520332 0.221737 0.129767 -0.182492 -0.413491 -0.468663 -0.532407 -0.762578 -0.878593 -0.968503 0.993201 0.983726 0.965563 0.916206 0.639258 0.598869 0.523364 0.202111 0.126208 -0.200345 -0.390536 -0.472604 -0.569398 -0.800314 -0.868750 -0.971907 
53.774166 7711018.000000 70 68 70 0.990137 0.882124 0.944351 0.987034 0.973650 0.938492 0.740541 0.629179 0.599580 0.348795 0.193124 0.103462 -0.135605 -0.191490 -0.396776 -0.570243 -0.639944 -0.709155 -0.928266 0.992533 0.981855 0.961781 0.821038 0.627935 0.600074 0.416374 0.202180 0.095829 -0.065980 -0.294060 -0.443537 -0.495943 -0.650014 -0.872793 -0.962840 
56.269604 17842316.000000 70 70 70 0.969707 0.978846 0.952330 0.980301 0.962102 0.913772 0.767441 0.653287 0.621466 0.402938 0.171471 0.087932 -0.171758 -0.213941 -0.336582 -0.667297 -0.738474 -0.814654 -0.858622 0.983643 0.966461 0.925423 0.750697 0.640204 0.618713 0.402898 0.177920 0.086145 -0.179999 -0.216512 -0.421335 -0.625939 -0.686706 -0.767765 -0.912083 
55.392662 20794586.000000 70 72 72 0.965966 0.962791 0.981761 0.979637 0.955732 0.875407 0.788761 0.703209 0.643324 0.353414 0.147346 0.062869 -0.131521 -0.201547 -0.334530 -0.707946 -0.785484 -0.858862 -0.879063 0.979138 0.959471 0.896080 0.779974 0.687203 0.636026 0.363454 0.164695 0.091928 -0.152323 -0.212429 -0.357345 -0.709280 -0.778207 -0.840988 -0.868046 
54.570236 19286938.000000 72 74 74 0.987217 0.953483 0.973096 0.978887 0.939218 0.861410 0.806614 0.718840 0.649083 0.319256 0.158053 0.074653 -0.137135 -0.213377 -0.333528 -0.694626 -0.794023 -0.856878 -0.891284 0.979755 0.946455 0.861425 0.797586 0.711918 0.645331 0.342976 0.149065 0.067185 -0.129909 -0.206405 -0.337715 -0.704003 -0.779144 -0.857697 -0.888662 
55.645164 19748988.000000 74 74 74 0.974435 0.984685 0.965018 0.980089 0.935163 0.860148 0.808836 0.728991 0.671275 0.354724 0.153404 0.069921 -0.150630 -0.226526 -0.310791 -0.693664 -0.796514 -0.864644 -0.893563 0.978674 0.936580 0.860321 0.809864 0.723317 0.663103 0.368311 0.156231 0.088257 -0.133539 -0.222394 -0.308760 -0.700159 -0.790480 -0.856995 -0.885033 
56.062679 21422932.000000 74 74 74 0.970443 0.969134 0.990435 0.979774 0.930337 0.860554 0.804557 0.720590 0.666278 0.353535 0.159154 0.071358 -0.146091 -0.224733 -0.297963 -0.659929 -0.785634 -0.857610 -0.890830 0.980047 0.932019 0.861366 0.807364 0.725409 0.669322 0.355869 0.157830 0.057746 -0.143366 -0.223904 -0.305517 -0.663210 -0.786225 -0.860084 -0.888546 
56.140182 24536624.000000 74 74 74 0.991445 0.984647 0.976799 0.978494 0.928866 0.867477 0.809826 0.700793 0.655191 0.364403 0.178336 0.069417 -0.160757 -0.231606 -0.310987 -0.611930 -0.780852 -0.866660 -0.893440 0.978981 0.929245 0.864554 0.806532 0.713460 0.663608 0.376929 0.175822 0.070262 -0.149066 -0.227260 -0.296581 -0.642743 -0.779892 -0.859099 -0.884865 
56.290382 30290682.000000 74 74 74 0.971594 0.980729 0.951380 0.976760 0.934891 0.875202 0.815278 0.665768 0.638088 0.343030 0.171531 0.074448 -0.157975 -0.243426 -0.315927 -0.652788 -0.792431 -0.865150 -0.894387 0.978868 0.930074 0.871469 0.815975 0.683222 0.645360 0.368937 0.176079 0.081518 -0.150753 -0.233414 -0.306618 -0.597179 -0.782380 -0.869581 -0.898147 
55.349194 19220590.000000 74 74 74 0.968171 0.983448 0.839494 0.976806 0.948944 0.892638 0.801864 0.658364 0.626900 0.381474 0.182212 0.059549 -0.160219 -0.273572 -0.379831 -0.556305 -0.695998 -0.829384 -0.868275 0.976639 0.941487 0.883243 0.803303 0.660311 0.634046 0.368200 0.180667 0.082241 -0.141479 -0.247330 -0.350438 -0.622221 -0.773721 -0.858801 -0.887331 
48.614830 1111315.250000 74 86 74 0.846945 0.657617 0.902341 0.991044 0.970148 0.878798 0.839671 0.711392 0.672943 0.400530 0.167358 0.084522 -0.180126 -0.309108 -0.373986 -0.588468 -0.760341 -0.822048 -0.923585 0.982068 0.956349 0.885373 0.806752 0.667134 0.626185 0.396286 0.175742 0.073851 -0.173139 -0.290697 -0.368004 -0.520579 -0.671272 -0.834981 -0.887469 
49.704231 10951774.000000 74 74 76 0.879164 0.853827 0.896989 0.983906 0.968428 0.913017 0.774708 0.626108 0.544344 0.320342 0.161292 -0.003115 -0.218868 -0.346562 -0.463410 -0.569737 -0.672409 -0.812870 -0.908480 0.989547 0.970742 0.883997 0.829271 0.679638 0.605015 0.349314 0.151711 -0.029253 -0.242065 -0.337330 -0.460989 -0.592193 -0.700349 -0.840554 -0.926152 
53.275127 7378739.000000 74 76 80 0.854132 0.917155 0.941750 0.984519 0.971860 0.941767 0.748956 0.583328 0.515563 0.329787 0.175976 0.089492 -0.166012 -0.264885 -0.348868 -0.557576 -0.661469 -0.784851 -0.918347 0.983232 0.969489 0.935303 0.760749 0.591438 0.528273 0.338800 0.192894 0.076799 -0.187886 -0.281010 -0.376214 -0.545868 -0.644947 -0.782681 -0.898761 
52.862122 5913747.500000 80 80 80 0.947699 0.916518 0.915923 0.984544 0.973915 0.934275 0.751455 0.573870 0.514249 0.347459 0.188002 0.076162 -0.157020 -0.247210 -0.313865 -0.560419 -0.652258 -0.788914 -0.919887 0.984780 0.972893 0.942236 0.753705 0.577678 0.518961 0.362005 0.184819 0.118576 -0.150622 -0.247956 -0.319428 -0.572145 -0.654841 -0.757226 -0.916984 
51.817993 4336268.000000 82 82 82 0.933467 0.973252 0.977001 0.983627 0.974237 0.940212 0.756074 0.561346 0.509749 0.335582 0.185782 0.054357 -0.168132 -0.254413 -0.331332 -0.578300 -0.638650 -0.799091 -0.934661 0.983864 0.973706 0.945383 0.748179 0.555344 0.509142 0.321166 0.187446 0.044349 -0.160607 -0.247678 -0.316376 -0.584828 -0.660293 -0.787878 -0.923246 
50.172028 1456003.875000 82 82 84 0.975851 0.950413 0.915538 0.985362 0.976023 0.947107 0.759679 0.589469 0.535399 0.395493 0.176569 0.089904 -0.138236 -0.249650 -0.333206 -0.473689 -0.596442 -0.795608 -0.947796 0.983525 0.974759 0.933491 0.756156 0.572044 0.520298 0.364106 0.188687 0.074815 -0.146055 -0.250022 -0.317701 -0.560435 -0.633504 -0.778570 -0.944037 
45.855865 222292.421875 84 82 84 0.888878 0.870950 0.904765 0.992103 0.978739 0.958504 0.843362 0.710153 0.550603 0.403737 0.231247 0.144201 -0.129611 -0.288502 -0.406825 -0.531428 -0.710949 -0.879356 -0.966924 0.988784 0.976920 0.948664 0.829372 0.647218 0.540200 0.437979 0.190387 0.006703 -0.161060 -0.266078 -0.364021 -0.541279 -0.670143 -0.853453 -0.958493 
40.263145 122020.179688 84 84 90 0.891242 0.719694 0.540386 0.994259 0.982202 0.912333 0.775234 0.682518 0.498232 0.360864 0.223801 0.088740 -0.157008 -0.252146 -0.371504 -0.601990 -0.802655 -0.892713 -0.947230 0.993120 0.978455 0.954599 0.813214 0.728852 0.532619 0.348789 0.223703 0.158002 -0.072127 -0.265285 -0.372131 -0.548456 -0.756628 -0.889122 -0.965401 
28.494528 91018.648438 90 58 230 0.632739 0.534195 0.428852 0.991759 0.972230 0.871080 0.729843 0.587780 0.504616 0.389220 0.118353 -0.137368 -0.273710 -0.361416 -0.507769 -0.689190 -0.827338 -0.974019 -0.988682 0.991637 0.973450 0.890967 0.767505 0.627171 0.505415 0.383308 0.161531 -0.005109 -0.202367 -0.306684 -0.457415 -0.648673 -0.813909 -0.914630 -0.971115 
36.889820 4153309.750000 88 82 82 0.324330 0.675273 0.673558 0.964152 0.902635 0.782942 0.689544 0.553528 0.340965 0.110448 -0.026823 -0.187041 -0.246609 -0.381083 -0.550696 -0.757550 -0.851910 -0.919191 -0.957321 0.982471 0.968151 0.889124 0.720791 0.605177 0.531353 0.374205 0.179242 -0.123707 -0.245939 -0.373576 -0.559786 -0.718494 -0.797085 -0.937023 -0.984988 
53.327770 12163062.000000 80 122 80 0.534685 0.394852 0.566126 0.969003 0.872473 0.664968 0.530833 0.282162 0.166588 -0.025119 -0.136216 -0.198073 -0.286341 -0.498240 -0.672052 -0.753898 -0.855352 -0.932573 -0.981988 0.962445 0.891317 0.747266 0.650452 0.404893 0.189317 -0.069923 -0.153025 -0.236975 -0.274721 -0.437079 -0.652409 -0.761348 -0.868927 -0.909149 -0.975696 
39.246986 1662806.125000 84 148 88 0.539384 0.449108 0.452976 0.971218 0.904384 0.622950 0.573244 0.411677 0.252619 0.113192 -0.052103 -0.186229 -0.285622 -0.460533 -0.652610 -0.718847 -0.822139 -0.931100 -0.982404 0.974966 0.918138 0.654474 0.578620 0.407779 0.193094 0.079385 -0.065609 -0.199139 -0.272905 -0.468712 -0.661672 -0.748284 -0.842536 -0.931519 -0.983644 
37.063766 1624010.500000 54 64 70 0.499281 0.502705 0.690594 0.989611 0.978872 0.908374 0.594086 0.565321 0.406321 0.262831 0.088380 -0.094427 -0.214400 -0.335653 -0.594168 -0.712934 -0.840634 -0.906779 -0.963022 0.983878 0.931556 0.638065 0.581513 0.501038 0.312207 0.188940 -0.027965 -0.169994 -0.262259 -0.412131 -0.642771 -0.741478 -0.851911 -0.907733 -0.966526 
46.107300 1969305.750000 70 72 74 0.614839 0.897575 0.924078 0.987038 0.976121 0.945685 0.651055 0.595322 0.500615 0.393822 0.214026 0.007860 -0.100307 -0.242170 -0.423093 -0.680050 -0.805521 -0.912364 -0.962390 0.988585 0.977756 0.944316 0.641879 0.580805 0.480734 0.354957 0.160427 -0.021652 -0.154138 -0.268023 -0.497489 -0.672161 -0.806426 -0.909127 -0.950455 
42.636856 1420408.250000 76 78 76 0.908831 0.887175 0.746207 0.992297 0.976037 0.923325 0.614017 0.559005 0.412544 0.272864 0.030106 -0.048532 -0.164435 -0.312488 -0.546215 -0.684167 -0.820153 -0.926621 -0.974127 0.987900 0.973634 0.952225 0.657514 0.580443 0.500289 0.365694 0.196592 0.000735 -0.144415 -0.262234 -0.433366 -0.674984 -0.789444 -0.891150 -0.969058 
41.131447 4875342.000000 78 88 70 0.725996 0.730931 0.583359 0.994288 0.973244 0.624489 0.558694 0.414317 0.212695 0.114522 -0.057247 -0.137675 -0.278445 -0.510702 -0.661975 -0.757907 -0.856043 -0.921351 -0.983581 0.994031 0.980272 0.794028 0.550788 0.455738 0.272316 0.190508 -0.033945 -0.101089 -0.192024 -0.449387 -0.624189 -0.740306 -0.835470 -0.916613 -0.985349 
44.482838 5483845.500000 150 146 146 0.782558 0.537787 0.492274 0.987513 0.958355 0.659113 0.546907 0.327465 0.086800 -0.048243 -0.151739 -0.218107 -0.393386 -0.573678 -0.689747 -0.785563 -0.891370 -0.937134 -0.981678 0.990203 0.966624 0.658958 0.554406 0.413666 0.125422 0.030704 -0.117973 -0.172429 -0.344219 -0.518762 -0.705130 -0.760696 -0.851125 -0.924249 -0.979510 
51.395473 11390320.000000 88 56 84 0.592982 0.668813 0.626583 0.981567 0.912033 0.779614 0.607579 0.388521 0.090507 -0.073199 -0.197322 -0.359334 -0.588304 -0.606706 -0.689152 -0.782332 -0.890096 -0.947023 -0.991609 0.983240 0.948305 0.664750 0.547761 0.305404 0.065486 -0.079408 -0.158043 -0.289718 -0.522492 -0.593269 -0.705815 -0.793038 -0.887426 -0.950703 -0.988543 
60.353516 11176408.000000 86 28 62 0.710653 0.521571 0.599954 0.978814 0.912708 0.790269 0.630563 0.414335 0.133100 -0.114085 -0.230360 -0.436494 -0.629886 -0.662405 -0.693360 -0.760391 -0.884312 -0.963096 -0.992558 0.978974 0.916492 0.796757 0.645364 0.430627 0.144428 -0.099996 -0.192314 -0.502896 -0.608245 -0.629365 -0.665915 -0.741077 -0.881719 -0.939927 -0.977313 
57.647682 8954598.000000 68 86 88 0.497235 0.670178 0.645442 0.977849 0.917937 0.791102 0.632107 0.434061 0.134222 -0.127695 -0.242048 -0.433138 -0.643292 -0.726707 -0.775536 -0.812284 -0.902738 -0.952383 -0.988359 0.979315 0.925175 0.787717 0.637184 0.424652 0.107450 -0.121337 -0.255348 -0.449935 -0.655165 -0.700432 -0.745770 -0.786996 -0.896503 -0.957201 -0.989823 
51.101612 2578573.250000 88 86 144 0.729994 0.667652 0.566702 0.975780 0.944487 0.789613 0.600187 0.472667 0.143632 -0.079302 -0.167309 -0.366636 -0.606210 -0.692475 -0.777051 -0.861767 -0.919448 -0.962357 -0.983585 0.977786 0.942766 0.792711 0.621970 0.434590 0.136811 -0.084065 -0.180043 -0.411371 -0.618081 -0.728145 -0.800750 -0.859942 -0.907560 -0.950947 -0.978830 
41.591511 3266219.250000 60 86 54 0.567505 0.432329 0.706978 0.987596 0.974394 0.918941 0.696942 0.603172 0.509475 0.258573 0.001291 -0.210254 -0.483506 -0.605841 -0.648843 -0.764813 -0.876775 -0.940899 -0.976294 0.975839 0.947581 0.793949 0.623026 0.457810 0.161369 0.041522 -0.162942 -0.294290 -0.584154 -0.654370 -0.713296 -0.844256 -0.911271 -0.948935 -0.981366 
52.055401 15708724.000000 56 80 78 0.843411 0.902736 0.855196 0.978835 0.960931 0.934489 0.760138 0.604896 0.564354 0.339470 0.188663 -0.026536 -0.266469 -0.430148 -0.641576 -0.710063 -0.841317 -0.939085 -0.986112 0.982281 0.970090 0.934282 0.711901 0.605205 0.549988 0.330376 0.159173 -0.052008 -0.292469 -0.433166 -0.626990 -0.702691 -0.839766 -0.937379 -0.976185 
51.188751 17330940.000000 78 110 114 0.845553 0.526737 0.505097 0.972374 0.948236 0.910732 0.743908 0.619321 0.565417 0.365783 0.235442 0.003035 -0.220979 -0.432763 -0.622341 -0.685598 -0.825292 -0.916728 -0.973883 0.974209 0.955946 0.933989 0.749726 0.606391 0.560354 0.320636 0.193297 -0.067833 -0.285455 -0.410594 -0.617762 -0.687625 -0.834521 -0.899565 -0.979414 
52.373428 20989788.000000 166 166 166 0.575607 0.828326 0.639085 0.961263 0.939621 0.912809 0.708759 0.617393 0.561730 0.366797 0.229359 0.054335 -0.242311 -0.306465 -0.563609 -0.693742 -0.806808 -0.922281 -0.976997 0.964936 0.943430 0.919715 0.737427 0.613779 0.573999 0.361190 0.234002 0.023817 -0.228515 -0.352492 -0.619362 -0.710621 -0.802195 -0.926601 -0.974238 
49.170937 4137047.500000 180 34 52 0.881147 0.551277 0.529067 0.961975 0.934726 0.913140 0.740086 0.620238 0.579037 0.380768 0.241946 -0.064931 -0.219848 -0.329499 -0.622397 -0.674404 -0.812598 -0.915125 -0.962206 0.968166 0.937853 0.911978 0.760932 0.633849 0.577316 0.385647 0.242890 0.014502 -0.208659 -0.284569 -0.505679 -0.732102 -0.829791 -0.918397 -0.962455 
50.960434 8482100.000000 56 176 176 0.347546 0.847793 0.874683 0.967786 0.933923 0.895552 0.742336 0.644813 0.587945 0.445684 0.302703 0.114042 -0.153382 -0.222781 -0.424372 -0.667467 -0.807554 -0.939040 -0.968196 0.963181 0.932601 0.896405 0.720564 0.637335 0.574927 0.400615 0.267238 0.077390 -0.180309 -0.239147 -0.483395 -0.688690 -0.825862 -0.928295 -0.972219 
47.905457 1155827.500000 176 174 56 0.737711 0.458671 0.508624 0.981265 0.950158 0.922811 0.850828 0.612664 0.571238 0.420772 0.319224 0.166960 -0.122615 -0.241921 -0.574948 -0.669402 -0.790663 -0.926437 -0.971103 0.965512 0.933939 0.905952 0.729101 0.639228 0.598232 0.448836 0.309370 0.133797 -0.163483 -0.214301 -0.442317 -0.665150 -0.781562 -0.944843 -0.965956 
44.939285 2174163.500000 76 58 34 0.458462 0.422086 0.375664 0.976431 0.946720 0.898770 0.745318 0.621647 0.569664 0.446455 0.343987 0.190962 -0.089265 -0.170908 -0.272740 -0.656579 -0.701600 -0.887627 -0.977519 0.981489 0.949092 0.922797 0.816166 0.622123 0.573517 0.412080 0.319388 0.156762 -0.080478 -0.264326 -0.616816 -0.656948 -0.748327 -0.889725 -0.969421 
37.667244 192580.000000 178 178 70 0.361315 0.402781 0.546679 0.984425 0.942104 0.914910 0.746598 0.602928 0.551538 0.392558 0.338135 0.100155 -0.150199 -0.201727 -0.583001 -0.696096 -0.774678 -0.896142 -0.973657 0.971455 0.943969 0.900627 0.723155 0.606934 0.564254 0.425095 0.336126 0.168325 -0.139042 -0.178688 -0.477583 -0.675689 -0.710976 -0.920851 -0.976531 
29.751654 49285.671875 68 92 214 0.477594 0.527326 0.502956 0.962572 0.937568 0.895116 0.766164 0.635443 0.589060 0.442293 0.326290 0.181484 -0.189843 -0.382917 -0.629566 -0.659127 -0.782091 -0.921484 -0.971808 0.975956 0.942661 0.910961 0.792616 0.593939 0.550028 0.395486 0.320426 0.058891 -0.176068 -0.333837 -0.629265 -0.650721 -0.807087 -0.912796 -0.972321 
27.135279 30486.851562 176 92 90 0.399147 0.532031 0.384839 0.959190 0.940871 0.917258 0.791347 0.632893 0.566157 0.427458 0.326990 0.063298 -0.206343 -0.386491 -0.613495 -0.685841 -0.806294 -0.897199 -0.975140 0.964441 0.947892 0.902764 0.765734 0.626377 0.589308 0.437272 0.333342 0.145562 -0.191512 -0.418679 -0.629278 -0.680904 -0.819780 -0.909576 -0.980036 
23.992834 16092.062500 74 148 54 0.375448 0.460720 0.431604 0.973366 0.936849 0.917870 0.779192 0.641310 0.605054 0.402814 0.288914 0.034993 -0.171984 -0.395803 -0.621091 -0.669015 -0.802204 -0.894104 -0.973500 0.971963 0.941398 0.909722 0.808814 0.605347 0.577610 0.415577 0.315680 0.029458 -0.159248 -0.404630 -0.622785 -0.683804 -0.814142 -0.904578 -0.978721 
19.465675 9671.091797 88 88 54 0.423104 0.515242 0.625243 0.980615 0.959398 0.903532 0.779644 0.615425 0.564135 0.389805 0.253455 -0.051446 -0.199363 -0.462559 -0.613407 -0.703939 -0.847864 -0.922005 -0.974440 0.977498 0.947721 0.916315 0.777374 0.633606 0.584181 0.394983 0.271278 -0.006166 -0.244168 -0.437587 -0.608969 -0.675885 -0.819514 -0.926036 -0.975728 
16.352715 7890.350586 54 174 86 0.437858 0.471158 0.489237 0.978783 0.955979 0.909882 0.769692 0.629922 0.518488 0.353823 0.216801 -0.055512 -0.260282 -0.418928 -0.616286 -0.696161 -0.830006 -0.927890 -0.963222 0.979030 0.961099 0.899492 0.740896 0.612351 0.554041 0.347364 0.229688 -0.001666 -0.239952 -0.489583 -0.625366 -0.712403 -0.811610 -0.919962 -0.969708 
14.415994 5784.082520 86 114 84 0.482663 0.589043 0.543635 0.982043 0.964296 0.897305 0.777795 0.602829 0.522223 0.347185 0.191558 -0.103363 -0.299144 -0.407409 -0.596316 -0.690120 -0.806495 -0.928431 -0.977479 0.982608 0.961644 0.898534 0.781584 0.618041 0.537073 0.354480 0.203948 -0.046686 -0.290061 -0.466037 -0.614640 -0.693557 -0.841843 -0.924592 -0.971070 
15.185379 5023.494141 174 56 58 0.485988 0.492896 0.408456 0.982784 0.965200 0.917796 0.813201 0.611397 0.518385 0.287214 0.174781 -0.125858 -0.284087 -0.436449 -0.627923 -0.734066 -0.823338 -0.920306 -0.978715 0.981593 0.969176 0.901726 0.812381 0.632647 0.494648 0.328973 0.194411 -0.111563 -0.266969 -0.456680 -0.628408 -0.725682 -0.819992 -0.936863 -0.974148 
45.795166 12357551.000000 56 30 48 0.757683 0.609584 0.469507 0.963950 0.914577 0.754035 0.575864 0.512824 0.398752 0.078533 -0.097705 -0.235697 -0.383968 -0.664487 -0.749039 -0.820284 -0.854489 -0.921571 -0.978370 0.969774 0.902756 0.742771 0.594245 0.512522 0.380137 0.090196 -0.055084 -0.215860 -0.322250 -0.609654 -0.678525 -0.797255 -0.842581 -0.914897 -0.984711 
47.854347 2644297.750000 68 60 58 0.352206 0.709229 0.587668 0.978176 0.921745 0.651502 0.548529 0.485985 0.261670 0.004584 -0.187748 -0.346459 -0.423838 -0.668089 -0.749829 -0.798984 -0.858201 -0.928344 -0.961651 0.974424 0.926109 0.710818 0.563858 0.480826 0.279474 -0.011186 -0.199651 -0.312860 -0.566747 -0.679533 -0.774299 -0.818837 -0.873583 -0.927837 -0.975707 
35.525047 634638.125000 84 88 88 0.443171 0.547791 0.589046 0.978311 0.954058 0.702363 0.554504 0.526082 0.377440 0.117860 0.002471 -0.293544 -0.376001 -0.570515 -0.731511 -0.789992 -0.852144 -0.918640 -0.961029 0.974681 0.942538 0.630731 0.546657 0.497288 0.374176 0.078593 -0.112554 -0.318862 -0.404283 -0.603994 -0.740625 -0.789830 -0.867078 -0.920245 -0.962437 
25.881960 98787.835938 58 174 58 0.594132 0.489413 0.439860 0.979560 0.962015 0.872502 0.640798 0.563577 0.510735 0.195736 -0.039596 -0.243122 -0.366629 -0.581914 -0.724862 -0.779658 -0.844810 -0.887506 -0.966973 0.980628 0.961798 0.797065 0.583119 0.542962 0.380763 0.136295 0.038662 -0.259472 -0.369904 -0.556114 -0.718342 -0.775346 -0.842332 -0.912827 -0.974301 
22.730112 33624.285156 112 58 144 0.505717 0.669499 0.519151 0.981631 0.972206 0.907714 0.704303 0.574527 0.506250 0.184545 -0.038916 -0.317473 -0.400856 -0.616309 -0.734939 -0.792316 -0.854453 -0.915617 -0.967321 0.977903 0.964599 0.887814 0.657336 0.572473 0.519216 0.193958 -0.010460 -0.285223 -0.399041 -0.635340 -0.740760 -0.789361 -0.845705 -0.907842 -0.969917 
18.914957 13605.953125 86 90 56 0.556244 0.579689 0.543506 0.983039 0.969073 0.903542 0.783615 0.583918 0.453118 0.254628 0.093815 -0.275278 -0.357765 -0.587223 -0.766268 -0.806597 -0.840511 -0.907024 -0.954111 0.981063 0.968250 0.892504 0.764768 0.583563 0.451561 0.311310 -0.042914 -0.343028 -0.374798 -0.623296 -0.754292 -0.807302 -0.858588 -0.927535 -0.977826 
16.589920 7278.230469 56 92 204 0.565627 0.587725 0.551715 0.980852 0.965446 0.916124 0.802186 0.612039 0.450297 0.277763 0.126172 -0.210762 -0.341036 -0.504300 -0.749601 -0.800620 -0.829461 -0.885079 -0.942102 0.981124 0.968441 0.896802 0.773701 0.606752 0.488313 0.243699 0.075005 -0.241630 -0.344387 -0.589988 -0.744460 -0.809917 -0.836850 -0.899470 -0.955458 
15.808978 4526.062500 114 114 118 0.612435 0.580274 0.461250 0.983061 0.969783 0.887805 0.822692 0.624181 0.506272 0.329778 0.127239 -0.099691 -0.306948 -0.504663 -0.654067 -0.784891 -0.822015 -0.904974 -0.977962 0.981974 0.970234 0.919221 0.837769 0.603784 0.507050 0.298107 0.037912 -0.176496 -0.326936 -0.475984 -0.693952 -0.782861 -0.811320 -0.894594 -0.956442 
12.457551 2317.766357 86 90 56 0.417277 0.396435 0.990430 0.979905 0.961379 0.902862 0.803428 0.625641 0.503256 0.323706 0.073273 -0.079306 -0.214421 -0.503852 -0.621588 -0.760060 -0.841245 -0.911219 -0.964450 0.979518 0.962418 0.905279 0.813399 0.629501 0.552393 0.349348 0.102268 -0.102213 -0.240694 -0.511299 -0.638347 -0.773365 -0.840903 -0.896559 -0.958619 
