40.129753 43457.429688 20 60 70 0.000000 0.635570 0.797665 0.992362 0.980846 0.963587 0.942469 0.701975 0.624755 0.396235 0.169857 0.029771 -0.183940 -0.441090 -0.560240 -0.688332 -0.869803 -0.952643 -0.966091 0.992338 0.978446 0.937405 0.830887 0.679278 0.491019 0.305043 0.106820 -0.045051 -0.311587 -0.484628 -0.595496 -0.747713 -0.860027 -0.953096 -0.967254 
36.576691 4773.458496 70 80 70 0.846150 0.593050 0.368834 0.994237 0.985415 0.963052 0.902166 0.698733 0.618603 0.406229 0.188742 0.003837 -0.231999 -0.411210 -0.573999 -0.711449 -0.837681 -0.934932 -0.979076 0.994576 0.982852 0.961385 0.943925 0.689559 0.648340 0.482737 0.194114 0.074076 -0.203550 -0.376790 -0.528768 -0.701745 -0.844289 -0.941643 -0.968085 
21.689354 2321.617432 108 146 148 0.491287 0.659384 0.512492 0.990009 0.978922 0.944492 0.845816 0.691317 0.547153 0.306995 0.179239 -0.063040 -0.281607 -0.461903 -0.587134 -0.701376 -0.852924 -0.923827 -0.984226 0.992679 0.984623 0.950888 0.867761 0.694398 0.557509 0.334936 0.183532 -0.036620 -0.282826 -0.436605 -0.575269 -0.736746 -0.846726 -0.920619 -0.984320 
14.822693 1734.468018 54 104 204 0.470894 0.438000 0.491767 0.989141 0.968951 0.925280 0.829200 0.699021 0.497246 0.325917 0.141250 -0.093282 -0.268998 -0.423460 -0.609333 -0.749933 -0.871174 -0.923909 -0.970548 0.991508 0.974169 0.937558 0.822376 0.694406 0.536822 0.326479 0.151982 -0.069844 -0.269124 -0.446040 -0.608807 -0.697227 -0.864672 -0.927806 -0.979005 
13.710186 52377.925781 92 84 92 0.495741 0.480281 0.333897 0.981081 0.943106 0.794525 0.721554 0.589388 0.350440 0.172790 0.019194 -0.135860 -0.246157 -0.485815 -0.606734 -0.721804 -0.802828 -0.955232 -0.987855 0.989261 0.970055 0.921983 0.832463 0.697000 0.494234 0.306833 0.138703 -0.081660 -0.268384 -0.431230 -0.592694 -0.742024 -0.846238 -0.924490 -0.974726 
36.439827 2619605.500000 94 62 42 0.529561 0.412835 0.495635 0.962986 0.879305 0.790817 0.666028 0.556575 0.423521 0.196483 0.038297 -0.135274 -0.331764 -0.444233 -0.605690 -0.708423 -0.877011 -0.963780 -0.978479 0.970252 0.849379 0.772785 0.644459 0.529237 0.337727 0.155908 0.010724 -0.127880 -0.309132 -0.488796 -0.612896 -0.705742 -0.801438 -0.958504 -0.986685 
37.777229 2776156.750000 106 54 54 0.387501 0.244861 0.562433 0.980374 0.890821 0.810497 0.743422 0.605574 0.521972 0.341077 0.137975 -0.059891 -0.297913 -0.428023 -0.596120 -0.695743 -0.857882 -0.974371 -0.986203 0.930858 0.861801 0.781754 0.690474 0.583134 0.464389 0.263791 0.100208 -0.125152 -0.300815 -0.410095 -0.567166 -0.708263 -0.921782 -0.971557 -0.983998 
54.056366 3897973.500000 78 62 62 0.503748 0.853769 0.915780 0.982305 0.960709 0.920725 0.847740 0.731704 0.659963 0.559334 0.458461 0.111013 -0.011345 -0.285064 -0.475960 -0.631073 -0.743532 -0.935601 -0.988346 0.987038 0.961914 0.910655 0.810497 0.719176 0.609835 0.481087 0.274801 0.029571 -0.166661 -0.377083 -0.535152 -0.681372 -0.757532 -0.959583 -0.988920 
64.610374 32343898.000000 62 62 62 0.912389 0.981919 0.976564 0.970104 0.955630 0.905849 0.845509 0.704167 0.648736 0.507870 0.395737 0.174240 0.039276 -0.080356 -0.388489 -0.584981 -0.676379 -0.847072 -0.972556 0.975054 0.958591 0.915166 0.846315 0.725302 0.654578 0.552792 0.461314 0.174396 0.060075 -0.090543 -0.428519 -0.598403 -0.682326 -0.899366 -0.976066 
68.685318 124395832.000000 62 62 62 0.983737 0.989017 0.992031 0.964005 0.952516 0.903058 0.827498 0.683863 0.644116 0.428065 0.267272 0.135937 -0.041163 -0.141931 -0.407647 -0.611214 -0.683177 -0.826593 -0.964986 0.966455 0.953215 0.903883 0.837683 0.693808 0.654460 0.481727 0.343823 0.168260 0.002990 -0.115703 -0.381872 -0.591623 -0.691086 -0.813286 -0.962789 
69.401054 127628808.000000 62 62 62 0.994177 0.989495 0.923580 0.964068 0.954657 0.909476 0.841330 0.658130 0.609014 0.401630 0.218129 0.108357 -0.081631 -0.194865 -0.320211 -0.570118 -0.686747 -0.743147 -0.954608 0.963426 0.953038 0.903130 0.834497 0.665318 0.617789 0.391496 0.226501 0.121148 -0.067116 -0.169599 -0.330126 -0.587814 -0.685036 -0.758635 -0.950180 
68.324623 120583744.000000 62 62 64 0.956314 0.959762 0.910024 0.970263 0.958001 0.916064 0.839293 0.651489 0.606375 0.401949 0.149179 0.078098 -0.095622 -0.283397 -0.451810 -0.535314 -0.663391 -0.725837 -0.935421 0.964067 0.955241 0.907041 0.841059 0.647753 0.607976 0.402520 0.170015 0.095498 -0.088222 -0.207189 -0.386867 -0.552706 -0.679062 -0.753238 -0.950818 
61.656433 62531012.000000 62 64 66 0.935243 0.953150 0.843952 0.982937 0.972694 0.916110 0.742451 0.656971 0.555539 0.295320 0.148070 0.029672 -0.289195 -0.476925 -0.565059 -0.637316 -0.817438 -0.919329 -0.970030 0.978008 0.965236 0.920210 0.817196 0.654061 0.603846 0.344360 0.147818 0.082338 -0.141931 -0.378619 -0.497041 -0.568585 -0.630732 -0.760741 -0.952164 
52.647675 35395384.000000 66 64 62 0.849225 0.639653 0.707754 0.985327 0.961341 0.908940 0.733688 0.664285 0.552733 0.260169 0.145692 -0.184043 -0.367447 -0.542892 -0.680733 -0.777279 -0.895844 -0.970449 -0.986865 0.984593 0.972652 0.899315 0.729736 0.664045 0.542747 0.289992 0.164195 -0.056114 -0.385615 -0.538611 -0.631074 -0.782721 -0.884164 -0.955286 -0.986266 
49.202988 16424062.000000 62 62 62 0.760922 0.771195 0.490267 0.990212 0.967602 0.906849 0.721896 0.647445 0.515966 0.308630 0.136902 -0.112615 -0.414763 -0.540554 -0.709679 -0.827472 -0.916947 -0.968544 -0.990491 0.990212 0.960123 0.916545 0.747567 0.661694 0.537916 0.277097 0.135276 -0.198186 -0.402327 -0.551435 -0.683261 -0.794901 -0.907030 -0.971683 -0.987797 
45.630394 9985402.000000 148 148 148 0.730077 0.759376 0.793046 0.985216 0.960794 0.905671 0.745499 0.645014 0.535504 0.277193 0.091632 -0.198303 -0.386311 -0.569416 -0.704511 -0.815101 -0.897806 -0.961244 -0.990486 0.987894 0.963222 0.912875 0.744575 0.636620 0.521387 0.276319 0.131336 -0.133398 -0.367100 -0.548910 -0.722895 -0.812278 -0.914340 -0.960966 -0.988123 
44.086155 7573980.500000 150 148 148 0.784281 0.753033 0.798609 0.987528 0.967208 0.905064 0.772332 0.624927 0.548165 0.216879 0.012925 -0.208883 -0.408701 -0.536110 -0.676126 -0.781266 -0.918171 -0.968315 -0.988881 0.983756 0.959419 0.899332 0.775845 0.635053 0.548274 0.282314 0.036580 -0.254977 -0.424847 -0.559679 -0.682185 -0.800606 -0.910911 -0.958678 -0.986166 
46.752224 13800957.000000 72 72 72 0.618466 0.812438 0.898021 0.988403 0.973020 0.920872 0.699512 0.619871 0.518336 0.235268 0.076199 -0.139095 -0.397109 -0.499366 -0.591533 -0.780387 -0.894462 -0.952887 -0.986141 0.988624 0.975265 0.908053 0.733172 0.619097 0.533708 0.184553 0.040698 -0.135047 -0.340973 -0.488495 -0.605991 -0.771213 -0.883962 -0.963117 -0.991055 
48.459694 13731736.000000 72 74 82 0.895577 0.841930 0.690215 0.988055 0.967205 0.915481 0.703611 0.624200 0.534281 0.218004 0.014121 -0.297133 -0.438831 -0.609557 -0.700690 -0.752240 -0.883346 -0.936879 -0.985330 0.987584 0.973007 0.930585 0.693243 0.619905 0.489139 0.226296 0.060966 -0.316973 -0.468705 -0.557856 -0.697377 -0.804127 -0.894575 -0.941737 -0.973875 
41.422333 3253441.250000 84 150 86 0.604351 0.639279 0.591768 0.987786 0.964548 0.907529 0.810862 0.658341 0.503192 0.254301 0.057543 -0.182414 -0.357775 -0.501108 -0.596820 -0.681705 -0.809564 -0.916492 -0.979907 0.987154 0.961682 0.918773 0.781180 0.674075 0.551064 0.258162 0.051650 -0.204314 -0.366639 -0.527472 -0.673224 -0.732894 -0.817134 -0.926510 -0.980052 
49.995289 23433004.000000 86 72 70 0.547475 0.545378 0.927285 0.984114 0.968447 0.939845 0.700850 0.584602 0.524106 0.207879 0.120911 -0.166995 -0.339131 -0.464399 -0.583489 -0.612957 -0.753946 -0.910614 -0.979693 0.991510 0.963382 0.897968 0.722424 0.592699 0.473142 0.202835 0.001783 -0.248050 -0.362458 -0.510078 -0.589468 -0.661688 -0.787422 -0.916938 -0.976983 
58.744774 43458924.000000 70 70 72 0.938733 0.972819 0.946754 0.978988 0.965010 0.944520 0.752687 0.583585 0.542041 0.260375 0.150080 0.043628 -0.265172 -0.368162 -0.504634 -0.599787 -0.699284 -0.749431 -0.932943 0.980738 0.965969 0.944859 0.739786 0.583243 0.538896 0.247518 0.150629 -0.021355 -0.298181 -0.388770 -0.507590 -0.621072 -0.677393 -0.834085 -0.974689 
59.661442 33280022.000000 72 72 72 0.959628 0.970068 0.965502 0.975265 0.963261 0.935286 0.779453 0.594829 0.545850 0.312408 0.164191 0.084324 -0.142787 -0.347379 -0.483047 -0.589593 -0.692060 -0.762733 -0.876709 0.976326 0.963883 0.937129 0.759219 0.587517 0.547380 0.282986 0.146518 0.066186 -0.199402 -0.377188 -0.489714 -0.589492 -0.702704 -0.759755 -0.893006 
59.336113 29162668.000000 72 72 72 0.974860 0.962552 0.987744 0.971920 0.959643 0.922730 0.789842 0.603038 0.567217 0.386809 0.199334 0.128646 -0.072284 -0.366486 -0.471392 -0.594587 -0.727499 -0.790680 -0.870013 0.973979 0.961401 0.928774 0.777817 0.590303 0.554209 0.341103 0.170525 0.096859 -0.089966 -0.327753 -0.472745 -0.570574 -0.708657 -0.779916 -0.878781 
55.957279 4913919.500000 72 72 216 0.980327 0.912396 0.654714 0.974090 0.961551 0.917731 0.796085 0.627197 0.582525 0.482294 0.221955 0.073308 -0.027384 -0.298314 -0.448478 -0.564986 -0.726018 -0.803824 -0.912428 0.971830 0.960023 0.922764 0.808477 0.612323 0.578635 0.470715 0.224447 0.107966 -0.028683 -0.339988 -0.452667 -0.558901 -0.727598 -0.793490 -0.908724 
46.212849 842132.687500 88 64 72 0.516922 0.496769 0.695690 0.982121 0.965092 0.925294 0.760042 0.604202 0.577062 0.488979 0.214958 0.099156 -0.074481 -0.322436 -0.476640 -0.597882 -0.726473 -0.818461 -0.926289 0.977667 0.963477 0.911886 0.760606 0.619050 0.589576 0.429358 0.199189 0.069218 -0.013864 -0.304024 -0.438150 -0.549364 -0.725701 -0.816345 -0.900338 
42.055412 337145.812500 72 70 72 0.702545 0.840778 0.901140 0.987342 0.976181 0.924675 0.795124 0.593457 0.564173 0.514071 0.248250 0.131701 -0.050441 -0.317657 -0.470685 -0.616636 -0.702467 -0.873642 -0.974075 0.985910 0.976088 0.918773 0.774231 0.595700 0.565317 0.494680 0.234013 0.118567 -0.067408 -0.325259 -0.504443 -0.628560 -0.721056 -0.847622 -0.960997 
39.072414 113740.460938 72 74 72 0.922438 0.799255 0.504516 0.988380 0.975895 0.925113 0.794563 0.634210 0.583374 0.497300 0.281685 0.118888 -0.037557 -0.343452 -0.474400 -0.631245 -0.792221 -0.901563 -0.963592 0.988296 0.977208 0.915948 0.798300 0.622277 0.577105 0.523901 0.252008 0.119517 -0.043307 -0.303506 -0.445794 -0.597133 -0.739206 -0.893253 -0.968412 
38.634930 57686.160156 70 62 72 0.481733 0.657055 0.499723 0.990994 0.979850 0.950972 0.859551 0.650607 0.580237 0.528671 0.312237 0.139835 -0.022946 -0.314797 -0.481813 -0.666077 -0.804310 -0.899894 -0.968979 0.990543 0.977762 0.938795 0.817581 0.632245 0.585433 0.502337 0.295265 0.119077 -0.020365 -0.338423 -0.486172 -0.664942 -0.795825 -0.897178 -0.966240 
42.332401 35335.097656 72 72 72 0.473628 0.852750 0.901491 0.994119 0.985993 0.972994 0.864735 0.634007 0.578287 0.533994 0.347907 0.112341 -0.085094 -0.372807 -0.520827 -0.697350 -0.817921 -0.912070 -0.975490 0.992357 0.983639 0.963209 0.852204 0.638070 0.579178 0.549375 0.315047 0.139974 -0.051578 -0.338697 -0.494464 -0.674000 -0.819013 -0.899825 -0.982017 
39.644917 25974.953125 72 76 76 0.885891 0.875705 0.658994 0.993847 0.982560 0.962552 0.806794 0.624722 0.575730 0.531996 0.352461 0.093595 -0.124191 -0.374439 -0.481698 -0.707473 -0.813663 -0.906897 -0.966011 0.994194 0.983985 0.971764 0.872495 0.610085 0.570465 0.530813 0.373299 0.106885 -0.100723 -0.394765 -0.518838 -0.711957 -0.812021 -0.907332 -0.965738 
31.884556 1507012.125000 76 70 86 0.683640 0.736642 0.486601 0.975176 0.960190 0.873529 0.671767 0.553432 0.419603 0.174788 0.058066 -0.185216 -0.373006 -0.524050 -0.618032 -0.728870 -0.843898 -0.950008 -0.984051 0.991360 0.976148 0.946633 0.778982 0.602397 0.561372 0.488276 0.267111 0.025194 -0.198083 -0.386131 -0.519692 -0.702115 -0.826674 -0.917826 -0.972815 
52.716976 10241217.000000 54 64 70 0.647258 0.821952 0.944036 0.981390 0.966122 0.947198 0.813304 0.578519 0.529558 0.361564 0.182794 0.087865 -0.147504 -0.406467 -0.481267 -0.595388 -0.734285 -0.874483 -0.970022 0.988966 0.972035 0.938013 0.760480 0.560356 0.505218 0.207619 0.114624 -0.127782 -0.362917 -0.487504 -0.595937 -0.711119 -0.834242 -0.950470 -0.982446 
61.164211 36273744.000000 70 72 72 0.950011 0.961226 0.980995 0.974623 0.962751 0.941007 0.823859 0.574058 0.528481 0.309434 0.172718 0.076910 -0.106090 -0.358047 -0.457401 -0.599351 -0.745617 -0.850132 -0.878143 0.976389 0.963768 0.946175 0.827737 0.589270 0.536319 0.355255 0.187924 0.099553 -0.096754 -0.333588 -0.455363 -0.586249 -0.725041 -0.836914 -0.884318 
59.468704 36299956.000000 72 74 74 0.977503 0.942785 0.986397 0.974325 0.955937 0.926770 0.810366 0.580364 0.531131 0.361155 0.200670 0.106531 -0.095408 -0.334291 -0.408324 -0.581233 -0.718386 -0.824194 -0.867653 0.974826 0.960490 0.934415 0.813829 0.580225 0.526798 0.353994 0.186488 0.094059 -0.087019 -0.351241 -0.428072 -0.585890 -0.710275 -0.819965 -0.872203 
58.552597 35847640.000000 74 74 74 0.991396 0.985970 0.956667 0.973705 0.953774 0.921625 0.793101 0.607052 0.566845 0.348653 0.221821 0.108194 -0.144104 -0.314731 -0.405457 -0.598551 -0.707313 -0.804755 -0.865625 0.972688 0.952854 0.922720 0.804887 0.597483 0.549125 0.368271 0.211729 0.123548 -0.110297 -0.330597 -0.404879 -0.576221 -0.712346 -0.826226 -0.862508 
57.163807 12078952.000000 74 74 78 0.956813 0.917927 0.825304 0.978776 0.967162 0.927952 0.738463 0.625643 0.575643 0.324502 0.223544 0.119054 -0.044088 -0.203283 -0.406145 -0.543661 -0.628350 -0.742360 -0.922844 0.976266 0.959724 0.921412 0.765904 0.613607 0.574177 0.320849 0.226657 0.103072 -0.123193 -0.281356 -0.416959 -0.587487 -0.669570 -0.768021 -0.875449 
50.245632 1077784.500000 78 76 76 0.864499 0.816487 0.918850 0.991446 0.977373 0.948314 0.785093 0.646991 0.595594 0.482015 0.277772 0.169903 0.003491 -0.326307 -0.446281 -0.540482 -0.730300 -0.845422 -0.942125 0.988685 0.975068 0.944671 0.744253 0.647491 0.599504 0.395119 0.235050 0.156067 -0.016483 -0.235712 -0.445770 -0.515769 -0.673625 -0.818413 -0.941576 
51.441502 1250655.000000 76 72 76 0.914319 0.640520 0.848952 0.987730 0.974340 0.930976 0.829492 0.736997 0.610821 0.522740 0.266731 0.157203 0.026148 -0.231394 -0.428952 -0.510871 -0.679350 -0.850358 -0.964451 0.990932 0.978987 0.940850 0.804866 0.686809 0.598945 0.462934 0.243367 0.175656 -0.005986 -0.295994 -0.430530 -0.526417 -0.691537 -0.851070 -0.961765 
52.077187 674746.375000 76 78 78 0.859689 0.952535 0.940348 0.989587 0.975140 0.941694 0.862316 0.759276 0.600766 0.498246 0.273155 0.169672 -0.049140 -0.173243 -0.374269 -0.553284 -0.767932 -0.895590 -0.972084 0.987486 0.974082 0.944369 0.850266 0.742361 0.616625 0.509528 0.262617 0.164996 -0.003813 -0.171260 -0.419236 -0.505974 -0.727618 -0.877778 -0.967137 
49.331097 236643.093750 78 78 78 0.946676 0.883297 0.896167 0.994195 0.983483 0.939582 0.868103 0.729072 0.616821 0.506477 0.291753 0.163383 -0.057527 -0.165988 -0.342527 -0.596080 -0.776791 -0.892930 -0.973612 0.992284 0.978395 0.937304 0.867888 0.784461 0.593968 0.507452 0.292685 0.189523 -0.073991 -0.185768 -0.315931 -0.572117 -0.761257 -0.901336 -0.970119 
48.026810 122151.320312 78 78 78 0.852562 0.876097 0.914643 0.994917 0.984574 0.949659 0.889431 0.747919 0.597311 0.527922 0.285420 0.162997 0.012119 -0.257800 -0.448832 -0.637351 -0.799576 -0.909372 -0.968954 0.994960 0.987577 0.944493 0.846335 0.696235 0.605325 0.511596 0.285721 0.171640 -0.037789 -0.201132 -0.410198 -0.633657 -0.800283 -0.895346 -0.974364 
47.923805 97177.828125 78 80 80 0.911963 0.882122 0.910418 0.992988 0.982275 0.955239 0.911499 0.803230 0.604054 0.542867 0.292618 0.099416 -0.111076 -0.279768 -0.491067 -0.676616 -0.816203 -0.910933 -0.975027 0.994305 0.983564 0.952628 0.910287 0.756045 0.601070 0.539025 0.313755 0.153629 -0.021984 -0.278023 -0.471485 -0.670530 -0.813023 -0.909205 -0.968304 
47.184109 49729.921875 80 80 82 0.908480 0.745179 0.898942 0.988321 0.976914 0.962790 0.936155 0.799576 0.599024 0.498030 0.239874 0.045706 -0.140260 -0.303909 -0.526696 -0.691239 -0.837856 -0.918958 -0.972577 0.991515 0.980247 0.964462 0.919813 0.802472 0.625497 0.523209 0.265011 0.082903 -0.121532 -0.285085 -0.502700 -0.685178 -0.827262 -0.920884 -0.973180 
49.997021 68710.742188 82 82 82 0.945465 0.971584 0.971044 0.983459 0.975441 0.962407 0.940644 0.828314 0.603096 0.536444 0.169022 0.023574 -0.112079 -0.320800 -0.503982 -0.676980 -0.815639 -0.918242 -0.977442 0.987065 0.976182 0.964120 0.941788 0.794479 0.591716 0.531272 0.237512 0.030978 -0.143439 -0.341885 -0.537134 -0.694400 -0.819674 -0.919740 -0.975446 
54.104813 204757.625000 82 82 82 0.973144 0.958536 0.741125 0.980081 0.972317 0.957476 0.922857 0.882231 0.654808 0.252716 0.102281 0.051988 -0.105997 -0.178954 -0.420606 -0.642461 -0.794534 -0.907162 -0.976699 0.982186 0.974879 0.960769 0.936482 0.851695 0.616732 0.438329 0.098204 0.029510 -0.090244 -0.232284 -0.470566 -0.646548 -0.810261 -0.913759 -0.978499 
55.373974 409776.437500 82 80 80 0.761237 0.917658 0.891415 0.980213 0.964490 0.941196 0.904224 0.882424 0.810869 0.332576 0.104809 0.053059 -0.059326 -0.144575 -0.523316 -0.628058 -0.799971 -0.907457 -0.973043 0.979398 0.969431 0.947455 0.909882 0.885464 0.719903 0.319805 0.098568 0.055847 -0.075374 -0.183136 -0.463899 -0.644689 -0.799810 -0.906956 -0.975722 
58.762325 1192519.125000 80 80 78 0.942025 0.910996 0.976671 0.972851 0.954336 0.932489 0.889826 0.865583 0.802415 0.349882 0.182969 0.095943 -0.018289 -0.117646 -0.550257 -0.652384 -0.758564 -0.894279 -0.972920 0.977018 0.958601 0.938017 0.895351 0.875821 0.804742 0.318279 0.151322 0.065712 -0.042667 -0.199863 -0.562743 -0.649726 -0.786099 -0.901349 -0.974454 
60.775105 6040031.500000 78 80 78 0.982649 0.897930 0.941462 0.967783 0.947020 0.913705 0.873430 0.843645 0.713797 0.353015 0.215075 0.078813 -0.055664 -0.174313 -0.455929 -0.678365 -0.748193 -0.866988 -0.972518 0.971039 0.950361 0.923174 0.881136 0.853291 0.770763 0.374308 0.200550 0.112661 -0.037334 -0.117626 -0.456308 -0.662934 -0.740996 -0.884459 -0.971958 
61.006798 12251264.000000 80 80 80 0.905889 0.965597 0.959186 0.966440 0.943346 0.907301 0.863320 0.827463 0.646254 0.319315 0.216830 0.061603 -0.107011 -0.240403 -0.471670 -0.602840 -0.726185 -0.778550 -0.930116 0.967376 0.944690 0.911422 0.866155 0.838795 0.695030 0.353048 0.228995 0.089343 -0.051951 -0.191536 -0.469322 -0.621779 -0.713311 -0.818714 -0.958533 
59.533081 10399239.000000 80 78 78 0.963708 0.728616 0.937109 0.973837 0.941915 0.909018 0.861816 0.838653 0.602210 0.290697 0.231455 0.011497 -0.135168 -0.255059 -0.497268 -0.602680 -0.725127 -0.784422 -0.903235 0.966296 0.941017 0.906351 0.859516 0.827383 0.627724 0.294851 0.214770 0.040517 -0.150259 -0.230880 -0.471330 -0.606466 -0.735915 -0.781008 -0.903275 
59.119793 10494824.000000 78 80 78 0.938847 0.935824 0.950529 0.972334 0.943894 0.907027 0.856201 0.828201 0.635867 0.342834 0.234811 -0.011126 -0.163214 -0.282385 -0.516581 -0.621052 -0.683764 -0.759452 -0.905216 0.971811 0.943080 0.908788 0.859981 0.834143 0.606183 0.315817 0.249254 -0.008885 -0.145685 -0.313863 -0.508406 -0.616904 -0.694727 -0.772843 -0.912856 
56.410957 3166642.250000 78 76 76 0.952437 0.940462 0.838491 0.979390 0.953094 0.910410 0.853883 0.830983 0.702249 0.378889 0.246250 -0.033859 -0.179489 -0.324391 -0.492291 -0.599828 -0.683458 -0.792955 -0.933642 0.975025 0.947307 0.908222 0.852798 0.830884 0.703132 0.365804 0.220186 -0.012921 -0.175498 -0.293941 -0.516894 -0.627481 -0.693289 -0.752374 -0.925327 
45.089371 225342.468750 76 78 78 0.888799 0.723260 0.839148 0.990093 0.944584 0.887150 0.848910 0.808838 0.641727 0.373925 0.249810 0.013415 -0.218184 -0.334885 -0.472246 -0.621663 -0.727371 -0.850378 -0.958060 0.984398 0.956114 0.905341 0.859768 0.822995 0.648203 0.377004 0.257850 -0.000031 -0.195468 -0.299076 -0.437783 -0.549855 -0.722935 -0.836851 -0.935762 
37.331795 70348.375000 78 78 78 0.778277 0.574293 0.624288 0.965803 0.941176 0.891988 0.853800 0.815309 0.651450 0.407134 0.292107 0.049325 -0.175283 -0.300646 -0.503261 -0.630820 -0.730658 -0.891085 -0.970938 0.977978 0.934702 0.890102 0.853783 0.795978 0.660022 0.423014 0.281626 0.051352 -0.174364 -0.307675 -0.477429 -0.628038 -0.718250 -0.874621 -0.967449 
34.765774 26927.031250 58 218 78 0.577826 0.574839 0.618839 0.961284 0.939092 0.898797 0.854460 0.815593 0.706204 0.423382 0.243173 0.004103 -0.184829 -0.341909 -0.567656 -0.671821 -0.794847 -0.914416 -0.982685 0.961368 0.936955 0.887584 0.857025 0.813022 0.676230 0.419970 0.275828 0.005606 -0.198509 -0.306391 -0.543006 -0.650559 -0.760121 -0.893709 -0.976733 
32.552032 15352.672852 78 80 78 0.586122 0.733202 0.674511 0.964264 0.942548 0.892559 0.859786 0.829919 0.695378 0.381707 0.258657 0.017002 -0.170432 -0.351417 -0.559323 -0.693680 -0.844816 -0.928452 -0.974697 0.959052 0.944325 0.895691 0.854515 0.826555 0.722569 0.419551 0.243248 0.022529 -0.163690 -0.316359 -0.567423 -0.663816 -0.821403 -0.928190 -0.984084 
32.159740 11034.452148 78 78 80 0.669492 0.726311 0.624446 0.959118 0.929744 0.881830 0.851875 0.824245 0.722712 0.435229 0.287979 0.049816 -0.169426 -0.369704 -0.538839 -0.688227 -0.815341 -0.937990 -0.980900 0.961014 0.938238 0.885227 0.850997 0.832099 0.711269 0.413599 0.246538 0.029123 -0.184534 -0.339234 -0.547891 -0.703894 -0.837299 -0.944385 -0.980977 
33.456047 858089.250000 80 82 94 0.630292 0.336670 0.717656 0.962219 0.907523 0.846654 0.787121 0.546453 0.279211 0.092402 0.019692 -0.154601 -0.237722 -0.346286 -0.500163 -0.686656 -0.815347 -0.911830 -0.970315 0.960906 0.933411 0.869543 0.846893 0.831936 0.690450 0.419496 0.286958 0.009229 -0.165737 -0.377442 -0.568961 -0.702584 -0.838226 -0.930133 -0.976271 
45.823074 7929036.500000 94 150 150 0.683724 0.636906 0.575349 0.956363 0.890388 0.812606 0.582106 0.494536 0.172101 0.079569 -0.103305 -0.288402 -0.359649 -0.465496 -0.621106 -0.757012 -0.841006 -0.924746 -0.977779 0.956699 0.906829 0.815696 0.667069 0.480712 0.173854 0.060232 -0.096489 -0.229433 -0.307918 -0.419976 -0.597425 -0.748663 -0.833505 -0.927564 -0.972088 
36.164593 1055960.875000 58 54 58 0.427824 0.555678 0.513618 0.974328 0.901333 0.835283 0.627244 0.520879 0.388225 0.123100 0.042522 -0.249224 -0.349088 -0.454098 -0.631631 -0.742721 -0.841369 -0.922828 -0.972696 0.964134 0.886704 0.827355 0.582063 0.516323 0.301663 0.107576 0.004980 -0.298879 -0.364439 -0.472250 -0.605654 -0.751567 -0.839663 -0.920664 -0.964978 
31.498487 241397.437500 54 46 90 0.384801 0.734765 0.571021 0.987834 0.982478 0.909756 0.755655 0.537108 0.428615 0.164199 0.077133 -0.159671 -0.293927 -0.387989 -0.512579 -0.719633 -0.829398 -0.928545 -0.971954 0.989130 0.965200 0.856895 0.727800 0.524386 0.432976 0.144125 0.064166 -0.169890 -0.317583 -0.403676 -0.538810 -0.738806 -0.820714 -0.931190 -0.972138 
26.206903 57141.937500 38 122 42 0.647501 0.654503 0.499560 0.986097 0.961303 0.889614 0.815589 0.561548 0.432069 0.105194 0.004310 -0.188197 -0.287716 -0.372504 -0.522176 -0.738967 -0.816158 -0.906903 -0.972885 0.986690 0.978406 0.896899 0.783235 0.549574 0.434744 0.145234 0.047558 -0.178491 -0.293606 -0.382010 -0.522012 -0.737214 -0.815759 -0.913378 -0.975625 
19.015352 18295.580078 94 58 80 0.625990 0.476470 0.382324 0.981931 0.954742 0.888398 0.821654 0.670705 0.459274 0.174953 0.060198 -0.162817 -0.293785 -0.374444 -0.503148 -0.700428 -0.818288 -0.910558 -0.960592 0.985030 0.958191 0.888203 0.806106 0.589858 0.445790 0.144436 0.024843 -0.169095 -0.306438 -0.378958 -0.505417 -0.737302 -0.804294 -0.910576 -0.959028 
16.967543 8998.339844 60 80 58 0.540367 0.523336 0.453167 0.977412 0.953905 0.902192 0.839697 0.687730 0.476902 0.253462 0.067929 -0.160865 -0.308333 -0.397851 -0.515979 -0.703989 -0.835470 -0.922475 -0.974011 0.979768 0.950914 0.901243 0.839256 0.646327 0.494654 0.214589 0.065594 -0.142984 -0.291878 -0.367152 -0.473162 -0.674176 -0.822995 -0.905182 -0.966447 
16.049261 7512.903809 80 78 80 0.510764 0.474000 0.449184 0.983497 0.959597 0.913460 0.818490 0.658268 0.473062 0.273526 0.094003 -0.188578 -0.343424 -0.416096 -0.492294 -0.697412 -0.817898 -0.915365 -0.979271 0.976178 0.951872 0.917713 0.828871 0.653375 0.474617 0.279047 0.052943 -0.167902 -0.315087 -0.422138 -0.530755 -0.715869 -0.822099 -0.919223 -0.974683 
16.095175 5914.104980 100 96 80 0.444741 0.478215 0.464793 0.986316 0.961174 0.916751 0.833932 0.690337 0.495368 0.288471 0.099424 -0.140556 -0.316045 -0.420630 -0.581458 -0.711880 -0.829258 -0.911016 -0.975560 0.983123 0.960609 0.907715 0.830896 0.695907 0.478946 0.260144 0.097651 -0.165484 -0.337396 -0.418390 -0.513735 -0.711463 -0.825032 -0.914559 -0.976748 
42.653496 8513232.000000 80 94 56 0.621559 0.504738 0.482998 0.962500 0.919067 0.670830 0.511923 0.408660 0.260438 0.038072 -0.156062 -0.325356 -0.433412 -0.573155 -0.672321 -0.771535 -0.837517 -0.923518 -0.988839 0.980885 0.949051 0.886373 0.647435 0.483361 0.338462 0.166903 -0.064649 -0.244468 -0.383692 -0.507704 -0.620193 -0.725280 -0.813881 -0.902122 -0.985241 
50.365662 7544557.500000 150 94 106 0.310764 0.376092 0.416779 0.971555 0.913433 0.704191 0.509210 0.406001 0.132094 -0.060047 -0.282799 -0.433812 -0.512716 -0.665205 -0.737318 -0.828849 -0.882877 -0.947653 -0.978391 0.965943 0.916883 0.702815 0.507468 0.411786 0.190633 -0.055397 -0.255606 -0.404032 -0.489902 -0.637715 -0.744372 -0.813288 -0.862552 -0.941526 -0.979616 
49.502598 3894113.250000 104 46 146 0.455901 0.546633 0.381827 0.970291 0.943925 0.656934 0.515662 0.421722 0.154249 0.086172 -0.157116 -0.431292 -0.462615 -0.580377 -0.711043 -0.805272 -0.851085 -0.937128 -0.972529 0.970761 0.933092 0.674554 0.511008 0.391868 0.124976 0.026614 -0.274205 -0.437399 -0.483612 -0.657725 -0.732916 -0.813628 -0.872427 -0.945546 -0.977742 
38.590588 1129418.000000 144 102 54 0.476840 0.362650 0.495818 0.992160 0.983752 0.940469 0.580591 0.506272 0.364694 0.159466 0.060543 -0.290930 -0.473715 -0.510622 -0.646848 -0.791892 -0.847256 -0.928605 -0.969848 0.974057 0.940808 0.690642 0.527555 0.464549 0.202209 0.114182 -0.032825 -0.386913 -0.475568 -0.521417 -0.676924 -0.800805 -0.861707 -0.928969 -0.969984 
50.873749 4771642.000000 64 64 72 0.605804 0.847729 0.842354 0.989778 0.978692 0.961393 0.757069 0.580642 0.521878 0.294578 0.213467 0.049939 -0.387142 -0.469700 -0.589113 -0.752736 -0.813058 -0.925879 -0.983639 0.991866 0.980259 0.968802 0.770198 0.556005 0.501000 0.276423 0.199811 0.028770 -0.385968 -0.479289 -0.611411 -0.736730 -0.813646 -0.939463 -0.979190 
44.776451 627190.125000 70 74 76 0.832456 0.926189 0.803007 0.994455 0.982756 0.955443 0.735314 0.602960 0.536881 0.262090 0.201928 -0.113028 -0.428917 -0.505505 -0.642975 -0.756400 -0.835213 -0.912926 -0.961482 0.992670 0.978884 0.961371 0.791720 0.603007 0.549026 0.278216 0.210439 -0.072361 -0.407439 -0.475724 -0.620605 -0.746199 -0.826248 -0.914862 -0.972684 
41.698830 2363444.000000 78 76 72 0.805953 0.770305 0.855994 0.992976 0.981785 0.951825 0.627657 0.491207 0.409295 0.253906 0.161761 0.013564 -0.391495 -0.470611 -0.558807 -0.764392 -0.860718 -0.927264 -0.969961 0.994978 0.986317 0.930716 0.665626 0.580412 0.474105 0.264472 0.174360 -0.046527 -0.421564 -0.503965 -0.653272 -0.794457 -0.869207 -0.934550 -0.978716 
54.880989 10060333.000000 72 74 72 0.812493 0.970412 0.977328 0.989185 0.982172 0.968966 0.767909 0.452368 0.376922 0.232249 0.091238 -0.000725 -0.274638 -0.434768 -0.500518 -0.592983 -0.721141 -0.841731 -0.977916 0.989547 0.980682 0.964938 0.695405 0.474605 0.398388 0.245447 0.126324 -0.001911 -0.274866 -0.429686 -0.512256 -0.616777 -0.752000 -0.904398 -0.958351 
55.926003 7253377.000000 72 72 74 0.982420 0.984186 0.994953 0.988902 0.983115 0.972575 0.770807 0.425520 0.350039 0.195240 0.029639 -0.062962 -0.263177 -0.432248 -0.488944 -0.594302 -0.707060 -0.852178 -0.978571 0.989011 0.982889 0.971437 0.766211 0.421673 0.359385 0.248142 0.085021 -0.057906 -0.257495 -0.426174 -0.505854 -0.587026 -0.691200 -0.898833 -0.987953 
54.680664 3876493.250000 74 74 76 0.992409 0.993396 0.988568 0.989232 0.983845 0.974463 0.792257 0.410104 0.338092 0.230423 0.051937 -0.079085 -0.252370 -0.399707 -0.477790 -0.571078 -0.693518 -0.792317 -0.972579 0.989024 0.983444 0.973492 0.771798 0.416104 0.344294 0.207075 0.037891 -0.076049 -0.262061 -0.405574 -0.484565 -0.583534 -0.706010 -0.800550 -0.964631 
54.582329 3346806.250000 74 76 76 0.964183 0.994183 0.969143 0.989630 0.983953 0.973361 0.830134 0.390372 0.331737 0.224378 0.116903 -0.054285 -0.219631 -0.410469 -0.466199 -0.582804 -0.681246 -0.815767 -0.971940 0.989239 0.983887 0.973742 0.810656 0.413904 0.340117 0.243136 0.089221 -0.067923 -0.209983 -0.394869 -0.475773 -0.553181 -0.654521 -0.791469 -0.973956 
54.009239 3365379.750000 76 76 78 0.973264 0.950116 0.990538 0.989839 0.983827 0.971476 0.800460 0.403745 0.332972 0.267129 0.164163 0.003969 -0.177964 -0.388870 -0.478650 -0.592099 -0.695795 -0.792006 -0.966586 0.989695 0.983824 0.972587 0.802120 0.398085 0.357322 0.240606 0.124273 -0.042329 -0.227424 -0.400149 -0.451935 -0.554372 -0.707183 -0.810297 -0.963918 
52.660828 1252713.375000 78 78 80 0.985986 0.935952 0.959655 0.990880 0.982710 0.970417 0.866159 0.403074 0.336025 0.276733 0.206759 0.093256 -0.106086 -0.403210 -0.490236 -0.614389 -0.671666 -0.827543 -0.964557 0.989938 0.983534 0.969748 0.835627 0.410176 0.341873 0.271601 0.189753 0.055800 -0.126133 -0.392674 -0.471208 -0.571054 -0.688836 -0.789412 -0.965374 
43.049374 153588.734375 80 84 84 0.951196 0.867985 0.725606 0.994867 0.981456 0.964517 0.827540 0.430569 0.339575 0.236087 0.189752 -0.140807 -0.296870 -0.371376 -0.450683 -0.544906 -0.649838 -0.862228 -0.966224 0.992840 0.982931 0.970302 0.871199 0.453747 0.341528 0.256009 0.198579 0.084814 -0.178264 -0.427852 -0.491463 -0.596596 -0.671728 -0.854680 -0.970472 
33.344757 58023.621094 88 84 78 0.624305 0.613080 0.693642 0.993681 0.984411 0.958968 0.844755 0.447541 0.346128 0.272332 0.216113 -0.045182 -0.299853 -0.379735 -0.479725 -0.557258 -0.764692 -0.880286 -0.967294 0.991472 0.973231 0.951906 0.774147 0.452454 0.339741 0.276317 0.146911 -0.164204 -0.290616 -0.367385 -0.443743 -0.517496 -0.638793 -0.886906 -0.965758 
38.083099 32748.478516 78 78 82 0.700238 0.694022 0.802057 0.995666 0.988428 0.970238 0.889830 0.603710 0.367072 0.290483 0.207823 0.071757 -0.274661 -0.407860 -0.477710 -0.630136 -0.805785 -0.900024 -0.976508 0.994928 0.987871 0.970674 0.876831 0.469133 0.346328 0.280810 0.220800 0.030915 -0.291275 -0.404077 -0.486428 -0.611866 -0.803044 -0.879759 -0.972235 
38.112022 1223443.750000 84 88 84 0.792271 0.722538 0.626373 0.994486 0.963014 0.839405 0.759200 0.655081 0.621965 0.284497 0.160401 0.019081 -0.257616 -0.465405 -0.599117 -0.737519 -0.833390 -0.933547 -0.988781 0.995134 0.986902 0.912818 0.780574 0.678398 0.623729 0.399238 0.189689 0.105221 -0.190049 -0.370842 -0.522997 -0.702529 -0.823035 -0.947409 -0.986213 
41.541897 4333875.500000 80 84 80 0.698921 0.608568 0.786520 0.993485 0.984704 0.806087 0.654424 0.617087 0.335547 0.095201 -0.171738 -0.315017 -0.462717 -0.561331 -0.710902 -0.842155 -0.921027 -0.957792 -0.984832 0.993345 0.975167 0.824782 0.679990 0.643797 0.487661 0.195206 -0.014941 -0.261755 -0.406789 -0.546345 -0.650913 -0.795251 -0.873557 -0.953619 -0.987875 
43.237591 1123655.500000 82 96 94 0.838381 0.701694 0.392005 0.992557 0.975582 0.847605 0.671547 0.558011 0.319104 -0.045361 -0.266607 -0.366614 -0.494585 -0.647062 -0.769016 -0.851780 -0.929516 -0.968795 -0.993828 0.993229 0.984599 0.844827 0.648853 0.581232 0.319611 0.033233 -0.209431 -0.337760 -0.471744 -0.603047 -0.774725 -0.871023 -0.932480 -0.964274 -0.991632 
42.513451 1201575.000000 90 104 74 0.645178 0.466003 0.487020 0.989140 0.943608 0.784479 0.622788 0.552918 0.311677 -0.149917 -0.283754 -0.436954 -0.501627 -0.651284 -0.734517 -0.828601 -0.930106 -0.962331 -0.986197 0.992400 0.956650 0.838084 0.651540 0.553697 0.323910 -0.116194 -0.285036 -0.396847 -0.526697 -0.684042 -0.751473 -0.850649 -0.928683 -0.960573 -0.991329 
42.093803 3092876.500000 74 66 56 0.440072 0.356619 0.669016 0.989871 0.977198 0.947465 0.673494 0.571658 0.456411 0.177803 0.083226 -0.273274 -0.443110 -0.533829 -0.685883 -0.799027 -0.908847 -0.961034 -0.984679 0.986282 0.953214 0.751392 0.606383 0.557264 0.284158 -0.021761 -0.234748 -0.425020 -0.486112 -0.627860 -0.729113 -0.823555 -0.932437 -0.961209 -0.983978 
58.523407 58069776.000000 56 64 64 0.771196 0.878277 0.934441 0.980265 0.965966 0.933322 0.798410 0.596644 0.549985 0.296450 0.166397 0.072948 -0.242722 -0.436500 -0.487027 -0.609719 -0.699194 -0.813296 -0.969575 0.984024 0.973342 0.945576 0.747123 0.594942 0.545373 0.284562 0.175607 0.050884 -0.315184 -0.445542 -0.521598 -0.631300 -0.795886 -0.920168 -0.979463 
63.778908 103875304.000000 66 66 66 0.942770 0.959222 0.973625 0.971103 0.957259 0.929585 0.830340 0.600318 0.527899 0.326836 0.169981 0.079796 -0.224501 -0.377699 -0.476733 -0.576020 -0.732584 -0.772446 -0.960885 0.974835 0.959162 0.933645 0.827933 0.606020 0.538743 0.324490 0.160654 0.090088 -0.243368 -0.417245 -0.490754 -0.580638 -0.710144 -0.764919 -0.954943 
61.580051 72746264.000000 66 68 68 0.966839 0.988521 0.975589 0.974830 0.954497 0.918170 0.802781 0.603570 0.550632 0.353454 0.226671 0.100107 -0.145430 -0.331558 -0.435693 -0.603308 -0.741150 -0.809878 -0.894904 0.973044 0.955718 0.922032 0.818351 0.600726 0.538325 0.345928 0.195360 0.096891 -0.183970 -0.357978 -0.453989 -0.579068 -0.743317 -0.794986 -0.935664 
60.333855 57785676.000000 68 68 70 0.986150 0.990054 0.853554 0.977263 0.957543 0.926647 0.822394 0.575980 0.516498 0.337167 0.236751 0.007085 -0.215557 -0.315373 -0.453974 -0.608612 -0.732460 -0.794542 -0.861815 0.975315 0.955887 0.920967 0.801262 0.595547 0.537608 0.348176 0.239175 0.079078 -0.183361 -0.321316 -0.441724 -0.592583 -0.739677 -0.791922 -0.878813 
56.051617 8144345.500000 70 72 68 0.733639 0.869724 0.579544 0.987982 0.968273 0.941165 0.809128 0.582870 0.504829 0.344288 0.239197 0.055357 -0.209457 -0.351931 -0.499134 -0.578387 -0.721999 -0.795363 -0.928870 0.982017 0.960671 0.934615 0.822483 0.549907 0.490478 0.334093 0.236316 0.029686 -0.223299 -0.322293 -0.459615 -0.593898 -0.732514 -0.782306 -0.873048 
40.960411 717253.875000 74 84 68 0.567563 0.499613 0.596225 0.974796 0.953363 0.909406 0.702197 0.612384 0.530126 0.395481 0.260539 0.163255 -0.151053 -0.311289 -0.474667 -0.602787 -0.734030 -0.823587 -0.952626 0.991875 0.960395 0.907145 0.782945 0.607154 0.554124 0.351516 0.242843 0.035693 -0.225092 -0.377471 -0.518647 -0.595114 -0.702164 -0.843275 -0.949272 
37.446941 341316.968750 68 68 68 0.691776 0.811391 0.765201 0.987001 0.958477 0.928603 0.762647 0.582293 0.529539 0.327479 0.214382 0.126091 -0.214331 -0.375494 -0.492265 -0.613897 -0.715962 -0.823055 -0.963372 0.984527 0.958047 0.925392 0.692937 0.596801 0.525967 0.371986 0.218197 0.158353 -0.163935 -0.339316 -0.460619 -0.628308 -0.736941 -0.818469 -0.952500 
35.333939 466800.687500 68 70 66 0.753389 0.808577 0.517203 0.974071 0.952989 0.912850 0.765090 0.569175 0.494446 0.295325 0.154488 -0.024310 -0.192755 -0.388337 -0.513970 -0.671405 -0.755093 -0.865906 -0.950681 0.984465 0.958954 0.931494 0.802274 0.582058 0.534500 0.388753 0.236077 0.148809 -0.152412 -0.344578 -0.466675 -0.601898 -0.722348 -0.860142 -0.960046 
40.361938 3852379.250000 68 122 68 0.550088 0.538753 0.639919 0.965029 0.954431 0.864005 0.626568 0.499516 0.281161 0.128208 0.015897 -0.096222 -0.331748 -0.490025 -0.564785 -0.710082 -0.801148 -0.915876 -0.962930 0.969268 0.946248 0.836868 0.621147 0.498315 0.302676 0.135484 0.028733 -0.117546 -0.313138 -0.474865 -0.572804 -0.691104 -0.766494 -0.902966 -0.946830 
35.932297 1318318.875000 68 64 52 0.649051 0.347779 0.737302 0.989613 0.977308 0.926982 0.693971 0.499816 0.371736 0.176507 0.022940 -0.159849 -0.370643 -0.454519 -0.645443 -0.763008 -0.826753 -0.922275 -0.967531 0.966336 0.954330 0.866043 0.643432 0.506365 0.328341 0.106725 0.005495 -0.157595 -0.361491 -0.493171 -0.657687 -0.773519 -0.826743 -0.926889 -0.976937 
53.467640 6610185.500000 50 58 64 0.774249 0.898545 0.684979 0.989982 0.977817 0.967616 0.779386 0.508165 0.416109 0.243644 0.097942 -0.003376 -0.291043 -0.431923 -0.487831 -0.583628 -0.727924 -0.837177 -0.893535 0.990922 0.978067 0.965320 0.812136 0.485884 0.396558 0.238018 0.090719 -0.030238 -0.280573 -0.429869 -0.502632 -0.617313 -0.716374 -0.850946 -0.928949 
44.961704 219759.984375 66 68 72 0.691539 0.703395 0.873204 0.995746 0.984529 0.957642 0.875461 0.592908 0.519419 0.313759 0.141450 0.008688 -0.189280 -0.441293 -0.522461 -0.614552 -0.722672 -0.849413 -0.961914 0.993866 0.983338 0.962759 0.837045 0.562900 0.464533 0.268037 0.137131 -0.032975 -0.303870 -0.423248 -0.476017 -0.597738 -0.740307 -0.857134 -0.947850 
52.957157 16221451.000000 72 76 64 0.872033 0.747860 0.839625 0.984072 0.976292 0.947296 0.698445 0.563560 0.478437 0.228662 0.165287 -0.014009 -0.192440 -0.327937 -0.497951 -0.566396 -0.629123 -0.830149 -0.939182 0.994939 0.982202 0.948254 0.825422 0.597259 0.452852 0.214942 0.118135 -0.035905 -0.238287 -0.401084 -0.522835 -0.600183 -0.701929 -0.883385 -0.961783 
60.589012 22541138.000000 64 64 64 0.872535 0.958455 0.963095 0.981670 0.972732 0.930078 0.776877 0.614409 0.574054 0.376085 0.232520 0.096764 -0.192875 -0.259231 -0.417482 -0.560146 -0.660113 -0.698886 -0.901930 0.981842 0.975508 0.942461 0.754476 0.586272 0.539471 0.327734 0.202416 0.087406 -0.200538 -0.290336 -0.438620 -0.552858 -0.630185 -0.685993 -0.919908 
58.820709 9439939.000000 64 66 68 0.976467 0.956729 0.955925 0.981197 0.968257 0.929995 0.844986 0.684339 0.640904 0.399732 0.247844 0.080027 -0.185966 -0.253643 -0.426789 -0.590631 -0.690396 -0.726197 -0.915349 0.981243 0.969023 0.928122 0.797486 0.651006 0.618512 0.370327 0.253418 0.101692 -0.187080 -0.251150 -0.405881 -0.569220 -0.654624 -0.698792 -0.915122 
52.240276 1510400.000000 68 70 72 0.939214 0.941191 0.642951 0.987695 0.971482 0.940062 0.837699 0.708101 0.570940 0.437959 0.215943 0.050748 -0.188826 -0.271317 -0.485338 -0.669016 -0.733423 -0.897150 -0.963475 0.983674 0.968698 0.937535 0.845150 0.736423 0.625435 0.425630 0.244736 0.042556 -0.202729 -0.253573 -0.438290 -0.649638 -0.719423 -0.786500 -0.957853 
46.661530 1358439.625000 72 74 72 0.670994 0.819845 0.632778 0.987739 0.975482 0.921264 0.824464 0.663586 0.557218 0.415174 0.224411 0.045686 -0.227027 -0.273518 -0.498828 -0.654343 -0.738842 -0.925868 -0.967350 0.990510 0.975958 0.931475 0.823232 0.669110 0.561463 0.467265 0.236481 0.040285 -0.210301 -0.293975 -0.477150 -0.667260 -0.742692 -0.901980 -0.964993 
50.219517 1390865.000000 72 72 70 0.649489 0.894081 0.915628 0.985372 0.972219 0.931768 0.872848 0.769348 0.620919 0.390416 0.219305 0.075592 -0.140162 -0.186735 -0.478485 -0.654310 -0.711886 -0.887914 -0.960475 0.985628 0.973503 0.934919 0.863346 0.702624 0.563243 0.326946 0.221981 0.023581 -0.212216 -0.274045 -0.511772 -0.643321 -0.724863 -0.927018 -0.966935 
58.993221 10406733.000000 70 68 70 0.949940 0.915307 0.889519 0.973318 0.959610 0.922093 0.870755 0.809608 0.611820 0.330507 0.202080 0.051507 -0.131938 -0.185006 -0.411719 -0.675616 -0.761779 -0.789799 -0.920363 0.980523 0.966024 0.928524 0.879620 0.784927 0.632595 0.401318 0.204721 0.097068 -0.128284 -0.187278 -0.459053 -0.670698 -0.741950 -0.789982 -0.945891 
62.231907 17657252.000000 70 72 74 0.894457 0.957456 0.973519 0.963575 0.944224 0.903706 0.860278 0.825492 0.665031 0.317451 0.216631 0.082782 -0.105274 -0.167581 -0.442407 -0.676933 -0.765627 -0.787580 -0.926446 0.970009 0.951698 0.909838 0.862789 0.821865 0.630371 0.304863 0.197762 0.071573 -0.122653 -0.177336 -0.468180 -0.688704 -0.761148 -0.792377 -0.936500 
63.555183 22222974.000000 74 76 76 0.972871 0.985552 0.978701 0.962235 0.941277 0.901588 0.867960 0.828639 0.613148 0.306051 0.207925 0.051485 -0.098621 -0.209169 -0.494206 -0.654949 -0.761355 -0.792632 -0.912801 0.960517 0.941600 0.899945 0.861982 0.823897 0.637713 0.316371 0.212636 0.058791 -0.097205 -0.190781 -0.487641 -0.679711 -0.760332 -0.793841 -0.931642 
62.845985 18762740.000000 76 76 78 0.980976 0.915273 0.950169 0.962267 0.941071 0.905713 0.864664 0.828235 0.639550 0.323927 0.214858 0.064072 -0.091398 -0.234342 -0.491348 -0.669789 -0.750148 -0.802329 -0.926582 0.962632 0.941665 0.903672 0.869105 0.828432 0.627151 0.310766 0.215007 0.072133 -0.122891 -0.215319 -0.482819 -0.654300 -0.758528 -0.786584 -0.913220 
62.491764 15244407.000000 78 78 76 0.946738 0.759725 0.912295 0.962082 0.941574 0.909200 0.856268 0.829228 0.684481 0.318916 0.225781 0.051319 -0.097971 -0.247015 -0.484993 -0.702653 -0.769278 -0.813903 -0.912957 0.962842 0.941099 0.908795 0.863127 0.833344 0.644533 0.322381 0.229470 0.044624 -0.095690 -0.257167 -0.521002 -0.668234 -0.745589 -0.785123 -0.912034 
61.828659 19616878.000000 78 78 78 0.898570 0.953142 0.976023 0.967685 0.941679 0.907192 0.868155 0.823283 0.602066 0.312239 0.207825 0.036355 -0.110398 -0.221604 -0.498198 -0.713868 -0.793900 -0.843034 -0.913502 0.964157 0.941125 0.909852 0.863574 0.827713 0.656747 0.334316 0.224216 0.070877 -0.097848 -0.212707 -0.458106 -0.694997 -0.796371 -0.831194 -0.922967 
57.952045 5525591.000000 78 78 80 0.986116 0.950584 0.847920 0.976183 0.952846 0.928607 0.878035 0.810269 0.621567 0.251810 0.186561 -0.004822 -0.114758 -0.178885 -0.439328 -0.747436 -0.809134 -0.859510 -0.883609 0.971058 0.946405 0.913485 0.873989 0.819361 0.600726 0.277992 0.199204 0.010286 -0.108610 -0.211061 -0.500586 -0.728908 -0.786010 -0.841291 -0.883605 
46.784977 1121407.250000 82 78 76 0.689530 0.562578 0.667893 0.992072 0.946750 0.887746 0.855221 0.784096 0.534148 0.285310 0.145974 -0.058182 -0.194998 -0.328119 -0.551862 -0.804627 -0.856452 -0.932559 -0.983772 0.985624 0.955989 0.935688 0.854991 0.789302 0.541491 0.263636 0.183977 -0.015043 -0.127511 -0.244439 -0.501604 -0.769247 -0.836564 -0.887451 -0.973674 
40.865005 1006590.875000 76 78 76 0.598077 0.753511 0.652236 0.965746 0.941460 0.902586 0.845252 0.782892 0.511948 0.219675 0.119119 -0.084267 -0.207427 -0.439859 -0.553079 -0.754072 -0.906490 -0.945677 -0.982980 0.975734 0.938805 0.901396 0.856134 0.800186 0.556570 0.281110 0.137929 -0.039360 -0.204564 -0.390818 -0.553250 -0.790420 -0.873159 -0.946430 -0.986734 
38.234585 2085265.625000 78 78 76 0.669031 0.585940 0.757078 0.951562 0.938771 0.863480 0.805355 0.678737 0.461623 0.141939 0.062534 -0.173870 -0.269835 -0.444387 -0.639664 -0.820137 -0.868535 -0.931793 -0.968573 0.960648 0.938918 0.878715 0.846397 0.753065 0.462897 0.172529 0.068312 -0.138639 -0.256267 -0.467730 -0.561810 -0.774956 -0.889423 -0.940294 -0.976799 
35.362808 870634.750000 76 62 62 0.787313 0.451041 0.561034 0.973142 0.912705 0.859863 0.805252 0.683983 0.484931 0.155580 0.082605 -0.137903 -0.233251 -0.343926 -0.547005 -0.784763 -0.842549 -0.920976 -0.967816 0.950122 0.921730 0.858179 0.780966 0.655265 0.423853 0.142648 0.072864 -0.166813 -0.265925 -0.390418 -0.636206 -0.816354 -0.865421 -0.926245 -0.966875 
48.073639 1877366.375000 64 70 72 0.285180 0.805153 0.955277 0.988882 0.970786 0.951063 0.821922 0.643214 0.577955 0.280503 0.187225 0.083161 -0.139271 -0.251082 -0.335114 -0.540478 -0.778239 -0.892894 -0.936668 0.990331 0.972530 0.927758 0.850798 0.687155 0.599952 0.290789 0.187543 0.012196 -0.180908 -0.235369 -0.416738 -0.710479 -0.823245 -0.885072 -0.955199 
50.585030 5510255.500000 72 74 78 0.951172 0.953331 0.920704 0.988387 0.973695 0.951155 0.792762 0.611578 0.555410 0.211919 0.123213 -0.044370 -0.307114 -0.413204 -0.501325 -0.747075 -0.855462 -0.927826 -0.975880 0.988149 0.971491 0.953112 0.795814 0.612486 0.562157 0.249159 0.157857 0.055523 -0.147975 -0.303032 -0.402020 -0.576090 -0.751694 -0.863813 -0.933915 
45.565258 4902008.000000 78 78 76 0.891230 0.766243 0.669770 0.991558 0.960329 0.917663 0.805487 0.639584 0.373279 0.146081 -0.179524 -0.359432 -0.457897 -0.634926 -0.767959 -0.858409 -0.907765 -0.951912 -0.977723 0.989823 0.973778 0.937482 0.769876 0.618205 0.507251 0.162651 0.029676 -0.342749 -0.406283 -0.563307 -0.699594 -0.826939 -0.892200 -0.945335 -0.975436 
43.848728 2454176.000000 76 76 70 0.658875 0.654383 0.507427 0.992756 0.954211 0.893162 0.803287 0.602038 0.444702 0.006317 -0.251799 -0.354085 -0.491806 -0.588671 -0.749168 -0.869411 -0.927477 -0.965881 -0.990620 0.992433 0.954531 0.901046 0.832383 0.640568 0.379377 0.098671 -0.244923 -0.353511 -0.479949 -0.592936 -0.768145 -0.851198 -0.911185 -0.951610 -0.975268 
40.936539 646689.812500 66 62 56 0.629015 0.499653 0.471204 0.985219 0.929994 0.870028 0.755506 0.555111 0.369097 -0.006366 -0.276275 -0.413180 -0.548790 -0.656812 -0.734693 -0.863845 -0.929434 -0.978199 -0.994157 0.990030 0.940203 0.872047 0.777447 0.586006 0.430475 -0.036422 -0.243544 -0.382193 -0.496608 -0.632117 -0.728155 -0.853459 -0.934117 -0.971182 -0.991526 
42.621441 930427.875000 142 76 102 0.371951 0.553425 0.498750 0.984460 0.946403 0.885316 0.755687 0.553990 0.286245 -0.023860 -0.354095 -0.432110 -0.539278 -0.662365 -0.772675 -0.866091 -0.900475 -0.951403 -0.982173 0.980473 0.941815 0.880504 0.736353 0.558132 0.319985 -0.018792 -0.357420 -0.425186 -0.564352 -0.676811 -0.774747 -0.870648 -0.915968 -0.971090 -0.988297 
27.733288 82391.468750 78 76 90 0.440205 0.623579 0.354374 0.984848 0.954601 0.893337 0.844141 0.663715 0.526160 0.262712 -0.114944 -0.326375 -0.424648 -0.598922 -0.716061 -0.830464 -0.892395 -0.971789 -0.994051 0.984564 0.954113 0.897348 0.791428 0.632440 0.444104 0.105193 -0.215170 -0.397434 -0.472876 -0.602888 -0.720688 -0.833482 -0.881805 -0.939626 -0.985949 
34.674637 80573.156250 90 72 76 0.451291 0.661173 0.926885 0.995234 0.987238 0.945021 0.869121 0.727343 0.563830 0.305515 0.106224 -0.190789 -0.381089 -0.561006 -0.726971 -0.834860 -0.918418 -0.965528 -0.992015 0.993770 0.976974 0.898854 0.850296 0.695864 0.526277 0.284479 -0.008725 -0.269961 -0.420669 -0.608786 -0.722269 -0.849394 -0.902850 -0.966812 -0.991560 
41.353142 61019.269531 76 78 80 0.903858 0.884883 0.932290 0.996270 0.989632 0.970875 0.869056 0.712001 0.604584 0.343011 0.115427 -0.168095 -0.311620 -0.494238 -0.688613 -0.855854 -0.906041 -0.965593 -0.987035 0.995714 0.988696 0.967787 0.888016 0.719118 0.596107 0.310392 0.095650 -0.184448 -0.324705 -0.530475 -0.725053 -0.841964 -0.905154 -0.963154 -0.990542 
38.592773 24284.369141 80 82 96 0.937257 0.843715 0.672746 0.996535 0.992076 0.962047 0.841844 0.709530 0.557551 0.245134 0.067202 -0.184935 -0.270410 -0.467002 -0.653305 -0.816152 -0.899790 -0.956388 -0.984212 0.996401 0.991282 0.969314 0.851912 0.712768 0.601078 0.315632 0.108501 -0.180912 -0.293324 -0.450837 -0.655599 -0.849720 -0.911966 -0.962243 -0.984757 
53.546227 5385170.500000 96 82 80 0.780380 0.595539 0.938680 0.982865 0.973169 0.957157 0.724837 0.651397 0.597701 0.301286 0.225737 0.117295 -0.170253 -0.227775 -0.388193 -0.600832 -0.652939 -0.835774 -0.978581 0.988514 0.976014 0.946531 0.693078 0.643213 0.543604 0.309304 0.205656 0.092320 -0.149503 -0.228717 -0.494270 -0.668567 -0.805482 -0.938931 -0.987576 
61.650627 10940652.000000 80 80 82 0.937355 0.946910 0.896330 0.978682 0.971894 0.953006 0.787836 0.671590 0.641249 0.280534 0.191922 0.096018 -0.132790 -0.242338 -0.345515 -0.585745 -0.649162 -0.773568 -0.964528 0.981312 0.972412 0.960158 0.762191 0.654760 0.622560 0.281997 0.211868 0.066637 -0.137381 -0.238232 -0.385665 -0.599356 -0.652610 -0.772807 -0.968971 
58.481236 4355178.000000 82 86 88 0.897658 0.922036 0.776009 0.977667 0.965274 0.938683 0.845041 0.733373 0.681275 0.398588 0.174133 0.075549 -0.105453 -0.201627 -0.293618 -0.558290 -0.683285 -0.828569 -0.964150 0.978464 0.970125 0.937541 0.822879 0.696856 0.660338 0.283055 0.184244 0.088661 -0.122107 -0.228511 -0.306647 -0.595197 -0.659573 -0.822130 -0.969462 
59.819809 3077465.750000 88 90 90 0.777559 0.911410 0.982338 0.974823 0.963494 0.944263 0.866962 0.801246 0.712682 0.387784 0.139007 0.061461 -0.068396 -0.202805 -0.299344 -0.606896 -0.800599 -0.848371 -0.963651 0.973832 0.962669 0.938611 0.848897 0.782879 0.685237 0.385560 0.150295 0.087784 -0.071901 -0.202225 -0.327460 -0.585236 -0.768602 -0.844075 -0.964283 
59.078274 1703979.625000 90 90 90 0.983262 0.989723 0.981126 0.973922 0.964438 0.936617 0.878279 0.821736 0.683404 0.469594 0.140383 0.019952 -0.062106 -0.181743 -0.243939 -0.551984 -0.796498 -0.881036 -0.972182 0.973956 0.963365 0.941047 0.867890 0.812692 0.705935 0.460855 0.115703 0.037944 -0.059775 -0.174005 -0.267163 -0.641219 -0.805056 -0.861550 -0.967582 
56.064766 846058.500000 90 90 88 0.964402 0.821125 0.899232 0.978977 0.969102 0.931800 0.894149 0.837952 0.707851 0.414601 0.138355 -0.020041 -0.116867 -0.204182 -0.284005 -0.453913 -0.761990 -0.885046 -0.974823 0.975250 0.965596 0.934808 0.887394 0.838728 0.684333 0.481148 0.154975 -0.022849 -0.115817 -0.203371 -0.284390 -0.537130 -0.788912 -0.894251 -0.974501 
55.652195 689221.625000 88 88 88 0.944657 0.975439 0.969188 0.981228 0.975265 0.940681 0.893878 0.856798 0.722660 0.372172 0.089768 -0.074433 -0.155626 -0.256626 -0.315243 -0.508605 -0.772895 -0.891681 -0.973664 0.980055 0.972734 0.930945 0.895920 0.834299 0.691629 0.400407 0.116189 -0.062931 -0.145984 -0.244634 -0.304682 -0.484202 -0.775902 -0.888297 -0.975165 
54.435963 446793.437500 88 88 90 0.976704 0.941655 0.873962 0.983984 0.978899 0.943596 0.884573 0.842682 0.713125 0.454633 -0.012268 -0.090702 -0.184030 -0.282405 -0.363383 -0.654453 -0.843634 -0.900200 -0.955865 0.982878 0.977248 0.947116 0.890450 0.856596 0.724043 0.446807 0.015349 -0.097082 -0.177913 -0.287173 -0.325713 -0.522820 -0.783283 -0.899918 -0.973097 
44.851357 174265.359375 90 96 88 0.836285 0.645172 0.476740 0.989839 0.975653 0.935710 0.872015 0.810000 0.617476 0.239374 -0.022808 -0.124054 -0.269745 -0.359793 -0.660144 -0.845293 -0.875068 -0.918083 -0.945108 0.986266 0.979685 0.947867 0.875445 0.809740 0.644431 0.304875 -0.037666 -0.108330 -0.258755 -0.340153 -0.640175 -0.855772 -0.881701 -0.917583 -0.943474 
40.687126 4873375.000000 90 86 84 0.453624 0.503764 0.798485 0.985251 0.971978 0.896178 0.766676 0.626315 0.531404 0.173386 -0.072162 -0.160067 -0.295489 -0.402433 -0.595657 -0.773536 -0.852849 -0.913244 -0.953098 0.990206 0.974353 0.922069 0.852803 0.688570 0.556896 0.228034 -0.029598 -0.137552 -0.286488 -0.390619 -0.569459 -0.785083 -0.858442 -0.916192 -0.950687 
52.553364 2453695.750000 82 86 86 0.734505 0.915399 0.894850 0.982587 0.972292 0.944985 0.859004 0.737569 0.714789 0.275016 0.043302 0.001104 -0.191767 -0.270641 -0.386451 -0.665916 -0.820205 -0.876443 -0.924389 0.983411 0.973637 0.939304 0.818239 0.737214 0.637392 0.254437 0.013477 -0.072030 -0.259192 -0.333852 -0.547579 -0.753131 -0.844819 -0.911193 -0.950872 
54.303970 2907611.000000 88 90 88 0.869228 0.810388 0.817270 0.981723 0.970903 0.943605 0.806559 0.659168 0.625570 0.464408 0.130314 0.050967 -0.084745 -0.214143 -0.331392 -0.531390 -0.767602 -0.862350 -0.903691 0.981770 0.970566 0.944956 0.840842 0.703781 0.672605 0.421080 0.074149 0.003022 -0.133201 -0.251928 -0.362312 -0.648531 -0.821763 -0.860668 -0.905664 
52.913780 1870385.625000 88 90 90 0.890863 0.961218 0.975775 0.982925 0.972122 0.944854 0.838872 0.608033 0.562436 0.452304 0.215466 0.107837 -0.017523 -0.181637 -0.288499 -0.548963 -0.743038 -0.862923 -0.933134 0.982485 0.972768 0.945038 0.833873 0.626378 0.595035 0.440683 0.157927 0.086064 -0.064432 -0.198713 -0.357351 -0.516433 -0.726281 -0.868249 -0.912016 
51.216969 884406.250000 90 90 90 0.972220 0.955446 0.763771 0.982837 0.975019 0.946777 0.842426 0.606827 0.469639 0.362062 0.228340 0.138478 -0.012069 -0.169375 -0.241427 -0.442276 -0.747757 -0.872390 -0.949620 0.982875 0.973889 0.945384 0.851563 0.586502 0.520541 0.405139 0.214621 0.118127 -0.006268 -0.167856 -0.242433 -0.497450 -0.755509 -0.867268 -0.941105 
48.005310 232023.015625 90 90 90 0.826818 0.960339 0.934255 0.988067 0.975923 0.960534 0.847171 0.674437 0.552757 0.353632 0.281793 0.163379 -0.027033 -0.165188 -0.236950 -0.591792 -0.769703 -0.898362 -0.975145 0.985183 0.975703 0.956803 0.842576 0.626034 0.453660 0.346745 0.235562 0.151230 -0.023468 -0.159904 -0.208485 -0.473199 -0.730049 -0.873166 -0.963206 
44.830566 138850.671875 90 88 88 0.897780 0.721625 0.778184 0.986930 0.976488 0.957754 0.860228 0.658228 0.577271 0.454071 0.227007 0.184186 0.025789 -0.222678 -0.416771 -0.643836 -0.808166 -0.917237 -0.975582 0.987761 0.975492 0.956762 0.873464 0.688431 0.608294 0.417428 0.256985 0.198625 -0.011164 -0.215939 -0.355623 -0.625358 -0.788107 -0.920695 -0.978833 
46.489082 127944.515625 88 86 84 0.893081 0.947704 0.955989 0.990189 0.978999 0.963297 0.898786 0.692354 0.592413 0.399540 0.231719 0.167202 0.059062 -0.246247 -0.433099 -0.635684 -0.805567 -0.910626 -0.975070 0.988806 0.977468 0.964184 0.866039 0.655677 0.581912 0.461777 0.234232 0.189504 0.032402 -0.230775 -0.419237 -0.635792 -0.820527 -0.911195 -0.975637 
47.656742 106731.382812 84 82 82 0.964813 0.935683 0.906622 0.991232 0.980124 0.963400 0.914323 0.733346 0.608944 0.340798 0.210048 0.165311 0.063401 -0.256160 -0.456463 -0.652912 -0.802823 -0.906900 -0.972550 0.990256 0.979960 0.963172 0.908627 0.742741 0.622037 0.362909 0.211772 0.157214 0.077842 -0.255162 -0.447177 -0.610701 -0.801137 -0.907662 -0.977703 
46.315735 51182.722656 82 82 80 0.902968 0.931833 0.854740 0.993662 0.983703 0.965144 0.919181 0.755728 0.594610 0.346031 0.213663 0.142088 0.009446 -0.247497 -0.448445 -0.660691 -0.813961 -0.917968 -0.974777 0.992311 0.980802 0.966093 0.924069 0.745677 0.599729 0.342584 0.211602 0.172536 0.035712 -0.253284 -0.466017 -0.661242 -0.799357 -0.906806 -0.972567 
42.869186 23693.095703 80 80 82 0.815266 0.883339 0.793571 0.996197 0.984990 0.967852 0.933455 0.675822 0.573124 0.377628 0.183444 0.081689 -0.159537 -0.373884 -0.516156 -0.657578 -0.834944 -0.907751 -0.972137 0.995156 0.984751 0.966950 0.930990 0.753690 0.563759 0.339302 0.182305 0.127944 -0.054520 -0.302657 -0.472485 -0.689247 -0.829031 -0.915301 -0.973072 
35.262589 56277.625000 82 82 74 0.784537 0.705574 0.452958 0.995237 0.981138 0.925101 0.681899 0.611451 0.574607 0.478715 0.141490 -0.069224 -0.327724 -0.470818 -0.533516 -0.611601 -0.695099 -0.858323 -0.961714 0.996263 0.987360 0.947384 0.771269 0.610205 0.583119 0.440645 0.172507 -0.053572 -0.340526 -0.459829 -0.530727 -0.630304 -0.711211 -0.868407 -0.961488 
20.072655 5456.374023 94 86 74 0.648240 0.420070 0.389596 0.991244 0.972558 0.921269 0.803663 0.656311 0.548729 0.358378 0.180017 -0.004896 -0.347104 -0.473776 -0.584753 -0.710842 -0.857674 -0.903247 -0.985489 0.993436 0.971859 0.928682 0.733436 0.613732 0.579129 0.448172 0.162532 -0.028856 -0.317847 -0.459343 -0.543356 -0.637428 -0.811469 -0.904121 -0.977193 
15.340844 3393.207275 38 84 88 0.546528 0.507458 0.463921 0.984474 0.966405 0.909663 0.825711 0.646775 0.540557 0.311243 0.176282 -0.071345 -0.227944 -0.392831 -0.584603 -0.689081 -0.822395 -0.921846 -0.979756 0.987009 0.968285 0.909495 0.804150 0.650302 0.544460 0.323091 0.182590 -0.054433 -0.268048 -0.442764 -0.589542 -0.720719 -0.836000 -0.909130 -0.975647 
14.259766 4619.301758 88 60 104 0.609623 0.716589 0.437629 0.985502 0.965513 0.907656 0.802050 0.643986 0.525325 0.324788 0.148490 -0.083048 -0.260362 -0.426711 -0.569653 -0.732613 -0.856580 -0.922751 -0.983839 0.987835 0.965422 0.899362 0.808322 0.651636 0.538421 0.361852 0.200218 -0.084891 -0.249066 -0.424089 -0.585238 -0.700937 -0.840861 -0.928126 -0.985768 
13.788886 5707.646973 102 74 80 0.332237 0.408281 0.562528 0.984092 0.961419 0.891831 0.765668 0.650830 0.531647 0.306218 0.111236 -0.041695 -0.212906 -0.336278 -0.559337 -0.710039 -0.847227 -0.916018 -0.979930 0.979908 0.954995 0.895778 0.786927 0.632789 0.516747 0.290838 0.113969 -0.031176 -0.227862 -0.382325 -0.564033 -0.721600 -0.850100 -0.906294 -0.976038 
14.809304 6216.167969 80 128 126 0.513730 0.518807 0.454826 0.978598 0.955528 0.908945 0.735631 0.630728 0.568734 0.308555 0.115140 -0.062546 -0.216296 -0.335720 -0.506100 -0.696632 -0.841269 -0.909842 -0.977188 0.980760 0.959569 0.888829 0.737510 0.653941 0.562831 0.306646 0.105751 -0.076725 -0.210584 -0.327850 -0.509208 -0.692830 -0.830544 -0.912135 -0.972950 
16.098160 7413.795898 148 88 36 0.631693 0.419752 0.488284 0.987672 0.960549 0.899120 0.798809 0.620522 0.555546 0.299765 0.148884 -0.052476 -0.202907 -0.300320 -0.522559 -0.689776 -0.819781 -0.921029 -0.981405 0.987290 0.959054 0.909337 0.760092 0.628740 0.568072 0.327215 0.128910 -0.020644 -0.208876 -0.326829 -0.519542 -0.708872 -0.833315 -0.911613 -0.977708 
15.437736 5539.681152 130 54 78 0.454230 0.437531 0.355462 0.979229 0.958177 0.903614 0.747477 0.612439 0.535056 0.283351 0.086854 -0.064830 -0.197673 -0.339381 -0.515483 -0.704079 -0.806951 -0.911845 -0.970657 0.981847 0.962229 0.908987 0.796992 0.625794 0.539591 0.316831 0.137014 -0.071204 -0.207144 -0.290336 -0.534622 -0.679959 -0.802855 -0.923002 -0.973404 
14.305605 5835.274414 76 78 134 0.339233 0.547658 0.504059 0.979599 0.956553 0.900750 0.765741 0.636922 0.549237 0.305597 0.086237 -0.065286 -0.189401 -0.319027 -0.501082 -0.713816 -0.786391 -0.898585 -0.977455 0.981601 0.956302 0.909621 0.741713 0.632204 0.528883 0.288207 0.088797 -0.040016 -0.226564 -0.334104 -0.520111 -0.721678 -0.809561 -0.916012 -0.976689 
16.316378 11745.762695 48 120 46 0.370015 0.438480 0.703386 0.979219 0.958444 0.890806 0.710666 0.602783 0.499172 0.259751 0.076979 -0.054233 -0.198992 -0.256835 -0.472128 -0.683964 -0.743161 -0.898987 -0.971318 0.985165 0.956874 0.899946 0.736221 0.623461 0.557022 0.330076 0.088453 -0.090274 -0.181125 -0.298647 -0.477030 -0.683215 -0.761737 -0.898837 -0.971454 
18.197231 10213.026367 48 60 44 0.638476 0.661575 0.415100 0.973602 0.955342 0.916019 0.706911 0.581742 0.544547 0.219789 0.110081 -0.020223 -0.211110 -0.258404 -0.400033 -0.666243 -0.771158 -0.929489 -0.975290 0.977218 0.957993 0.906279 0.716464 0.600688 0.477429 0.172929 0.087291 -0.038152 -0.201916 -0.252273 -0.423623 -0.684432 -0.749688 -0.922063 -0.973550 
18.472507 18735.347656 60 74 86 0.389249 0.267144 0.497032 0.980894 0.951863 0.874295 0.714253 0.571394 0.485574 0.213338 0.111986 0.009678 -0.187391 -0.284881 -0.355081 -0.656162 -0.775418 -0.882572 -0.968260 0.977135 0.951775 0.883993 0.671209 0.583344 0.533363 0.221535 0.109243 0.033550 -0.197033 -0.281090 -0.364410 -0.686252 -0.771495 -0.912503 -0.970504 
18.980848 17262.068359 86 48 148 0.428455 0.427937 0.579895 0.981663 0.943973 0.861682 0.720587 0.563816 0.514001 0.232355 0.112653 -0.068367 -0.206282 -0.281694 -0.391243 -0.671202 -0.751508 -0.891765 -0.979695 0.981645 0.950191 0.870651 0.754819 0.536549 0.456211 0.209216 0.112064 -0.063272 -0.213726 -0.274108 -0.360387 -0.646258 -0.752650 -0.869625 -0.979714 
18.545887 15348.281250 46 62 52 0.504538 0.605867 0.628597 0.981662 0.956599 0.901856 0.686711 0.563978 0.523541 0.298550 0.090868 -0.047498 -0.191022 -0.260439 -0.423474 -0.679704 -0.751166 -0.888356 -0.963631 0.980784 0.957390 0.882313 0.700050 0.578252 0.532912 0.294813 0.094445 -0.032863 -0.212452 -0.277550 -0.427267 -0.681329 -0.750787 -0.909098 -0.972862 
16.626659 8901.514648 52 56 60 0.523252 0.576348 0.637645 0.979526 0.956983 0.886640 0.670653 0.620238 0.529644 0.382183 0.117799 0.038319 -0.219471 -0.311752 -0.489807 -0.671332 -0.798432 -0.900908 -0.974713 0.984964 0.951290 0.860532 0.662909 0.594318 0.503590 0.325081 0.118042 0.010616 -0.199291 -0.277185 -0.490027 -0.678367 -0.776442 -0.900805 -0.968276 
14.170033 3541.708008 148 48 130 0.661818 0.519082 0.659471 0.985733 0.966091 0.901394 0.737028 0.643206 0.556146 0.362714 0.143174 -0.046014 -0.235877 -0.376915 -0.601335 -0.731122 -0.837632 -0.909585 -0.974493 0.979726 0.959330 0.902739 0.691965 0.625542 0.561340 0.399254 0.122874 0.022699 -0.210891 -0.332654 -0.553274 -0.708446 -0.828200 -0.914217 -0.974468 
11.622838 2178.729492 46 60 48 0.328527 0.268371 0.581589 0.985353 0.955495 0.895062 0.797508 0.673616 0.566712 0.358034 0.150645 -0.096917 -0.245459 -0.403034 -0.589058 -0.724462 -0.842363 -0.940690 -0.977887 0.988083 0.966457 0.901013 0.757340 0.669819 0.542559 0.351206 0.165287 -0.102970 -0.232630 -0.406249 -0.595403 -0.732454 -0.830642 -0.926910 -0.978234 
12.240141 2193.353760 46 148 50 0.506880 0.566039 0.636014 0.986088 0.969350 0.901121 0.818693 0.646727 0.539583 0.322659 0.145869 -0.071278 -0.243457 -0.392970 -0.592424 -0.720602 -0.830697 -0.910458 -0.972558 0.981356 0.962526 0.895024 0.821115 0.671188 0.551017 0.353743 0.124034 -0.065053 -0.265823 -0.396315 -0.579388 -0.740402 -0.837748 -0.920731 -0.974185 
11.553827 1420.496216 48 98 92 0.609144 0.531296 0.369436 0.986618 0.962180 0.914359 0.839592 0.663701 0.502630 0.327084 0.134867 -0.127498 -0.237891 -0.448910 -0.590692 -0.722185 -0.840607 -0.923223 -0.968600 0.987590 0.968747 0.921134 0.835785 0.650735 0.513160 0.313423 0.162433 -0.075301 -0.243195 -0.424152 -0.591425 -0.713788 -0.833507 -0.924766 -0.967180 
11.384654 1380.776733 82 82 54 0.338235 0.512481 0.569642 0.985767 0.966458 0.921231 0.813451 0.666049 0.514067 0.319826 0.149276 -0.120623 -0.255116 -0.424597 -0.603287 -0.710104 -0.819829 -0.939953 -0.979447 0.986898 0.970919 0.921734 0.817661 0.677176 0.522572 0.307547 0.146605 -0.119054 -0.251224 -0.425618 -0.595719 -0.723594 -0.832243 -0.936435 -0.973533 
12.146760 1570.271606 50 52 50 0.397963 0.463741 0.466476 0.988534 0.971545 0.926021 0.843302 0.663905 0.530305 0.343433 0.132754 -0.077864 -0.268089 -0.465358 -0.640386 -0.758127 -0.856059 -0.916088 -0.984134 0.986036 0.967736 0.918614 0.836715 0.637695 0.507850 0.309205 0.115337 -0.110714 -0.249871 -0.458458 -0.612316 -0.723250 -0.855288 -0.929168 -0.975058 
10.884048 1529.907837 52 56 102 0.551378 0.716633 0.308347 0.988007 0.964447 0.921341 0.816556 0.677967 0.549334 0.309004 0.098563 -0.070646 -0.284654 -0.443986 -0.592221 -0.766318 -0.852611 -0.936475 -0.974900 0.986756 0.966728 0.912508 0.824492 0.663740 0.531903 0.325186 0.106886 -0.071553 -0.280293 -0.431333 -0.624908 -0.767166 -0.837149 -0.912481 -0.987527 
48.359619 36343.367188 80 66 70 0.305395 0.749639 0.960284 0.988394 0.981317 0.964396 0.910046 0.889512 0.820083 0.495419 0.260508 0.035775 -0.166927 -0.372671 -0.548249 -0.699370 -0.828055 -0.922275 -0.979104 0.991954 0.983044 0.962321 0.922948 0.788565 0.600414 0.426632 0.213639 0.020556 -0.192938 -0.377956 -0.545084 -0.709173 -0.829604 -0.926048 -0.979207 
54.487228 147839.640625 70 70 70 0.971795 0.949693 0.932776 0.987105 0.979773 0.959576 0.902390 0.825680 0.794903 0.596494 0.361213 0.098523 -0.144645 -0.339400 -0.517815 -0.691424 -0.815892 -0.917567 -0.978959 0.987187 0.980617 0.958060 0.910797 0.858801 0.822569 0.616564 0.280212 0.072322 -0.170020 -0.347795 -0.536543 -0.696753 -0.826330 -0.921493 -0.979954 
55.013077 328394.093750 72 72 70 0.952665 0.965645 0.937946 0.986835 0.977148 0.959321 0.893631 0.739737 0.670669 0.541812 0.466209 0.307928 -0.090789 -0.296098 -0.481422 -0.683971 -0.797598 -0.906512 -0.976334 0.986850 0.978777 0.958546 0.885494 0.785246 0.745955 0.531175 0.444459 0.238212 -0.114913 -0.315589 -0.511169 -0.685143 -0.801493 -0.911720 -0.978059 
55.791786 733836.500000 70 70 68 0.939247 0.968520 0.904538 0.985422 0.975760 0.957273 0.865391 0.661300 0.623073 0.532182 0.491805 0.344426 -0.094066 -0.289452 -0.337306 -0.654568 -0.773799 -0.880283 -0.974846 0.986479 0.976118 0.959124 0.889026 0.687502 0.639700 0.534884 0.467286 0.360625 -0.085002 -0.299339 -0.367627 -0.671744 -0.781636 -0.896215 -0.974223 
57.719765 2205529.750000 68 66 66 0.964637 0.946975 0.954100 0.983463 0.973920 0.948116 0.827016 0.652425 0.624502 0.534266 0.493912 0.271133 -0.072332 -0.273087 -0.315140 -0.563510 -0.774940 -0.878979 -0.973246 0.983898 0.974633 0.955651 0.851797 0.657088 0.624066 0.532660 0.493645 0.308281 -0.106687 -0.295136 -0.334552 -0.628320 -0.780965 -0.868497 -0.973670 
59.797535 4139860.750000 66 66 64 0.971797 0.920444 0.961144 0.981367 0.969848 0.934716 0.811116 0.674507 0.647162 0.579471 0.530370 0.220936 -0.105371 -0.231591 -0.345204 -0.648381 -0.756837 -0.842270 -0.971416 0.982717 0.972648 0.941117 0.810690 0.663760 0.637367 0.559747 0.516791 0.235993 -0.063988 -0.260080 -0.309225 -0.596402 -0.772550 -0.864488 -0.972547 
60.365585 7796698.500000 64 66 66 0.962182 0.933440 0.959112 0.979740 0.965927 0.928889 0.797067 0.683623 0.650319 0.591703 0.513647 0.066711 -0.167088 -0.256987 -0.420476 -0.675506 -0.759925 -0.813769 -0.942244 0.979932 0.967141 0.928054 0.798382 0.688856 0.653939 0.589390 0.537304 0.131019 -0.152811 -0.232934 -0.378728 -0.668527 -0.753117 -0.810378 -0.962991 
57.495987 2483121.750000 66 68 70 0.967368 0.949281 0.698948 0.985902 0.966879 0.951847 0.787297 0.678764 0.626537 0.577420 0.443049 0.030163 -0.181296 -0.260167 -0.429491 -0.684131 -0.806845 -0.847110 -0.928332 0.981061 0.965702 0.939878 0.794749 0.683102 0.645255 0.582244 0.496453 0.055180 -0.166704 -0.252643 -0.410132 -0.683231 -0.793191 -0.833051 -0.929921 
46.890305 2108309.000000 70 66 68 0.829919 0.644596 0.358579 0.989005 0.968975 0.889665 0.656393 0.601574 0.519707 0.425402 0.247119 0.060229 -0.179096 -0.314605 -0.487627 -0.687448 -0.764845 -0.872613 -0.929981 0.989071 0.970879 0.950220 0.786946 0.653334 0.578908 0.531517 0.358864 0.039282 -0.148129 -0.275458 -0.423303 -0.665059 -0.788206 -0.848287 -0.915209 
43.910172 9456296.000000 68 66 66 0.440032 0.759740 0.521428 0.991034 0.953632 0.795246 0.639608 0.560575 0.380865 0.276811 0.178289 0.023250 -0.248556 -0.349216 -0.529723 -0.704168 -0.831637 -0.890100 -0.957727 0.988262 0.951206 0.813074 0.621211 0.569772 0.446976 0.356794 0.235197 0.046963 -0.214177 -0.316147 -0.576940 -0.719029 -0.804600 -0.893685 -0.958156 
42.809349 6323391.000000 80 74 66 0.655148 0.712022 0.763808 0.991655 0.963548 0.819598 0.654234 0.609312 0.274464 0.189906 0.103331 -0.068132 -0.227461 -0.406731 -0.503086 -0.712384 -0.822013 -0.898196 -0.948917 0.992382 0.963422 0.775052 0.654269 0.571956 0.312899 0.214036 0.129361 -0.026665 -0.273133 -0.401208 -0.518956 -0.710804 -0.828269 -0.896612 -0.951850 
47.749962 4395522.000000 66 64 60 0.724008 0.872833 0.894944 0.991277 0.981305 0.957941 0.704477 0.621281 0.437438 0.242151 0.074785 -0.044178 -0.230796 -0.375931 -0.486960 -0.641525 -0.810268 -0.855921 -0.939614 0.991361 0.974169 0.853940 0.656332 0.598210 0.359584 0.176096 0.060556 -0.066343 -0.213700 -0.376399 -0.494048 -0.720114 -0.829156 -0.877889 -0.958496 
56.611729 8383185.000000 62 60 58 0.917530 0.985531 0.993096 0.991000 0.978291 0.969689 0.804337 0.585209 0.412873 0.229710 0.120268 -0.024004 -0.232995 -0.358335 -0.418355 -0.532271 -0.727950 -0.846298 -0.947389 0.991911 0.979574 0.970223 0.797021 0.595363 0.448502 0.274752 0.144652 -0.062534 -0.191346 -0.375060 -0.454884 -0.574894 -0.766561 -0.839737 -0.922032 
57.442657 17620008.000000 58 58 58 0.987989 0.981318 0.984706 0.989788 0.977975 0.965839 0.786770 0.454597 0.315170 0.246432 0.161486 -0.040564 -0.260066 -0.376242 -0.447797 -0.547095 -0.681149 -0.893901 -0.980749 0.990435 0.978005 0.968477 0.812732 0.483083 0.330245 0.217451 0.100234 -0.056300 -0.245556 -0.362363 -0.433123 -0.551509 -0.676986 -0.899349 -0.975917 
56.738106 6461125.000000 58 58 60 0.992217 0.980044 0.880951 0.990223 0.978742 0.968216 0.810147 0.545260 0.428058 0.282025 0.205219 0.037690 -0.270864 -0.348444 -0.415154 -0.525387 -0.743070 -0.910532 -0.962806 0.990104 0.978405 0.967074 0.792291 0.472772 0.350676 0.258806 0.192306 0.014218 -0.260486 -0.371515 -0.444226 -0.541319 -0.726431 -0.911515 -0.980413 
55.945702 2133225.750000 58 58 60 0.942129 0.932506 0.984566 0.989808 0.978939 0.967365 0.816712 0.662702 0.596372 0.343374 0.240010 0.123047 -0.210649 -0.338771 -0.407528 -0.561667 -0.728671 -0.907140 -0.958931 0.988439 0.978429 0.967673 0.792663 0.601509 0.535945 0.312061 0.234264 0.050002 -0.237286 -0.348601 -0.417103 -0.552005 -0.754481 -0.899432 -0.960709 
54.874096 725476.687500 60 60 60 0.979897 0.951506 0.941200 0.989436 0.979645 0.960186 0.875247 0.814628 0.577133 0.375851 0.229220 0.161293 -0.198455 -0.347560 -0.415943 -0.550741 -0.706858 -0.896776 -0.971091 0.990064 0.979110 0.966494 0.856438 0.736066 0.638587 0.360117 0.234941 0.136280 -0.218938 -0.346381 -0.404724 -0.557290 -0.710936 -0.898389 -0.964246 
50.680809 210356.906250 60 64 66 0.956082 0.939301 0.910365 0.992717 0.983538 0.956567 0.903555 0.726314 0.536764 0.420538 0.224255 0.163299 -0.111352 -0.339418 -0.413545 -0.592349 -0.763232 -0.903652 -0.973205 0.990591 0.981126 0.957619 0.889046 0.819240 0.529771 0.402475 0.227597 0.177409 -0.120680 -0.337513 -0.399133 -0.554065 -0.728448 -0.900322 -0.971166 
45.144993 70304.710938 66 68 68 0.925412 0.849444 0.830182 0.993913 0.986146 0.964451 0.871661 0.695460 0.545449 0.379794 0.232848 0.153397 -0.112349 -0.353119 -0.420881 -0.619178 -0.789791 -0.903738 -0.978016 0.993702 0.985217 0.961000 0.891312 0.699237 0.544019 0.411138 0.228827 0.167875 -0.075085 -0.348256 -0.426334 -0.591207 -0.769853 -0.907704 -0.974820 
42.118362 50922.125000 68 70 68 0.816649 0.835781 0.908562 0.993839 0.983687 0.954563 0.919355 0.716272 0.562636 0.344429 0.267511 0.155234 -0.109721 -0.333547 -0.419353 -0.616785 -0.796005 -0.912983 -0.969031 0.994209 0.987238 0.959084 0.877326 0.704520 0.546406 0.328725 0.258041 0.133321 -0.144613 -0.353157 -0.407192 -0.623194 -0.814396 -0.905766 -0.971303 
50.233578 180492.171875 68 70 74 0.946856 0.951886 0.882893 0.988234 0.973893 0.951938 0.917521 0.891935 0.669242 0.382698 0.282624 0.087649 -0.228425 -0.329680 -0.506977 -0.641407 -0.776117 -0.908668 -0.972786 0.991686 0.980407 0.949745 0.924950 0.852353 0.565418 0.397293 0.274778 0.167512 -0.129743 -0.328402 -0.461326 -0.629227 -0.793754 -0.912388 -0.973911 
57.890343 459030.406250 74 76 76 0.889795 0.981557 0.956032 0.980194 0.971072 0.952309 0.908082 0.880395 0.798166 0.476878 0.276827 -0.019305 -0.246541 -0.299999 -0.534238 -0.648737 -0.752824 -0.909218 -0.976649 0.983346 0.971915 0.952299 0.913908 0.893864 0.755992 0.372298 0.280197 -0.021295 -0.255095 -0.309725 -0.500019 -0.643393 -0.734708 -0.899426 -0.973988 
60.913082 942798.000000 78 78 80 0.926257 0.939164 0.949311 0.976735 0.969156 0.939281 0.883959 0.857361 0.761197 0.523986 0.458457 0.171666 -0.179062 -0.297258 -0.559149 -0.659839 -0.751982 -0.907918 -0.975897 0.977938 0.970062 0.950471 0.892044 0.868185 0.758345 0.499694 0.357915 0.019551 -0.224259 -0.318100 -0.569252 -0.647778 -0.754032 -0.910618 -0.976601 
58.315617 927241.625000 80 82 82 0.937876 0.965657 0.957888 0.975747 0.963509 0.926987 0.863847 0.845190 0.713982 0.600704 0.550996 0.155203 -0.186251 -0.261976 -0.576243 -0.686933 -0.726763 -0.879153 -0.973815 0.977234 0.967048 0.934573 0.869729 0.850988 0.738686 0.572045 0.457660 0.132361 -0.146726 -0.310899 -0.547183 -0.682093 -0.762789 -0.910721 -0.975691 
56.972519 1200381.000000 82 82 82 0.952227 0.706022 0.930929 0.973900 0.960816 0.929880 0.848813 0.814922 0.703256 0.615517 0.571588 0.039600 -0.195356 -0.264018 -0.566854 -0.694025 -0.743850 -0.826135 -0.969782 0.973167 0.959343 0.930518 0.855723 0.825319 0.713027 0.601944 0.547694 0.021378 -0.204880 -0.262646 -0.551551 -0.690619 -0.729852 -0.848629 -0.971401 
56.536011 1157719.000000 82 82 82 0.932920 0.918888 0.936275 0.974805 0.962511 0.922873 0.839615 0.811487 0.703970 0.634496 0.571906 -0.018374 -0.202298 -0.266279 -0.567942 -0.689488 -0.733636 -0.822782 -0.967039 0.974726 0.961623 0.927654 0.843179 0.814909 0.699586 0.623837 0.573564 0.001323 -0.201871 -0.266139 -0.576988 -0.696342 -0.739184 -0.821302 -0.967194 
54.232677 1159645.375000 82 84 84 0.937129 0.948095 0.911273 0.978860 0.967225 0.925386 0.834371 0.800640 0.676725 0.626412 0.460891 -0.027434 -0.232671 -0.331245 -0.613065 -0.709884 -0.746722 -0.817029 -0.966233 0.976253 0.964214 0.922044 0.844045 0.804383 0.695199 0.641567 0.559840 -0.051281 -0.217929 -0.299779 -0.601482 -0.677921 -0.727037 -0.800902 -0.964950 
46.279121 55123.605469 84 80 76 0.859961 0.356631 0.289858 0.986316 0.959768 0.886193 0.831637 0.784811 0.677100 0.623771 0.456267 0.071062 -0.170509 -0.351288 -0.592790 -0.711762 -0.770985 -0.862198 -0.964064 0.983408 0.971549 0.936344 0.835334 0.803572 0.701854 0.647754 0.555678 0.004185 -0.236449 -0.314515 -0.613034 -0.716491 -0.754428 -0.808043 -0.960512 
32.216255 21758.496094 76 82 82 0.341014 0.390497 0.481384 0.975744 0.959154 0.889434 0.850326 0.757404 0.663931 0.614167 0.338696 0.080618 -0.196307 -0.363110 -0.586432 -0.697725 -0.801161 -0.914617 -0.978865 0.985271 0.949695 0.889201 0.842784 0.786054 0.667841 0.604003 0.409033 0.056168 -0.160682 -0.354432 -0.609922 -0.691196 -0.767484 -0.878534 -0.976289 
31.089514 14130.345703 82 82 164 0.671996 0.753323 0.406888 0.974012 0.959573 0.898904 0.847435 0.774341 0.667066 0.558654 0.304645 0.067172 -0.216333 -0.367141 -0.531289 -0.689326 -0.797942 -0.921430 -0.980112 0.974976 0.962991 0.917689 0.852698 0.737943 0.654498 0.575328 0.327233 0.070049 -0.219842 -0.364064 -0.530315 -0.699458 -0.814517 -0.920984 -0.973882 
27.630816 55640.527344 48 84 46 0.626390 0.561517 0.515460 0.965694 0.933308 0.859841 0.779532 0.619804 0.539865 0.411438 0.217245 0.102052 -0.002464 -0.140876 -0.384897 -0.641301 -0.790587 -0.892376 -0.970828 0.971667 0.949376 0.893777 0.826694 0.765209 0.688941 0.544216 0.311947 0.044955 -0.186788 -0.361822 -0.552976 -0.698522 -0.813338 -0.924990 -0.976582 
31.712711 38790.812500 46 116 104 0.566133 0.380702 0.498334 0.968973 0.914598 0.855320 0.809596 0.615374 0.543561 0.382596 0.199952 0.064373 -0.031872 -0.205206 -0.418897 -0.675254 -0.795310 -0.898403 -0.975756 0.956366 0.903107 0.837723 0.738108 0.601590 0.533734 0.397550 0.223891 0.097851 0.018326 -0.130862 -0.289038 -0.582229 -0.771239 -0.865086 -0.965887 
22.126753 10631.336914 58 54 230 0.526647 0.623818 0.425926 0.976131 0.946344 0.854627 0.823050 0.724426 0.588797 0.396373 0.214666 0.058372 -0.113330 -0.387587 -0.548253 -0.715979 -0.852747 -0.914725 -0.983775 0.975139 0.943508 0.850385 0.829512 0.690021 0.574684 0.367391 0.237567 0.047009 -0.057804 -0.345693 -0.524700 -0.683443 -0.829183 -0.913437 -0.972958 
18.490273 6763.881348 50 50 64 0.475803 0.463979 0.382831 0.978665 0.956711 0.887942 0.821118 0.718307 0.539099 0.385392 0.157027 -0.059390 -0.252440 -0.403547 -0.562626 -0.708600 -0.840041 -0.920929 -0.965197 0.984317 0.946205 0.865290 0.822602 0.738583 0.565177 0.401560 0.194577 0.043443 -0.159523 -0.390132 -0.573350 -0.720517 -0.848044 -0.920044 -0.973900 
46.508713 14905996.000000 48 72 106 0.648880 0.467699 0.561349 0.968152 0.891376 0.781763 0.592062 0.459008 0.199912 0.075766 -0.158956 -0.387228 -0.459079 -0.593459 -0.685569 -0.761367 -0.867147 -0.931763 -0.979546 0.969330 0.885040 0.817618 0.677489 0.457332 0.275440 0.079896 -0.053556 -0.273928 -0.404413 -0.538783 -0.632423 -0.724106 -0.824731 -0.927894 -0.969828 
43.846909 1897280.125000 104 148 148 0.424626 0.553632 0.565341 0.980776 0.968740 0.776763 0.581302 0.532985 0.224659 0.120024 -0.043127 -0.321148 -0.393510 -0.515261 -0.667002 -0.754809 -0.869597 -0.915146 -0.966651 0.977814 0.905898 0.713717 0.563074 0.463219 0.165698 0.110906 -0.205332 -0.383479 -0.442015 -0.582201 -0.684265 -0.767518 -0.880165 -0.929456 -0.974995 
26.796108 145842.718750 56 80 130 0.648922 0.665119 0.478131 0.968997 0.953646 0.876936 0.730734 0.560206 0.435719 0.151147 -0.024944 -0.299474 -0.389641 -0.510511 -0.664120 -0.736585 -0.854402 -0.918681 -0.970460 0.975105 0.963881 0.864419 0.631641 0.561675 0.369997 0.133712 0.047227 -0.274648 -0.380858 -0.501484 -0.679444 -0.743867 -0.878536 -0.916126 -0.977281 
22.688492 128484.359375 74 82 130 0.378096 0.512844 0.498137 0.976785 0.949691 0.842289 0.745278 0.565844 0.317297 0.146095 0.027602 -0.205752 -0.379163 -0.520356 -0.666027 -0.737416 -0.839381 -0.924654 -0.978954 0.969952 0.947311 0.866517 0.763275 0.575541 0.382501 0.153279 -0.067151 -0.303377 -0.402179 -0.511913 -0.675795 -0.742993 -0.848213 -0.922322 -0.978989 
24.905224 170144.953125 130 62 76 0.538868 0.667692 0.565337 0.962824 0.942420 0.857468 0.785874 0.689085 0.350806 0.194165 0.068088 -0.135883 -0.363019 -0.479497 -0.658605 -0.730588 -0.835941 -0.922425 -0.943391 0.973346 0.951238 0.819438 0.726006 0.546518 0.254232 0.168311 0.041194 -0.151556 -0.359103 -0.488896 -0.660935 -0.737126 -0.829661 -0.921742 -0.961065 
42.105560 818129.687500 94 58 70 0.513144 0.534799 0.595298 0.981742 0.934910 0.904377 0.825793 0.748041 0.638748 0.396161 0.295135 0.111981 -0.092545 -0.301422 -0.500183 -0.705520 -0.818389 -0.885353 -0.923926 0.952301 0.937203 0.887553 0.810631 0.754538 0.623982 0.331902 0.219740 0.048145 -0.187258 -0.395499 -0.600954 -0.745388 -0.835217 -0.903057 -0.926965 
53.831146 5602410.000000 70 72 72 0.515858 0.722220 0.939569 0.979052 0.952491 0.918807 0.845706 0.746170 0.663693 0.432223 0.235332 0.128007 -0.093071 -0.224821 -0.399126 -0.627699 -0.786422 -0.819328 -0.908795 0.981082 0.952635 0.922068 0.849682 0.755239 0.692595 0.483906 0.284597 0.135843 -0.069227 -0.269546 -0.476266 -0.697143 -0.798186 -0.836893 -0.910893 
56.973667 13922121.000000 74 74 74 0.929637 0.974983 0.990486 0.977505 0.952904 0.912909 0.837916 0.709770 0.653140 0.429617 0.234744 0.124463 -0.067285 -0.263576 -0.399387 -0.664967 -0.792679 -0.841767 -0.874109 0.978316 0.952344 0.914506 0.841487 0.721971 0.654722 0.408954 0.241063 0.138928 -0.069675 -0.235167 -0.393189 -0.649673 -0.773357 -0.829718 -0.883064 
57.664188 16639588.000000 74 74 74 0.992928 0.994065 0.930921 0.978541 0.962156 0.917838 0.823851 0.675559 0.645889 0.385490 0.210774 0.104770 -0.140943 -0.302719 -0.420929 -0.666790 -0.764560 -0.822263 -0.865195 0.977893 0.956887 0.913664 0.832473 0.693968 0.647641 0.433973 0.231353 0.138528 -0.103739 -0.279579 -0.419151 -0.662904 -0.776679 -0.837508 -0.870971 
53.242943 1701626.500000 74 76 74 0.939948 0.746666 0.838143 0.990560 0.978548 0.946376 0.819461 0.674520 0.625994 0.357584 0.189126 0.042752 -0.264836 -0.369989 -0.488623 -0.653931 -0.763187 -0.813233 -0.931188 0.981640 0.968565 0.929516 0.807047 0.670836 0.641943 0.362900 0.196553 0.077716 -0.164536 -0.323885 -0.432779 -0.658916 -0.766772 -0.815978 -0.869027 
51.642952 698259.125000 74 72 74 0.804827 0.953017 0.944003 0.991028 0.981132 0.956889 0.861807 0.700670 0.641618 0.449745 0.191101 0.131546 -0.167073 -0.400470 -0.440870 -0.597448 -0.789941 -0.845090 -0.952578 0.991107 0.981471 0.954797 0.849425 0.679536 0.625503 0.399517 0.209035 0.117884 -0.236755 -0.400750 -0.453129 -0.604262 -0.774470 -0.833948 -0.914273 
48.654243 583821.937500 72 74 74 0.936364 0.963240 0.743928 0.992006 0.982762 0.949268 0.846339 0.669923 0.614615 0.371908 0.185296 -0.128000 -0.313129 -0.400067 -0.535337 -0.766132 -0.837900 -0.903677 -0.920450 0.991611 0.982636 0.958762 0.881205 0.699077 0.640680 0.473630 0.194505 0.102060 -0.195147 -0.411796 -0.459529 -0.656023 -0.787231 -0.859642 -0.963020 
35.493046 278857.156250 76 74 56 0.799481 0.332641 0.443197 0.986792 0.959754 0.903636 0.777311 0.661154 0.617314 0.346210 0.038201 -0.240428 -0.331032 -0.419878 -0.590187 -0.757339 -0.829977 -0.896700 -0.923311 0.989091 0.966377 0.913577 0.793715 0.670924 0.625329 0.378050 0.085027 -0.252698 -0.326340 -0.408679 -0.569642 -0.798775 -0.839545 -0.897937 -0.913270 
49.002834 34791392.000000 52 62 104 0.400723 0.394202 0.373301 0.979222 0.933151 0.807968 0.681499 0.471499 0.225010 0.020513 -0.128330 -0.337687 -0.465248 -0.599399 -0.721866 -0.782145 -0.877896 -0.944248 -0.966491 0.979724 0.949716 0.856697 0.729304 0.623065 0.364591 0.151823 -0.049049 -0.194717 -0.394246 -0.541636 -0.652213 -0.768014 -0.858962 -0.939268 -0.965507 
50.907597 16137001.000000 152 72 72 0.431585 0.528030 0.773150 0.975649 0.892383 0.790301 0.585018 0.392412 0.177828 0.039554 -0.206617 -0.385901 -0.468368 -0.534913 -0.712945 -0.793430 -0.859628 -0.943299 -0.976052 0.975207 0.914361 0.796871 0.641012 0.405653 0.212134 0.019554 -0.157137 -0.376909 -0.473779 -0.585172 -0.716379 -0.779739 -0.870040 -0.942562 -0.974450 
46.005936 6230643.500000 72 72 72 0.750300 0.535428 0.405410 0.975485 0.915438 0.703178 0.545639 0.477222 0.261484 0.114762 -0.008355 -0.330343 -0.412622 -0.480804 -0.640000 -0.781610 -0.842433 -0.931877 -0.964027 0.974232 0.907321 0.742429 0.553630 0.432405 0.177872 0.082911 -0.139461 -0.369712 -0.440386 -0.515270 -0.713783 -0.791685 -0.848793 -0.941086 -0.972459 
37.234020 1690931.000000 58 74 88 0.487578 0.829847 0.267542 0.970984 0.924582 0.770969 0.576755 0.511459 0.315432 0.160791 -0.020232 -0.254974 -0.370448 -0.458251 -0.612783 -0.740975 -0.818596 -0.920864 -0.962174 0.970167 0.931031 0.723014 0.548786 0.482696 0.308069 0.129919 -0.012136 -0.279027 -0.389884 -0.459878 -0.630474 -0.767633 -0.827934 -0.921260 -0.966645 
49.170715 9120693.000000 110 66 68 0.310212 0.807460 0.915876 0.987147 0.963455 0.932314 0.809798 0.661356 0.589224 0.282423 0.165621 -0.014604 -0.164877 -0.358926 -0.486746 -0.717498 -0.787760 -0.870693 -0.956164 0.990790 0.969065 0.931103 0.755032 0.579910 0.473127 0.210834 0.089958 -0.139745 -0.313552 -0.416626 -0.585526 -0.733167 -0.796497 -0.918621 -0.968790 
55.825630 17037074.000000 70 72 72 0.895738 0.961717 0.929545 0.978841 0.960105 0.925709 0.827884 0.719120 0.618636 0.269776 0.153666 0.035456 -0.140144 -0.306049 -0.511848 -0.672571 -0.791200 -0.868863 -0.935518 0.982505 0.960484 0.927983 0.791827 0.681583 0.605999 0.274331 0.170534 0.025280 -0.144663 -0.322962 -0.475781 -0.658888 -0.796273 -0.882016 -0.938418 
56.115208 5841307.500000 72 74 74 0.950393 0.986037 0.971611 0.977924 0.959199 0.915646 0.861728 0.811224 0.680616 0.312173 0.118048 0.045136 -0.070675 -0.217159 -0.504657 -0.710510 -0.787358 -0.854136 -0.940395 0.977754 0.959753 0.919981 0.853088 0.779029 0.636547 0.271689 0.132647 0.041583 -0.095540 -0.262845 -0.536607 -0.682544 -0.783608 -0.842685 -0.929128 
56.002407 3477473.500000 74 74 74 0.988506 0.989232 0.991774 0.979753 0.963856 0.917812 0.878902 0.831351 0.709636 0.379440 0.077373 -0.001992 -0.110328 -0.259059 -0.504364 -0.674445 -0.779859 -0.871899 -0.956608 0.978832 0.961462 0.916745 0.871073 0.827091 0.708007 0.352691 0.094661 0.022698 -0.091023 -0.208013 -0.459933 -0.688171 -0.769291 -0.892508 -0.955690 
56.144897 1385308.250000 74 74 76 0.989930 0.991318 0.947599 0.982025 0.969328 0.935168 0.889879 0.845653 0.713119 0.520140 0.108629 -0.059424 -0.205971 -0.339141 -0.465638 -0.605515 -0.772519 -0.829702 -0.957741 0.980949 0.966468 0.925714 0.885845 0.843186 0.715093 0.495232 0.105026 -0.029638 -0.140919 -0.330271 -0.502912 -0.658955 -0.780491 -0.827372 -0.945693 
51.236416 696093.250000 76 76 74 0.946703 0.894127 0.921914 0.989470 0.977109 0.929668 0.872976 0.795144 0.685015 0.411423 0.004304 -0.092450 -0.181462 -0.290901 -0.432247 -0.556509 -0.732895 -0.802758 -0.950349 0.984465 0.972634 0.938396 0.883621 0.825965 0.694640 0.488651 0.056208 -0.077823 -0.203243 -0.319781 -0.439634 -0.569725 -0.735435 -0.833397 -0.959165 
49.505516 691179.500000 76 76 76 0.953401 0.966612 0.976713 0.990540 0.980498 0.938949 0.868632 0.807448 0.673115 0.289329 -0.017556 -0.100705 -0.189371 -0.254010 -0.456679 -0.538470 -0.673747 -0.799571 -0.951129 0.990778 0.979652 0.929148 0.869041 0.785564 0.671600 0.330239 0.013107 -0.114077 -0.186392 -0.286778 -0.416122 -0.524614 -0.705327 -0.789062 -0.948420 
49.962044 625446.375000 76 76 78 0.973250 0.924176 0.970947 0.991787 0.981488 0.933928 0.864257 0.802992 0.696597 0.357871 -0.016320 -0.102970 -0.199380 -0.277650 -0.419308 -0.539747 -0.658882 -0.813179 -0.957371 0.991027 0.980671 0.942123 0.864795 0.799639 0.676450 0.322571 -0.025960 -0.108022 -0.192275 -0.270076 -0.436356 -0.566740 -0.679643 -0.802739 -0.955962 
50.026581 565501.437500 78 78 80 0.970633 0.901435 0.949751 0.992619 0.979568 0.953117 0.869483 0.775556 0.686996 0.366726 0.022350 -0.073061 -0.202714 -0.309794 -0.416686 -0.533224 -0.698138 -0.856570 -0.961802 0.992612 0.981722 0.944356 0.860806 0.794283 0.713335 0.360024 -0.004573 -0.097277 -0.206953 -0.284352 -0.419603 -0.544201 -0.679047 -0.845736 -0.960574 
49.406567 465394.656250 80 80 82 0.957735 0.943163 0.943078 0.992304 0.980692 0.951085 0.843550 0.777656 0.701690 0.382222 0.017936 -0.037637 -0.188828 -0.301340 -0.399883 -0.532266 -0.711764 -0.849845 -0.959872 0.992795 0.980267 0.953511 0.845838 0.777684 0.706810 0.337607 0.040563 -0.035758 -0.173752 -0.302834 -0.418914 -0.522622 -0.706365 -0.860817 -0.960569 
50.499958 6787324.000000 82 82 82 0.950960 0.802958 0.497316 0.985088 0.970366 0.919711 0.836205 0.761781 0.660836 0.216024 -0.002838 -0.097548 -0.308681 -0.397837 -0.495776 -0.562108 -0.843534 -0.925700 -0.983400 0.991072 0.980209 0.953928 0.854700 0.769802 0.694339 0.400630 0.001217 -0.071720 -0.214630 -0.334571 -0.435707 -0.531019 -0.766651 -0.890731 -0.976859 
53.572620 6858570.000000 84 86 86 0.596540 0.887054 0.945889 0.981110 0.956763 0.899664 0.841981 0.767674 0.682857 0.426688 0.075729 -0.002372 -0.158731 -0.321941 -0.437408 -0.603284 -0.745137 -0.787146 -0.931175 0.981089 0.965355 0.911503 0.848780 0.764918 0.690851 0.348081 0.032881 -0.028827 -0.260595 -0.386435 -0.475898 -0.572616 -0.761379 -0.884431 -0.973848 
54.372345 7887133.000000 86 86 86 0.965044 0.932499 0.826279 0.977971 0.948614 0.890483 0.836950 0.761670 0.671639 0.417400 0.145784 0.050165 -0.161840 -0.293219 -0.442244 -0.604283 -0.737841 -0.788593 -0.881983 0.979896 0.949345 0.894241 0.836755 0.761809 0.666785 0.391769 0.107418 0.023379 -0.162478 -0.317687 -0.450454 -0.609155 -0.746630 -0.791461 -0.910014 
54.375984 7883037.500000 88 88 88 0.800113 0.955706 0.958039 0.977722 0.947037 0.885170 0.830431 0.754400 0.674468 0.384251 0.184528 0.109052 -0.064029 -0.252843 -0.449875 -0.625958 -0.749018 -0.794252 -0.857997 0.975843 0.946439 0.888158 0.834832 0.768506 0.681701 0.408908 0.193909 0.106192 -0.110624 -0.297550 -0.456343 -0.617404 -0.741612 -0.809615 -0.862392 
54.073261 6493073.000000 88 88 88 0.964182 0.907344 0.732925 0.977541 0.953262 0.893088 0.836482 0.719584 0.681104 0.387536 0.230694 0.126677 -0.038057 -0.244168 -0.451813 -0.667092 -0.764206 -0.811173 -0.897287 0.976737 0.947749 0.884106 0.826197 0.743051 0.672691 0.364587 0.199898 0.108662 -0.030240 -0.207754 -0.427953 -0.679844 -0.751088 -0.809246 -0.863176 
53.986656 13478700.000000 88 88 88 0.688009 0.899977 0.919855 0.977196 0.949572 0.895817 0.808998 0.667474 0.634455 0.359225 0.218120 0.116193 -0.050519 -0.260239 -0.475825 -0.650449 -0.772041 -0.817888 -0.902079 0.976983 0.951197 0.894219 0.827286 0.694364 0.659477 0.375448 0.201894 0.128033 -0.045483 -0.230899 -0.406503 -0.646449 -0.746033 -0.809234 -0.870433 
52.526268 7373976.000000 88 88 88 0.955386 0.880029 0.736705 0.980325 0.961919 0.916920 0.804385 0.597479 0.547792 0.356694 0.203994 0.107272 -0.067145 -0.269514 -0.383692 -0.654870 -0.735177 -0.808529 -0.857437 0.978874 0.954501 0.904363 0.802414 0.641234 0.603174 0.350355 0.206668 0.116256 -0.043008 -0.252577 -0.429630 -0.646023 -0.744188 -0.819243 -0.854195 
52.097775 7349078.500000 88 88 88 0.798813 0.917976 0.889392 0.982482 0.970623 0.932761 0.804122 0.571039 0.510318 0.289492 0.149502 0.076028 -0.139224 -0.324349 -0.397965 -0.584197 -0.716432 -0.813194 -0.858089 0.982588 0.968167 0.927869 0.802220 0.565416 0.512547 0.332742 0.172659 0.081149 -0.102385 -0.296691 -0.400763 -0.624657 -0.727862 -0.810571 -0.845636 
49.582870 748689.562500 90 92 90 0.928346 0.904986 0.576658 0.986368 0.976683 0.949850 0.826543 0.646304 0.535570 0.413185 0.153115 0.080150 -0.210984 -0.361754 -0.443853 -0.560599 -0.723241 -0.824912 -0.929332 0.984236 0.974310 0.943638 0.830708 0.581218 0.500332 0.340648 0.136069 0.094855 -0.208074 -0.336221 -0.422005 -0.539577 -0.702980 -0.819349 -0.876634 
46.848713 216925.171875 90 90 90 0.676890 0.908497 0.938902 0.991300 0.978961 0.960602 0.846551 0.688001 0.597398 0.465774 0.235137 0.168722 -0.062495 -0.314756 -0.413510 -0.627554 -0.751274 -0.881379 -0.969539 0.989232 0.978083 0.958342 0.848945 0.697634 0.597789 0.438427 0.244468 0.136956 -0.111578 -0.347821 -0.465832 -0.602979 -0.725471 -0.851085 -0.962381 
43.940159 100559.695312 90 90 90 0.917245 0.857181 0.713189 0.993855 0.980414 0.950504 0.816981 0.680824 0.592926 0.464465 0.241962 0.147546 -0.055261 -0.336564 -0.405819 -0.633747 -0.784309 -0.884995 -0.971354 0.992562 0.979471 0.962535 0.846519 0.670993 0.593607 0.466904 0.246747 0.173626 -0.030757 -0.334965 -0.384375 -0.594239 -0.765245 -0.890858 -0.970374 
30.948011 26663.767578 154 96 104 0.504301 0.396530 0.575574 0.991958 0.970533 0.904827 0.798194 0.693681 0.568677 0.431400 0.227664 0.120108 -0.101566 -0.302948 -0.414347 -0.689966 -0.807963 -0.916727 -0.967234 0.992013 0.978279 0.909421 0.807164 0.688144 0.556637 0.477065 0.257350 0.135499 -0.014248 -0.329784 -0.421578 -0.682357 -0.797259 -0.892375 -0.969595 
27.236782 16686.412109 88 92 88 0.557932 0.636928 0.614351 0.987706 0.970292 0.935171 0.799926 0.715646 0.577194 0.399918 0.210160 0.036676 -0.193307 -0.331368 -0.486963 -0.692066 -0.820647 -0.898733 -0.968519 0.992594 0.973694 0.923155 0.803980 0.707558 0.572733 0.375778 0.215557 0.081996 -0.184066 -0.297599 -0.468661 -0.674083 -0.806251 -0.922558 -0.967665 
26.847105 376543.906250 88 92 70 0.628204 0.531929 0.641706 0.976824 0.959730 0.816333 0.676720 0.619560 0.399852 0.226997 0.078170 -0.121538 -0.259613 -0.399560 -0.637318 -0.738148 -0.804961 -0.882283 -0.941312 0.984758 0.965030 0.929155 0.795916 0.729064 0.556991 0.396676 0.158598 -0.015748 -0.228513 -0.339549 -0.525137 -0.725855 -0.831478 -0.898700 -0.965057 
38.981094 2364527.000000 70 132 58 0.634060 0.500720 0.422626 0.973372 0.922493 0.717579 0.533928 0.347797 0.282940 0.132541 0.065337 -0.120426 -0.334977 -0.400909 -0.601878 -0.749293 -0.821503 -0.894413 -0.963848 0.969922 0.950673 0.710723 0.638537 0.429538 0.320136 0.192428 0.081692 -0.091409 -0.285306 -0.395218 -0.627869 -0.719133 -0.810339 -0.895084 -0.955713 
40.608650 1863017.250000 76 104 74 0.313495 0.426497 0.550574 0.974901 0.934074 0.763782 0.500804 0.309732 0.168836 0.061197 0.001708 -0.166555 -0.323885 -0.417851 -0.599060 -0.752706 -0.820048 -0.896731 -0.959855 0.975514 0.924435 0.757853 0.496688 0.315315 0.221181 0.095718 0.028751 -0.184344 -0.341105 -0.411330 -0.610850 -0.736665 -0.815938 -0.897203 -0.972697 
38.233841 1252605.125000 74 148 50 0.465854 0.557889 0.604267 0.972702 0.939874 0.807113 0.551909 0.311828 0.179693 0.026759 -0.051052 -0.196928 -0.374469 -0.446628 -0.640552 -0.770006 -0.841602 -0.912420 -0.963328 0.973473 0.935166 0.761915 0.505176 0.307077 0.166159 0.057249 -0.015982 -0.164966 -0.339361 -0.427368 -0.599159 -0.764609 -0.838389 -0.909055 -0.962167 
33.176247 396688.531250 168 132 130 0.419556 0.559619 0.467450 0.977060 0.936786 0.856642 0.660970 0.355162 0.249841 0.034331 -0.091916 -0.195923 -0.324856 -0.454582 -0.596928 -0.763441 -0.834880 -0.924155 -0.972276 0.974773 0.948462 0.839054 0.575247 0.326063 0.194849 0.001189 -0.083604 -0.184761 -0.364516 -0.466840 -0.638296 -0.751377 -0.846526 -0.920231 -0.972629 
41.549774 307857.812500 74 64 68 0.376004 0.446826 0.852648 0.994000 0.984618 0.972418 0.923007 0.463217 0.252931 0.178733 -0.000843 -0.147160 -0.217662 -0.379464 -0.481235 -0.725591 -0.826376 -0.889404 -0.954448 0.992278 0.973323 0.892368 0.780189 0.405998 0.281242 0.099469 -0.101191 -0.192825 -0.288537 -0.439248 -0.567035 -0.751875 -0.834527 -0.904550 -0.968570 
50.281456 2163790.750000 70 74 74 0.861229 0.968775 0.970089 0.991019 0.980833 0.967571 0.934923 0.329409 0.253597 0.139670 0.005951 -0.133961 -0.234731 -0.410353 -0.464518 -0.701934 -0.850762 -0.898907 -0.946716 0.992637 0.982630 0.969585 0.927044 0.378418 0.251528 0.180202 0.032746 -0.134202 -0.209898 -0.384391 -0.435289 -0.689562 -0.841507 -0.899265 -0.951789 
52.713234 4341582.500000 76 76 78 0.972201 0.989587 0.973558 0.989744 0.977305 0.965211 0.921991 0.342551 0.272695 0.159906 0.059837 -0.115816 -0.247694 -0.392673 -0.443726 -0.653891 -0.830528 -0.892566 -0.928331 0.990310 0.978810 0.966325 0.923450 0.311897 0.256097 0.150378 0.015162 -0.140115 -0.244696 -0.403359 -0.457924 -0.633153 -0.837404 -0.892919 -0.935196 
54.189640 5085555.500000 76 78 78 0.959740 0.987397 0.970625 0.988695 0.973748 0.964760 0.915307 0.379576 0.307832 0.169738 0.038385 -0.063384 -0.235001 -0.369445 -0.444383 -0.551976 -0.738399 -0.905922 -0.929238 0.989373 0.975370 0.965054 0.918691 0.375031 0.288776 0.146733 0.032717 -0.120603 -0.256912 -0.377940 -0.448258 -0.566638 -0.806962 -0.893251 -0.925998 
55.681404 7907472.000000 78 78 78 0.956743 0.901601 0.973018 0.985815 0.970850 0.958713 0.876078 0.446130 0.386622 0.271575 0.128255 -0.003419 -0.172598 -0.341944 -0.405875 -0.540498 -0.656409 -0.855454 -0.913406 0.988349 0.971720 0.963578 0.901618 0.401834 0.342531 0.215276 0.073750 -0.028804 -0.179544 -0.345138 -0.416128 -0.535069 -0.706639 -0.894979 -0.923719 
54.475357 10545276.000000 78 78 80 0.979777 0.948166 0.948716 0.984955 0.965370 0.936820 0.852681 0.519607 0.437716 0.316084 0.176890 0.073515 -0.129959 -0.332541 -0.413318 -0.572604 -0.696317 -0.792801 -0.872370 0.984041 0.968304 0.946687 0.867303 0.493428 0.410009 0.301744 0.149023 0.036919 -0.200909 -0.343328 -0.406003 -0.550176 -0.681077 -0.800353 -0.880109 
53.058968 17251852.000000 80 80 80 0.965473 0.974244 0.929455 0.984698 0.958451 0.915408 0.811485 0.566670 0.510262 0.321107 0.169642 0.063282 -0.156935 -0.298977 -0.375046 -0.603647 -0.709515 -0.821261 -0.859945 0.985369 0.963354 0.926320 0.835358 0.533374 0.472781 0.306402 0.168762 0.055140 -0.149741 -0.319000 -0.382827 -0.584348 -0.704894 -0.796507 -0.845927 
52.877640 10801056.000000 82 82 82 0.956960 0.958022 0.934131 0.982457 0.949072 0.906045 0.836999 0.621965 0.582156 0.363625 0.232111 0.081141 -0.062556 -0.279686 -0.404673 -0.615839 -0.753695 -0.843604 -0.868506 0.983824 0.953189 0.907841 0.824754 0.594851 0.543958 0.347292 0.189942 0.074011 -0.142260 -0.287519 -0.367497 -0.618181 -0.720598 -0.831647 -0.866081 
52.966354 14693655.000000 82 84 84 0.928042 0.944838 0.970410 0.979157 0.943139 0.895630 0.799120 0.636468 0.607256 0.334571 0.224089 0.106273 -0.112139 -0.253682 -0.350624 -0.629390 -0.772984 -0.839881 -0.877650 0.980117 0.942443 0.901060 0.795104 0.628477 0.591709 0.319480 0.209333 0.072298 -0.123244 -0.267244 -0.381173 -0.603225 -0.755978 -0.838917 -0.872797 
53.508549 11017979.000000 84 86 88 0.973176 0.882949 0.953713 0.979763 0.945760 0.889755 0.815906 0.664955 0.636060 0.366550 0.192223 0.123755 -0.061441 -0.222178 -0.327761 -0.619485 -0.792882 -0.859762 -0.883881 0.979007 0.943444 0.888495 0.792615 0.652929 0.616640 0.341188 0.200594 0.111306 -0.102450 -0.245586 -0.342005 -0.626363 -0.780039 -0.850705 -0.876383 
51.739048 3251266.000000 88 92 94 0.923051 0.439776 0.926276 0.977055 0.951804 0.901143 0.836504 0.703301 0.649492 0.447980 0.232077 0.145873 -0.047371 -0.186189 -0.262078 -0.517382 -0.807027 -0.857702 -0.911547 0.978590 0.947112 0.893394 0.826258 0.676835 0.640606 0.388345 0.212058 0.139978 -0.056926 -0.206605 -0.285864 -0.581647 -0.801468 -0.863257 -0.901754 
51.186172 824473.937500 94 96 96 0.930801 0.940852 0.827202 0.980516 0.964966 0.918330 0.858060 0.743347 0.674520 0.553750 0.291941 0.144043 -0.062384 -0.219165 -0.292963 -0.629337 -0.833957 -0.869137 -0.941532 0.977152 0.957697 0.908030 0.851360 0.724349 0.661926 0.513912 0.254350 0.159476 0.000625 -0.185989 -0.260136 -0.607000 -0.826080 -0.863891 -0.930466 
44.158638 184437.578125 96 102 100 0.696263 0.740808 0.633568 0.991685 0.979567 0.921848 0.816151 0.729799 0.642735 0.537026 0.284850 0.154828 -0.011583 -0.226590 -0.306968 -0.580534 -0.783636 -0.895945 -0.970901 0.990661 0.975537 0.915580 0.833816 0.736139 0.652008 0.525568 0.300909 0.149738 -0.085634 -0.233657 -0.314062 -0.592494 -0.830081 -0.871156 -0.958412 
44.272980 113510.007812 100 98 98 0.709081 0.870158 0.897547 0.990548 0.979551 0.942127 0.825338 0.731981 0.672301 0.580658 0.301380 0.145959 -0.091420 -0.220971 -0.379929 -0.617606 -0.801412 -0.890574 -0.973857 0.990266 0.979296 0.938357 0.835990 0.741522 0.625898 0.545844 0.297643 0.146472 -0.030543 -0.229145 -0.353163 -0.609335 -0.798069 -0.896534 -0.969504 
43.924904 85116.921875 98 98 98 0.905686 0.880789 0.875241 0.991281 0.979338 0.952028 0.841091 0.739150 0.685926 0.546979 0.301005 0.085858 -0.132827 -0.216584 -0.438294 -0.668347 -0.827433 -0.895209 -0.959663 0.991106 0.981241 0.953429 0.840670 0.740654 0.664780 0.550128 0.285894 0.119409 -0.130377 -0.229791 -0.395690 -0.651455 -0.820706 -0.887503 -0.965165 
43.065716 52197.542969 98 98 98 0.905260 0.922705 0.847418 0.991446 0.980439 0.962611 0.851297 0.758909 0.687034 0.518687 0.289538 0.033232 -0.140749 -0.271004 -0.470255 -0.659816 -0.842499 -0.896959 -0.960471 0.991451 0.979981 0.959608 0.847096 0.750260 0.677835 0.534196 0.278744 0.037896 -0.137140 -0.228049 -0.434951 -0.623509 -0.853826 -0.894844 -0.959012 
37.573544 25342.833984 98 78 84 0.775858 0.504466 0.487441 0.992271 0.981850 0.951788 0.793915 0.722730 0.664973 0.445659 0.246060 0.024677 -0.188912 -0.303494 -0.530149 -0.712103 -0.819660 -0.914869 -0.973747 0.990479 0.981365 0.956986 0.818653 0.738637 0.685502 0.511762 0.285346 0.016252 -0.166314 -0.285778 -0.491821 -0.688198 -0.831121 -0.909097 -0.965267 
33.333267 11750.885742 84 66 76 0.594005 0.613045 0.686168 0.994135 0.985255 0.936779 0.802066 0.721918 0.635173 0.422969 0.224617 0.004589 -0.207613 -0.329340 -0.528562 -0.700822 -0.826820 -0.894276 -0.978367 0.994249 0.986948 0.953055 0.808357 0.726886 0.657608 0.415245 0.228519 0.053886 -0.205381 -0.309568 -0.520448 -0.724729 -0.814200 -0.899121 -0.978895 
25.395824 7992.479980 76 78 80 0.648895 0.803377 0.587732 0.995311 0.977588 0.912083 0.830372 0.698472 0.604838 0.364975 0.164997 -0.106714 -0.220493 -0.311300 -0.553397 -0.681990 -0.843087 -0.901347 -0.972722 0.994781 0.983268 0.923167 0.814052 0.714844 0.607229 0.392135 0.182507 -0.056381 -0.221721 -0.327297 -0.528852 -0.683172 -0.847515 -0.901873 -0.977584 
22.943659 6373.948730 94 92 82 0.580496 0.687786 0.608663 0.994376 0.971605 0.930788 0.830581 0.681472 0.580397 0.372515 0.171782 -0.070623 -0.219327 -0.330463 -0.548241 -0.713846 -0.843254 -0.924223 -0.978271 0.996120 0.976840 0.919392 0.811461 0.685029 0.597100 0.356200 0.170797 -0.104776 -0.221886 -0.324141 -0.557017 -0.693132 -0.826282 -0.912458 -0.976858 
18.159588 4485.431641 80 86 50 0.595688 0.506889 0.746031 0.988289 0.969726 0.915887 0.817404 0.665079 0.585288 0.328837 0.189155 -0.082223 -0.251974 -0.365115 -0.555044 -0.709320 -0.835037 -0.908883 -0.972919 0.993643 0.970654 0.912855 0.821602 0.662252 0.578348 0.312696 0.170945 -0.044759 -0.221215 -0.350953 -0.554534 -0.737140 -0.831546 -0.932921 -0.979226 
17.268019 4799.516113 50 60 56 0.799125 0.671998 0.590241 0.985747 0.963731 0.906858 0.823924 0.691974 0.537952 0.338384 0.171362 -0.060815 -0.231184 -0.420677 -0.555114 -0.729123 -0.866863 -0.921564 -0.965425 0.987065 0.966263 0.924333 0.825475 0.673312 0.553515 0.333421 0.185156 -0.067360 -0.231048 -0.388839 -0.559064 -0.742334 -0.850849 -0.911308 -0.973325 
15.546174 3404.271240 60 74 80 0.427898 0.612018 0.504843 0.990589 0.965130 0.920588 0.809611 0.685460 0.548634 0.326979 0.155832 -0.103482 -0.272500 -0.413969 -0.580387 -0.704202 -0.873042 -0.913601 -0.968464 0.985856 0.960268 0.922281 0.823612 0.693038 0.548085 0.332895 0.176958 -0.054901 -0.269138 -0.425917 -0.569584 -0.706430 -0.880403 -0.925425 -0.967559 
12.550374 2317.809082 82 130 126 0.460142 0.432008 0.344289 0.986152 0.965698 0.907592 0.794496 0.689779 0.518146 0.282670 0.153264 -0.039772 -0.225148 -0.405714 -0.588857 -0.729695 -0.860949 -0.941135 -0.978726 0.986851 0.962982 0.914034 0.793593 0.693478 0.516647 0.304898 0.146284 -0.057325 -0.249063 -0.429476 -0.592355 -0.725594 -0.858121 -0.926388 -0.979347 
