29.308315 548076.687500 20 100 96 0.000000 0.540650 0.568909 0.989428 0.969427 0.788026 0.543118 0.363378 0.229264 0.114839 -0.057304 -0.201830 -0.417457 -0.529768 -0.652187 -0.754005 -0.889934 -0.966591 -0.988189 0.990124 0.965137 0.835892 0.603490 0.395056 0.254385 0.136339 -0.013830 -0.258083 -0.444248 -0.542631 -0.699662 -0.775386 -0.919672 -0.972214 -0.991064 
28.431725 265587.062500 96 106 112 0.560401 0.543389 0.328168 0.989376 0.961256 0.835459 0.614940 0.456709 0.232201 0.108312 -0.075039 -0.202064 -0.443076 -0.575305 -0.654593 -0.768030 -0.872493 -0.952260 -0.979697 0.989880 0.966321 0.769740 0.562018 0.416514 0.228169 0.098020 -0.087292 -0.202344 -0.417840 -0.547867 -0.643276 -0.766321 -0.876097 -0.949646 -0.981771 
26.571486 287222.218750 132 102 100 0.412991 0.439878 0.583795 0.989283 0.955054 0.854773 0.676713 0.489138 0.253818 0.105731 -0.062653 -0.250331 -0.431581 -0.550907 -0.654802 -0.735318 -0.873046 -0.937634 -0.977414 0.985528 0.959466 0.878774 0.667508 0.450288 0.248889 0.112760 -0.052676 -0.210952 -0.440787 -0.565529 -0.653660 -0.754654 -0.883714 -0.950660 -0.979453 
30.995352 1287708.250000 100 148 148 0.597574 0.463099 0.593592 0.972085 0.940730 0.838790 0.676343 0.580180 0.393090 0.172511 -0.004175 -0.197638 -0.387166 -0.549985 -0.656872 -0.762789 -0.882697 -0.933396 -0.973411 0.984575 0.916931 0.830800 0.701615 0.581199 0.373539 0.162133 -0.010514 -0.209951 -0.389106 -0.544228 -0.638227 -0.736394 -0.862678 -0.929367 -0.979267 
38.931881 4982496.000000 146 48 106 0.530740 0.599499 0.574777 0.964012 0.949228 0.877538 0.674564 0.580145 0.420366 0.141503 0.046955 -0.234904 -0.349985 -0.439831 -0.634379 -0.778218 -0.859725 -0.929509 -0.970474 0.965845 0.956478 0.882204 0.690752 0.554575 0.441216 0.155684 0.037373 -0.204992 -0.386797 -0.531508 -0.663278 -0.770392 -0.885466 -0.937528 -0.976140 
34.004002 1164827.000000 70 148 148 0.433077 0.452727 0.508379 0.987206 0.961611 0.779455 0.663783 0.606577 0.395347 0.247467 0.153895 -0.093665 -0.303852 -0.409035 -0.614953 -0.742754 -0.817670 -0.892745 -0.963201 0.968403 0.938838 0.851424 0.647631 0.586409 0.311074 0.192461 0.088324 -0.168756 -0.337469 -0.405463 -0.593912 -0.766502 -0.830057 -0.909031 -0.964971 
36.743656 4668036.000000 54 48 150 0.502439 0.575046 0.393562 0.983957 0.883684 0.750387 0.699886 0.590325 0.413513 0.232066 0.045952 -0.118376 -0.286215 -0.464699 -0.594968 -0.757447 -0.835554 -0.900981 -0.980722 0.989770 0.951940 0.739464 0.701767 0.591267 0.404818 0.261662 0.095606 -0.108393 -0.292277 -0.445353 -0.568673 -0.745616 -0.819841 -0.902975 -0.969782 
49.598740 1664712.625000 230 40 46 0.395007 0.709457 0.966704 0.988016 0.979052 0.925832 0.835563 0.758141 0.675681 0.509764 0.228452 -0.007395 -0.170936 -0.349825 -0.557983 -0.691305 -0.811604 -0.891748 -0.963680 0.987416 0.976598 0.829197 0.733788 0.645761 0.477807 0.290645 0.133424 -0.091977 -0.231800 -0.461843 -0.598976 -0.729892 -0.828046 -0.900060 -0.971504 
54.160210 699220.562500 46 46 48 0.939666 0.988549 0.940258 0.986195 0.970337 0.946469 0.875151 0.810488 0.693964 0.625276 0.368394 0.016295 -0.114237 -0.284356 -0.496690 -0.654954 -0.769003 -0.885150 -0.964217 0.987262 0.972413 0.938759 0.863272 0.786513 0.683891 0.625484 0.324937 -0.024453 -0.151961 -0.328130 -0.518686 -0.678495 -0.797739 -0.891435 -0.967003 
56.191338 696740.000000 46 48 48 0.972788 0.974666 0.972567 0.985930 0.969293 0.954285 0.868734 0.803524 0.687348 0.601600 0.480496 0.023273 -0.106844 -0.218405 -0.443674 -0.648274 -0.788960 -0.907336 -0.973684 0.986034 0.969992 0.951590 0.875853 0.816401 0.686167 0.600853 0.420983 0.038780 -0.100158 -0.225676 -0.479640 -0.684673 -0.770205 -0.894637 -0.969664 
58.250431 1671522.625000 48 50 52 0.988844 0.971962 0.922429 0.978494 0.969295 0.951640 0.826189 0.727303 0.654796 0.614526 0.490718 0.032740 -0.148547 -0.219506 -0.365363 -0.661011 -0.753819 -0.887268 -0.974342 0.983647 0.968790 0.956372 0.843867 0.784467 0.672358 0.614421 0.539151 0.044695 -0.128664 -0.187295 -0.423503 -0.656880 -0.777938 -0.904331 -0.974540 
60.676388 9191891.000000 52 54 60 0.973096 0.975706 0.926472 0.978491 0.972974 0.943866 0.770756 0.634885 0.593173 0.504663 0.430783 0.073552 -0.232909 -0.294240 -0.402867 -0.639466 -0.748320 -0.795919 -0.930892 0.977572 0.970835 0.950509 0.792173 0.670874 0.630111 0.563349 0.497277 0.050431 -0.180583 -0.258704 -0.413075 -0.668092 -0.735763 -0.837995 -0.967898 
59.518440 16685422.000000 60 62 66 0.899578 0.928569 0.659900 0.981850 0.976210 0.939943 0.737315 0.536016 0.466158 0.385924 0.305376 0.076991 -0.254143 -0.344129 -0.438663 -0.670920 -0.758219 -0.832340 -0.876324 0.980920 0.975232 0.938015 0.757378 0.581131 0.539268 0.433494 0.369971 0.064422 -0.226147 -0.298602 -0.392501 -0.661272 -0.740476 -0.816093 -0.902081 
57.308701 19281106.000000 66 74 80 0.650432 0.939332 0.948956 0.985668 0.976423 0.952965 0.794508 0.454314 0.405405 0.306346 0.221484 -0.027587 -0.263253 -0.340366 -0.460916 -0.721784 -0.776948 -0.838750 -0.860338 0.984975 0.976787 0.949194 0.808809 0.492049 0.434290 0.337746 0.266623 -0.022358 -0.274617 -0.338893 -0.463487 -0.721765 -0.779274 -0.838475 -0.874924 
54.475632 7652748.000000 80 86 90 0.924190 0.858601 0.933594 0.984983 0.978287 0.955336 0.762211 0.497491 0.380979 0.311654 0.205805 -0.004394 -0.252382 -0.331412 -0.431910 -0.726403 -0.784004 -0.836264 -0.857419 0.985212 0.977601 0.951139 0.766042 0.438737 0.391122 0.297494 0.192139 -0.038532 -0.260933 -0.346532 -0.452135 -0.715086 -0.782613 -0.835037 -0.855584 
49.091148 906091.187500 92 96 100 0.937038 0.921339 0.415467 0.987791 0.981806 0.957568 0.726549 0.589485 0.445460 0.267168 0.200719 0.018989 -0.219930 -0.358461 -0.433851 -0.670766 -0.780477 -0.829838 -0.871183 0.986736 0.980284 0.961222 0.767978 0.547707 0.391846 0.310321 0.225985 0.032101 -0.233025 -0.356474 -0.403797 -0.710346 -0.796861 -0.843711 -0.887193 
48.842972 1870764.125000 62 60 34 0.490129 0.619826 0.675918 0.987887 0.982243 0.950791 0.741461 0.490115 0.324724 0.250151 0.174040 0.069424 -0.152359 -0.395924 -0.450184 -0.567904 -0.747189 -0.827992 -0.878475 0.988414 0.980489 0.950428 0.706078 0.462571 0.321324 0.241751 0.166556 0.029360 -0.179519 -0.378805 -0.449830 -0.580650 -0.724851 -0.826508 -0.867504 
46.060493 459605.625000 152 74 88 0.543522 0.742535 0.820389 0.990612 0.983673 0.963478 0.800614 0.581125 0.496084 0.347065 0.226414 0.119124 -0.168182 -0.344265 -0.435685 -0.617115 -0.791000 -0.826645 -0.912512 0.990218 0.982180 0.962337 0.788248 0.590265 0.498356 0.328855 0.228453 0.131586 -0.147971 -0.335998 -0.453813 -0.674533 -0.809776 -0.834468 -0.905506 
44.940575 291334.093750 90 42 120 0.773162 0.628151 0.727403 0.988421 0.982556 0.955829 0.735811 0.603047 0.524672 0.314878 0.183601 0.116516 -0.043631 -0.329445 -0.450166 -0.522052 -0.737819 -0.834234 -0.969220 0.988836 0.983265 0.956085 0.739142 0.584717 0.506585 0.285579 0.182307 0.086806 -0.112353 -0.342478 -0.454695 -0.530015 -0.752393 -0.808351 -0.924208 
42.320786 135285.796875 118 130 218 0.612373 0.697908 0.529619 0.993114 0.984736 0.968844 0.773211 0.568360 0.510538 0.364333 0.211979 0.058286 -0.039506 -0.301312 -0.427279 -0.521535 -0.780465 -0.860548 -0.967185 0.990171 0.981212 0.963536 0.746020 0.581716 0.515338 0.359405 0.221893 0.091640 -0.060047 -0.325524 -0.443504 -0.524493 -0.757123 -0.848342 -0.971172 
37.158981 58561.550781 84 70 76 0.526701 0.709498 0.459402 0.988026 0.983776 0.943511 0.683397 0.561322 0.478935 0.308234 0.193156 0.088241 -0.013414 -0.270134 -0.446173 -0.587823 -0.804009 -0.904718 -0.973413 0.991964 0.984666 0.969171 0.717814 0.559061 0.502119 0.295019 0.211563 0.059322 -0.037577 -0.282403 -0.423855 -0.595186 -0.776169 -0.879256 -0.973023 
28.219692 31474.203125 80 80 74 0.715493 0.423253 0.478365 0.991019 0.970067 0.915650 0.664537 0.596156 0.490335 0.278440 0.189599 0.114588 0.012094 -0.250129 -0.438521 -0.655371 -0.806949 -0.889175 -0.975589 0.990394 0.976356 0.935185 0.697837 0.590988 0.489080 0.273028 0.180776 0.089777 0.000925 -0.233666 -0.440566 -0.621598 -0.816729 -0.887563 -0.969505 
23.442268 13901.666992 74 46 110 0.423116 0.494336 0.697927 0.991979 0.977641 0.900827 0.732074 0.571916 0.507858 0.362671 0.197185 0.113746 -0.131592 -0.349914 -0.482032 -0.697840 -0.814341 -0.918881 -0.974212 0.992999 0.978966 0.892909 0.688645 0.580649 0.508265 0.304669 0.199015 0.133950 -0.057340 -0.320821 -0.427997 -0.667782 -0.818226 -0.912267 -0.976560 
22.698143 9347.151367 110 102 72 0.747526 0.591302 0.601635 0.993150 0.977987 0.937038 0.767363 0.584531 0.508468 0.338548 0.192074 0.035703 -0.194303 -0.355330 -0.571350 -0.717917 -0.818418 -0.915397 -0.973321 0.992978 0.979448 0.925538 0.739463 0.571073 0.515658 0.369213 0.195587 0.051103 -0.195571 -0.352088 -0.561683 -0.703321 -0.802895 -0.919458 -0.974601 
20.478363 6059.858398 74 56 128 0.528843 0.439358 0.619127 0.992254 0.978206 0.932874 0.800707 0.617113 0.514186 0.350160 0.211820 -0.013236 -0.220617 -0.400416 -0.551393 -0.716937 -0.828156 -0.923479 -0.975415 0.992667 0.976491 0.921416 0.786115 0.634737 0.502611 0.314741 0.207134 -0.017643 -0.196709 -0.380194 -0.552092 -0.743675 -0.828745 -0.913893 -0.969185 
20.464190 5578.405762 88 90 94 0.352750 0.600782 0.593402 0.992828 0.976943 0.938906 0.809881 0.575787 0.503531 0.374956 0.184966 0.012840 -0.249369 -0.414906 -0.554856 -0.718030 -0.833671 -0.910510 -0.975948 0.994479 0.978270 0.933461 0.781548 0.582751 0.514161 0.360259 0.201978 -0.002803 -0.214621 -0.406123 -0.545392 -0.688294 -0.816297 -0.909349 -0.974885 
21.950855 8729.679688 46 92 96 0.454282 0.472143 0.679923 0.993966 0.980721 0.925302 0.833809 0.625987 0.481709 0.360462 0.103399 -0.105703 -0.220831 -0.387024 -0.540430 -0.703774 -0.813016 -0.892763 -0.973233 0.991796 0.977399 0.928372 0.805202 0.618221 0.484881 0.371229 0.162173 -0.083904 -0.243849 -0.393354 -0.526863 -0.719078 -0.833000 -0.906255 -0.972901 
20.354803 3280.312012 94 148 92 0.722984 0.657902 0.440122 0.992054 0.978450 0.933466 0.861358 0.616403 0.505302 0.349509 0.138453 -0.043382 -0.251894 -0.418678 -0.591738 -0.707398 -0.842045 -0.932141 -0.984031 0.994144 0.983813 0.925970 0.834722 0.607562 0.513431 0.351160 0.134009 -0.068311 -0.226679 -0.383729 -0.563119 -0.719250 -0.811815 -0.899277 -0.974357 
19.978703 3556.329590 92 92 92 0.440764 0.604150 0.661305 0.992733 0.971342 0.938330 0.843836 0.690449 0.515329 0.356547 0.182685 -0.005741 -0.247942 -0.421862 -0.576644 -0.743906 -0.826027 -0.914224 -0.983988 0.992682 0.973922 0.944187 0.860384 0.692004 0.519574 0.337127 0.153134 -0.015402 -0.253930 -0.418986 -0.604955 -0.734568 -0.838233 -0.921218 -0.977727 
17.655739 3390.700684 92 102 96 0.513349 0.551588 0.752936 0.992106 0.972523 0.925826 0.818047 0.658840 0.539351 0.388671 0.178009 -0.077813 -0.262248 -0.414428 -0.571930 -0.738930 -0.858278 -0.916687 -0.978580 0.992964 0.974220 0.934348 0.822778 0.653547 0.511575 0.350185 0.188403 -0.039721 -0.238705 -0.422404 -0.559657 -0.737314 -0.853493 -0.921028 -0.982927 
18.352417 4019.223633 96 102 102 0.757685 0.592971 0.517012 0.994359 0.974850 0.925306 0.848228 0.680661 0.506564 0.348135 0.143010 -0.060585 -0.213872 -0.454684 -0.593543 -0.724863 -0.848383 -0.934939 -0.973024 0.993256 0.974708 0.914844 0.819700 0.653780 0.528930 0.383699 0.167661 -0.038992 -0.250014 -0.444138 -0.591745 -0.740805 -0.851226 -0.918323 -0.975349 
18.144882 2984.640625 96 88 92 0.513591 0.392130 0.643578 0.993236 0.971602 0.941609 0.834702 0.652377 0.499417 0.338846 0.144459 -0.082754 -0.242941 -0.446815 -0.600037 -0.742075 -0.847596 -0.925533 -0.982095 0.993274 0.973102 0.937122 0.855546 0.661834 0.493309 0.341449 0.132262 -0.075527 -0.210221 -0.443747 -0.595525 -0.731345 -0.835864 -0.933278 -0.972005 
18.747948 3301.279053 90 98 94 0.569101 0.429437 0.498919 0.994219 0.978993 0.927751 0.837804 0.687201 0.506603 0.334458 0.159579 -0.073404 -0.242443 -0.414066 -0.560892 -0.752506 -0.832841 -0.932629 -0.978863 0.994367 0.976696 0.938843 0.828716 0.689134 0.496790 0.321576 0.157167 -0.072213 -0.232610 -0.432822 -0.583733 -0.749190 -0.853163 -0.927611 -0.977134 
14.924498 2220.758789 94 42 92 0.493557 0.397503 0.402323 0.991604 0.975249 0.930014 0.810135 0.644112 0.518841 0.374835 0.133496 -0.080266 -0.273855 -0.444980 -0.597076 -0.765171 -0.845562 -0.919337 -0.980939 0.992288 0.968279 0.924622 0.820750 0.655418 0.515773 0.376881 0.166430 -0.095601 -0.256439 -0.432797 -0.584924 -0.762518 -0.846157 -0.925867 -0.982429 
16.111647 2198.037109 116 90 50 0.450706 0.399961 0.526010 0.992219 0.971432 0.924392 0.828800 0.681697 0.515005 0.305891 0.098917 -0.106515 -0.231500 -0.410584 -0.570648 -0.757281 -0.846826 -0.911981 -0.978111 0.993163 0.976125 0.938740 0.838500 0.668613 0.523322 0.308855 0.126736 -0.085123 -0.221566 -0.429245 -0.568118 -0.725823 -0.838477 -0.915991 -0.973179 
17.095566 2065.967285 104 96 108 0.546684 0.456802 0.685993 0.991978 0.978317 0.927946 0.838407 0.717038 0.490319 0.371279 0.165519 -0.044633 -0.251215 -0.397558 -0.572044 -0.731482 -0.854309 -0.916441 -0.973171 0.990779 0.980763 0.918644 0.845074 0.699149 0.497323 0.337069 0.136934 -0.093322 -0.242593 -0.399383 -0.570325 -0.778023 -0.855367 -0.926816 -0.981289 
16.065784 1736.318848 108 90 100 0.637444 0.436628 0.405391 0.993988 0.977976 0.929729 0.845907 0.670919 0.518600 0.328522 0.145221 -0.111287 -0.260727 -0.371876 -0.581837 -0.681024 -0.842347 -0.930124 -0.972170 0.992931 0.976732 0.925241 0.826707 0.673343 0.524086 0.364888 0.153927 -0.066311 -0.250109 -0.390696 -0.605879 -0.694394 -0.851155 -0.919662 -0.973022 
15.496617 2010.177490 102 76 70 0.450308 0.512555 0.439825 0.986983 0.970058 0.931059 0.853780 0.671470 0.510080 0.343564 0.174859 -0.053375 -0.265314 -0.395668 -0.595943 -0.729461 -0.833101 -0.926522 -0.980113 0.991709 0.971345 0.939129 0.852806 0.668705 0.517770 0.328627 0.156538 -0.088120 -0.234856 -0.367187 -0.569323 -0.693502 -0.849026 -0.925785 -0.978365 
15.698924 2140.916992 150 90 92 0.579858 0.565027 0.615077 0.993633 0.978172 0.917437 0.837441 0.678255 0.521045 0.322643 0.121622 -0.100149 -0.239194 -0.386218 -0.562096 -0.710628 -0.841678 -0.933055 -0.976482 0.993486 0.974576 0.921343 0.842323 0.669845 0.488665 0.325024 0.171862 -0.062358 -0.267109 -0.410930 -0.620718 -0.733469 -0.820093 -0.914663 -0.976637 
15.537828 2307.384033 92 210 88 0.622997 0.433085 0.473413 0.992396 0.977273 0.919775 0.821160 0.657076 0.524298 0.341330 0.138803 -0.136773 -0.244432 -0.437375 -0.588021 -0.732480 -0.861372 -0.927318 -0.982931 0.990553 0.977295 0.921338 0.841561 0.652470 0.535490 0.340713 0.121673 -0.138019 -0.251474 -0.387222 -0.552145 -0.737787 -0.841659 -0.931739 -0.981108 
14.281456 2321.687988 90 208 90 0.534990 0.509635 0.584106 0.991645 0.970936 0.928920 0.826483 0.647173 0.514463 0.350531 0.110299 -0.119299 -0.249136 -0.422342 -0.570773 -0.754308 -0.850426 -0.912386 -0.974744 0.992854 0.973920 0.923326 0.790273 0.663603 0.525603 0.338996 0.109465 -0.098581 -0.235001 -0.443611 -0.589244 -0.756041 -0.862231 -0.928209 -0.975760 
14.635352 1579.238281 88 90 70 0.538360 0.327730 0.521046 0.994161 0.974259 0.925965 0.837602 0.648143 0.541147 0.355153 0.110762 -0.076874 -0.229563 -0.393899 -0.567611 -0.739651 -0.827875 -0.914560 -0.975208 0.992619 0.969153 0.937602 0.844350 0.618097 0.527307 0.359922 0.124738 -0.097448 -0.255470 -0.389538 -0.567732 -0.713754 -0.835925 -0.911891 -0.975367 
13.179529 2655.462402 148 76 108 0.624501 0.423331 0.448884 0.989863 0.968867 0.927820 0.811758 0.645780 0.463934 0.309692 0.083856 -0.152590 -0.291146 -0.433444 -0.536044 -0.703111 -0.843657 -0.918328 -0.978258 0.992213 0.970045 0.930280 0.839317 0.649316 0.517756 0.308674 0.135049 -0.087009 -0.253510 -0.423839 -0.596383 -0.730049 -0.831407 -0.921109 -0.976968 
14.867364 3381.703613 134 76 148 0.343312 0.316824 0.570967 0.989241 0.973377 0.926257 0.801193 0.646258 0.495028 0.332194 0.070885 -0.156124 -0.268877 -0.408062 -0.520309 -0.709757 -0.821721 -0.922391 -0.974568 0.986069 0.966396 0.917577 0.763601 0.592627 0.446500 0.258916 -0.020291 -0.174378 -0.290212 -0.404774 -0.484894 -0.663475 -0.838879 -0.916273 -0.969590 
15.613052 1795.261841 44 46 206 0.635848 0.439700 0.477308 0.993885 0.977572 0.925987 0.802087 0.641212 0.545954 0.344081 0.110661 -0.099711 -0.218881 -0.363702 -0.550022 -0.689033 -0.838780 -0.887973 -0.976712 0.991912 0.976989 0.931310 0.814325 0.667987 0.543293 0.358858 0.162935 -0.110294 -0.235373 -0.389830 -0.574745 -0.722357 -0.829087 -0.910494 -0.976471 
13.950378 2106.630615 90 116 100 0.522327 0.606287 0.517229 0.993285 0.971915 0.930924 0.842827 0.633344 0.521641 0.309497 0.068526 -0.111743 -0.248476 -0.394463 -0.536521 -0.705126 -0.848323 -0.940941 -0.977566 0.992791 0.967130 0.926380 0.812872 0.639507 0.562831 0.317086 0.104247 -0.108591 -0.233836 -0.383049 -0.548911 -0.718688 -0.834993 -0.906154 -0.981802 
14.045189 2556.461426 100 88 110 0.554775 0.530132 0.611790 0.992152 0.968956 0.925715 0.785515 0.629930 0.515794 0.316605 0.121413 -0.157306 -0.264705 -0.382315 -0.458152 -0.687009 -0.823144 -0.920498 -0.969930 0.993223 0.972203 0.924934 0.824386 0.633122 0.515175 0.286799 0.095232 -0.112830 -0.269919 -0.385264 -0.478075 -0.712962 -0.831682 -0.928374 -0.973108 
14.327060 4356.378906 110 114 90 0.698785 0.357743 0.385170 0.989047 0.962079 0.918644 0.775810 0.594277 0.546221 0.313215 0.054637 -0.146901 -0.273437 -0.370917 -0.430661 -0.640077 -0.813047 -0.900287 -0.955315 0.989754 0.961955 0.925425 0.779378 0.603962 0.546537 0.327913 0.079464 -0.145055 -0.278768 -0.381093 -0.449141 -0.657013 -0.800560 -0.894811 -0.968388 
13.981839 6250.967773 48 132 72 0.412189 0.501932 0.502349 0.984743 0.954730 0.889923 0.721521 0.623511 0.475664 0.328068 -0.040302 -0.186330 -0.253827 -0.363816 -0.434833 -0.696932 -0.828694 -0.930109 -0.969473 0.986604 0.957815 0.905602 0.721244 0.604670 0.527480 0.314270 0.022078 -0.194375 -0.258220 -0.362154 -0.428588 -0.651678 -0.830652 -0.926610 -0.963513 
13.866844 6007.781250 70 62 74 0.564581 0.492136 0.456688 0.985188 0.961376 0.912721 0.710996 0.639538 0.535922 0.309197 0.008194 -0.094423 -0.250595 -0.346873 -0.477494 -0.634984 -0.860479 -0.912784 -0.978389 0.987630 0.961235 0.899510 0.722380 0.643699 0.507777 0.328922 0.043114 -0.150058 -0.236281 -0.341284 -0.463986 -0.644830 -0.834707 -0.916576 -0.975289 
18.493292 11968.482422 120 92 92 0.462883 0.626396 0.473764 0.987913 0.960131 0.908042 0.692787 0.588092 0.555933 0.420233 0.048999 -0.033236 -0.214967 -0.315752 -0.418511 -0.621327 -0.848198 -0.904978 -0.968327 0.987904 0.959601 0.909935 0.712478 0.602644 0.561449 0.409906 0.022776 -0.052777 -0.238600 -0.320000 -0.443743 -0.639542 -0.863374 -0.908119 -0.972516 
18.058596 7768.510742 90 148 114 0.335358 0.499187 0.443346 0.992082 0.964372 0.913127 0.738101 0.599530 0.566246 0.321485 0.027033 -0.101504 -0.198291 -0.289344 -0.425118 -0.669799 -0.819249 -0.907952 -0.974617 0.987242 0.962819 0.907230 0.735529 0.585831 0.560085 0.349319 0.048491 -0.077231 -0.197888 -0.329230 -0.424274 -0.652203 -0.833889 -0.901591 -0.973564 
18.142567 4903.480469 112 98 62 0.527343 0.490261 0.654110 0.992374 0.970334 0.917399 0.821130 0.630033 0.585481 0.265875 0.024866 -0.119180 -0.201028 -0.293269 -0.454888 -0.638237 -0.830968 -0.924756 -0.964176 0.992395 0.964378 0.920428 0.768875 0.608302 0.570350 0.316761 0.016740 -0.104360 -0.199599 -0.270491 -0.414066 -0.640544 -0.821590 -0.914513 -0.966677 
13.869604 2112.697754 60 88 88 0.525238 0.561900 0.331740 0.988134 0.971656 0.937115 0.782927 0.625326 0.567735 0.337833 0.088996 -0.113006 -0.207584 -0.399336 -0.519102 -0.717619 -0.847410 -0.918312 -0.967220 0.992487 0.973497 0.904648 0.756558 0.630197 0.549701 0.272163 0.057017 -0.118023 -0.177245 -0.342389 -0.495683 -0.717489 -0.849156 -0.918511 -0.969959 
11.873826 1348.868164 88 90 80 0.383772 0.566136 0.463986 0.991044 0.966856 0.927257 0.832892 0.650047 0.518538 0.321692 0.131438 -0.099162 -0.267628 -0.425950 -0.611272 -0.739043 -0.849115 -0.921245 -0.963716 0.990422 0.967542 0.928957 0.815977 0.625296 0.554974 0.319291 0.114909 -0.085725 -0.259281 -0.439113 -0.574802 -0.732349 -0.861535 -0.924861 -0.960898 
14.136105 1116.459473 82 44 48 0.420461 0.504159 0.482830 0.992108 0.980745 0.935484 0.847304 0.633881 0.528949 0.304079 0.127150 -0.110883 -0.245361 -0.428029 -0.629718 -0.746139 -0.825684 -0.928691 -0.981428 0.991489 0.979129 0.924237 0.850804 0.653124 0.539519 0.310410 0.123275 -0.093911 -0.252072 -0.415479 -0.640745 -0.757494 -0.843478 -0.920476 -0.979681 
14.615200 995.328979 62 92 56 0.530825 0.654606 0.533099 0.991619 0.980833 0.924230 0.831658 0.693707 0.571503 0.314266 0.114815 -0.113907 -0.263459 -0.388122 -0.590638 -0.702330 -0.840794 -0.920075 -0.979617 0.992599 0.982037 0.938410 0.848951 0.661664 0.541534 0.314805 0.110470 -0.076517 -0.252751 -0.438263 -0.618497 -0.701536 -0.830889 -0.920608 -0.983816 
14.438363 1773.304199 56 80 20 0.428376 0.613308 0.371022 0.992814 0.972035 0.934315 0.835882 0.692997 0.535058 0.330202 0.125588 -0.093971 -0.250262 -0.447082 -0.588185 -0.723195 -0.843794 -0.936462 -0.970294 0.993638 0.974908 0.932922 0.828173 0.700065 0.546190 0.326146 0.133600 -0.122487 -0.254470 -0.392198 -0.586418 -0.729062 -0.847831 -0.922380 -0.981651 
36.780804 389069.281250 86 230 38 0.541111 0.789105 0.873776 0.985987 0.978765 0.928752 0.787555 0.640552 0.601013 0.317163 0.165446 -0.070552 -0.376369 -0.468106 -0.598799 -0.707012 -0.831614 -0.927439 -0.939737 0.975406 0.940312 0.882400 0.723052 0.637591 0.558587 0.302332 0.152644 -0.108401 -0.387953 -0.484641 -0.591919 -0.709578 -0.840064 -0.932701 -0.944677 
56.941952 10108720.000000 44 54 52 0.466366 0.955943 0.974470 0.983889 0.971281 0.961887 0.832754 0.617028 0.560943 0.215215 0.142473 0.022502 -0.293963 -0.390261 -0.501497 -0.690106 -0.746438 -0.798048 -0.899097 0.986198 0.974702 0.961347 0.863585 0.645584 0.590446 0.215007 0.153722 0.009564 -0.300598 -0.381796 -0.479209 -0.694441 -0.759080 -0.824338 -0.921686 
58.296089 21177840.000000 52 52 56 0.974273 0.986289 0.734261 0.988655 0.974071 0.957956 0.760838 0.586800 0.525230 0.206723 0.103921 -0.068989 -0.304025 -0.391844 -0.535704 -0.631827 -0.736883 -0.760649 -0.899138 0.986198 0.971488 0.959876 0.794395 0.588834 0.525094 0.210569 0.119152 -0.014741 -0.310535 -0.380171 -0.495848 -0.656814 -0.737631 -0.770312 -0.894832 
42.364120 169480.171875 54 52 52 0.796780 0.634224 0.609039 0.990320 0.976725 0.949609 0.840640 0.589919 0.528311 0.253851 0.108569 -0.036940 -0.303787 -0.387168 -0.558638 -0.675852 -0.754414 -0.844235 -0.950126 0.991220 0.979046 0.954729 0.767039 0.584297 0.533099 0.203379 0.103666 -0.134205 -0.296861 -0.422893 -0.567663 -0.627802 -0.726885 -0.770356 -0.943502 
33.772453 83117.953125 62 104 52 0.544484 0.624217 0.524364 0.990930 0.968702 0.941368 0.838364 0.631847 0.520500 0.233813 0.119295 -0.002594 -0.243192 -0.382148 -0.517649 -0.657839 -0.730933 -0.814370 -0.956016 0.990412 0.971480 0.953046 0.847679 0.611022 0.512242 0.268001 0.116683 -0.000051 -0.267307 -0.374000 -0.511748 -0.674679 -0.743869 -0.826779 -0.951839 
31.460724 974973.375000 106 88 104 0.624691 0.563088 0.447815 0.987734 0.962926 0.916744 0.632351 0.538238 0.306334 0.143858 -0.008907 -0.196554 -0.325247 -0.473230 -0.627663 -0.748768 -0.846059 -0.913165 -0.973303 0.992517 0.972804 0.940765 0.821884 0.599907 0.503490 0.220082 0.109483 -0.077829 -0.266045 -0.409702 -0.534051 -0.663217 -0.748470 -0.865493 -0.969907 
51.207623 30686470.000000 104 104 92 0.386108 0.523662 0.566387 0.979898 0.930177 0.713800 0.458696 0.304737 0.104238 -0.055781 -0.223176 -0.299583 -0.392390 -0.552788 -0.699726 -0.798070 -0.871399 -0.928554 -0.980202 0.976690 0.958857 0.846155 0.555778 0.409826 0.215259 0.047505 -0.152028 -0.278623 -0.352780 -0.514675 -0.659688 -0.779834 -0.850278 -0.927868 -0.969898 
57.540985 75422952.000000 90 112 74 0.381640 0.455434 0.507668 0.965557 0.886488 0.631944 0.448456 0.314296 0.094175 -0.027138 -0.204098 -0.332594 -0.432404 -0.566173 -0.670866 -0.778357 -0.872811 -0.924089 -0.976670 0.981365 0.901994 0.660383 0.448026 0.307681 0.060454 -0.068496 -0.232299 -0.322505 -0.427963 -0.571240 -0.691497 -0.789266 -0.885130 -0.916835 -0.986911 
55.135689 66615044.000000 128 148 48 0.492259 0.504715 0.374785 0.946405 0.903716 0.713612 0.519871 0.386150 0.170325 0.062327 -0.016467 -0.292397 -0.378890 -0.521455 -0.652345 -0.774896 -0.859694 -0.924363 -0.970777 0.958664 0.888078 0.645823 0.484489 0.339886 0.114679 0.026928 -0.116665 -0.317810 -0.383156 -0.553133 -0.650699 -0.772143 -0.861932 -0.936903 -0.971485 
45.657631 13502860.000000 72 54 40 0.407132 0.342510 0.571103 0.959869 0.907965 0.811213 0.616927 0.461426 0.314520 0.175336 0.036375 -0.163325 -0.336999 -0.454306 -0.598885 -0.762236 -0.834021 -0.911393 -0.982833 0.948701 0.908160 0.792852 0.578425 0.415114 0.266247 0.099491 0.009548 -0.218829 -0.382076 -0.493154 -0.650638 -0.757989 -0.858072 -0.918005 -0.983900 
57.675354 40715232.000000 50 40 40 0.369597 0.854632 0.984178 0.982047 0.963802 0.917366 0.889509 0.725442 0.482069 0.357319 0.195384 -0.001706 -0.238670 -0.347522 -0.537449 -0.762109 -0.845360 -0.891961 -0.964925 0.985886 0.964900 0.907279 0.833827 0.551701 0.433184 0.271017 0.137793 -0.101896 -0.285002 -0.416420 -0.540545 -0.770724 -0.836985 -0.901577 -0.962707 
63.725582 86605384.000000 40 40 40 0.984568 0.986297 0.953497 0.978390 0.956379 0.904664 0.882092 0.679606 0.590961 0.378301 0.191386 0.134016 -0.208953 -0.359904 -0.494885 -0.670491 -0.807598 -0.882996 -0.957839 0.979759 0.960144 0.914570 0.886738 0.716400 0.577711 0.385155 0.172580 0.063555 -0.247362 -0.369420 -0.516080 -0.694814 -0.843530 -0.890345 -0.956497 
63.870525 68912800.000000 40 42 42 0.964538 0.952512 0.939991 0.975731 0.949579 0.902316 0.870396 0.687984 0.602631 0.402166 0.230057 0.151319 -0.073046 -0.284386 -0.442376 -0.657688 -0.811952 -0.911979 -0.962215 0.975988 0.950976 0.902367 0.875726 0.681014 0.597263 0.377358 0.204935 0.109168 -0.146535 -0.302522 -0.460742 -0.646482 -0.803016 -0.899657 -0.970712 
63.010201 68883480.000000 42 42 40 0.939233 0.929926 0.923723 0.976097 0.951800 0.910438 0.862946 0.658746 0.595575 0.398979 0.228269 0.103254 -0.067695 -0.361849 -0.441422 -0.594230 -0.802751 -0.916796 -0.960452 0.976004 0.950676 0.905102 0.861062 0.720975 0.612362 0.355007 0.219767 0.128593 -0.035395 -0.302254 -0.459189 -0.629883 -0.801623 -0.903876 -0.952520 
63.127056 52426036.000000 42 40 40 0.913557 0.981970 0.954345 0.975212 0.949802 0.904608 0.872695 0.693526 0.616054 0.436271 0.235410 0.065753 -0.028882 -0.312784 -0.432467 -0.578269 -0.804896 -0.921165 -0.976768 0.974941 0.950076 0.906172 0.867478 0.666526 0.601986 0.409576 0.190647 0.082794 -0.082885 -0.311644 -0.424706 -0.582054 -0.795316 -0.906892 -0.966560 
62.982140 16956596.000000 40 40 42 0.969719 0.978125 0.875525 0.978506 0.961135 0.910621 0.891827 0.778967 0.615859 0.509976 0.195930 0.114344 -0.125488 -0.332104 -0.426856 -0.589191 -0.808281 -0.911989 -0.969200 0.977258 0.955722 0.905351 0.884519 0.728357 0.622293 0.462634 0.190142 0.090468 -0.077925 -0.318152 -0.417857 -0.555208 -0.793306 -0.918307 -0.972237 
52.565479 1153618.750000 42 48 40 0.912049 0.487427 0.880746 0.981238 0.951334 0.903858 0.839227 0.703184 0.636560 0.382707 0.185405 0.005236 -0.225733 -0.346859 -0.471981 -0.659542 -0.813489 -0.915290 -0.974131 0.979604 0.962066 0.915465 0.894558 0.782542 0.599822 0.442332 0.220203 0.087258 -0.170459 -0.334641 -0.470733 -0.666734 -0.805561 -0.908817 -0.976554 
41.401066 521884.000000 40 40 40 0.892121 0.523651 0.356123 0.986440 0.938329 0.893947 0.846704 0.707066 0.617770 0.401517 0.183912 0.054899 -0.168613 -0.303058 -0.401271 -0.600550 -0.781439 -0.901667 -0.969260 0.983473 0.952579 0.901758 0.860910 0.712204 0.631362 0.373486 0.176369 0.024780 -0.210972 -0.329274 -0.441228 -0.634339 -0.806506 -0.905176 -0.973857 
36.855015 307843.250000 40 42 40 0.383221 0.771715 0.628016 0.984306 0.951120 0.890730 0.817790 0.668852 0.593857 0.418129 0.191936 0.075860 -0.188401 -0.319899 -0.431807 -0.609765 -0.733506 -0.907964 -0.951165 0.983843 0.948005 0.898578 0.836924 0.700046 0.606752 0.386097 0.204403 0.059084 -0.181075 -0.310473 -0.393981 -0.614917 -0.767037 -0.904704 -0.962449 
34.034733 476483.500000 216 42 30 0.519034 0.570727 0.347035 0.976681 0.944703 0.895132 0.794184 0.662560 0.578488 0.340041 0.171931 -0.029049 -0.247248 -0.420525 -0.522688 -0.740906 -0.822346 -0.910633 -0.971157 0.982141 0.953798 0.893296 0.800587 0.662957 0.598857 0.458978 0.167582 0.080222 -0.163765 -0.334489 -0.440628 -0.599692 -0.751134 -0.895441 -0.963215 
54.953804 7028430.000000 28 82 48 0.423668 0.518428 0.985226 0.978182 0.964994 0.932108 0.904290 0.800722 0.602853 0.367096 -0.057061 -0.162116 -0.234369 -0.309097 -0.494905 -0.741547 -0.793572 -0.880245 -0.978194 0.980014 0.946830 0.900464 0.762827 0.629761 0.518253 0.306924 0.023368 -0.158557 -0.360203 -0.456136 -0.605989 -0.778610 -0.824818 -0.929139 -0.980501 
62.757076 8860665.000000 48 48 50 0.943036 0.945236 0.990074 0.975100 0.966174 0.936864 0.898917 0.839170 0.665192 0.357238 -0.044268 -0.136957 -0.234614 -0.308060 -0.402164 -0.598328 -0.774661 -0.820248 -0.942115 0.976287 0.965468 0.940528 0.903918 0.841542 0.655436 0.319802 -0.034393 -0.137914 -0.226526 -0.289640 -0.429883 -0.686976 -0.778998 -0.820154 -0.953195 
62.923641 6478137.000000 50 52 54 0.989508 0.947083 0.964407 0.976634 0.969486 0.938568 0.892680 0.860972 0.703821 0.347137 -0.095603 -0.209824 -0.266151 -0.358328 -0.444405 -0.578409 -0.724317 -0.807665 -0.938043 0.975536 0.967558 0.937105 0.895037 0.850079 0.694147 0.351216 -0.050505 -0.168699 -0.278055 -0.339618 -0.440636 -0.579888 -0.784876 -0.827857 -0.928225 
61.363888 3700523.500000 54 54 56 0.944456 0.942269 0.883724 0.982591 0.973690 0.949801 0.898369 0.837525 0.711609 0.404762 -0.102982 -0.200822 -0.274201 -0.374946 -0.479826 -0.571040 -0.738157 -0.790052 -0.944013 0.978712 0.970939 0.942628 0.896569 0.857680 0.711652 0.338823 -0.102077 -0.196559 -0.278816 -0.384572 -0.466752 -0.588987 -0.721035 -0.790253 -0.945171 
55.686546 2368794.250000 56 60 62 0.938730 0.845781 0.891631 0.987916 0.978665 0.954168 0.860927 0.778856 0.675510 0.379039 -0.094897 -0.172510 -0.307701 -0.411151 -0.567007 -0.707167 -0.772079 -0.864607 -0.919096 0.985893 0.976162 0.956185 0.876880 0.814216 0.709389 0.411584 -0.076272 -0.168259 -0.279959 -0.400088 -0.470678 -0.620543 -0.738356 -0.801081 -0.928000 
54.030552 2625975.750000 64 66 70 0.875806 0.852741 0.892708 0.989827 0.981081 0.959069 0.864958 0.677410 0.578360 0.351321 -0.005269 -0.138414 -0.242391 -0.387928 -0.564186 -0.672098 -0.739434 -0.843784 -0.909812 0.988737 0.980449 0.960534 0.874384 0.719755 0.651299 0.366268 -0.083286 -0.159298 -0.327998 -0.455110 -0.609158 -0.693539 -0.773825 -0.860713 -0.918129 
50.905872 1133645.875000 70 76 78 0.946640 0.909956 0.846472 0.991133 0.982595 0.933732 0.872662 0.785900 0.442979 0.290692 0.129604 -0.053703 -0.167489 -0.339856 -0.457005 -0.657376 -0.724496 -0.805816 -0.933904 0.989837 0.982034 0.948553 0.864980 0.715072 0.459680 0.330717 0.033389 -0.073794 -0.197898 -0.318028 -0.456468 -0.665761 -0.722215 -0.828634 -0.919659 
46.056549 474328.718750 80 82 84 0.911068 0.742270 0.854359 0.994135 0.979725 0.929949 0.879173 0.775900 0.554569 0.248504 0.116793 -0.062324 -0.183272 -0.294537 -0.459417 -0.683042 -0.729593 -0.805327 -0.942258 0.992837 0.980162 0.933636 0.876979 0.779306 0.546422 0.274251 0.128876 -0.035356 -0.176456 -0.349830 -0.508420 -0.670906 -0.727790 -0.788392 -0.923557 
46.138115 839800.562500 84 86 90 0.838287 0.818476 0.344357 0.992817 0.981295 0.952187 0.847895 0.742722 0.281497 0.218585 0.106331 -0.066997 -0.225631 -0.310223 -0.416929 -0.676963 -0.719221 -0.859856 -0.966051 0.993246 0.980039 0.945799 0.863375 0.782663 0.503449 0.216362 0.128414 -0.090257 -0.188767 -0.322940 -0.432508 -0.685648 -0.731241 -0.842891 -0.961043 
51.115498 2998061.250000 86 88 88 0.443977 0.914186 0.949200 0.990407 0.985656 0.960542 0.853079 0.387659 0.305923 0.225027 0.159228 -0.036619 -0.229491 -0.348411 -0.408705 -0.653695 -0.736419 -0.837493 -0.963379 0.989383 0.984507 0.946578 0.840496 0.598240 0.272568 0.234861 0.106013 -0.031284 -0.245462 -0.326172 -0.433706 -0.687271 -0.729038 -0.881910 -0.968598 
57.514423 10792765.000000 88 86 84 0.948341 0.943092 0.871103 0.986480 0.977302 0.965480 0.824519 0.559720 0.391115 0.270899 0.202490 0.017361 -0.246253 -0.312783 -0.493406 -0.675383 -0.729976 -0.805232 -0.949741 0.988910 0.982971 0.961172 0.844665 0.400651 0.315404 0.248226 0.176833 -0.011594 -0.246487 -0.324196 -0.407258 -0.656069 -0.727677 -0.839846 -0.965886 
60.275780 26264444.000000 84 86 88 0.864409 0.726406 0.832194 0.978141 0.965349 0.946569 0.785715 0.657379 0.599521 0.267437 0.130010 -0.031687 -0.243275 -0.299202 -0.467232 -0.672327 -0.744857 -0.769939 -0.869681 0.979501 0.973213 0.956763 0.786723 0.626966 0.500222 0.278912 0.133208 -0.023498 -0.229357 -0.333940 -0.452955 -0.657742 -0.730654 -0.765170 -0.934427 
60.605125 33342008.000000 90 90 92 0.872070 0.860313 0.905194 0.974325 0.953570 0.932243 0.823147 0.711996 0.577024 0.248336 0.203120 -0.010567 -0.177086 -0.262140 -0.461555 -0.654249 -0.741348 -0.821330 -0.839297 0.974553 0.959112 0.942664 0.802807 0.676161 0.610184 0.257145 0.200494 -0.049052 -0.214254 -0.293543 -0.416502 -0.701680 -0.763440 -0.804505 -0.848346 
59.002617 14055900.000000 92 94 96 0.882704 0.756322 0.621015 0.972724 0.944344 0.926376 0.854039 0.790330 0.569052 0.256132 0.208058 0.053402 -0.111410 -0.194693 -0.521614 -0.635425 -0.670912 -0.785735 -0.897089 0.973634 0.946696 0.925447 0.840985 0.756399 0.563650 0.235537 0.190415 0.033183 -0.155385 -0.233702 -0.487928 -0.643420 -0.707628 -0.807726 -0.852833 
58.916145 7647824.000000 96 98 98 0.688836 0.927799 0.927784 0.974629 0.945559 0.923720 0.861756 0.816660 0.638745 0.332566 0.271975 0.067312 -0.036789 -0.195590 -0.577400 -0.645773 -0.710988 -0.781526 -0.929964 0.976046 0.947541 0.927074 0.870227 0.814769 0.685646 0.312080 0.241204 0.039654 -0.074832 -0.198728 -0.565388 -0.637357 -0.683486 -0.799976 -0.932373 
58.486252 8073634.500000 98 98 98 0.959202 0.886448 0.839295 0.968943 0.945627 0.919181 0.860962 0.801461 0.569444 0.380503 0.310339 0.097352 -0.067647 -0.218544 -0.550050 -0.636508 -0.685989 -0.797696 -0.941382 0.970994 0.943456 0.918817 0.852474 0.808598 0.578757 0.351465 0.265756 0.046251 -0.068675 -0.216329 -0.549914 -0.643741 -0.721476 -0.810950 -0.943527 
58.453506 5346850.500000 98 96 96 0.822712 0.849154 0.956307 0.971942 0.944707 0.921328 0.864106 0.804991 0.597277 0.428943 0.357280 0.086490 -0.020940 -0.159235 -0.565706 -0.629589 -0.684054 -0.768582 -0.952627 0.969229 0.946823 0.919881 0.873087 0.800032 0.591866 0.400993 0.330975 0.107975 -0.037777 -0.216970 -0.560527 -0.628214 -0.678748 -0.750679 -0.952599 
58.292656 5279069.000000 96 96 96 0.973018 0.910063 0.691784 0.972674 0.943116 0.921027 0.858935 0.808865 0.647573 0.481213 0.325530 0.050316 -0.065169 -0.243766 -0.540910 -0.614141 -0.683018 -0.858772 -0.968017 0.972684 0.944322 0.920041 0.856115 0.802194 0.633224 0.473205 0.356520 0.048269 -0.024246 -0.207737 -0.568507 -0.620767 -0.678169 -0.821081 -0.965097 
57.996132 5730212.000000 96 96 96 0.747104 0.945441 0.961502 0.975935 0.948015 0.918623 0.848783 0.783629 0.668247 0.571072 0.354896 0.043225 -0.061568 -0.223639 -0.520407 -0.675261 -0.755527 -0.790830 -0.960334 0.973733 0.945136 0.921469 0.857306 0.801727 0.676273 0.519787 0.340206 0.038059 -0.093086 -0.267041 -0.544770 -0.612547 -0.713428 -0.836225 -0.969022 
57.159927 2238053.250000 96 96 96 0.948527 0.941565 0.767823 0.976294 0.950392 0.930890 0.839088 0.776591 0.656355 0.599222 0.468573 0.090477 -0.064746 -0.137840 -0.503903 -0.720846 -0.750541 -0.802729 -0.957839 0.975330 0.951333 0.926063 0.845203 0.784090 0.669509 0.609890 0.423031 0.108855 -0.033572 -0.189753 -0.505996 -0.714285 -0.755730 -0.802538 -0.958750 
56.387199 2235102.000000 96 96 96 0.582247 0.825640 0.709874 0.975288 0.957966 0.931209 0.850113 0.732998 0.656329 0.618452 0.469379 0.154161 -0.076511 -0.157382 -0.498825 -0.716531 -0.746396 -0.810411 -0.965525 0.974046 0.954000 0.929523 0.829368 0.756006 0.651271 0.607255 0.485833 0.074386 -0.080160 -0.164985 -0.542218 -0.723174 -0.751680 -0.833417 -0.970117 
57.043884 1969552.250000 96 96 96 0.740262 0.943395 0.949721 0.975329 0.962609 0.936334 0.840464 0.741153 0.670138 0.629134 0.479521 0.062916 -0.104392 -0.161749 -0.517827 -0.724102 -0.752802 -0.819362 -0.964927 0.974974 0.960014 0.930444 0.848457 0.738197 0.666681 0.630939 0.475045 0.113240 -0.100385 -0.159679 -0.539261 -0.712544 -0.738870 -0.814157 -0.963989 
57.857368 1347478.625000 96 94 94 0.939647 0.894699 0.877952 0.976657 0.965801 0.946675 0.858492 0.719865 0.666573 0.587093 0.506222 0.107858 -0.148855 -0.184987 -0.426297 -0.720836 -0.751035 -0.854732 -0.969015 0.976250 0.965293 0.940514 0.850391 0.723033 0.661722 0.596808 0.488459 0.133923 -0.136884 -0.180684 -0.444867 -0.716743 -0.748638 -0.841949 -0.969636 
56.618515 1158528.375000 94 94 92 0.910831 0.881902 0.889212 0.981187 0.970459 0.947163 0.848685 0.697827 0.649129 0.596242 0.506674 0.135474 -0.164876 -0.210396 -0.415247 -0.704720 -0.739508 -0.873761 -0.971679 0.978584 0.966721 0.948913 0.845772 0.704324 0.658120 0.582965 0.523229 0.144560 -0.166062 -0.200022 -0.445578 -0.710360 -0.745507 -0.856326 -0.969518 
56.769020 1445507.375000 90 88 86 0.664318 0.749426 0.860571 0.982198 0.975504 0.950822 0.810265 0.677789 0.656179 0.554444 0.498250 0.093536 -0.188791 -0.226606 -0.502723 -0.594131 -0.677363 -0.869362 -0.968562 0.982167 0.974670 0.946709 0.835894 0.691581 0.667678 0.570786 0.519819 0.157152 -0.187586 -0.220697 -0.466424 -0.669856 -0.725782 -0.858622 -0.971165 
53.843674 382594.343750 84 84 84 0.927148 0.713863 0.694562 0.989017 0.978555 0.954920 0.780492 0.672342 0.637490 0.554765 0.430477 0.024686 -0.111417 -0.196207 -0.487213 -0.565856 -0.704555 -0.891888 -0.967740 0.984569 0.976694 0.958243 0.788260 0.668930 0.644249 0.543249 0.453655 0.026391 -0.151159 -0.216324 -0.481265 -0.570508 -0.639396 -0.872347 -0.966927 
44.328861 61224.996094 84 78 78 0.661470 0.813321 0.765369 0.992021 0.983087 0.946254 0.847748 0.738649 0.656125 0.577426 0.517491 0.113707 -0.145302 -0.256056 -0.481572 -0.664790 -0.797280 -0.902976 -0.968781 0.994730 0.985425 0.944418 0.830921 0.707978 0.617176 0.570266 0.459320 0.088432 -0.105926 -0.250158 -0.465114 -0.644806 -0.782989 -0.892671 -0.969228 
39.645798 200273.109375 76 78 60 0.799474 0.461304 0.674673 0.989088 0.972557 0.916862 0.800609 0.648828 0.582903 0.459018 0.299711 0.141092 -0.050825 -0.179703 -0.467312 -0.655149 -0.819634 -0.923366 -0.981417 0.990876 0.979333 0.938793 0.832588 0.721143 0.642990 0.569838 0.483156 0.149788 -0.145524 -0.277723 -0.495123 -0.674273 -0.814067 -0.910180 -0.970088 
52.467350 1142257.875000 58 58 148 0.291298 0.743297 0.553688 0.981092 0.972292 0.939916 0.829499 0.666453 0.619657 0.407677 0.286217 0.157215 -0.103341 -0.219252 -0.342854 -0.589897 -0.628289 -0.830092 -0.963126 0.979750 0.974244 0.945372 0.830509 0.658487 0.608785 0.484529 0.309619 0.201883 -0.052552 -0.136141 -0.359185 -0.601156 -0.740552 -0.907536 -0.978639 
46.545467 98225.148438 60 66 52 0.740546 0.455196 0.539835 0.983079 0.964834 0.935214 0.790325 0.659165 0.631981 0.377228 0.257787 0.100856 -0.173987 -0.217756 -0.534745 -0.609450 -0.665787 -0.877679 -0.956770 0.979960 0.968659 0.942380 0.808832 0.664066 0.630168 0.379542 0.277489 0.145305 -0.135535 -0.202916 -0.342637 -0.597790 -0.618717 -0.849391 -0.957940 
31.849026 37506.808594 78 72 116 0.458093 0.547219 0.405228 0.981207 0.963958 0.927462 0.781648 0.665942 0.606434 0.474128 0.299925 0.153030 -0.161190 -0.284511 -0.501822 -0.655775 -0.781370 -0.922735 -0.968851 0.977895 0.965926 0.925600 0.794060 0.655096 0.610184 0.415462 0.256566 0.097134 -0.176814 -0.259278 -0.543584 -0.625785 -0.720725 -0.885639 -0.956785 
28.763832 21267.095703 42 38 42 0.373463 0.296378 0.712211 0.970777 0.955946 0.916688 0.728439 0.670810 0.626351 0.541062 0.310062 0.085720 -0.201786 -0.355880 -0.528357 -0.689872 -0.817815 -0.910153 -0.972047 0.983905 0.959317 0.921546 0.735774 0.684463 0.624042 0.517727 0.317001 0.145070 -0.173748 -0.337058 -0.495474 -0.684082 -0.796621 -0.919374 -0.973541 
24.352076 11173.142578 62 110 96 0.566127 0.427324 0.694754 0.992230 0.970051 0.895432 0.782271 0.683259 0.623293 0.546346 0.293285 -0.034007 -0.186063 -0.364683 -0.581093 -0.688529 -0.844394 -0.927391 -0.976872 0.987603 0.966514 0.908941 0.750268 0.670632 0.619468 0.547977 0.313307 -0.018388 -0.178664 -0.344320 -0.567345 -0.685436 -0.831187 -0.918444 -0.971364 
23.876352 9671.907227 96 80 150 0.729140 0.477981 0.505264 0.990258 0.972011 0.891454 0.745652 0.701717 0.631011 0.496937 0.283045 0.020575 -0.171263 -0.358283 -0.573647 -0.682518 -0.843703 -0.915006 -0.977639 0.993058 0.969282 0.882881 0.749281 0.698621 0.619819 0.550707 0.278691 0.026567 -0.171492 -0.354254 -0.557743 -0.690249 -0.840466 -0.920722 -0.972185 
21.954758 7109.416016 84 86 94 0.467500 0.594566 0.640062 0.994079 0.968697 0.919219 0.798489 0.686018 0.636656 0.433475 0.211529 -0.018899 -0.197512 -0.383190 -0.578065 -0.703998 -0.855232 -0.923412 -0.976256 0.991750 0.968967 0.919881 0.765595 0.704875 0.635495 0.451376 0.248740 -0.005914 -0.185456 -0.377966 -0.579934 -0.689516 -0.843440 -0.919310 -0.984025 
22.116831 6578.182129 94 116 96 0.654296 0.475541 0.430867 0.990757 0.972617 0.938314 0.820137 0.685542 0.586293 0.415914 0.194048 -0.057133 -0.183984 -0.449325 -0.543895 -0.699317 -0.834083 -0.925488 -0.979262 0.992916 0.971732 0.921682 0.803894 0.675311 0.612256 0.473961 0.193436 -0.079706 -0.189294 -0.411869 -0.564797 -0.730096 -0.850273 -0.925542 -0.975320 
22.427742 6675.079590 90 34 58 0.362120 0.434999 0.637476 0.984128 0.975963 0.933598 0.791974 0.675402 0.574242 0.371330 0.170908 -0.070855 -0.228113 -0.425271 -0.567084 -0.712168 -0.850600 -0.930595 -0.970736 0.985966 0.969617 0.941533 0.796250 0.683952 0.595145 0.407672 0.183205 -0.045037 -0.212350 -0.452086 -0.557975 -0.705108 -0.823872 -0.922772 -0.977968 
51.871647 338609.468750 84 70 70 0.441183 0.801852 0.913958 0.984890 0.974930 0.945102 0.902910 0.889689 0.793101 0.314713 0.123407 -0.129358 -0.218410 -0.292256 -0.447913 -0.540138 -0.742554 -0.901630 -0.973967 0.986036 0.974895 0.940231 0.905900 0.869414 0.647374 0.423716 0.210273 -0.050646 -0.206943 -0.279612 -0.482655 -0.654532 -0.821947 -0.911750 -0.975736 
57.492653 2199779.750000 70 68 66 0.922937 0.945939 0.917344 0.985016 0.976137 0.945216 0.871302 0.826942 0.732725 0.238860 0.185475 -0.033731 -0.192415 -0.285295 -0.459033 -0.599701 -0.658077 -0.792165 -0.962894 0.985082 0.977110 0.944151 0.896694 0.872961 0.770679 0.261476 0.167746 -0.077405 -0.210299 -0.263110 -0.464422 -0.563090 -0.669624 -0.882908 -0.972203 
57.055344 5150284.000000 66 66 68 0.939127 0.946578 0.932894 0.986855 0.975780 0.946978 0.852658 0.710377 0.650560 0.303803 0.187644 0.047844 -0.251209 -0.363243 -0.546933 -0.617637 -0.670437 -0.730050 -0.909580 0.985851 0.974930 0.946665 0.849824 0.771501 0.690934 0.259597 0.198228 -0.024393 -0.208236 -0.359779 -0.504347 -0.602035 -0.700564 -0.766759 -0.945226 
54.613632 16122294.000000 68 70 72 0.942575 0.948912 0.489014 0.988532 0.980011 0.949143 0.782866 0.655287 0.523725 0.139210 -0.066993 -0.341421 -0.445700 -0.601480 -0.678893 -0.806530 -0.866886 -0.903803 -0.963564 0.988020 0.978230 0.949236 0.873085 0.674151 0.630749 0.246155 0.168806 -0.051326 -0.296074 -0.450849 -0.581901 -0.648448 -0.712374 -0.848016 -0.928728 
51.867088 10159368.000000 74 110 68 0.455625 0.518552 0.526916 0.989556 0.973861 0.897399 0.750815 0.629799 0.274463 -0.047046 -0.261463 -0.410137 -0.538152 -0.637337 -0.772934 -0.853495 -0.906011 -0.960514 -0.991560 0.991141 0.980881 0.915982 0.707805 0.645919 0.309181 -0.041794 -0.279109 -0.407442 -0.527878 -0.638745 -0.746399 -0.841016 -0.874857 -0.941112 -0.980541 
47.377945 5384718.000000 70 70 68 0.521895 0.628383 0.816679 0.985918 0.974099 0.877523 0.746168 0.645816 0.375455 -0.098031 -0.244570 -0.401340 -0.524850 -0.663273 -0.736375 -0.833480 -0.901709 -0.950747 -0.991841 0.990430 0.973962 0.890565 0.761191 0.623887 0.341557 -0.055686 -0.236664 -0.408969 -0.527284 -0.654766 -0.747065 -0.855216 -0.916630 -0.957048 -0.990497 
50.511242 5297102.500000 68 62 100 0.784926 0.558659 0.631413 0.986720 0.965811 0.852083 0.711656 0.567754 0.264215 -0.002339 -0.245908 -0.403401 -0.524750 -0.631793 -0.779701 -0.871025 -0.938008 -0.979197 -0.995656 0.985291 0.971192 0.871605 0.742288 0.635267 0.351861 -0.055062 -0.261683 -0.407343 -0.515482 -0.656317 -0.751004 -0.842982 -0.912577 -0.974037 -0.991371 
50.665833 11233894.000000 100 58 58 0.532153 0.803190 0.837640 0.990232 0.977190 0.963395 0.741021 0.633088 0.511980 0.195985 0.091207 -0.308615 -0.456196 -0.544880 -0.703792 -0.827564 -0.898014 -0.942835 -0.972125 0.991401 0.979746 0.877611 0.673495 0.599775 0.234249 0.088792 -0.182333 -0.384784 -0.515324 -0.627739 -0.781692 -0.878162 -0.933874 -0.961970 -0.990007 
61.594765 49117184.000000 58 62 64 0.855213 0.960040 0.937889 0.982939 0.976845 0.952061 0.759287 0.621445 0.595270 0.222986 0.173140 -0.011662 -0.349694 -0.466284 -0.543311 -0.691224 -0.737176 -0.858514 -0.982111 0.984233 0.976457 0.955455 0.748060 0.620626 0.579885 0.232261 0.160357 -0.021154 -0.396055 -0.479217 -0.588448 -0.682977 -0.777502 -0.900043 -0.977978 
55.634132 1506857.625000 64 70 66 0.877655 0.613821 0.511633 0.992525 0.977877 0.952061 0.781192 0.639615 0.598902 0.235634 0.188344 -0.149840 -0.353318 -0.480848 -0.663200 -0.741908 -0.865651 -0.954508 -0.989890 0.984401 0.976877 0.954432 0.772386 0.635551 0.610160 0.240997 0.199668 -0.038017 -0.359832 -0.459770 -0.574814 -0.701427 -0.747041 -0.903033 -0.986961 
41.254688 461657.531250 68 74 62 0.608729 0.454972 0.719600 0.993465 0.982437 0.952480 0.829608 0.635984 0.571940 0.237264 0.165990 -0.119823 -0.399249 -0.540416 -0.689027 -0.814246 -0.904233 -0.965773 -0.995648 0.992082 0.984273 0.947471 0.798975 0.645950 0.576382 0.250186 0.183858 -0.154016 -0.371759 -0.524545 -0.685600 -0.807657 -0.898024 -0.952943 -0.992024 
37.359699 230804.140625 68 64 70 0.516231 0.546221 0.678971 0.992970 0.981027 0.950625 0.771211 0.629966 0.556239 0.220383 0.151891 -0.176375 -0.438777 -0.527230 -0.683454 -0.799292 -0.886165 -0.961062 -0.990233 0.993033 0.982204 0.954679 0.795619 0.622832 0.578316 0.226317 0.153871 -0.111132 -0.419714 -0.537129 -0.700265 -0.817729 -0.901985 -0.960676 -0.991688 
51.473274 14997483.000000 72 96 58 0.712385 0.493221 0.785275 0.980988 0.964532 0.935796 0.801959 0.649990 0.587825 0.310451 0.235328 0.042586 -0.315209 -0.439942 -0.561124 -0.683061 -0.792444 -0.892469 -0.985647 0.981566 0.966144 0.881535 0.685204 0.604721 0.462591 0.281688 0.205882 -0.136662 -0.389742 -0.499014 -0.596070 -0.709915 -0.825986 -0.922037 -0.988627 
62.544388 84026432.000000 56 60 62 0.887331 0.957706 0.946139 0.969530 0.950360 0.927726 0.840327 0.644441 0.591632 0.324578 0.210662 0.098658 -0.250711 -0.363795 -0.456148 -0.646346 -0.775135 -0.818440 -0.955032 0.976218 0.954666 0.934582 0.835966 0.658696 0.612362 0.331849 0.213335 0.097076 -0.273743 -0.374433 -0.448673 -0.637581 -0.788196 -0.826645 -0.972108 
62.807922 82341072.000000 62 62 62 0.954085 0.980127 0.933668 0.973218 0.946694 0.915189 0.837171 0.677056 0.598063 0.331941 0.189795 0.115917 -0.155371 -0.357288 -0.425707 -0.628251 -0.783145 -0.816232 -0.909866 0.971647 0.948446 0.920927 0.850599 0.653060 0.593075 0.337682 0.196865 0.111934 -0.186740 -0.365393 -0.443188 -0.635059 -0.756793 -0.810746 -0.912089 
62.002483 49469832.000000 62 64 64 0.953285 0.929189 0.944412 0.974715 0.946339 0.910005 0.838543 0.717328 0.661346 0.342154 0.187561 0.131630 -0.179703 -0.314787 -0.409178 -0.669828 -0.782311 -0.812856 -0.908172 0.973670 0.946136 0.909953 0.834351 0.711900 0.628667 0.327592 0.190633 0.121712 -0.205187 -0.329531 -0.428414 -0.646973 -0.781214 -0.811993 -0.913353 
61.830505 43044344.000000 64 64 64 0.931763 0.932226 0.903476 0.972050 0.946385 0.918812 0.833474 0.750643 0.652961 0.290932 0.198466 0.077938 -0.177739 -0.248681 -0.406074 -0.685573 -0.765977 -0.802144 -0.892023 0.975188 0.947784 0.918696 0.844041 0.722037 0.655771 0.315935 0.198462 0.127292 -0.171894 -0.294197 -0.436040 -0.684900 -0.785980 -0.810929 -0.929059 
63.703098 46180528.000000 64 64 66 0.904662 0.917171 0.859353 0.967272 0.952116 0.920018 0.848259 0.760577 0.654263 0.264470 0.162738 0.024884 -0.206030 -0.263950 -0.479556 -0.669356 -0.764303 -0.793388 -0.866242 0.967464 0.948402 0.917716 0.839583 0.752984 0.650166 0.264917 0.167370 0.056535 -0.190852 -0.254396 -0.413933 -0.681645 -0.761053 -0.799534 -0.860297 
56.550232 2637372.750000 66 70 76 0.808721 0.751486 0.419106 0.975447 0.962277 0.914649 0.816354 0.764641 0.603553 0.319097 0.167643 0.073775 -0.224174 -0.285823 -0.550518 -0.681286 -0.758765 -0.797162 -0.920851 0.971367 0.956359 0.924176 0.847701 0.774852 0.672277 0.258517 0.173857 0.035696 -0.217346 -0.291060 -0.525019 -0.696397 -0.770168 -0.795117 -0.873698 
48.247242 562172.437500 74 46 62 0.387833 0.666227 0.715334 0.965009 0.956174 0.910983 0.821927 0.757359 0.612317 0.344715 0.195893 0.090106 -0.219521 -0.283136 -0.528218 -0.663732 -0.729003 -0.822904 -0.949960 0.970715 0.959650 0.927877 0.818524 0.763645 0.616140 0.320612 0.171444 0.058659 -0.224754 -0.272525 -0.545267 -0.665651 -0.738892 -0.805381 -0.919780 
41.828384 382105.406250 62 62 62 0.700011 0.802871 0.845107 0.966392 0.949623 0.911347 0.828436 0.726971 0.639928 0.397603 0.208507 0.123319 -0.178211 -0.250619 -0.381096 -0.643725 -0.766349 -0.811314 -0.969600 0.971846 0.949496 0.913592 0.834765 0.720164 0.624664 0.395545 0.224041 0.118421 -0.186706 -0.268018 -0.398214 -0.621521 -0.756841 -0.829106 -0.964243 
40.692589 189399.031250 64 62 62 0.829868 0.619184 0.660106 0.968779 0.951755 0.919553 0.856484 0.757727 0.647055 0.413284 0.186528 0.129244 -0.209863 -0.310893 -0.443371 -0.670444 -0.778884 -0.859452 -0.972216 0.967962 0.947685 0.913677 0.845469 0.742238 0.656830 0.405416 0.184918 0.127715 -0.183380 -0.278360 -0.394456 -0.647849 -0.770293 -0.830094 -0.972428 
39.027283 1909356.875000 62 64 64 0.643894 0.697840 0.501830 0.963625 0.949017 0.864248 0.790826 0.674235 0.456482 0.243417 0.126404 -0.154716 -0.319056 -0.451056 -0.579445 -0.732238 -0.797361 -0.890238 -0.937227 0.964435 0.951349 0.893311 0.803591 0.725530 0.554141 0.266257 0.184751 -0.097166 -0.289526 -0.428333 -0.549604 -0.714246 -0.773524 -0.879915 -0.935031 
35.930428 2267782.750000 86 64 148 0.654322 0.623051 0.535416 0.964227 0.929135 0.841254 0.768321 0.557000 0.455688 0.213819 0.056026 -0.135526 -0.312360 -0.467601 -0.579577 -0.716615 -0.843736 -0.898502 -0.946046 0.963199 0.942301 0.862283 0.781281 0.600408 0.446508 0.208209 0.074894 -0.150602 -0.324793 -0.461645 -0.594522 -0.714331 -0.836408 -0.900682 -0.955007 
34.981464 1766799.875000 52 150 150 0.431725 0.571625 0.620298 0.965208 0.939462 0.842531 0.763289 0.599843 0.363196 0.211443 0.093395 -0.095432 -0.326219 -0.442591 -0.562700 -0.714082 -0.804356 -0.885476 -0.960186 0.962804 0.938328 0.821684 0.731566 0.566979 0.427650 0.222189 0.070375 -0.122256 -0.335629 -0.451371 -0.570717 -0.723110 -0.827944 -0.894912 -0.959600 
32.263866 1217701.250000 148 148 148 0.703887 0.695277 0.508289 0.973600 0.923977 0.821369 0.754519 0.610032 0.362361 0.196928 0.054104 -0.150095 -0.294208 -0.455359 -0.608998 -0.736405 -0.824498 -0.899681 -0.977769 0.972117 0.935359 0.831703 0.771332 0.607600 0.380962 0.230320 0.075183 -0.118840 -0.300064 -0.440489 -0.563325 -0.719258 -0.802959 -0.893776 -0.965740 
32.757942 1608945.875000 94 44 106 0.383951 0.462109 0.391513 0.984061 0.917808 0.797502 0.731051 0.617329 0.318850 0.187858 0.036481 -0.158175 -0.323923 -0.470378 -0.600225 -0.708831 -0.836084 -0.909318 -0.980259 0.978449 0.918701 0.801158 0.746081 0.613517 0.317410 0.192003 0.043740 -0.153585 -0.321888 -0.474727 -0.624978 -0.721977 -0.827092 -0.903704 -0.981996 
33.901569 2648939.000000 110 148 88 0.328396 0.679425 0.469540 0.962093 0.883066 0.814025 0.712472 0.604944 0.382078 0.235668 0.031231 -0.159286 -0.311942 -0.486316 -0.601986 -0.738673 -0.819212 -0.918414 -0.982468 0.975735 0.897634 0.790401 0.740145 0.581468 0.343871 0.211612 0.038837 -0.172278 -0.307057 -0.490573 -0.598690 -0.741679 -0.832915 -0.923341 -0.981909 
36.467327 1911079.250000 90 78 54 0.443466 0.385783 0.375238 0.952459 0.898711 0.850552 0.725921 0.638375 0.499398 0.234003 0.106864 -0.123494 -0.302523 -0.462705 -0.572266 -0.693715 -0.798733 -0.922394 -0.983196 0.950171 0.889747 0.835127 0.688915 0.616160 0.429783 0.220860 0.063427 -0.144198 -0.314358 -0.478035 -0.586228 -0.707403 -0.803141 -0.924019 -0.980732 
52.934475 483907.281250 46 38 52 0.333047 0.653812 0.948491 0.984379 0.974031 0.954057 0.930325 0.865618 0.639106 0.351925 0.197298 0.005291 -0.240377 -0.384965 -0.511228 -0.623774 -0.785174 -0.903390 -0.973357 0.986173 0.973668 0.928762 0.859481 0.704900 0.621054 0.327783 0.178537 -0.032178 -0.280597 -0.430699 -0.558828 -0.671684 -0.820482 -0.914121 -0.981199 
59.812599 543919.062500 52 52 52 0.935711 0.984784 0.990102 0.982143 0.972100 0.958990 0.932334 0.901511 0.703398 0.312832 0.203591 -0.139310 -0.264310 -0.344154 -0.471102 -0.600557 -0.772960 -0.903886 -0.976435 0.981973 0.972193 0.954808 0.931467 0.891326 0.654326 0.336806 0.203837 -0.079567 -0.240881 -0.345228 -0.493737 -0.620112 -0.777322 -0.900422 -0.976709 
60.976990 1560238.750000 52 52 50 0.993470 0.979383 0.985740 0.981889 0.970282 0.959059 0.912716 0.873368 0.720074 0.265945 0.193818 -0.205430 -0.280825 -0.402523 -0.539562 -0.613398 -0.648082 -0.833248 -0.970733 0.981097 0.971483 0.958816 0.927971 0.871484 0.644073 0.316130 0.184454 -0.111428 -0.274023 -0.370599 -0.524923 -0.590941 -0.701247 -0.895816 -0.974601 
61.806328 4111222.000000 50 50 48 0.983258 0.962447 0.960304 0.983448 0.969306 0.948009 0.890871 0.822740 0.756466 0.349201 0.268116 -0.034581 -0.253170 -0.343523 -0.512742 -0.611318 -0.668300 -0.813108 -0.970284 0.981934 0.968993 0.953283 0.891742 0.858541 0.720073 0.306049 0.245706 -0.179769 -0.272154 -0.372383 -0.527615 -0.615065 -0.652670 -0.789906 -0.967303 
59.481827 1870147.250000 48 48 48 0.973798 0.983101 0.946516 0.989429 0.976182 0.950871 0.893500 0.752061 0.711113 0.480723 0.306973 0.090587 -0.215683 -0.260633 -0.458302 -0.583280 -0.644150 -0.859851 -0.971422 0.986910 0.971487 0.950013 0.891514 0.790058 0.757178 0.401844 0.287804 0.086669 -0.229281 -0.317680 -0.487355 -0.609353 -0.671309 -0.846290 -0.971911 
53.673309 454534.843750 48 50 48 0.962204 0.864447 0.570112 0.991201 0.982163 0.944441 0.855820 0.673664 0.595581 0.462374 0.292568 0.085760 -0.174306 -0.282566 -0.492326 -0.628049 -0.745703 -0.883759 -0.967860 0.990999 0.981551 0.954598 0.881826 0.698984 0.648942 0.478037 0.348190 0.035425 -0.193520 -0.241897 -0.440456 -0.549599 -0.654657 -0.879659 -0.971537 
39.592430 5494943.500000 50 48 50 0.432249 0.586283 0.602845 0.980538 0.958819 0.896009 0.806975 0.498527 0.264769 0.163552 -0.001305 -0.170808 -0.280270 -0.376386 -0.572775 -0.683503 -0.840755 -0.912875 -0.965333 0.984931 0.960666 0.891223 0.828497 0.605245 0.371867 0.199316 0.114462 -0.090582 -0.249886 -0.348514 -0.564629 -0.698225 -0.823356 -0.904532 -0.940785 
38.722530 1958418.125000 50 48 48 0.748862 0.579954 0.877441 0.986015 0.958742 0.897119 0.805480 0.562417 0.300668 0.138768 -0.056106 -0.189345 -0.304009 -0.438277 -0.590546 -0.701009 -0.745442 -0.858767 -0.955763 0.979663 0.957812 0.910537 0.808883 0.535994 0.328214 0.150576 -0.005594 -0.162564 -0.290924 -0.394176 -0.562916 -0.659903 -0.754419 -0.906606 -0.965395 
49.140053 1554731.250000 48 46 48 0.830204 0.884790 0.983538 0.991738 0.987691 0.965456 0.874702 0.669254 0.259851 0.176894 -0.034528 -0.197368 -0.279628 -0.438839 -0.549693 -0.712552 -0.744739 -0.840125 -0.918947 0.991292 0.985861 0.894044 0.813304 0.597139 0.269213 0.152176 -0.085376 -0.214414 -0.321646 -0.447868 -0.611351 -0.717890 -0.744628 -0.860083 -0.921173 
55.240559 3852882.250000 48 48 50 0.972835 0.986426 0.987084 0.992675 0.989025 0.973313 0.893756 0.372329 0.222986 0.151264 -0.007357 -0.181317 -0.303106 -0.441647 -0.529479 -0.616887 -0.825133 -0.940763 -0.966104 0.992130 0.988338 0.969126 0.904119 0.508604 0.248327 0.178538 -0.010229 -0.167300 -0.263229 -0.409974 -0.521653 -0.671642 -0.760555 -0.901004 -0.956646 
52.731102 1962107.000000 50 52 52 0.988161 0.985007 0.953414 0.993466 0.989052 0.971662 0.901382 0.375063 0.193042 0.125120 -0.088781 -0.181343 -0.323254 -0.456594 -0.523505 -0.682136 -0.812466 -0.913321 -0.953615 0.993135 0.989373 0.974289 0.885114 0.306854 0.194918 0.123891 -0.080624 -0.169001 -0.304822 -0.451071 -0.523125 -0.655345 -0.832336 -0.930537 -0.961381 
47.817158 1043838.437500 52 54 58 0.969637 0.956191 0.813596 0.993507 0.988043 0.969620 0.885777 0.458025 0.233373 0.108475 -0.109571 -0.179875 -0.388093 -0.506341 -0.643083 -0.780208 -0.839137 -0.908852 -0.971124 0.993641 0.988726 0.970798 0.913044 0.530184 0.228967 0.142088 -0.067867 -0.183746 -0.256371 -0.485933 -0.586766 -0.738340 -0.828560 -0.909674 -0.949743 
38.481823 674320.750000 58 60 44 0.785171 0.745796 0.453233 0.992618 0.985604 0.926542 0.787033 0.451384 0.230472 0.077248 -0.045907 -0.155974 -0.420016 -0.484512 -0.693645 -0.780464 -0.858577 -0.923118 -0.969655 0.993034 0.986739 0.945475 0.781234 0.433494 0.205464 0.073574 -0.075663 -0.187024 -0.436864 -0.485206 -0.690809 -0.789315 -0.852181 -0.921057 -0.977898 
31.171303 232026.453125 52 146 146 0.716325 0.792102 0.661660 0.992769 0.974265 0.915572 0.792394 0.506358 0.280176 0.090882 -0.069116 -0.175094 -0.389742 -0.449241 -0.691879 -0.791490 -0.848255 -0.908794 -0.964459 0.992156 0.981772 0.921179 0.794216 0.458219 0.251225 0.095260 -0.065862 -0.167129 -0.396515 -0.468443 -0.699948 -0.774482 -0.857045 -0.920413 -0.955292 
26.185455 76570.656250 76 110 76 0.543203 0.587389 0.385866 0.989440 0.972488 0.928016 0.802232 0.558723 0.376207 0.148903 -0.006662 -0.177099 -0.363036 -0.470932 -0.726346 -0.784919 -0.856061 -0.913817 -0.954151 0.991293 0.974527 0.918305 0.798194 0.529995 0.321805 0.103501 -0.052493 -0.187710 -0.381621 -0.454842 -0.708626 -0.797522 -0.858716 -0.908501 -0.970149 
24.156878 34113.054688 76 102 96 0.459978 0.652906 0.609929 0.994747 0.973841 0.933715 0.798150 0.666019 0.417333 0.175716 -0.014928 -0.195571 -0.354508 -0.474624 -0.603870 -0.788361 -0.833983 -0.903083 -0.942174 0.993438 0.971608 0.922813 0.762718 0.636894 0.396076 0.187565 0.002382 -0.192929 -0.367787 -0.465994 -0.710452 -0.790599 -0.843152 -0.908286 -0.934575 
25.200594 37012.460938 94 50 100 0.614120 0.784901 0.551475 0.993042 0.980643 0.929292 0.837606 0.594400 0.431290 0.215742 -0.004500 -0.225480 -0.394156 -0.512992 -0.628359 -0.777440 -0.846234 -0.882434 -0.938571 0.992950 0.977039 0.936603 0.836668 0.607356 0.397731 0.192907 -0.002680 -0.176674 -0.360880 -0.495967 -0.601723 -0.760781 -0.829464 -0.878633 -0.943132 
34.651188 1437084.125000 102 102 96 0.613274 0.607548 0.431400 0.986007 0.964148 0.850318 0.620366 0.310006 0.156025 0.022465 -0.129450 -0.224350 -0.333187 -0.475963 -0.612148 -0.766476 -0.865086 -0.913644 -0.980495 0.993282 0.980399 0.910082 0.765199 0.511158 0.251577 0.090253 -0.084696 -0.206316 -0.321719 -0.474394 -0.633229 -0.761498 -0.864375 -0.910863 -0.968931 
34.747604 1401588.750000 92 80 74 0.471072 0.480819 0.534929 0.978733 0.951119 0.759835 0.617857 0.593468 0.314196 0.151326 -0.001682 -0.266977 -0.371397 -0.453281 -0.637756 -0.786157 -0.836613 -0.896032 -0.977156 0.979950 0.956524 0.801614 0.631316 0.545610 0.178184 0.059493 -0.142667 -0.218611 -0.369548 -0.475545 -0.634478 -0.773568 -0.860108 -0.904558 -0.976164 
44.182644 883727.500000 46 68 52 0.435637 0.457264 0.667017 0.991410 0.980526 0.950417 0.817185 0.674825 0.597140 0.346179 0.179046 -0.060670 -0.233599 -0.367513 -0.487399 -0.701184 -0.794310 -0.869008 -0.969296 0.984291 0.953714 0.759962 0.625711 0.608594 0.375909 0.171491 0.062720 -0.241779 -0.352072 -0.408402 -0.587827 -0.779538 -0.815326 -0.897530 -0.977583 
51.981018 1078609.875000 54 62 62 0.778364 0.928743 0.916879 0.988177 0.978714 0.942511 0.829852 0.758920 0.646778 0.434948 0.291611 0.080651 -0.071117 -0.282223 -0.517579 -0.590751 -0.747217 -0.852046 -0.949074 0.990237 0.977900 0.940755 0.798707 0.727203 0.607484 0.390564 0.269235 0.055114 -0.082668 -0.261912 -0.517813 -0.600855 -0.727801 -0.841327 -0.961954 
54.638462 487159.906250 62 62 62 0.949247 0.793375 0.962391 0.987199 0.979406 0.959272 0.847752 0.805246 0.687378 0.500087 0.425389 0.105441 -0.083267 -0.336555 -0.517157 -0.598820 -0.769162 -0.890683 -0.972378 0.987647 0.979843 0.954295 0.843206 0.799254 0.661449 0.494502 0.389144 0.086244 -0.082307 -0.328333 -0.486760 -0.587082 -0.774054 -0.879218 -0.963159 
58.388405 2150003.250000 62 60 60 0.966596 0.969228 0.935876 0.987590 0.978317 0.964139 0.824939 0.743786 0.663313 0.480911 0.376040 -0.013374 -0.120898 -0.352744 -0.530311 -0.598949 -0.661115 -0.834266 -0.968682 0.988422 0.979195 0.965684 0.836133 0.794302 0.686579 0.495663 0.419968 0.048319 -0.077877 -0.281398 -0.539971 -0.595981 -0.725360 -0.886476 -0.973418 
59.621178 6898813.000000 60 60 60 0.975809 0.979665 0.987484 0.988262 0.977918 0.966784 0.733458 0.620023 0.555809 0.395884 0.314807 0.082280 -0.170932 -0.241138 -0.497499 -0.594085 -0.662089 -0.730093 -0.951153 0.988025 0.977996 0.966743 0.793049 0.664520 0.630466 0.457873 0.345588 -0.006119 -0.127412 -0.314009 -0.528610 -0.611209 -0.663697 -0.790034 -0.965842 
59.030720 9996018.000000 60 60 60 0.992001 0.986995 0.947236 0.990272 0.977930 0.970090 0.783642 0.450833 0.400149 0.286923 0.217485 0.043714 -0.216469 -0.288079 -0.405728 -0.588937 -0.669356 -0.706000 -0.947485 0.989409 0.978086 0.968742 0.731568 0.545816 0.458745 0.345371 0.282403 0.093304 -0.190371 -0.262538 -0.473941 -0.600927 -0.671858 -0.704902 -0.938837 
57.599327 15158651.000000 60 60 60 0.949207 0.964833 0.985684 0.991708 0.979153 0.970146 0.804847 0.422058 0.313238 0.214741 0.112816 -0.110850 -0.223379 -0.334283 -0.454296 -0.616898 -0.657904 -0.772599 -0.976567 0.990446 0.977711 0.968669 0.790997 0.449837 0.366688 0.230384 0.175852 -0.041979 -0.230208 -0.302998 -0.403932 -0.622203 -0.660076 -0.750347 -0.963118 
57.144260 13641573.000000 60 60 60 0.986411 0.988927 0.994744 0.992266 0.980016 0.969972 0.810061 0.440837 0.267467 0.203535 0.085281 -0.098516 -0.230801 -0.359725 -0.448618 -0.594017 -0.658038 -0.816646 -0.964633 0.992227 0.980078 0.970180 0.805652 0.429562 0.286128 0.210219 0.098420 -0.093214 -0.234920 -0.353239 -0.447558 -0.612474 -0.658723 -0.807716 -0.972924 
56.588078 12141303.000000 60 60 60 0.990856 0.991500 0.991477 0.992841 0.981028 0.970803 0.818172 0.405701 0.265252 0.188405 0.078530 -0.061273 -0.226317 -0.377388 -0.429772 -0.632731 -0.732074 -0.860476 -0.945397 0.992679 0.980430 0.971023 0.813002 0.441597 0.279950 0.205984 0.113025 -0.068058 -0.217688 -0.379020 -0.432117 -0.586501 -0.687601 -0.854342 -0.942524 
55.795731 4834025.000000 60 60 60 0.993739 0.993912 0.971729 0.993667 0.982868 0.972731 0.867332 0.441983 0.277950 0.209237 0.109056 -0.013482 -0.185293 -0.385442 -0.431911 -0.658190 -0.733714 -0.834098 -0.951942 0.993083 0.981737 0.971030 0.828519 0.445329 0.273802 0.201044 0.108061 -0.030944 -0.200977 -0.383444 -0.422116 -0.626931 -0.720682 -0.844582 -0.919490 
53.836994 1236878.625000 60 62 64 0.979555 0.975695 0.832318 0.994430 0.984787 0.975515 0.904981 0.443552 0.374072 0.235844 0.114642 -0.047553 -0.213235 -0.360676 -0.512693 -0.662368 -0.775682 -0.869794 -0.936980 0.994137 0.984038 0.974204 0.902403 0.430359 0.330856 0.215851 0.134213 -0.033012 -0.194615 -0.353078 -0.450146 -0.644602 -0.731032 -0.851031 -0.952184 
43.147816 1122696.500000 64 50 62 0.942376 0.367530 0.648409 0.992667 0.985194 0.899747 0.658044 0.564385 0.330887 0.237835 0.031860 -0.090846 -0.262738 -0.412566 -0.529012 -0.684443 -0.846908 -0.904908 -0.971609 0.993068 0.985140 0.969219 0.748942 0.479172 0.358212 0.223719 0.062270 -0.116373 -0.256417 -0.437361 -0.552089 -0.733630 -0.848188 -0.903377 -0.943372 
34.472939 346802.312500 62 62 112 0.731799 0.659589 0.567212 0.992820 0.982782 0.895188 0.674616 0.548052 0.367681 0.273839 0.116558 -0.030831 -0.225439 -0.386484 -0.520733 -0.727892 -0.842284 -0.896108 -0.987656 0.992345 0.982904 0.872482 0.671601 0.600635 0.375860 0.264500 0.120477 -0.068592 -0.235652 -0.401383 -0.521386 -0.722440 -0.823662 -0.903565 -0.994432 
29.913492 100428.835938 112 122 112 0.389269 0.713622 0.606477 0.990323 0.978767 0.930437 0.714132 0.540269 0.299236 0.226057 0.059291 -0.031643 -0.245735 -0.391506 -0.485631 -0.687497 -0.842127 -0.903329 -0.971242 0.988682 0.978788 0.930660 0.680167 0.529268 0.330358 0.244404 0.098924 -0.004332 -0.209535 -0.387721 -0.500556 -0.739288 -0.841696 -0.900347 -0.978875 
26.100845 55527.691406 110 92 60 0.691133 0.493675 0.528695 0.989085 0.976526 0.935855 0.751974 0.537701 0.343401 0.228727 0.100283 -0.067305 -0.280697 -0.425664 -0.504786 -0.732849 -0.823882 -0.898778 -0.948495 0.990437 0.973740 0.935522 0.740829 0.520758 0.313912 0.237383 0.073375 -0.070283 -0.252346 -0.416624 -0.488261 -0.688973 -0.833759 -0.913371 -0.953631 
26.959419 44057.875000 60 62 64 0.571220 0.654265 0.679599 0.992971 0.981330 0.946695 0.790743 0.582978 0.400909 0.192993 0.079003 -0.040815 -0.272173 -0.405184 -0.540074 -0.720303 -0.838809 -0.895123 -0.958388 0.989164 0.978185 0.926763 0.758644 0.585078 0.376674 0.207517 0.081150 -0.017075 -0.261838 -0.424284 -0.538381 -0.741793 -0.821156 -0.884496 -0.949191 
26.943285 39017.285156 118 122 114 0.599643 0.678158 0.668297 0.992827 0.978670 0.922867 0.795800 0.582590 0.428927 0.284782 0.118907 -0.134864 -0.307826 -0.444806 -0.604929 -0.763678 -0.871655 -0.904898 -0.953712 0.991685 0.979019 0.947607 0.805532 0.598692 0.411829 0.228657 0.086739 -0.083288 -0.279130 -0.411044 -0.585122 -0.765095 -0.866605 -0.903897 -0.946528 
24.830414 21703.125000 114 120 116 0.662978 0.758741 0.542463 0.991835 0.981892 0.935841 0.799021 0.625365 0.428889 0.238316 0.079169 -0.112269 -0.287549 -0.434334 -0.567048 -0.744504 -0.835211 -0.912328 -0.962153 0.991400 0.976758 0.935784 0.809044 0.623860 0.439661 0.279850 0.127704 -0.134183 -0.298983 -0.415039 -0.586912 -0.755058 -0.848162 -0.903981 -0.961338 
22.800179 68916.882812 50 38 186 0.787505 0.411231 0.466301 0.989880 0.968562 0.885885 0.722279 0.578755 0.418155 0.233720 0.024427 -0.183269 -0.377207 -0.483546 -0.615858 -0.731935 -0.845663 -0.914308 -0.962806 0.991879 0.978159 0.914724 0.781866 0.583596 0.416336 0.231301 0.026794 -0.135039 -0.355741 -0.492913 -0.600294 -0.726328 -0.838621 -0.916225 -0.958186 
49.752102 1864734.875000 60 68 80 0.503435 0.895660 0.829203 0.989356 0.984637 0.973181 0.877665 0.330765 0.261883 0.174344 0.103172 -0.041930 -0.219911 -0.365061 -0.401287 -0.721532 -0.804823 -0.858968 -0.910439 0.987677 0.980570 0.931258 0.776108 0.583893 0.317846 0.204769 0.102985 -0.035935 -0.307879 -0.383779 -0.559249 -0.731462 -0.822948 -0.900334 -0.959532 
54.680248 3473866.250000 84 90 92 0.828061 0.806322 0.955740 0.990715 0.983824 0.972008 0.920936 0.322650 0.222682 0.161842 0.047533 -0.078187 -0.269170 -0.377818 -0.497618 -0.760578 -0.803240 -0.860170 -0.914177 0.990669 0.985050 0.972151 0.910272 0.322834 0.267482 0.169587 0.078815 -0.063150 -0.214057 -0.368346 -0.435668 -0.759740 -0.795414 -0.868335 -0.923156 
54.319374 3656522.000000 92 94 96 0.968043 0.982327 0.966433 0.990985 0.984116 0.972334 0.919981 0.298992 0.200837 0.117311 0.030802 -0.086116 -0.241004 -0.380193 -0.590375 -0.756365 -0.795342 -0.867106 -0.902251 0.990879 0.983534 0.971827 0.925111 0.303180 0.209859 0.126271 0.034315 -0.074253 -0.253778 -0.389232 -0.518376 -0.747779 -0.798676 -0.863469 -0.895013 
52.731865 2664792.000000 96 96 96 0.933831 0.826224 0.900678 0.991279 0.984779 0.969923 0.927831 0.328955 0.188826 0.087013 0.020096 -0.113408 -0.250255 -0.430097 -0.651439 -0.751317 -0.803622 -0.858570 -0.908707 0.991345 0.985902 0.969819 0.927597 0.305988 0.187830 0.115736 0.018763 -0.108055 -0.254147 -0.409034 -0.642042 -0.749752 -0.807191 -0.866983 -0.900848 
51.321327 1992559.375000 98 98 100 0.925177 0.964557 0.962615 0.990501 0.983092 0.972389 0.922382 0.311262 0.167558 0.074298 0.002989 -0.093594 -0.238169 -0.487040 -0.635106 -0.745096 -0.801740 -0.846504 -0.908707 0.990684 0.983501 0.974086 0.919023 0.386377 0.201231 0.094158 0.018669 -0.092575 -0.222421 -0.458487 -0.628389 -0.714857 -0.805134 -0.864721 -0.917007 
49.574245 1289837.000000 100 100 98 0.961258 0.955064 0.949546 0.991648 0.985835 0.969948 0.932992 0.299754 0.180027 0.089573 0.001335 -0.076108 -0.228440 -0.491067 -0.625379 -0.744331 -0.801739 -0.848953 -0.898290 0.991283 0.984694 0.973024 0.928128 0.346638 0.176096 0.098519 0.026999 -0.074393 -0.206935 -0.552167 -0.630953 -0.729890 -0.801859 -0.871636 -0.903384 
50.256275 861089.312500 98 98 96 0.947874 0.933676 0.967142 0.991687 0.988467 0.968094 0.933744 0.368020 0.171962 0.072414 0.012077 -0.081649 -0.204900 -0.491239 -0.630827 -0.731415 -0.804766 -0.852962 -0.885211 0.992086 0.987188 0.968637 0.919613 0.295194 0.166834 0.063936 0.006854 -0.083082 -0.224577 -0.510297 -0.633055 -0.722144 -0.804971 -0.857709 -0.893817 
48.085598 87132.054688 94 92 92 0.968380 0.958937 0.908047 0.991154 0.988945 0.975460 0.920556 0.615908 0.379143 0.150267 0.050367 -0.045423 -0.191733 -0.442708 -0.673805 -0.770845 -0.828767 -0.867902 -0.903243 0.991549 0.989417 0.973959 0.928951 0.593114 0.296969 0.095386 0.032114 -0.063256 -0.162307 -0.464581 -0.640406 -0.761921 -0.826008 -0.868182 -0.910680 
36.437740 19219.734375 94 94 96 0.900772 0.595320 0.742758 0.991818 0.986447 0.946539 0.838271 0.675502 0.409091 0.097563 0.051974 -0.043579 -0.136228 -0.368488 -0.596747 -0.754805 -0.827450 -0.874628 -0.960546 0.991489 0.988969 0.972218 0.884644 0.640473 0.377303 0.112452 0.051166 -0.070702 -0.171377 -0.409110 -0.650806 -0.761999 -0.839202 -0.874533 -0.932751 
25.072691 8845.049805 96 106 92 0.703916 0.657028 0.801459 0.991883 0.979615 0.950211 0.828092 0.639949 0.462311 0.190177 0.042208 -0.029796 -0.133999 -0.294397 -0.561987 -0.715010 -0.833143 -0.888745 -0.972030 0.992177 0.981822 0.949342 0.837193 0.657106 0.434162 0.133359 0.059731 -0.034495 -0.135255 -0.305266 -0.553812 -0.730199 -0.827794 -0.873715 -0.962775 
20.555885 7112.717773 94 148 106 0.686012 0.647693 0.399804 0.992277 0.973040 0.930154 0.850433 0.655510 0.466285 0.192245 0.045439 -0.034715 -0.197886 -0.402090 -0.584357 -0.728506 -0.846929 -0.899496 -0.971217 0.987702 0.974564 0.943031 0.847818 0.650916 0.455455 0.167678 0.051450 -0.029500 -0.149553 -0.381118 -0.563011 -0.730352 -0.839089 -0.897155 -0.962398 
44.216694 10754186.000000 110 92 62 0.506732 0.699556 0.358798 0.980075 0.938698 0.788706 0.621421 0.465383 0.288936 0.064462 -0.145421 -0.293998 -0.473804 -0.628587 -0.720412 -0.783183 -0.848726 -0.921863 -0.977343 0.985118 0.962544 0.885360 0.739122 0.550602 0.374564 0.169508 -0.036706 -0.221629 -0.380093 -0.557934 -0.659109 -0.746020 -0.828223 -0.908148 -0.977961 
48.818939 5201305.500000 48 50 98 0.322344 0.524434 0.487977 0.987953 0.952796 0.777716 0.524832 0.425385 0.167093 -0.021720 -0.203289 -0.401756 -0.512243 -0.604118 -0.753600 -0.812542 -0.877174 -0.925512 -0.970267 0.986773 0.952490 0.785484 0.561871 0.424859 0.181433 -0.034242 -0.234734 -0.399886 -0.506031 -0.650960 -0.745294 -0.797320 -0.867782 -0.934342 -0.984457 
45.643402 2096621.875000 80 148 110 0.367982 0.711871 0.525552 0.991983 0.954612 0.777656 0.518001 0.440919 0.228473 0.034428 -0.176077 -0.329518 -0.498742 -0.571775 -0.668417 -0.825509 -0.881002 -0.919057 -0.953954 0.986923 0.947563 0.759289 0.506853 0.428781 0.157312 -0.016015 -0.221216 -0.396033 -0.530824 -0.580740 -0.727791 -0.828364 -0.889728 -0.918663 -0.957686 
28.909107 140240.125000 110 100 100 0.558650 0.669569 0.600052 0.989912 0.975986 0.886902 0.618567 0.501966 0.395886 0.216058 -0.048732 -0.278279 -0.446041 -0.564790 -0.699614 -0.775225 -0.838067 -0.929809 -0.984207 0.991669 0.973026 0.851677 0.575572 0.477387 0.341758 0.134397 -0.113185 -0.298044 -0.422819 -0.530862 -0.651787 -0.796248 -0.853312 -0.914361 -0.967165 
24.659119 64843.699219 148 86 56 0.676402 0.442258 0.357796 0.990998 0.965857 0.918099 0.757218 0.498270 0.387918 0.142698 -0.151162 -0.377403 -0.513467 -0.601941 -0.707162 -0.800719 -0.882393 -0.936896 -0.968237 0.989430 0.971990 0.904145 0.705868 0.497653 0.405131 0.190057 -0.108128 -0.361476 -0.496168 -0.625638 -0.727818 -0.786966 -0.859581 -0.929543 -0.972373 
22.258818 42249.464844 208 122 46 0.437679 0.415890 0.577431 0.987871 0.966084 0.899042 0.792163 0.583956 0.411151 0.204700 -0.118154 -0.316899 -0.475549 -0.584829 -0.695634 -0.795762 -0.853313 -0.929385 -0.973153 0.986507 0.959247 0.899744 0.786524 0.541585 0.405026 0.171446 -0.154559 -0.350749 -0.511074 -0.593824 -0.700758 -0.794186 -0.864672 -0.941231 -0.971849 
21.228199 21047.636719 46 94 40 0.551058 0.868798 0.520281 0.989863 0.977692 0.922507 0.802617 0.593875 0.424984 0.241743 0.018826 -0.278429 -0.461946 -0.553928 -0.730531 -0.804082 -0.859268 -0.924858 -0.967099 0.990550 0.979914 0.910310 0.812132 0.600569 0.397304 0.231631 -0.045639 -0.327577 -0.471974 -0.567592 -0.694880 -0.799598 -0.856845 -0.923558 -0.967973 
19.715113 12166.333008 146 86 90 0.748700 0.415864 0.691780 0.991786 0.979342 0.916755 0.824945 0.657040 0.439204 0.278724 0.014184 -0.174961 -0.411379 -0.523491 -0.656538 -0.814338 -0.892152 -0.932842 -0.970115 0.990907 0.974873 0.923346 0.821187 0.639412 0.431297 0.238075 0.024269 -0.206993 -0.458437 -0.536436 -0.700857 -0.812156 -0.862098 -0.930713 -0.970463 
18.738163 8079.930664 92 148 80 0.692016 0.423588 0.614851 0.992293 0.974996 0.926288 0.818174 0.620793 0.451464 0.243884 0.080060 -0.155212 -0.317618 -0.519930 -0.671794 -0.792198 -0.878670 -0.916898 -0.952804 0.991287 0.978744 0.924314 0.821699 0.640168 0.446258 0.290529 0.076828 -0.146534 -0.352546 -0.535206 -0.641808 -0.799680 -0.895714 -0.922278 -0.950146 
19.365269 8543.914062 80 110 110 0.573699 0.642094 0.594785 0.991246 0.968405 0.939166 0.843332 0.629363 0.492312 0.272477 0.049267 -0.167864 -0.272057 -0.477107 -0.680274 -0.803524 -0.840317 -0.932786 -0.967739 0.992407 0.974090 0.930424 0.839776 0.629599 0.478505 0.243369 0.061272 -0.200053 -0.279577 -0.494521 -0.685805 -0.811548 -0.841984 -0.923151 -0.966426 
18.051746 4946.383789 112 114 96 0.627094 0.593525 0.394277 0.992198 0.973764 0.935788 0.814247 0.684445 0.521775 0.306485 0.090394 -0.111512 -0.340236 -0.512649 -0.620582 -0.756392 -0.841837 -0.928527 -0.972287 0.991265 0.968261 0.939966 0.820804 0.647239 0.496221 0.305237 0.084861 -0.097235 -0.308544 -0.506796 -0.639732 -0.778203 -0.837208 -0.938749 -0.968593 
19.092628 4373.048340 96 110 98 0.457437 0.452671 0.630342 0.992535 0.977872 0.935808 0.836110 0.669078 0.508673 0.327819 0.100204 -0.108112 -0.263858 -0.515169 -0.616384 -0.780823 -0.857876 -0.922235 -0.968949 0.990806 0.978670 0.939365 0.825106 0.685082 0.529948 0.308321 0.109945 -0.131489 -0.336315 -0.507788 -0.609364 -0.757928 -0.844299 -0.926202 -0.964676 
17.491148 3585.057373 98 92 102 0.603150 0.421056 0.389423 0.992717 0.976552 0.923043 0.846821 0.708921 0.464508 0.280203 0.107675 -0.103304 -0.279797 -0.477009 -0.598394 -0.745654 -0.839554 -0.919630 -0.972196 0.991723 0.976324 0.928302 0.839865 0.657756 0.480196 0.307933 0.092492 -0.080251 -0.261308 -0.495249 -0.617335 -0.759118 -0.840267 -0.918479 -0.983846 
15.822520 3173.016602 80 20 146 0.473663 0.367063 0.724705 0.990420 0.967418 0.932395 0.834077 0.675514 0.513926 0.316051 0.106871 -0.093166 -0.316562 -0.432843 -0.606214 -0.743824 -0.844640 -0.913635 -0.965153 0.990618 0.972419 0.922940 0.834488 0.695488 0.511924 0.311402 0.106336 -0.089917 -0.273331 -0.473440 -0.613702 -0.743168 -0.854475 -0.915120 -0.968996 
20.511503 5773.395996 44 118 44 0.479958 0.631870 0.468258 0.990814 0.978914 0.929183 0.864780 0.684716 0.505139 0.311041 0.110272 -0.116142 -0.282562 -0.414612 -0.597940 -0.724647 -0.851661 -0.913784 -0.967538 0.990275 0.975172 0.937403 0.835734 0.679827 0.489934 0.292672 0.106851 -0.094465 -0.317306 -0.411345 -0.572470 -0.746107 -0.834740 -0.906298 -0.969171 
37.402771 2164252.500000 88 166 166 0.647556 0.551768 0.545718 0.971799 0.944592 0.912606 0.774293 0.660973 0.556694 0.278843 0.142582 -0.141865 -0.310042 -0.449416 -0.592812 -0.681978 -0.834909 -0.897535 -0.947004 0.979596 0.943125 0.907065 0.754490 0.664038 0.533969 0.289853 0.133192 -0.147834 -0.322080 -0.436884 -0.583478 -0.705662 -0.833776 -0.898794 -0.947118 
53.468685 3487571.000000 74 68 68 0.378117 0.777399 0.962891 0.979742 0.951935 0.906943 0.887367 0.756667 0.663346 0.344251 0.223309 0.134226 -0.074626 -0.211050 -0.337494 -0.699169 -0.816160 -0.860944 -0.898930 0.981480 0.952649 0.926593 0.898612 0.808143 0.668253 0.333705 0.197318 0.061840 -0.123043 -0.265673 -0.528415 -0.684937 -0.823035 -0.855023 -0.936304 
56.833885 12421098.000000 68 68 66 0.954016 0.898579 0.964837 0.975936 0.942295 0.896993 0.865839 0.735932 0.648828 0.350966 0.201088 0.089438 -0.138510 -0.230380 -0.328107 -0.693942 -0.787322 -0.840734 -0.877493 0.978184 0.944988 0.900993 0.876035 0.741619 0.652849 0.333335 0.228625 0.108961 -0.097204 -0.195361 -0.363927 -0.719533 -0.798437 -0.851995 -0.880745 
57.054367 15757070.000000 66 64 64 0.965477 0.941276 0.775276 0.976289 0.952215 0.902184 0.847142 0.672187 0.626515 0.403662 0.197039 0.128094 -0.099460 -0.231000 -0.307985 -0.701264 -0.780178 -0.834868 -0.871215 0.976613 0.947716 0.896826 0.857321 0.724099 0.643010 0.338360 0.206049 0.123511 -0.119512 -0.233193 -0.312749 -0.710027 -0.789046 -0.840815 -0.875109 
59.182892 36518192.000000 64 64 62 0.859888 0.905424 0.950705 0.976709 0.955784 0.923763 0.830585 0.625814 0.601484 0.323162 0.174273 0.109913 -0.156929 -0.291934 -0.374290 -0.659566 -0.770947 -0.821736 -0.858176 0.977569 0.952443 0.910005 0.845274 0.643399 0.614431 0.369903 0.180273 0.131335 -0.120629 -0.266430 -0.357212 -0.661566 -0.790261 -0.828117 -0.900115 
59.684525 17251782.000000 62 62 60 0.940400 0.974371 0.726990 0.982338 0.963042 0.942369 0.858669 0.627217 0.516980 0.341042 0.206375 0.099431 -0.171389 -0.312804 -0.389634 -0.597415 -0.757081 -0.820965 -0.859911 0.977650 0.958119 0.935650 0.830009 0.624224 0.569618 0.337414 0.173977 0.098296 -0.155916 -0.305580 -0.386790 -0.622763 -0.771513 -0.828553 -0.855679 
55.791630 5870287.500000 60 60 62 0.676710 0.925999 0.765594 0.989188 0.977425 0.948119 0.861960 0.669046 0.495273 0.327542 0.105820 -0.001258 -0.152758 -0.374343 -0.468607 -0.570061 -0.685649 -0.845193 -0.895831 0.987664 0.972393 0.944095 0.861572 0.610768 0.492896 0.348457 0.185308 0.031830 -0.146349 -0.346129 -0.416281 -0.554966 -0.702106 -0.806235 -0.884361 
46.596176 1289259.875000 60 68 62 0.757093 0.649293 0.718939 0.989261 0.958996 0.914372 0.842097 0.696660 0.552259 0.336883 0.172290 -0.022729 -0.266802 -0.410673 -0.542629 -0.655394 -0.818166 -0.852141 -0.958366 0.990545 0.978608 0.926603 0.854248 0.688855 0.508019 0.303613 0.117635 -0.034252 -0.225089 -0.435378 -0.515647 -0.621857 -0.802473 -0.854429 -0.907284 
44.325058 12730698.000000 64 66 62 0.623118 0.841639 0.856971 0.983226 0.959562 0.897328 0.720349 0.581193 0.423194 0.174555 -0.063907 -0.192029 -0.301808 -0.413345 -0.510162 -0.690288 -0.807904 -0.905219 -0.976230 0.987956 0.963190 0.921317 0.836358 0.687302 0.563142 0.347306 0.176645 -0.069168 -0.291607 -0.371968 -0.500832 -0.649784 -0.785047 -0.879442 -0.977545 
47.374870 22409018.000000 62 62 62 0.856753 0.614986 0.412693 0.982926 0.945399 0.855908 0.639948 0.502279 0.328470 0.115027 -0.081563 -0.253143 -0.353878 -0.498528 -0.635482 -0.738665 -0.857479 -0.915957 -0.974669 0.982999 0.960953 0.870472 0.648925 0.495255 0.312792 0.051211 -0.135634 -0.243951 -0.378516 -0.477940 -0.630314 -0.748570 -0.858471 -0.915642 -0.974130 
38.973186 4395810.000000 56 88 44 0.473513 0.468002 0.408509 0.972248 0.907529 0.826872 0.661168 0.610838 0.469158 0.229995 0.040491 -0.190716 -0.353579 -0.459491 -0.612291 -0.718831 -0.829974 -0.928843 -0.980835 0.979568 0.926995 0.828274 0.632958 0.581447 0.402601 0.190237 -0.004394 -0.244980 -0.329354 -0.467316 -0.624857 -0.723224 -0.836192 -0.919997 -0.983106 
38.433052 1826276.250000 106 102 108 0.351827 0.386928 0.669093 0.962698 0.929028 0.798730 0.754199 0.661876 0.553832 0.306793 0.158730 -0.103885 -0.257539 -0.409989 -0.556987 -0.697035 -0.806512 -0.902226 -0.982159 0.962184 0.921454 0.811404 0.745893 0.646250 0.539537 0.289789 0.112933 -0.079296 -0.306830 -0.439509 -0.568890 -0.713932 -0.833055 -0.917759 -0.975632 
31.161299 475335.250000 108 64 190 0.751972 0.515360 0.502672 0.963441 0.929830 0.824995 0.740300 0.627428 0.486977 0.271115 0.101975 -0.141811 -0.311544 -0.424559 -0.564797 -0.717943 -0.796869 -0.915233 -0.968623 0.961501 0.925060 0.810678 0.751004 0.645456 0.500195 0.284706 0.115825 -0.164669 -0.276150 -0.415308 -0.569042 -0.712342 -0.790347 -0.900670 -0.981994 
49.290012 811491.375000 60 56 80 0.406172 0.465274 0.639639 0.988568 0.974253 0.933030 0.899824 0.821031 0.682369 0.452824 0.192058 0.021049 -0.231492 -0.314901 -0.537589 -0.649271 -0.776665 -0.895639 -0.967683 0.989956 0.971960 0.926100 0.875330 0.671824 0.549305 0.331145 0.142540 -0.058557 -0.277360 -0.409723 -0.549340 -0.691697 -0.810426 -0.910453 -0.959244 
54.413246 5471667.500000 82 86 88 0.673326 0.926924 0.876658 0.982596 0.965285 0.914726 0.850834 0.776789 0.675342 0.334979 0.204709 0.038547 -0.221654 -0.278066 -0.533759 -0.645482 -0.687218 -0.751543 -0.899005 0.983675 0.968792 0.923134 0.870529 0.804605 0.697321 0.403333 0.182899 -0.000969 -0.220491 -0.283995 -0.504072 -0.633466 -0.669274 -0.791341 -0.953782 
53.487000 3729234.000000 88 90 92 0.888796 0.729837 0.900386 0.983414 0.966049 0.928213 0.833759 0.705091 0.680617 0.399810 0.246234 0.109528 -0.174809 -0.260291 -0.542124 -0.660780 -0.713198 -0.802858 -0.905427 0.982692 0.965306 0.918346 0.838089 0.735165 0.688660 0.345128 0.213124 0.011457 -0.195724 -0.275017 -0.517708 -0.672205 -0.705824 -0.785925 -0.881147 
53.456310 1757757.750000 92 94 96 0.915274 0.957112 0.980671 0.985427 0.968249 0.937171 0.877888 0.658131 0.627758 0.511764 0.273547 0.196148 -0.018172 -0.278242 -0.400641 -0.650226 -0.720810 -0.843839 -0.957718 0.985400 0.967986 0.934869 0.860110 0.681374 0.651608 0.512907 0.259903 0.173710 -0.098572 -0.254383 -0.461831 -0.647864 -0.718521 -0.796800 -0.940166 
53.344025 5252740.500000 96 98 98 0.982756 0.771011 0.877192 0.985687 0.970215 0.940150 0.836658 0.589242 0.548073 0.345925 0.224760 0.111623 -0.131396 -0.339386 -0.435264 -0.547940 -0.635999 -0.815297 -0.921179 0.985786 0.965808 0.938950 0.863880 0.619224 0.579471 0.419092 0.235534 0.131362 -0.093892 -0.295930 -0.388522 -0.609792 -0.693823 -0.803140 -0.943031 
49.251488 283025.937500 98 106 104 0.869465 0.821759 0.700540 0.990046 0.981902 0.950265 0.891497 0.673177 0.586050 0.426058 0.208528 0.095186 -0.174835 -0.366207 -0.459638 -0.525803 -0.674996 -0.847284 -0.960371 0.987716 0.977709 0.945136 0.843344 0.603784 0.554407 0.359592 0.207849 0.114625 -0.123875 -0.343204 -0.459210 -0.525106 -0.604830 -0.819531 -0.940711 
41.736031 83040.421875 100 106 102 0.795497 0.376775 0.527570 0.991896 0.980109 0.904278 0.837283 0.724940 0.605609 0.429198 0.242026 0.112160 -0.177262 -0.314285 -0.455963 -0.592149 -0.786726 -0.890777 -0.966539 0.991211 0.981069 0.949924 0.871006 0.729280 0.613446 0.429511 0.240819 0.099725 -0.185894 -0.328509 -0.466774 -0.554777 -0.742752 -0.873251 -0.967201 
33.906933 934116.500000 110 52 92 0.627593 0.496475 0.508111 0.985242 0.959864 0.874986 0.775458 0.613634 0.437899 0.203897 -0.019117 -0.203519 -0.379872 -0.489682 -0.609487 -0.727163 -0.833107 -0.902035 -0.978772 0.991004 0.976732 0.893805 0.828580 0.738293 0.591839 0.432829 0.252330 0.135444 -0.104671 -0.345422 -0.443207 -0.616561 -0.795402 -0.900077 -0.975560 
46.789051 10771430.000000 94 36 60 0.672953 0.452124 0.485375 0.976344 0.948575 0.835239 0.635491 0.418057 0.263927 0.052355 -0.095465 -0.368740 -0.491696 -0.568974 -0.716077 -0.816416 -0.868685 -0.928025 -0.975237 0.969775 0.942635 0.836529 0.681652 0.498944 0.291307 0.076601 -0.117352 -0.315563 -0.463051 -0.563849 -0.675979 -0.794711 -0.844384 -0.924006 -0.979382 
40.232536 1548385.750000 60 74 78 0.387311 0.583146 0.876359 0.988882 0.982812 0.943345 0.694411 0.473816 0.332584 0.166871 0.043146 -0.166420 -0.432717 -0.500123 -0.596443 -0.791140 -0.860820 -0.915254 -0.957728 0.984839 0.953058 0.828280 0.633293 0.420207 0.309830 0.090030 -0.032098 -0.304246 -0.460899 -0.527414 -0.657236 -0.806193 -0.862753 -0.926316 -0.956329 
44.639786 869795.937500 74 88 84 0.778442 0.777277 0.725310 0.990449 0.985163 0.964505 0.810936 0.533962 0.321231 0.195803 0.102498 -0.061260 -0.254906 -0.498222 -0.559201 -0.738547 -0.821531 -0.897617 -0.980893 0.991055 0.982301 0.964800 0.796896 0.529696 0.330608 0.216572 0.088965 -0.058631 -0.321614 -0.495080 -0.565091 -0.757164 -0.839521 -0.901141 -0.975226 
45.945160 1122141.625000 84 80 82 0.794453 0.851217 0.804912 0.991543 0.986048 0.972408 0.784678 0.406505 0.265762 0.195161 0.061533 -0.084378 -0.328723 -0.470450 -0.613429 -0.776847 -0.825130 -0.924368 -0.971937 0.991111 0.985514 0.971059 0.807913 0.491044 0.277171 0.189016 0.100389 -0.057896 -0.270225 -0.494219 -0.556751 -0.773958 -0.821943 -0.912626 -0.979398 
36.701237 1339031.875000 80 74 104 0.802364 0.484124 0.475005 0.989839 0.977104 0.794165 0.636615 0.569503 0.295360 0.215587 0.003341 -0.131290 -0.385817 -0.485287 -0.664828 -0.767251 -0.839276 -0.901740 -0.960391 0.990627 0.985755 0.919326 0.630354 0.501725 0.288412 0.214606 0.024058 -0.123114 -0.365529 -0.492423 -0.674370 -0.785033 -0.835821 -0.904298 -0.968810 
31.837797 738254.375000 136 148 148 0.435443 0.432661 0.762353 0.990088 0.970300 0.759295 0.653815 0.563533 0.274450 0.203519 0.012439 -0.153220 -0.374012 -0.500604 -0.603229 -0.765829 -0.835781 -0.904444 -0.966765 0.989876 0.970595 0.767073 0.643057 0.567048 0.296928 0.216460 -0.004215 -0.123301 -0.370434 -0.495525 -0.617990 -0.786106 -0.831314 -0.899667 -0.948542 
30.726299 721935.625000 150 80 132 0.485079 0.532447 0.406319 0.991067 0.963790 0.772646 0.651648 0.564784 0.297157 0.177496 0.079596 -0.205286 -0.371839 -0.489442 -0.613313 -0.766577 -0.841524 -0.903291 -0.982339 0.991106 0.965779 0.729706 0.654923 0.547790 0.265944 0.188493 0.059753 -0.218898 -0.377187 -0.500103 -0.605165 -0.770968 -0.851022 -0.910961 -0.979627 
28.754169 532064.687500 130 118 100 0.565794 0.373058 0.405487 0.991932 0.961995 0.795651 0.635165 0.517233 0.261059 0.164678 -0.000876 -0.208212 -0.370095 -0.479805 -0.608770 -0.727004 -0.850018 -0.908836 -0.976419 0.991349 0.969344 0.839824 0.639457 0.569333 0.300399 0.184793 0.056496 -0.180510 -0.371072 -0.471363 -0.619789 -0.768220 -0.845876 -0.913164 -0.981847 
30.445652 836438.500000 90 90 90 0.413155 0.585761 0.610723 0.993426 0.962887 0.811229 0.643434 0.552363 0.263299 0.146953 -0.007710 -0.156742 -0.332668 -0.482767 -0.635353 -0.779630 -0.837932 -0.919158 -0.980502 0.991971 0.957837 0.815325 0.644628 0.511848 0.259338 0.141639 -0.025572 -0.195038 -0.366368 -0.475725 -0.619798 -0.745376 -0.845310 -0.915533 -0.979457 
31.698299 1212834.250000 94 110 148 0.545586 0.355832 0.695529 0.987159 0.937607 0.713098 0.636487 0.553724 0.321002 0.166139 0.033163 -0.218420 -0.345423 -0.472324 -0.612972 -0.763960 -0.865614 -0.919444 -0.980788 0.991518 0.943224 0.720121 0.639102 0.550158 0.277577 0.167498 0.022750 -0.167917 -0.308123 -0.488414 -0.631480 -0.776026 -0.849174 -0.916128 -0.978785 
32.868874 1612822.000000 148 110 92 0.658596 0.574720 0.366172 0.988405 0.929266 0.706284 0.649160 0.575710 0.330080 0.122070 0.012872 -0.172409 -0.364009 -0.486846 -0.616637 -0.765241 -0.863610 -0.920008 -0.980949 0.990333 0.929697 0.720445 0.642404 0.570732 0.357000 0.146622 0.016010 -0.223130 -0.371273 -0.475293 -0.619650 -0.780284 -0.860625 -0.924450 -0.985826 
38.122269 2703410.750000 52 56 52 0.441615 0.441935 0.807184 0.988110 0.961592 0.911675 0.774294 0.652237 0.506827 0.191611 0.080893 -0.123305 -0.317306 -0.432929 -0.551599 -0.746018 -0.855862 -0.915905 -0.969514 0.975059 0.914474 0.726030 0.656710 0.574506 0.322741 0.137602 0.044422 -0.169467 -0.345092 -0.468833 -0.596172 -0.761957 -0.868375 -0.916454 -0.968638 
58.587624 22707268.000000 48 62 64 0.615247 0.753031 0.898653 0.974149 0.953115 0.925039 0.857634 0.763809 0.669788 0.259454 0.153966 -0.013185 -0.196468 -0.267917 -0.415946 -0.753629 -0.802639 -0.852860 -0.878495 0.982838 0.953823 0.926608 0.871469 0.758140 0.664886 0.317780 0.168909 0.017399 -0.210535 -0.271497 -0.459090 -0.735677 -0.818569 -0.852793 -0.914659 
60.882782 33378764.000000 64 64 64 0.876338 0.976790 0.937035 0.975565 0.946341 0.913572 0.845364 0.772854 0.689349 0.256966 0.158670 0.044750 -0.204296 -0.280529 -0.377970 -0.717760 -0.776776 -0.852300 -0.878957 0.974113 0.950546 0.919978 0.848926 0.767898 0.670960 0.249439 0.157730 0.019145 -0.199744 -0.285037 -0.384129 -0.732082 -0.786863 -0.850901 -0.881584 
60.425201 21565104.000000 64 66 66 0.935682 0.946744 0.975303 0.977465 0.945283 0.900127 0.860470 0.774764 0.693128 0.336748 0.197242 0.094945 -0.184732 -0.255380 -0.394710 -0.722849 -0.785319 -0.854371 -0.886242 0.976256 0.944683 0.905533 0.849465 0.775076 0.693336 0.284494 0.179509 0.055645 -0.193187 -0.276360 -0.397342 -0.715124 -0.788086 -0.857948 -0.884427 
59.944782 14467647.000000 66 66 66 0.979418 0.985232 0.916400 0.980942 0.938598 0.896718 0.868798 0.766237 0.694546 0.403619 0.210689 0.101867 -0.137629 -0.263792 -0.372336 -0.725825 -0.798905 -0.865519 -0.898810 0.979839 0.942038 0.895874 0.867196 0.767944 0.690563 0.383517 0.209107 0.114703 -0.157678 -0.255791 -0.404644 -0.735918 -0.797705 -0.868399 -0.896099 
58.877937 8202460.000000 66 68 68 0.920750 0.927059 0.918702 0.981449 0.940699 0.901062 0.866365 0.772458 0.716278 0.484949 0.223516 0.131583 -0.173172 -0.284554 -0.402673 -0.636623 -0.780131 -0.859585 -0.913320 0.981335 0.938598 0.897360 0.865911 0.762222 0.698903 0.421952 0.232077 0.119643 -0.130251 -0.272342 -0.367858 -0.681648 -0.768904 -0.860166 -0.912783 
57.918964 10892058.000000 68 70 72 0.978894 0.939648 0.954792 0.979032 0.937087 0.904593 0.852683 0.775891 0.710894 0.404570 0.216984 0.116201 -0.168768 -0.296357 -0.401825 -0.726344 -0.812770 -0.859155 -0.891382 0.980096 0.937519 0.903216 0.859947 0.775908 0.715373 0.475655 0.235170 0.114746 -0.158640 -0.287115 -0.414304 -0.682336 -0.787462 -0.856269 -0.895094 
57.806519 7555597.000000 72 74 76 0.968820 0.941397 0.945671 0.984015 0.943676 0.910104 0.862206 0.782242 0.721061 0.437095 0.223964 0.140618 -0.120558 -0.275086 -0.362967 -0.720189 -0.830079 -0.889698 -0.909520 0.982253 0.940421 0.908405 0.860613 0.782652 0.721386 0.419727 0.223432 0.138532 -0.143615 -0.290688 -0.381104 -0.714720 -0.814432 -0.877606 -0.900386 
57.303978 7224044.000000 78 80 84 0.917548 0.906899 0.901127 0.979877 0.941971 0.905531 0.858481 0.776744 0.704273 0.492035 0.212353 0.154187 -0.140774 -0.283799 -0.397447 -0.697670 -0.816815 -0.886463 -0.918418 0.982959 0.944529 0.908096 0.860893 0.787901 0.714397 0.481736 0.200513 0.138660 -0.122535 -0.297657 -0.415953 -0.714569 -0.831667 -0.899747 -0.917429 
56.655128 5057717.500000 84 86 90 0.891152 0.912884 0.949534 0.981040 0.939756 0.907763 0.860628 0.769759 0.706249 0.486653 0.247756 0.157602 -0.050178 -0.269224 -0.379569 -0.752815 -0.849675 -0.892531 -0.912936 0.981016 0.939479 0.907917 0.860312 0.779269 0.710554 0.492585 0.220566 0.165331 -0.090844 -0.286520 -0.399169 -0.722567 -0.829937 -0.881364 -0.909537 
55.677422 9861845.000000 90 94 94 0.829966 0.743750 0.815526 0.978997 0.936045 0.907589 0.858778 0.743722 0.679788 0.386758 0.207509 0.123717 -0.152871 -0.276202 -0.368935 -0.730221 -0.828121 -0.879796 -0.907360 0.980427 0.938258 0.911715 0.864581 0.757176 0.699264 0.472890 0.233916 0.143397 -0.033859 -0.272307 -0.333382 -0.743075 -0.840104 -0.899523 -0.919876 
56.995598 27891560.000000 96 98 100 0.925587 0.905163 0.936580 0.973856 0.932450 0.904229 0.833078 0.706783 0.644627 0.308099 0.211745 0.110189 -0.202121 -0.305427 -0.456710 -0.744159 -0.820190 -0.897757 -0.915905 0.976851 0.932653 0.901000 0.842208 0.721415 0.646814 0.295247 0.190013 0.058748 -0.190325 -0.304422 -0.414813 -0.763312 -0.829997 -0.896357 -0.912818 
57.142952 26656076.000000 100 102 102 0.934702 0.824299 0.579913 0.967969 0.931700 0.909465 0.827736 0.671010 0.641846 0.298437 0.206188 0.085455 -0.216950 -0.317373 -0.432565 -0.762479 -0.821676 -0.896133 -0.912336 0.968244 0.931249 0.907300 0.824845 0.687094 0.644876 0.295456 0.205857 0.124134 -0.213580 -0.332021 -0.437833 -0.765761 -0.827154 -0.898236 -0.913219 
56.034161 6114378.500000 118 94 128 0.595711 0.469016 0.482379 0.970639 0.938397 0.917924 0.858789 0.670362 0.638416 0.451806 0.243799 0.170484 -0.203457 -0.306633 -0.448159 -0.748106 -0.825164 -0.890843 -0.916412 0.965004 0.928685 0.909563 0.815482 0.670143 0.634406 0.329511 0.229677 0.106965 -0.213402 -0.326035 -0.446251 -0.767680 -0.825297 -0.895487 -0.913412 
51.823292 5074168.500000 128 102 98 0.715640 0.789113 0.748957 0.976890 0.950967 0.930779 0.878308 0.624157 0.583607 0.368495 0.220285 0.094868 -0.170251 -0.325127 -0.378602 -0.738429 -0.814663 -0.887446 -0.912123 0.983440 0.952195 0.930334 0.882189 0.680452 0.625062 0.511245 0.240027 0.174965 -0.180409 -0.303554 -0.405489 -0.738751 -0.820202 -0.883096 -0.916660 
51.370846 517354.312500 98 78 102 0.742085 0.767416 0.342898 0.984896 0.960804 0.944166 0.898468 0.764432 0.627299 0.511426 0.245241 0.172883 -0.184569 -0.319525 -0.409789 -0.746399 -0.828920 -0.893979 -0.926364 0.978891 0.952601 0.937302 0.885005 0.630312 0.584736 0.383097 0.217784 0.134344 -0.185291 -0.342226 -0.409129 -0.753127 -0.813919 -0.885153 -0.913671 
47.725883 152764.515625 166 68 78 0.583124 0.433683 0.534493 0.984252 0.973940 0.940976 0.880433 0.794852 0.668059 0.543144 0.258407 0.175154 -0.112339 -0.295960 -0.396975 -0.686202 -0.826925 -0.893875 -0.958119 0.982841 0.965609 0.937972 0.890476 0.806480 0.659256 0.518543 0.275453 0.159816 -0.165626 -0.308544 -0.376250 -0.674886 -0.825819 -0.889440 -0.947461 
46.651398 81244.820312 76 82 164 0.593064 0.400002 0.596682 0.990193 0.979177 0.935617 0.887474 0.792563 0.679178 0.601497 0.290168 0.216437 -0.075017 -0.303192 -0.473504 -0.689036 -0.804289 -0.900835 -0.975568 0.989076 0.979401 0.946341 0.888716 0.776003 0.671742 0.579915 0.272694 0.207408 -0.048839 -0.297331 -0.450355 -0.677983 -0.821140 -0.907261 -0.965943 
37.861671 45307.351562 70 120 80 0.370344 0.486466 0.513182 0.991210 0.960602 0.912206 0.886807 0.766174 0.673606 0.551554 0.266878 0.125931 -0.150936 -0.337318 -0.520248 -0.640421 -0.842240 -0.924184 -0.976516 0.990172 0.970826 0.925737 0.877846 0.776187 0.670081 0.569318 0.295941 0.189650 -0.127226 -0.303654 -0.489170 -0.655024 -0.797796 -0.915816 -0.980822 
32.295399 55180.617188 82 90 110 0.493385 0.553226 0.478919 0.990810 0.939411 0.906572 0.848587 0.690426 0.643704 0.520519 0.211437 -0.011248 -0.238767 -0.413954 -0.545084 -0.735208 -0.851348 -0.921261 -0.988057 0.991319 0.946254 0.906577 0.875945 0.716584 0.658942 0.562318 0.232379 0.069523 -0.183403 -0.391885 -0.512351 -0.706431 -0.854437 -0.925822 -0.980869 
26.682434 58346.421875 110 114 84 0.556319 0.327075 0.610647 0.991165 0.938138 0.881830 0.810932 0.675364 0.618951 0.399963 0.168343 -0.013456 -0.244984 -0.416695 -0.596967 -0.732813 -0.842377 -0.928184 -0.986674 0.988081 0.941781 0.905195 0.827905 0.684203 0.634663 0.431235 0.187773 -0.025982 -0.252031 -0.386450 -0.581386 -0.730771 -0.847210 -0.936375 -0.992331 
25.318012 65101.269531 84 92 102 0.509488 0.502204 0.444669 0.990907 0.947470 0.895191 0.793215 0.652263 0.601693 0.321546 0.179443 -0.107908 -0.279932 -0.443667 -0.618061 -0.757010 -0.822350 -0.880326 -0.982505 0.991843 0.934279 0.886377 0.812517 0.654540 0.606240 0.375193 0.176795 -0.026614 -0.277710 -0.438073 -0.595397 -0.734112 -0.836159 -0.890955 -0.984040 
24.457668 70629.976562 102 100 54 0.466072 0.512198 0.338765 0.989973 0.952803 0.904621 0.808157 0.654233 0.535634 0.266805 0.138577 -0.145948 -0.352197 -0.519924 -0.659225 -0.776218 -0.824188 -0.884497 -0.967222 0.990883 0.948139 0.903847 0.790612 0.656189 0.586653 0.285514 0.141268 -0.144102 -0.312157 -0.483059 -0.645489 -0.758265 -0.817288 -0.882311 -0.975370 
22.516846 26407.316406 146 92 110 0.483080 0.542824 0.348099 0.989886 0.952189 0.910022 0.826137 0.660153 0.589285 0.317018 0.131178 -0.114072 -0.306288 -0.451706 -0.600512 -0.755240 -0.832331 -0.918375 -0.962421 0.987804 0.952541 0.907223 0.826306 0.653031 0.536421 0.274788 0.128633 -0.115221 -0.319705 -0.499324 -0.642202 -0.774902 -0.827566 -0.906991 -0.961757 
21.406044 16209.739258 206 98 64 0.421813 0.535733 0.471312 0.988580 0.962210 0.898872 0.807123 0.688546 0.569886 0.288162 0.156900 -0.040040 -0.281246 -0.394915 -0.537353 -0.728443 -0.819962 -0.891817 -0.975412 0.989835 0.958323 0.894104 0.821419 0.675629 0.593378 0.269041 0.140520 -0.116584 -0.316932 -0.431080 -0.562819 -0.725241 -0.814191 -0.904942 -0.970998 
16.938574 7434.677734 148 148 56 0.655927 0.378836 0.558494 0.989221 0.954349 0.896662 0.796294 0.661479 0.512274 0.331210 0.123082 -0.043266 -0.248725 -0.390140 -0.575321 -0.735592 -0.835242 -0.926305 -0.978796 0.988127 0.960088 0.914821 0.816244 0.691794 0.544511 0.340847 0.186878 -0.009922 -0.249761 -0.383861 -0.565268 -0.738908 -0.847800 -0.911022 -0.975377 
