34.407158 1112953.000000 20 80 94 0.000000 0.667539 0.467955 0.975114 0.954619 0.877007 0.811072 0.685632 0.513030 0.264380 0.084206 -0.077017 -0.299673 -0.418384 -0.573795 -0.666356 -0.804712 -0.867760 -0.952898 0.976290 0.957929 0.898181 0.795693 0.666514 0.434357 0.363341 0.128134 -0.080113 -0.271599 -0.435857 -0.635534 -0.726744 -0.811408 -0.894977 -0.979757 
58.152077 9089462.000000 66 60 50 0.628597 0.711877 0.897175 0.969646 0.954878 0.923657 0.886188 0.818144 0.625300 0.278473 0.111224 0.021929 -0.204511 -0.291113 -0.389071 -0.605894 -0.701394 -0.772930 -0.942353 0.973923 0.959019 0.927549 0.873096 0.797077 0.601413 0.322584 0.103037 -0.023767 -0.273571 -0.369356 -0.569495 -0.648196 -0.802725 -0.859288 -0.959081 
64.558846 56626256.000000 50 50 50 0.869258 0.986639 0.989567 0.964348 0.937591 0.919575 0.867484 0.783983 0.593870 0.254589 0.089645 0.014413 -0.216685 -0.296255 -0.427469 -0.583901 -0.697533 -0.765225 -0.976856 0.967332 0.942479 0.920521 0.880591 0.807058 0.623419 0.248994 0.097232 0.000127 -0.206179 -0.294256 -0.430714 -0.596198 -0.713683 -0.763281 -0.956969 
66.156738 92501376.000000 50 52 52 0.982849 0.944459 0.972367 0.956821 0.936745 0.911452 0.845058 0.786204 0.609270 0.228069 0.102295 0.007713 -0.207127 -0.293594 -0.425427 -0.593480 -0.683798 -0.776527 -0.990406 0.959896 0.936370 0.917997 0.852022 0.783208 0.593375 0.228549 0.092788 0.023880 -0.238818 -0.289401 -0.439275 -0.587615 -0.694400 -0.767767 -0.985599 
64.457375 55239900.000000 52 54 54 0.981844 0.972992 0.966984 0.959581 0.938804 0.906052 0.854985 0.772433 0.646196 0.298381 0.133731 0.034221 -0.217562 -0.309057 -0.419993 -0.593640 -0.703531 -0.775571 -0.983400 0.957584 0.937498 0.905920 0.848611 0.782559 0.639865 0.288716 0.129108 0.005166 -0.185925 -0.312262 -0.441467 -0.611345 -0.701596 -0.795333 -0.985338 
63.195110 39708664.000000 54 56 56 0.971388 0.958522 0.978996 0.963413 0.941204 0.909807 0.866970 0.744492 0.646457 0.332712 0.125484 0.069476 -0.240122 -0.323172 -0.445869 -0.582815 -0.705427 -0.756804 -0.966884 0.960510 0.939244 0.906534 0.864316 0.763250 0.641209 0.314292 0.136768 0.062809 -0.219464 -0.315210 -0.436460 -0.580634 -0.698333 -0.749491 -0.980177 
60.714905 29858076.000000 56 56 56 0.990054 0.969383 0.985092 0.965464 0.945194 0.913140 0.856761 0.713781 0.622098 0.320776 0.125915 0.055464 -0.206799 -0.330656 -0.427822 -0.552354 -0.697524 -0.757102 -0.932158 0.965155 0.942844 0.912328 0.862231 0.725996 0.656400 0.321911 0.127025 0.068236 -0.218456 -0.329517 -0.413731 -0.557931 -0.687400 -0.757679 -0.954141 
59.728851 43922372.000000 56 56 54 0.979582 0.962658 0.954834 0.964779 0.943939 0.919717 0.832174 0.645319 0.601245 0.350484 0.106854 0.053204 -0.192430 -0.365826 -0.462348 -0.584460 -0.734378 -0.797614 -0.872479 0.966625 0.944004 0.913856 0.843454 0.687668 0.620160 0.327130 0.120019 0.057615 -0.205824 -0.354069 -0.465509 -0.576930 -0.696439 -0.764799 -0.907740 
58.755859 14764604.000000 54 54 164 0.958061 0.948267 0.768352 0.970581 0.945836 0.929531 0.839996 0.638420 0.596604 0.456362 0.112866 0.008580 -0.134306 -0.364024 -0.484100 -0.577112 -0.743237 -0.823985 -0.897491 0.964425 0.943854 0.926064 0.834360 0.626105 0.596037 0.402241 0.113159 0.043798 -0.172785 -0.364492 -0.469692 -0.595612 -0.735019 -0.799552 -0.906875 
47.501736 883099.437500 36 70 38 0.601819 0.516019 0.598802 0.968273 0.947037 0.916622 0.788162 0.685950 0.611560 0.453490 0.188705 0.058551 -0.108469 -0.342775 -0.472837 -0.629484 -0.727839 -0.858521 -0.896587 0.962071 0.947908 0.917720 0.815755 0.643275 0.578208 0.433999 0.156288 0.033093 -0.131472 -0.381233 -0.487534 -0.607541 -0.720646 -0.839285 -0.877024 
39.038570 310442.875000 58 54 54 0.285381 0.772870 0.503096 0.967411 0.935637 0.903451 0.781614 0.705003 0.641532 0.475250 0.157672 0.089295 -0.077933 -0.323598 -0.418327 -0.589400 -0.749243 -0.842088 -0.930824 0.962344 0.941590 0.898249 0.776425 0.699986 0.640898 0.446578 0.156579 0.065165 -0.099213 -0.330479 -0.423742 -0.634410 -0.753567 -0.835786 -0.915496 
36.256882 147525.531250 150 74 148 0.434671 0.632039 0.657637 0.953049 0.936832 0.875714 0.778821 0.709997 0.640816 0.458606 0.234315 0.046971 -0.152048 -0.330629 -0.412615 -0.576213 -0.691506 -0.875883 -0.960666 0.962862 0.938640 0.898916 0.793120 0.709940 0.617745 0.501170 0.176128 0.086401 -0.098075 -0.322218 -0.431803 -0.574691 -0.715693 -0.855671 -0.954803 
35.846077 75951.734375 148 54 56 0.754017 0.709907 0.540235 0.953482 0.938438 0.898960 0.786688 0.702149 0.651005 0.518827 0.221175 0.082651 -0.098778 -0.344844 -0.412550 -0.555701 -0.770437 -0.892103 -0.961499 0.948325 0.938417 0.892466 0.782944 0.709212 0.660671 0.474201 0.228437 0.070684 -0.139901 -0.340260 -0.410236 -0.558760 -0.728080 -0.884809 -0.961908 
31.623333 35931.640625 56 54 56 0.602014 0.703159 0.530589 0.955734 0.934293 0.870611 0.809529 0.721466 0.616116 0.578554 0.242116 0.079706 -0.148485 -0.314276 -0.416258 -0.632816 -0.783045 -0.913783 -0.972993 0.951379 0.939834 0.874613 0.798658 0.703988 0.613778 0.564883 0.245180 0.077801 -0.114867 -0.333857 -0.399534 -0.583069 -0.792326 -0.899809 -0.965405 
29.956312 23112.615234 58 54 56 0.404362 0.615062 0.661551 0.962463 0.937698 0.889267 0.784725 0.737818 0.636296 0.588841 0.289752 0.039574 -0.198593 -0.321139 -0.432029 -0.675219 -0.800144 -0.897714 -0.978369 0.956513 0.942286 0.882099 0.807256 0.733384 0.615589 0.588232 0.276517 0.059428 -0.178477 -0.324146 -0.436221 -0.656556 -0.773603 -0.906619 -0.981982 
26.999857 25035.511719 56 74 86 0.569521 0.585921 0.364825 0.965076 0.936509 0.878516 0.783884 0.725060 0.632766 0.554586 0.224386 -0.017083 -0.219678 -0.359121 -0.514162 -0.658668 -0.801523 -0.899695 -0.980732 0.967174 0.939603 0.884396 0.801463 0.732805 0.648399 0.572913 0.229741 0.007290 -0.195818 -0.339620 -0.488926 -0.671637 -0.816493 -0.903451 -0.980252 
24.624212 13678.940430 86 54 128 0.361199 0.406549 0.492152 0.954309 0.938476 0.874199 0.802469 0.726849 0.646034 0.547923 0.171934 0.028260 -0.177981 -0.337073 -0.510137 -0.708578 -0.823599 -0.915677 -0.972782 0.962176 0.938091 0.881996 0.804697 0.714531 0.630262 0.519328 0.147880 -0.022256 -0.233309 -0.359236 -0.534689 -0.671148 -0.809830 -0.912234 -0.980526 
23.301432 10450.809570 56 56 56 0.537982 0.438087 0.547712 0.966708 0.938930 0.900077 0.797689 0.697088 0.630960 0.492938 0.225805 0.024223 -0.189762 -0.339278 -0.532357 -0.681783 -0.815632 -0.923408 -0.970993 0.963527 0.932367 0.889064 0.808895 0.713438 0.655494 0.519695 0.198671 0.020911 -0.151646 -0.349605 -0.545391 -0.679788 -0.835111 -0.924657 -0.970686 
19.802048 6969.432129 56 52 40 0.514565 0.477928 0.573180 0.979600 0.949437 0.903891 0.824484 0.685183 0.610373 0.368619 0.167622 0.036273 -0.241303 -0.380575 -0.531453 -0.690328 -0.832124 -0.905656 -0.978258 0.973917 0.938054 0.910909 0.799884 0.695338 0.631281 0.439220 0.202120 0.023207 -0.211966 -0.353396 -0.534543 -0.678622 -0.818590 -0.917496 -0.972227 
17.777502 6022.551270 44 82 44 0.415845 0.475365 0.567613 0.978699 0.953771 0.911199 0.815725 0.713684 0.623637 0.376081 0.147854 -0.040805 -0.202428 -0.392719 -0.568273 -0.705358 -0.822554 -0.909753 -0.983052 0.978644 0.951167 0.900661 0.796250 0.702912 0.604561 0.331961 0.154466 -0.015851 -0.245219 -0.378674 -0.542299 -0.724241 -0.820576 -0.904403 -0.978424 
16.234241 5440.526367 132 56 98 0.595775 0.436930 0.483997 0.979943 0.948885 0.901047 0.821237 0.692080 0.567896 0.355640 0.144043 -0.095605 -0.228030 -0.408804 -0.525851 -0.703482 -0.832929 -0.901815 -0.981005 0.982022 0.953681 0.913146 0.816201 0.685243 0.591537 0.360157 0.135869 -0.072500 -0.212570 -0.400254 -0.568913 -0.706388 -0.817205 -0.897610 -0.979793 
16.640720 3800.379395 98 86 84 0.420191 0.480274 0.768457 0.981655 0.960155 0.917368 0.846245 0.706563 0.586192 0.302046 0.134785 -0.071494 -0.240301 -0.411558 -0.582787 -0.679836 -0.858056 -0.919341 -0.978231 0.978870 0.957766 0.909057 0.825361 0.722316 0.547510 0.330673 0.153692 -0.072580 -0.259258 -0.410199 -0.538703 -0.692284 -0.843050 -0.917572 -0.982762 
14.599093 3258.937744 84 130 214 0.748330 0.560961 0.464810 0.975637 0.951193 0.915059 0.819042 0.683122 0.525977 0.290415 0.093555 -0.071953 -0.256742 -0.436307 -0.586840 -0.744679 -0.847338 -0.912083 -0.980443 0.981470 0.959092 0.923523 0.840731 0.680559 0.559290 0.298422 0.099508 -0.053948 -0.269438 -0.435634 -0.597872 -0.700404 -0.826730 -0.913554 -0.976084 
14.904917 3060.595459 82 98 74 0.335879 0.436154 0.672086 0.986960 0.966103 0.936852 0.810883 0.688229 0.458737 0.287243 0.136692 -0.058723 -0.274729 -0.457845 -0.584771 -0.725740 -0.847046 -0.908663 -0.979937 0.980701 0.961682 0.916905 0.826222 0.706278 0.549611 0.316965 0.119272 -0.058276 -0.255782 -0.424389 -0.602456 -0.761869 -0.848385 -0.912043 -0.977953 
54.000851 16327464.000000 56 64 54 0.634548 0.560058 0.975916 0.982819 0.975242 0.960563 0.755917 0.429561 0.373724 0.253786 0.125849 0.040625 -0.203987 -0.443704 -0.518941 -0.607272 -0.722686 -0.781906 -0.986809 0.987163 0.979120 0.957073 0.689737 0.433311 0.347037 0.204063 0.097409 -0.018225 -0.244850 -0.408162 -0.507575 -0.579156 -0.708309 -0.768676 -0.958118 
58.147156 18372672.000000 56 54 54 0.825435 0.914233 0.987515 0.984749 0.972720 0.963271 0.747799 0.490052 0.411448 0.302220 0.134972 0.052277 -0.186747 -0.448245 -0.512474 -0.609384 -0.701474 -0.785067 -0.980018 0.982384 0.973258 0.962814 0.746046 0.436678 0.387687 0.263947 0.136930 0.039345 -0.172743 -0.425559 -0.524584 -0.607874 -0.716567 -0.776745 -0.987989 
55.209145 14344694.000000 54 56 56 0.991768 0.980097 0.927554 0.988002 0.975669 0.963703 0.757977 0.502735 0.432185 0.255686 0.126520 -0.037895 -0.363436 -0.506025 -0.619462 -0.788238 -0.879232 -0.934672 -0.981278 0.987134 0.973893 0.963864 0.780844 0.505083 0.447695 0.314054 0.158075 0.059653 -0.201020 -0.465817 -0.510427 -0.639171 -0.725564 -0.890998 -0.981746 
49.451614 13549466.000000 56 58 34 0.955494 0.921943 0.843456 0.984842 0.976627 0.933585 0.601089 0.548649 0.328151 0.186033 -0.049137 -0.271100 -0.428369 -0.602448 -0.723544 -0.824536 -0.900011 -0.959116 -0.990721 0.987099 0.976888 0.961518 0.659956 0.530393 0.401577 0.174486 0.059918 -0.239813 -0.425351 -0.580746 -0.733307 -0.836475 -0.909350 -0.963368 -0.990233 
46.830601 6736374.500000 106 52 52 0.697339 0.569691 0.736692 0.983855 0.974633 0.812583 0.589924 0.451226 0.338506 0.173378 -0.124463 -0.370384 -0.499632 -0.644625 -0.772125 -0.834755 -0.908415 -0.943583 -0.987838 0.982551 0.976485 0.831783 0.598709 0.507729 0.325803 0.179060 -0.089563 -0.302142 -0.470258 -0.631169 -0.747162 -0.851439 -0.912017 -0.962491 -0.992131 
45.052979 4275952.000000 48 112 130 0.499166 0.718340 0.488987 0.986698 0.966734 0.797006 0.597342 0.501327 0.275261 0.107555 -0.074958 -0.387238 -0.487146 -0.599090 -0.750423 -0.840313 -0.917780 -0.960736 -0.997089 0.986863 0.972493 0.798461 0.595201 0.468625 0.316198 0.130536 -0.117971 -0.402889 -0.493879 -0.626778 -0.762824 -0.818078 -0.902531 -0.943891 -0.984401 
38.687546 630082.687500 128 62 52 0.706229 0.743960 0.606255 0.988587 0.975634 0.873363 0.648290 0.536649 0.408098 0.261229 0.033838 -0.290253 -0.485725 -0.553049 -0.723179 -0.840345 -0.904333 -0.941769 -0.994555 0.989638 0.974053 0.818223 0.610059 0.517915 0.331880 0.123751 -0.036057 -0.364542 -0.501375 -0.576968 -0.735871 -0.847475 -0.907550 -0.959083 -0.996035 
28.771364 229166.234375 54 56 52 0.771954 0.791424 0.552423 0.974806 0.950563 0.889954 0.741030 0.532531 0.405957 0.277889 0.067700 -0.141758 -0.427355 -0.546079 -0.703890 -0.807833 -0.903760 -0.940670 -0.987846 0.981823 0.969929 0.880340 0.631366 0.504578 0.381876 0.271227 0.082231 -0.239521 -0.458133 -0.571087 -0.755771 -0.849948 -0.909380 -0.962380 -0.995937 
36.462265 303326.437500 52 20 146 0.467152 0.654814 0.659244 0.959920 0.948925 0.917843 0.777787 0.717094 0.563891 0.249150 0.077084 -0.039187 -0.362769 -0.515078 -0.689545 -0.800208 -0.882226 -0.947392 -0.991078 0.956385 0.948377 0.904912 0.771219 0.714536 0.545704 0.256052 0.074454 -0.015771 -0.332717 -0.514211 -0.684849 -0.801618 -0.888370 -0.933624 -0.990233 
34.027451 194324.390625 60 66 74 0.688934 0.534479 0.595558 0.946017 0.931425 0.890158 0.834650 0.802515 0.588402 0.169465 0.104472 -0.036723 -0.154722 -0.378865 -0.660060 -0.790354 -0.895537 -0.936257 -0.990887 0.963128 0.941887 0.904796 0.805624 0.729657 0.495537 0.239242 0.091456 -0.071359 -0.333029 -0.537512 -0.699848 -0.797177 -0.884871 -0.948259 -0.989776 
42.278702 333961.625000 74 122 116 0.560736 0.573679 0.489578 0.944925 0.930846 0.895095 0.855267 0.833282 0.576680 0.167163 0.084762 -0.036103 -0.197758 -0.256883 -0.521271 -0.792214 -0.872974 -0.924683 -0.989123 0.942639 0.930582 0.890478 0.839201 0.818339 0.638588 0.169619 0.095935 -0.018867 -0.181938 -0.286853 -0.537915 -0.813617 -0.891130 -0.938199 -0.990145 
51.155704 1475791.750000 116 76 104 0.438173 0.605627 0.600708 0.974159 0.947940 0.924130 0.897858 0.838932 0.691691 0.352684 0.076374 -0.001858 -0.149702 -0.227816 -0.487016 -0.696900 -0.817885 -0.892474 -0.980011 0.952242 0.932691 0.897463 0.860518 0.831784 0.597873 0.153690 0.054131 -0.034014 -0.186452 -0.266167 -0.535611 -0.791240 -0.855579 -0.920833 -0.990368 
59.925499 8256214.000000 36 50 48 0.540771 0.836538 0.980001 0.969891 0.947933 0.920691 0.894129 0.842708 0.700465 0.258797 0.014898 -0.038074 -0.190367 -0.268076 -0.515412 -0.657035 -0.766339 -0.803913 -0.926867 0.971367 0.949079 0.920593 0.890301 0.844620 0.733716 0.283686 0.027877 -0.009707 -0.180449 -0.264228 -0.526231 -0.668805 -0.781275 -0.827005 -0.947267 
60.353317 5494974.000000 48 48 46 0.962124 0.954716 0.950115 0.974315 0.955116 0.922438 0.898093 0.842837 0.727190 0.376594 -0.014779 -0.108488 -0.206564 -0.286093 -0.478132 -0.653679 -0.742493 -0.791682 -0.938146 0.972442 0.950663 0.920176 0.895485 0.837753 0.714360 0.283348 -0.011970 -0.062545 -0.198064 -0.271063 -0.506795 -0.664019 -0.752361 -0.801405 -0.901257 
60.110249 3799986.250000 46 46 46 0.949668 0.977623 0.981465 0.974880 0.962094 0.929027 0.902114 0.844231 0.742388 0.398832 -0.064427 -0.133319 -0.189282 -0.257973 -0.471984 -0.653121 -0.740671 -0.797107 -0.945525 0.974759 0.959504 0.925848 0.901812 0.845509 0.735018 0.424432 -0.077393 -0.145890 -0.208556 -0.282861 -0.488242 -0.644083 -0.726603 -0.790471 -0.943995 
59.867172 3921007.500000 46 46 46 0.981177 0.976384 0.956195 0.975647 0.962979 0.933143 0.905046 0.852519 0.708669 0.348063 -0.077787 -0.151633 -0.213154 -0.344900 -0.498237 -0.619318 -0.708399 -0.782348 -0.957540 0.974905 0.962356 0.931721 0.900401 0.846738 0.714421 0.382316 -0.059153 -0.142358 -0.201534 -0.284710 -0.474692 -0.628051 -0.730972 -0.787976 -0.947604 
58.831367 3299672.000000 46 48 48 0.960226 0.982219 0.992436 0.976702 0.963794 0.931933 0.904439 0.836669 0.680996 0.473523 -0.057674 -0.175436 -0.273180 -0.347470 -0.442847 -0.560450 -0.713870 -0.802515 -0.956665 0.976562 0.963873 0.934277 0.908032 0.855275 0.686990 0.455464 -0.103833 -0.162633 -0.273957 -0.351344 -0.475395 -0.609790 -0.709429 -0.792685 -0.946165 
56.974892 1743820.875000 48 48 50 0.985473 0.991068 0.929302 0.981600 0.966731 0.939421 0.900079 0.847337 0.684822 0.461702 -0.095147 -0.227688 -0.297576 -0.367325 -0.455541 -0.584426 -0.692323 -0.749719 -0.935597 0.976406 0.963879 0.933181 0.901110 0.834671 0.689436 0.427288 -0.077961 -0.198717 -0.288026 -0.358005 -0.451751 -0.581394 -0.714110 -0.764343 -0.935182 
51.347267 520627.500000 50 50 50 0.928968 0.968621 0.983267 0.988641 0.974725 0.938330 0.906991 0.837387 0.716661 0.508240 0.017640 -0.120431 -0.265451 -0.342199 -0.403218 -0.566622 -0.739328 -0.825216 -0.965776 0.988757 0.974039 0.935377 0.903826 0.827163 0.691033 0.471586 -0.017684 -0.158693 -0.269658 -0.352320 -0.437932 -0.566517 -0.698180 -0.788390 -0.957224 
52.057800 330889.843750 50 50 52 0.965565 0.968702 0.942872 0.989490 0.977235 0.951362 0.898854 0.854773 0.739351 0.500310 0.048238 -0.140039 -0.231466 -0.314116 -0.442019 -0.654642 -0.718585 -0.851484 -0.966414 0.989168 0.975392 0.945418 0.903468 0.852077 0.726386 0.506633 0.055493 -0.128932 -0.250441 -0.321259 -0.405946 -0.637000 -0.723208 -0.846285 -0.972084 
52.372856 1892359.000000 52 52 52 0.916192 0.847312 0.933299 0.984465 0.972704 0.944984 0.887246 0.817180 0.654419 0.415276 -0.025553 -0.237236 -0.294929 -0.493397 -0.612586 -0.705644 -0.769533 -0.888776 -0.922638 0.988949 0.977532 0.954337 0.903641 0.836051 0.701010 0.499214 0.070100 -0.171642 -0.259374 -0.364223 -0.557479 -0.675023 -0.772632 -0.884039 -0.931957 
57.229649 4828056.000000 52 52 52 0.888663 0.972673 0.975952 0.982709 0.970237 0.950246 0.873378 0.729922 0.671557 0.541922 -0.006230 -0.174688 -0.236481 -0.351281 -0.609408 -0.683157 -0.756975 -0.809223 -0.898213 0.982909 0.971249 0.948435 0.895710 0.809278 0.715190 0.489309 -0.042927 -0.189800 -0.260435 -0.469959 -0.630513 -0.693075 -0.751766 -0.834016 -0.927270 
57.122314 4466467.000000 52 52 54 0.980212 0.945076 0.985156 0.984951 0.973139 0.957137 0.895096 0.636154 0.552269 0.328363 0.103844 -0.010138 -0.205022 -0.356366 -0.451509 -0.654361 -0.755777 -0.802743 -0.937222 0.983420 0.971271 0.952943 0.881987 0.684864 0.616407 0.445955 0.050444 -0.116523 -0.212029 -0.309243 -0.576377 -0.685303 -0.752956 -0.802452 -0.894262 
55.195080 2901156.750000 54 54 56 0.988888 0.954414 0.984407 0.987303 0.975240 0.961599 0.893883 0.658601 0.359840 0.277484 0.099655 -0.005178 -0.109199 -0.379778 -0.457532 -0.551678 -0.716456 -0.805744 -0.949074 0.986840 0.974330 0.960959 0.889267 0.643822 0.459014 0.324033 0.121571 -0.036937 -0.132746 -0.345126 -0.429379 -0.617549 -0.741032 -0.815940 -0.956673 
55.031990 2992987.750000 56 56 58 0.982757 0.958114 0.979547 0.985929 0.975309 0.965411 0.888182 0.592719 0.338968 0.215080 0.125231 0.027162 -0.118890 -0.409119 -0.472780 -0.549260 -0.654323 -0.801775 -0.950625 0.986575 0.975081 0.962964 0.882629 0.623262 0.364925 0.239543 0.113394 0.019602 -0.098005 -0.370934 -0.470351 -0.532194 -0.665661 -0.828838 -0.939666 
56.065552 7408657.000000 58 58 58 0.978172 0.993781 0.985738 0.983206 0.975101 0.963077 0.851726 0.472368 0.348765 0.211212 0.131724 0.035425 -0.158214 -0.434367 -0.477767 -0.604529 -0.667097 -0.812368 -0.973189 0.984392 0.975271 0.964759 0.877220 0.539082 0.324045 0.202391 0.121711 0.025273 -0.141392 -0.427701 -0.480155 -0.568812 -0.649958 -0.795519 -0.966050 
57.961655 18038188.000000 58 58 60 0.989700 0.951678 0.988215 0.980968 0.974449 0.953038 0.808628 0.497716 0.428900 0.273751 0.130302 0.071848 -0.212571 -0.420749 -0.506064 -0.618673 -0.696849 -0.772996 -0.975728 0.981781 0.974894 0.958801 0.850498 0.477241 0.389195 0.215134 0.133527 0.039353 -0.194774 -0.442785 -0.487069 -0.628515 -0.694144 -0.835594 -0.979139 
58.632645 26546372.000000 60 60 62 0.994263 0.959169 0.992604 0.981299 0.973039 0.941927 0.777002 0.584045 0.538077 0.286672 0.158280 0.071335 -0.276568 -0.417570 -0.520906 -0.597930 -0.717341 -0.753721 -0.967968 0.981038 0.974119 0.947509 0.792381 0.551128 0.501148 0.278903 0.140772 0.072704 -0.255814 -0.444891 -0.516644 -0.624144 -0.714508 -0.760867 -0.974259 
58.733620 31699344.000000 62 62 64 0.994877 0.968789 0.980194 0.981452 0.971977 0.937046 0.758249 0.622678 0.587626 0.262803 0.159090 0.041736 -0.316769 -0.408543 -0.507802 -0.607052 -0.723310 -0.760030 -0.931439 0.981295 0.972071 0.939209 0.759003 0.607149 0.564596 0.286578 0.161743 0.062577 -0.286004 -0.411447 -0.511931 -0.592589 -0.720208 -0.759521 -0.932622 
55.781231 2270763.000000 64 64 70 0.979655 0.850241 0.769780 0.986612 0.980582 0.952676 0.768022 0.657161 0.610745 0.293800 0.163109 0.064552 -0.192344 -0.388306 -0.468624 -0.570960 -0.636836 -0.749725 -0.950090 0.982589 0.974755 0.938712 0.762341 0.637156 0.609080 0.270851 0.158237 0.045781 -0.286524 -0.393714 -0.494274 -0.581649 -0.674346 -0.734211 -0.911608 
51.253288 588068.500000 68 66 66 0.802331 0.935452 0.868054 0.986637 0.978666 0.962309 0.846861 0.653459 0.606832 0.378069 0.224588 0.137870 -0.040336 -0.357048 -0.436773 -0.617722 -0.703448 -0.834943 -0.970504 0.988635 0.980398 0.963501 0.851906 0.649436 0.604871 0.329484 0.196013 0.111488 -0.053177 -0.368425 -0.456936 -0.613901 -0.702111 -0.825279 -0.961822 
49.494953 1010531.750000 64 68 80 0.921916 0.859328 0.493779 0.981327 0.971886 0.937915 0.763013 0.682349 0.581261 0.454392 0.276667 0.099104 0.002221 -0.315565 -0.455918 -0.532553 -0.666146 -0.790760 -0.960753 0.985413 0.977243 0.951524 0.793839 0.668870 0.585978 0.465369 0.267634 0.107084 -0.035781 -0.368651 -0.441967 -0.563616 -0.681504 -0.800002 -0.964466 
39.443802 152083.593750 80 66 56 0.560378 0.645656 0.674306 0.979936 0.961035 0.932858 0.796784 0.672205 0.589920 0.326876 0.220952 0.090065 -0.086296 -0.390489 -0.504693 -0.584973 -0.660095 -0.864894 -0.967825 0.979444 0.967855 0.922381 0.777897 0.693222 0.618291 0.350263 0.239891 0.060568 -0.040065 -0.330308 -0.498138 -0.572589 -0.657238 -0.810758 -0.964224 
30.538958 49580.656250 56 62 60 0.322844 0.446144 0.856174 0.985254 0.974742 0.928152 0.707814 0.641779 0.559532 0.421100 0.225112 0.142721 -0.154019 -0.368390 -0.467706 -0.637828 -0.770811 -0.893575 -0.971116 0.984516 0.961871 0.931263 0.745508 0.636805 0.573502 0.372517 0.203479 0.128944 -0.138939 -0.395124 -0.484824 -0.600053 -0.715102 -0.894201 -0.973777 
26.069157 16538.753906 60 36 94 0.843451 0.288532 0.400219 0.985573 0.970372 0.894462 0.706214 0.636696 0.563923 0.352203 0.211753 0.107527 -0.200965 -0.386651 -0.527366 -0.650383 -0.805474 -0.905555 -0.975048 0.982459 0.975218 0.921180 0.706490 0.638376 0.543106 0.384481 0.238775 0.128593 -0.172119 -0.350730 -0.499408 -0.666689 -0.802656 -0.890147 -0.976594 
19.004799 11611.912109 96 62 98 0.495977 0.716604 0.506633 0.983869 0.965093 0.899572 0.719359 0.639980 0.575469 0.361046 0.151086 0.044486 -0.204531 -0.378407 -0.552498 -0.681646 -0.819995 -0.918269 -0.970620 0.983136 0.961001 0.901176 0.721762 0.642224 0.567459 0.329274 0.179555 0.051120 -0.192465 -0.392660 -0.538981 -0.671315 -0.828468 -0.920172 -0.972106 
17.325872 9596.235352 34 50 146 0.506440 0.481531 0.528121 0.984343 0.961691 0.908075 0.728682 0.628377 0.574823 0.306131 0.141191 -0.045576 -0.227087 -0.365190 -0.542833 -0.692744 -0.836632 -0.913123 -0.976740 0.985352 0.966908 0.878530 0.717355 0.638262 0.555553 0.353340 0.168560 0.048512 -0.240875 -0.358472 -0.534007 -0.685880 -0.834601 -0.914867 -0.976727 
48.877274 46828.281250 50 146 148 0.417138 0.562623 0.632971 0.982020 0.976215 0.952969 0.940498 0.899531 0.635420 0.432138 0.178688 -0.020111 -0.106322 -0.326960 -0.521806 -0.701263 -0.834008 -0.918843 -0.978297 0.979525 0.971886 0.947471 0.936178 0.831926 0.608425 0.470959 0.174294 0.011321 -0.105432 -0.322450 -0.523882 -0.691465 -0.827043 -0.914117 -0.978457 
57.201862 208304.703125 60 66 68 0.767323 0.702705 0.926878 0.983499 0.978910 0.952667 0.936064 0.900987 0.684573 0.446121 0.209365 0.008727 -0.076899 -0.322994 -0.529218 -0.689657 -0.820362 -0.919951 -0.979008 0.981553 0.976235 0.958779 0.945359 0.894691 0.653476 0.423955 0.197947 -0.010799 -0.101263 -0.346570 -0.536692 -0.703513 -0.830115 -0.922417 -0.978863 
59.391613 343346.750000 68 68 66 0.932694 0.970113 0.942283 0.984272 0.977179 0.941147 0.926051 0.905681 0.771342 0.479166 0.281373 0.024305 -0.099694 -0.330766 -0.542297 -0.684484 -0.815804 -0.920602 -0.978783 0.984673 0.978365 0.950350 0.930912 0.910805 0.741186 0.442023 0.241074 0.000159 -0.093135 -0.332336 -0.530061 -0.692172 -0.819801 -0.920994 -0.979608 
60.738125 780711.625000 68 66 66 0.969751 0.953518 0.945526 0.983264 0.974016 0.932832 0.922085 0.895068 0.756161 0.453000 0.339114 -0.010308 -0.144885 -0.448818 -0.601422 -0.657295 -0.733889 -0.896119 -0.976336 0.983586 0.974168 0.933966 0.923061 0.899761 0.757789 0.454293 0.318057 0.023577 -0.138567 -0.359635 -0.575348 -0.664165 -0.797763 -0.916857 -0.978117 
60.210930 2194828.250000 66 68 68 0.952158 0.954972 0.959507 0.983324 0.974529 0.937389 0.902075 0.867580 0.696962 0.480023 0.328607 -0.137321 -0.210225 -0.456552 -0.602853 -0.663852 -0.705474 -0.779144 -0.966816 0.983593 0.974685 0.935354 0.917335 0.877041 0.713243 0.455360 0.357981 -0.065301 -0.176241 -0.458384 -0.610322 -0.666531 -0.721042 -0.836005 -0.973436 
60.630604 3857361.750000 68 68 68 0.973166 0.976450 0.923709 0.982879 0.972555 0.936241 0.866955 0.832181 0.676799 0.568999 0.428953 -0.077871 -0.231099 -0.454466 -0.608237 -0.660888 -0.711757 -0.755889 -0.951329 0.982856 0.972779 0.938101 0.888056 0.843674 0.700488 0.536094 0.390730 -0.142128 -0.210119 -0.424285 -0.596754 -0.665320 -0.705260 -0.764939 -0.959998 
60.150028 5007553.500000 68 70 70 0.922115 0.975230 0.971630 0.983573 0.974285 0.939999 0.861507 0.752652 0.624154 0.567777 0.448927 -0.071663 -0.232433 -0.387403 -0.578650 -0.638596 -0.715124 -0.749402 -0.938011 0.982926 0.973292 0.932132 0.858761 0.813481 0.660446 0.561411 0.460304 -0.085298 -0.227904 -0.420065 -0.589376 -0.651523 -0.708885 -0.757807 -0.945833 
59.310654 4323583.000000 70 72 72 0.973770 0.951606 0.945992 0.985578 0.976505 0.950701 0.836289 0.657188 0.612888 0.541786 0.471746 -0.043706 -0.156399 -0.408536 -0.552900 -0.609406 -0.679779 -0.747189 -0.952871 0.984616 0.974873 0.946818 0.854609 0.675305 0.624492 0.552431 0.458599 -0.082665 -0.218491 -0.370244 -0.572787 -0.636166 -0.696908 -0.742855 -0.942580 
54.667168 788526.437500 72 74 72 0.943525 0.851406 0.580080 0.986472 0.976800 0.940980 0.820944 0.617785 0.575994 0.496533 0.408317 0.094847 -0.090457 -0.289838 -0.492716 -0.567779 -0.688122 -0.813213 -0.967533 0.986227 0.977817 0.951435 0.828469 0.629436 0.591565 0.521555 0.435327 -0.038396 -0.101881 -0.362012 -0.508473 -0.581645 -0.654671 -0.778476 -0.964170 
42.000145 120532.226562 80 78 78 0.431697 0.541786 0.638349 0.992576 0.980653 0.931640 0.804524 0.696663 0.643578 0.561979 0.478205 0.131878 -0.128439 -0.357576 -0.569866 -0.670555 -0.710677 -0.862897 -0.976359 0.989135 0.972049 0.935230 0.791025 0.686782 0.600658 0.512405 0.390022 0.158722 -0.123034 -0.306279 -0.531392 -0.665336 -0.722736 -0.870206 -0.970568 
38.919910 80918.523438 78 70 80 0.634916 0.469327 0.432335 0.988641 0.971623 0.921876 0.818877 0.676377 0.623985 0.557378 0.460159 0.230370 -0.153286 -0.325705 -0.547400 -0.672909 -0.749955 -0.883062 -0.969729 0.992726 0.976362 0.922492 0.805642 0.683947 0.639702 0.569299 0.475102 0.168579 -0.131006 -0.375443 -0.568239 -0.666970 -0.724847 -0.873376 -0.975710 
43.195793 71904.593750 78 78 78 0.392578 0.735343 0.941643 0.991228 0.982841 0.960663 0.844651 0.708681 0.594002 0.557785 0.475738 0.151160 -0.161053 -0.351966 -0.490557 -0.653556 -0.794689 -0.912168 -0.971935 0.991701 0.979753 0.935550 0.840060 0.716389 0.594801 0.551309 0.463617 0.243452 -0.170403 -0.327386 -0.521003 -0.668105 -0.786527 -0.895960 -0.966826 
48.883759 124555.609375 78 78 78 0.937017 0.926024 0.975463 0.990536 0.983874 0.967473 0.878451 0.707615 0.626669 0.553964 0.411659 0.094716 -0.240113 -0.355786 -0.437480 -0.656139 -0.776640 -0.906562 -0.971884 0.990660 0.982871 0.965038 0.880726 0.693378 0.626192 0.562157 0.456918 0.078138 -0.178971 -0.345749 -0.464259 -0.641542 -0.775111 -0.912242 -0.971686 
49.557869 117924.468750 78 80 82 0.976374 0.950559 0.944388 0.990867 0.984730 0.967277 0.902496 0.718371 0.621980 0.469109 0.244248 0.095431 -0.292093 -0.357208 -0.435316 -0.588404 -0.773375 -0.904475 -0.966991 0.990207 0.984090 0.967439 0.892210 0.724952 0.628933 0.533095 0.266044 0.101290 -0.271471 -0.372001 -0.423901 -0.626660 -0.767009 -0.899198 -0.965402 
48.006927 76409.031250 82 84 84 0.941530 0.957666 0.913031 0.990369 0.984931 0.966242 0.927773 0.684566 0.597045 0.441921 0.211109 0.082588 -0.298138 -0.376026 -0.432235 -0.643009 -0.765782 -0.886425 -0.974254 0.990413 0.985292 0.966818 0.918691 0.694159 0.615608 0.437838 0.229034 0.117568 -0.314823 -0.370528 -0.437597 -0.630127 -0.766440 -0.891484 -0.973310 
51.272461 7974073.000000 84 82 84 0.882816 0.895317 0.820286 0.981477 0.969878 0.937968 0.718377 0.580603 0.519032 0.265702 0.156527 0.047897 -0.064753 -0.288666 -0.426267 -0.504621 -0.594722 -0.697080 -0.923420 0.987161 0.977058 0.944410 0.727818 0.582121 0.508058 0.235743 0.119476 0.029728 -0.097687 -0.336638 -0.429637 -0.508345 -0.595868 -0.770763 -0.950584 
53.641907 10392100.000000 86 86 86 0.953551 0.961937 0.931002 0.979331 0.961670 0.922861 0.736187 0.600770 0.535253 0.326075 0.230114 0.078282 -0.019265 -0.168850 -0.415091 -0.517615 -0.618737 -0.723099 -0.933954 0.979414 0.964235 0.926423 0.749091 0.581838 0.523856 0.298071 0.203298 0.050843 -0.054419 -0.212773 -0.441611 -0.527344 -0.615711 -0.707456 -0.902643 
53.087051 5435258.500000 86 88 88 0.872820 0.822897 0.837540 0.975102 0.953733 0.912703 0.774883 0.626063 0.572268 0.404863 0.317039 0.091118 0.037655 -0.137856 -0.394872 -0.539976 -0.586418 -0.759059 -0.948674 0.977603 0.957273 0.919338 0.739955 0.608938 0.538490 0.374906 0.268388 0.089422 -0.001034 -0.143632 -0.390083 -0.526487 -0.603908 -0.721574 -0.939103 
52.056332 2609960.250000 88 88 90 0.836916 0.868346 0.906701 0.975926 0.952394 0.914376 0.796693 0.674329 0.599771 0.485021 0.388077 0.132550 0.082802 -0.051295 -0.379478 -0.537651 -0.630880 -0.854545 -0.958077 0.975526 0.951745 0.910705 0.785113 0.653771 0.569306 0.460212 0.331518 0.117540 0.055763 -0.119118 -0.423785 -0.560986 -0.658364 -0.873698 -0.965111 
52.002754 1520381.250000 88 90 90 0.813491 0.674655 0.850415 0.976027 0.958755 0.914449 0.810492 0.685180 0.626157 0.573713 0.351727 0.157087 0.081733 -0.051403 -0.390177 -0.541903 -0.673770 -0.882700 -0.963996 0.974989 0.957097 0.912659 0.800222 0.671953 0.623828 0.522859 0.364068 0.143174 0.086007 -0.035211 -0.380691 -0.534849 -0.645574 -0.867289 -0.963442 
51.939857 881718.187500 90 90 90 0.839882 0.853941 0.938367 0.978293 0.966744 0.920314 0.799942 0.706231 0.654201 0.591121 0.403224 0.152140 0.080094 -0.057990 -0.312000 -0.586747 -0.744145 -0.895671 -0.973248 0.976647 0.964463 0.914882 0.815634 0.691322 0.647396 0.580382 0.341205 0.150416 0.074743 -0.051815 -0.412686 -0.550890 -0.696221 -0.884221 -0.967357 
51.784920 718372.375000 90 90 90 0.927277 0.939686 0.943278 0.980415 0.972655 0.928574 0.786348 0.674900 0.628302 0.572318 0.433266 0.136600 0.084067 -0.080084 -0.368679 -0.571656 -0.763478 -0.895609 -0.971258 0.979539 0.970275 0.922881 0.791193 0.703387 0.646134 0.584340 0.399493 0.151094 0.095638 -0.025194 -0.305376 -0.580452 -0.748862 -0.896955 -0.973026 
52.145248 1247232.125000 90 90 88 0.954496 0.948705 0.789671 0.980081 0.972312 0.928789 0.767319 0.612159 0.582326 0.477084 0.413515 0.169119 0.057236 -0.039007 -0.466464 -0.506611 -0.674182 -0.876074 -0.963130 0.980583 0.972336 0.934257 0.787875 0.641950 0.609732 0.528951 0.438697 0.161167 0.096681 -0.078120 -0.419259 -0.500090 -0.751559 -0.889319 -0.968046 
52.770847 4194713.000000 88 88 88 0.841405 0.964906 0.963290 0.981289 0.973425 0.934811 0.740889 0.580297 0.524273 0.373860 0.282947 0.063526 -0.067676 -0.183942 -0.438227 -0.542863 -0.586810 -0.745293 -0.957594 0.979722 0.972948 0.928058 0.731074 0.587258 0.541208 0.415565 0.324016 0.105377 -0.014783 -0.171624 -0.407242 -0.514855 -0.577910 -0.810090 -0.962578 
52.139191 1813224.750000 86 88 88 0.969118 0.961788 0.972708 0.985915 0.978345 0.952761 0.758601 0.609428 0.489937 0.356832 0.251640 0.129135 -0.150778 -0.229157 -0.387144 -0.564274 -0.628658 -0.728902 -0.952427 0.983601 0.975961 0.947212 0.738477 0.581579 0.491662 0.348291 0.251622 0.097559 -0.125234 -0.211667 -0.391286 -0.553125 -0.615651 -0.708695 -0.947956 
46.387360 525517.375000 88 90 94 0.973190 0.798710 0.666542 0.987975 0.978842 0.933238 0.706920 0.617116 0.518538 0.338737 0.210174 0.066190 -0.205347 -0.376084 -0.518262 -0.590571 -0.668636 -0.794687 -0.953259 0.987792 0.980097 0.956661 0.749168 0.612218 0.500174 0.393067 0.293675 0.089272 -0.184052 -0.286090 -0.448245 -0.577469 -0.620431 -0.754431 -0.950938 
35.143269 361666.281250 94 88 90 0.607085 0.763981 0.818487 0.983930 0.974556 0.830063 0.683102 0.618511 0.413951 0.305637 0.191030 0.011816 -0.203833 -0.416911 -0.501123 -0.572660 -0.661357 -0.757973 -0.935090 0.985611 0.974303 0.854672 0.669337 0.619756 0.426511 0.297479 0.186798 0.013407 -0.220905 -0.421494 -0.506933 -0.571385 -0.672313 -0.747858 -0.915869 
28.263702 54726.917969 90 66 90 0.866019 0.502453 0.728713 0.982926 0.968596 0.866911 0.668471 0.603986 0.503531 0.389751 0.282582 0.048866 -0.125670 -0.354412 -0.527641 -0.597035 -0.773560 -0.894561 -0.965174 0.980471 0.969253 0.885453 0.678073 0.609092 0.471251 0.358417 0.244550 0.044960 -0.161584 -0.408494 -0.522060 -0.589036 -0.688308 -0.863301 -0.959210 
24.371403 21559.531250 44 46 92 0.638628 0.557207 0.423144 0.981664 0.960849 0.858852 0.655539 0.618236 0.528524 0.413577 0.294457 0.128246 -0.188720 -0.369764 -0.553813 -0.613021 -0.823744 -0.906680 -0.969754 0.986934 0.969710 0.827636 0.672196 0.627928 0.545380 0.394498 0.287417 0.083006 -0.154338 -0.359846 -0.539794 -0.600146 -0.800099 -0.904106 -0.963863 
26.491474 131599.859375 88 86 20 0.452785 0.451082 0.424947 0.966330 0.918962 0.764403 0.675750 0.602315 0.543108 0.387282 0.189927 -0.043922 -0.204729 -0.419248 -0.590371 -0.697209 -0.769421 -0.856770 -0.945060 0.978595 0.958000 0.885941 0.660789 0.618031 0.543443 0.425182 0.304197 0.125779 -0.192905 -0.370271 -0.547414 -0.664046 -0.819744 -0.907519 -0.970593 
43.781128 10145434.000000 76 46 92 0.436402 0.501140 0.560335 0.971168 0.935254 0.843377 0.723988 0.583597 0.552086 0.383038 0.146735 -0.051069 -0.363871 -0.564734 -0.640775 -0.720360 -0.755780 -0.875214 -0.982087 0.957779 0.909362 0.772698 0.663272 0.600182 0.528586 0.397822 0.162684 -0.060638 -0.227595 -0.502259 -0.625973 -0.696938 -0.767231 -0.851647 -0.944256 
42.960377 4949066.000000 92 148 148 0.598385 0.620397 0.576840 0.962497 0.943344 0.827300 0.666620 0.611955 0.515354 0.244483 0.122003 -0.121716 -0.376432 -0.507959 -0.610664 -0.701951 -0.768059 -0.838444 -0.967337 0.971309 0.945682 0.843679 0.713045 0.590996 0.557784 0.333379 0.120310 -0.048124 -0.397494 -0.551205 -0.628870 -0.717394 -0.749689 -0.866311 -0.976989 
40.118210 3931837.750000 122 154 74 0.547162 0.485181 0.621057 0.944367 0.922461 0.762526 0.679150 0.645469 0.492692 0.235356 0.064577 -0.137139 -0.348236 -0.462556 -0.566911 -0.700757 -0.808891 -0.883509 -0.958138 0.947354 0.925796 0.791184 0.678974 0.625298 0.493294 0.254291 0.122846 -0.103276 -0.391371 -0.474980 -0.594465 -0.700074 -0.784534 -0.866085 -0.969930 
36.795143 2147139.250000 74 66 60 0.654199 0.371461 0.686805 0.971503 0.899897 0.835935 0.711588 0.641150 0.472292 0.188963 0.034591 -0.095534 -0.262446 -0.393988 -0.541596 -0.652712 -0.814612 -0.895239 -0.971010 0.945476 0.907561 0.779543 0.680016 0.627801 0.465630 0.182175 0.008313 -0.164204 -0.300588 -0.434888 -0.548151 -0.710676 -0.833873 -0.897508 -0.970229 
45.874435 2257309.000000 58 60 60 0.303447 0.838208 0.910892 0.988846 0.963734 0.922566 0.861203 0.729803 0.630835 0.329676 0.113002 -0.010397 -0.221549 -0.352579 -0.542364 -0.628383 -0.720435 -0.849261 -0.945725 0.991716 0.967359 0.873660 0.782679 0.679730 0.586052 0.245665 0.077985 -0.043976 -0.238849 -0.367765 -0.537475 -0.625427 -0.764216 -0.876971 -0.957287 
51.824093 4736878.500000 60 66 72 0.929817 0.878019 0.952327 0.983221 0.949498 0.896365 0.846099 0.767885 0.666256 0.358260 0.183390 0.097420 -0.174300 -0.254564 -0.438209 -0.608975 -0.696045 -0.746336 -0.915306 0.985442 0.956768 0.905912 0.858148 0.783403 0.673238 0.394142 0.178428 0.046470 -0.160996 -0.284018 -0.472050 -0.626859 -0.701660 -0.786446 -0.932047 
53.163414 5625387.000000 72 72 74 0.956269 0.956939 0.959002 0.980195 0.948406 0.896054 0.847159 0.782717 0.652597 0.374885 0.164106 0.091319 -0.157906 -0.261804 -0.456461 -0.588097 -0.694625 -0.744800 -0.911592 0.981539 0.947988 0.895573 0.842962 0.763518 0.645935 0.346907 0.169984 0.088470 -0.160608 -0.267404 -0.467708 -0.600056 -0.704980 -0.742622 -0.913845 
54.315563 4490352.500000 74 74 74 0.952784 0.993562 0.988365 0.978953 0.951630 0.897130 0.846135 0.799699 0.688215 0.415079 0.165288 0.100939 -0.148746 -0.226791 -0.443645 -0.619059 -0.691896 -0.755074 -0.925457 0.979532 0.949786 0.898538 0.847876 0.792044 0.670113 0.394527 0.165654 0.092533 -0.140973 -0.237991 -0.462421 -0.602625 -0.684403 -0.738079 -0.922284 
55.014412 3492779.000000 74 74 74 0.987705 0.993399 0.962289 0.980004 0.955185 0.909588 0.857145 0.812605 0.714403 0.349556 0.169768 0.103050 -0.123440 -0.192966 -0.373393 -0.643827 -0.723737 -0.785713 -0.947978 0.979035 0.953542 0.900353 0.848414 0.807961 0.705681 0.391322 0.162367 0.100165 -0.140374 -0.215580 -0.391286 -0.620999 -0.696478 -0.775099 -0.946093 
50.663414 264195.625000 74 78 76 0.986031 0.656007 0.865344 0.988688 0.974925 0.917950 0.857136 0.803811 0.722155 0.508219 0.180991 0.103152 -0.125727 -0.189598 -0.416607 -0.690356 -0.751131 -0.848945 -0.969238 0.982475 0.963130 0.919392 0.867095 0.812619 0.727818 0.409541 0.176709 0.111345 -0.110802 -0.181854 -0.362339 -0.654382 -0.748649 -0.805494 -0.957438 
48.384300 221284.015625 76 76 78 0.829992 0.864804 0.833996 0.987886 0.980715 0.930965 0.849330 0.804027 0.735859 0.551874 0.200076 0.083631 -0.104009 -0.165745 -0.393367 -0.657682 -0.778212 -0.893214 -0.976106 0.989178 0.980223 0.926376 0.842755 0.803103 0.728472 0.529906 0.195901 0.074176 -0.105978 -0.169965 -0.396781 -0.665277 -0.762947 -0.883070 -0.968790 
51.185631 870730.437500 78 80 80 0.807707 0.562313 0.965508 0.985160 0.974759 0.936522 0.869448 0.741639 0.681306 0.486144 0.172825 0.090180 -0.160135 -0.213393 -0.378981 -0.717824 -0.774212 -0.808423 -0.944099 0.986181 0.977444 0.936268 0.873696 0.788514 0.723769 0.473382 0.201998 0.105037 -0.105772 -0.177835 -0.346118 -0.684794 -0.783523 -0.864109 -0.973311 
53.105797 5049729.000000 80 82 84 0.966274 0.970880 0.956699 0.982801 0.970546 0.933218 0.805768 0.669828 0.633379 0.278722 0.198688 0.086355 -0.185895 -0.254807 -0.429635 -0.683200 -0.744062 -0.782876 -0.847903 0.982878 0.972260 0.936692 0.849944 0.695296 0.649899 0.355780 0.190945 0.117439 -0.146645 -0.210018 -0.453522 -0.700254 -0.771940 -0.807005 -0.882393 
51.995201 3013768.750000 84 84 88 0.963751 0.947645 0.642296 0.984221 0.973152 0.940249 0.780632 0.668990 0.607178 0.270373 0.174157 0.073907 -0.232423 -0.298971 -0.455769 -0.623553 -0.731248 -0.776205 -0.827146 0.981849 0.970559 0.934447 0.785186 0.666463 0.620587 0.272218 0.183340 0.070273 -0.185664 -0.261540 -0.415958 -0.647931 -0.738907 -0.788634 -0.828040 
47.037178 245693.312500 88 88 88 0.728797 0.845878 0.909598 0.990344 0.985215 0.942915 0.859662 0.733842 0.639871 0.374242 0.196034 0.133561 -0.196950 -0.347435 -0.483842 -0.624942 -0.739833 -0.838450 -0.967512 0.989779 0.981599 0.944697 0.824125 0.688576 0.605974 0.290721 0.170115 0.102540 -0.260940 -0.325081 -0.512765 -0.577730 -0.737296 -0.780319 -0.935587 
45.828495 93238.992188 88 88 88 0.906545 0.929885 0.943998 0.991822 0.983119 0.953753 0.876442 0.745563 0.648401 0.544046 0.201399 0.135472 -0.195898 -0.340228 -0.455531 -0.676965 -0.772211 -0.877379 -0.968564 0.990825 0.983507 0.950147 0.873444 0.732229 0.644116 0.450175 0.207282 0.148323 -0.215019 -0.352489 -0.482787 -0.648653 -0.769553 -0.867442 -0.966134 
42.913513 30020.957031 88 88 84 0.934013 0.881955 0.732073 0.993423 0.986992 0.967869 0.859086 0.701850 0.643235 0.484561 0.214343 0.092997 -0.200367 -0.313120 -0.503598 -0.697938 -0.798181 -0.904469 -0.983441 0.992662 0.984319 0.962405 0.868876 0.730717 0.645249 0.567686 0.211890 0.107163 -0.205659 -0.305534 -0.468883 -0.690852 -0.785772 -0.900206 -0.972191 
35.168396 13194.272461 86 86 92 0.644639 0.684718 0.548633 0.992342 0.984929 0.932239 0.811178 0.696882 0.606083 0.386651 0.184492 0.026046 -0.246080 -0.340207 -0.536370 -0.664172 -0.816722 -0.908422 -0.979196 0.992070 0.986425 0.965108 0.845824 0.703260 0.630257 0.421868 0.201990 0.053703 -0.212991 -0.337639 -0.540164 -0.683133 -0.798546 -0.904578 -0.978200 
23.864189 7893.909180 98 110 88 0.478181 0.512665 0.635624 0.991598 0.983461 0.912874 0.808514 0.703734 0.578401 0.301671 0.168198 -0.050609 -0.237986 -0.368995 -0.572379 -0.705575 -0.829757 -0.917297 -0.976661 0.991712 0.980972 0.896159 0.807261 0.707562 0.600994 0.321967 0.171516 -0.013438 -0.238976 -0.338031 -0.534177 -0.705985 -0.822546 -0.915503 -0.973837 
24.002541 110754.585938 88 96 48 0.683036 0.532682 0.564006 0.979726 0.949460 0.917146 0.825776 0.637877 0.446660 0.109236 -0.037139 -0.227966 -0.399017 -0.494024 -0.561272 -0.672439 -0.806140 -0.899291 -0.984385 0.991064 0.972414 0.913383 0.817266 0.687928 0.581144 0.315568 0.175732 -0.039235 -0.252267 -0.385814 -0.568038 -0.732723 -0.849229 -0.917911 -0.974763 
38.752678 1058027.875000 48 50 150 0.617097 0.498067 0.662764 0.972882 0.958665 0.905419 0.758319 0.501866 0.395500 0.081375 -0.090666 -0.316775 -0.479506 -0.547051 -0.635442 -0.762408 -0.831129 -0.905874 -0.980887 0.971558 0.953776 0.917290 0.861750 0.600364 0.358254 0.046854 -0.069737 -0.312070 -0.454224 -0.526069 -0.573635 -0.729103 -0.816610 -0.905329 -0.987704 
31.227472 336187.281250 76 24 94 0.433619 0.321925 0.486623 0.964238 0.940919 0.874284 0.737479 0.536426 0.383095 0.032409 -0.067258 -0.262723 -0.495880 -0.587911 -0.723642 -0.795894 -0.867324 -0.911100 -0.989798 0.970368 0.953778 0.863211 0.693154 0.510846 0.391961 0.092672 -0.095868 -0.298850 -0.480586 -0.584707 -0.712518 -0.780415 -0.867776 -0.914305 -0.986724 
26.923428 95741.000000 94 90 52 0.533265 0.493194 0.477997 0.977401 0.958423 0.900447 0.797394 0.617184 0.414556 0.119084 -0.046858 -0.205245 -0.431922 -0.568554 -0.706131 -0.773341 -0.870717 -0.919602 -0.978582 0.970652 0.946750 0.897518 0.768071 0.558148 0.366911 0.059623 -0.046667 -0.226981 -0.478372 -0.595828 -0.724255 -0.783726 -0.862437 -0.913870 -0.987752 
21.276348 21327.458984 52 72 62 0.668937 0.521933 0.580426 0.988994 0.974802 0.921483 0.820179 0.640818 0.485952 0.285124 0.077019 -0.219577 -0.438822 -0.531657 -0.646035 -0.767363 -0.851318 -0.915154 -0.956955 0.978537 0.958048 0.895690 0.802619 0.628120 0.440413 0.240313 0.000542 -0.241719 -0.411856 -0.536066 -0.677703 -0.798598 -0.847463 -0.921546 -0.958291 
50.308338 1616045.750000 64 78 82 0.705833 0.751235 0.599309 0.982292 0.969964 0.938140 0.879200 0.827072 0.697430 0.120034 0.039578 -0.060941 -0.182482 -0.315827 -0.591066 -0.674533 -0.753769 -0.813058 -0.888102 0.987812 0.977658 0.955658 0.916834 0.883219 0.734558 0.374443 0.088762 -0.049061 -0.215396 -0.478738 -0.626006 -0.711767 -0.788271 -0.887010 -0.959973 
54.137634 8320361.000000 82 88 88 0.721778 0.913925 0.898346 0.973549 0.958690 0.932151 0.821977 0.687986 0.612312 0.207133 0.093153 0.005370 -0.153895 -0.297517 -0.464192 -0.627928 -0.743657 -0.815527 -0.870401 0.976478 0.962301 0.929839 0.860548 0.777870 0.618673 0.176843 0.056527 -0.020911 -0.147518 -0.298968 -0.507793 -0.660452 -0.753401 -0.823251 -0.859788 
52.350800 4866842.500000 90 114 94 0.842866 0.747370 0.906776 0.977502 0.963809 0.945413 0.800809 0.612739 0.533841 0.278673 0.166598 0.041739 -0.144372 -0.337356 -0.428360 -0.651277 -0.742776 -0.824004 -0.853601 0.974225 0.961488 0.936675 0.783496 0.650179 0.606765 0.252743 0.127846 0.024143 -0.173494 -0.303407 -0.435656 -0.633429 -0.745437 -0.827380 -0.874342 
51.444611 4099026.750000 92 96 96 0.942610 0.903102 0.912164 0.981984 0.972288 0.950025 0.785220 0.489432 0.422630 0.298730 0.171053 0.055652 -0.176580 -0.316244 -0.429596 -0.594827 -0.693166 -0.780983 -0.842748 0.980157 0.967394 0.949666 0.779449 0.515621 0.449489 0.273389 0.162952 0.059332 -0.139284 -0.315999 -0.406711 -0.608781 -0.699067 -0.800947 -0.840563 
49.258160 1030452.937500 96 98 98 0.919295 0.875105 0.963493 0.986513 0.980199 0.960721 0.810023 0.491358 0.392644 0.302426 0.205616 0.071393 -0.167554 -0.319952 -0.395046 -0.537106 -0.701354 -0.778408 -0.918697 0.985268 0.978819 0.953902 0.784860 0.506795 0.412522 0.334429 0.175865 0.086841 -0.167413 -0.328667 -0.416516 -0.584526 -0.705039 -0.782660 -0.876139 
48.016098 396375.562500 98 96 96 0.962352 0.970560 0.965199 0.989377 0.981518 0.972706 0.806852 0.544697 0.383083 0.303583 0.233496 0.095157 -0.164100 -0.360053 -0.411904 -0.533887 -0.640625 -0.829852 -0.957687 0.987903 0.981484 0.967508 0.800080 0.561706 0.394118 0.289665 0.190606 0.097503 -0.131603 -0.318895 -0.392305 -0.549734 -0.689896 -0.799046 -0.943494 
44.060249 113332.375000 96 94 90 0.938145 0.660371 0.694848 0.993294 0.980008 0.973484 0.827526 0.535819 0.412738 0.313754 0.224613 0.087164 -0.152145 -0.371091 -0.422732 -0.534331 -0.675052 -0.877432 -0.963790 0.990869 0.980717 0.974234 0.809501 0.516501 0.391118 0.311116 0.223332 0.053237 -0.177069 -0.370739 -0.419795 -0.525723 -0.612566 -0.852946 -0.960710 
39.599796 90080.601562 86 86 86 0.859911 0.912924 0.819207 0.994244 0.977423 0.967713 0.828907 0.540138 0.433197 0.326272 0.238442 0.067647 -0.211149 -0.408503 -0.478813 -0.639119 -0.769404 -0.882640 -0.964206 0.994326 0.978912 0.970327 0.865034 0.565516 0.412001 0.329831 0.225975 0.122162 -0.150887 -0.380348 -0.426786 -0.566856 -0.749516 -0.888626 -0.961863 
38.676720 1706364.750000 92 84 94 0.667460 0.286638 0.490068 0.980770 0.962307 0.837597 0.542391 0.499233 0.336049 0.199203 -0.063763 -0.395148 -0.470858 -0.604485 -0.718585 -0.783726 -0.826090 -0.883499 -0.970245 0.992558 0.975314 0.934779 0.597821 0.506280 0.420299 0.272185 0.137783 -0.259034 -0.449748 -0.518599 -0.675338 -0.740742 -0.805870 -0.868616 -0.956505 
45.806686 2869912.750000 94 72 110 0.611045 0.642912 0.426814 0.973669 0.945441 0.760995 0.553618 0.500925 0.188801 0.046044 -0.176036 -0.428567 -0.512674 -0.676939 -0.748133 -0.867768 -0.921757 -0.969194 -0.989456 0.974763 0.955467 0.822462 0.539571 0.495838 0.248320 0.098816 -0.182385 -0.409511 -0.490185 -0.659279 -0.761927 -0.817897 -0.863580 -0.933038 -0.980834 
51.845570 3319283.000000 130 86 58 0.547243 0.452195 0.728623 0.979509 0.933061 0.807976 0.625291 0.526886 0.322334 -0.044412 -0.248363 -0.400774 -0.555929 -0.663999 -0.764904 -0.868782 -0.933055 -0.986809 -0.993726 0.977749 0.934096 0.779599 0.586287 0.521606 0.244976 0.015324 -0.187384 -0.404189 -0.523843 -0.663446 -0.755487 -0.864564 -0.934766 -0.982849 -0.991260 
55.212513 3973113.500000 148 150 150 0.328736 0.700959 0.642141 0.977527 0.934211 0.812048 0.643991 0.495248 0.264281 -0.111392 -0.250896 -0.439342 -0.516876 -0.694974 -0.804033 -0.857452 -0.929220 -0.985514 -0.997102 0.978573 0.928494 0.803443 0.635800 0.513914 0.291659 -0.093858 -0.247798 -0.419243 -0.538366 -0.673666 -0.789741 -0.852893 -0.937399 -0.986929 -0.995389 
52.528259 5296838.000000 96 206 42 0.497652 0.338161 0.468435 0.978342 0.926319 0.794021 0.590495 0.473448 0.246706 -0.222389 -0.366423 -0.459055 -0.563551 -0.652446 -0.723135 -0.840771 -0.901755 -0.956659 -0.996018 0.978957 0.935836 0.818780 0.614298 0.492653 0.288055 -0.172709 -0.332073 -0.453550 -0.528951 -0.681327 -0.807317 -0.859236 -0.908556 -0.976230 -0.997022 
53.643764 6271247.500000 132 164 50 0.695302 0.357386 0.459886 0.977801 0.918791 0.794021 0.612578 0.453448 0.096524 -0.145716 -0.339896 -0.480505 -0.560054 -0.677108 -0.753300 -0.868383 -0.910315 -0.973855 -0.993722 0.978893 0.917321 0.786765 0.596398 0.461611 0.181029 -0.177690 -0.365273 -0.469873 -0.563545 -0.663246 -0.720123 -0.815585 -0.903757 -0.965427 -0.996650 
54.098858 6041771.500000 60 52 54 0.408933 0.539811 0.556208 0.979372 0.926300 0.777314 0.609276 0.421330 -0.013478 -0.112681 -0.294577 -0.435962 -0.604423 -0.677007 -0.718249 -0.788487 -0.881934 -0.944168 -0.990876 0.976638 0.919465 0.789570 0.615540 0.430495 0.070587 -0.104636 -0.319081 -0.479738 -0.573600 -0.683908 -0.747897 -0.859736 -0.906745 -0.957351 -0.990965 
44.240143 472980.625000 52 48 52 0.600580 0.550243 0.302530 0.980796 0.962026 0.857065 0.664040 0.493381 0.234026 -0.069656 -0.208462 -0.374177 -0.509908 -0.661074 -0.714796 -0.790850 -0.896376 -0.947297 -0.987811 0.979835 0.944578 0.787252 0.606568 0.454518 -0.003490 -0.123196 -0.259512 -0.375566 -0.537278 -0.664488 -0.696356 -0.751509 -0.853642 -0.949351 -0.988843 
32.253349 132000.125000 130 108 34 0.632812 0.440547 0.377957 0.985787 0.957301 0.868191 0.692082 0.545494 0.334406 -0.044034 -0.232545 -0.396931 -0.558240 -0.669844 -0.730455 -0.842396 -0.906216 -0.970177 -0.992156 0.981445 0.962807 0.890998 0.701068 0.536181 0.301230 -0.029524 -0.251437 -0.418276 -0.550933 -0.678447 -0.740979 -0.824648 -0.901608 -0.961978 -0.992809 
32.043701 97748.882812 130 120 84 0.431747 0.560807 0.420267 0.984406 0.969114 0.879158 0.731972 0.536960 0.368259 0.087104 -0.167288 -0.405588 -0.539258 -0.684741 -0.713367 -0.862154 -0.921533 -0.973882 -0.994327 0.984677 0.962276 0.866769 0.734894 0.542964 0.369754 -0.011355 -0.238618 -0.414285 -0.561984 -0.677207 -0.726574 -0.848571 -0.914114 -0.972769 -0.994025 
43.340458 16700961.000000 50 52 80 0.532195 0.425332 0.331673 0.930814 0.900216 0.763019 0.570235 0.497433 0.256846 0.081243 -0.076262 -0.174507 -0.350056 -0.485544 -0.581618 -0.722020 -0.836442 -0.906060 -0.974237 0.961529 0.909208 0.802160 0.590369 0.496234 0.280420 0.143268 -0.000764 -0.124448 -0.328371 -0.491940 -0.585631 -0.715205 -0.842929 -0.930476 -0.984648 
43.583027 5172237.500000 52 96 36 0.347694 0.513022 0.398362 0.971305 0.901406 0.647247 0.611199 0.510036 0.325149 0.046218 -0.123833 -0.196311 -0.330112 -0.510531 -0.638291 -0.724009 -0.849696 -0.931312 -0.984433 0.953405 0.907555 0.725014 0.575254 0.514301 0.247292 0.053867 -0.133386 -0.210256 -0.360454 -0.487053 -0.610330 -0.733941 -0.846082 -0.916439 -0.983466 
37.188896 2598066.500000 70 68 54 0.521045 0.497988 0.372639 0.966260 0.848574 0.705266 0.667152 0.584378 0.402494 0.142073 -0.009092 -0.250100 -0.348518 -0.485420 -0.630499 -0.746537 -0.863553 -0.921336 -0.973249 0.968031 0.874164 0.670111 0.643553 0.545235 0.344347 0.129779 -0.074775 -0.218382 -0.338910 -0.538908 -0.646991 -0.756038 -0.856757 -0.927351 -0.983573 
30.446642 476842.218750 56 50 56 0.459735 0.527506 0.334574 0.972103 0.915263 0.778992 0.695682 0.574867 0.444265 0.250111 0.028943 -0.164532 -0.305462 -0.467547 -0.619615 -0.750838 -0.874221 -0.929149 -0.979834 0.964357 0.899734 0.729883 0.689632 0.563051 0.413404 0.169517 0.009511 -0.221147 -0.342663 -0.462009 -0.614152 -0.757290 -0.867822 -0.926498 -0.982776 
48.317299 932019.437500 78 64 66 0.387348 0.651651 0.821108 0.986726 0.979996 0.943180 0.896187 0.789976 0.593391 0.391393 0.012274 -0.117609 -0.265117 -0.401601 -0.511068 -0.703137 -0.824541 -0.931450 -0.989718 0.990740 0.978890 0.933349 0.805637 0.658991 0.560841 0.321799 0.042834 -0.139746 -0.247577 -0.445648 -0.607989 -0.741459 -0.875587 -0.931931 -0.991530 
55.369118 1140240.250000 66 70 74 0.867202 0.963750 0.976795 0.986305 0.980731 0.940447 0.906611 0.870600 0.584120 0.260021 0.125991 -0.122333 -0.200116 -0.363717 -0.457526 -0.567871 -0.781218 -0.936634 -0.991525 0.985663 0.980340 0.937850 0.900692 0.843273 0.583383 0.289713 0.085334 -0.138372 -0.225884 -0.394738 -0.466001 -0.576168 -0.802586 -0.904530 -0.986602 
55.783134 588752.062500 74 76 78 0.972466 0.983695 0.986432 0.987238 0.981666 0.948066 0.913528 0.876810 0.656398 0.237573 0.128624 -0.064988 -0.163035 -0.336867 -0.462536 -0.558229 -0.773506 -0.918536 -0.987705 0.986749 0.981125 0.942212 0.911064 0.870917 0.608717 0.253956 0.131498 -0.109393 -0.175000 -0.342876 -0.486251 -0.548423 -0.750771 -0.942726 -0.990785 
54.730495 280960.968750 78 80 82 0.958738 0.972334 0.970742 0.988221 0.980837 0.954400 0.918835 0.888500 0.689497 0.210695 0.136894 -0.027400 -0.103869 -0.260369 -0.467130 -0.598151 -0.808849 -0.910823 -0.979808 0.987736 0.981116 0.954403 0.917834 0.883360 0.683455 0.248981 0.163841 -0.057436 -0.131173 -0.311375 -0.484428 -0.577269 -0.794496 -0.904126 -0.978509 
53.622139 168572.593750 82 86 88 0.944544 0.949867 0.930341 0.986341 0.979177 0.955333 0.925635 0.894120 0.667106 0.290322 0.125998 0.033854 -0.075371 -0.224146 -0.515526 -0.673831 -0.820085 -0.914083 -0.980637 0.987540 0.980826 0.953706 0.922011 0.895356 0.705280 0.248068 0.145253 -0.007612 -0.093778 -0.247483 -0.496627 -0.650365 -0.819312 -0.918924 -0.980430 
53.228832 143886.859375 90 92 92 0.942455 0.943649 0.962434 0.985166 0.979363 0.959122 0.930570 0.892876 0.619535 0.217306 0.121061 0.048567 -0.032319 -0.250033 -0.555479 -0.681033 -0.828313 -0.916190 -0.987774 0.986314 0.979458 0.962199 0.930724 0.905021 0.666013 0.210790 0.109633 0.020125 -0.051220 -0.228352 -0.528162 -0.691529 -0.825721 -0.911586 -0.979633 
53.008228 185705.109375 94 96 96 0.977094 0.929755 0.966477 0.983877 0.978805 0.950961 0.928140 0.891305 0.645610 0.155744 0.078074 -0.007679 -0.055371 -0.221598 -0.596583 -0.678601 -0.750360 -0.878365 -0.978554 0.984272 0.978817 0.956635 0.928994 0.896687 0.638416 0.181560 0.105273 0.018959 -0.047382 -0.209801 -0.572003 -0.678201 -0.784200 -0.910480 -0.980940 
52.377731 170888.984375 96 98 100 0.958271 0.968643 0.978567 0.984224 0.978453 0.948514 0.928540 0.903088 0.626984 0.134498 0.070953 -0.025261 -0.059951 -0.278355 -0.617308 -0.664070 -0.737949 -0.866327 -0.976261 0.984043 0.978837 0.949338 0.927362 0.898258 0.635366 0.179450 0.087073 -0.020783 -0.068326 -0.282634 -0.622699 -0.668034 -0.733644 -0.877658 -0.976634 
51.258091 116417.937500 100 102 102 0.979189 0.973463 0.839175 0.984116 0.976396 0.953315 0.935187 0.899976 0.618600 0.210163 0.053351 -0.019175 -0.078861 -0.199048 -0.598065 -0.660317 -0.774925 -0.885759 -0.975424 0.984200 0.978018 0.949936 0.931974 0.895877 0.636914 0.157299 0.056197 -0.017449 -0.063299 -0.221086 -0.619736 -0.663310 -0.758154 -0.877994 -0.975381 
48.844788 54400.406250 100 106 110 0.700509 0.503059 0.483386 0.985055 0.975789 0.955600 0.937816 0.892229 0.622262 0.256245 0.042787 -0.009601 -0.068305 -0.229420 -0.551620 -0.655677 -0.788150 -0.906574 -0.977987 0.985737 0.977157 0.957561 0.934914 0.880809 0.614604 0.197212 0.034237 -0.019342 -0.068182 -0.199650 -0.565729 -0.668301 -0.789369 -0.882491 -0.975125 
47.358585 25365.871094 58 92 72 0.698171 0.649064 0.862156 0.986264 0.977065 0.954314 0.943192 0.883964 0.621042 0.368261 0.054208 -0.005123 -0.087663 -0.328294 -0.522608 -0.673403 -0.818301 -0.927347 -0.973158 0.985103 0.976784 0.956024 0.940971 0.899024 0.632514 0.307531 0.060512 -0.009494 -0.061533 -0.258305 -0.528790 -0.647298 -0.801562 -0.918371 -0.977181 
48.339943 33245.417969 72 92 80 0.907457 0.883902 0.540581 0.984602 0.973585 0.958045 0.942498 0.903924 0.647637 0.326709 0.042796 -0.013804 -0.099547 -0.311302 -0.533252 -0.680218 -0.806761 -0.914978 -0.981237 0.987410 0.976462 0.959042 0.944912 0.898210 0.660145 0.322765 0.055156 -0.021251 -0.096119 -0.299344 -0.529778 -0.686559 -0.823732 -0.912348 -0.975567 
43.277248 25221.908203 132 148 148 0.527746 0.476336 0.467101 0.986885 0.976159 0.954875 0.940734 0.876171 0.592457 0.423347 0.117621 -0.024171 -0.182107 -0.371480 -0.527452 -0.678327 -0.814266 -0.912447 -0.983180 0.988051 0.977133 0.958884 0.938848 0.821363 0.593559 0.430714 0.138470 -0.006590 -0.102641 -0.359040 -0.549288 -0.694642 -0.807959 -0.925797 -0.981011 
43.030201 11984.180664 58 72 80 0.581691 0.486992 0.837958 0.989341 0.978757 0.958729 0.946644 0.862873 0.576444 0.367207 0.128848 -0.058310 -0.171973 -0.375900 -0.556551 -0.701934 -0.839441 -0.918493 -0.973194 0.986274 0.974882 0.956044 0.943730 0.885311 0.614620 0.374742 0.107119 -0.040884 -0.159786 -0.389012 -0.506116 -0.676840 -0.825822 -0.908477 -0.978746 
37.398102 9057.378906 82 82 82 0.825173 0.881749 0.713607 0.993012 0.978317 0.963336 0.940738 0.794310 0.571096 0.354043 0.124137 -0.080746 -0.219056 -0.390839 -0.569050 -0.709685 -0.824766 -0.900298 -0.977487 0.991285 0.979212 0.961707 0.947916 0.837821 0.564181 0.353919 0.157695 -0.080718 -0.201866 -0.354892 -0.584997 -0.721141 -0.833128 -0.908839 -0.968067 
28.850677 6494.694336 78 84 74 0.753072 0.495928 0.380533 0.984859 0.970818 0.947285 0.898583 0.726478 0.512330 0.334316 0.103448 -0.074032 -0.209397 -0.387915 -0.552567 -0.700234 -0.832024 -0.925020 -0.981134 0.992856 0.977552 0.957830 0.918054 0.748066 0.568854 0.362811 0.109816 -0.074589 -0.220876 -0.405081 -0.558417 -0.701233 -0.817035 -0.910235 -0.978233 
21.870325 4869.707520 74 90 38 0.390234 0.521451 0.498404 0.988336 0.967246 0.946660 0.855819 0.728530 0.538817 0.333448 0.148273 -0.105763 -0.251800 -0.414027 -0.577016 -0.723140 -0.858110 -0.928005 -0.976648 0.991542 0.966704 0.943485 0.878209 0.711963 0.492536 0.341462 0.114866 -0.103745 -0.241313 -0.395623 -0.559016 -0.703819 -0.849358 -0.921894 -0.973933 
17.353525 4101.418945 48 120 46 0.339403 0.549353 0.583799 0.986781 0.966599 0.926972 0.859684 0.651851 0.477053 0.326351 0.149762 -0.071084 -0.250592 -0.411982 -0.584595 -0.756682 -0.850176 -0.933282 -0.975064 0.986274 0.966945 0.932989 0.850561 0.659978 0.506133 0.321748 0.160508 -0.064532 -0.242910 -0.404188 -0.588855 -0.727306 -0.843892 -0.928008 -0.975584 
14.093189 3024.159424 48 130 44 0.494006 0.442353 0.592265 0.984004 0.960633 0.921081 0.824032 0.674936 0.515284 0.310798 0.086723 -0.103119 -0.253567 -0.395696 -0.600672 -0.755294 -0.866242 -0.918461 -0.980308 0.985477 0.969530 0.908267 0.829906 0.674866 0.513935 0.335932 0.149421 -0.087068 -0.270561 -0.400345 -0.577761 -0.771183 -0.865762 -0.925817 -0.977810 
17.387604 4225.301270 42 214 46 0.610262 0.420482 0.532021 0.985956 0.966885 0.935092 0.841491 0.678534 0.500230 0.277443 0.177878 -0.051845 -0.224446 -0.410219 -0.552577 -0.734053 -0.811388 -0.924871 -0.981450 0.987886 0.961545 0.933403 0.852474 0.651232 0.483559 0.287541 0.102303 -0.069410 -0.244428 -0.401251 -0.590737 -0.743577 -0.824875 -0.916972 -0.980142 
13.548417 3292.648193 52 56 106 0.487880 0.561097 0.461995 0.985551 0.960407 0.907646 0.822222 0.644660 0.466054 0.299799 0.104777 -0.122976 -0.243034 -0.433052 -0.593910 -0.723372 -0.839549 -0.924323 -0.968752 0.983776 0.969069 0.914138 0.802880 0.665590 0.488341 0.276882 0.166842 -0.093080 -0.243590 -0.424273 -0.589122 -0.744849 -0.829051 -0.933935 -0.975127 
7.010929 167.219803 108 20 20 0.432906 0.610186 0.838594 0.989931 0.956272 0.887802 0.786020 0.631597 0.529460 0.346588 0.042448 -0.066792 -0.273511 -0.380613 -0.554061 -0.731549 -0.803666 -0.937934 -0.976226 0.989266 0.961533 0.896094 0.809674 0.643602 0.500691 0.319915 0.092174 -0.099344 -0.260279 -0.407439 -0.602791 -0.736971 -0.827824 -0.930277 -0.972000 
