50.169159 17077126.000000 20 68 56 0.000000 0.643674 0.827610 0.963905 0.935722 0.901058 0.822192 0.745161 0.624842 0.167680 0.010980 -0.069755 -0.209997 -0.321582 -0.438291 -0.675344 -0.806760 -0.901090 -0.921460 0.969579 0.933573 0.896670 0.786779 0.701338 0.556180 0.283250 0.022720 -0.055766 -0.205551 -0.316594 -0.468302 -0.706492 -0.862334 -0.922547 -0.961916 
61.794868 78287952.000000 56 56 62 0.806648 0.958374 0.680543 0.965962 0.948951 0.916991 0.828771 0.756298 0.656706 0.177588 0.013798 -0.045918 -0.220889 -0.315079 -0.409848 -0.644094 -0.795468 -0.896813 -0.915890 0.960909 0.941027 0.901381 0.816900 0.748836 0.651407 0.218132 0.023428 -0.085701 -0.201855 -0.326517 -0.411188 -0.649911 -0.799024 -0.892026 -0.911610 
54.830971 1712122.375000 58 62 56 0.742653 0.698618 0.915147 0.992993 0.987745 0.917836 0.820239 0.773906 0.700611 0.239718 0.064622 -0.054342 -0.235414 -0.354356 -0.439676 -0.611130 -0.789190 -0.896530 -0.921335 0.979861 0.955892 0.935751 0.835262 0.763317 0.661497 0.188844 0.029119 -0.011978 -0.187917 -0.311736 -0.381594 -0.658532 -0.792404 -0.896915 -0.915805 
54.172443 2800003.500000 56 56 54 0.921893 0.967769 0.906782 0.993276 0.989076 0.904784 0.810299 0.767126 0.639012 0.232109 0.076852 -0.091632 -0.262084 -0.324739 -0.406374 -0.587240 -0.760705 -0.888741 -0.915002 0.993494 0.988613 0.911294 0.831902 0.760245 0.683752 0.261478 0.088004 -0.099124 -0.241625 -0.334234 -0.424441 -0.554311 -0.729115 -0.884584 -0.926655 
57.199329 3340473.250000 54 52 52 0.905678 0.965570 0.941157 0.992738 0.989104 0.916887 0.832411 0.779235 0.648674 0.317894 0.111094 -0.070854 -0.262295 -0.335003 -0.397804 -0.539681 -0.737196 -0.870659 -0.944051 0.992910 0.988693 0.895635 0.825825 0.765274 0.648599 0.270770 0.084775 -0.098637 -0.274623 -0.327972 -0.396621 -0.565980 -0.773662 -0.886435 -0.916919 
62.801460 60970872.000000 52 48 44 0.954579 0.735995 0.903618 0.975573 0.958125 0.921176 0.841220 0.774640 0.710302 0.312657 0.013063 -0.051255 -0.180631 -0.314407 -0.419828 -0.599211 -0.738960 -0.864824 -0.949889 0.990855 0.977441 0.921807 0.830102 0.761094 0.640320 0.268268 0.015185 -0.053754 -0.216845 -0.341212 -0.460127 -0.618697 -0.797883 -0.906159 -0.965719 
64.544861 111467384.000000 46 44 42 0.901183 0.929195 0.900205 0.968511 0.947934 0.892838 0.830245 0.744884 0.696634 0.331627 -0.020192 -0.090702 -0.226863 -0.316951 -0.425312 -0.569707 -0.703022 -0.814844 -0.934259 0.969779 0.952224 0.902762 0.835710 0.757513 0.705935 0.290716 0.017367 -0.043787 -0.207860 -0.311934 -0.416140 -0.561730 -0.681968 -0.803153 -0.946727 
62.516685 59837388.000000 42 40 38 0.968439 0.983425 0.986814 0.968885 0.948084 0.898574 0.842064 0.741429 0.685665 0.426137 -0.036003 -0.120981 -0.235426 -0.320275 -0.425962 -0.546555 -0.714710 -0.795488 -0.952954 0.967691 0.947103 0.891836 0.831533 0.734656 0.692067 0.395924 -0.035117 -0.124831 -0.205656 -0.319742 -0.431585 -0.563711 -0.718723 -0.805653 -0.936108 
60.788673 36404376.000000 38 36 36 0.992674 0.931695 0.982306 0.977728 0.953480 0.914293 0.857405 0.754617 0.659359 0.423154 -0.053717 -0.141164 -0.239232 -0.320611 -0.450476 -0.558154 -0.718320 -0.792586 -0.968520 0.971824 0.949150 0.909939 0.846293 0.758923 0.675412 0.421833 -0.057388 -0.137700 -0.253291 -0.323602 -0.437578 -0.533844 -0.705993 -0.777355 -0.967819 
58.050594 8852531.000000 36 36 36 0.973758 0.960604 0.977009 0.983716 0.972457 0.905775 0.861243 0.784766 0.663935 0.434950 0.005748 -0.174129 -0.212480 -0.331114 -0.438869 -0.535146 -0.674725 -0.802335 -0.962557 0.980726 0.960978 0.909929 0.866853 0.785219 0.671136 0.424023 -0.012222 -0.168490 -0.202547 -0.311948 -0.413885 -0.583261 -0.732812 -0.818575 -0.975401 
55.851974 2191341.000000 36 36 36 0.967707 0.927611 0.914910 0.985552 0.981813 0.912693 0.847035 0.764356 0.637868 0.476037 0.122479 -0.044759 -0.156106 -0.334679 -0.404209 -0.486577 -0.718267 -0.827961 -0.959805 0.985219 0.980193 0.903511 0.851933 0.773210 0.660542 0.367389 0.041779 -0.123582 -0.220369 -0.320048 -0.437139 -0.555008 -0.718874 -0.832408 -0.962960 
56.588631 1509871.625000 36 36 36 0.905635 0.957594 0.919879 0.985177 0.981838 0.916431 0.862004 0.787621 0.637098 0.475716 0.153937 0.007296 -0.144956 -0.330984 -0.381815 -0.470436 -0.757033 -0.853965 -0.966410 0.985254 0.981295 0.919127 0.861651 0.783963 0.645934 0.452300 0.131122 -0.013927 -0.161790 -0.312367 -0.389426 -0.456462 -0.711961 -0.856246 -0.965297 
56.413765 1392497.625000 36 36 36 0.960735 0.973060 0.976409 0.985690 0.982787 0.938482 0.853927 0.743245 0.593130 0.452089 0.134360 -0.023960 -0.131487 -0.311013 -0.363653 -0.522321 -0.753723 -0.833787 -0.963243 0.985296 0.982256 0.923247 0.854333 0.783695 0.616423 0.459005 0.141575 -0.029448 -0.152562 -0.305231 -0.373556 -0.497647 -0.760842 -0.834741 -0.964775 
55.661793 961143.687500 36 36 38 0.977987 0.956769 0.973949 0.986515 0.983213 0.935135 0.867543 0.767842 0.660805 0.443253 0.119393 0.005861 -0.216021 -0.298829 -0.382814 -0.620480 -0.730989 -0.829748 -0.971465 0.985933 0.982902 0.935485 0.863696 0.756907 0.623462 0.454305 0.135483 0.004727 -0.154945 -0.315923 -0.363720 -0.597452 -0.746044 -0.831201 -0.968874 
52.867970 437622.343750 38 38 40 0.976278 0.937444 0.912854 0.988159 0.984119 0.932610 0.865125 0.794462 0.680887 0.402990 0.149353 -0.032588 -0.147631 -0.233409 -0.384823 -0.476643 -0.737928 -0.887019 -0.969078 0.987559 0.983978 0.936785 0.866182 0.777614 0.675550 0.424779 0.152509 -0.018017 -0.196256 -0.287901 -0.395989 -0.583370 -0.732883 -0.860875 -0.971690 
50.880451 173648.359375 40 42 46 0.909383 0.910595 0.901288 0.989722 0.985510 0.950264 0.872883 0.774812 0.690935 0.468652 0.122074 -0.036440 -0.101415 -0.292782 -0.389671 -0.500967 -0.779366 -0.906671 -0.972794 0.988868 0.985075 0.932318 0.868882 0.797377 0.666991 0.446618 0.133627 -0.045142 -0.104028 -0.216226 -0.385714 -0.466868 -0.755269 -0.899110 -0.970854 
50.098419 2004834.500000 44 46 48 0.882508 0.874859 0.911660 0.989174 0.977030 0.931568 0.838902 0.741690 0.615123 0.415930 0.150589 -0.040154 -0.142646 -0.363458 -0.433807 -0.613509 -0.893551 -0.955240 -0.979019 0.989824 0.983611 0.938484 0.848086 0.734635 0.623582 0.404312 0.149404 -0.054095 -0.163286 -0.363760 -0.438075 -0.645894 -0.895108 -0.953630 -0.980615 
55.029068 1933438.125000 48 50 54 0.922304 0.885368 0.740311 0.983089 0.966844 0.947211 0.865987 0.802919 0.742563 0.431693 0.070912 -0.099984 -0.161960 -0.299543 -0.410501 -0.501547 -0.632499 -0.916415 -0.969766 0.988163 0.971021 0.948078 0.865838 0.792069 0.716747 0.436737 0.080691 -0.071228 -0.142393 -0.328281 -0.429017 -0.505386 -0.706794 -0.940891 -0.975509 
56.722378 908569.062500 54 60 62 0.689973 0.923828 0.901024 0.981591 0.972872 0.945041 0.894644 0.829914 0.758159 0.477840 0.040712 -0.115075 -0.207411 -0.329176 -0.397676 -0.473426 -0.667130 -0.878114 -0.971630 0.981062 0.969407 0.943497 0.886883 0.810757 0.739233 0.481408 0.057871 -0.093401 -0.173510 -0.305497 -0.396703 -0.478770 -0.638409 -0.885132 -0.971154 
53.636776 347589.718750 64 66 68 0.866510 0.882088 0.929666 0.985069 0.979181 0.947873 0.897633 0.813210 0.748107 0.476281 0.008403 -0.168027 -0.259266 -0.350370 -0.436318 -0.678066 -0.735135 -0.821547 -0.967037 0.983202 0.976058 0.945195 0.896398 0.830171 0.762529 0.465929 0.018795 -0.129145 -0.229632 -0.322211 -0.379220 -0.538553 -0.723416 -0.866331 -0.973005 
50.930351 222540.625000 68 68 72 0.934976 0.745729 0.930079 0.986645 0.981812 0.958206 0.883147 0.838376 0.725258 0.440278 0.076627 -0.145150 -0.256559 -0.385920 -0.636427 -0.713346 -0.758296 -0.804601 -0.953398 0.984914 0.979952 0.952177 0.879332 0.824307 0.720348 0.509704 0.023422 -0.161334 -0.277401 -0.381414 -0.584791 -0.706525 -0.746819 -0.804159 -0.954933 
52.110462 134941.828125 72 72 74 0.937993 0.920187 0.981633 0.987701 0.983525 0.966441 0.895183 0.834283 0.723882 0.430409 0.199183 -0.116898 -0.274915 -0.386901 -0.593169 -0.717489 -0.762271 -0.851747 -0.974148 0.987186 0.982925 0.963402 0.892738 0.831859 0.745207 0.444257 0.123970 -0.125854 -0.266834 -0.396265 -0.616872 -0.711344 -0.753083 -0.821278 -0.961551 
52.796551 3830419.000000 74 74 68 0.983692 0.858121 0.848075 0.983446 0.976840 0.941756 0.837017 0.766253 0.643923 0.180880 0.008082 -0.109385 -0.256834 -0.385449 -0.503182 -0.671331 -0.736500 -0.946043 -0.991984 0.987497 0.983441 0.965108 0.892439 0.826118 0.712016 0.401726 0.134310 -0.076464 -0.278273 -0.413238 -0.545827 -0.703154 -0.763019 -0.907560 -0.990615 
57.447365 7168065.000000 68 66 64 0.892368 0.960377 0.932749 0.979896 0.967092 0.943005 0.846721 0.657396 0.620718 0.405986 0.121309 0.002466 -0.086982 -0.298892 -0.373875 -0.462961 -0.619880 -0.765100 -0.965391 0.980917 0.969282 0.943928 0.871433 0.713919 0.669622 0.352152 0.039291 -0.030788 -0.180521 -0.331881 -0.392380 -0.566864 -0.701449 -0.887499 -0.986660 
58.768047 26433882.000000 64 62 60 0.978210 0.981669 0.971971 0.980743 0.973244 0.942172 0.781523 0.555993 0.454304 0.297715 0.128449 0.013856 -0.084353 -0.350177 -0.419515 -0.537617 -0.624733 -0.834840 -0.979281 0.980678 0.969997 0.942375 0.793243 0.611427 0.566798 0.359590 0.139850 0.027049 -0.066678 -0.299915 -0.386160 -0.487495 -0.634530 -0.740867 -0.964109 
60.448700 28957390.000000 60 58 56 0.971186 0.941310 0.949100 0.983076 0.975265 0.961718 0.764346 0.446206 0.346876 0.261335 0.122826 0.008139 -0.123381 -0.380851 -0.444712 -0.560278 -0.619692 -0.864603 -0.983829 0.980873 0.975191 0.948947 0.775473 0.487320 0.385901 0.259521 0.129556 0.015640 -0.102730 -0.366754 -0.435252 -0.554599 -0.613428 -0.833020 -0.983686 
58.024605 27669076.000000 56 54 52 0.955031 0.942781 0.983732 0.990427 0.977480 0.956136 0.770461 0.434324 0.280069 0.214585 0.115688 0.001053 -0.123669 -0.382691 -0.436161 -0.580611 -0.622405 -0.861527 -0.987227 0.987493 0.974602 0.962922 0.776076 0.416164 0.292231 0.219183 0.115637 0.005893 -0.133490 -0.384908 -0.449036 -0.570574 -0.640865 -0.824751 -0.986998 
57.000854 7917985.000000 52 52 50 0.975912 0.974581 0.972818 0.991670 0.980774 0.962740 0.890861 0.490864 0.370201 0.227343 0.130225 -0.000963 -0.152162 -0.433835 -0.487493 -0.591066 -0.685441 -0.892098 -0.971187 0.991389 0.980559 0.956666 0.814245 0.476926 0.299623 0.209431 0.134707 0.010610 -0.133040 -0.382962 -0.443873 -0.583605 -0.615951 -0.867381 -0.979621 
52.105766 9053265.000000 50 52 48 0.969965 0.795826 0.440643 0.991481 0.981020 0.940135 0.720539 0.471434 0.310479 0.181561 0.013837 -0.261451 -0.403513 -0.497030 -0.595437 -0.720625 -0.838430 -0.941208 -0.976298 0.991632 0.979750 0.962472 0.874621 0.491210 0.377279 0.222905 0.079998 -0.146856 -0.356965 -0.471926 -0.559967 -0.682718 -0.816385 -0.935939 -0.970921 
41.861950 8335509.500000 48 48 54 0.486622 0.237621 0.656253 0.979279 0.968245 0.846857 0.529058 0.432612 0.260377 0.073472 -0.038313 -0.264091 -0.345952 -0.450932 -0.666639 -0.750355 -0.844473 -0.936192 -0.980004 0.982464 0.964612 0.886230 0.623133 0.437209 0.293658 0.132276 -0.065241 -0.246817 -0.352605 -0.450778 -0.610853 -0.732576 -0.837977 -0.934417 -0.975726 
42.229923 5766340.500000 54 32 54 0.692303 0.475010 0.589553 0.983006 0.970068 0.767174 0.562187 0.445712 0.256966 0.183677 0.062534 -0.098913 -0.310019 -0.435636 -0.597995 -0.728141 -0.853607 -0.924439 -0.972244 0.982859 0.971170 0.833959 0.527847 0.428965 0.233850 0.119991 -0.001919 -0.208872 -0.339420 -0.437782 -0.641608 -0.737059 -0.856421 -0.931758 -0.981732 
50.117321 4289604.000000 52 52 54 0.733508 0.860652 0.777979 0.990050 0.976820 0.952935 0.771455 0.658605 0.586854 0.366207 0.213086 -0.000681 -0.216281 -0.380275 -0.538675 -0.673490 -0.773591 -0.913846 -0.970678 0.990960 0.980685 0.934102 0.630926 0.568792 0.368689 0.236209 0.137310 -0.078712 -0.272209 -0.435140 -0.588659 -0.716325 -0.830844 -0.936639 -0.977510 
55.011616 3822562.750000 54 60 64 0.878659 0.932676 0.967026 0.981828 0.975613 0.934001 0.767156 0.702418 0.652564 0.540649 0.311500 -0.001935 -0.184049 -0.318888 -0.504685 -0.686301 -0.750042 -0.851848 -0.949710 0.985413 0.973849 0.944699 0.755651 0.689071 0.621284 0.492897 0.259914 0.013710 -0.170232 -0.336522 -0.498361 -0.677167 -0.750110 -0.879032 -0.956276 
56.240494 2115522.250000 64 66 70 0.950635 0.937632 0.933903 0.984054 0.978085 0.939353 0.787761 0.719856 0.643340 0.553862 0.394085 0.072704 -0.174599 -0.266964 -0.463395 -0.688447 -0.751973 -0.822063 -0.947047 0.982918 0.977555 0.941337 0.773002 0.706352 0.652923 0.546616 0.376367 0.015196 -0.165518 -0.294888 -0.502821 -0.689947 -0.751471 -0.845606 -0.950172 
54.809250 745369.000000 70 72 74 0.938279 0.947593 0.912540 0.986744 0.979490 0.955203 0.807166 0.702236 0.644815 0.564981 0.426608 0.145987 -0.057718 -0.268047 -0.441714 -0.675913 -0.746163 -0.857452 -0.965012 0.985063 0.977647 0.948752 0.808800 0.700988 0.645561 0.563449 0.433909 0.108471 -0.140017 -0.272680 -0.487455 -0.691238 -0.747591 -0.839182 -0.963773 
48.473999 161543.359375 76 78 76 0.949745 0.901997 0.826636 0.988252 0.981708 0.936536 0.778361 0.704186 0.622731 0.453088 0.278275 0.139076 -0.066453 -0.302210 -0.408540 -0.636426 -0.751403 -0.878255 -0.969099 0.987531 0.981952 0.953968 0.792988 0.701305 0.639737 0.536035 0.299146 0.126404 -0.077721 -0.273342 -0.431603 -0.674860 -0.753755 -0.876009 -0.967683 
40.832321 67751.468750 76 74 78 0.816031 0.893145 0.825428 0.992944 0.983386 0.953436 0.816787 0.703287 0.602531 0.482557 0.273733 0.160228 -0.068315 -0.285376 -0.436269 -0.636399 -0.796756 -0.889756 -0.977111 0.991400 0.981409 0.938497 0.791140 0.704385 0.612125 0.451607 0.271831 0.152471 -0.109176 -0.313550 -0.423870 -0.616159 -0.773783 -0.883791 -0.975054 
40.919632 35231.242188 78 78 80 0.857469 0.853902 0.858270 0.993886 0.986783 0.964914 0.778726 0.698897 0.619619 0.533349 0.347022 0.053809 -0.145940 -0.345478 -0.510719 -0.670056 -0.821687 -0.917143 -0.972927 0.993235 0.984838 0.960557 0.802308 0.697267 0.605710 0.526344 0.324814 0.109243 -0.121186 -0.308244 -0.487541 -0.668366 -0.808907 -0.913310 -0.971497 
38.786015 23870.933594 78 82 80 0.856299 0.769938 0.843224 0.994960 0.989303 0.963097 0.803627 0.685966 0.631398 0.489410 0.234397 0.046107 -0.233751 -0.380049 -0.542005 -0.702342 -0.814317 -0.928601 -0.967684 0.994837 0.988005 0.965991 0.804206 0.704422 0.638699 0.514785 0.313485 0.035051 -0.129631 -0.381110 -0.528087 -0.677778 -0.814757 -0.908258 -0.968568 
32.769978 104856.531250 80 78 80 0.867966 0.538847 0.782322 0.993688 0.981646 0.886469 0.677430 0.639463 0.455253 0.272872 0.170955 0.046767 -0.158243 -0.308060 -0.479598 -0.588112 -0.781672 -0.906516 -0.974255 0.994198 0.987064 0.943304 0.718233 0.659588 0.578382 0.312256 0.176946 0.085232 -0.202275 -0.364094 -0.504037 -0.667405 -0.795837 -0.934730 -0.974280 
47.601578 9209494.000000 76 72 70 0.714437 0.790792 0.957441 0.984557 0.977819 0.941605 0.663325 0.574186 0.426899 0.243390 0.158516 -0.059356 -0.252917 -0.352567 -0.568759 -0.696516 -0.809767 -0.895987 -0.951010 0.989486 0.981707 0.879118 0.670496 0.613732 0.374052 0.264950 0.125145 -0.139490 -0.240481 -0.395254 -0.565142 -0.739506 -0.872221 -0.907727 -0.944569 
59.032936 41468360.000000 70 70 68 0.955473 0.956466 0.996390 0.983739 0.975981 0.945123 0.742894 0.575574 0.508781 0.216114 0.139163 -0.026748 -0.277694 -0.363632 -0.472034 -0.636099 -0.704348 -0.757133 -0.811809 0.984247 0.975860 0.946929 0.721960 0.571512 0.496488 0.223469 0.147191 -0.006606 -0.235441 -0.344395 -0.490184 -0.646893 -0.721426 -0.769719 -0.860672 
59.789986 29190424.000000 68 68 68 0.995762 0.988544 0.981206 0.984208 0.976931 0.949125 0.784334 0.577253 0.499529 0.211615 0.116482 0.021996 -0.293786 -0.427772 -0.501035 -0.625992 -0.719659 -0.785552 -0.852589 0.983913 0.976744 0.945793 0.748967 0.571349 0.490478 0.207733 0.121204 0.008900 -0.282842 -0.408186 -0.481630 -0.630019 -0.706770 -0.768981 -0.820876 
55.486755 18686984.000000 68 68 68 0.976348 0.959736 0.875729 0.987506 0.976891 0.953873 0.763081 0.566902 0.509547 0.238025 0.103667 -0.246373 -0.444169 -0.548258 -0.684748 -0.797363 -0.890029 -0.949052 -0.986675 0.985426 0.977643 0.952373 0.790599 0.583045 0.517125 0.215795 0.125227 -0.065166 -0.378938 -0.463919 -0.566680 -0.692116 -0.795689 -0.903271 -0.965756 
48.413643 9992672.000000 68 68 70 0.876936 0.656939 0.840216 0.992281 0.980872 0.918142 0.653614 0.562393 0.397180 0.102649 -0.173383 -0.329120 -0.497449 -0.648406 -0.749043 -0.834670 -0.912057 -0.958141 -0.990591 0.990363 0.978409 0.937651 0.662775 0.574937 0.473122 0.208779 -0.085632 -0.290161 -0.462490 -0.608297 -0.729715 -0.833338 -0.897700 -0.952512 -0.987213 
46.941456 5107988.000000 70 70 68 0.891973 0.574130 0.769694 0.991471 0.972392 0.914994 0.617181 0.532425 0.335258 0.101909 -0.115949 -0.342939 -0.486080 -0.650380 -0.762865 -0.877330 -0.921182 -0.958480 -0.989057 0.992042 0.980428 0.899938 0.604191 0.533474 0.369032 0.101675 -0.139662 -0.353643 -0.484680 -0.667103 -0.768119 -0.860094 -0.922596 -0.959296 -0.992577 
50.546829 5984163.000000 66 68 68 0.638808 0.518282 0.680141 0.989878 0.976567 0.851097 0.638911 0.528848 0.203851 0.033801 -0.236192 -0.358817 -0.524072 -0.675279 -0.770962 -0.877923 -0.931291 -0.953766 -0.987694 0.992115 0.978136 0.895922 0.647668 0.547370 0.233035 0.066621 -0.180162 -0.350551 -0.516459 -0.690978 -0.771574 -0.885563 -0.931805 -0.959000 -0.991860 
50.616669 8441134.000000 68 74 52 0.669526 0.464701 0.884387 0.990702 0.978726 0.820877 0.595599 0.523918 0.201004 0.055328 -0.287811 -0.393233 -0.488436 -0.660490 -0.767905 -0.839385 -0.891450 -0.937663 -0.982061 0.987094 0.970549 0.780804 0.588417 0.506399 0.179250 0.006928 -0.281613 -0.381466 -0.507476 -0.696061 -0.797338 -0.853840 -0.918837 -0.954533 -0.991633 
50.224335 23714462.000000 52 58 62 0.723393 0.895165 0.885001 0.984292 0.977786 0.920252 0.615929 0.590522 0.197087 0.132400 -0.191836 -0.318412 -0.412316 -0.580302 -0.680315 -0.742307 -0.862977 -0.922361 -0.980990 0.988616 0.978193 0.941706 0.628677 0.586790 0.233039 0.137241 -0.223879 -0.380675 -0.467909 -0.635105 -0.706286 -0.773747 -0.870774 -0.928966 -0.979198 
45.186188 2311913.750000 64 64 72 0.907318 0.769938 0.604706 0.986391 0.977126 0.870627 0.626046 0.553089 0.194587 0.065829 -0.171382 -0.283490 -0.358575 -0.429594 -0.643226 -0.796796 -0.902335 -0.937599 -0.977487 0.984625 0.978764 0.870636 0.620104 0.567801 0.180900 0.063032 -0.188926 -0.293461 -0.380382 -0.469186 -0.670279 -0.749723 -0.895548 -0.931504 -0.986585 
32.021557 677459.250000 74 80 132 0.582368 0.349697 0.499132 0.983677 0.962926 0.776229 0.634158 0.472136 0.237918 0.103776 -0.027831 -0.133664 -0.326986 -0.481093 -0.671693 -0.796038 -0.893131 -0.943687 -0.979670 0.987109 0.972470 0.835938 0.623082 0.493374 0.229771 0.084008 -0.062962 -0.208709 -0.363391 -0.463518 -0.706446 -0.803153 -0.911348 -0.945926 -0.984375 
45.564194 17110438.000000 126 80 72 0.604633 0.463957 0.447921 0.950589 0.824662 0.705692 0.626526 0.294014 0.158600 0.042016 -0.066372 -0.191306 -0.327271 -0.495678 -0.663435 -0.776769 -0.875707 -0.923314 -0.985506 0.977520 0.893800 0.726155 0.660238 0.378785 0.190813 0.078394 -0.028993 -0.141751 -0.291232 -0.454118 -0.637842 -0.760684 -0.863436 -0.934419 -0.979866 
47.878220 10790623.000000 130 62 64 0.495796 0.550730 0.535027 0.976679 0.895979 0.610515 0.546839 0.230392 0.128134 0.042197 -0.093891 -0.228482 -0.402691 -0.523308 -0.663588 -0.756850 -0.866584 -0.935100 -0.984757 0.964698 0.869136 0.669784 0.576154 0.268163 0.142233 0.033595 -0.115840 -0.254371 -0.382631 -0.546584 -0.685604 -0.777716 -0.878318 -0.922095 -0.983301 
41.298595 3662292.000000 64 54 88 0.550752 0.561814 0.371021 0.975616 0.915319 0.632846 0.552950 0.338953 0.248885 0.115253 -0.042167 -0.191691 -0.334081 -0.495611 -0.618591 -0.731958 -0.859714 -0.930111 -0.967823 0.975309 0.918976 0.613068 0.565150 0.303293 0.177255 0.062022 -0.033923 -0.199658 -0.355043 -0.510962 -0.632301 -0.739396 -0.872161 -0.935013 -0.982925 
47.787266 6689299.500000 50 56 62 0.346903 0.701828 0.974546 0.986718 0.975801 0.934946 0.696294 0.634059 0.533074 0.365787 0.184452 0.005307 -0.154339 -0.370498 -0.577040 -0.682379 -0.836343 -0.928507 -0.976484 0.989328 0.976870 0.902827 0.625513 0.538033 0.335869 0.227610 0.074335 -0.115730 -0.325237 -0.453391 -0.609578 -0.710877 -0.855727 -0.926491 -0.975979 
53.784412 5765624.000000 62 62 62 0.958629 0.992889 0.985659 0.981644 0.975118 0.925127 0.728399 0.661717 0.596142 0.503373 0.265676 0.015652 -0.102930 -0.303209 -0.559374 -0.660029 -0.756870 -0.891516 -0.970859 0.982939 0.975258 0.926213 0.729536 0.651390 0.597480 0.467144 0.232990 0.026477 -0.107419 -0.272504 -0.580712 -0.677354 -0.810430 -0.922586 -0.978497 
54.863831 6084419.000000 62 62 64 0.987682 0.970941 0.954594 0.981604 0.975120 0.917831 0.733059 0.665914 0.615021 0.542721 0.297575 -0.004521 -0.095652 -0.370956 -0.570821 -0.664367 -0.728535 -0.872640 -0.962206 0.981480 0.975124 0.917952 0.725594 0.669399 0.597957 0.517814 0.284427 0.017069 -0.102410 -0.318585 -0.546997 -0.668791 -0.722046 -0.872009 -0.968268 
54.775520 3758034.250000 64 64 64 0.952756 0.913048 0.957890 0.981589 0.974450 0.926559 0.743679 0.659902 0.608662 0.536140 0.364937 0.030408 -0.066204 -0.236830 -0.536372 -0.625655 -0.695268 -0.830614 -0.963758 0.981853 0.975249 0.927341 0.736526 0.662675 0.610376 0.536942 0.368720 0.033560 -0.066852 -0.340095 -0.577607 -0.651840 -0.720195 -0.873493 -0.965057 
54.435993 2748076.500000 64 62 62 0.953282 0.954811 0.979223 0.981937 0.974163 0.934619 0.752099 0.661978 0.615706 0.524458 0.375854 0.040640 -0.056771 -0.176689 -0.530690 -0.610530 -0.696458 -0.809118 -0.956370 0.981613 0.973924 0.931033 0.745314 0.659181 0.610013 0.533069 0.373120 0.023299 -0.063861 -0.216839 -0.540501 -0.614582 -0.696862 -0.797700 -0.954455 
54.000744 3358509.250000 62 62 60 0.983620 0.931668 0.983601 0.981448 0.974515 0.932076 0.724296 0.668930 0.598165 0.423024 0.304688 0.048430 -0.044802 -0.151759 -0.498715 -0.589277 -0.650889 -0.785923 -0.959396 0.981368 0.973985 0.931729 0.739776 0.667663 0.613035 0.489025 0.351516 0.037233 -0.061697 -0.167424 -0.488142 -0.617747 -0.649589 -0.800704 -0.961177 
52.878319 2645190.750000 60 60 60 0.986108 0.981391 0.981413 0.983560 0.976674 0.943593 0.714158 0.666220 0.574061 0.309075 0.208387 0.089037 -0.048774 -0.153019 -0.468264 -0.587154 -0.637315 -0.766279 -0.943015 0.982699 0.975707 0.938640 0.718851 0.667150 0.590225 0.365862 0.269976 0.082445 -0.042135 -0.126938 -0.468854 -0.585155 -0.622375 -0.775843 -0.958813 
50.102268 12916711.000000 60 62 62 0.984563 0.953801 0.941143 0.986778 0.978469 0.939301 0.704432 0.616360 0.328647 0.136957 -0.022277 -0.208096 -0.294645 -0.496879 -0.644369 -0.731692 -0.797616 -0.901305 -0.968217 0.984801 0.977249 0.944486 0.704376 0.649538 0.516434 0.236788 0.138027 0.009760 -0.131375 -0.299115 -0.534720 -0.654671 -0.755031 -0.818962 -0.929765 
55.555706 35834420.000000 62 64 68 0.935789 0.737933 0.419086 0.988456 0.961055 0.779090 0.629438 0.461945 0.107644 -0.102892 -0.252396 -0.386869 -0.441867 -0.558292 -0.618817 -0.723429 -0.827936 -0.894139 -0.971363 0.988190 0.977190 0.920420 0.665897 0.535610 0.238338 -0.016434 -0.172369 -0.258483 -0.382759 -0.478967 -0.668823 -0.757444 -0.832818 -0.917689 -0.980452 
63.211590 23708206.000000 62 54 124 0.372704 0.527873 0.545325 0.983106 0.940824 0.787995 0.652690 0.442482 0.161798 -0.060519 -0.327509 -0.405365 -0.587464 -0.651318 -0.679283 -0.725151 -0.834908 -0.909072 -0.976592 0.979911 0.924859 0.777251 0.637160 0.436990 0.126206 -0.105002 -0.347222 -0.408722 -0.515248 -0.614134 -0.645146 -0.703141 -0.792914 -0.907835 -0.979039 
53.152081 3181512.750000 54 48 56 0.526838 0.713124 0.659552 0.982831 0.946222 0.692448 0.656379 0.467990 0.110834 -0.043018 -0.246767 -0.355146 -0.506200 -0.646368 -0.701815 -0.770474 -0.860623 -0.932168 -0.982161 0.980162 0.929865 0.779645 0.650584 0.457409 0.190441 -0.044943 -0.252026 -0.363457 -0.579516 -0.672954 -0.702509 -0.766083 -0.858399 -0.924209 -0.982574 
38.592644 737666.687500 174 116 62 0.495009 0.512860 0.722117 0.985047 0.963549 0.779698 0.679036 0.592739 0.283162 -0.054119 -0.211092 -0.368248 -0.473880 -0.615329 -0.662618 -0.737432 -0.833756 -0.924608 -0.974287 0.981065 0.951315 0.730305 0.659395 0.569017 0.212155 -0.053559 -0.182813 -0.362750 -0.463974 -0.614933 -0.680593 -0.763921 -0.841251 -0.924127 -0.981649 
36.161148 1698048.375000 122 120 116 0.756718 0.551684 0.346841 0.981208 0.931615 0.795468 0.605758 0.436617 0.224783 0.094456 -0.102922 -0.249620 -0.365806 -0.566124 -0.643151 -0.743185 -0.833862 -0.911019 -0.976046 0.985930 0.965392 0.844815 0.660327 0.578583 0.307810 -0.037886 -0.237681 -0.364304 -0.471414 -0.617537 -0.658872 -0.719873 -0.821443 -0.926697 -0.977589 
48.147507 11458275.000000 52 56 56 0.421160 0.517479 0.682086 0.972538 0.920376 0.626693 0.564278 0.293852 0.123089 0.044782 -0.199938 -0.278908 -0.361786 -0.529259 -0.640265 -0.757194 -0.848436 -0.914205 -0.968560 0.963625 0.911123 0.709027 0.585116 0.410471 0.171457 0.073763 -0.136797 -0.262813 -0.321700 -0.552514 -0.651790 -0.768036 -0.852829 -0.902555 -0.976398 
47.358704 6345793.500000 54 52 60 0.508377 0.582487 0.583018 0.989683 0.977100 0.954035 0.714254 0.634806 0.477359 0.206452 0.095129 -0.122927 -0.266280 -0.424527 -0.602630 -0.701030 -0.806246 -0.913352 -0.967099 0.989155 0.968428 0.746034 0.593436 0.426676 0.155292 0.087885 -0.155227 -0.272446 -0.346148 -0.472292 -0.603671 -0.730099 -0.837044 -0.916230 -0.971480 
48.400723 1280176.750000 58 72 78 0.865018 0.455523 0.761674 0.991690 0.978651 0.950116 0.704089 0.647079 0.512387 0.294245 0.156839 -0.196126 -0.288416 -0.435542 -0.615347 -0.670665 -0.758874 -0.904687 -0.962516 0.986789 0.976491 0.952399 0.708697 0.637721 0.539093 0.287694 0.198216 -0.065673 -0.201813 -0.371471 -0.589428 -0.673357 -0.740090 -0.920809 -0.961084 
39.485516 374360.656250 78 80 80 0.740258 0.784784 0.806773 0.993056 0.981386 0.961894 0.792344 0.614681 0.465195 0.162493 0.009557 -0.206238 -0.329216 -0.490878 -0.604423 -0.681107 -0.772990 -0.906529 -0.963158 0.993558 0.982938 0.954227 0.769948 0.630198 0.471219 0.191375 -0.044859 -0.247806 -0.334233 -0.494905 -0.618219 -0.698855 -0.805413 -0.899913 -0.958494 
37.473442 100533.992188 80 82 84 0.771471 0.813578 0.823353 0.995430 0.990098 0.962341 0.720970 0.648131 0.491558 0.225291 -0.054629 -0.241623 -0.309971 -0.492322 -0.650190 -0.678260 -0.750398 -0.863937 -0.954471 0.994663 0.984880 0.961471 0.772908 0.628920 0.496655 0.209917 -0.004952 -0.201559 -0.327781 -0.489194 -0.630637 -0.682695 -0.766728 -0.857903 -0.947643 
29.777325 30284.037109 84 78 74 0.776496 0.791732 0.389837 0.994255 0.980936 0.945276 0.780359 0.622995 0.461420 0.221407 0.024487 -0.228578 -0.365191 -0.539464 -0.619887 -0.666304 -0.710233 -0.888287 -0.969412 0.995680 0.989540 0.948445 0.731843 0.631300 0.488296 0.241349 -0.041168 -0.246119 -0.320265 -0.529335 -0.644234 -0.673334 -0.724354 -0.852389 -0.957917 
49.225346 2555159.750000 80 48 74 0.575631 0.756587 0.764448 0.979646 0.963896 0.941104 0.831917 0.669450 0.641104 0.388877 0.256540 0.123584 -0.082221 -0.354180 -0.520929 -0.658371 -0.722846 -0.934202 -0.974390 0.974945 0.965052 0.946436 0.730255 0.647854 0.457300 0.289912 0.157956 0.029575 -0.235319 -0.491340 -0.591960 -0.659086 -0.785738 -0.950259 -0.975951 
55.096401 10336809.000000 74 74 74 0.781270 0.938375 0.940935 0.973328 0.944216 0.926844 0.808240 0.659844 0.617783 0.354905 0.282398 0.136950 -0.128818 -0.263178 -0.366165 -0.651521 -0.755971 -0.812194 -0.874292 0.978395 0.951701 0.931774 0.821497 0.664760 0.636620 0.392051 0.284999 0.166011 -0.135073 -0.262742 -0.398440 -0.638077 -0.761912 -0.810054 -0.906177 
56.024124 16310366.000000 74 74 74 0.950539 0.970290 0.991340 0.969490 0.935717 0.908438 0.801764 0.677591 0.629820 0.365569 0.247890 0.162083 -0.113123 -0.250575 -0.337309 -0.612482 -0.764508 -0.809149 -0.872155 0.971556 0.939740 0.918087 0.806173 0.667441 0.621577 0.339531 0.261620 0.134350 -0.131429 -0.254845 -0.362217 -0.644612 -0.756617 -0.811065 -0.859645 
57.317883 28194614.000000 74 74 74 0.995381 0.995250 0.951301 0.965202 0.933325 0.893648 0.779632 0.684048 0.624665 0.374323 0.265304 0.147214 -0.114986 -0.250074 -0.382781 -0.600658 -0.730282 -0.801554 -0.865256 0.967467 0.933831 0.899720 0.791963 0.683716 0.630589 0.387486 0.262558 0.173649 -0.104906 -0.249807 -0.352607 -0.583775 -0.741831 -0.809475 -0.871530 
58.966602 36840448.000000 74 72 72 0.950467 0.977683 0.961807 0.963408 0.932664 0.898820 0.795902 0.699758 0.640479 0.358322 0.241982 0.108649 -0.127425 -0.263960 -0.414611 -0.589032 -0.715057 -0.790217 -0.866704 0.963419 0.933431 0.894148 0.784492 0.688654 0.629436 0.358951 0.248095 0.121555 -0.126543 -0.243540 -0.362625 -0.590455 -0.706430 -0.788891 -0.871344 
60.705696 29654698.000000 72 72 70 0.954232 0.914972 0.960814 0.966143 0.934480 0.907401 0.833491 0.717455 0.656102 0.344302 0.227785 0.111068 -0.091864 -0.241775 -0.330749 -0.576872 -0.776041 -0.832895 -0.896899 0.964230 0.932256 0.903709 0.813371 0.708055 0.642413 0.339800 0.238784 0.106719 -0.123080 -0.273511 -0.372259 -0.588304 -0.733928 -0.812490 -0.872592 
59.610062 9255952.000000 70 70 72 0.975874 0.932862 0.772410 0.973489 0.947243 0.924703 0.863101 0.770662 0.636776 0.331095 0.220654 0.096832 -0.081078 -0.193886 -0.327056 -0.616186 -0.784844 -0.836200 -0.901088 0.969744 0.941417 0.915044 0.859075 0.736742 0.662156 0.363378 0.214384 0.116725 -0.104040 -0.190664 -0.345168 -0.587565 -0.746467 -0.819617 -0.909015 
46.371284 331578.250000 72 74 72 0.642162 0.337368 0.740281 0.991690 0.954402 0.900262 0.859110 0.712876 0.659445 0.497150 0.280665 0.172903 -0.055443 -0.251131 -0.324237 -0.574793 -0.792486 -0.849680 -0.948179 0.975736 0.947805 0.920386 0.837820 0.759299 0.605893 0.373829 0.239832 0.125705 -0.100289 -0.235018 -0.405490 -0.664916 -0.813209 -0.858362 -0.963327 
42.701031 257010.203125 72 70 64 0.689312 0.763426 0.501093 0.991996 0.957449 0.906444 0.854589 0.729087 0.671262 0.486231 0.262440 0.097654 -0.105643 -0.243488 -0.309930 -0.564502 -0.779588 -0.876462 -0.955207 0.993016 0.958528 0.898089 0.855624 0.735728 0.678774 0.530346 0.304683 0.166358 -0.072845 -0.242119 -0.302466 -0.542095 -0.770284 -0.883982 -0.961650 
56.344456 2025876.750000 68 66 68 0.605562 0.730884 0.973857 0.978576 0.966037 0.942788 0.891645 0.844486 0.690490 0.358827 0.083918 -0.072509 -0.155091 -0.267754 -0.302164 -0.595264 -0.765107 -0.829769 -0.961232 0.980881 0.966898 0.931455 0.879041 0.798175 0.685045 0.450371 0.146196 -0.017327 -0.115191 -0.255623 -0.303055 -0.565316 -0.765535 -0.838493 -0.953986 
57.486767 833631.750000 68 70 70 0.970952 0.967683 0.965082 0.983176 0.970594 0.946484 0.912779 0.820514 0.721631 0.510375 0.106950 -0.090535 -0.164087 -0.277957 -0.316645 -0.582342 -0.749056 -0.853903 -0.970991 0.980081 0.967207 0.944791 0.903881 0.831391 0.710689 0.431094 0.098390 -0.104636 -0.184005 -0.272428 -0.315621 -0.597752 -0.756167 -0.852398 -0.971185 
54.888275 308956.531250 70 70 70 0.970078 0.943437 0.929436 0.986665 0.978989 0.947934 0.918862 0.846551 0.722966 0.525005 0.139274 -0.122400 -0.188219 -0.269640 -0.334702 -0.600734 -0.782099 -0.890026 -0.972544 0.985392 0.974654 0.946035 0.915870 0.838079 0.718325 0.523899 0.159615 -0.097905 -0.178224 -0.256746 -0.310890 -0.578396 -0.771514 -0.884154 -0.971977 
54.046143 279377.281250 70 70 70 0.947380 0.785368 0.948451 0.986888 0.979616 0.950838 0.923637 0.826862 0.720651 0.540782 0.176419 -0.107891 -0.219317 -0.276669 -0.372465 -0.623651 -0.780114 -0.908173 -0.976118 0.987516 0.981163 0.949929 0.916552 0.821683 0.733297 0.517469 0.144364 -0.101983 -0.191520 -0.276011 -0.368203 -0.622618 -0.775487 -0.899886 -0.975210 
54.697174 304978.281250 70 70 70 0.950338 0.975359 0.902299 0.986241 0.977020 0.949276 0.921152 0.846869 0.741593 0.514384 0.151541 -0.137159 -0.197712 -0.290129 -0.339218 -0.591455 -0.763431 -0.896963 -0.973835 0.985891 0.978123 0.949394 0.921502 0.841612 0.728608 0.557526 0.181326 -0.129223 -0.204296 -0.287542 -0.359774 -0.613750 -0.766277 -0.899094 -0.974919 
55.236088 1373702.125000 70 68 68 0.893864 0.742403 0.914221 0.980681 0.961633 0.932557 0.900764 0.865395 0.765274 0.380873 -0.028260 -0.154588 -0.235434 -0.305832 -0.361142 -0.644766 -0.760121 -0.937758 -0.983972 0.985324 0.972321 0.943253 0.918445 0.854057 0.731729 0.447301 0.019549 -0.148172 -0.210076 -0.291492 -0.339335 -0.579127 -0.765399 -0.942120 -0.982543 
56.341270 2048970.500000 68 68 68 0.929249 0.865963 0.938124 0.980948 0.961633 0.911340 0.890230 0.855555 0.756902 0.419909 -0.020489 -0.119192 -0.256774 -0.303383 -0.413917 -0.637596 -0.721553 -0.801756 -0.963750 0.978962 0.958547 0.920317 0.894338 0.865343 0.778132 0.406406 -0.001499 -0.177822 -0.266350 -0.310014 -0.414746 -0.632242 -0.735510 -0.826329 -0.966583 
56.166706 2989800.250000 68 68 68 0.950367 0.970902 0.919315 0.981260 0.953847 0.916170 0.885144 0.839784 0.762314 0.412367 -0.049265 -0.110890 -0.226430 -0.287830 -0.441358 -0.617795 -0.731965 -0.790934 -0.938677 0.981814 0.957830 0.916147 0.887473 0.845103 0.760078 0.501473 -0.016840 -0.144307 -0.250025 -0.302013 -0.391469 -0.619218 -0.717644 -0.783577 -0.948956 
56.034920 3533715.500000 68 68 68 0.882184 0.874846 0.913599 0.981235 0.953717 0.911970 0.876813 0.832716 0.777334 0.388427 -0.055812 -0.108666 -0.198264 -0.253291 -0.447614 -0.621085 -0.741417 -0.789245 -0.914264 0.980585 0.953253 0.913672 0.884756 0.832739 0.754010 0.396361 -0.060531 -0.112145 -0.203364 -0.267948 -0.452366 -0.634378 -0.742687 -0.780698 -0.914564 
56.499348 4614197.500000 68 66 66 0.922085 0.957591 0.975912 0.981570 0.951265 0.905263 0.872369 0.820109 0.753930 0.447443 -0.042309 -0.094995 -0.194184 -0.260692 -0.438882 -0.622801 -0.730647 -0.785282 -0.906378 0.981489 0.952791 0.908309 0.875518 0.828652 0.765523 0.392945 -0.048483 -0.104263 -0.190847 -0.256310 -0.439101 -0.612569 -0.741338 -0.792971 -0.909365 
55.808754 4230602.000000 66 66 66 0.975329 0.934188 0.979279 0.982313 0.952843 0.904217 0.864002 0.816838 0.736712 0.475101 -0.005059 -0.094067 -0.191143 -0.259107 -0.408273 -0.614193 -0.718396 -0.773714 -0.906218 0.983118 0.953394 0.905293 0.870832 0.821630 0.759501 0.507077 -0.018708 -0.082576 -0.190869 -0.265454 -0.426332 -0.614132 -0.728003 -0.778397 -0.941426 
55.949955 6956924.500000 66 66 66 0.980941 0.983929 0.983472 0.980318 0.950233 0.899226 0.857280 0.784521 0.732147 0.395194 0.039529 -0.036755 -0.136352 -0.233786 -0.408985 -0.597248 -0.731407 -0.778432 -0.946140 0.981145 0.950976 0.900192 0.861687 0.793544 0.724159 0.417437 0.030366 -0.052533 -0.181823 -0.240469 -0.388497 -0.609485 -0.729385 -0.772195 -0.906805 
55.400917 8387815.000000 66 66 66 0.984407 0.994481 0.977227 0.980128 0.949570 0.901659 0.833851 0.766174 0.711059 0.380667 0.082144 -0.026652 -0.143892 -0.218764 -0.334677 -0.601766 -0.750928 -0.798010 -0.893404 0.980577 0.949152 0.902473 0.843836 0.776778 0.725847 0.366802 0.063569 -0.025924 -0.151857 -0.222970 -0.343532 -0.575324 -0.718347 -0.793348 -0.946796 
53.776337 4785129.500000 66 66 66 0.972159 0.962885 0.820860 0.982346 0.960758 0.911030 0.850553 0.734050 0.684502 0.334498 0.088759 0.015230 -0.116776 -0.236516 -0.388444 -0.539030 -0.713666 -0.777723 -0.887477 0.980781 0.953363 0.903309 0.835763 0.751140 0.697347 0.375559 0.081036 -0.012058 -0.122270 -0.233744 -0.357645 -0.595430 -0.745202 -0.802697 -0.874957 
46.289944 285116.781250 66 66 64 0.742677 0.735801 0.879866 0.992441 0.980633 0.943241 0.827471 0.739282 0.699145 0.351134 0.120185 0.035307 -0.107519 -0.233746 -0.346283 -0.551351 -0.741815 -0.834733 -0.967201 0.987869 0.967881 0.924976 0.844052 0.725890 0.685822 0.333174 0.085910 0.032143 -0.114674 -0.224316 -0.376911 -0.490976 -0.699335 -0.784174 -0.933856 
46.663437 183710.718750 64 66 64 0.874813 0.930197 0.931788 0.991634 0.981299 0.943971 0.874151 0.742580 0.689563 0.396164 0.128174 0.064921 -0.076061 -0.195599 -0.321678 -0.556411 -0.743776 -0.877433 -0.968599 0.991571 0.981678 0.943122 0.843347 0.740811 0.697108 0.396637 0.136279 0.066290 -0.083076 -0.225433 -0.329949 -0.557311 -0.750630 -0.868301 -0.970024 
45.490662 91903.984375 64 64 64 0.934637 0.861934 0.868705 0.992538 0.983248 0.941113 0.888588 0.750872 0.687781 0.537304 0.138510 0.070830 -0.095990 -0.225690 -0.423070 -0.624537 -0.791872 -0.907248 -0.971527 0.991571 0.981616 0.943183 0.879551 0.738557 0.688329 0.460542 0.117566 0.065343 -0.073965 -0.188215 -0.361878 -0.597974 -0.767462 -0.892570 -0.964390 
45.368004 52755.578125 64 62 66 0.831624 0.861992 0.805367 0.994075 0.988193 0.951154 0.872174 0.777308 0.682978 0.551019 0.110904 0.036106 -0.063205 -0.259284 -0.470972 -0.659841 -0.809399 -0.910731 -0.967221 0.993607 0.986573 0.939116 0.888022 0.787152 0.686444 0.521085 0.140504 0.046667 -0.068314 -0.237905 -0.452667 -0.641669 -0.804427 -0.912084 -0.972733 
39.950630 14295.055664 124 62 56 0.851484 0.754707 0.672122 0.994345 0.988696 0.918215 0.848439 0.793685 0.693300 0.449323 0.169110 -0.021680 -0.156588 -0.286246 -0.509714 -0.696681 -0.821013 -0.913965 -0.968215 0.994368 0.988698 0.944835 0.868558 0.801767 0.700869 0.518864 0.112518 0.029783 -0.115684 -0.270171 -0.513599 -0.673784 -0.803389 -0.918941 -0.969353 
25.728497 15182.673828 122 66 66 0.760602 0.502537 0.440158 0.991949 0.970870 0.878834 0.832688 0.723134 0.543149 0.302902 0.123544 0.029705 -0.171682 -0.323867 -0.545538 -0.625317 -0.810371 -0.901531 -0.970507 0.993140 0.980256 0.895690 0.845100 0.769912 0.639217 0.407783 0.162220 -0.028656 -0.178811 -0.313110 -0.539443 -0.696062 -0.845029 -0.903810 -0.972573 
20.964205 7256.003418 66 66 132 0.494752 0.557425 0.498660 0.986287 0.951836 0.892303 0.836524 0.752915 0.602800 0.322742 0.142025 -0.065255 -0.209793 -0.360219 -0.544945 -0.682618 -0.826844 -0.924351 -0.976620 0.989779 0.967331 0.888814 0.838678 0.736439 0.536091 0.269200 0.133769 0.013344 -0.183153 -0.348616 -0.550218 -0.620720 -0.785598 -0.902733 -0.970670 
17.836536 3606.741455 120 48 34 0.442024 0.522662 0.467512 0.986898 0.961941 0.883876 0.845306 0.772643 0.535622 0.377692 0.148745 -0.064206 -0.168669 -0.355255 -0.548739 -0.705756 -0.828184 -0.934697 -0.980322 0.987140 0.955063 0.896282 0.847860 0.763090 0.557492 0.391055 0.152327 -0.096513 -0.199924 -0.327233 -0.519852 -0.694559 -0.834885 -0.929690 -0.983277 
18.812006 4331.526855 132 44 130 0.389715 0.413574 0.626799 0.987635 0.969557 0.901001 0.851653 0.746133 0.589434 0.332241 0.147819 -0.043237 -0.204016 -0.387897 -0.512197 -0.718393 -0.823509 -0.921779 -0.976818 0.986559 0.967450 0.890248 0.847251 0.785740 0.573731 0.347888 0.138303 -0.087288 -0.190620 -0.398345 -0.534918 -0.714980 -0.827732 -0.934037 -0.968196 
16.934118 4389.736328 66 148 48 0.411980 0.467706 0.662500 0.983444 0.955524 0.910418 0.835696 0.704553 0.552703 0.355295 0.169519 -0.053229 -0.196688 -0.323202 -0.587363 -0.720485 -0.813417 -0.913427 -0.967045 0.989592 0.960084 0.896418 0.843706 0.709084 0.565385 0.323419 0.172126 -0.025259 -0.218133 -0.320000 -0.534296 -0.714668 -0.805426 -0.907438 -0.972225 
17.222290 4018.208252 120 132 122 0.404015 0.619084 0.439730 0.986724 0.970571 0.875446 0.826861 0.688916 0.562700 0.326576 0.174557 -0.035939 -0.205381 -0.422251 -0.584973 -0.739677 -0.874203 -0.934042 -0.970664 0.987426 0.968744 0.906849 0.837376 0.727096 0.574000 0.339465 0.174362 -0.062271 -0.201196 -0.376063 -0.606761 -0.731688 -0.853546 -0.921047 -0.969488 
13.354017 3169.382324 88 88 34 0.494856 0.370696 0.601852 0.984220 0.965163 0.885475 0.800078 0.662059 0.554663 0.305086 0.112031 -0.070430 -0.251553 -0.399022 -0.601900 -0.726250 -0.831429 -0.932026 -0.976948 0.986144 0.965198 0.882461 0.828195 0.677379 0.558623 0.303937 0.139570 -0.030499 -0.220662 -0.396801 -0.561920 -0.715634 -0.853212 -0.928080 -0.969209 
14.972189 3445.877930 88 84 40 0.464291 0.564193 0.643666 0.984882 0.966530 0.922512 0.803364 0.665471 0.497465 0.334221 0.157468 -0.050312 -0.188283 -0.357774 -0.566216 -0.722768 -0.844383 -0.925734 -0.981233 0.983970 0.967293 0.900277 0.812191 0.681251 0.520136 0.348437 0.154021 -0.090459 -0.212071 -0.385063 -0.605386 -0.734453 -0.836676 -0.926866 -0.971634 
15.402960 2575.711182 80 44 88 0.435927 0.450269 0.634736 0.984818 0.968094 0.926873 0.815776 0.676018 0.532262 0.329209 0.179300 -0.032781 -0.205878 -0.370628 -0.549367 -0.711903 -0.834348 -0.934534 -0.973010 0.982041 0.959092 0.931667 0.790994 0.658464 0.512307 0.341608 0.152463 -0.022082 -0.210951 -0.357456 -0.519658 -0.714973 -0.843264 -0.934827 -0.981324 
14.540486 3051.081299 88 92 118 0.530887 0.569994 0.399697 0.987051 0.971281 0.914025 0.792413 0.642209 0.540044 0.346630 0.180569 -0.039590 -0.243783 -0.421393 -0.605264 -0.752046 -0.845932 -0.932250 -0.976991 0.988599 0.967475 0.898143 0.807041 0.667910 0.556911 0.320976 0.177135 -0.008873 -0.214275 -0.406130 -0.585190 -0.702919 -0.842456 -0.920249 -0.976107 
13.189955 1894.966431 118 84 130 0.417664 0.577010 0.524907 0.984798 0.964306 0.919715 0.848085 0.642167 0.519747 0.356003 0.146187 -0.066356 -0.243298 -0.457457 -0.570577 -0.699354 -0.837501 -0.917865 -0.982713 0.985543 0.967694 0.914896 0.846030 0.627603 0.516092 0.364924 0.166290 -0.080980 -0.237960 -0.442365 -0.560121 -0.736608 -0.853584 -0.924671 -0.974773 
11.971676 1719.453247 86 86 134 0.452690 0.549631 0.596191 0.987861 0.967549 0.918822 0.808389 0.672256 0.531658 0.279887 0.148731 -0.082792 -0.205406 -0.461776 -0.594168 -0.733969 -0.844039 -0.935708 -0.974183 0.986627 0.967709 0.915456 0.820681 0.663971 0.566115 0.292292 0.145620 -0.118106 -0.247761 -0.460619 -0.583266 -0.702705 -0.821753 -0.921761 -0.986320 
13.381824 1648.938721 44 118 42 0.557514 0.524849 0.386095 0.983375 0.968860 0.927931 0.839090 0.680857 0.526823 0.331345 0.194495 -0.108728 -0.192635 -0.439400 -0.561161 -0.735422 -0.851854 -0.928662 -0.969381 0.983818 0.965933 0.923729 0.803664 0.679840 0.512606 0.288477 0.184520 -0.080715 -0.172461 -0.427820 -0.582269 -0.753457 -0.845028 -0.934269 -0.962898 
12.876481 1508.043335 132 54 34 0.574001 0.409386 0.444514 0.985559 0.970658 0.925169 0.838183 0.672330 0.506273 0.342763 0.147592 -0.088312 -0.233195 -0.412453 -0.582062 -0.722623 -0.841781 -0.926481 -0.977867 0.983233 0.967896 0.919911 0.836108 0.655620 0.515139 0.385483 0.172388 -0.091773 -0.220979 -0.411443 -0.554232 -0.716165 -0.847920 -0.928539 -0.970686 
13.462695 1545.734375 58 84 96 0.428396 0.453258 0.611915 0.987180 0.971584 0.918593 0.820407 0.691527 0.548805 0.299509 0.190050 -0.084136 -0.231842 -0.381432 -0.608793 -0.724515 -0.838320 -0.915317 -0.975085 0.985053 0.972233 0.922840 0.817688 0.692147 0.506083 0.308185 0.187128 -0.067972 -0.238346 -0.379746 -0.598977 -0.718481 -0.838577 -0.918692 -0.977972 
11.593467 1139.253784 96 92 50 0.650474 0.415806 0.570835 0.983425 0.968795 0.925836 0.838811 0.649966 0.548196 0.330646 0.148904 -0.095768 -0.241248 -0.444797 -0.626559 -0.746888 -0.831226 -0.931665 -0.975911 0.986614 0.967359 0.920378 0.838463 0.651604 0.547884 0.299591 0.147480 -0.094358 -0.243147 -0.433949 -0.626314 -0.744739 -0.839934 -0.924999 -0.972606 
10.335932 932.854675 84 130 62 0.465424 0.588842 0.499999 0.988091 0.969452 0.913226 0.822222 0.651502 0.500871 0.330214 0.161632 -0.093621 -0.263335 -0.431248 -0.549619 -0.700785 -0.821869 -0.926067 -0.984031 0.985391 0.966199 0.920352 0.835514 0.685785 0.547365 0.335842 0.183878 -0.089369 -0.291987 -0.438247 -0.589712 -0.705996 -0.821481 -0.913698 -0.981672 
41.765690 37399.164062 60 62 46 0.489897 0.368704 0.788943 0.988405 0.976218 0.949556 0.907668 0.857091 0.794137 0.384301 0.154729 0.044097 -0.162100 -0.227094 -0.446084 -0.668634 -0.797544 -0.916371 -0.975285 0.989092 0.973673 0.929041 0.848926 0.674859 0.526846 0.334406 0.142426 -0.057775 -0.224804 -0.406605 -0.570301 -0.711979 -0.838993 -0.930179 -0.979302 
58.230896 3396897.500000 46 48 46 0.790462 0.935057 0.947840 0.979691 0.965195 0.950483 0.871570 0.778866 0.698027 0.331429 0.192826 0.066572 -0.144050 -0.219857 -0.400768 -0.602548 -0.642080 -0.837212 -0.967940 0.983731 0.968061 0.951717 0.886485 0.832289 0.734847 0.332356 0.161892 0.053049 -0.133499 -0.196354 -0.376266 -0.626410 -0.755160 -0.906266 -0.974344 
60.178986 22404290.000000 46 44 44 0.969072 0.952760 0.981335 0.985525 0.967514 0.941370 0.787106 0.669605 0.619180 0.333229 0.178818 0.095553 -0.181947 -0.278788 -0.452966 -0.598692 -0.676512 -0.734822 -0.920347 0.981320 0.964426 0.946513 0.817413 0.730213 0.645176 0.315572 0.187220 0.085999 -0.158372 -0.237290 -0.421899 -0.598246 -0.653768 -0.730097 -0.936881 
56.900703 26803698.000000 44 46 50 0.982786 0.941438 0.862928 0.989794 0.979614 0.931563 0.710268 0.657229 0.567140 0.217288 0.123432 -0.041291 -0.298538 -0.509315 -0.606582 -0.696736 -0.818238 -0.920130 -0.987487 0.988282 0.974386 0.938069 0.744894 0.656012 0.616876 0.262994 0.167410 0.069949 -0.173930 -0.342628 -0.485602 -0.585818 -0.673034 -0.770069 -0.965369 
51.840454 14924580.000000 50 50 44 0.817766 0.875100 0.739759 0.989391 0.977540 0.917381 0.712971 0.630841 0.376932 0.146842 -0.182801 -0.387287 -0.515221 -0.646534 -0.787157 -0.853377 -0.916776 -0.964018 -0.985822 0.991164 0.983173 0.920679 0.709854 0.637485 0.453847 0.140788 -0.034165 -0.340917 -0.495064 -0.614024 -0.724436 -0.835090 -0.892140 -0.961779 -0.983549 
45.335091 3249166.250000 46 46 48 0.698275 0.831602 0.849658 0.989855 0.980845 0.891488 0.721260 0.642549 0.465030 0.179428 0.019597 -0.233707 -0.501446 -0.611000 -0.741653 -0.841295 -0.918096 -0.961043 -0.986121 0.986471 0.973431 0.899930 0.697223 0.644776 0.423804 0.185812 -0.038566 -0.336853 -0.488491 -0.660557 -0.785461 -0.855510 -0.926806 -0.964585 -0.987285 
37.695198 1904670.250000 46 46 46 0.859529 0.501649 0.832106 0.989670 0.972347 0.858374 0.721130 0.603299 0.426624 0.216256 0.071320 -0.124374 -0.370087 -0.514718 -0.675221 -0.817984 -0.885689 -0.952553 -0.983310 0.990139 0.978725 0.894999 0.714921 0.630179 0.439858 0.219193 0.036802 -0.163001 -0.431755 -0.576939 -0.709054 -0.824499 -0.898744 -0.953891 -0.981135 
35.766663 2587725.000000 48 50 46 0.851431 0.758642 0.715983 0.986552 0.967792 0.840770 0.639063 0.532486 0.298492 0.165503 0.009180 -0.172379 -0.329511 -0.529827 -0.642903 -0.744658 -0.852469 -0.951368 -0.978990 0.988706 0.976303 0.846638 0.681514 0.605924 0.381112 0.205707 0.061294 -0.138990 -0.340746 -0.533310 -0.638881 -0.775240 -0.865548 -0.945944 -0.981441 
46.510166 7860474.500000 48 44 40 0.692122 0.399490 0.703385 0.985494 0.975900 0.937052 0.747450 0.621209 0.531305 0.224013 0.105503 -0.110407 -0.299907 -0.466774 -0.581857 -0.753953 -0.887967 -0.933485 -0.986477 0.983266 0.964071 0.829575 0.618207 0.524694 0.287815 0.159795 -0.000655 -0.180170 -0.339605 -0.519149 -0.617899 -0.769454 -0.877340 -0.944892 -0.974666 
59.037651 81979072.000000 36 44 44 0.701163 0.914395 0.984077 0.983387 0.964401 0.935974 0.720337 0.627159 0.553537 0.267170 0.135928 0.052002 -0.275140 -0.400031 -0.519023 -0.608157 -0.707300 -0.809924 -0.961678 0.985834 0.969892 0.935603 0.761001 0.632161 0.594460 0.279062 0.160382 0.014084 -0.283201 -0.400331 -0.513574 -0.623814 -0.776663 -0.888091 -0.981105 
56.586742 11782623.000000 44 46 54 0.978154 0.944285 0.768723 0.987824 0.971520 0.943688 0.737166 0.603063 0.542246 0.293212 0.139818 0.008809 -0.298495 -0.410216 -0.492518 -0.596836 -0.668480 -0.876762 -0.975195 0.985409 0.968329 0.939901 0.740110 0.610537 0.544121 0.291868 0.143238 0.038071 -0.291381 -0.416074 -0.483421 -0.601059 -0.674058 -0.796141 -0.961460 
43.416306 785774.687500 50 54 60 0.511925 0.868260 0.761083 0.991879 0.976642 0.934836 0.790837 0.594028 0.533487 0.397827 0.159066 0.052736 -0.259267 -0.416958 -0.522432 -0.624615 -0.795915 -0.920512 -0.977750 0.992319 0.980856 0.938984 0.778470 0.605962 0.529585 0.296447 0.160686 -0.031509 -0.329254 -0.413022 -0.514382 -0.625279 -0.760323 -0.912545 -0.979241 
36.943745 290435.562500 60 44 44 0.590204 0.474470 0.842135 0.986155 0.970658 0.910861 0.747539 0.622189 0.528717 0.391889 0.219478 0.076754 -0.249675 -0.395812 -0.498051 -0.623496 -0.762353 -0.927471 -0.974126 0.989591 0.972340 0.926140 0.743443 0.600796 0.532046 0.408125 0.191775 0.078538 -0.217439 -0.401253 -0.510565 -0.632827 -0.781503 -0.920152 -0.971472 
33.020382 183450.281250 44 40 42 0.888200 0.448973 0.671180 0.987499 0.965796 0.895299 0.815236 0.648796 0.566011 0.377379 0.173317 0.055548 -0.169197 -0.373670 -0.463498 -0.581289 -0.700950 -0.924647 -0.969075 0.984611 0.966666 0.918777 0.728509 0.620349 0.521470 0.333412 0.180376 0.056788 -0.218271 -0.401349 -0.482568 -0.603796 -0.736986 -0.934091 -0.964667 
38.493164 221489.500000 42 40 166 0.621392 0.364629 0.489457 0.972305 0.934848 0.890812 0.819867 0.730625 0.658247 0.498223 0.249664 0.105419 -0.140635 -0.366687 -0.454692 -0.580455 -0.723538 -0.909014 -0.966601 0.978881 0.934337 0.890786 0.834010 0.733647 0.678807 0.494895 0.234187 0.079270 -0.144976 -0.363990 -0.438765 -0.570044 -0.693323 -0.915662 -0.973116 
39.171844 687298.750000 50 44 46 0.480741 0.376352 0.623235 0.986758 0.967601 0.887756 0.822686 0.739722 0.567151 0.405610 0.204756 0.050288 -0.207368 -0.387120 -0.486107 -0.641386 -0.826957 -0.907806 -0.980916 0.974752 0.948593 0.856475 0.811870 0.701435 0.585551 0.415818 0.245900 0.081132 -0.151065 -0.372248 -0.462536 -0.625751 -0.768917 -0.888914 -0.974284 
50.838108 315808.375000 44 54 52 0.572383 0.901000 0.964321 0.987788 0.975036 0.950387 0.876238 0.812875 0.649797 0.566034 0.381132 0.117234 -0.027703 -0.374681 -0.455422 -0.570593 -0.786627 -0.904032 -0.973597 0.988268 0.974742 0.934856 0.863116 0.791306 0.652896 0.512410 0.274143 0.096576 -0.156857 -0.388026 -0.459320 -0.598581 -0.822740 -0.902321 -0.975884 
57.108955 1662486.875000 52 52 50 0.955421 0.946567 0.947538 0.982227 0.969874 0.950112 0.822505 0.776148 0.675086 0.522835 0.441668 0.235466 0.051618 -0.191760 -0.483768 -0.613983 -0.794531 -0.906646 -0.977174 0.986572 0.972668 0.953975 0.860769 0.808318 0.696494 0.554157 0.510885 0.187090 0.035143 -0.286499 -0.472184 -0.618667 -0.799529 -0.907313 -0.976074 
63.098381 13415982.000000 50 48 48 0.972254 0.962467 0.994399 0.973177 0.965215 0.941240 0.752477 0.680861 0.617532 0.477364 0.334662 0.220530 0.044983 -0.087936 -0.397045 -0.577130 -0.633195 -0.872374 -0.970082 0.977941 0.967266 0.948432 0.793490 0.717561 0.681998 0.487202 0.380052 0.269282 0.070353 -0.039955 -0.467223 -0.567577 -0.730390 -0.899102 -0.972929 
65.101105 46829656.000000 48 48 46 0.985090 0.992455 0.973969 0.973128 0.963778 0.945641 0.781488 0.583982 0.464193 0.362843 0.251839 0.095081 -0.062687 -0.215759 -0.359060 -0.549583 -0.634483 -0.728386 -0.956799 0.972317 0.964300 0.942595 0.759344 0.629759 0.561566 0.383417 0.291650 0.116507 -0.017234 -0.169597 -0.377717 -0.559242 -0.630256 -0.828866 -0.968198 
63.388618 59065184.000000 46 46 44 0.973911 0.942779 0.947700 0.979085 0.961716 0.946579 0.779739 0.524543 0.420823 0.360177 0.165670 0.053749 -0.189228 -0.280024 -0.455967 -0.599505 -0.670607 -0.706679 -0.973521 0.974837 0.963093 0.947852 0.790228 0.517626 0.447562 0.371879 0.209253 0.068423 -0.133748 -0.264208 -0.424246 -0.575823 -0.652528 -0.712891 -0.962779 
57.697281 50186512.000000 44 42 42 0.969727 0.808569 0.969788 0.987970 0.975795 0.915366 0.751622 0.452063 0.366641 0.300472 0.119513 0.004514 -0.232394 -0.333620 -0.459535 -0.561087 -0.685819 -0.728917 -0.985850 0.985618 0.965275 0.939137 0.787195 0.473196 0.391782 0.332948 0.135087 -0.016116 -0.200738 -0.312062 -0.456132 -0.580560 -0.681569 -0.723403 -0.977205 
56.676945 15033236.000000 42 42 42 0.969947 0.959538 0.964841 0.988650 0.981483 0.940282 0.820361 0.437293 0.336117 0.268834 0.117528 0.034279 -0.158603 -0.361600 -0.430617 -0.569814 -0.638262 -0.779919 -0.984172 0.987803 0.978614 0.926557 0.787874 0.454653 0.341885 0.278778 0.142761 0.014000 -0.191767 -0.348873 -0.428372 -0.539783 -0.662857 -0.733440 -0.989133 
53.635670 5461773.000000 42 42 44 0.972581 0.920914 0.905155 0.989270 0.982963 0.936638 0.766920 0.525893 0.380032 0.235697 0.158886 0.012174 -0.125526 -0.311868 -0.420367 -0.559889 -0.608542 -0.876673 -0.974048 0.988989 0.983117 0.942584 0.799992 0.486485 0.341192 0.225259 0.137665 0.037231 -0.120721 -0.374377 -0.451747 -0.571172 -0.628590 -0.841104 -0.975886 
50.007568 1382766.500000 44 44 42 0.951844 0.852485 0.919119 0.989149 0.984984 0.952958 0.769964 0.554079 0.430225 0.239472 0.155071 0.043530 -0.068389 -0.322483 -0.411400 -0.531979 -0.632563 -0.843252 -0.960973 0.989672 0.983919 0.940773 0.770964 0.550940 0.417547 0.248303 0.158772 0.049449 -0.070919 -0.297642 -0.416632 -0.535170 -0.608074 -0.868756 -0.968565 
45.920097 450051.718750 44 42 46 0.829304 0.595873 0.658203 0.988317 0.979387 0.950282 0.806124 0.564244 0.461706 0.313561 0.194347 0.065132 -0.053843 -0.299075 -0.404178 -0.555495 -0.653593 -0.823242 -0.956517 0.988934 0.984215 0.955976 0.794614 0.562207 0.469971 0.296418 0.164351 0.051817 -0.033618 -0.331238 -0.428644 -0.571700 -0.663765 -0.850127 -0.957231 
38.692226 155484.812500 46 50 48 0.690933 0.761864 0.563140 0.990074 0.979967 0.948609 0.787575 0.524185 0.451679 0.329672 0.198066 0.051889 -0.122356 -0.285578 -0.418941 -0.532876 -0.652776 -0.857233 -0.965639 0.990239 0.982755 0.937618 0.748734 0.569655 0.449459 0.348867 0.185633 0.051757 -0.105325 -0.313351 -0.410207 -0.545497 -0.647044 -0.838786 -0.961216 
38.811974 87455.890625 46 46 46 0.630317 0.677504 0.900354 0.991032 0.982370 0.958112 0.822237 0.546537 0.465320 0.334900 0.229316 0.122057 -0.076530 -0.274396 -0.374977 -0.558787 -0.733535 -0.897192 -0.968909 0.988616 0.979771 0.956370 0.832104 0.508918 0.444101 0.300503 0.220394 0.056569 -0.104097 -0.256123 -0.397817 -0.555437 -0.694966 -0.870686 -0.964841 
43.569603 85420.937500 48 60 62 0.687765 0.821496 0.569246 0.993443 0.983576 0.967194 0.923333 0.563150 0.444616 0.372117 0.248752 0.108165 -0.017221 -0.329753 -0.406381 -0.594218 -0.758562 -0.912985 -0.970997 0.992383 0.984576 0.967294 0.861460 0.546467 0.444605 0.359239 0.226662 0.106488 -0.075477 -0.298669 -0.397188 -0.582659 -0.741130 -0.899500 -0.973098 
43.684387 37844.152344 122 64 64 0.757502 0.914207 0.766694 0.994732 0.990315 0.967773 0.925189 0.598873 0.442424 0.368780 0.199250 0.112154 -0.112300 -0.293911 -0.462190 -0.638889 -0.800582 -0.913620 -0.969471 0.994750 0.989430 0.965869 0.910371 0.577371 0.452833 0.360645 0.233775 0.101899 -0.101265 -0.312840 -0.442685 -0.614528 -0.772092 -0.911013 -0.966526 
44.360344 37185.238281 66 64 64 0.773666 0.811607 0.964294 0.994525 0.987809 0.972700 0.931965 0.657461 0.460055 0.377934 0.290720 0.091971 -0.155035 -0.355490 -0.487723 -0.656409 -0.823174 -0.912522 -0.970328 0.994568 0.988833 0.971194 0.927813 0.620052 0.440140 0.378223 0.234328 0.107834 -0.096905 -0.317195 -0.469079 -0.638836 -0.821512 -0.912656 -0.970392 
46.312347 40085.859375 66 64 64 0.949000 0.957321 0.966579 0.994553 0.988296 0.965033 0.945668 0.754264 0.481643 0.397761 0.320076 0.149636 -0.168806 -0.359512 -0.511893 -0.689266 -0.815914 -0.910160 -0.973952 0.994731 0.988345 0.970347 0.936875 0.675211 0.450085 0.392874 0.303265 0.117031 -0.199739 -0.345747 -0.494802 -0.665129 -0.822112 -0.912991 -0.972998 
47.855659 5114185.500000 64 64 62 0.975450 0.697446 0.942815 0.991630 0.979205 0.962369 0.886269 0.341372 0.238876 0.123727 -0.015053 -0.171799 -0.276507 -0.420885 -0.533570 -0.759261 -0.840935 -0.932439 -0.992836 0.993024 0.984582 0.960737 0.942963 0.735046 0.428560 0.320912 0.130826 -0.040757 -0.214553 -0.354636 -0.507356 -0.645362 -0.776237 -0.877677 -0.973230 
53.574684 6600844.500000 62 60 58 0.927273 0.990647 0.989883 0.991527 0.979537 0.969284 0.920495 0.338367 0.206220 0.095134 -0.028343 -0.161940 -0.240866 -0.423378 -0.651550 -0.718013 -0.795281 -0.884986 -0.953140 0.991413 0.979748 0.968995 0.898546 0.321657 0.228828 0.109058 -0.012976 -0.166894 -0.249611 -0.399382 -0.604391 -0.741344 -0.812085 -0.909146 -0.982522 
54.295673 8359874.500000 58 58 56 0.986470 0.993208 0.984772 0.991340 0.979049 0.966975 0.924167 0.351817 0.160546 0.071106 -0.033123 -0.142096 -0.258837 -0.462576 -0.629034 -0.689165 -0.772617 -0.879086 -0.958896 0.991472 0.979473 0.968655 0.929891 0.379703 0.171820 0.065016 -0.035708 -0.149783 -0.257723 -0.472745 -0.625750 -0.694127 -0.781202 -0.899005 -0.966798 
54.269951 11020345.000000 58 56 56 0.976764 0.996135 0.987976 0.992122 0.980385 0.965937 0.919296 0.314746 0.159393 0.045062 -0.034580 -0.147968 -0.320441 -0.501275 -0.629854 -0.700670 -0.773942 -0.889048 -0.952538 0.991956 0.979805 0.967590 0.924775 0.321566 0.159582 0.047577 -0.023635 -0.153144 -0.312585 -0.491035 -0.593481 -0.674634 -0.752917 -0.900211 -0.955119 
55.126434 14479855.000000 56 56 54 0.986690 0.984651 0.977703 0.992796 0.984036 0.964071 0.908741 0.292142 0.133334 0.046778 -0.036338 -0.151032 -0.305031 -0.497759 -0.632017 -0.694748 -0.773031 -0.889640 -0.953383 0.992501 0.981958 0.964991 0.918881 0.309534 0.136349 0.041821 -0.049005 -0.173392 -0.303562 -0.497698 -0.619558 -0.677757 -0.738541 -0.882648 -0.938334 
56.466972 12020285.000000 54 54 52 0.986930 0.978401 0.996778 0.992932 0.988008 0.957463 0.915917 0.352847 0.140716 0.037583 -0.026968 -0.140972 -0.306386 -0.505239 -0.575701 -0.665816 -0.753483 -0.894907 -0.935296 0.992862 0.986415 0.958989 0.913265 0.335098 0.137405 0.040419 -0.026598 -0.133657 -0.308274 -0.514008 -0.616583 -0.679095 -0.772737 -0.898786 -0.950158 
56.764938 7475800.500000 52 52 52 0.997132 0.995468 0.990246 0.992670 0.987976 0.955804 0.907086 0.426530 0.269160 0.143290 0.041960 -0.033585 -0.212820 -0.463120 -0.565997 -0.652453 -0.759666 -0.885646 -0.925949 0.992748 0.988330 0.956845 0.917933 0.371702 0.179512 0.073595 -0.008057 -0.087392 -0.266154 -0.453197 -0.584872 -0.663651 -0.760460 -0.896115 -0.933175 
55.197838 1292380.000000 52 52 56 0.995334 0.942272 0.954373 0.993236 0.987668 0.960976 0.911371 0.631809 0.500177 0.274320 0.074501 -0.024158 -0.189969 -0.465709 -0.602469 -0.661164 -0.751430 -0.870329 -0.923550 0.992842 0.987320 0.959845 0.889396 0.535118 0.391163 0.197725 0.086539 -0.023546 -0.200958 -0.496134 -0.589241 -0.660553 -0.729054 -0.881400 -0.916929 
48.425766 204812.531250 56 58 62 0.943294 0.880454 0.942469 0.994175 0.989036 0.948180 0.918868 0.739337 0.420449 0.151981 0.032985 -0.046870 -0.180167 -0.394959 -0.566356 -0.652580 -0.727347 -0.881771 -0.944085 0.993732 0.988828 0.956013 0.915550 0.725643 0.516374 0.215639 0.044632 -0.029552 -0.157453 -0.367863 -0.600202 -0.655831 -0.764289 -0.883998 -0.951684 
45.708729 97805.937500 62 64 66 0.942581 0.929256 0.812455 0.994871 0.990361 0.960144 0.937034 0.693764 0.427958 0.180065 0.034953 -0.029054 -0.171586 -0.395146 -0.554702 -0.644888 -0.698361 -0.852110 -0.953543 0.994839 0.988867 0.954423 0.934299 0.696619 0.431091 0.159910 0.016305 -0.054627 -0.200776 -0.390028 -0.557759 -0.654081 -0.712811 -0.864071 -0.950134 
41.202255 40915.343750 68 70 72 0.814741 0.902256 0.811568 0.995598 0.984776 0.959899 0.942955 0.697696 0.417011 0.151652 0.056510 -0.033391 -0.128438 -0.461694 -0.585808 -0.650749 -0.709211 -0.877641 -0.972933 0.995632 0.989628 0.959140 0.933375 0.712804 0.412288 0.149030 0.038245 -0.022592 -0.120285 -0.455485 -0.580554 -0.644117 -0.706357 -0.864554 -0.962183 
34.620960 17652.970703 74 74 80 0.806026 0.598647 0.676708 0.995457 0.985044 0.959727 0.910227 0.689989 0.480391 0.243248 0.045301 -0.017141 -0.198401 -0.405159 -0.594570 -0.664727 -0.783750 -0.893033 -0.954018 0.995276 0.982851 0.960456 0.926216 0.667141 0.447972 0.184008 0.040035 -0.037598 -0.162824 -0.453124 -0.585815 -0.644519 -0.740621 -0.876546 -0.967034 
39.672798 401819.093750 80 62 72 0.634854 0.543730 0.583846 0.984670 0.968670 0.917338 0.846143 0.738493 0.689143 0.448763 0.079633 0.005425 -0.165678 -0.278919 -0.534298 -0.768607 -0.874776 -0.902860 -0.924558 0.992410 0.974456 0.909790 0.821198 0.735168 0.677536 0.319605 0.097786 -0.043861 -0.173964 -0.333098 -0.585683 -0.744066 -0.862135 -0.899353 -0.924585 
44.122124 47200.921875 70 76 80 0.607969 0.745862 0.901108 0.989581 0.982286 0.957276 0.926378 0.806343 0.678513 0.482034 0.177189 0.025996 -0.146030 -0.328669 -0.581847 -0.666145 -0.859415 -0.914464 -0.960446 0.990747 0.977124 0.947332 0.889749 0.762123 0.695043 0.487017 0.124051 0.022138 -0.170835 -0.303608 -0.546430 -0.721191 -0.872106 -0.907722 -0.942220 
49.272694 44793.429688 80 82 82 0.915797 0.883979 0.812126 0.989071 0.984826 0.950013 0.930980 0.867050 0.709276 0.471735 0.246598 0.048420 -0.129949 -0.362771 -0.553837 -0.681252 -0.825802 -0.918610 -0.976210 0.989006 0.983434 0.952895 0.926729 0.857794 0.691474 0.490045 0.204589 0.033844 -0.125957 -0.337214 -0.564451 -0.672778 -0.841575 -0.918110 -0.971182 
50.897655 60776.000000 82 84 84 0.845969 0.976280 0.969069 0.988492 0.983319 0.955963 0.933309 0.882854 0.683109 0.444253 0.248253 0.017732 -0.151814 -0.344573 -0.543829 -0.688792 -0.820132 -0.916998 -0.979029 0.988582 0.983722 0.956955 0.937514 0.884099 0.695985 0.453477 0.246704 0.016869 -0.146420 -0.356168 -0.540689 -0.684235 -0.822355 -0.914643 -0.979060 
51.364552 39861.183594 84 84 84 0.968413 0.931134 0.964554 0.988533 0.983082 0.959946 0.940313 0.896671 0.743010 0.396299 0.243517 -0.006517 -0.152938 -0.350431 -0.545403 -0.687426 -0.831298 -0.918817 -0.977061 0.988685 0.982587 0.958667 0.937478 0.892187 0.716626 0.424973 0.255425 0.029588 -0.155152 -0.352513 -0.549382 -0.688832 -0.822221 -0.915599 -0.979067 
51.977978 44184.597656 84 84 84 0.963101 0.966631 0.909111 0.989243 0.984729 0.956907 0.935247 0.907910 0.726303 0.416665 0.229684 0.006658 -0.145266 -0.373250 -0.558459 -0.696333 -0.826477 -0.923873 -0.976605 0.988866 0.984137 0.957935 0.938609 0.898896 0.705600 0.422525 0.224545 -0.000407 -0.156551 -0.339761 -0.548062 -0.692085 -0.826809 -0.919859 -0.976902 
53.012535 47312.265625 84 84 86 0.919566 0.936156 0.844874 0.988823 0.982631 0.964633 0.935923 0.918723 0.729254 0.423579 0.221539 -0.024624 -0.161729 -0.378852 -0.551061 -0.696312 -0.827308 -0.923648 -0.978380 0.988889 0.983797 0.960644 0.934720 0.911969 0.731193 0.435017 0.221969 -0.003769 -0.161843 -0.379043 -0.553461 -0.694095 -0.826191 -0.921924 -0.977429 
53.061493 53748.007812 88 90 88 0.848732 0.844145 0.889575 0.986842 0.980547 0.960786 0.936501 0.918589 0.718887 0.404805 0.231881 0.027788 -0.153195 -0.356282 -0.552636 -0.696399 -0.830831 -0.924851 -0.977745 0.988061 0.981284 0.962631 0.935549 0.914436 0.712612 0.430949 0.243904 -0.004341 -0.154539 -0.365557 -0.552614 -0.696344 -0.830283 -0.924061 -0.977477 
53.762566 85790.078125 88 86 86 0.900232 0.892091 0.966619 0.983829 0.975948 0.951992 0.917453 0.891464 0.833765 0.429212 0.275535 0.043798 -0.118579 -0.330154 -0.551292 -0.690725 -0.816074 -0.917464 -0.978532 0.984855 0.978741 0.952227 0.930261 0.909088 0.787628 0.400898 0.235647 0.049430 -0.122513 -0.339254 -0.543572 -0.693666 -0.824639 -0.923751 -0.978764 
54.098083 195948.250000 86 86 86 0.948875 0.953205 0.918949 0.982060 0.969048 0.946554 0.902096 0.859409 0.796334 0.462399 0.380490 0.189471 -0.075412 -0.291567 -0.521640 -0.686577 -0.803493 -0.907978 -0.976179 0.982899 0.972791 0.949067 0.906317 0.875341 0.799555 0.421349 0.322479 0.062803 -0.107144 -0.319632 -0.534870 -0.688072 -0.812435 -0.910985 -0.978426 
54.656139 754039.687500 86 86 86 0.889033 0.920928 0.760721 0.975874 0.959444 0.942218 0.880352 0.819760 0.616358 0.479418 0.427387 0.206953 -0.092986 -0.180682 -0.618184 -0.713639 -0.764473 -0.823816 -0.963033 0.979084 0.962532 0.940769 0.886302 0.827614 0.690388 0.484975 0.406937 0.297634 -0.039526 -0.255358 -0.491576 -0.701279 -0.782134 -0.894054 -0.976348 
54.132000 366378.312500 86 86 88 0.767907 0.873480 0.435424 0.980345 0.962272 0.950833 0.869020 0.804985 0.711974 0.545996 0.463559 0.072543 -0.106528 -0.325551 -0.645424 -0.719007 -0.768579 -0.851026 -0.969186 0.976614 0.960211 0.947900 0.851296 0.820056 0.699250 0.498977 0.452198 0.035343 -0.100597 -0.259789 -0.662523 -0.711910 -0.770706 -0.813657 -0.955187 
50.001675 187211.937500 90 90 86 0.493531 0.838991 0.764252 0.981920 0.962902 0.945770 0.875942 0.781271 0.717938 0.619358 0.549152 0.191852 -0.087009 -0.281208 -0.557290 -0.725171 -0.791149 -0.869504 -0.973038 0.982171 0.964608 0.946300 0.857318 0.789521 0.689820 0.596846 0.496778 0.197002 -0.072945 -0.279478 -0.609797 -0.725119 -0.783437 -0.850433 -0.967308 
47.967228 102850.789062 86 148 84 0.789031 0.450914 0.412985 0.981030 0.958982 0.943430 0.868555 0.793286 0.727052 0.626062 0.522515 0.195289 -0.061361 -0.299983 -0.515550 -0.707680 -0.798175 -0.894063 -0.977539 0.983086 0.964507 0.945478 0.876869 0.787097 0.724701 0.606400 0.529132 0.178263 -0.080148 -0.293521 -0.531949 -0.726815 -0.795677 -0.887679 -0.974747 
45.826645 58496.886719 148 148 148 0.485685 0.630970 0.642392 0.984054 0.964943 0.941168 0.880614 0.774417 0.719446 0.653884 0.550451 0.155611 -0.091730 -0.340764 -0.528687 -0.709314 -0.804176 -0.889406 -0.974261 0.983991 0.963949 0.943298 0.886794 0.772526 0.720651 0.641422 0.544442 0.204263 -0.066735 -0.329602 -0.522482 -0.707582 -0.802380 -0.889058 -0.976201 
40.908409 42741.824219 148 148 150 0.586733 0.569419 0.577899 0.986715 0.963502 0.925240 0.851667 0.763102 0.703319 0.633099 0.546249 0.079937 -0.094567 -0.333069 -0.533642 -0.720251 -0.804060 -0.900034 -0.973332 0.986387 0.965350 0.942259 0.854093 0.768090 0.718271 0.635221 0.548420 0.108010 -0.113575 -0.336579 -0.534380 -0.708356 -0.801249 -0.894964 -0.976479 
34.592415 20090.109375 150 144 68 0.535256 0.384510 0.477343 0.983075 0.959073 0.932472 0.825841 0.740767 0.660050 0.593396 0.375961 0.067211 -0.101260 -0.383778 -0.538062 -0.714167 -0.804563 -0.918619 -0.981549 0.982071 0.962813 0.924524 0.823153 0.753052 0.673283 0.616769 0.524372 0.089334 -0.085181 -0.317821 -0.540063 -0.727339 -0.810500 -0.896818 -0.975697 
28.144096 13896.605469 62 68 62 0.466168 0.608176 0.576772 0.983376 0.956123 0.896018 0.766528 0.716838 0.651453 0.599270 0.342406 0.031122 -0.138419 -0.352301 -0.523544 -0.729916 -0.819473 -0.911082 -0.965848 0.982176 0.957990 0.923364 0.786556 0.722121 0.660742 0.598714 0.393954 0.017434 -0.110591 -0.376099 -0.523150 -0.708168 -0.807743 -0.920117 -0.972401 
24.440208 7938.983887 150 84 48 0.470611 0.541446 0.458342 0.982290 0.958716 0.863586 0.772907 0.730032 0.668083 0.559866 0.258266 0.018421 -0.227241 -0.377082 -0.539901 -0.707498 -0.850721 -0.914005 -0.966214 0.986216 0.958360 0.862975 0.764467 0.725496 0.657107 0.581527 0.289423 0.055227 -0.178396 -0.353367 -0.544805 -0.718986 -0.834361 -0.905500 -0.965318 
17.639509 4535.157715 46 92 36 0.384344 0.590584 0.461087 0.984844 0.960235 0.903506 0.785230 0.713649 0.631318 0.409234 0.201458 -0.073647 -0.241969 -0.406651 -0.562515 -0.714825 -0.834723 -0.937024 -0.984637 0.980276 0.956776 0.895236 0.790671 0.729632 0.642304 0.475190 0.216882 -0.043670 -0.237790 -0.398543 -0.565617 -0.704611 -0.847776 -0.929364 -0.981421 
16.524162 3719.519043 146 86 86 0.419560 0.624123 0.624279 0.986665 0.964756 0.916478 0.822088 0.727569 0.589811 0.379426 0.160549 -0.045252 -0.221265 -0.457169 -0.568809 -0.703449 -0.849764 -0.917536 -0.976593 0.984627 0.966346 0.905164 0.792682 0.709991 0.609728 0.346769 0.199864 -0.065060 -0.267381 -0.459342 -0.575172 -0.706215 -0.847826 -0.933820 -0.980292 
17.443340 5744.677734 86 88 84 0.527944 0.450469 0.557329 0.981823 0.964085 0.931957 0.810851 0.695392 0.468361 0.309064 0.091529 -0.231588 -0.326569 -0.386493 -0.490165 -0.753595 -0.825887 -0.893383 -0.975584 0.985134 0.963668 0.928098 0.822870 0.701675 0.542083 0.340822 0.112179 -0.106029 -0.308406 -0.391068 -0.533818 -0.723536 -0.837318 -0.912836 -0.980327 
13.291842 813.211975 84 72 80 0.522978 0.486136 0.785327 0.989094 0.963338 0.905633 0.793647 0.638880 0.520570 0.336573 0.044535 -0.131276 -0.297242 -0.366599 -0.558757 -0.714685 -0.790992 -0.922333 -0.973251 0.986063 0.964307 0.930228 0.806195 0.671966 0.450440 0.323715 0.022974 -0.239209 -0.314350 -0.380574 -0.519484 -0.723828 -0.813104 -0.892829 -0.969400 
